"[[1.0, 0.907252247533657, 0.8612659385861865, 0.8648921556740629, 0.8408561822494729, 0.9547014098924683, 0.8864811828354134, 0.8626084757284477, 0.8364925752067149, 0.8265637642722723, 0.9136326547767346, 0.8112075017741658, 0.8384088509052214, 0.8148581629317155, 0.09948447745477051, 0.8339920009727227, 0.5801173080721295, 0.8194048037068129, 0.8187585886457031, 0.9187071323155264, 0.8187585886457031, 0.5843291415709844, 0.5067159596700858, 0.5816285674758045, 0.9882899053734755, 0.5727402041494841, 0.5071094896265899, 0.5271032401750609, 0.7193530743404701, 0.7368175531625357, 0.7960274243067312, 0.962348226109708, 0.9635199609462674, 0.8575888128145975, 0.8499365540143853, 0.9776977910790114, 0.8603056205113111, 0.8589842993024124, 0.9290359869499313, 0.8575382047860995, 0.8260572772507225, 0.9441905731662117, 0.8591980629954558, 0.8613257614653235, 0.2674370208458561, 0.2509884624044312, 0.8603272512311756, 0.03675254570248776, 0.9477427382278888, 0.2675104147371452, 0.9192676416645306, 0.8901027657792798, 0.2674370208458561, 0.6933964874744527, 0.41232256331095996, 0.8711081471338447, 0.688854456842961, 0.4512292893359646, 0.9632010238817236, 0.7183617134765989], [0.907252247533657, 1.0, 0.5851513893900234, 0.6738269439540027, 0.6206530884685602, 0.9773106322039827, 0.7363039152024848, 0.6932626170747878, 0.6209393118011826, 0.5982556693793799, 0.9997925842536318, 0.8396105901827429, 0.6227051254680562, 0.6177023262396455, 0.05335704911889483, 0.6213868236675332, 0.3296084074552684, 0.6249330690845735, 0.6249349070918832, 0.9926140993864606, 0.6249349070918832, 0.361136392248375, 0.780676861382518, 0.27116856016753266, 0.8605498787207214, 0.8278389847386021, 0.7806239554552867, 0.7591419772842856, 0.8521782349848819, 0.9183279169858419, 0.6254589971425618, 0.9527884200121043, 0.9614078065392168, 0.6101876597312363, 0.6176455034952283, 0.9717287560599879, 0.5778015199268093, 0.6601286422467819, 0.6899159242404078, 0.609618537263578, 0.6246803730632302, 0.989615126899684, 0.6070643459090687, 0.5934881239450276, 0.0, 0.0, 0.6044154952195295, 0.0, 0.962533407470412, 0.0, 0.9971371914173854, 0.682453952053514, 0.0, 0.39016875885243185, 0.11401281907279281, 0.992722436616444, 0.3653024393694677, 0.2883541767242468, 0.950125238397963, 0.3883860222923037], [0.8612659385861865, 0.5851513893900234, 1.0, 0.953610000638675, 0.9648056514553939, 0.7230906193710065, 0.917972148721041, 0.9287384151974492, 0.9587207616016004, 0.9471382433869359, 0.5999173939129832, 0.554676143542529, 0.9625351056498515, 0.9297891324281475, 0.09207222140347993, 0.955331824411702, 0.6736628868261417, 0.9371857481494116, 0.9363397415468577, 0.6157424916405746, 0.9363397415468577, 0.5542728536957637, 0.0, 0.6772999934173476, 0.916333834396207, 0.07779129420093112, 0.0003289187533171978, 0.04078297853647017, 0.2977075634383253, 0.30654234090763444, 0.6818603305335637, 0.7794762229905653, 0.7668739781297654, 0.9894546652925098, 0.9787131841602708, 0.7599477307938469, 0.9991632199800939, 0.9576396015951073, 0.9773808811002836, 0.99039506199077, 0.9459454999165728, 0.684147367922058, 0.9928855994720247, 0.9988371901044525, 0.349956649749503, 0.3186849212457812, 0.9941485449060138, 0.028252994461955172, 0.7170282350639521, 0.35001277813044407, 0.5976620371891372, 0.9748587805629528, 0.349956649749503, 0.777936501219259, 0.5149087198915532, 0.5062163500713012, 0.8109034252076699, 0.35808847283816636, 0.7838480837612934, 0.8560845267258986], [0.8648921556740629, 0.6738269439540027, 0.953610000638675, 1.0, 0.9948462061919735, 0.8093451696154801, 0.9827618811608104, 0.9907846470739443, 0.9941096581222316, 0.9609436398849798, 0.6886860050009465, 0.5924133554729316, 0.997536380476822, 0.9845008602945671, 0.06886374546885177, 0.9941222875867587, 0.5526787298794886, 0.9961707618339473, 0.9960282283628161, 0.7007996512113621, 0.9960282283628161, 0.3160929908760961, 0.06580717085711185, 0.43390137748913293, 0.9299106431911986, 0.14533560225073439, 0.06580271115097114, 0.06995986252847797, 0.2814937506202253, 0.3797969824886246, 0.5174116009743386, 0.8656268228696102, 0.8508547898731393, 0.9851980637550061, 0.9935441655827013, 0.8173327648583425, 0.9411941185498641, 0.9997846455757072, 0.9134401476941345, 0.9848139557643188, 0.9973341704241855, 0.7726886289164673, 0.9817687864504568, 0.9646939694652152, 0.05997653347946097, 0.052238053202367296, 0.9782515470954292, 0.0, 0.7928621691146187, 0.05997641211889515, 0.6645648675511828, 0.9956379026072749, 0.05997653347946097, 0.5662131970832326, 0.24068485533339257, 0.5848673781000594, 0.6045301973136502, 0.11048936611515336, 0.869042237880408, 0.6660012811436127], [0.8408561822494729, 0.6206530884685602, 0.9648056514553939, 0.9948462061919735, 1.0, 0.7690919953698956, 0.9794033087028097, 0.9897110014487137, 0.9996777040996631, 0.9805172061356069, 0.6363149607253603, 0.588729442026879, 0.9975448400414709, 0.9921708381832214, 0.1369203324613717, 0.9993601009078894, 0.6164059023645396, 0.9933736224742892, 0.993148376615337, 0.6575590791728786, 0.993148376615337, 0.3295680136880318, 0.0, 0.471261492876929, 0.9095897116536485, 0.07983952027167684, 0.0008070702475641012, 0.02398638593123259, 0.2302713589695028, 0.3340597802408979, 0.5294114266216439, 0.8267677971186421, 0.811022020325882, 0.9926797406646589, 0.9958910286126181, 0.7774379124932225, 0.9532866161296315, 0.9961650318634174, 0.9141155339636233, 0.9895080020626335, 0.9954286454363347, 0.7256552484838058, 0.9878735489303742, 0.9726399249849389, 0.09407659634621557, 0.11599942368708471, 0.9875193658563258, 0.06932457029244576, 0.7629013993162937, 0.09421586612000477, 0.6134423508133767, 0.9922895356587705, 0.09407659634621557, 0.5887850758946627, 0.2736872207979546, 0.5285757015591507, 0.6297396034991366, 0.11976163014437147, 0.832462216227292, 0.6909264534008761], [0.9547014098924683, 0.9773106322039827, 0.7230906193710065, 0.8093451696154801, 0.7690919953698956, 1.0, 0.8627973203460041, 0.8294983758127563, 0.7702990730273265, 0.7518569592806355, 0.9812784482175531, 0.8558069832919044, 0.7678692401536121, 0.7699130467608841, 0.11530503027512329, 0.7709057087996795, 0.445258477618361, 0.7706165587510531, 0.770618825231958, 0.9851096276124289, 0.770618825231958, 0.35762421089892027, 0.6349925978035319, 0.3276633666119315, 0.9346064344353517, 0.6942008983296268, 0.6355798455656727, 0.6288979954748039, 0.7463027497851747, 0.8433058742585826, 0.6393177154939765, 0.993347189385114, 0.996119926221261, 0.7548449707499696, 0.7616301264530148, 0.9931584106577754, 0.712991071561849, 0.7982864867478304, 0.7916102757055061, 0.7517319255085418, 0.7703049546001272, 0.996596287006344, 0.7492193721818092, 0.7318412136584203, 0.0, 0.026599963509814972, 0.7481008580746362, 0.0541389594731817, 0.99069495824154, 0.00010891126407408525, 0.9712412456677008, 0.8134369304875971, 0.0, 0.4520775281622428, 0.14059132190921353, 0.9463232067694648, 0.4428004369871441, 0.24285704732897095, 0.9936475025403515, 0.47892600787525375], [0.8864811828354134, 0.7363039152024848, 0.917972148721041, 0.9827618811608104, 0.9794033087028097, 0.8627973203460041, 1.0, 0.997410952129162, 0.9821499823488629, 0.9723813681496407, 0.7496085537027776, 0.7164013094783955, 0.9725030169278674, 0.9868022955820056, 0.21422576434358742, 0.9829964247297985, 0.6192607556389825, 0.975982483853693, 0.9759853543417952, 0.7760456121848067, 0.9759853543417952, 0.28101318744179293, 0.16188080461364418, 0.3975215381564643, 0.9355942053310676, 0.23892970420476933, 0.16356680707308613, 0.18816694195308792, 0.34821649769107976, 0.49476682952562734, 0.5437566505612409, 0.9021730018749876, 0.8901648410155321, 0.9594460680236027, 0.9646012068546145, 0.8557801317066724, 0.903262243444955, 0.9801903301896108, 0.8866440651744951, 0.9520651788731674, 0.9755878385664276, 0.8236373799376168, 0.9497914434707859, 0.9268736797590521, 0.0, 0.07161795565345219, 0.9514374717874775, 0.14576416983593599, 0.8646158997694643, 0.0002932335631865568, 0.7236395070924969, 0.9751113597872552, 0.0, 0.5152518077404008, 0.17805829112680072, 0.6539061439509924, 0.545787522723391, 0.08661861448302133, 0.9088024564026733, 0.6065576835070633], [0.8626084757284477, 0.6932626170747878, 0.9287384151974492, 0.9907846470739443, 0.9897110014487137, 0.8294983758127563, 0.997410952129162, 1.0, 0.9920176716513368, 0.9768285441065624, 0.7076001037584362, 0.6666031120892002, 0.9848095526066961, 0.9947247368256674, 0.18599627232239324, 0.9928443648848314, 0.6055237313059495, 0.9883330504333216, 0.9883359572460044, 0.7323030073352487, 0.9883359572460044, 0.2666188477493663, 0.0968607899096392, 0.3950705403416114, 0.9215306473105135, 0.17509998963753837, 0.09822233677562187, 0.11898104362047546, 0.29029086919838754, 0.4325236362517586, 0.5132662684815463, 0.8764290345923998, 0.862490356144472, 0.9702471015771928, 0.9768077491083317, 0.8246299980898362, 0.9137904291254685, 0.9893744440506761, 0.8857597439771259, 0.9641130840091183, 0.9879334111087898, 0.7882697287665167, 0.9614564670411424, 0.9386027991665736, 0.0, 0.057738877579571524, 0.9619294701158042, 0.11751605419135258, 0.8276479986156194, 0.00023640687105030977, 0.6799182220677137, 0.9816974003862564, 0.0, 0.515310893237623, 0.180311529085471, 0.6053164481087784, 0.5511261784001612, 0.0646436034481499, 0.8827699132218535, 0.6142333653747947], [0.8364925752067149, 0.6209393118011826, 0.9587207616016004, 0.9941096581222316, 0.9996777040996631, 0.7702990730273265, 0.9821499823488629, 0.9920176716513368, 1.0, 0.9826093172456998, 0.6366084067615441, 0.5959667218543255, 0.996322780739488, 0.9950168489533056, 0.15268995609395541, 0.9999310017963412, 0.618890781760517, 0.9937833943959883, 0.99360638164814, 0.6596460718174632, 0.99360638164814, 0.3111405427251117, 0.0, 0.4556201776674832, 0.9055257293933237, 0.07968420755660865, 0.0009907403229419964, 0.025335925637181456, 0.2242284604118664, 0.3377819065754277, 0.5189668096104901, 0.8271490732914234, 0.8112784465712256, 0.9896271729460291, 0.9933151346576545, 0.7757383196377421, 0.9463815539863024, 0.9952165484560705, 0.9057222239140222, 0.9855789531028476, 0.9953189342851354, 0.725989895112357, 0.9837881702998822, 0.9668459363634291, 0.07418991830813859, 0.10643012048901401, 0.9838243422033235, 0.08510120075253069, 0.7658532781497075, 0.07436096614595478, 0.612252286092046, 0.9897469889370261, 0.07418991830813859, 0.5722200103681775, 0.2542178575180659, 0.5282186894656217, 0.6134622500320559, 0.1011137503787215, 0.8332690890540959, 0.6756313119736785], [0.8265637642722723, 0.5982556693793799, 0.9471382433869359, 0.9609436398849798, 0.9805172061356069, 0.7518569592806355, 0.9723813681496407, 0.9768285441065624, 0.9826093172456998, 1.0, 0.6133523538957593, 0.6743476218530554, 0.964358623712103, 0.985841371745127, 0.3258058740618325, 0.982110639534828, 0.7486446255068574, 0.9576066983536112, 0.9573087734262529, 0.6558422844549121, 0.9573087734262529, 0.34873519425313826, 0.0, 0.5134845249458699, 0.884260702261373, 0.07727955992714364, 0.0030399417771069803, 0.06742675588892744, 0.2322413493495572, 0.3660365454277428, 0.5837099374684118, 0.7969323460662745, 0.7828654444470126, 0.9725514573603974, 0.9650264947428652, 0.7528232891082037, 0.9365388934988432, 0.9625701934903327, 0.8958642561006427, 0.9611310309530479, 0.9604575935064741, 0.6994686314887011, 0.9624117253035738, 0.9479763830026565, 0.1239998022825951, 0.23629645555253131, 0.9701699970281847, 0.2611205877655005, 0.7725300381869151, 0.12452484727021407, 0.5937675738460552, 0.9614964434419078, 0.1239998022825951, 0.5984483654127636, 0.29656966824438835, 0.5105054090694164, 0.634711488674175, 0.1467067816640485, 0.8076409599570226, 0.6920954541569988], [0.9136326547767346, 0.9997925842536318, 0.5999173939129832, 0.6886860050009465, 0.6363149607253603, 0.9812784482175531, 0.7496085537027776, 0.7076001037584362, 0.6366084067615441, 0.6133523538957593, 1.0, 0.8400496049670451, 0.6384187798587883, 0.6332897374779667, 0.05425610839891992, 0.6370672113674531, 0.33792591182001663, 0.640702944525302, 0.6407048289138128, 0.993291771239841, 0.6407048289138128, 0.36152712274392396, 0.7677872896880504, 0.2765445317087807, 0.8696787723129421, 0.816244135928768, 0.7677352572781165, 0.7466079629865424, 0.8433944506346726, 0.9115280397587543, 0.6267636468769745, 0.9587747357562805, 0.9668079848305725, 0.6255854420945969, 0.6332314808398319, 0.9758513577258235, 0.5922999346163307, 0.675222161576595, 0.7014439297370766, 0.6250019581042899, 0.6404438718454363, 0.9923373757153711, 0.6223833130002433, 0.6084645018215808, 0.0, 0.0, 0.6196676198798878, 0.0, 0.9662936904410901, 0.0, 0.9966049921826862, 0.6968796289635487, 0.0, 0.39705810095655436, 0.11688987590394762, 0.9901419930463283, 0.37375874610420445, 0.2844200596002997, 0.9562561859927289, 0.39818675055819863], [0.8112075017741658, 0.8396105901827429, 0.554676143542529, 0.5924133554729316, 0.588729442026879, 0.8558069832919044, 0.7164013094783955, 0.6666031120892002, 0.5959667218543255, 0.6743476218530554, 0.8400496049670451, 1.0, 0.5525665558041092, 0.6233485444002124, 0.5820064230960298, 0.5960286941228775, 0.7083573460254584, 0.5483854644659326, 0.5482055495500818, 0.8955720547420087, 0.5482055495500818, 0.37367653151637537, 0.6366498491158401, 0.3836924366882124, 0.7531228770480769, 0.6788976009656436, 0.6428603228963455, 0.7398601460499289, 0.7258671055386045, 0.8830001772010158, 0.7175027386468059, 0.8091126881238346, 0.8183979903542706, 0.5750097279667624, 0.5532095504148326, 0.8299951281348487, 0.5488477841772379, 0.5820527025268688, 0.6296174056723638, 0.551238787750583, 0.5501182474216967, 0.8352189486703352, 0.5565991917653853, 0.544063341337125, 0.07484640272709964, 0.3291130473025674, 0.5764654733616927, 0.5371644636999768, 0.9164258202680534, 0.07592686422877826, 0.8422575964957622, 0.6057965897624017, 0.07484640272709964, 0.4085934727712791, 0.17360461404997907, 0.8322462714625191, 0.3815438446179732, 0.30661664262653976, 0.8215202307889549, 0.39933685908414585], [0.8384088509052214, 0.6227051254680562, 0.9625351056498515, 0.997536380476822, 0.9975448400414709, 0.7678692401536121, 0.9725030169278674, 0.9848095526066961, 0.996322780739488, 0.964358623712103, 0.6384187798587883, 0.5525665558041092, 1.0, 0.9848999370015785, 0.06798791359932566, 0.9960503981559867, 0.56402697360177, 0.9966337443893932, 0.9964319777971706, 0.6518532261867189, 0.9964319777971706, 0.3213465910683062, 0.0, 0.4533871498280364, 0.9103501728871826, 0.08000720351392587, 0.0, 0.008398208975089916, 0.22795108936377895, 0.3194019250226324, 0.5063108414673408, 0.8295013017788146, 0.8133236650883842, 0.9907533625064272, 0.9976626312608915, 0.7789768972572065, 0.950870890872399, 0.9987530507428151, 0.91272027854112, 0.9905818449942686, 0.9984347489079813, 0.7280544493359944, 0.9879527152832187, 0.9727272852888844, 0.08439972525558892, 0.07351003938359424, 0.9847206573510006, 0.0, 0.7521568445446742, 0.08439955447548841, 0.614732374878393, 0.9940667751038472, 0.08439972525558892, 0.5813238462647795, 0.2647718144641452, 0.5300222312832465, 0.6235187785161446, 0.11078456554041805, 0.8333460288312049, 0.6853860203589209], [0.8148581629317155, 0.6177023262396455, 0.9297891324281475, 0.9845008602945671, 0.9921708381832214, 0.7699130467608841, 0.9868022955820056, 0.9947247368256674, 0.9950168489533056, 0.985841371745127, 0.6332897374779667, 0.6233485444002124, 0.9848999370015785, 1.0, 0.2187733043662058, 0.9958782083060121, 0.6300776702994888, 0.988423758209733, 0.988426665289199, 0.6638026404386078, 0.988426665289199, 0.2407168315290934, 0.0, 0.3958145455734603, 0.8842024737575599, 0.07855732505689483, 0.0017660711543193708, 0.0320037594395286, 0.20028880054428644, 0.3512141320541293, 0.4788792423121695, 0.8228371066360727, 0.8066499739401293, 0.9718581353406012, 0.9768973991092745, 0.7640729209290453, 0.9144627439123382, 0.9848149088300782, 0.8683582493193349, 0.9642015689120783, 0.9880240822068828, 0.7222052759657874, 0.9619468264014003, 0.9386889427725258, 0.0, 0.07453412927151015, 0.9637755894407678, 0.15169946389250644, 0.7731330021633053, 0.0003051735853931703, 0.603606047297651, 0.9734774931069755, 0.0, 0.5069987637184131, 0.18032807781654658, 0.5232403354533802, 0.5489120218371824, 0.03132701647673619, 0.8307262577457936, 0.6142897388237515], [0.09948447745477051, 0.05335704911889483, 0.09207222140347993, 0.06886374546885177, 0.1369203324613717, 0.11530503027512329, 0.21422576434358742, 0.18599627232239324, 0.15268995609395541, 0.3258058740618325, 0.05425610839891992, 0.5820064230960298, 0.06798791359932566, 0.2187733043662058, 1.0, 0.15374858253537105, 0.7511490388364658, 0.06823116394673545, 0.06823136462323065, 0.1679192758414607, 0.06823136462323065, 0.020290867648205757, 0.013727687007842104, 0.1743278632687869, 0.06633861081245229, 0.0191064558877877, 0.025340433630045123, 0.2238056060106386, 0.026584224254006417, 0.2605683595448829, 0.2876302222950369, 0.06440674047373096, 0.06771767821920294, 0.11105139797937846, 0.06743549620710443, 0.061336610623803245, 0.08720882914881667, 0.06864105722821323, 0.06242054616525783, 0.06655909955594153, 0.06820357420230694, 0.05922646905322604, 0.07801895785850821, 0.06479795595494953, 0.0, 0.4901361398133597, 0.11730614042243892, 0.9975750756164001, 0.24772496916202902, 0.0020068202926574186, 0.05249035722786766, 0.06837705453510112, 0.0, 0.048610726139465044, 0.012448096820321108, 0.04775854432245796, 0.03821249057026321, 0.0068847447923319205, 0.09138001823040942, 0.04240458966344174], [0.8339920009727227, 0.6213868236675332, 0.955331824411702, 0.9941222875867587, 0.9993601009078894, 0.7709057087996795, 0.9829964247297985, 0.9928443648848314, 0.9999310017963412, 0.982110639534828, 0.6370672113674531, 0.5960286941228775, 0.9960503981559867, 0.9958782083060121, 0.15374858253537105, 1.0, 0.6146681402852937, 0.9944711541951683, 0.9943224752144814, 0.6602292080830677, 0.9943224752144814, 0.30042499744675344, 0.0, 0.4453769903943322, 0.9035384374959227, 0.07962850674709299, 0.0010025245059077648, 0.024387095664198166, 0.2207694105497373, 0.33824083771014135, 0.5109529205093105, 0.8277452008332038, 0.8117594279241576, 0.9879029168966008, 0.9922438810461953, 0.7750855521611777, 0.9425362906501792, 0.9951048277266189, 0.9011846896649736, 0.9837071049506085, 0.99570136547953, 0.7265131170870957, 0.981725526194716, 0.9638670709917554, 0.06250835051733261, 0.09675310061568343, 0.981661600011893, 0.0861134217120032, 0.7663709417606686, 0.06268145827581684, 0.6118262408273698, 0.9886937769144296, 0.06250835051733261, 0.56261460666055, 0.24286298431541042, 0.5282456360511741, 0.6041490926531741, 0.0901740299715661, 0.8338951723303885, 0.666924682397439], [0.5801173080721295, 0.3296084074552684, 0.6736628868261417, 0.5526787298794886, 0.6164059023645396, 0.445258477618361, 0.6192607556389825, 0.6055237313059495, 0.618890781760517, 0.7486446255068574, 0.33792591182001663, 0.7083573460254584, 0.56402697360177, 0.6300776702994888, 0.7511490388364658, 0.6146681402852937, 1.0, 0.5285326154054497, 0.5274283828840539, 0.42625631302381595, 0.5274283828840539, 0.5534814116101732, 0.0, 0.7217257949402074, 0.5743799020271488, 0.04631381553163694, 0.008346087222535381, 0.19661066188896503, 0.24754493159948132, 0.3315294897645449, 0.7508020786262115, 0.4390691386326362, 0.4372488897574327, 0.6432583055961676, 0.590710413643044, 0.4547950285832174, 0.680250718323893, 0.5577085713400249, 0.6650132149071271, 0.6148240537526781, 0.5402250102076992, 0.38537159527309806, 0.6289017557825829, 0.6436958550171068, 0.45593118676296496, 0.7493374927197816, 0.660463192159255, 0.7169003095725558, 0.5404740424560692, 0.457372451485203, 0.35578289035069943, 0.5880846731783261, 0.45593118676296496, 0.668180113730942, 0.5445031061782588, 0.2929467222989448, 0.6719150722539587, 0.4445789430539826, 0.46036330255253843, 0.6849767655752967], [0.8194048037068129, 0.6249330690845735, 0.9371857481494116, 0.9961707618339473, 0.9933736224742892, 0.7706165587510531, 0.975982483853693, 0.9883330504333216, 0.9937833943959883, 0.9576066983536112, 0.640702944525302, 0.5483854644659326, 0.9966337443893932, 0.988423758209733, 0.06823116394673545, 0.9944711541951683, 0.5285326154054497, 1.0, 0.999997058881991, 0.6541854572456768, 0.999997058881991, 0.24579560360474195, 0.0, 0.3799016278831042, 0.8950984331813745, 0.07950028778022422, 0.0, 0.0002413329090472649, 0.20338165072396575, 0.32054469621698, 0.4476350845958329, 0.8324691304582426, 0.8154788741211297, 0.9769115924516927, 0.9887021879455026, 0.7732675156965733, 0.9223687040231853, 0.9965143514406369, 0.8795958371165694, 0.9760220520175348, 0.9996589777342693, 0.7306593167066553, 0.9719764106340365, 0.9504367801121463, 0.002425330362597178, 0.0021124017872432566, 0.9677663102647731, 0.0, 0.7533532854459539, 0.0024253254550200554, 0.610851028804431, 0.9852379887601643, 0.002425330362597178, 0.5130836597918204, 0.18482360100474104, 0.5294384278093816, 0.5573536800365418, 0.03396974634251182, 0.8363276133554834, 0.6233806064559118], [0.8187585886457031, 0.6249349070918832, 0.9363397415468577, 0.9960282283628161, 0.993148376615337, 0.770618825231958, 0.9759853543417952, 0.9883359572460044, 0.99360638164814, 0.9573087734262529, 0.6407048289138128, 0.5482055495500818, 0.9964319777971706, 0.988426665289199, 0.06823136462323065, 0.9943224752144814, 0.5274283828840539, 0.999997058881991, 1.0, 0.6541873812879652, 1.0, 0.2435353476210228, 0.0, 0.37768872599119785, 0.8945554635546537, 0.07947714060699695, 0.0, 0.0, 0.2026339510839532, 0.3205456389795316, 0.4458533615093041, 0.8324715788553951, 0.8154590244125378, 0.9764019465174818, 0.9883357394283255, 0.7730193324008402, 0.9214309451324332, 0.9963459540439815, 0.8785257215468445, 0.9754912557220087, 0.9995927031347354, 0.7306614656682505, 0.9714041238855186, 0.9496799061950432, 0.0, 0.0, 0.96716552133751, 0.0, 0.753311441625889, 0.0, 0.6106735770033529, 0.984875790276409, 0.0, 0.5110122781051961, 0.1824395113458268, 0.5293668754882163, 0.555339147671192, 0.03169381965992424, 0.8363300731009229, 0.6214823622185662], [0.9187071323155264, 0.9926140993864606, 0.6157424916405746, 0.7007996512113621, 0.6575590791728786, 0.9851096276124289, 0.7760456121848067, 0.7323030073352487, 0.6596460718174632, 0.6558422844549121, 0.993291771239841, 0.8955720547420087, 0.6518532261867189, 0.6638026404386078, 0.1679192758414607, 0.6602292080830677, 0.42625631302381595, 0.6541854572456768, 0.6541873812879652, 1.0, 0.6541873812879652, 0.3594609422434192, 0.7477992469339207, 0.2975382787053512, 0.8740199344358156, 0.797391808053505, 0.7490675081735473, 0.7510723686644739, 0.8275499928685327, 0.9231407360631103, 0.6524128687757745, 0.9589238475640091, 0.9667042274531418, 0.6437956655388529, 0.646556769209921, 0.9737626969420274, 0.6074329312169842, 0.6876958994769506, 0.7096813087030427, 0.6381540700500896, 0.6539209328182709, 0.9885419221284855, 0.6368134609181758, 0.6212686108955356, 0.0, 0.055663654994370204, 0.6385352216874437, 0.11329234947098377, 0.9851736006235605, 0.0002279100505601095, 0.9890793375289617, 0.7084435857678216, 0.0, 0.4035540384925467, 0.11934962617078249, 0.9803322011553667, 0.38077883028079196, 0.2779716205831966, 0.9596307738023564, 0.4065659190564225], [0.8187585886457031, 0.6249349070918832, 0.9363397415468577, 0.9960282283628161, 0.993148376615337, 0.770618825231958, 0.9759853543417952, 0.9883359572460044, 0.99360638164814, 0.9573087734262529, 0.6407048289138128, 0.5482055495500818, 0.9964319777971706, 0.988426665289199, 0.06823136462323065, 0.9943224752144814, 0.5274283828840539, 0.999997058881991, 1.0, 0.6541873812879652, 1.0, 0.2435353476210228, 0.0, 0.37768872599119785, 0.8945554635546537, 0.07947714060699695, 0.0, 0.0, 0.2026339510839532, 0.3205456389795316, 0.4458533615093041, 0.8324715788553951, 0.8154590244125378, 0.9764019465174818, 0.9883357394283255, 0.7730193324008402, 0.9214309451324332, 0.9963459540439815, 0.8785257215468445, 0.9754912557220087, 0.9995927031347354, 0.7306614656682505, 0.9714041238855186, 0.9496799061950432, 0.0, 0.0, 0.96716552133751, 0.0, 0.753311441625889, 0.0, 0.6106735770033529, 0.984875790276409, 0.0, 0.5110122781051961, 0.1824395113458268, 0.5293668754882163, 0.555339147671192, 0.03169381965992424, 0.8363300731009229, 0.6214823622185662], [0.5843291415709844, 0.361136392248375, 0.5542728536957637, 0.3160929908760961, 0.3295680136880318, 0.35762421089892027, 0.28101318744179293, 0.2666188477493663, 0.3111405427251117, 0.34873519425313826, 0.36152712274392396, 0.37367653151637537, 0.3213465910683062, 0.2407168315290934, 0.020290867648205757, 0.30042499744675344, 0.5534814116101732, 0.24579560360474195, 0.2435353476210228, 0.3594609422434192, 0.2435353476210228, 1.0, 0.2676429426116467, 0.9550347582000711, 0.5309386352449142, 0.29512632888095935, 0.26762480463581295, 0.3530220139023217, 0.585715433745256, 0.3242220069722104, 0.9128373698749347, 0.3510285780694724, 0.36203693747768284, 0.4347865832622031, 0.3826650840317747, 0.45204982078111544, 0.5865667371296952, 0.3213478121903257, 0.6745727873166576, 0.4426934064869017, 0.27004038276221676, 0.36067242001048117, 0.4576412550924035, 0.523276495031958, 0.9322326907641064, 0.8119512427939511, 0.4675596957158722, 0.0, 0.368986467203436, 0.9322308044215603, 0.42863539053123123, 0.40314481445310824, 0.9322326907641064, 0.9454907637332847, 0.9610175731013036, 0.3839438341745103, 0.9164626330647169, 0.9746276485868307, 0.3502285479077387, 0.8816902597249536], [0.5067159596700858, 0.780676861382518, 0.0, 0.06580717085711185, 0.0, 0.6349925978035319, 0.16188080461364418, 0.0968607899096392, 0.0, 0.0, 0.7677872896880504, 0.6366498491158401, 0.0, 0.0, 0.013727687007842104, 0.0, 0.0, 0.0, 0.0, 0.7477992469339207, 0.0, 0.2676429426116467, 1.0, 0.04500926442003883, 0.3862173430908469, 0.9967900725011366, 0.9999322306964016, 0.9724151115993167, 0.9293796722829549, 0.9197246561143418, 0.44426789783026577, 0.554067748924268, 0.5787272804276905, 0.0, 0.0, 0.6259209354821818, 0.0025198106107595653, 0.04800613144670807, 0.18047740497673725, 0.0, 0.0, 0.682739937741688, 0.0, 0.0, 0.0, 0.0, 0.0, 0.0, 0.6299184925448038, 0.0, 0.7884260271520203, 0.0857854188754632, 0.0, 0.09071531617644457, 0.0, 0.8478573276701413, 0.023379225922955604, 0.34399329064794903, 0.5475676339496829, 0.0], [0.5816285674758045, 0.27116856016753266, 0.6772999934173476, 0.43390137748913293, 0.471261492876929, 0.3276633666119315, 0.3975215381564643, 0.3950705403416114, 0.4556201776674832, 0.5134845249458699, 0.2765445317087807, 0.3836924366882124, 0.4533871498280364, 0.3958145455734603, 0.1743278632687869, 0.4453769903943322, 0.7217257949402074, 0.3799016278831042, 0.37768872599119785, 0.2975382787053512, 0.37768872599119785, 0.9550347582000711, 0.04500926442003883, 1.0, 0.5606055968051618, 0.08368275885123033, 0.04673270195585133, 0.16588948169772955, 0.40001438661001565, 0.19607035085439617, 0.8968366480805446, 0.3393533118597232, 0.3430261669786865, 0.568287607899101, 0.5123049914843891, 0.4144024259146857, 0.7057237718880705, 0.4429554469608542, 0.7436859610891681, 0.5692984485563767, 0.4035865612527112, 0.30669222048703926, 0.5851119382260911, 0.6446146200391594, 0.9128705734955169, 0.8679509034427266, 0.6001177353342597, 0.14829938779873264, 0.35735314687921127, 0.9131670599889691, 0.3335981397584533, 0.5132558451896514, 0.9128705734955169, 0.9791580652617765, 0.9664552855098865, 0.26561494107089145, 0.9696626161057394, 0.8841248615698388, 0.3445020278048341, 0.9498953904127848], [0.9882899053734755, 0.8605498787207214, 0.916333834396207, 0.9299106431911986, 0.9095897116536485, 0.9346064344353517, 0.9355942053310676, 0.9215306473105135, 0.9055257293933237, 0.884260702261373, 0.8696787723129421, 0.7531228770480769, 0.9103501728871826, 0.8842024737575599, 0.06633861081245229, 0.9035384374959227, 0.5743799020271488, 0.8950984331813745, 0.8945554635546537, 0.8740199344358156, 0.8945554635546537, 0.5309386352449142, 0.3862173430908469, 0.5606055968051618, 1.0, 0.4582430000823339, 0.38619116941046805, 0.3979481940510079, 0.6096173307823914, 0.6419594657273815, 0.7358082521335821, 0.9586825730009196, 0.9550514375828079, 0.920983801559136, 0.9183803512998413, 0.956481082762757, 0.9124766161173712, 0.9257188677238033, 0.9550907413585698, 0.9221306721160865, 0.9006110433871471, 0.9173032108989895, 0.9223218000511825, 0.9200035700506592, 0.2249592996974472, 0.19593389587924115, 0.9211726722130865, 0.0, 0.9212510015779578, 0.2249588444996169, 0.8674111618937093, 0.948021899596642, 0.2249592996974472, 0.684433172187932, 0.3843860872151019, 0.8077864168773182, 0.6928187352669098, 0.372318198384623, 0.9596237529740814, 0.7321898916520395], [0.5727402041494841, 0.8278389847386021, 0.07779129420093112, 0.14533560225073439, 0.07983952027167684, 0.6942008983296268, 0.23892970420476933, 0.17509998963753837, 0.07968420755660865, 0.07727955992714364, 0.816244135928768, 0.6788976009656436, 0.08000720351392587, 0.07855732505689483, 0.0191064558877877, 0.07962850674709299, 0.04631381553163694, 0.07950028778022422, 0.07947714060699695, 0.797391808053505, 0.07947714060699695, 0.29512632888095935, 0.9967900725011366, 0.08368275885123033, 0.4582430000823339, 1.0, 0.9967225207320893, 0.970252989794918, 0.9454755548198991, 0.9422484574694336, 0.48536426053324666, 0.6184516923447817, 0.6417683919225222, 0.07963881150556484, 0.08001822763522881, 0.6863446672070814, 0.07948263445867132, 0.12771976354882209, 0.2539846086759383, 0.07965049110495548, 0.07971988660209217, 0.7386192760839887, 0.07949052777132559, 0.07849739994631422, 0.009640305187819997, 0.008396463517866604, 0.07926689786884666, 0.0, 0.687942668369428, 0.009640285680975857, 0.8351423084645696, 0.16523636101024308, 0.009640305187819997, 0.13927731034169943, 0.023978283404228473, 0.8874989304447056, 0.07545488802898137, 0.3544548509556349, 0.6122791043576824, 0.056946127590080664], [0.5071094896265899, 0.7806239554552867, 0.0003289187533171978, 0.06580271115097114, 0.0008070702475641012, 0.6355798455656727, 0.16356680707308613, 0.09822233677562187, 0.0009907403229419964, 0.0030399417771069803, 0.7677352572781165, 0.6428603228963455, 0.0, 0.0017660711543193708, 0.025340433630045123, 0.0010025245059077648, 0.008346087222535381, 0.0, 0.0, 0.7490675081735473, 0.0, 0.26762480463581295, 0.9999322306964016, 0.04673270195585133, 0.38619116941046805, 0.9967225207320893, 1.0, 0.9748052837521758, 0.9293166888697858, 0.9223006270729704, 0.4471682989293251, 0.5540302001387771, 0.5787362958903222, 0.0005185091753439064, 0.0, 0.6258785172562764, 0.0028032696067725738, 0.04800287810461146, 0.1804651741486868, 0.0, 0.0, 0.6826936689315684, 0.00013699339663419963, 0.0, 0.0, 0.005719990236001227, 0.0005988580413545108, 0.011641907683805575, 0.6320660465993341, 2.3420008334329445e-05, 0.7883725960692213, 0.08577960525736716, 0.0, 0.09085502679027468, 0.0, 0.8477998689694943, 0.02337764152909616, 0.34396997846219934, 0.5478432783401446, 0.0], [0.5271032401750609, 0.7591419772842856, 0.04078297853647017, 0.06995986252847797, 0.02398638593123259, 0.6288979954748039, 0.18816694195308792, 0.11898104362047546, 0.025335925637181456, 0.06742675588892744, 0.7466079629865424, 0.7398601460499289, 0.008398208975089916, 0.0320037594395286, 0.2238056060106386, 0.024387095664198166, 0.19661066188896503, 0.0002413329090472649, 0.0, 0.7510723686644739, 0.0, 0.3530220139023217, 0.9724151115993167, 0.16588948169772955, 0.3979481940510079, 0.970252989794918, 0.9748052837521758, 1.0, 0.9344435137248458, 0.9421639607489705, 0.5582712596417336, 0.5387838519037743, 0.5645500302395123, 0.030423437560017863, 0.01515371482603678, 0.6189305867808972, 0.046175143823016795, 0.053711032580647355, 0.21950909947233033, 0.02189493853226465, 0.0028396966535833013, 0.663906632752394, 0.0260792118416453, 0.031167216884524396, 0.09950516959217048, 0.19032098421034038, 0.035617726950785245, 0.2109681775949208, 0.6540402761172265, 0.09992937261509827, 0.7740314696156816, 0.09839796687471924, 0.09950516959217048, 0.17590132071893727, 0.09783518220510168, 0.8274687655612123, 0.10545249042102889, 0.42788361303852085, 0.5381305718139201, 0.07795515138873998], [0.7193530743404701, 0.8521782349848819, 0.2977075634383253, 0.2814937506202253, 0.2302713589695028, 0.7463027497851747, 0.34821649769107976, 0.29029086919838754, 0.2242284604118664, 0.2322413493495572, 0.8433944506346726, 0.7258671055386045, 0.22795108936377895, 0.20028880054428644, 0.026584224254006417, 0.2207694105497373, 0.24754493159948132, 0.20338165072396575, 0.2026339510839532, 0.8275499928685327, 0.2026339510839532, 0.585715433745256, 0.9293796722829549, 0.40001438661001565, 0.6096173307823914, 0.9454755548198991, 0.9293166888697858, 0.9344435137248458, 1.0, 0.9197268288192534, 0.7300636813984541, 0.6836263081063562, 0.7059272973142618, 0.2630510761057686, 0.24725716408658194, 0.7702195134098457, 0.30869489880762924, 0.26830455410070053, 0.4822124478010661, 0.26555679876587157, 0.21135640348203877, 0.7825814392860048, 0.2700052016281118, 0.2890768913193519, 0.30853347730081615, 0.2687249040071772, 0.2727705777742704, 0.0, 0.7436848428198557, 0.3085328529933542, 0.8792929755269325, 0.3257413314944372, 0.30853347730081615, 0.4515552173880901, 0.3403238233844543, 0.9045495118776067, 0.390741166470175, 0.615661865344477, 0.6783670953156806, 0.3676472393455933], [0.7368175531625357, 0.9183279169858419, 0.30654234090763444, 0.3797969824886246, 0.3340597802408979, 0.8433058742585826, 0.49476682952562734, 0.4325236362517586, 0.3377819065754277, 0.3660365454277428, 0.9115280397587543, 0.8830001772010158, 0.3194019250226324, 0.3512141320541293, 0.2605683595448829, 0.33824083771014135, 0.3315294897645449, 0.32054469621698, 0.3205456389795316, 0.9231407360631103, 0.3205456389795316, 0.3242220069722104, 0.9197246561143418, 0.19607035085439617, 0.6419594657273815, 0.9422484574694336, 0.9223006270729704, 0.9421639607489705, 0.9197268288192534, 1.0, 0.6085656654086645, 0.776434904019922, 0.7946005316538794, 0.3230746660639725, 0.3168067111213604, 0.8234628929890749, 0.3031993293672559, 0.36352677321990257, 0.4475971080018257, 0.3126894678843568, 0.32041508174560085, 0.8621431008453515, 0.31404606393400436, 0.30441575235731166, 0.0, 0.11134511602474817, 0.3216780382737452, 0.22662093960302876, 0.8634574584116397, 0.00045589300640402897, 0.9208836086424445, 0.39459660438448274, 0.0, 0.25007514293737443, 0.05848018973946156, 0.9494815324834139, 0.19951399246282053, 0.3265384266214183, 0.77778144324691, 0.19921346091185899], [0.7960274243067312, 0.6254589971425618, 0.6818603305335637, 0.5174116009743386, 0.5294114266216439, 0.6393177154939765, 0.5437566505612409, 0.5132662684815463, 0.5189668096104901, 0.5837099374684118, 0.6267636468769745, 0.7175027386468059, 0.5063108414673408, 0.4788792423121695, 0.2876302222950369, 0.5109529205093105, 0.7508020786262115, 0.4476350845958329, 0.4458533615093041, 0.6524128687757745, 0.4458533615093041, 0.9128373698749347, 0.44426789783026577, 0.8968366480805446, 0.7358082521335821, 0.48536426053324666, 0.4471682989293251, 0.5582712596417336, 0.7300636813984541, 0.6085656654086645, 1.0, 0.6173147658637678, 0.6284719292509472, 0.6018988034841634, 0.5526126552302644, 0.6986489029754989, 0.7031523032764337, 0.5174850459914327, 0.797033097251074, 0.5966919274061206, 0.4666522324539668, 0.6290873074987707, 0.6104047679670684, 0.653690011827004, 0.7351717610834185, 0.7639934325818559, 0.6271372517894763, 0.25172067196365744, 0.6764317047061195, 0.7356766595878387, 0.6768772688165672, 0.5878903683880671, 0.7351717610834185, 0.8996297802492196, 0.8041747009995535, 0.6348568393389037, 0.8691312804350828, 0.8568683990674334, 0.6229096166364465, 0.853044256428177], [0.962348226109708, 0.9527884200121043, 0.7794762229905653, 0.8656268228696102, 0.8267677971186421, 0.993347189385114, 0.9021730018749876, 0.8764290345923998, 0.8271490732914234, 0.7969323460662745, 0.9587747357562805, 0.8091126881238346, 0.8295013017788146, 0.8228371066360727, 0.06440674047373096, 0.8277452008332038, 0.4390691386326362, 0.8324691304582426, 0.8324715788553951, 0.9589238475640091, 0.8324715788553951, 0.3510285780694724, 0.554067748924268, 0.3393533118597232, 0.9586825730009196, 0.6184516923447817, 0.5540302001387771, 0.5387838519037743, 0.6836263081063562, 0.776434904019922, 0.6173147658637678, 1.0, 0.9995005830522197, 0.8128268700148892, 0.8227614134411125, 0.9903192278566554, 0.7684612194934346, 0.8560283386344183, 0.8313444039883312, 0.8120687458105326, 0.8321325157909054, 0.9865390843388775, 0.8086663247176195, 0.7905815309174311, 0.0, 0.0, 0.8051378085623383, 0.0, 0.9761278863502054, 0.0, 0.9452098308706766, 0.8674120380347105, 0.0, 0.47566562899556075, 0.1518757080556672, 0.9104532795825635, 0.4752577321407705, 0.2169797922866159, 0.9996105827248617, 0.5173664033068704], [0.9635199609462674, 0.9614078065392168, 0.7668739781297654, 0.8508547898731393, 0.811022020325882, 0.996119926221261, 0.8901648410155321, 0.862490356144472, 0.8112784465712256, 0.7828654444470126, 0.9668079848305725, 0.8183979903542706, 0.8133236650883842, 0.8066499739401293, 0.06771767821920294, 0.8117594279241576, 0.4372488897574327, 0.8154788741211297, 0.8154590244125378, 0.9667042274531418, 0.8154590244125378, 0.36203693747768284, 0.5787272804276905, 0.3430261669786865, 0.9550514375828079, 0.6417683919225222, 0.5787362958903222, 0.5645500302395123, 0.7059272973142618, 0.7946005316538794, 0.6284719292509472, 0.9995005830522197, 1.0, 0.798338782974024, 0.8073442930242216, 0.9935504024307065, 0.7565054952094036, 0.8409097624545798, 0.824906145746499, 0.7974916048028987, 0.8153886773056811, 0.9909447133782844, 0.7943643529606524, 0.7772983024463643, 0.009173212094035543, 0.010025333233193434, 0.791180075265217, 0.004143256303834719, 0.9797917621156966, 0.009181528514869752, 0.9549408905517195, 0.8541530952417765, 0.009173212094035543, 0.47710108505069515, 0.15779120473773822, 0.9226316789329044, 0.47401216333285157, 0.23353179504089927, 0.9989965391681751, 0.5139799534071192], [0.8575888128145975, 0.6101876597312363, 0.9894546652925098, 0.9851980637550061, 0.9926797406646589, 0.7548449707499696, 0.9594460680236027, 0.9702471015771928, 0.9896271729460291, 0.9725514573603974, 0.6255854420945969, 0.5750097279667624, 0.9907533625064272, 0.9718581353406012, 0.11105139797937846, 0.9879029168966008, 0.6432583055961676, 0.9769115924516927, 0.9764019465174818, 0.6437956655388529, 0.9764019465174818, 0.4347865832622031, 0.0, 0.568287607899101, 0.920983801559136, 0.07963881150556484, 0.0005185091753439064, 0.030423437560017863, 0.2630510761057686, 0.3230746660639725, 0.6018988034841634, 0.8128268700148892, 0.798338782974024, 1.0, 0.9971948179484328, 0.7765998500015526, 0.982714969979777, 0.9877618933609528, 0.9512583747518433, 0.9989697464718699, 0.9820349124773019, 0.7134192773237961, 0.9991171652880207, 0.9934589916928535, 0.2113186951615642, 0.20593609937931556, 0.9992278344871579, 0.044538162423774175, 0.7477528071001357, 0.21140786492001418, 0.6118807105959461, 0.9934453254004455, 0.2113186951615642, 0.6801215378280082, 0.38590644422282816, 0.5232448465130661, 0.7179024586663273, 0.22925520246702913, 0.8177908015634512, 0.7723696035836122], [0.8499365540143853, 0.6176455034952283, 0.9787131841602708, 0.9935441655827013, 0.9958910286126181, 0.7616301264530148, 0.9646012068546145, 0.9768077491083317, 0.9933151346576545, 0.9650264947428652, 0.6332314808398319, 0.5532095504148326, 0.9976626312608915, 0.9768973991092745, 0.06743549620710443, 0.9922438810461953, 0.590710413643044, 0.9887021879455026, 0.9883357394283255, 0.646556769209921, 0.9883357394283255, 0.3826650840317747, 0.0, 0.5123049914843891, 0.9183803512998413, 0.08001822763522881, 0.0, 0.01515371482603678, 0.24725716408658194, 0.3168067111213604, 0.5526126552302644, 0.8227614134411125, 0.8073442930242216, 0.9971948179484328, 1.0, 0.7797292556653651, 0.9697368209196483, 0.9954822849584215, 0.9356350384158495, 0.9976226496274602, 0.9922792939448415, 0.7221388399430144, 0.9961876943614533, 0.9863034123040672, 0.15229072909624164, 0.13264139734719893, 0.993787