"[[12.938775510204074, 8.020408163265307, 9.485714285714282, 10.285714285714288, 8.80745341614907, 7.7346938775510194, 9.809523809523807, 7.244897959183673, 9.885714285714284, 9.814285714285715, 8.918367346938776, 8.53061224489796, 8.26455026455026, 7.357142857142856, 6.821428571428572, 9.396825396825395, 5.5, 9.555555555555554, 9.26530612244898, 6.828571428571429, 9.936507936507935, 7.206349206349204, 6.228571428571428, 8.6, 7.657142857142857, 7.314285714285713, 6.063492063492062, 5.571428571428571, 7.857142857142855, 7.999999999999998, 8.233766233766236, 2.2539682539682535, 8.653061224489795, 9.502645502645501, 10.78745644599303, 8.571428571428571, 10.085714285714285, 8.885714285714286, 8.417582417582418, 8.842857142857143, 9.947089947089944, 8.244897959183673, 8.095238095238095, 10.185714285714287, 6.3265306122449, 6.9387755102040805, 8.698412698412696, 6.408163265306121, 8.979591836734693, 6.979591836734694, 7.404761904761904, 9.22857142857143, 7.714285714285714, 8.659340659340659, 7.69047619047619, 8.46153846153846, 6.412698412698411, 8.657142857142857, 7.999999999999998, 8.505494505494505], [8.020408163265307, 16.816326530612237, 9.542857142857141, 12.17142857142857, 11.577639751552798, 9.816326530612244, 10.687830687830687, 6.938775510204081, 9.571428571428571, 8.999999999999998, 9.122448979591836, 11.591836734693873, 9.555555555555554, 8.047619047619047, 6.821428571428572, 9.947089947089944, 6.035714285714285, 9.354497354497353, 9.081632653061224, 6.885714285714286, 8.888888888888886, 7.3015873015873005, 6.914285714285714, 7.571428571428571, 8.285714285714286, 7.628571428571428, 6.92063492063492, 7.1428571428571415, 5.999999999999998, 7.142857142857143, 8.233766233766232, 2.5396825396825395, 7.959183673469386, 8.867724867724865, 11.28919860627178, 7.224489795918367, 8.62857142857143, 8.914285714285715, 9.252747252747252, 9.714285714285712, 9.534391534391535, 7.3673469387755075, 9.862433862433862, 11.142857142857142, 5.224489795918367, 7.959183673469388, 9.164021164021163, 5.836734693877549, 7.16326530612245, 5.673469387755102, 7.333333333333332, 8.799999999999999, 6.0285714285714285, 8.087912087912088, 6.666666666666667, 7.648351648351649, 5.968253968253968, 7.228571428571429, 7.999999999999997, 6.043956043956044], [9.485714285714282, 9.542857142857141, 20.17999999999998, 10.253333333333332, 11.17391304347826, 11.6, 12.511111111111108, 11.671428571428569, 14.479999999999999, 11.7, 10.357142857142852, 9.214285714285714, 12.014814814814814, 8.266666666666666, 7.174999999999999, 11.874074074074073, 9.475000000000001, 13.392592592592592, 12.571428571428571, 7.94, 11.533333333333333, 7.777777777777775, 7.1800000000000015, 8.459999999999999, 8.680000000000001, 7.760000000000001, 6.999999999999998, 8.14, 9.100000000000001, 8.527272727272727, 10.0, 3.1259259259259258, 10.385714285714283, 12.222222222222218, 15.326829268292684, 9.999999999999996, 12.79, 12.489999999999998, 10.076923076923077, 11.22, 13.185185185185187, 8.885714285714286, 12.274074074074075, 12.86, 6.542857142857141, 8.428571428571425, 12.148148148148145, 7.371428571428571, 10.914285714285715, 7.457142857142855, 8.850000000000001, 12.44, 8.84, 10.76923076923077, 8.716666666666667, 10.461538461538462, 8.333333333333332, 10.4, 11.333333333333334, 10.723076923076922], [10.285714285714288, 12.17142857142857, 10.253333333333332, 21.01333333333334, 13.101449275362318, 12.761904761904761, 10.469135802469136, 8.342857142857142, 12.506666666666666, 12.653333333333332, 12.019047619047619, 11.21904761904762, 11.17037037037037, 9.844444444444441, 8.266666666666667, 10.804938271604938, 7.133333333333333, 11.130864197530862, 9.828571428571426, 8.613333333333332, 10.390123456790123, 8.68148148148148, 7.92, 8.986666666666668, 8.426666666666664, 8.0, 6.696296296296296, 7.306666666666665, 7.822222222222222, 8.872727272727271, 10.23030303030303, 1.9061728395061728, 8.247619047619047, 10.656790123456787, 12.097560975609753, 9.561904761904762, 11.706666666666665, 10.186666666666666, 10.707692307692309, 10.053333333333333, 11.298765432098762, 9.085714285714287, 11.85185185185185, 12.159999999999998, 6.742857142857144, 9.40952380952381, 11.71358024691358, 7.695238095238095, 9.733333333333333, 9.104761904761904, 7.377777777777776, 10.119999999999997, 8.186666666666666, 9.517948717948718, 9.399999999999999, 8.143589743589745, 7.644444444444445, 8.933333333333334, 9.288888888888891, 9.230769230769232], [8.80745341614907, 11.577639751552798, 11.17391304347826, 13.101449275362318, 22.07939508506617, 10.273291925465838, 16.180354267310786, 9.962732919254659, 13.113043478260867, 14.443478260869565, 11.043478260869566, 11.36645962732919, 12.56038647342995, 11.565217391304348, 7.000000000000001, 11.652173913043478, 9.456521739130435, 14.621578099838969, 10.447204968944098, 8.57391304347826, 11.272141706924316, 9.73913043478261, 7.356521739130435, 7.930434782608694, 8.869565217391303, 9.6, 7.574879227053139, 7.739130434782611, 7.550724637681158, 7.003952569169959, 9.786561264822133, 3.510466988727858, 9.37888198757764, 8.605475040257648, 14.536585365853655, 8.720496894409937, 11.4, 9.756521739130434, 10.515050167224082, 12.269565217391305, 12.360708534621576, 10.335403726708073, 12.115942028985508, 13.539130434782608, 5.788819875776398, 10.956521739130434, 12.644122383252817, 6.807453416149069, 10.857142857142858, 6.832298136645963, 8.072463768115941, 10.765217391304347, 8.643478260869566, 10.96989966555184, 10.405797101449274, 11.665551839464884, 8.985507246376814, 10.139130434782606, 10.72463768115942, 7.678929765886288], [7.7346938775510194, 9.816326530612244, 11.6, 12.761904761904761, 10.273291925465838, 18.693877551020403, 8.529100529100527, 9.63265306122449, 11.885714285714286, 10.599999999999998, 10.26530612244898, 9.979591836734691, 10.857142857142856, 8.571428571428571, 7.214285714285715, 11.216931216931215, 6.571428571428571, 11.650793650793648, 9.551020408163266, 7.085714285714286, 9.629629629629628, 6.634920634920634, 6.742857142857142, 7.257142857142856, 6.571428571428569, 6.428571428571428, 6.444444444444444, 7.542857142857142, 7.690476190476191, 8.779220779220777, 8.363636363636363, 3.2698412698412707, 6.755102040816326, 9.280423280423278, 10.404181184668992, 7.93877551020408, 9.714285714285712, 9.142857142857142, 8.32967032967033, 8.357142857142856, 9.735449735449732, 6.46938775510204, 8.592592592592592, 10.299999999999997, 6.122448979591836, 8.326530612244898, 11.058201058201055, 7.1428571428571415, 8.795918367346939, 6.653061224489795, 6.357142857142856, 8.728571428571426, 6.285714285714285, 8.901098901098901, 7.761904761904761, 8.32967032967033, 6.507936507936508, 9.571428571428568, 8.07142857142857, 7.890109890109888], [9.809523809523807, 10.687830687830687, 12.511111111111108, 10.469135802469136, 16.180354267310786, 8.529100529100527, 21.09190672153634, 10.550264550264549, 14.155555555555557, 13.792592592592593, 9.523809523809522, 10.518518518518517, 14.013717421124829, 11.444444444444441, 8.944444444444443, 13.026063100137172, 8.648148148148149, 13.832647462277091, 11.523809523809524, 9.066666666666668, 11.983539094650205, 10.584362139917696, 8.340740740740742, 9.377777777777776, 9.940740740740742, 10.385185185185186, 7.588477366255143, 7.822222222222223, 8.160493827160492, 8.727272727272728, 10.572390572390573, 4.186556927297668, 11.216931216931217, 10.80384087791495, 15.880758807588075, 11.555555555555555, 13.570370370370373, 10.785185185185185, 10.256410256410255, 11.503703703703703, 13.124828532235938, 11.259259259259258, 14.386831275720164, 14.437037037037035, 6.391534391534391, 10.455026455026454, 11.03429355281207, 7.5555555555555545, 10.105820105820106, 7.216931216931215, 10.592592592592592, 12.925925925925927, 9.896296296296295, 11.965811965811966, 10.530864197530862, 12.034188034188032, 9.432098765432098, 10.740740740740737, 12.345679012345679, 8.558404558404561], [7.244897959183673, 6.938775510204081, 11.671428571428569, 8.342857142857142, 9.962732919254659, 9.63265306122449, 10.550264550264549, 14.367346938775507, 11.128571428571425, 9.757142857142854, 8.428571428571427, 8.142857142857142, 10.433862433862434, 9.214285714285714, 5.785714285714286, 9.492063492063487, 8.071428571428571, 10.317460317460316, 10.265306122448981, 7.542857142857144, 8.878306878306876, 5.936507936507937, 5.9714285714285715, 6.9714285714285715, 7.1428571428571415, 6.714285714285715, 5.492063492063491, 6.371428571428571, 6.547619047619046, 6.727272727272727, 7.3766233766233755, 2.6560846560846563, 7.938775510204081, 9.333333333333332, 13.324041811846689, 8.591836734693876, 10.299999999999997, 8.342857142857142, 8.9010989010989, 9.028571428571427, 10.126984126984125, 7.346938775510203, 10.179894179894177, 9.514285714285714, 5.26530612244898, 6.612244897959184, 9.566137566137565, 5.877551020408164, 8.122448979591837, 5.020408163265305, 6.761904761904761, 9.885714285714284, 5.857142857142855, 8.46153846153846, 6.119047619047617, 8.373626373626372, 7.174603174603174, 7.628571428571428, 8.595238095238095, 7.604395604395603], [9.885714285714284, 9.571428571428571, 14.479999999999999, 12.506666666666666, 13.113043478260867, 11.885714285714286, 14.155555555555557, 11.128571428571425, 20.87999999999999, 13.960000000000003, 9.942857142857141, 10.957142857142856, 12.274074074074072, 9.766666666666667, 8.174999999999999, 12.948148148148148, 9.4, 12.525925925925923, 10.8, 8.219999999999999, 11.63703703703704, 8.31111111111111, 7.8, 8.379999999999999, 8.220000000000004, 8.4, 6.977777777777776, 7.48, 8.55, 7.763636363636364, 9.763636363636362, 3.177777777777779, 9.342857142857142, 12.399999999999999, 13.624390243902443, 10.0, 12.73, 10.650000000000002, 9.984615384615386, 11.150000000000002, 13.525925925925923, 9.214285714285712, 12.592592592592593, 13.06, 6.971428571428571, 8.2, 11.644444444444444, 7.857142857142857, 9.357142857142856, 6.7142857142857135, 9.016666666666666, 12.659999999999998, 10.160000000000002, 12.200000000000001, 10.066666666666668, 10.230769230769232, 8.266666666666664, 10.54, 11.766666666666667, 9.553846153846154], [9.814285714285715, 8.999999999999998, 11.7, 12.653333333333332, 14.443478260869565, 10.599999999999998, 13.792592592592593, 9.757142857142854, 13.960000000000003, 18.75999999999999, 11.77142857142857, 10.542857142857144, 11.296296296296294, 10.999999999999998, 9.15, 11.925925925925924, 7.900000000000001, 13.748148148148147, 9.77142857142857, 8.38, 10.303703703703702, 8.88888888888889, 7.380000000000001, 9.260000000000002, 8.800000000000002, 8.260000000000002, 7.199999999999999, 7.040000000000001, 8.100000000000001, 8.163636363636362, 11.109090909090908, 2.8666666666666663, 9.342857142857142, 11.014814814814812, 14.917073170731708, 9.24285714285714, 12.489999999999998, 10.26, 9.507692307692308, 11.86, 13.533333333333331, 9.528571428571427, 12.88148148148148, 12.030000000000001, 6.485714285714286, 8.914285714285713, 11.518518518518517, 6.9714285714285715, 9.9, 7.885714285714284, 7.266666666666666, 10.899999999999999, 9.580000000000002, 10.03076923076923, 10.933333333333332, 11.184615384615382, 8.444444444444446, 10.780000000000003, 10.549999999999999, 9.153846153846153], [8.918367346938776, 9.122448979591836, 10.357142857142852, 12.019047619047619, 11.043478260869566, 10.26530612244898, 9.523809523809522, 8.428571428571427, 9.942857142857141, 11.77142857142857, 16.73469387755101, 9.020408163265307, 9.883597883597883, 9.619047619047617, 6.464285714285714, 9.428571428571427, 6.285714285714286, 12.275132275132274, 7.673469387755102, 6.9714285714285715, 8.698412698412696, 6.444444444444445, 6.4, 7.114285714285715, 6.885714285714286, 7.228571428571428, 6.412698412698412, 6.314285714285714, 7.452380952380951, 8.363636363636363, 9.064935064935062, 2.222222222222222, 7.1020408163265305, 10.77248677248677, 12.2787456445993, 9.081632653061224, 9.585714285714284, 9.328571428571427, 8.703296703296703, 9.07142857142857, 11.566137566137563, 8.16326530612245, 11.132275132275128, 11.35714285714286, 5.061224489795917, 8.816326530612244, 11.12169312169312, 5.469387755102041, 8.816326530612246, 7.061224489795917, 6.571428571428571, 9.771428571428572, 5.457142857142857, 7.978021978021978, 8.476190476190474, 8.175824175824175, 5.523809523809525, 8.399999999999999, 8.14285714285714, 8.417582417582416], [8.53061224489796, 11.591836734693873, 9.214285714285714, 11.21904761904762, 11.36645962732919, 9.979591836734691, 10.518518518518517, 8.142857142857142, 10.957142857142856, 10.542857142857144, 9.020408163265307, 17.999999999999993, 10.58201058201058, 7.833333333333333, 7.0357142857142865, 11.174603174603172, 6.678571428571429, 10.846560846560847, 9.877551020408163, 8.628571428571428, 9.248677248677248, 6.507936507936508, 6.200000000000001, 7.285714285714286, 7.4, 7.942857142857142, 6.1269841269841265, 6.885714285714285, 6.2142857142857135, 6.883116883116883, 7.532467532467532, 1.8730158730158728, 8.51020408163265, 9.037037037037036, 10.919860627177698, 7.204081632653061, 9.199999999999998, 8.185714285714283, 10.813186813186816, 8.614285714285716, 11.587301587301587, 7.999999999999999, 9.502645502645501, 11.614285714285712, 5.510204081632654, 6.775510204081633, 10.39153439153439, 6.5306122448979576, 7.9387755102040805, 5.591836734693877, 7.023809523809523, 9.028571428571428, 6.8, 9.098901098901099, 7.809523809523809, 9.164835164835164, 7.492063492063494, 9.085714285714285, 8.095238095238095, 7.076923076923077], [8.26455026455026, 9.555555555555554, 12.014814814814814, 11.17037037037037, 12.56038647342995, 10.857142857142856, 14.013717421124829, 10.433862433862434, 12.274074074074072, 11.296296296296294, 9.883597883597883, 10.58201058201058, 17.96433470507544, 11.283950617283951, 7.759259259259257, 12.038408779149517, 8.055555555555557, 12.718792866941017, 10.148148148148143, 8.444444444444446, 11.352537722908094, 8.641975308641975, 8.296296296296296, 8.681481481481484, 8.814814814814817, 8.25185185185185, 6.962962962962961, 7.7333333333333325, 8.185185185185183, 9.414141414141415, 11.447811447811445, 3.4019204389574753, 9.86243386243386, 10.688614540466391, 13.138211382113822, 10.814814814814813, 11.325925925925924, 11.229629629629628, 11.304843304843306, 10.222222222222218, 13.25102880658436, 9.619047619047617, 13.33333333333333, 12.637037037037038, 5.841269841269841, 8.169312169312168, 12.39506172839506, 6.687830687830687, 9.206349206349204, 6.201058201058199, 8.555555555555555, 11.933333333333334, 7.481481481481482, 10.735042735042734, 8.740740740740739, 10.256410256410259, 9.415637860082303, 9.244444444444444, 10.481481481481477, 10.165242165242166], [7.357142857142856, 8.047619047619047, 8.266666666666666, 9.844444444444441, 11.565217391304348, 8.571428571428571, 11.444444444444441, 9.214285714285714, 9.766666666666667, 10.999999999999998, 9.619047619047617, 7.833333333333333, 11.283950617283951, 18.222222222222214, 8.125, 9.975308641975309, 5.958333333333333, 10.197530864197534, 8.69047619047619, 8.200000000000003, 9.962962962962964, 7.666666666666666, 6.3, 7.266666666666665, 7.7666666666666675, 7.400000000000001, 5.296296296296297, 7.266666666666667, 5.722222222222223, 6.848484848484848, 7.878787878787879, 5.209876543209877, 7.119047619047618, 8.864197530864196, 12.5609756097561, 8.761904761904761, 9.599999999999998, 8.35, 8.333333333333334, 9.133333333333333, 11.234567901234572, 7.88095238095238, 14.938271604938269, 9.750000000000002, 5.19047619047619, 7.809523809523809, 10.23456790123457, 5.857142857142857, 9.785714285714283, 5.999999999999999, 6.138888888888887, 11.316666666666666, 5.866666666666666, 8.282051282051281, 6.944444444444444, 8.615384615384617, 5.962962962962963, 5.9, 8.777777777777777, 6.58974358974359], [6.821428571428572, 6.821428571428572, 7.174999999999999, 8.266666666666667, 7.000000000000001, 7.214285714285715, 8.944444444444443, 5.785714285714286, 8.174999999999999, 9.15, 6.464285714285714, 7.0357142857142865, 7.759259259259257, 8.125, 16.75, 7.9259259259259265, 4.625, 6.7222222222222205, 8.035714285714286, 6.500000000000002, 8.629629629629628, 6.611111111111112, 5.5, 7.750000000000002, 6.75, 5.1000000000000005, 5.444444444444444, 5.550000000000002, 6.500000000000001, 7.09090909090909, 8.681818181818182, 2.37037037037037, 7.25, 7.75925925925926, 10.597560975609753, 6.178571428571429, 8.825000000000001, 7.449999999999999, 6.576923076923077, 7.975000000000003, 7.648148148148146, 6.57142857142857, 8.425925925925924, 8.825000000000001, 4.642857142857142, 6.071428571428571, 6.629629629629629, 6.357142857142857, 7.4642857142857135, 6.428571428571428, 4.916666666666667, 7.574999999999999, 6.8500000000000005, 6.23076923076923, 6.208333333333332, 6.423076923076924, 6.333333333333334, 5.550000000000001, 6.791666666666668, 5.692307692307693], [9.396825396825395, 9.947089947089944, 11.874074074074073, 10.804938271604938, 11.652173913043478, 11.216931216931215, 13.026063100137172, 9.492063492063487, 12.948148148148148, 11.925925925925924, 9.428571428571427, 11.174603174603172, 12.038408779149517, 9.975308641975309, 7.9259259259259265, 17.031550068587098, 8.203703703703704, 11.160493827160494, 11.301587301587299, 7.200000000000001, 10.436213991769545, 8.148148148148147, 7.5851851851851855, 8.23703703703704, 7.985185185185187, 10.059259259259257, 6.534979423868311, 7.259259259259258, 7.679012345679013, 8.26936026936027, 10.383838383838384, 2.9245541838134432, 9.703703703703704, 11.61042524005487, 13.745257452574524, 9.724867724867725, 11.807407407407407, 10.555555555555552, 9.527065527065528, 9.93333333333333, 13.388203017832645, 9.820105820105816, 12.559670781893, 12.274074074074072, 6.582010582010581, 8.656084656084653, 11.901234567901236, 7.3015873015873005, 10.719576719576716, 7.597883597883598, 8.024691358024691, 11.229629629629628, 9.007407407407406, 10.35897435897436, 10.382716049382713, 10.78062678062678, 8.39506172839506, 11.155555555555553, 11.592592592592592, 8.444444444444443], [5.5, 6.035714285714285, 9.475000000000001, 7.133333333333333, 9.456521739130435, 6.571428571428571, 8.648148148148149, 8.071428571428571, 9.4, 7.900000000000001, 6.285714285714286, 6.678571428571429, 8.055555555555557, 5.958333333333333, 4.625, 8.203703703703704, 16.125, 7.75925925925926, 8.964285714285714, 4.95, 7.185185185185186, 5.666666666666667, 4.85, 5.450000000000001, 4.950000000000002, 6.45, 4.944444444444444, 5.350000000000001, 5.833333333333333, 4.318181818181818, 6.136363636363636, 1.407407407407407, 7.500000000000001, 7.666666666666665, 9.74390243902439, 6.178571428571428, 7.0749999999999975, 6.674999999999997, 5.6923076923076925, 8.725, 9.166666666666668, 6.214285714285714, 7.833333333333334, 6.800000000000001, 4.428571428571429, 5.857142857142858, 7.888888888888889, 4.642857142857142, 7.678571428571428, 4.428571428571428, 6.041666666666666, 7.424999999999999, 5.05, 6.346153846153847, 5.624999999999999, 7.346153846153846, 6.499999999999998, 6.45, 6.958333333333333, 6.423076923076923], [9.555555555555554, 9.354497354497353, 13.392592592592592, 11.130864197530862, 14.621578099838969, 11.650793650793648, 13.832647462277091, 10.317460317460316, 12.525925925925923, 13.748148148148147, 12.275132275132274, 10.846560846560847, 12.718792866941017, 10.197530864197534, 6.7222222222222205, 11.160493827160494, 7.75925925925926, 21.739368998628247, 10.402116402116398, 8.059259259259262, 10.864197530864194, 7.012345679012342, 6.162962962962962, 7.2296296296296285, 8.207407407407409, 8.177777777777779, 5.777777777777778, 6.118518518518519, 7.493827160493827, 8.848484848484848, 8.336700336700337, 5.404663923182441, 9.280423280423278, 10.787379972565157, 14.02710027100271, 8.94179894179894, 11.59259259259259, 10.688888888888888, 10.552706552706553, 11.311111111111108, 12.104252400548697, 10.317460317460315, 9.454046639231825, 13.051851851851849, 5.375661375661375, 8.76190476190476, 11.709190672153634, 6.201058201058201, 11.174603174603174, 6.962962962962963, 8.123456790123456, 11.696296296296294, 8.444444444444443, 10.381766381766381, 9.382716049382717, 11.692307692307692, 8.362139917695476, 11.614814814814814, 10.30864197530864, 10.735042735042734], [9.26530612244898, 9.081632653061224, 12.571428571428571, 9.828571428571426, 10.447204968944098, 9.551020408163266, 11.523809523809524, 10.265306122448981, 10.8, 9.77142857142857, 7.673469387755102, 9.877551020408163, 10.148148148148143, 8.69047619047619, 8.035714285714286, 11.301587301587299, 8.964285714285714, 10.402116402116398, 20.979591836734684, 7.8, 11.280423280423276, 7.269841269841268, 5.914285714285713, 9.342857142857143, 8.714285714285715, 8.885714285714288, 6.603174603174603, 8.542857142857143, 7.404761904761902, 7.324675324675324, 8.64935064935065, 1.259259259259259, 11.775510204081629, 11.354497354497354, 15.3588850174216, 8.959183673469386, 11.185714285714285, 12.057142857142855, 11.53846153846154, 11.857142857142856, 11.894179894179896, 9.85714285714286, 12.24338624338624, 11.657142857142855, 8.408163265306122, 9.061224489795917, 11.407407407407408, 7.632653061224489, 10.918367346938776, 7.999999999999999, 9.738095238095237, 11.885714285714283, 8.02857142857143, 12.043956043956046, 7.166666666666667, 10.945054945054943, 10.063492063492061, 8.77142857142857, 11.095238095238093, 9.6043956043956], [6.828571428571429, 6.885714285714286, 7.94, 8.613333333333332, 8.57391304347826, 7.085714285714286, 9.066666666666668, 7.542857142857144, 8.219999999999999, 8.38, 6.9714285714285715, 8.628571428571428, 8.444444444444446, 8.200000000000003, 6.500000000000002, 7.200000000000001, 4.95, 8.059259259259262, 7.8, 14.72, 7.555555555555555, 6.711111111111111, 5.520000000000001, 6.0, 6.040000000000001, 5.920000000000001, 4.622222222222223, 5.52, 6.3, 5.745454545454546, 7.054545454545456, 1.4370370370370373, 6.857142857142858, 7.318518518518518, 10.44878048780488, 6.257142857142858, 8.48, 7.5, 7.569230769230771, 7.52, 7.407407407407407, 7.085714285714285, 9.333333333333332, 9.139999999999999, 4.399999999999999, 6.057142857142856, 6.977777777777776, 4.9714285714285715, 5.914285714285713, 6.0, 5.833333333333334, 9.080000000000002, 5.8, 6.923076923076925, 6.033333333333332, 7.015384615384618, 6.666666666666668, 6.440000000000001, 6.533333333333333, 6.707692307692308], [9.936507936507935, 8.888888888888886, 11.533333333333333, 10.390123456790123, 11.272141706924316, 9.629629629629628, 11.983539094650205, 8.878306878306876, 11.63703703703704, 10.303703703703702, 8.698412698412696, 9.248677248677248, 11.352537722908094, 9.962962962962964, 8.629629629629628, 10.436213991769545, 7.185185185185186, 10.864197530864194, 11.280423280423276, 7.555555555555555, 22.46364883401919, 8.0, 6.459259259259259, 9.25925925925926, 9.288888888888888, 7.762962962962963, 6.781893004115225, 7.540740740740742, 11.814814814814818, 10.316498316498315, 9.8989898989899, 8.916323731138545, 10.126984126984125, 9.893004115226338, 14.193315266486, 9.767195767195766, 11.518518518518515, 11.748148148148145, 9.97150997150997, 10.85185185185185, 12.384087791495197, 9.460317460317459, 11.171467764060358, 11.76296296296296, 6.264550264550265, 7.66137566137566, 11.083676268861453, 7.111111111111111, 10.063492063492063, 5.544973544973545, 7.901234567901234, 13.496296296296295, 6.325925925925925, 9.595441595441597, 7.1728395061728385, 9.903133903133904, 8.312757201646088, 8.029629629629628, 8.790123456790123, 8.49002849002849], [7.206349206349204, 7.3015873015873005, 7.777777777777775, 8.68148148148148, 9.73913043478261, 6.634920634920634, 10.584362139917696, 5.936507936507937, 8.31111111111111, 8.88888888888889, 6.444444444444445, 6.507936507936508, 8.641975308641975, 7.666666666666666, 6.611111111111112, 8.148148148148147, 5.666666666666667, 7.012345679012342, 7.269841269841268, 6.711111111111111, 8.0, 14.716049382716042, 6.933333333333334, 7.9111111111111105, 7.244444444444444, 7.066666666666667, 6.913580246913579, 6.533333333333334, 6.999999999999997, 6.747474747474748, 9.616161616161616, 3.588477366255144, 7.746031746031743, 7.604938271604938, 11.338753387533872, 7.3968253968253945, 9.066666666666665, 7.777777777777778, 7.350427350427352, 8.533333333333331, 7.7037037037037015, 7.301587301587301, 10.10699588477366, 10.111111111111107, 6.095238095238094, 7.809523809523809, 7.703703703703702, 6.349206349206349, 6.5396825396825395, 6.666666666666666, 5.518518518518517, 8.244444444444442, 7.155555555555556, 8.205128205128204, 8.62962962962963, 7.8632478632478655, 6.76543209876543, 7.866666666666667, 7.5555555555555545, 6.290598290598291], [6.228571428571428, 6.914285714285714, 7.1800000000000015, 7.92, 7.356521739130435, 6.742857142857142, 8.340740740740742, 5.9714285714285715, 7.8, 7.380000000000001, 6.4, 6.200000000000001, 8.296296296296296, 6.3, 5.5, 7.5851851851851855, 4.85, 6.162962962962962, 5.914285714285713, 5.520000000000001, 6.459259259259259, 6.933333333333334, 13.280000000000001, 6.32, 6.359999999999999, 6.160000000000002, 7.466666666666666, 5.680000000000001, 5.833333333333333, 7.0181818181818185, 8.8, 2.1481481481481484, 7.285714285714286, 7.02222222222222, 9.131707317073172, 6.485714285714286, 7.820000000000001, 6.56, 6.400000000000002, 6.88, 7.274074074074074, 5.628571428571428, 8.91851851851852, 8.360000000000001, 4.685714285714285, 6.057142857142858, 6.4, 5.6, 5.657142857142858, 5.771428571428571, 5.566666666666667, 6.12, 6.160000000000001, 7.384615384615385, 7.166666666666667, 6.676923076923077, 5.377777777777779, 6.359999999999999, 6.666666666666668, 5.47692307692308], [8.6, 7.571428571428571, 8.459999999999999, 8.986666666666668, 7.930434782608694, 7.257142857142856, 9.377777777777776, 6.9714285714285715, 8.379999999999999, 9.260000000000002, 7.114285714285715, 7.285714285714286, 8.681481481481484, 7.266666666666665, 7.750000000000002, 8.23703703703704, 5.450000000000001, 7.2296296296296285, 9.342857142857143, 6.0, 9.25925925925926, 7.9111111111111105, 6.32, 15.440000000000001, 8.040000000000001, 6.76, 7.511111111111111, 6.840000000000002, 8.4, 8.436363636363637, 9.381818181818181, 3.155555555555556, 8.97142857142857, 9.31851851851852, 11.326829268292682, 8.514285714285714, 11.380000000000003, 9.36, 8.676923076923078, 10.140000000000002, 9.466666666666667, 7.485714285714284, 10.681481481481478, 9.959999999999999, 6.9714285714285715, 8.285714285714283, 8.281481481481482, 6.914285714285715, 8.199999999999998, 6.342857142857142, 7.100000000000001, 9.680000000000003, 7.279999999999999, 8.246153846153845, 7.566666666666668, 7.938461538461542, 6.4, 7.840000000000001, 8.299999999999999, 8.4], [7.657142857142857, 8.285714285714286, 8.680000000000001, 8.426666666666664, 8.869565217391303, 6.571428571428569, 9.940740740740742, 7.1428571428571415, 8.220000000000004, 8.800000000000002, 6.885714285714286, 7.4, 8.814814814814817, 7.7666666666666675, 6.75, 7.985185185185187, 4.950000000000002, 8.207407407407409, 8.714285714285715, 6.040000000000001, 9.288888888888888, 7.244444444444444, 6.359999999999999, 8.040000000000001, 13.680000000000001, 6.480000000000001, 6.266666666666667, 6.240000000000001, 6.533333333333333, 8.363636363636365, 8.872727272727275, 1.377777777777778, 8.314285714285713, 8.118518518518517, 10.848780487804879, 7.7714285714285705, 8.640000000000002, 8.640000000000002, 9.076923076923077, 8.88, 9.066666666666665, 7.314285714285713, 9.822222222222223, 9.66, 5.542857142857142, 6.514285714285714, 8.237037037037036, 6.114285714285716, 6.942857142857141, 4.742857142857143, 6.633333333333334, 9.040000000000003, 6.2, 8.0, 6.366666666666667, 7.9384615384615405, 6.044444444444445, 6.760000000000001, 7.1000000000000005, 7.384615384615386], [7.314285714285713, 7.628571428571428, 7.760000000000001, 8.0, 9.6, 6.428571428571428, 10.385185185185186, 6.714285714285715, 8.4, 8.260000000000002, 7.228571428571428, 7.942857142857142, 8.25185185185185, 7.400000000000001, 5.1000000000000005, 10.059259259259257, 6.45, 8.177777777777779, 8.885714285714288, 5.920000000000001, 7.762962962962963, 7.066666666666667, 6.160000000000002, 6.76, 6.480000000000001, 13.920000000000003, 5.866666666666667, 5.88, 6.033333333333333, 6.545454545454547, 7.636363636363637, 2.074074074074074, 7.3999999999999995, 8.414814814814816, 9.931707317073172, 7.799999999999999, 8.32, 8.020000000000001, 7.53846153846154, 7.800000000000001, 10.8, 8.6, 9.555555555555554, 9.580000000000002, 5.714285714285714, 8.342857142857142, 8.622222222222222, 5.6000000000000005, 7.342857142857143, 5.885714285714287, 6.566666666666665, 9.0, 6.199999999999999, 8.676923076923078, 7.066666666666667, 7.9384615384615405, 6.488888888888891, 8.76, 8.733333333333333, 5.723076923076925], [6.063492063492062, 6.92063492063492, 6.999999999999998, 6.696296296296296, 7.574879227053139, 6.444444444444444, 7.588477366255143, 5.492063492063491, 6.977777777777776, 7.199999999999999, 6.412698412698412, 6.1269841269841265, 6.962962962962961, 5.296296296296297, 5.444444444444444, 6.534979423868311, 4.944444444444444, 5.777777777777778, 6.603174603174603, 4.622222222222223, 6.781893004115225, 6.913580246913579, 7.466666666666666, 7.511111111111111, 6.266666666666667, 5.866666666666667, 13.925925925925918, 6.577777777777777, 7.259259259259258, 6.9898989898989905, 8.84848484848485, 2.8806584362139915, 6.857142857142857, 7.1769547325102865, 9.38753387533875, 6.095238095238094, 7.666666666666667, 6.822222222222222, 6.3589743589743595, 8.133333333333335, 6.847736625514401, 5.428571428571428, 7.670781893004114, 8.266666666666667, 5.587301587301588, 6.857142857142857, 7.1440329218107, 5.714285714285714, 5.523809523809524, 4.825396825396825, 4.962962962962962, 6.044444444444443, 5.9111111111111105, 6.9401709401709395, 7.1851851851851825, 6.940170940170942, 4.790123456790123, 6.311111111111111, 5.481481481481479, 5.470085470085472], [5.571428571428571, 7.1428571428571415, 8.14, 7.306666666666665, 7.739130434782611, 7.542857142857142, 7.822222222222223, 6.371428571428571, 7.48, 7.040000000000001, 6.314285714285714, 6.885714285714285, 7.7333333333333325, 7.266666666666667, 5.550000000000002, 7.259259259259258, 5.350000000000001, 6.118518518518519, 8.542857142857143, 5.52, 7.540740740740742, 6.533333333333334, 5.680000000000001, 6.840000000000002, 6.240000000000001, 5.88, 6.577777777777777, 12.240000000000004, 6.199999999999999, 6.145454545454546, 7.163636363636362, 2.1777777777777785, 6.685714285714285, 7.37777777777778, 9.44390243902439, 6.371428571428572, 7.039999999999999, 7.9600000000000035, 6.923076923076923, 8.1, 7.51111111111111, 5.62857142857143, 10.02962962962963, 7.540000000000002, 5.485714285714286, 7.371428571428572, 8.074074074074074, 5.828571428571429, 6.199999999999999, 5.771428571428571, 5.666666666666666, 8.4, 5.199999999999999, 7.630769230769231, 5.833333333333333, 6.738461538461539, 4.755555555555557, 5.5600000000000005, 6.199999999999999, 5.784615384615384], [7.857142857142855, 5.999999999999998, 9.100000000000001, 7.822222222222222, 7.550724637681158, 7.690476190476191, 8.160493827160492, 6.547619047619046, 8.55, 8.100000000000001, 7.452380952380951, 6.2142857142857135, 8.185185185185183, 5.722222222222223, 6.500000000000001, 7.679012345679013, 5.833333333333333, 7.493827160493827, 7.404761904761902, 6.3, 11.814814814814818, 6.999999999999997, 5.833333333333333, 8.4, 6.533333333333333, 6.033333333333333, 7.259259259259258, 6.199999999999999, 16.222222222222214, 8.454545454545453, 10.757575757575756, 4.222222222222223, 8.857142857142858, 8.185185185185183, 10.040650406504067, 7.714285714285714, 9.866666666666665, 9.550000000000002, 7.153846153846152, 9.250000000000002, 9.22222222222222, 6.404761904761902, 8.345679012345679, 9.08333333333333, 5.9523809523809526, 6.761904761904761, 9.271604938271604, 5.19047619047619, 7.57142857142857, 5.952380952380952, 6.111111111111111, 8.816666666666666, 6.166666666666666, 7.3076923076923075, 7.194444444444444, 7.666666666666668, 6.148148148148147, 7.800000000000001, 6.777777777777777, 7.102564102564102], [7.999999999999998, 7.142857142857143, 8.527272727272727, 8.872727272727271, 7.003952569169959, 8.779220779220777, 8.727272727272728, 6.727272727272727, 7.763636363636364, 8.163636363636362, 8.363636363636363, 6.883116883116883, 9.414141414141415, 6.848484848484848, 7.09090909090909, 8.26936026936027, 4.318181818181818, 8.848484848484848, 7.324675324675324, 5.745454545454546, 10.316498316498315, 6.747474747474748, 7.0181818181818185, 8.436363636363637, 8.363636363636365, 6.545454545454547, 6.9898989898989905, 6.145454545454546, 8.454545454545453, 14.545454545454549, 10.016528925619836, 2.707070707070707, 7.792207792207792, 8.74074074074074, 9.676274944567627, 8.727272727272728, 8.945454545454542, 9.018181818181814, 8.53146853146853, 7.981818181818181, 8.35016835016835, 7.142857142857142, 8.282828282828284, 9.272727272727272, 5.974025974025974, 7.688311688311689, 8.121212121212121, 6.701298701298701, 6.935064935064936, 5.402597402597403, 6.18181818181818, 9.181818181818183, 5.127272727272728, 7.300699300699301, 6.848484848484848, 7.468531468531469, 5.414141414141415, 7.636363636363637, 6.787878787878786, 8.083916083916083], [8.233766233766236, 8.233766233766232, 10.0, 10.23030303030303, 9.786561264822133, 8.363636363636363, 10.572390572390573, 7.3766233766233755, 9.763636363636362, 11.109090909090908, 9.064935064935062, 7.532467532467532, 11.447811447811445, 7.878787878787879, 8.681818181818182, 10.383838383838384, 6.136363636363636, 8.336700336700337, 8.64935064935065, 7.054545454545456, 9.8989898989899, 9.616161616161616, 8.8, 9.381818181818181, 8.872727272727275, 7.636363636363637, 8.84848484848485, 7.163636363636362, 10.757575757575756, 10.016528925619836, 18.380165289256198, 1.7777777777777781, 9.688311688311689, 10.599326599326599, 13.57871396895787, 9.480519480519481, 11.054545454545451, 11.436363636363636, 8.643356643356643, 11.18181818181818, 9.858585858585858, 7.9480519480519485, 11.326599326599327, 11.018181818181818, 6.441558441558443, 9.038961038961038, 10.289562289562287, 7.1688311688311686, 8.155844155844155, 8.415584415584416, 6.424242424242424, 9.327272727272724, 7.672727272727273, 8.587412587412587, 10.303030303030301, 8.363636363636365, 7.8383838383838365, 8.690909090909091, 8.484848484848486, 8.307692307692308], [2.2539682539682535, 2.5396825396825395, 3.1259259259259258, 1.9061728395061728, 3.510466988727858, 3.2698412698412707, 4.186556927297668, 2.6560846560846563, 3.177777777777779, 2.8666666666666663, 2.222222222222222, 1.8730158730158728, 3.4019204389574753, 5.209876543209877, 2.37037037037037, 2.9245541838134432, 1.407407407407407, 5.404663923182441, 1.259259259259259, 1.4370370370370373, 8.916323731138545, 3.588477366255144, 2.1481481481481484, 3.155555555555556, 1.377777777777778, 2.074074074074074, 2.8806584362139915, 2.1777777777777785, 4.222222222222223, 2.707070707070707, 1.7777777777777781, 47.56104252400547, 1.7142857142857137, 4.016460905349795, 3.4977416440831073, 1.6613756613756614, 4.17037037037037, 4.044444444444444, 1.4700854700854702, 3.1333333333333324, 4.872427983539094, 1.7354497354497354, 3.775034293552812, 2.9333333333333327, 0.21164021164021163, 1.0582010582010581, 3.0781893004115233, 0.42328042328042326, 4.3280423280423275, 0.42328042328042326, 1.2098765432098766, 4.311111111111112, 0.7703703703703703, 1.037037037037037, 1.1851851851851851, 2.0284900284900287, 1.3168724279835393, 0.6666666666666667, 2.0123456790123457, 0.9914529914529915], [8.653061224489795, 7.959183673469386, 10.385714285714283, 8.247619047619047, 9.37888198757764, 6.755102040816326, 11.216931216931217, 7.938775510204081, 9.342857142857142, 9.342857142857142, 7.1020408163265305, 8.51020408163265, 9.86243386243386, 7.119047619047618, 7.25, 9.703703703703704, 7.500000000000001, 9.280423280423278, 11.775510204081629, 6.857142857142858, 10.126984126984125, 7.746031746031743, 7.285714285714286, 8.97142857142857, 8.314285714285713, 7.3999999999999995, 6.857142857142857, 6.685714285714285, 8.857142857142858, 7.792207792207792, 9.688311688311689, 1.7142857142857137, 14.693877551020405, 9.291005291005288, 13.17073170731707, 7.714285714285715, 10.657142857142857, 10.242857142857142, 9.12087912087912, 11.171428571428573, 9.566137566137566, 8.938775510204083, 9.555555555555554, 10.085714285714284, 5.591836734693876, 6.571428571428572, 9.259259259259258, 6.204081632653061, 8.734693877551019, 6.122448979591836, 8.309523809523807, 9.942857142857143, 7.828571428571429, 8.945054945054943, 7.0, 10.109890109890108, 8.634920634920633, 7.999999999999999, 9.357142857142854, 9.032967032967031], [9.502645502645501, 8.867724867724865, 12.222222222222218, 10.656790123456787, 8.605475040257648, 9.280423280423278, 10.80384087791495, 9.333333333333332, 12.399999999999999, 11.014814814814812, 10.77248677248677, 9.037037037037036, 10.688614540466391, 8.864197530864196, 7.75925925925926, 11.61042524005487, 7.666666666666665, 10.787379972565157, 11.354497354497354, 7.318518518518518, 9.893004115226338, 7.604938271604938, 7.02222222222222, 9.31851851851852, 8.118518518518517, 8.414814814814816, 7.1769547325102865, 7.37777777777778, 8.185185185185183, 8.74074074074074, 10.599326599326599, 4.016460905349795, 9.291005291005288, 19.50068587105623, 14.894308943089431, 9.851851851851848, 12.948148148148146, 12.370370370370372, 9.754985754985757, 10.725925925925925, 14.748971193415633, 8.455026455026454, 13.316872427983538, 12.622222222222222, 7.80952380952381, 9.735449735449734, 12.12620027434842, 7.089947089947088, 10.148148148148145, 7.999999999999999, 7.950617283950617, 12.029629629629627, 8.518518518518519, 9.584045584045587, 9.913580246913579, 8.49002849002849, 7.539094650205761, 8.962962962962964, 9.222222222222223, 10.894586894586892], [10.78745644599303, 11.28919860627178, 15.326829268292684, 12.097560975609753, 14.536585365853655, 10.404181184668992, 15.880758807588075, 13.324041811846689, 13.624390243902443, 14.917073170731708, 12.2787456445993, 10.919860627177698, 13.138211382113822, 12.5609756097561, 10.597560975609753, 13.745257452574524, 9.74390243902439, 14.02710027100271, 15.3588850174216, 10.44878048780488, 14.193315266486, 11.338753387533872, 9.131707317073172, 11.326829268292682, 10.848780487804879, 9.931707317073172, 9.38753387533875, 9.44390243902439, 10.040650406504067, 9.676274944567627, 13.57871396895787, 3.4977416440831073, 13.17073170731707, 14.894308943089431, 29.468173706127292, 11.540069686411151, 17.38048780487805, 13.921951219512199, 13.77861163227017, 16.00487804878049, 13.441734417344172, 12.912891986062718, 17.12014453477868, 17.02439024390244, 9.547038327526133, 11.972125435540068, 12.654019873532068, 7.2891986062717775, 11.421602787456445, 9.714285714285712, 8.780487804878048, 14.17560975609756, 10.458536585365852, 12.585365853658539, 12.138211382113822, 13.996247654784243, 10.666666666666668, 11.873170731707315, 13.065040650406504, 11.534709193245778], [8.571428571428571, 7.224489795918367, 9.999999999999996, 9.561904761904762, 8.720496894409937, 7.93877551020408, 11.555555555555555, 8.591836734693876, 10.0, 9.24285714285714, 9.081632653061224, 7.204081632653061, 10.814814814814813, 8.761904761904761, 6.178571428571429, 9.724867724867725, 6.178571428571428, 8.94179894179894, 8.959183673469386, 6.257142857142858, 9.767195767195766, 7.3968253968253945, 6.485714285714286, 8.514285714285714, 7.7714285714285705, 7.799999999999999, 6.095238095238094, 6.371428571428572, 7.714285714285714, 8.727272727272728, 9.480519480519481, 1.6613756613756614, 7.714285714285715, 9.851851851851848, 11.540069686411151, 15.38775510204081, 11.542857142857141, 9.528571428571425, 9.868131868131872, 8.37142857142857, 10.328042328042326, 8.612244897959185, 10.624338624338625, 10.785714285714285, 5.918367346938776, 8.000000000000002, 9.89417989417989, 5.877551020408161, 8.53061224489796, 6.693877551020408, 7.952380952380951, 10.699999999999998, 6.94285714285714, 8.791208791208792, 8.19047619047619, 8.263736263736263, 6.634920634920634, 8.799999999999999, 10.166666666666664, 8.307692307692307], [10.085714285714285, 8.62857142857143, 12.79, 11.706666666666665, 11.4, 9.714285714285712, 13.570370370370373, 10.299999999999997, 12.73, 12.4899