"[[13.186599933604334, 3.1567316597920034, 1.61956582938543, 2.849321448018702, 1.265893398803187, 1.920127491972262, 1.9626928005622883, 2.5408977454578983, 1.7317533815979458, 1.828915387968018, 2.923605331422914, 2.36801086097207, 1.1615281470006018, 1.952359052127283, 1.8119751823986818, 1.8349122899117962, 1.2632060165774073, 1.4300315160589323, 1.3006900986520535, 2.543253065576866, 1.638432284395871, 1.6407701704256341, 2.377409296874811, 2.4253722992275026, 2.5297592150482373, 2.041929598711971, 2.405937884894613, 2.168949427596636, 2.387037217221869, 1.8695474833754007, 1.296015893887491, 1.7407756562160788, 1.3415964742527582, 1.5821485053614384, 1.3970336280035387, 2.342043351229104, 1.5067069661910482, 1.698447381902791, 1.372636090091484, 1.5366645745564411, 1.6040322148974697, 1.9697868909994256, 1.1524686464588385, 0.8704480750453822, 1.3787159116165044, 1.2940361370990892, 1.3617698870885213, 1.1320545379634133, 2.1628621395052567, 1.8375424148398667, 1.9461218993218425, 1.4292498274341443, 1.7854014987920062, 1.4574618068406708, 1.401608406940187, 1.4177457033859981, 1.237572254675008, 1.0690035285992723, 1.1771849127246499, 1.4677091932998931], [3.1567316597920034, 16.76973252325656, 2.3000152975546255, 4.541581143712713, 1.435443056184457, 3.5910006629075872, 2.56591309065285, 1.802601384879033, 2.5816218835290385, 1.6420457494724807, 3.208048942104376, 3.6935197336931496, 1.5144771294309203, 1.611723218326587, 1.9772532588455172, 3.0053555753707895, 1.2517221811112622, 1.8305197198526004, 1.4910644774493211, 2.0266926124587146, 1.3675630651189203, 1.683301622866241, 3.400480186801672, 1.3630053242894016, 2.1238562819825755, 1.8199346984176392, 2.141413048369677, 2.2780897504596864, 2.433123089960511, 1.5063463150226781, 1.7641400750623364, 2.613653144882526, 1.5350638057272386, 1.3544369760488557, 1.0196436492825012, 2.0217492373243515, 1.2298917210538625, 1.3638057908279237, 0.9996186044603862, 1.6704680327954566, 1.6256765218156128, 1.3749078491269235, 0.6732100009989683, 1.3622949385565442, 1.1558310238424747, 1.2917457139717339, 1.4739956462811408, 0.9256030967193433, 2.239752278670009, 1.5593393728835951, 2.5588540330760976, 1.348652804351703, 1.5157033985731236, 0.9550106752106804, 1.1362081332173088, 1.905332160046402, 1.4210812853759391, 1.5204193837088635, 2.295364162674101, 0.9160682090062584], [1.61956582938543, 2.3000152975546255, 8.08263132918617, 1.8828773605193718, 1.3749357417630819, 1.8942066381310319, 1.7433668296824003, 1.893684765706508, 2.204605470523627, 1.9479488340174185, 1.6234673546665142, 1.3703828053445577, 1.6966362416165983, 1.1090578152064783, 0.9511258615847069, 2.119707282646062, 1.9670084464432525, 2.0262911758064996, 1.1976036632752463, 1.089840429650346, 1.321525187321144, 1.5709667774641294, 1.3990681763739303, 1.0971461965256348, 1.8115157519860756, 1.0610707520192688, 1.178902128752552, 1.4875077291736367, 1.3760342927971483, 0.9597193864561033, 1.2463837621229337, 4.371184842943684, 1.2986174836299287, 1.9874540699485934, 0.9982098929058666, 1.23301623772564, 1.4745112917913465, 2.2312153480903496, 1.290001315397233, 1.4591882369940956, 1.8948830961975283, 1.1468472977730548, 1.362974599636176, 1.9093005186654202, 0.9840924712944062, 1.2394481747086332, 2.1471128952734064, 1.4455382718644774, 1.8271848153694534, 1.9899335826372906, 1.3851542885340702, 2.1194079945134305, 1.9688243380111499, 1.1843367009946095, 1.9245140064415116, 1.1355195504969644, 1.613187140701321, 1.5466430653469676, 1.4894294389761522, 1.8608474723468011], [2.849321448018702, 4.541581143712713, 1.8828773605193718, 12.270573187088067, 1.3758479037401867, 3.6222989670745633, 1.6787625222348546, 1.7784026524378318, 3.0322671443295057, 1.8704321374956325, 2.478303873595302, 3.464741231379878, 1.5808426079508513, 1.2630984421044595, 1.4194609911988678, 2.6244613112010664, 1.4348420444861816, 1.6618298211561817, 1.496810707470607, 2.72603103017972, 1.9454172950773005, 1.7001952417604782, 1.1239895028876568, 1.4770045910009273, 1.9572166479933337, 1.1567965467405439, 1.080221565729318, 1.1966565520489458, 1.207987873287731, 1.275834085774802, 0.9132712728008943, 1.8304016001461174, 0.9621049866896386, 1.6617193579628944, 1.7011691898797183, 1.6291370743188467, 1.8973207301764903, 1.6605485336940577, 1.0368482889488646, 1.6381589774997372, 1.4387808207278427, 1.6528801593400482, 1.1344808911946942, 1.6857405000205692, 0.9532999547007126, 0.8460292124849972, 1.6316409139880808, 0.7366790708568794, 1.8485965764929757, 1.463304776066945, 1.5092128084158682, 1.3181325457934145, 1.4364990583455064, 1.1903956068687702, 1.2734122645831345, 0.9267558706059814, 1.1540622561226874, 1.223774488549647, 1.8912553344496197, 1.2400186108912494], [1.265893398803187, 1.435443056184457, 1.3749357417630819, 1.3758479037401867, 9.553316446795455, 1.6924575856595496, 3.798162496098053, 2.889095049417194, 1.8269477122435342, 2.487680970487223, 1.9742437181626609, 1.1734487396560331, 2.510730658716899, 3.2707302402765923, 1.0471039358948773, 1.505148651429864, 1.6309280075487862, 4.034202202316809, 1.3144176607172546, 2.2843387784678915, 1.5868228892985234, 1.169783268123273, 1.2379829161838625, 0.8679482776326257, 1.5150897610417466, 1.2956031886255586, 1.7349687875485855, 1.3703071288808448, 1.1381874113983124, 1.05029921539256, 1.1021121053200127, 3.1157409467379846, 0.9398796765555029, 1.31810489643574, 2.2373530586082455, 1.1102103968551125, 1.4118113424835945, 1.4049918165818442, 1.4505354367640424, 1.5999631913152745, 1.5398034848998214, 1.0804709068806835, 1.4513350199555632, 1.3652662713899433, 1.877854401499327, 1.4518969754673918, 1.8004700551129271, 1.2745182219967814, 1.7126827064884904, 0.993368783087413, 1.4422290817381334, 1.613703282895553, 1.6054996687995755, 1.6489815571444904, 1.8338410777663037, 1.4603025165441996, 1.6872422945487, 1.2379551989485318, 1.41561629701202, 1.9879094776963695], [1.920127491972262, 3.5910006629075872, 1.8942066381310319, 3.6222989670745633, 1.6924575856595496, 13.623695418050817, 2.2010788140937856, 1.728664927771892, 2.465474931889832, 2.520360484757784, 3.6618121438275844, 3.8229141746185946, 1.9672686442509282, 2.4320514141943472, 1.913932658493802, 2.8297554882681295, 1.0224132905540484, 1.7330986748263248, 1.0570191400094264, 4.226516419579891, 2.3232306272384085, 1.361748364450948, 1.7870663696755271, 1.294706592723905, 1.4489768148880966, 1.3576508442246409, 1.8808359370706829, 2.4766261519895294, 2.473997395568551, 2.8026416104429557, 1.0972311653246563, 4.8607309880426355, 0.8804545973807396, 1.6400568074390156, 1.1947691000888885, 2.0245693926015425, 1.3318723798498615, 1.6584433080276415, 1.2302371292578875, 1.6694509669209558, 1.7989746158601485, 1.474576679936398, 1.0910299474134932, 1.388683867783849, 0.9157707093758475, 1.0810869995267733, 1.7654915298115192, 0.6386841598501493, 2.1216794743340763, 1.2181155112343096, 1.990496510702609, 1.461843885685461, 0.9837330381723486, 1.08298647401433, 1.6720263480257784, 1.7305982856110194, 1.391748672115967, 2.278338670453979, 1.87162665178411, 1.687320839715306], [1.9626928005622883, 2.56591309065285, 1.7433668296824003, 1.6787625222348546, 3.798162496098053, 2.2010788140937856, 7.422684344321708, 3.3487836020226505, 1.8077357639717437, 2.6026075375173874, 1.93420517529139, 1.6518650570879556, 2.4090613769202758, 3.1458420407469356, 1.6491467079543283, 1.6156912106095056, 1.449358761847105, 3.447396816485141, 1.3289820092434346, 2.895700474046725, 1.6726840988751095, 1.457306761345248, 1.1975327305453993, 0.9893600276458809, 1.582690982871636, 1.8234867119932832, 1.6566912312081887, 1.5161767591098443, 1.3517423933198511, 1.5012895184392687, 0.9290615035882266, 3.819735308679917, 1.192678327584846, 1.3184589345786735, 2.192948915290957, 1.5380881214113544, 1.551386737497889, 1.5979528892513575, 0.8735866698296373, 1.2691681377838195, 1.461780590293171, 1.6637204815213937, 1.3846561390779986, 1.4220870913228574, 0.8517060895051287, 1.3525638848933614, 1.4930738596378668, 1.058607102665561, 1.522380510483439, 0.912087068189584, 1.8044103901216317, 1.7500316679215417, 0.7462461894391802, 1.0563924279009673, 1.3379767345711076, 1.6697853339050892, 1.3202421043299992, 1.4147338224395556, 1.5133351866333287, 1.0296862053771367], [2.5408977454578983, 1.802601384879033, 1.893684765706508, 1.7784026524378318, 2.889095049417194, 1.728664927771892, 3.3487836020226505, 14.793850364054267, 2.048552615090028, 2.4207031834452732, 1.8429916095230485, 2.0915971923710206, 2.1942953170640958, 3.4831531893274565, 2.3345742796629865, 1.8057923131092704, 2.5059445957147783, 2.3488437281577053, 1.779143187866301, 3.4214956470133817, 1.539184691877324, 1.4628831873315034, 1.7765434996898324, 1.3656813492134, 2.100720284423402, 2.0420182784236456, 1.3287692443398267, 1.5729039408434315, 1.6702238163065737, 1.2323392581174522, 1.3305156124927275, 3.2426102299064747, 2.3603403589418526, 1.6995580525374951, 2.7005950442165645, 2.293467126367936, 1.728469659779478, 1.534853126398366, 1.5581400031194184, 2.0498913304609125, 1.8046622752117112, 1.4808822745338999, 2.0062402852315895, 1.3088849115178622, 1.2246316237416555, 0.923256097788802, 1.5322332767837112, 1.485383920202942, 1.5972938843423499, 1.3527060569792049, 1.5061095350874123, 1.591429114823127, 1.2482973549892764, 0.9818207568860654, 0.9463110384880894, 1.4875844358760721, 1.7753175443797924, 1.5223832853266537, 1.4997966201597346, 1.0945102631153703], [1.7317533815979458, 2.5816218835290385, 2.204605470523627, 3.0322671443295057, 1.8269477122435342, 2.465474931889832, 1.8077357639717437, 2.048552615090028, 8.206854781225584, 2.34089425028709, 1.9714342168124854, 2.5035028047918337, 1.7436178491795171, 1.9562352669644647, 1.4487852890749464, 2.7307293879900554, 1.7746736125029121, 1.839517856948843, 0.7338597670160216, 1.8690118428996974, 1.6773785082109363, 1.1258312947165587, 0.8978446585774379, 1.3461531386118142, 1.4972024206272145, 1.0813920491892852, 1.3507793631386453, 1.1275043638816915, 1.4175753426824538, 1.1648943361337913, 1.2152560594570898, 2.788371227797298, 1.2508905015264398, 2.235276262202897, 1.2900020129589143, 1.588571157916166, 1.9087089105111725, 1.62432583859962, 1.3794771245169724, 1.7059762396414322, 1.7109631803200427, 1.511675364589865, 1.5208446587079492, 1.3518965407158732, 0.919789909577675, 1.015450946195583, 1.7715602566726765, 1.0865351213252474, 1.211466459749557, 1.57302055109525, 1.5064081392070567, 1.7735188685678662, 1.8964239702538053, 1.0399751199643306, 1.3976219944981254, 1.0672989074062338, 1.123184392983249, 1.93613614619707, 1.3889711624752086, 1.7342099816987857], [1.828915387968018, 1.6420457494724807, 1.9479488340174185, 1.8704321374956325, 2.487680970487223, 2.520360484757784, 2.6026075375173874, 2.4207031834452732, 2.34089425028709, 7.673919267931354, 2.0319540245142327, 1.8229014092714422, 2.0377796638762122, 2.868518541637679, 1.4718146990445173, 1.7775408071530603, 1.555800601625091, 2.7884617534783422, 1.2776393493410285, 2.8899538117441326, 1.7897203306617766, 1.8232935841307152, 1.376964131190179, 1.6685939382871318, 1.7954652457022735, 0.9980941601346334, 1.3085848237916025, 1.2772759177036805, 1.1330701188073318, 1.3062971978034954, 1.7769459039405497, 2.0944902839024886, 1.2727850138709134, 2.044650222424145, 1.9503928307406224, 1.5911765700591354, 1.8903238283582702, 1.6491625164735584, 1.3193273495792988, 1.8382113116400736, 1.7092639137312033, 1.650858746997159, 1.8252561308540705, 1.2293214565723816, 1.2266509648202168, 0.9235618937368003, 1.837147803126191, 1.3695354193415128, 1.6421029845554271, 1.2215926968874866, 1.2748772706283666, 1.8077253543664638, 1.7004240969843685, 0.9129551803463298, 1.6579674075812472, 1.5978459279750556, 1.3711236523493326, 1.7020306770084468, 1.3236209852605632, 1.672837967560341], [2.923605331422914, 3.208048942104376, 1.6234673546665142, 2.478303873595302, 1.9742437181626609, 3.6618121438275844, 1.93420517529139, 1.8429916095230485, 1.9714342168124854, 2.0319540245142327, 14.079212778704214, 2.6084803729707273, 1.476965903261298, 1.5479891433077204, 1.123343819245279, 2.1424669260298552, 1.0417773894405251, 2.1459640614826117, 1.1338356883675371, 1.6074354934829613, 1.3817629588178983, 1.3076102387138628, 2.2710971886771967, 1.1366109329640826, 1.364897726873845, 1.7182786331132296, 2.5781604818797574, 2.1950486068767847, 1.8719879870653129, 1.9749183327787754, 1.730407173864979, 2.0671449078836246, 1.5232810694879382, 1.5625724250071849, 1.228737517123054, 2.1038747258706976, 1.2437098771347304, 1.8586114154446594, 1.5000711282414692, 1.7841903897180789, 1.2953214308202603, 1.5302963269381886, 1.5641448850865518, 1.4698677647667138, 0.7760282526634734, 1.5612185569757084, 1.9838365067110955, 0.9600804128600733, 2.198099683035153, 1.7761354709883592, 1.7049520048215303, 1.4040732125335904, 1.329833353515464, 1.3703643465361, 1.647963495973501, 1.799614747459894, 1.1480916928153553, 1.554241855708814, 1.8407367046531509, 1.2637555170840404], [2.36801086097207, 3.6935197336931496, 1.3703828053445577, 3.464741231379878, 1.1734487396560331, 3.8229141746185946, 1.6518650570879556, 2.0915971923710206, 2.5035028047918337, 1.8229014092714422, 2.6084803729707273, 18.133992817715953, 1.5643516337005072, 1.0888432258179221, 2.6245157447028635, 2.8072669149443548, 2.337352361606556, 1.5052958497928373, 0.7891531353514653, 6.468048090462169, 1.009435027091961, 1.5533169167293555, 1.822619894144556, 2.1933264222115936, 1.5823451147431244, 2.731476841798053, 1.8292119072084698, 2.680443097152557, 1.3794087900752074, 1.7271181939120546, 1.9860964886333021, 1.2353820790420373, 1.5547768311628472, 1.616956475904367, 0.8054569260060676, 2.004134068543155, 1.546986952077057, 1.2230683596876815, 1.2736204005992853, 2.096256822471538, 1.7464076183964283, 1.599935162628179, 0.9731070878464407, 1.0712806173572293, 1.1925258405624388, 1.0063904708699387, 1.8203988852462536, 1.9687298638096649, 1.6060772023157528, 2.3835793206056075, 1.4425668043384137, 1.0736182314382658, 1.2247766093368349, 0.9369093245980763, 1.2591401956327515, 2.092300166411674, 1.250899082166215, 1.908695494652892, 1.1500926368758682, 1.602662785865988], [1.1615281470006018, 1.5144771294309203, 1.6966362416165983, 1.5808426079508513, 2.510730658716899, 1.9672686442509282, 2.4090613769202758, 2.1942953170640958, 1.7436178491795171, 2.0377796638762122, 1.476965903261298, 1.5643516337005072, 7.531717782314737, 2.8892785664960803, 0.8644367418555937, 2.11873465729967, 2.3309395743970276, 2.8512046814882397, 1.1759027902386296, 1.7131681944443575, 1.7757474667303461, 1.501056893113191, 1.1050817729578923, 1.2525327857800335, 1.598276296260682, 1.303843341996364, 1.2111119056583814, 1.3244833125797766, 1.2119808820558766, 2.0754522246893425, 1.5589807222738874, 3.801665332875502, 1.4252262991216484, 1.8859555972547841, 1.370754075140536, 1.5522403499732351, 1.2054390239221864, 1.5499125524006045, 1.5933545120814299, 1.4134840303532543, 2.40321150011085, 1.4018703732204238, 1.6746507457611535, 1.4646723229516132, 0.8622663851345579, 1.5352144237048375, 2.0690681490385843, 1.3426930457293893, 1.3062509441481451, 0.6719359606102918, 1.4655399876322477, 1.8413766857305924, 1.5282892249003017, 1.3536799920416809, 2.009711557367797, 2.0538492259553784, 2.378573496144629, 1.4266516656770911, 1.2901433935412077, 2.19163244950891], [1.952359052127283, 1.611723218326587, 1.1090578152064783, 1.2630984421044595, 3.2707302402765923, 2.4320514141943472, 3.1458420407469356, 3.4831531893274565, 1.9562352669644647, 2.868518541637679, 1.5479891433077204, 1.0888432258179221, 2.8892785664960803, 15.657504246608243, 1.7679769250616608, 2.069217875928053, 1.522226155069933, 2.7461348134321013, 1.631049436443481, 3.179883589849944, 2.2212667481251094, 1.7865959526563049, 1.4927170599191655, 1.5965866595531741, 2.206979276638064, 1.8485541604836193, 1.4090970872257649, 1.6265037865138652, 0.7803695993668659, 1.3305560586635943, 1.0151457757638462, 4.342921337886118, 1.0556713216262437, 1.7158584084928912, 1.9971580367590005, 2.4294929777945273, 2.151403195482089, 1.6570140268200082, 1.645012894668181, 2.125654894936641, 2.0483336762870863, 1.7293322067017338, 3.0497685408182944, 1.030083469540249, 1.4058108941204503, 1.326195040956112, 1.6115854228997846, 1.4159437261516266, 2.681478671405882, 0.9671065530814555, 1.4769666087472753, 2.4852404169910947, 1.0173026724971, 1.340457723459661, 1.4821436698122232, 2.476906457399212, 1.4899080754381844, 1.3807239107035374, 2.171956056832019, 1.3183089102834866], [1.8119751823986818, 1.9772532588455172, 0.9511258615847069, 1.4194609911988678, 1.0471039358948773, 1.913932658493802, 1.6491467079543283, 2.3345742796629865, 1.4487852890749464, 1.4718146990445173, 1.123343819245279, 2.6245157447028635, 0.8644367418555937, 1.7679769250616608, 36.579991795805995, 1.2625413743458558, 1.5532357816321254, 1.2793888647978424, 1.1904042273396558, 3.5990541069297857, 1.425952468483533, 1.5231658986073087, 1.7072875111554833, 1.6263194920798691, 0.95501668748376, 2.017962135681995, 1.8442574013468926, 1.691097591511315, 3.3803328341914476, 2.6618382865962067, 1.3963893993973422, 1.9780476958636342, 1.7668820071473579, 1.1502923589554666, 0.8195260796818219, 0.9322848405130976, 1.3576629040552612, 1.1024688551644168, 0.6169653882614616, 0.8100017846199244, 1.134838537765903, 1.6772422360171322, 0.8394803908925667, 1.4555948852568548, 1.8789858077202377, 1.4757698977551088, 1.0579873860648317, 1.7475883267720758, 2.5670745288773316, 1.971198938758729, 1.5260046962046352, 1.138530818564965, 1.3270641430740737, 0.9650743565330488, 1.171890892879042, 1.646221194319632, 1.1275599735787991, 2.8800647219737363, 2.771146406026617, 1.1977419862314116], [1.8349122899117962, 3.0053555753707895, 2.119707282646062, 2.6244613112010664, 1.505148651429864, 2.8297554882681295, 1.6156912106095056, 1.8057923131092704, 2.7307293879900554, 1.7775408071530603, 2.1424669260298552, 2.8072669149443548, 2.11873465729967, 2.069217875928053, 1.2625413743458558, 7.932160519676631, 2.0150458058267713, 1.9982770678490227, 1.1557124635259177, 1.3253510961085242, 1.724993894074137, 1.0010637481135376, 1.1814904358244138, 1.1354473304306514, 1.6891098072693627, 1.5850995061708446, 0.8834850413291425, 1.1638416646631573, 1.5128266560976025, 1.1472818655224015, 1.665740306644849, 4.808151022093958, 1.309275874275819, 2.313236916701007, 1.389125784837586, 1.7159604047726673, 1.491491666285225, 1.6531475332910261, 1.3027583944815129, 1.6692844899922188, 2.2410358762131204, 1.3633446292785696, 1.794223323778704, 1.4847138555111166, 1.0621476847880833, 1.4737413110884734, 2.347278366667357, 1.4464176954124313, 1.7146699320887284, 0.861686252857661, 1.3523517197870218, 1.535276257306993, 1.9226554984014772, 1.06615199531554, 1.908943033669817, 1.6235249160071106, 1.1945428397360436, 1.4526931446543436, 1.7548643635661116, 1.4709106386321702], [1.2632060165774073, 1.2517221811112622, 1.9670084464432525, 1.4348420444861816, 1.6309280075487862, 1.0224132905540484, 1.449358761847105, 2.5059445957147783, 1.7746736125029121, 1.555800601625091, 1.0417773894405251, 2.337352361606556, 2.3309395743970276, 1.522226155069933, 1.5532357816321254, 2.0150458058267713, 39.57237922212964, 1.4780714755166444, 1.3097181420316928, 1.4030885169367278, 0.8567813678099696, 2.801442908498259, 1.7167835601347385, 1.6057463731736892, 2.0346646541891973, 2.1407387087269645, 2.485880017807992, 1.4634087928461845, 1.949327437019055, 1.6139314180936097, 1.1353885106164066, 0.8233859552182965, 1.7419887180148343, 1.7394999824454782, 0.9319001696508182, 1.4512712574966744, 1.2366686913468967, 1.2581236300748395, 1.1018905978869349, 2.5451726177008096, 1.6390014697025055, 1.5002889813758182, 1.4407002369619732, 0.9402535736664868, 3.378853428750228, 2.021768961609799, 1.8243974952251982, 2.460025690230451, 1.8076386270239064, 2.60418801854071, 1.8077938259009538, 1.7303877859562722, 1.582827254426711, 1.0818848028564458, 1.5935213723616106, 1.1356316659166643, 0.841632273067064, 1.5742260198946882, 1.0274761573550535, 2.685832602964996], [1.4300315160589323, 1.8305197198526004, 2.0262911758064996, 1.6618298211561817, 4.034202202316809, 1.7330986748263248, 3.447396816485141, 2.3488437281577053, 1.839517856948843, 2.7884617534783422, 2.1459640614826117, 1.5052958497928373, 2.8512046814882397, 2.7461348134321013, 1.2793888647978424, 1.9982770678490227, 1.4780714755166444, 9.968638439883714, 1.112756872660045, 1.6566595339338932, 1.7125117462212704, 0.9459978603369418, 0.7444671689738042, 1.3161318943043143, 1.7225731945284122, 1.8544415784591672, 1.1098859967944803, 1.588150714740352, 1.7210291841870071, 1.4025976170205914, 1.221529529423242, 6.199565824505127, 1.309141025787535, 2.4558967109869014, 2.2516117501705915, 1.0239827147244487, 2.1305047673278845, 1.9127185926050738, 1.511081503489445, 2.3946317204525838, 2.0705437675864875, 1.4833717206573227, 1.1475606251313657, 1.87804347208467, 0.8282969299380026, 1.2384791105611859, 2.026593343127359, 0.7017039442266317, 2.4954561827241433, 1.132802824867888, 0.9735432844346759, 1.9563122839603904, 1.8395509069319265, 1.2775100272059272, 1.6503245270275966, 1.5893399885025328, 1.2902300684201466, 1.1568751938053186, 1.2570374464189649, 2.086028440543172], [1.3006900986520535, 1.4910644774493211, 1.1976036632752463, 1.496810707470607, 1.3144176607172546, 1.0570191400094264, 1.3289820092434346, 1.779143187866301, 0.7338597670160216, 1.2776393493410285, 1.1338356883675371, 0.7891531353514653, 1.1759027902386296, 1.631049436443481, 1.1904042273396558, 1.1557124635259177, 1.3097181420316928, 1.112756872660045, 11.028389931484146, 1.6647740483080211, 1.053197389776174, 1.7219797052217838, 1.2480802933277262, 1.287705636824694, 1.9671051744468218, 1.6280520494162283, 1.0832071453096395, 1.4349992811938144, 0.8268093010177122, 1.319363548967072, 1.5486232602417433, 1.73773185097576, 1.9410712216213213, 1.2121683795580769, 1.224080860463897, 1.5326296653117903, 1.3334738955107557, 1.8290974491573886, 1.5803257331472225, 1.812831774242401, 1.214987623357424, 1.6576961158630314, 1.4509253882558943, 1.2788430563370468, 1.6131838597743113, 0.8554101278396629, 1.5857012933389028, 0.813888447155202, 1.178154114571931, 1.3563879348236312, 2.187601123950756, 1.5896811978034164, 0.6866601333748488, 1.8941654737687754, 0.723426808726501, 1.4852411945540864, 1.7669642399922252, 1.029780161342972, 2.205610039202288, 1.2430067126644258], [2.543253065576866, 2.0266926124587146, 1.089840429650346, 2.72603103017972, 2.2843387784678915, 4.226516419579891, 2.895700474046725, 3.4214956470133817, 1.8690118428996974, 2.8899538117441326, 1.6074354934829613, 6.468048090462169, 1.7131681944443575, 3.179883589849944, 3.5990541069297857, 1.3253510961085242, 1.4030885169367278, 1.6566595339338932, 1.6647740483080211, 28.662982074234293, 1.0222817978392182, 1.3571408469083568, 2.3260439711498, 0.9014410670371801, 2.068096208062753, 2.7046093535157514, 2.313448783069362, 2.3066463135393676, 2.130728108949155, 1.5135541560849937, 1.3518587292635527, 1.360992025412904, 1.1648799902431315, 0.9935110820049793, 1.307141914946056, 1.2982268437473161, 1.1959635474431427, 1.4091427584451828, 1.1213552947499656, 2.5523647617916145, 1.554117475685894, 2.148147530385377, 1.2989352336384765, 1.143272223889449, 0.6477554557294147, 0.6704466065204687, 1.0831607552632392, 1.148915617424536, 1.781450868392829, 1.5891783012729452, 2.5131863296545993, 1.5599940404614616, 0.47921278345308344, 1.27404629352081, 1.82014660292166, 2.437570530386461, 1.057051595053032, 1.6866279281171146, 2.0319178840898475, 2.1352945542141124], [1.638432284395871, 1.3675630651189203, 1.321525187321144, 1.9454172950773005, 1.5868228892985234, 2.3232306272384085, 1.6726840988751095, 1.539184691877324, 1.6773785082109363, 1.7897203306617766, 1.3817629588178983, 1.009435027091961, 1.7757474667303461, 2.2212667481251094, 1.425952468483533, 1.724993894074137, 0.8567813678099696, 1.7125117462212704, 1.053197389776174, 1.0222817978392182, 17.038149984553044, 0.9296404000523352, 3.0875546494479864, 2.130479596316147, 1.5616608895678155, 1.2131560439633688, 2.4280364793208253, 1.2715108211455504, 4.987517780462862, 3.1111348126211547, 2.635193793173087, 16.19155665110202, 1.6208625783508612, 1.8212303288798346, 2.1632668007171185, 1.596082304340483, 2.4527056535186027, 2.7181839068285734, 1.1661475239813968, 1.6153488431603789, 2.906791499119669, 1.0025755785640846, 2.061300565939073, 1.490232501842586, 1.1844631453254795, 1.164029555884252, 2.001777666059932, 0.8277822865998485, 2.1942341800311183, 0.7089912733724665, 1.2420140177492525, 2.7024871887784006, 0.7204930869262712, 1.380366836805474, 1.3481299670237201, 0.9414245760481519, 1.7101913398245776, 0.7901324337136848, 0.9715681467020828, 1.1256914733153307], [1.6407701704256341, 1.683301622866241, 1.5709667774641294, 1.7001952417604782, 1.169783268123273, 1.361748364450948, 1.457306761345248, 1.4628831873315034, 1.1258312947165587, 1.8232935841307152, 1.3076102387138628, 1.5533169167293555, 1.501056893113191, 1.7865959526563049, 1.5231658986073087, 1.0010637481135376, 2.801442908498259, 0.9459978603369418, 1.7219797052217838, 1.3571408469083568, 0.9296404000523352, 23.650676648283643, 2.1509755895704865, 3.174132896565611, 2.6448163703283947, 1.938636026168679, 2.774174252488229, 3.1613034538764793, 2.143565099712199, 2.1511520974594904, 2.366605773239283, 6.113816123373206, 2.527699330521225, 1.2945340122993307, 1.2106503317171367, 2.295319691885258, 1.3500299300753067, 1.2187748053950602, 2.1489470713177083, 2.3124404257972158, 1.3618604630513187, 1.3775677906082613, 1.7571743267349869, 1.4295922329200652, 2.7475825396852613, 0.7332703901951504, 1.4565547426538217, 2.8300632217676926, 2.0913845829269246, 2.078769720190466, 1.1061624375829553, 1.661685666447438, 1.5220287513597583, 1.6581748221307009, 2.008519888674366, 1.4732921534067205, 1.540467933856354, 2.212007190891061, 1.5266514998076042, 1.7658905055608343], [2.377409296874811, 3.400480186801672, 1.3990681763739303, 1.1239895028876568, 1.2379829161838625, 1.7870663696755271, 1.1975327305453993, 1.7765434996898324, 0.8978446585774379, 1.376964131190179, 2.2710971886771967, 1.822619894144556, 1.1050817729578923, 1.4927170599191655, 1.7072875111554833, 1.1814904358244138, 1.7167835601347385, 0.7444671689738042, 1.2480802933277262, 2.3260439711498, 3.0875546494479864, 2.1509755895704865, 25.42322007139163, 1.4335820106824986, 1.8335601270969655, 3.378912763640208, 4.754012388370438, 3.552140351088128, 2.8599137083233472, 3.160894304320526, 3.1762097600579406, 3.593126507979141, 2.667487919579104, 1.233141809454413, 1.1233544602638692, 2.775241759363125, 1.4983570878721943, 1.1896403750074331, 2.3962494826162035, 1.3937829948087277, 0.6969974750159914, 1.925688682786907, 1.1423238910040063, 0.8772599690792557, 1.2905264675448744, 1.0656267677943687, 0.9598382749552148, 1.3090786299884574, 2.1682547240581997, 3.74117487983464, 2.14876376075334, 1.1965519825190016, 0.988724119522587, 1.7626076572882101, 1.8900682820121908, 2.8926835771141817, 1.739213599625469, 1.841403428782308, 1.7925824651793811, 0.8220389507843819], [2.4253722992275026, 1.3630053242894016, 1.0971461965256348, 1.4770045910009273, 0.8679482776326257, 1.294706592723905, 0.9893600276458809, 1.3656813492134, 1.3461531386118142, 1.6685939382871318, 1.1366109329640826, 2.1933264222115936, 1.2525327857800335, 1.5965866595531741, 1.6263194920798691, 1.1354473304306514, 1.6057463731736892, 1.3161318943043143, 1.287705636824694, 0.9014410670371801, 2.130479596316147, 3.174132896565611, 1.4335820106824986, 18.557286263613513, 3.0825194284242214, 1.7831777666025221, 1.4584739864494627, 2.6631170503791806, 3.612989689615028, 2.1772580344921884, 2.0909737356397637, 2.0083604093467824, 2.123766005241595, 1.6593986371736684, 1.3346518572829482, 1.4577596113890743, 2.037944407140981, 1.66634224582464, 1.4018172071319857, 1.8641191691485057, 1.2945520585254453, 1.8715873089527935, 1.3250663043639768, 1.2684324039103596, 1.4210060958735578, 1.3550234584782632, 1.2025248440289993, 2.1272810552610366, 1.175145312955312, 1.5971126035105254, 1.7493272326529106, 1.715331031128529, 2.9291088022663168, 2.0834021341943405, 1.2001489822774278, 1.0551954808082702, 1.6158245976488614, 2.011950217108479, 1.4814793540642555, 1.7595459107822375], [2.5297592150482373, 2.1238562819825755, 1.8115157519860756, 1.9572166479933337, 1.5150897610417466, 1.4489768148880966, 1.582690982871636, 2.100720284423402, 1.4972024206272145, 1.7954652457022735, 1.364897726873845, 1.5823451147431244, 1.598276296260682, 2.206979276638064, 0.95501668748376, 1.6891098072693627, 2.0346646541891973, 1.7225731945284122, 1.9671051744468218, 2.068096208062753, 1.5616608895678155, 2.6448163703283947, 1.8335601270969655, 3.0825194284242214, 16.37592673863816, 1.8088317756515742, 2.1133368794857073, 2.465994389098175, 2.2597441084459082, 1.7969613542250076, 3.201758314444396, 0.8598954618901774, 2.3915605683311743, 1.6477004587507769, 1.6014278095066476, 1.4486776224948896, 1.61336337586536, 1.6061510285989042, 1.1722489555782463, 1.8960712998669875, 1.2378801344158115, 1.8576866273991173, 1.4265392666902383, 1.4098203256865052, 1.3460874495092239, 1.123193970367333, 1.854013245048472, 1.8431807640826525, 2.023483132899949, 1.325437208227258, 1.5642428763068297, 1.821262309861598, 1.461478148525392, 1.0609187050988445, 1.4884492397758335, 1.9089954796768491, 1.4093623703498934, 1.8551481592560881, 1.3528803430484284, 1.9751885945045131], [2.041929598711971, 1.8199346984176392, 1.0610707520192688, 1.1567965467405439, 1.2956031886255586, 1.3576508442246409, 1.8234867119932832, 2.0420182784236456, 1.0813920491892852, 0.9980941601346334, 1.7182786331132296, 2.731476841798053, 1.303843341996364, 1.8485541604836193, 2.017962135681995, 1.5850995061708446, 2.1407387087269645, 1.8544415784591672, 1.6280520494162283, 2.7046093535157514, 1.2131560439633688, 1.938636026168679, 3.378912763640208, 1.7831777666025221, 1.8088317756515742, 19.685470554887623, 3.2302868777897187, 2.295011696785924, 2.4960605163174985, 2.2588171799285752, 1.375498993795599, 1.8231296931243473, 2.5901598667402705, 1.5070231850109836, 1.0588225460189185, 3.310647127979113, 1.859713525681817, 1.7191437701411074, 1.1828153307611051, 1.3653648554490143, 1.680603541742176, 2.7330802815049697, 0.8305362046823099, 1.3552619599759703, 1.5275590702380752, 2.65753435078445, 1.3817790246439263, 1.2500464444678623, 2.9067357874436834, 1.1397053486735802, 1.9729354457448982, 1.5494575549916942, 1.7021047198029824, 1.56651702002186, 1.2199369103635105, 2.2899444178741124, 1.7917626236472413, 3.0117500742111494, 2.638007262833602, 1.6834725490469968], [2.405937884894613, 2.141413048369677, 1.178902128752552, 1.080221565729318, 1.7349687875485855, 1.8808359370706829, 1.6566912312081887, 1.3287692443398267, 1.3507793631386453, 1.3085848237916025, 2.5781604818797574, 1.8292119072084698, 1.2111119056583814, 1.4090970872257649, 1.8442574013468926, 0.8834850413291425, 2.485880017807992, 1.1098859967944803, 1.0832071453096395, 2.313448783069362, 2.4280364793208253, 2.774174252488229, 4.754012388370438, 1.4584739864494627, 2.1133368794857073, 3.2302868777897187, 26.545184703454442, 3.705754998563209, 4.005129159314412, 3.480373564549776, 2.5571936090740195, 2.831288760577976, 2.2374753611539258, 1.234452321558133, 1.1250259243564291, 1.8909098234419284, 1.326085656012992, 1.799963238461202, 1.5929831433896529, 1.5879246436117866, 0.804691025612498, 2.2100660962766625, 1.1072549788906174, 1.038714632063627, 1.6813180180219167, 2.167372917117186, 1.3494393377487643, 1.7318490851355541, 1.781141806137978, 3.024497923611383, 2.912351251246468, 1.6782960264042113, 2.0012706222958943, 1.7271663991848447, 1.573736620244052, 2.330111864528119, 1.5045096308234462, 2.018691839363226, 1.007845093498197, 1.2514381542232267], [2.168949427596636, 2.2780897504596864, 1.4875077291736367, 1.1966565520489458, 1.3703071288808448, 2.4766261519895294, 1.5161767591098443, 1.5729039408434315, 1.1275043638816915, 1.2772759177036805, 2.1950486068767847, 2.680443097152557, 1.3244833125797766, 1.6265037865138652, 1.691097591511315, 1.1638416646631573, 1.4634087928461845, 1.588150714740352, 1.4349992811938144, 2.3066463135393676, 1.2715108211455504, 3.1613034538764793, 3.552140351088128, 2.6631170503791806, 2.465994389098175, 2.295011696785924, 3.705754998563209, 21.522658352820436, 3.063163891206266, 3.201427146178555, 1.9414637677452216, 1.8699854194960208, 1.783044042525469, 1.3984956218757654, 0.8981313239625717, 2.5526583275844863, 1.405821067480169, 2.0513911421365503, 1.4998477172176539, 1.447402753035275, 1.427297899433999, 2.4420244106376483, 1.3619574457921702, 1.2253329919390041, 1.331015899701009, 2.34009909142089, 1.5086390363414552, 3.182065158039223, 2.411294607876574, 3.2965765451709705, 2.089697723391808, 1.4854894077663467, 2.7147454868610366, 2.0685822272540793, 2.0511604071590255, 2.2239053431822327, 1.1810924784099466, 2.3777203418243666, 1.6918509825406483, 1.1304972596386227], [2.387037217221869, 2.433123089960511, 1.3760342927971483, 1.207987873287731, 1.1381874113983124, 2.473997395568551, 1.3517423933198511, 1.6702238163065737, 1.4175753426824538, 1.1330701188073318, 1.8719879870653129, 1.3794087900752074, 1.2119808820558766, 0.7803695993668659, 3.3803328341914476, 1.5128266560976025, 1.949327437019055, 1.7210291841870071, 0.8268093010177122, 2.130728108949155, 4.987517780462862, 2.143565099712199, 2.8599137083233472, 3.612989689615028, 2.2597441084459082, 2.4960605163174985, 4.005129159314412, 3.063163891206266, 18.522471965124378, 3.31825590652432, 3.8438344739086348, 4.757154936976421, 2.624238059771725, 1.4351015766455244, 1.3109383748590937, 1.2958962232913391, 2.0845265456558715, 2.7597970658242037, 1.4347596700905179, 2.5509466157849823, 2.0921221587413874, 1.4152264035387678, 1.275756200611236, 1.9062889529487321, 2.5987213267221985, 1.539219994711138, 1.9375654401668838, 0.7550824761233044, 2.6588204887570477, 1.575188249415791, 2.9687824752126657, 2.1478368494904148, 1.0701396441512085, 1.880984717741096, 1.3537678035545508, 2.0321468664974986, 1.7616302873732, 2.9052524941607296, 2.1215719532221526, 1.0209481058980934], [1.8695474833754007, 1.5063463150226781, 0.9597193864561033, 1.275834085774802, 1.05029921539256, 2.8026416104429557, 1.5012895184392687, 1.2323392581174522, 1.1648943361337913, 1.3062971978034954, 1.9749183327787754, 1.7271181939120546, 2.0754522246893425, 1.3305560586635943, 2.6618382865962067, 1.1472818655224015, 1.6139314180936097, 1.4025976170205914, 1.319363548967072, 1.5135541560849937, 3.1111348126211547, 2.1511520974594904, 3.160894304320526, 2.1772580344921884, 1.7969613542250076, 2.2588171799285752, 3.480373564549776, 3.201427146178555, 3.31825590652432, 17.710951151617607, 2.3671991320539534, 4.913078006928576, 2.189704266898717, 1.0892648953394874, 1.0203518436953105, 2.303636759766018, 1.1206144298156222, 1.8491865671895895, 1.4728862377326284, 1.7119696145703058, 0.8898262533813601, 2.737718753301455, 0.786255673638973, 1.3838052208954847, 1.7770346278786546, 2.514781369654063, 1.2692074451706294, 1.7032514860634245, 1.6851037716624984, 1.7660230774476673, 2.5315429496388746, 1.6923354208184622, 0.9035039951936755, 1.5057564494042417, 1.126539157020326, 2.0436615585562117, 1.5437877829438758, 1.809264373291038, 2.0191367102460207, 1.7395034031056513], [1.296015893887491, 1.7641400750623364, 1.2463837621229337, 0.9132712728008943, 1.1021121053200127, 1.0972311653246563, 0.9290615035882266, 1.3305156124927275, 1.2152560594570898, 1.7769459039405497, 1.730407173864979, 1.9860964886333021, 1.5589807222738874, 1.0151457757638462, 1.3963893993973422, 1.665740306644849, 1.1353885106164066, 1.221529529423242, 1.5486232602417433, 1.3518587292635527, 2.635193793173087, 2.366605773239283, 3.1762097600579406, 2.0909737356397637, 3.201758314444396, 1.375498993795599, 2.5571936090740195, 1.9414637677452216, 3.8438344739086348, 2.3671991320539534, 14.84074775441685, 4.189558369873287, 2.1629211812926292, 1.7885387515707172, 1.7131572481700594, 1.6695677103110167, 1.2383068565984603, 1.9416827100019556, 1.6549948708125424, 1.9874544068104645, 1.2045342755309614, 1.003032690300495, 1.528199143622205, 1.0922559227310045, 2.3435069747784683, 1.4340213416972072, 1.6948271903865064, 1.6992306241846158, 1.9133881449649595, 1.6479699239206356, 1.5254182276327268, 1.6097365346203933, 2.1819210022848137, 1.0079533863763341, 1.8736620941332074, 0.8870752612413948, 0.880401567810405, 1.7942955214249487, 0.7935132390652243, 1.1557967493717376], [1.7407756562160788, 2.613653144882526, 4.371184842943684, 1.8304016001461174, 3.1157409467379846, 4.8607309880426355, 3.819735308679917, 3.2426102299064747, 2.788371227797298, 2.0944902839024886, 2.0671449078836246, 1.2353820790420373, 3.801665332875502, 4.342921337886118, 1.9780476958636342, 4.808151022093958, 0.8233859552182965, 6.199565824505127, 1.73773185097576, 1.360992025412904, 16.19155665110202, 6.113816123373206, 3.593126507979141, 2.0083604093467824, 0.8598954618901774, 1.8231296931243473, 2.831288760577976, 1.8699854194960208, 4.757154936976421, 4.913078006928576, 4.189558369873287, 221.8948606082207, 1.260299803096616, 7.101326572317841, 4.847790436058753, 2.7153699590687146, 3.8457997181186845, 4.948306157402004, 0.8156989068669362, 4.7340905048993385, 5.823258996641883, 1.6930492717397736, 3.227042311664373, 3.5552864624766856, 0.11044255510061754, 0.498095853047184, 3.524145104432318, 0.14670989287294678, 3.6626058531272885, 0.15700934366417812, 0.6921035951731362, 3.547145582165558, 0.3630183953352537, 0.44344559934148886, 0.3904522424239249, 3.505960713085498, 0.243597875105497, 0.3391924486769516, 1.3701569761798242, 1.6927341875630144], [1.3415964742527582, 1.5350638057272386, 1.2986174836299287, 0.9621049866896386, 0.9398796765555029, 0.8804545973807396, 1.192678327584846, 2.3603403589418526, 1.2508905015264398, 1.2727850138709134, 1.5232810694879382, 1.5547768311628472, 1.4252262991216484, 1.0556713216262437, 1.7668820071473579, 1.309275874275819, 1.7419887180148343, 1.309141025787535, 1.9410712216213213, 1.1648799902431315, 1.6208625783508612, 2.527699330521225, 2.667487919579104, 2.123766005241595, 2.3915605683311743, 2.5901598667402705, 2.2374753611539258, 1.783044042525469, 2.624238059771725, 2.189704266898717, 2.1629211812926292, 1.260299803096616, 13.674726163801267, 1.8614128107564731, 1.6004785093977216, 1.7695426505351137, 1.5857133172929885, 2.205392663096602, 1.3517566298539143, 2.1975478350652566, 1.3791970246417857, 1.9022173702940282, 0.9831462798818654, 1.1525632218828503, 1.4646000354845274, 0.7830086596344246, 1.6256764479530303, 2.042405237229184, 1.4987831676038854, 1.382706242314895, 1.9932353342134073, 1.8150063970698476, 1.7917018501037427, 0.9592839716894472, 1.1026400736910649, 2.0248048505824268, 1.591550607553691, 1.3084927508683626, 2.452350178515469, 1.9671158702609797], [1.5821485053614384, 1.3544369760488557, 1.9874540699485934, 1.6617193579628944, 1.31810489643574, 1.6400568074390156, 1.3184589345786735, 1.6995580525374951, 2.235276262202897, 2.044650222424145, 1.5625724250071849, 1.616956475904367, 1.8859555972547841, 1.7158584084928912, 1.1502923589554666, 2.313236916701007, 1.7394999824454782, 2.4558967109869014, 1.2121683795580769, 0.9935110820049793, 1.8212303288798346, 1.2945340122993307, 1.233141809454413, 1.6593986371736684, 1.6477004587507769, 1.5070231850109836, 1.234452321558133, 1.3984956218757654, 1.4351015766455244, 1.0892648953394874, 1.7885387515707172, 7.101326572317841, 1.8614128107564731, 8.96977814073054, 1.7062098996190012, 1.3587201900730406, 2.658361372245201, 2.7974224572055664, 1.651756192740621, 2.1289530419931983, 3.2079189513313215, 1.4006365989993221, 2.1740107920983753, 1.5633511432977862, 1.6822904564480279, 1.1778650378337712, 2.8953217233359037, 1.251420438247