"[[1.0, 0.7067969052325734, 0.8504237767252275, 0.830205126517667, 0.9127430014079276, 0.6949287589642127, 0.9002122138338611, 0.7493022830491235, 0.644443961244473, 0.8215121331196567, 0.7906884050741269, 0.6876120677943922, 0.8980156535960064, 0.8142057854979313, 0.29836199742683556, 0.9036390871507199, 0.2661145736235464, 0.7629962725382708, 0.8252125789925259, 0.7477678732271769, 0.9240366978276745, 0.614117731679893, 0.4363881263652847, 0.523731369136087, 0.7845303581890117, 0.44092451388182385, 0.5664140362570358, 0.6445756489745241, 0.8525672203006452, 0.5418107188578746, 0.9728235447546262, 0.14941361766745942, 0.7106110615324726, 0.8916533260301311, 0.9924286727409442, 0.7238138993290129, 0.789219878560244, 0.9197487030034744, 0.5116633546532617, 0.9290492325633689, 0.9921954202693689, 0.6783699790095231, 0.9923776196277959, 0.909585188133149, 0.2282350323430976, 0.2695477238816373, 0.8926396852013896, 0.2328832907098909, 0.7768326306197174, 0.44179068383931663, 0.5972484237769666, 0.9514427410962123, 0.3360308392172753, 0.5725944293023023, 0.5433098429557235, 0.5919138647318465, 0.3519168114822385, 0.6001239131315885, 0.39610610647781885, 0.6088320398177632], [0.7067969052325734, 1.0, 0.7764686111810514, 0.8312399321154016, 0.7437007007849337, 0.7077335535849185, 0.7994732973518388, 0.6465172062565471, 0.6120659182150778, 0.7039194628938196, 0.7658764568988313, 0.6538843993051134, 0.8149440913085113, 0.9417532959870603, 0.36117269283482767, 0.9084536477096192, 0.2689259217886879, 0.6459351618677853, 0.7559592838374171, 0.6195550064675491, 0.7291339802603143, 0.5743264135636347, 0.48252654660493244, 0.49764683315282787, 0.629651813781611, 0.4414901455487694, 0.5226129720762185, 0.6625432448419831, 0.7442510505520699, 0.7204690899891069, 0.6056031556301927, 0.11164787199796411, 0.7072331933648544, 0.7409951580989618, 0.6701446000123281, 0.7036577613711861, 0.7987567577331649, 0.755575191939555, 0.6820481235806011, 0.7344074657370857, 0.6678826353210154, 0.71044517231948, 0.6713207480255763, 0.8016151160659698, 0.2539991569329151, 0.2589033046338751, 0.7506270597960176, 0.25935569789440693, 0.9713873583040886, 0.6542626067503478, 0.6915135742139128, 0.7885044464317332, 0.36213700710199115, 0.5688477231779291, 0.5368449328537687, 0.6557980237773464, 0.3948568819458259, 0.6425353380964584, 0.6179331085728429, 0.608326506044188], [0.8504237767252275, 0.7764686111810514, 1.0, 0.9314721967837017, 0.9503558266299834, 0.856201739538101, 0.9340198653978642, 0.8914973503185072, 0.8797494087351201, 0.9449878656396172, 0.8080880163937753, 0.715996389156457, 0.9523076537912878, 0.8984431540641635, 0.34359196520605717, 0.9269034935722331, 0.363421662601074, 0.8230255727686613, 0.8603204194678007, 0.7030144047869531, 0.9122575218163669, 0.716891534717159, 0.4485367861718432, 0.6146747618955758, 0.8255130842156511, 0.46163638291307063, 0.5857779672131311, 0.7166452299139048, 0.8793975294016012, 0.7681629833231258, 0.7608546413875084, 0.3531034330107228, 0.7403915159900739, 0.9459649611407225, 0.8251735478807347, 0.8142043346557718, 0.9088979108758465, 0.8731901475214886, 0.7032370790305661, 0.9289947260251047, 0.8317443232079474, 0.7841733603340746, 0.8331533281011207, 0.9323361656130524, 0.5271964962851916, 0.32667334975683104, 0.9344761454094859, 0.34655497634046406, 0.7891871653800582, 0.6469897547967045, 0.7688241111593586, 0.9152828976957955, 0.4803321573214565, 0.6868489243315995, 0.5836078323080669, 0.7258009804107995, 0.48520748398913405, 0.788871120285552, 0.5841701876658005, 0.898025030030449], [0.830205126517667, 0.8312399321154016, 0.9314721967837017, 1.0, 0.8985223793617906, 0.8611793074053035, 0.9360919785948739, 0.8530805186164725, 0.8217544455829491, 0.8996914273553255, 0.8427630447251712, 0.8116155361130483, 0.9084030532647764, 0.8930653559047129, 0.33780030086918744, 0.9065748119100673, 0.34522557650182284, 0.7414610640329516, 0.8822217112617513, 0.6961817848250876, 0.8357797752139801, 0.7444541219824201, 0.6464984946711888, 0.5684683782535452, 0.7533789829614993, 0.4527930977067842, 0.5768074539434993, 0.839063718381012, 0.870190059964452, 0.8362222245350462, 0.7047434783191326, 0.1379227575685702, 0.8707360627440909, 0.8727847794058406, 0.7750199677255322, 0.8358097295827129, 0.9294873934542222, 0.8857485086519515, 0.7517882808029702, 0.8889894607805634, 0.7763569318017667, 0.8256979869736998, 0.7875026924613348, 0.89888509217979, 0.4576907018711798, 0.31913275245461925, 0.8786836914511115, 0.29787772767901877, 0.817552578956614, 0.7174917487646382, 0.7826589470237515, 0.9227693352171653, 0.429059035263219, 0.6692693122591082, 0.5558854268628777, 0.7523662849450824, 0.47717803902920397, 0.7609763859235716, 0.6497209604071297, 0.7504868036030029], [0.9127430014079276, 0.7437007007849337, 0.9503558266299834, 0.8985223793617906, 1.0, 0.8357798733819841, 0.943543677300326, 0.8884520473507715, 0.836307488414472, 0.931354951064195, 0.8248936755609518, 0.7051641172477195, 0.9494145548669901, 0.8886716636323859, 0.405425897177484, 0.9287990775229661, 0.36061940037641393, 0.8601298863302669, 0.8706966350147559, 0.7563015649561731, 0.9139938485545047, 0.686692042734769, 0.4275814218431575, 0.5592647175919206, 0.8626390859756639, 0.5243764482578311, 0.6042873429130177, 0.6806433805883793, 0.8974314042576444, 0.7040271150560075, 0.8416786351542453, 0.19684617090793788, 0.723559008665091, 0.924993910322487, 0.8972352571247766, 0.8356447955467111, 0.8776968976578604, 0.8880367672756548, 0.6418216250968124, 0.9475075846002693, 0.8985989411067883, 0.767320613231875, 0.9025858923877467, 0.9531014425473003, 0.47449233652585665, 0.31811497702586367, 0.9542468437770846, 0.27420053938179323, 0.7926501580036666, 0.5796752525196246, 0.7469432065161228, 0.9380612788285263, 0.40433910346646085, 0.6675118245121242, 0.6402960538054657, 0.7332814654647112, 0.4591808764329519, 0.7647024750008633, 0.5261139965322448, 0.7716845711086936], [0.6949287589642127, 0.7077335535849185, 0.856201739538101, 0.8611793074053035, 0.8357798733819841, 1.0, 0.861342004357188, 0.7869309305209204, 0.7788588768573228, 0.8123199273460628, 0.7268350954797433, 0.7450610399662909, 0.8152699579887576, 0.8383468243328318, 0.4932381712031245, 0.7867282253314493, 0.3277145821486118, 0.6788484535754471, 0.794451747702115, 0.6693348167758291, 0.7526102713518623, 0.6254022384988823, 0.45087700026248534, 0.5008799947757256, 0.6558923428272821, 0.56131053938068, 0.5685105237987154, 0.7463247161033795, 0.8027508058625886, 0.8107437004549581, 0.5714870712275874, 0.21481904959718934, 0.702865813369421, 0.7868004658110004, 0.6502287657131272, 0.7508578574434163, 0.8576020168931223, 0.7900448749755581, 0.7307674278331124, 0.7762874235245721, 0.6543259078251382, 0.7837446913022983, 0.6595388963993591, 0.8353013147426035, 0.4563799356412246, 0.2968814197016548, 0.7846828892513863, 0.26029797120812515, 0.7202737873872282, 0.6932533848339385, 0.927253169033605, 0.8166112802407216, 0.3846604371426616, 0.6340166991387431, 0.650524975086555, 0.7963904353442116, 0.452404945561371, 0.7745232606557446, 0.6620618631285266, 0.7683978518313737], [0.9002122138338611, 0.7994732973518388, 0.9340198653978642, 0.9360919785948739, 0.943543677300326, 0.861342004357188, 1.0, 0.8388468150826974, 0.8097583162017334, 0.8936598665877867, 0.827958892618602, 0.8403953324252719, 0.9334114214492671, 0.9005561543624828, 0.4532377615069326, 0.9336382607833773, 0.3545538052344497, 0.8099551226248639, 0.8969249642017176, 0.7703479315039765, 0.8981741990783206, 0.6767082281037463, 0.41569323051750473, 0.5198197417213825, 0.7948683244459271, 0.5421995663999783, 0.6654663290396277, 0.8072784127157302, 0.9044207149981497, 0.7896122528043408, 0.8150359638883946, 0.16953624679276713, 0.7202100255131302, 0.8962062423393649, 0.8740938414732127, 0.8082688034668957, 0.9297991142436363, 0.9674284918863417, 0.7376792314580873, 0.9003547906934392, 0.8713223871945341, 0.8416053469535615, 0.8789517826148723, 0.9635793001648114, 0.40007580077019467, 0.322887335511137, 0.9289864781518897, 0.21709561237646213, 0.8236986195236523, 0.6793515231317558, 0.7895521803810434, 0.9770695009732566, 0.34984375810548873, 0.6631117014667041, 0.6554042665538983, 0.7769376233664417, 0.4566671873992507, 0.7739469238947058, 0.6433167126391793, 0.7432866594807946], [0.7493022830491235, 0.6465172062565471, 0.8914973503185072, 0.8530805186164725, 0.8884520473507715, 0.7869309305209204, 0.8388468150826974, 1.0, 0.961738750814586, 0.9721786038005026, 0.698820687207218, 0.6058976112086454, 0.8334997386628953, 0.827269034105875, 0.3829421219268152, 0.8091352367948741, 0.38064209192706167, 0.6919355595549177, 0.7535555148384477, 0.6538600466940552, 0.7738428098161142, 0.6707194700166831, 0.42204995612193263, 0.43899997180767425, 0.7078332637671311, 0.49288447975404615, 0.5120855602821198, 0.601318369959829, 0.809666943658217, 0.645956199867856, 0.6634733876212416, 0.10471316257302099, 0.6496715599014523, 0.7857437877903749, 0.713157116454689, 0.707338104564168, 0.772316810600966, 0.7186379265714659, 0.5272332576599716, 0.9111116298337645, 0.718868604759966, 0.6898255026585356, 0.7458776766146067, 0.8013845395524282, 0.7897459961642191, 0.32279607457180726, 0.8111492028729216, 0.20782436431073725, 0.6757807894836542, 0.4570941613031678, 0.6530626943387645, 0.7732452845327838, 0.3517034450860559, 0.6180758839889406, 0.6127127280321827, 0.7136688554375444, 0.44596454513956674, 0.7821676808051944, 0.39516793976341924, 0.7322329930578289], [0.644443961244473, 0.6120659182150778, 0.8797494087351201, 0.8217544455829491, 0.836307488414472, 0.7788588768573228, 0.8097583162017334, 0.961738750814586, 1.0, 0.9579946809971173, 0.6311683252856211, 0.6020661024528962, 0.794513052936128, 0.7938408724009113, 0.2808676359792668, 0.7648408836297745, 0.3988843053210964, 0.6823111575275002, 0.7001850949091127, 0.5553130258194406, 0.6991609066896688, 0.6636309490775059, 0.28288938243839157, 0.4734100131962613, 0.7008524328767851, 0.3699843766471034, 0.49836092044534963, 0.6054596728795852, 0.7499637651130299, 0.6761794674789343, 0.5541075227769511, 0.11645670199521285, 0.5369876581064659, 0.7600867299258446, 0.6152535360731868, 0.6493974129101622, 0.7767961195368779, 0.6871874617939034, 0.5848754547700329, 0.8137683400509008, 0.6210903038434997, 0.6746190067209165, 0.644973089342708, 0.7460902303630466, 0.8453971714382241, 0.3281473376211568, 0.7870330992211896, 0.261340191539827, 0.5952567267034768, 0.5169094538676998, 0.6819652956558955, 0.7211658798968781, 0.40839026884492236, 0.6164174555655145, 0.5054575724046602, 0.6453861933184095, 0.47823249628566045, 0.7837508052760874, 0.4490054586716823, 0.7545382371828796], [0.8215121331196567, 0.7039194628938196, 0.9449878656396172, 0.8996914273553255, 0.931354951064195, 0.8123199273460628, 0.8936598665877867, 0.9721786038005026, 0.9579946809971173, 1.0, 0.7506639472798566, 0.6617748273876153, 0.9046140460653306, 0.8739236117792937, 0.3048934283015605, 0.8778249792050469, 0.3884569788674257, 0.7539318561575986, 0.8006463739104371, 0.6674808155991784, 0.8293895213341866, 0.7230433859873308, 0.3900617870918185, 0.5858788401260165, 0.7849880104430074, 0.4314344605235839, 0.5472499736858207, 0.660155864464234, 0.8553778762423896, 0.6924766820909858, 0.7361036232784878, 0.11188187298597396, 0.6750111241754762, 0.8876075513859474, 0.7931571398971152, 0.7305993773014764, 0.8529407290896918, 0.8068460145694573, 0.6154840092499987, 0.926316496159792, 0.7984217721955369, 0.7253286023068126, 0.8144523111197326, 0.8617429023692942, 0.698299193402197, 0.33403409756999347, 0.8832550108809469, 0.33788341498232355, 0.7188530751047639, 0.5423572229685075, 0.7179277565072052, 0.8574243954574814, 0.4793505404760823, 0.6704131077513633, 0.5647741138758273, 0.6860128471115938, 0.48536238455771696, 0.7984534723699188, 0.47349308082486397, 0.7706822091498807], [0.7906884050741269, 0.7658764568988313, 0.8080880163937753, 0.8427630447251712, 0.8248936755609518, 0.7268350954797433, 0.827958892618602, 0.698820687207218, 0.6311683252856211, 0.7506639472798566, 1.0, 0.6529764613392307, 0.8540206370749098, 0.809025958372163, 0.382964764669367, 0.852896113349251, 0.6948647532914421, 0.7519531586128021, 0.8092230904429942, 0.6775957016650982, 0.7791438679377024, 0.6112462026095745, 0.5700612664339595, 0.5294814272319935, 0.7313676313513887, 0.4882749752294703, 0.550125700161957, 0.6630600998260427, 0.7974129148120687, 0.7131478826185825, 0.691963255428127, 0.11823737240652599, 0.7905139493955827, 0.8039445419713324, 0.7569276295627507, 0.8050796497291282, 0.8171332894838839, 0.7792872973585525, 0.6577425345216965, 0.7996160472090893, 0.7548176456841597, 0.7359953053014455, 0.7549472365563282, 0.8488385944744867, 0.25336170961503623, 0.26538668494167306, 0.8255246437148384, 0.27689832708127804, 0.7945701180420361, 0.632858285377718, 0.6897356348703445, 0.8416605294218159, 0.3807703581723314, 0.6001410534847497, 0.5677579394064884, 0.689668481484248, 0.3955377038470914, 0.6588231535002226, 0.5837762511363176, 0.6385750382144418], [0.6876120677943922, 0.6538843993051134, 0.715996389156457, 0.8116155361130483, 0.7051641172477195, 0.7450610399662909, 0.8403953324252719, 0.6058976112086454, 0.6020661024528962, 0.6617748273876153, 0.6529764613392307, 1.0, 0.7211255101704089, 0.6655985681847436, 0.4396523526662631, 0.7397276125729718, 0.24142076276176372, 0.601707882701548, 0.667866995399345, 0.607492941462967, 0.6698333169139575, 0.5324106226738557, 0.4371307225433556, 0.5375532492578482, 0.5864680572001908, 0.5345847167866967, 0.49855297616535554, 0.9840693148440147, 0.6969450817651306, 0.6602750486800594, 0.5597367367422226, 0.10475187868692415, 0.6623860166397512, 0.7129121705208215, 0.6328462279000265, 0.6569124810031364, 0.7236933937412361, 0.879964356943751, 0.5545267632801949, 0.680818308616311, 0.6271259636581411, 0.6881356263292154, 0.6227956786955069, 0.7371410502251043, 0.21837962902872965, 0.21986042977644438, 0.7173190957165446, 0.34503591182509263, 0.6575533107119109, 0.5271362659274973, 0.6088056675103927, 0.8164951943803167, 0.4276146719398515, 0.5459658804343968, 0.592650285242613, 0.7324162511222706, 0.34955892014800005, 0.6190530529393439, 0.5008409135163956, 0.5792255148995873], [0.8980156535960064, 0.8149440913085113, 0.9523076537912878, 0.9084030532647764, 0.9494145548669901, 0.8152699579887576, 0.9334114214492671, 0.8334997386628953, 0.794513052936128, 0.9046140460653306, 0.8540206370749098, 0.7211255101704089, 1.0, 0.9150234012972177, 0.3844172739618421, 0.955942519288022, 0.3726069476007138, 0.8528766147275735, 0.8650667261867523, 0.7393773696504474, 0.9085239520413795, 0.7013442982961284, 0.4422868535543404, 0.6597659914644955, 0.8580955618697956, 0.5117001195523266, 0.6088323171330776, 0.7104947674399968, 0.8924475977048627, 0.7342413561107163, 0.8113856971609853, 0.21495511260555844, 0.753715067777924, 0.9552151726448637, 0.8790547509368918, 0.8348278254448678, 0.8982231398887183, 0.890915938800803, 0.6860130790874159, 0.920415752137113, 0.8806053000252073, 0.7788870722668751, 0.8764209561797375, 0.9555288160594468, 0.39158591370231044, 0.3079956387659555, 0.9520348784302423, 0.3879702492100843, 0.8493810193416058, 0.6324678833801555, 0.7559742284295875, 0.9425340028387436, 0.5084169539311393, 0.6890522270380668, 0.6249341604278873, 0.730735671230237, 0.5076495120997687, 0.7926808396768299, 0.5774449213750272, 0.7933754778680756], [0.8142057854979313, 0.9417532959870603, 0.8984431540641635, 0.8930653559047129, 0.8886716636323859, 0.8383468243328318, 0.9005561543624828, 0.827269034105875, 0.7938408724009113, 0.8739236117792937, 0.809025958372163, 0.6655985681847436, 0.9150234012972177, 1.0, 0.4091549122144684, 0.9597732910839544, 0.33751276217216986, 0.7471622817400203, 0.8392734739668752, 0.7077048570585066, 0.8342506186936623, 0.662095477686917, 0.41638160738709384, 0.5386006358273454, 0.7402464518582887, 0.5001884746857191, 0.5899250518477651, 0.6556101703915038, 0.8558887699893665, 0.7587892044736154, 0.7244235125548131, 0.12113749573477062, 0.7027632952647287, 0.8527612335948545, 0.7873457103687701, 0.7576427278897593, 0.8840408675723462, 0.8276345441157573, 0.7170445106460009, 0.8648270475902993, 0.7880395247713661, 0.7704943645249875, 0.7970754701061619, 0.9017468874372087, 0.44788588977364463, 0.31350478152508565, 0.8633258905447387, 0.26639391401337265, 0.9428376788863199, 0.6616387683038019, 0.8032864535900087, 0.8758926547981203, 0.39571639625808874, 0.6501876015528449, 0.6212898455671575, 0.724863834123557, 0.459021396621468, 0.777618725085665, 0.6211850294081934, 0.7155971558206072], [0.29836199742683556, 0.36117269283482767, 0.34359196520605717, 0.33780030086918744, 0.405425897177484, 0.4932381712031245, 0.4532377615069326, 0.3829421219268152, 0.2808676359792668, 0.3048934283015605, 0.382964764669367, 0.4396523526662631, 0.3844172739618421, 0.4091549122144684, 1.0, 0.348484021184868, 0.12958834831447963, 0.3337800832994263, 0.4273936241337908, 0.5860637935347603, 0.3580009475296194, 0.2155361448845573, 0.20190820058120396, 0.16284392962300487, 0.2271930331094344, 0.9701122502142016, 0.4570500460658202, 0.378520379516888, 0.48736355036672185, 0.4923724567317349, 0.18049139915885803, 0.057063190868635316, 0.37033442893440927, 0.331645403109168, 0.2613931876874984, 0.4858793868245217, 0.40476184779480295, 0.3532022966820869, 0.37762232609226354, 0.38057937012638343, 0.25349454601726074, 0.5276425634612074, 0.2550572712072601, 0.5071816097323182, 0.09530382316253183, 0.11641696199658758, 0.3361863643122871, 0.055110186023331065, 0.5103593335386019, 0.3699185299419814, 0.4653262511985522, 0.39085471464944943, 0.10406312936631357, 0.3687720406663484, 0.9454644254127259, 0.8602912131419399, 0.18321244858914376, 0.5681191055314156, 0.44868876805446245, 0.38083007596148644], [0.9036390871507199, 0.9084536477096192, 0.9269034935722331, 0.9065748119100673, 0.9287990775229661, 0.7867282253314493, 0.9336382607833773, 0.8091352367948741, 0.7648408836297745, 0.8778249792050469, 0.852896113349251, 0.7397276125729718, 0.955942519288022, 0.9597732910839544, 0.348484021184868, 1.0, 0.353463857227055, 0.8384790747606226, 0.8457973364943547, 0.7239975040137909, 0.90138935559883, 0.6719646832306098, 0.4384683382048318, 0.6052690191309308, 0.8399512061878451, 0.47477600772239115, 0.5857958359685237, 0.7220980013227122, 0.867480876047655, 0.6900556534005374, 0.8288360151794497, 0.1849333115928673, 0.7315110770884331, 0.9186697661510256, 0.8858370914294269, 0.8079252138667217, 0.8648710105902567, 0.9043552486926197, 0.6410731703764243, 0.9160093655531028, 0.8858039387170102, 0.7487407920335805, 0.8837639811779038, 0.9365409841104502, 0.36710925953082474, 0.3173265764562354, 0.9398681702421493, 0.33120305022146235, 0.9242295146487585, 0.5861956913662345, 0.7105368322582152, 0.9372410721527453, 0.448404770723109, 0.6514094812956557, 0.5924642450245093, 0.6900284926643165, 0.4324364335410078, 0.7168804958563799, 0.531040606736296, 0.7317664690481167], [0.2661145736235464, 0.2689259217886879, 0.363421662601074, 0.34522557650182284, 0.36061940037641393, 0.3277145821486118, 0.3545538052344497, 0.38064209192706167, 0.3988843053210964, 0.3884569788674257, 0.6948647532914421, 0.24142076276176372, 0.3726069476007138, 0.33751276217216986, 0.12958834831447963, 0.353463857227055, 1.0, 0.3207411922088219, 0.306026332063698, 0.23808636089162438, 0.2871736936910054, 0.2820113322099834, 0.1269489179191955, 0.222067285056593, 0.2866209115699192, 0.16334577957665353, 0.2652116754114433, 0.24695271910511607, 0.32120139200899833, 0.3123136564555016, 0.22231060890178322, 0.03367892009449813, 0.24110412766254774, 0.32521725433856286, 0.25329570982562477, 0.2768967820772671, 0.34561700102297954, 0.2838973573225224, 0.2842982864479615, 0.32734275018013614, 0.25486314442638625, 0.32608876004921994, 0.26319486007496773, 0.32072972362751506, 0.31281778249627146, 0.13746233258670737, 0.3412573643405512, 0.13083938375186965, 0.2623087360971742, 0.2613802848591712, 0.3158650273471214, 0.3064006516300929, 0.19084960845367172, 0.2689296768903142, 0.2175074119236876, 0.2794693823687042, 0.20901248446740528, 0.33626699891083334, 0.2344414930630312, 0.3130794151295766], [0.7629962725382708, 0.6459351618677853, 0.8230255727686613, 0.7414610640329516, 0.8601298863302669, 0.6788484535754471, 0.8099551226248639, 0.6919355595549177, 0.6823111575275002, 0.7539318561575986, 0.7519531586128021, 0.601707882701548, 0.8528766147275735, 0.7471622817400203, 0.3337800832994263, 0.8384790747606226, 0.3207411922088219, 1.0, 0.7618302956083883, 0.6291906940734275, 0.7756494356213011, 0.5728481530985847, 0.31033745238284927, 0.5340486919926973, 0.9849386010085555, 0.4299104961937439, 0.5186676142713548, 0.5789645684185946, 0.7510692147826411, 0.6183007897478032, 0.7022458473791318, 0.17592388264574643, 0.5876870317285086, 0.8244942607621699, 0.7781592025538769, 0.9089012098802428, 0.754731637713568, 0.7609704174167807, 0.5799207833238329, 0.7645263518949541, 0.7721664153149755, 0.6486445843657436, 0.7548003008730174, 0.867431351629726, 0.31868170448329525, 0.2612499824106145, 0.9551477714025277, 0.28676049049040064, 0.682125229249224, 0.5547400390242793, 0.6362773069710334, 0.816556439273452, 0.38980428863578354, 0.5994020624546854, 0.5278090302828181, 0.6175254012273289, 0.382600940664066, 0.6390897268198954, 0.49026600734471626, 0.6687637783129751], [0.8252125789925259, 0.7559592838374171, 0.8603204194678007, 0.8822217112617513, 0.8706966350147559, 0.794451747702115, 0.8969249642017176, 0.7535555148384477, 0.7001850949091127, 0.8006463739104371, 0.8092230904429942, 0.667866995399345, 0.8650667261867523, 0.8392734739668752, 0.4273936241337908, 0.8457973364943547, 0.306026332063698, 0.7618302956083883, 1.0, 0.7458343154906929, 0.827054840974227, 0.6250886289145281, 0.5182958407868263, 0.44234286464857897, 0.746021743046904, 0.4967254162403598, 0.6170405750982728, 0.6612002750697503, 0.8565011927390359, 0.8096355287762932, 0.7373996601951858, 0.1440012290280096, 0.7660421022219974, 0.8179518520348762, 0.7972231154708319, 0.8267758108812223, 0.9082669798847551, 0.8399941311817221, 0.7780707573699978, 0.821050488986186, 0.7935293186585886, 0.8136943612599972, 0.8033349758110255, 0.9142342865972385, 0.30879697379729265, 0.3067948694454742, 0.856098408194641, 0.1396473528683223, 0.7815080758078697, 0.7424006830437359, 0.7832316549134806, 0.8980523693187689, 0.2668902420144508, 0.6216157301821147, 0.5917978512614447, 0.7290155180137239, 0.43441944339201355, 0.716900839801257, 0.705733796981293, 0.6821613551172294], [0.7477678732271769, 0.6195550064675491, 0.7030144047869531, 0.6961817848250876, 0.7563015649561731, 0.6693348167758291, 0.7703479315039765, 0.6538600466940552, 0.5553130258194406, 0.6674808155991784, 0.6775957016650982, 0.607492941462967, 0.7393773696504474, 0.7077048570585066, 0.5860637935347603, 0.7239975040137909, 0.23808636089162438, 0.6291906940734275, 0.7458343154906929, 1.0, 0.734060080228957, 0.4985653497881337, 0.3881828651761421, 0.39006252102856687, 0.5987109443267673, 0.6557589764196419, 0.5558727576801447, 0.5649555618579443, 0.7558408101736189, 0.6024948151855515, 0.674984157961287, 0.11524042665882295, 0.6275398881867694, 0.7059867855795041, 0.7247967219423488, 0.6819382848655479, 0.707868027395642, 0.7276093580812683, 0.5416317393095332, 0.7464335039893921, 0.7211969684224286, 0.6769029161441841, 0.7254729665007861, 0.7985827259951009, 0.21761693170621887, 0.23523127275777878, 0.7139498222817531, 0.15020259711567097, 0.7110379105178675, 0.49732366847720955, 0.6135578918837025, 0.7714563351945724, 0.24449802852914893, 0.5309254455501028, 0.7160617183257479, 0.7371857992044674, 0.32430731684566516, 0.638429786036009, 0.4967196110043284, 0.5640082618374147], [0.9240366978276745, 0.7291339802603143, 0.9122575218163669, 0.8357797752139801, 0.9139938485545047, 0.7526102713518623, 0.8981741990783206, 0.7738428098161142, 0.6991609066896688, 0.8293895213341866, 0.7791438679377024, 0.6698333169139575, 0.9085239520413795, 0.8342506186936623, 0.3580009475296194, 0.90138935559883, 0.2871736936910054, 0.7756494356213011, 0.827054840974227, 0.734060080228957, 1.0, 0.6172355401407597, 0.42012404809472836, 0.5062608976521168, 0.7683505783173805, 0.47880703077945785, 0.5709060425426525, 0.6345503953285143, 0.8450366622381043, 0.6117896946453313, 0.883915798387567, 0.3886161077208956, 0.6938947227519154, 0.8993494613131613, 0.9145832399792905, 0.7459513400754123, 0.8092842859576428, 0.8870361579376207, 0.564945654012141, 0.923114510500043, 0.9195514833342078, 0.7084631548621121, 0.9172707514017795, 0.9193412169049642, 0.30870171573332805, 0.2811917938998121, 0.8913294351148513, 0.22459849800717369, 0.7866554544809682, 0.500972567225848, 0.6428447435892793, 0.9164339985472957, 0.3359656804027542, 0.6020130589123823, 0.5823346009903274, 0.6500813692478937, 0.41160584596765837, 0.6530311058422318, 0.4595062680861879, 0.783129909209057], [0.614117731679893, 0.5743264135636347, 0.716891534717159, 0.7444541219824201, 0.686692042734769, 0.6254022384988823, 0.6767082281037463, 0.6707194700166831, 0.6636309490775059, 0.7230433859873308, 0.6112462026095745, 0.5324106226738557, 0.7013442982961284, 0.662095477686917, 0.2155361448845573, 0.6719646832306098, 0.2820113322099834, 0.5728481530985847, 0.6250886289145281, 0.4985653497881337, 0.6172355401407597, 1.0, 0.3963881477639619, 0.5665687050609436, 0.6046625233649912, 0.3254906404640403, 0.4276658534981912, 0.558572591962666, 0.6547315057761, 0.5900739436695076, 0.5196780940670195, 0.0826651195873187, 0.6116712785894605, 0.7297132955776333, 0.5821122816648836, 0.5994482109830761, 0.6876158174342141, 0.6160698206879511, 0.5396739854531835, 0.6859353646236082, 0.5966978244519962, 0.5875167514081363, 0.5874307098484561, 0.6624341883937938, 0.4063793180476114, 0.2412200877787749, 0.6817881935549599, 0.39025556898947933, 0.5764505258516526, 0.5041862994678618, 0.5895282711550909, 0.6680651717671398, 0.48551561109801866, 0.5427685291857236, 0.4130153647224204, 0.5388245200327019, 0.3867387246788474, 0.608234560803735, 0.44500426444187546, 0.6022551977572707], [0.4363881263652847, 0.48252654660493244, 0.4485367861718432, 0.6464984946711888, 0.4275814218431575, 0.45087700026248534, 0.41569323051750473, 0.42204995612193263, 0.28288938243839157, 0.3900617870918185, 0.5700612664339595, 0.4371307225433556, 0.4422868535543404, 0.41638160738709384, 0.20190820058120396, 0.4384683382048318, 0.1269489179191955, 0.31033745238284927, 0.5182958407868263, 0.3881828651761421, 0.42012404809472836, 0.3963881477639619, 1.0, 0.24249278913566807, 0.3287219979426377, 0.3152625949778296, 0.2639531429616879, 0.5386414029688479, 0.4486261009201342, 0.4892134539072779, 0.30284386525127704, 0.07396476215658088, 0.9016563873799067, 0.3949689712344724, 0.34595080477782036, 0.6303435821332877, 0.4503552136899034, 0.37864463858630626, 0.33311760237573207, 0.5303723499847574, 0.34836080357218013, 0.4956932822386577, 0.35974866466236166, 0.4377207621273762, 0.10210189968134165, 0.124089729147427, 0.3950699911619705, 0.12431617631444825, 0.4892329187104483, 0.3813015237423887, 0.3393499095058756, 0.45895878293026227, 0.1729017973764988, 0.32083405472186644, 0.299772362233517, 0.48396107443822656, 0.188698698846532, 0.31541144658246567, 0.30606331541014287, 0.34895883005650175], [0.523731369136087, 0.49764683315282787, 0.6146747618955758, 0.5684683782535452, 0.5592647175919206, 0.5008799947757256, 0.5198197417213825, 0.43899997180767425, 0.4734100131962613, 0.5858788401260165, 0.5294814272319935, 0.5375532492578482, 0.6597659914644955, 0.5386006358273454, 0.16284392962300487, 0.6052690191309308, 0.222067285056593, 0.5340486919926973, 0.44234286464857897, 0.39006252102856687, 0.5062608976521168, 0.5665687050609436, 0.24249278913566807, 1.0, 0.6018180216614769, 0.3335954927185607, 0.38319560834827837, 0.5823749344636331, 0.5523791812659626, 0.4652258040924122, 0.3965468617530741, 0.0652046227585229, 0.5472050160831411, 0.7907820578304752, 0.4995456807169405, 0.5003617818279011, 0.5808133080577298, 0.5387391968862401, 0.446525769791293, 0.5268088966242807, 0.5059303522435423, 0.47585133377140076, 0.4631418420849991, 0.5611017873299916, 0.12256677159032647, 0.15149684212918713, 0.6105051391551416, 0.938447201900619, 0.5202129458315543, 0.4266807899152478, 0.5217007430312608, 0.5906691122513826, 0.971614914833633, 0.5772332051212566, 0.3928450857751328, 0.47390458931012225, 0.3658880821468218, 0.555883865609394, 0.3671464008017995, 0.5914698380045775], [0.7845303581890117, 0.629651813781611, 0.8255130842156511, 0.7533789829614993, 0.8626390859756639, 0.6558923428272821, 0.7948683244459271, 0.7078332637671311, 0.7008524328767851, 0.7849880104430074, 0.7313676313513887, 0.5864680572001908, 0.8580955618697956, 0.7402464518582887, 0.2271930331094344, 0.8399512061878451, 0.2866209115699192, 0.9849386010085555, 0.746021743046904, 0.5987109443267673, 0.7683505783173805, 0.6046625233649912, 0.3287219979426377, 0.6018180216614769, 1.0, 0.3497840347487392, 0.4947064692573495, 0.5766175134702031, 0.7464656682354562, 0.5829539817059228, 0.7259091021113371, 0.11232617917773458, 0.605629632897257, 0.8488098741886412, 0.7984281279498062, 0.8845243846262658, 0.7480985317155208, 0.75611039433493, 0.5499851193021628, 0.7797556271030827, 0.7938171688536519, 0.6214520082535449, 0.7761708463420814, 0.847177083616521, 0.34400727268784004, 0.26129066379798827, 0.957800148674868, 0.3645807973339674, 0.6570820060364083, 0.5209162852585605, 0.6137098148702916, 0.8186241689246038, 0.4654554737259331, 0.6053091361412127, 0.45513684203262594, 0.5560846737941902, 0.3903812562940834, 0.6219619308284055, 0.4395679474670402, 0.6423157038424876], [0.44092451388182385, 0.4414901455487694, 0.46163638291307063, 0.4527930977067842, 0.5243764482578311, 0.56131053938068, 0.5421995663999783, 0.49288447975404615, 0.3699843766471034, 0.4314344605235839, 0.4882749752294703, 0.5345847167866967, 0.5117001195523266, 0.5001884746857191, 0.9701122502142016, 0.47477600772239115, 0.16334577957665353, 0.4299104961937439, 0.4967254162403598, 0.6557589764196419, 0.47880703077945785, 0.3254906404640403, 0.3152625949778296, 0.3335954927185607, 0.3497840347487392, 1.0, 0.49989844891956947, 0.4847238025317868, 0.5838711391423126, 0.5017438166985327, 0.311925448618913, 0.0783913954188753, 0.5075492417781297, 0.48253695315707246, 0.3974555850903765, 0.5768529062580106, 0.46781346860974027, 0.45619766998361333, 0.3612220429042683, 0.531794962488904, 0.39271996138275767, 0.5799418004987092, 0.38810708666255866, 0.5995972072385062, 0.13986724586557853, 0.13593223332669768, 0.4570010487259937, 0.21935216841983585, 0.602355390443205, 0.34685083450091536, 0.4897031411677, 0.5038119291771149, 0.2707057211087307, 0.4523991346022105, 0.985010498004855, 0.9072886478229883, 0.22222109637295018, 0.6273711416290593, 0.400096020449626, 0.4718155762760142], [0.5664140362570358, 0.5226129720762185, 0.5857779672131311, 0.5768074539434993, 0.6042873429130177, 0.5685105237987154, 0.6654663290396277, 0.5120855602821198, 0.49836092044534963, 0.5472499736858207, 0.550125700161957, 0.49855297616535554, 0.6088323171330776, 0.5899250518477651, 0.4570500460658202, 0.5857958359685237, 0.2652116754114433, 0.5186676142713548, 0.6170405750982728, 0.5558727576801447, 0.5709060425426525, 0.4276658534981912, 0.2639531429616879, 0.38319560834827837, 0.4947064692573495, 0.49989844891956947, 1.0, 0.473790154773414, 0.6175663534077901, 0.5837648215517944, 0.49236689056379257, 0.08291950606348686, 0.49139526456348614, 0.5933794825289735, 0.5485952017362085, 0.5532359790447603, 0.6305823092105491, 0.5908440840079887, 0.5446755786858591, 0.5783360745092927, 0.5450235764443926, 0.9129055865943234, 0.5452284929993989, 0.6666973572080225, 0.17642522600459143, 0.20392025076666198, 0.5925926971210792, 0.18883804944735239, 0.5739329807669604, 0.5379905777426669, 0.6185150887110369, 0.6281074556784195, 0.2695699475587101, 0.4661704809947713, 0.5570809827647567, 0.6028896701272944, 0.3077805648398797, 0.5587501623742445, 0.512747863778189, 0.49161100056510587], [0.6445756489745241, 0.6625432448419831, 0.7166452299139048, 0.839063718381012, 0.6806433805883793, 0.7463247161033795, 0.8072784127157302, 0.601318369959829, 0.6054596728795852, 0.660155864464234, 0.6630600998260427, 0.9840693148440147, 0.7104947674399968, 0.6556101703915038, 0.378520379516888, 0.7220980013227122, 0.24695271910511607, 0.5789645684185946, 0.6612002750697503, 0.5649555618579443, 0.6345503953285143, 0.558572591962666, 0.5386414029688479, 0.5823749344636331, 0.5766175134702031, 0.4847238025317868, 0.473790154773414, 1.0, 0.6785009367601137, 0.6957593946985843, 0.49424646196941924, 0.09642496699801284, 0.7322883091747533, 0.7084392095925836, 0.577091851658397, 0.6768173872496704, 0.7316014679173638, 0.837804916777007, 0.5795848936300836, 0.6631782873759617, 0.5730296178651189, 0.6939470644223767, 0.5682136295127774, 0.7073455903013804, 0.23479778059160805, 0.2178472101826754, 0.6974179343269333, 0.40726225611650124, 0.6455644266564553, 0.5669785889747185, 0.6189553841632867, 0.789370864312573, 0.4881598484936951, 0.5563099580047091, 0.5378540796779222, 0.7192713247689184, 0.36630167143254666, 0.6171173922290415, 0.5238815338051669, 0.5932369287901708], [0.8525672203006452, 0.7442510505520699, 0.8793975294016012, 0.870190059964452, 0.8974314042576444, 0.8027508058625886, 0.9044207149981497, 0.809666943658217, 0.7499637651130299, 0.8553778762423896, 0.7974129148120687, 0.6969450817651306, 0.8924475977048627, 0.8558887699893665, 0.48736355036672185, 0.867480876047655, 0.32120139200899833, 0.7510692147826411, 0.8565011927390359, 0.7558408101736189, 0.8450366622381043, 0.6547315057761, 0.4486261009201342, 0.5523791812659626, 0.7464656682354562, 0.5838711391423126, 0.6175663534077901, 0.6785009367601137, 1.0, 0.7533550081772323, 0.760050608846894, 0.12311737546863533, 0.7393423017201631, 0.8707621233209218, 0.8243335281282914, 0.7864167075163737, 0.8831892389645134, 0.8489577236621597, 0.7036054480095176, 0.8689584798630368, 0.8232094148143997, 0.7895175223917218, 0.8290802560226354, 0.9174955890970424, 0.37108642964969607, 0.302775750092939, 0.8638394750093383, 0.27653549831296065, 0.7970233042566902, 0.6505770794377228, 0.7625371091622186, 0.9040918589261676, 0.39870308609502625, 0.6566405485966667, 0.681538695106876, 0.7737187887768667, 0.44231124057010085, 0.7663972836053727, 0.619020612212696, 0.7115591535243821], [0.5418107188578746, 0.7204690899891069, 0.7681629833231258, 0.8362222245350462, 0.7040271150560075, 0.8107437004549581, 0.7896122528043408, 0.645956199867856, 0.6761794674789343, 0.6924766820909858, 0.7131478826185825, 0.6602750486800594, 0.7342413561107163, 0.7587892044736154, 0.4923724567317349, 0.6900556534005374, 0.3123136564555016, 0.6183007897478032, 0.8096355287762932, 0.6024948151855515, 0.6117896946453313, 0.5900739436695076, 0.4892134539072779, 0.4652258040924122, 0.5829539817059228, 0.5017438166985327, 0.5837648215517944, 0.6957593946985843, 0.7533550081772323, 1.0, 0.38311909470704575, 0.09964596835209627, 0.7214781860729639, 0.6912470291740419, 0.48816576330455275, 0.7667449701766806, 0.9230916083386174, 0.692159136495779, 0.9502008346044772, 0.5957969624070827, 0.48320564784064923, 0.8417766435804374, 0.49323686736402184, 0.7877996517233299, 0.3280904752425644, 0.2957077474705675, 0.6972014060740837, 0.2194079546143627, 0.69103673338033, 0.9472588434589726, 0.8855935349095524, 0.7474634768590652, 0.3443034584688809, 0.6286635712196998, 0.5778218789031906, 0.7905786446553245, 0.4851169916023783, 0.7723063519181445, 0.9262624909689094, 0.6939539147823843], [0.9728235447546262, 0.6056031556301927, 0.7608546413875084, 0.7047434783191326, 0.8416786351542453, 0.5714870712275874, 0.8150359638883946, 0.6634733876212416, 0.5541075227769511, 0.7361036232784878, 0.691963255428127, 0.5597367367422226, 0.8113856971609853, 0.7244235125548131, 0.18049139915885803, 0.8288360151794497, 0.22231060890178322, 0.7022458473791318, 0.7373996601951858, 0.674984157961287, 0.883915798387567, 0.5196780940670195, 0.30284386525127704, 0.3965468617530741, 0.7259091021113371, 0.311925448618913, 0.49236689056379257, 0.49424646196941924, 0.760050608846894, 0.38311909470704575, 1.0, 0.17374511384016766, 0.5591511142966337, 0.803650500426648, 0.9877078009628062, 0.5995307198972394, 0.6730894761119927, 0.8557129104333157, 0.385019574663379, 0.8650357302672862, 0.9880448937498478, 0.5510222475886153, 0.9896188118256084, 0.8261508801802726, 0.17683757558682256, 0.2406002521056788, 0.8224246866903692, 0.10951380035667124, 0.6786548595920722, 0.3031452417749294, 0.46995047767581855, 0.8746714959367615, 0.20254626834376788, 0.46527608168816637, 0.4182783190223742, 0.4261140428278021, 0.2776384717648993, 0.467680676483329, 0.26318517493276383, 0.5096409513297954], [0.14941361766745942, 0.11164787199796411, 0.3531034330107228, 0.1379227575685702, 0.19684617090793788, 0.21481904959718934, 0.16953624679276713, 0.10471316257302099, 0.11645670199521285, 0.11188187298597396, 0.11823737240652599, 0.10475187868692415, 0.21495511260555844, 0.12113749573477062, 0.057063190868635316, 0.1849333115928673, 0.03367892009449813, 0.17592388264574643, 0.1440012290280096, 0.11524042665882295, 0.3886161077208956, 0.0826651195873187, 0.07396476215658088, 0.0652046227585229, 0.11232617917773458, 0.0783913954188753, 0.08291950606348686, 0.09642496699801284, 0.12311737546863533, 0.09964596835209627, 0.17374511384016766, 1.0, 0.10860548755630683, 0.2679897221968657, 0.16032355672113985, 0.1395218968364259, 0.12272070828297577, 0.19118796942017124, 0.0615463501354806, 0.24135426208446464, 0.18199444977044354, 0.12364710634780596, 0.1570352807065759, 0.21210052852157446, 0.02095388194437242, 0.03583163197718997, 0.1932067440645292, 0.022856571847696294, 0.12517121338937587, 0.052324655693089306, 0.077424382299911, 0.15688674977405204, 0.0362580912164987, 0.0782016202541369, 0.09053269008878861, 0.11632095665288944, 0.04299897239703698, 0.08111684460627022, 0.047120576888264654, 0.64885893883756], [0.7106110615324726, 0.7072331933648544, 0.7403915159900739, 0.8707360627440909, 0.723559008665091, 0.702865813369421, 0.7202100255131302, 0.6496715599014523, 0.5369876581064659, 0.6750111241754762, 0.7905139493955827, 0.6623860166397512, 0.753715067777924, 0.7027632952647287, 0.37033442893440927, 0.7315110770884331, 0.24110412766254774, 0.5876870317285086, 0.7660421022219974, 0.6275398881867694, 0.6938947227519154, 0.6116712785894605, 0.9016563873799067, 0.5472050160831411, 0.605629632897257, 0.5075492417781297, 0.49139526456348614, 0.7322883091747533, 0.7393423017201631, 0.7214781860729639, 0.5591511142966337, 0.10860548755630683, 1.0, 0.7353109903347873, 0.6332272301811136, 0.8229957501401236, 0.755954338082545, 0.6800179342427408, 0.599111453461731, 0.7701965133016023, 0.63472017574088, 0.734280469271331, 0.6362336638527538, 0.7517681369421446, 0.19211374928441993, 0.22444748886029742, 0.700229659595397, 0.3465748011065637, 0.7363230763577974, 0.6117728669872162, 0.6278522655600239, 0.7652810340882991, 0.43057462231392185, 0.5699965656666022, 0.5408465645000685, 0.7179297211843804, 0.36066554470869294, 0.6032014446856963, 0.54274180390635, 0.6070337922956045], [0.8916533260301311, 0.7409951580989618, 0.9459649611407225, 0.8727847794058406, 0.924993910322487, 0.7868004658110004, 0.8962062423393649, 0.7857437877903749, 0.7600867299258446, 0.8876075513859474, 0.8039445419713324, 0.7129121705208215, 0.9552151726448637, 0.8527612335948545, 0.331645403109168, 0.9186697661510256, 0.32521725433856286, 0.8244942607621699, 0.8179518520348762, 0.7059867855795041, 0.8993494613131613, 0.7297132955776333, 0.3949689712344724, 0.7907820578304752, 0.8488098741886412, 0.48253695315707246, 0.5933794825289735, 0.7084392095925836, 0.8707621233209218, 0.6912470291740419, 0.803650500426648, 0.2679897221968657, 0.7353109903347873, 1.0, 0.8756993661258518, 0.7847516839571465, 0.8755539592660458, 0.8792178176576476