"[[1.0, 0.09195017976344577, 0.027560249445911955, 0.2417818253527343, 0.03127365109602054, 0.0316050080521052, 0.06371386919117605, 0.03154163692572032, 0.15633451234410345, 0.6251837470396949, 0.6362674923295026, 0.06967580441894017, 0.0005554293453462478, 0.1480939489609967, 0.00625438248931931, 0.25438043293315005, 0.002173063202285719, 0.3329298907522271, 0.15727274385913104, 0.11832548391863262, 0.27924504367371195, 0.08484142044717391, 0.0010931751149270141, 0.11972164625969062, 0.4590150603282417, 0.12163736256003677, 0.0, 0.017477546713133618, 0.120895879574625, 0.5538088219538577, 0.0734079376240987, 0.0, 0.08637777145166248, 0.04219446858195175, 0.013890592132312807, 0.3634199540702455, 0.3162333519765155, 0.05195049712182298, 0.06342012306225597, 0.028817516830935586, 0.049642689573814014, 0.2786844894654317, 0.013246910158849712, 0.1344713484674953, 0.09139188776588725, 0.010919728262406503, 0.28859298985824666, 0.0, 0.38810814728729115, 0.02218885734650755, 0.11521549119387109, 0.17505781437495482, 0.31781826162689275, 0.13048629192342487, 0.15300130083074603, 0.11931333661482346, 0.021248614152934553, 0.2622339989211042, 0.1755652994015816, 0.02781046345115923], [0.09195017976344577, 1.0, 0.034953748292555153, 0.21830473790467386, 0.059978166785379816, 0.042253241419390464, 0.04393905852962099, 0.012724909297676779, 0.0707986301052459, 0.0001591467267951785, 0.06918960685710673, 0.9596705088337361, 0.0009534279116730771, 0.00015576611148448993, 0.01344263093233411, 0.2929559696694559, 0.0396036499442014, 0.00039521166988654155, 0.0019178623546657336, 0.02628254341649583, 0.011186667594929145, 0.03606961980394774, 0.002223106483736803, 0.11880094993057544, 0.046384751650116685, 0.006644710389188235, 0.141225988454866, 0.11749891440907545, 0.0, 0.02925517679894163, 0.009872997672563444, 0.007408734533323358, 0.05351859325179975, 0.004814536193722296, 0.00596146701392497, 0.027990795362064502, 0.020156867767676223, 0.010279911480407522, 0.8115224355386582, 0.06495673329072515, 0.0, 0.030967760806016487, 0.003105838420204843, 0.6944701967742003, 9.122449747711592e-06, 0.032777870638611706, 0.016321502198432203, 0.0, 0.0035248215927170534, 0.0, 0.21284773527935996, 0.027898307147172452, 0.0023420598996357622, 0.03793165246868124, 9.685935563052972e-05, 0.015394470584997655, 0.0006340405398557181, 0.0, 0.0546523867737857, 0.017383904057894473], [0.027560249445911955, 0.034953748292555153, 1.0, 0.109054531248171, 0.010640430710680215, 0.6656819768052527, 0.37451095906724485, 0.7803250907281492, 0.819838531081284, 0.06977412254123216, 0.00018217778156737197, 0.020560506632301134, 0.4316523651447115, 0.02638138579622995, 0.0, 0.3604538661620691, 0.1264875995153223, 0.367640350897915, 0.044969612138380355, 0.0, 0.003613070326748402, 0.008735493285255469, 0.0, 0.011295573124552427, 0.004230511677997151, 0.039017967213645255, 0.0, 0.15709349845421516, 0.08822399472286835, 0.11091754731189096, 0.04935773916553887, 0.0, 0.20137120204083248, 0.3237718246868041, 0.28261029941943905, 0.27028563129587757, 0.2814202849565878, 0.2936739313812736, 0.029823340674716592, 0.2542732265016401, 0.1939638033688338, 0.2100385911870729, 0.08666526426410326, 0.27951127376873874, 0.00046349232134057505, 0.0, 0.44154737459493487, 0.0, 0.04422839277776458, 0.00018107371295039698, 0.5120786448003869, 0.35436517562548153, 0.0, 0.4578352901984206, 0.013906768508173961, 0.23515324335206933, 0.01930809796605748, 0.19637121346755437, 0.45031508197696235, 0.34010363275314726], [0.2417818253527343, 0.21830473790467386, 0.109054531248171, 1.0, 0.195095907603263, 0.31661822060716016, 0.00043160220444893316, 0.13066048018837806, 0.23477901010207392, 0.16590397866375461, 0.169977224141321, 0.00628119841235919, 0.09451001554001948, 0.012474596373007851, 0.0, 0.06886491768496583, 0.0, 0.12539134046304024, 0.026341605691327263, 0.027565495534955353, 0.04109348962991255, 0.07143554387580331, 0.00800857975039626, 0.015175844750236478, 0.001088386302105282, 0.0022177379608171455, 9.173400256357045e-05, 0.03656892505513609, 0.013348470859656847, 0.04604753308305054, 0.023067400018208062, 0.0, 0.0069865096610194355, 0.018182699291785065, 0.0005939017091350918, 0.08266760591778721, 0.07596513150260054, 0.027574743177367078, 0.011541135593984064, 0.07206426634516039, 0.011042203697104513, 0.11621606929250039, 0.004096913395263524, 0.019886537397726278, 0.0, 0.0018164017219866047, 0.15983296392215784, 0.0, 0.011748402846317396, 0.0, 0.00014476720729128534, 0.005182461622092904, 0.053763282271868995, 0.041044502690967155, 0.03771549656806805, 0.003295443101056117, 0.04249789498590173, 0.06357901337066885, 0.05025131218271073, 0.07972536685645659], [0.03127365109602054, 0.059978166785379816, 0.010640430710680215, 0.195095907603263, 1.0, 0.04366217182761334, 0.664527163963998, 0.13714221003435212, 0.07154328639610286, 0.39422687538385104, 0.0040069592495900475, 0.0005950239782889222, 0.44242396146623086, 0.1181994848338408, 0.00022554019429810168, 0.023818912539371073, 0.08262218984398706, 0.4952650596019561, 0.00958736250623382, 0.0005822727698046037, 0.036206972456159114, 0.11332202107572031, 0.0034839545807130445, 0.06298150806810388, 0.13492528493992106, 0.03399599281324295, 0.0698391867152447, 0.07009684722888243, 0.004503202959506569, 0.01027320785511232, 0.02813693078052515, 0.0, 0.09539554597788824, 0.0225449156355918, 0.07406120821123596, 0.02089739199215135, 0.020770102607440943, 0.030801259675183434, 0.0005097172911507908, 0.3333497117530576, 0.196431619444434, 0.06352617745551747, 0.005171647385586842, 0.12933719095147578, 0.0, 0.1629676810366506, 0.28409840990675916, 0.004163382049246045, 0.031145174463080516, 0.00011753957630711298, 0.0007459894047240345, 0.033575373267363595, 0.0116444437437907, 0.202310852725335, 0.059128816332541856, 0.4235339234862068, 0.002790515409657246, 0.008239404805827633, 0.00995875104055477, 0.017539964305822164], [0.0316050080521052, 0.042253241419390464, 0.6656819768052527, 0.31661822060716016, 0.04366217182761334, 1.0, 0.005000030828996915, 0.7676280136541855, 0.6094975678249885, 0.07470307595389769, 0.0018292129238700605, 0.029121698955694608, 0.4695579406364977, 0.029950147400738092, 0.014244950892968067, 0.38890752207942136, 5.468838418487554e-05, 0.23897620852942036, 0.03336210355843949, 0.0004824751945918804, 0.007610455414218897, 0.01675668914782802, 0.0021921407452734076, 0.02254220111483385, 0.019343696247932862, 0.011272608389525485, 0.01643273653237176, 0.25008319440206217, 0.07728583528490418, 0.17897958956442284, 0.007840074194585434, 0.007336472335871758, 0.0006096629119881625, 0.0069442848902392385, 0.0006779692412263172, 0.0, 0.03153373091120448, 0.018280480530108445, 0.0, 0.017695576483236164, 0.0, 0.012696053322098888, 0.0014019256681413461, 0.013000330235882762, 0.019725210651542868, 0.05593578182298131, 0.4738004590672845, 0.0, 0.003187437832575135, 0.03956205588581585, 0.010737344683448669, 0.010424915577605609, 0.006312705099852378, 0.24208926731520208, 0.00016452501366770456, 0.004826775157570018, 0.023612719025214446, 0.1955926327739681, 0.03381025181103092, 0.016877798078206663], [0.06371386919117605, 0.04393905852962099, 0.37451095906724485, 0.00043160220444893316, 0.664527163963998, 0.005000030828996915, 1.0, 0.22253765543335868, 0.48732152591864386, 0.3219653844175685, 0.008356419725040198, 0.0017432297980305433, 0.36553278253002297, 0.15992562841243374, 0.13608405647081434, 0.1626396828814327, 0.002384309226019621, 0.34800366570518326, 0.004121034744581031, 0.00527426103147155, 0.02094733589781317, 0.3123121186133263, 0.028197727820652885, 0.04153351592155041, 0.1909628981746525, 0.01720369802983146, 0.019161848040329277, 0.03926782344535518, 0.0, 0.08671134494110677, 0.13632345106444788, 0.008536084636599384, 0.1382913413337179, 0.06534473701048316, 0.138067271732631, 0.34968210763647534, 0.14387363384772411, 0.005589306246022163, 0.011679618369390243, 0.22961753482771652, 0.1431078131587714, 0.20897087292799865, 0.12465954435181148, 0.4159089886412133, 0.00048059745232964524, 0.02455642966986049, 0.17961659896032744, 0.005373139703076291, 0.011811899790718616, 0.0011524207199741232, 0.6289507863871558, 0.2901400651045163, 0.0016298793424416314, 0.5921349198108304, 0.26978128894726283, 0.40678155167886676, 0.0010737789861905433, 0.03840209667933692, 0.5075127937095478, 0.0008497813837410328], [0.03154163692572032, 0.012724909297676779, 0.7803250907281492, 0.13066048018837806, 0.13714221003435212, 0.7676280136541855, 0.22253765543335868, 1.0, 0.6293918998874323, 0.13244504910365784, 0.011140340937841664, 0.028653617315631652, 0.50832815787741, 0.155768120624163, 0.0, 0.350459695650283, 0.34177331002203803, 0.24835722290962559, 0.07223986713164032, 0.2018451663141646, 0.013076017637993709, 0.06473993318018645, 0.0, 0.04551365073814517, 0.04269932828975542, 0.024660386537523116, 0.0, 0.24642367851946345, 0.0601820251662204, 0.12915488374276984, 0.015731779227596054, 0.0, 0.07331159407598276, 0.08781565374244937, 0.4143196636572175, 0.2129314702677476, 0.3501493072914237, 0.01968424717495587, 0.09800676477165204, 0.28097527617607265, 0.03316796892519969, 0.14165419479603425, 0.1548632466056553, 0.1909154625750633, 0.0006467837367936102, 0.0, 0.4078215648074015, 0.000494483425268144, 0.024962090095837386, 0.0007278303387691087, 0.16540743178105421, 0.1676284976901583, 0.0011512648083594756, 0.3226872675605388, 0.0, 0.0944360989776678, 0.023161075633516104, 0.1567054114203028, 0.20695782621368441, 0.015565371635532843], [0.15633451234410345, 0.0707986301052459, 0.819838531081284, 0.23477901010207392, 0.07154328639610286, 0.6094975678249885, 0.48732152591864386, 0.6293918998874323, 1.0, 0.1814983608742552, 0.0005866945848141958, 0.023547847447456305, 0.3390434123444863, 0.02259835536347088, 0.006563204958117574, 0.3331088593644549, 0.11094898725023761, 0.16524593915324381, 0.024856086867305005, 0.0003613991613808931, 0.046076821200269014, 0.014796668745640007, 0.0010294849336109912, 0.04649868597677509, 0.01218942552082336, 0.01979067113840416, 0.0, 0.13891116637136913, 0.06888883451162509, 0.10089591483265736, 0.004764047719134523, 0.0, 0.09553806155494915, 0.0913426526625587, 0.004583338159558248, 0.33413291934817624, 0.24154222693633132, 0.056632243593553455, 2.048727325587585e-05, 0.0424224323443354, 0.10606763423360155, 0.16983230189427, 0.060434116960920936, 0.22403619074419046, 1.6750999190184857e-05, 0.01136751225424959, 0.34272664554774734, 0.0001673404987277971, 0.007983141804164928, 0.00020150422967246673, 0.6562395077643572, 0.2811534116348313, 0.3342179441939923, 0.5613345364932074, 0.003352791804308475, 0.018721062526574794, 0.03648797987996455, 0.15984394176442385, 0.5346438046873032, 0.02537269440429646], [0.6251837470396949, 0.0001591467267951785, 0.06977412254123216, 0.16590397866375461, 0.39422687538385104, 0.07470307595389769, 0.3219653844175685, 0.13244504910365784, 0.1814983608742552, 1.0, 0.8158719452682, 0.00849092863057832, 0.29138532589636457, 0.21564033552570228, 0.15367933768771624, 0.11958473684148208, 0.005032792998390989, 0.6523023221083499, 0.10594238372384401, 0.0, 0.019970562833536487, 0.0989011151947159, 0.0, 0.1017898614112781, 0.08331880370986644, 0.027731210483169733, 0.0035980766085500493, 0.07903749186843434, 0.08493982525107646, 0.11507748939936446, 0.10324680695887856, 0.0, 0.11576459908648373, 0.08746464548622834, 0.0745054045686474, 0.3351802254153373, 0.1879481859758796, 0.06739138842368586, 0.002850191454123907, 0.20379523504410857, 0.1320545527137612, 0.20360443543051365, 0.14823013757802828, 0.15872042188636715, 0.0004914165523693947, 0.013632739239616276, 0.41403581074735907, 0.0017704734768754227, 0.008398586059203073, 0.0013885116694750677, 0.0, 0.07614544053416183, 0.3442013423770136, 0.15504892279377191, 0.23914364505478014, 0.19873704221594612, 0.02542514107072036, 0.1884249345594181, 0.030218186481202225, 0.00542459784497995], [0.6362674923295026, 0.06918960685710673, 0.00018217778156737197, 0.169977224141321, 0.0040069592495900475, 0.0018292129238700605, 0.008356419725040198, 0.011140340937841664, 0.0005866945848141958, 0.8158719452682, 1.0, 0.0701517403586186, 0.05229582283775036, 0.12775304233683915, 0.0009826538861216205, 0.04249836032650223, 0.0028950196370164383, 0.5188344524984786, 0.12356456483794687, 0.0018872431937310141, 0.007563075848667111, 0.017087248219544993, 0.043110160769724404, 0.0009094162396301453, 0.014331218089326803, 0.018726137075369187, 0.0029190241183324472, 0.04517540467185366, 0.0006293064506971424, 0.12227946197086492, 0.007619807764755793, 0.0, 0.02218032650462154, 0.04138447833808956, 0.01063854458961544, 0.3988782099099464, 0.0006117436707510082, 0.0034402511091148336, 0.05933400771576436, 0.01251144489405498, 0.007187610777537379, 0.2062851415878828, 0.08606226088173807, 0.14650228017935008, 8.71623027642876e-07, 0.018761814865476123, 0.28345450257127647, 0.0, 0.0004626170301921251, 0.00017175096008048563, 0.011038631372369823, 0.054750100940991864, 0.0013405780602800954, 0.025660226548619325, 0.2223188943364529, 0.003335763059232666, 0.0003282148524076378, 0.1505040647119632, 0.01291143281424989, 0.0003634391803000181], [0.06967580441894017, 0.9596705088337361, 0.020560506632301134, 0.00628119841235919, 0.0005950239782889222, 0.029121698955694608, 0.0017432297980305433, 0.028653617315631652, 0.023547847447456305, 0.00849092863057832, 0.0701517403586186, 1.0, 0.01415145512613003, 0.008515001913320996, 0.013968021813245746, 0.3228674392571578, 0.04119984124903442, 0.00719042854825247, 0.001608455254103025, 0.053955718312397205, 0.0, 0.008633579996589869, 0.0, 0.007252537726223474, 0.01967259844644742, 9.150380124500757e-05, 0.0003498004179195435, 0.00741940895921811, 0.002666748446266576, 0.004725257884635181, 0.003077755988986297, 0.0, 0.05031690391843169, 0.0018349300508023747, 0.0006487355292351671, 0.0056934627725852005, 0.019366976958340665, 0.0, 0.8426907064839153, 0.00010580146469485463, 0.0006494355717616696, 0.0004621675768210487, 0.000921074922263676, 0.701516908972509, 0.0, 0.0005808598026550982, 0.019510501398899427, 0.017542121982572656, 0.023588765285718405, 0.0, 0.15720407623031618, 0.003114738695099928, 0.01719173792362305, 0.011985389423523896, 0.00610156681220142, 0.0040818536706789255, 0.0018497651076671007, 0.008761942295409941, 0.004697017847915319, 0.0], [0.0005554293453462478, 0.0009534279116730771, 0.4316523651447115, 0.09451001554001948, 0.44242396146623086, 0.4695579406364977, 0.36553278253002297, 0.50832815787741, 0.3390434123444863, 0.29138532589636457, 0.05229582283775036, 0.01415145512613003, 1.0, 0.4499904565290702, 0.0, 0.3458929337154353, 0.0, 0.4460596094730349, 0.028170522783318885, 0.0, 0.04825917576529626, 0.09853159385978183, 0.38198209850321274, 0.1120858607620634, 0.12413635856171867, 0.11772091524717276, 0.026808106926497155, 0.30805128912526314, 0.11564268455337567, 0.10868711017910915, 0.1442325393689292, 0.0, 0.33434400938585185, 0.2621292702899992, 0.08582928990596395, 0.20635763089741999, 0.10063629548954556, 0.2660377384114343, 0.13323211453895056, 0.28574524721677297, 0.36466692786916044, 0.24907673384505746, 0.446188410135432, 0.0996929878608559, 0.0, 0.0, 0.6266753331306686, 0.0020064514794591037, 0.01653736308168552, 0.0007831477317115088, 0.0158928417778037, 0.33994123660017883, 3.724433087415324e-05, 0.34669330087577166, 0.011325840657941622, 0.32257017252484965, 0.3156483314626676, 0.12838886275353767, 0.14100145203654235, 0.20421147583821564], [0.1480939489609967, 0.00015576611148448993, 0.02638138579622995, 0.012474596373007851, 0.1181994848338408, 0.029950147400738092, 0.15992562841243374, 0.155768120624163, 0.02259835536347088, 0.21564033552570228, 0.12775304233683915, 0.008515001913320996, 0.4499904565290702, 1.0, 0.05827707213054145, 0.3453497579133721, 0.0, 0.09357588175489218, 0.0066526076951666235, 0.015788192681029156, 0.06971270394345364, 0.18407577163323285, 0.0, 0.05881579984556773, 0.15445562631050147, 0.14970170496909674, 0.0, 0.46587847539927507, 0.0022708750160082003, 0.010154652167743139, 0.0035998599022332156, 0.021024658230617277, 0.011469045129633093, 0.002667530865930856, 0.10188837890443103, 0.10382708810722285, 0.13379435968388176, 0.0009953038386935065, 6.377961707937363e-05, 0.15710783212661328, 0.10907723604183772, 0.10827917313162405, 0.911903712085, 0.015482682189079888, 0.00016911567138311323, 0.000759621610895489, 0.2888278525961112, 0.0005209533156247392, 0.3058722695395314, 0.002253476177023539, 0.0037978855309590553, 0.5489650452115297, 0.0, 0.16971937513014956, 0.018185414354141227, 0.10284057513452849, 0.0006792352139863844, 0.012578646202660249, 0.18838541256785235, 0.0], [0.00625438248931931, 0.01344263093233411, 0.0, 0.0, 0.00022554019429810168, 0.014244950892968067, 0.13608405647081434, 0.0, 0.006563204958117574, 0.15367933768771624, 0.0009826538861216205, 0.013968021813245746, 0.0, 0.05827707213054145, 1.0, 0.04415215195407818, 0.000576431849486525, 0.0, 0.0, 0.0003730597149353976, 0.04455498469134711, 0.0, 0.0, 0.25298958617297373, 0.00027068953477371593, 0.0, 0.0, 0.0, 0.007819719469371988, 0.0027552433904302065, 0.06173437907028101, 0.0, 0.0006855645574210811, 0.010053159424065372, 0.0010169472209763386, 0.0, 0.0, 0.001924857572427996, 0.011804030709600233, 0.0, 0.001664032322093667, 0.02441925172197612, 0.0, 0.011448810826141576, 0.002900182575830801, 0.013026831529723948, 0.0, 0.0, 0.0, 0.007388508500605906, 0.0021979190111239832, 0.010532545989149433, 0.0, 0.0, 0.0, 0.0016081768973376098, 0.0, 0.0, 0.04767640249559113, 0.0], [0.25438043293315005, 0.2929559696694559, 0.3604538661620691, 0.06886491768496583, 0.023818912539371073, 0.38890752207942136, 0.1626396828814327, 0.350459695650283, 0.3331088593644549, 0.11958473684148208, 0.04249836032650223, 0.3228674392571578, 0.3458929337154353, 0.3453497579133721, 0.04415215195407818, 1.0, 0.015261126626201826, 0.09588442193481084, 0.0368382020873298, 0.008011281963412276, 0.02009922161146227, 0.36357716787019945, 0.0, 0.06931074357004952, 0.0437452467213042, 0.6807990052961844, 0.020865176305113642, 0.211619289359689, 0.03203507340245271, 0.06301135150995485, 0.13636903208022977, 0.0, 0.03653179273564611, 0.27749459031487267, 0.062745413929993, 0.209071323252489, 0.2386765531443441, 0.12374163650453363, 0.2563313048805824, 0.03427299719935062, 0.3377978109678337, 0.5178929061356687, 0.3147722905386716, 0.4110526062928854, 0.00011593332281067958, 0.002927373940016076, 0.44471202279647726, 0.0, 0.35092189196981083, 0.0007626175056144602, 0.1193228434161433, 0.18019003507753217, 0.0717302956170558, 0.33161352650820497, 0.34332366826911187, 0.4139496817818116, 0.013941098562556986, 0.7172185060546203, 0.5358627470953972, 0.03131897683739049], [0.002173063202285719, 0.0396036499442014, 0.1264875995153223, 0.0, 0.08262218984398706, 5.468838418487554e-05, 0.002384309226019621, 0.34177331002203803, 0.11094898725023761, 0.005032792998390989, 0.0028950196370164383, 0.04119984124903442, 0.0, 0.0, 0.000576431849486525, 0.015261126626201826, 1.0, 0.0, 0.01304453783519266, 0.0010990799667828233, 0.0, 0.0506572872079325, 6.820208726554533e-06, 0.0, 0.0007974847805237717, 0.012863925696278034, 0.0005360064016225463, 0.00010801205307398032, 0.0, 0.0, 0.003346951087144223, 0.0, 0.04627496441995138, 0.0015346047402388097, 0.0009940708438778145, 0.13260820708924936, 0.0010842671407198523, 0.0002019205480138231, 0.03477613143638114, 0.17816213436258965, 0.0, 1.7550351728234936e-05, 0.0006499937411230672, 0.0333672904622776, 0.0, 0.0, 9.632840194162551e-05, 0.0, 0.018645155328354646, 0.002814963358595879, 0.00676649187722711, 3.371350130865203e-05, 8.20008250899118e-05, 0.0028358654398067396, 0.008376482010040487, 0.003935449646215505, 0.0, 0.0011827385702217752, 5.830025563424712e-06, 0.024366636058548052], [0.3329298907522271, 0.00039521166988654155, 0.367640350897915, 0.12539134046304024, 0.4952650596019561, 0.23897620852942036, 0.34800366570518326, 0.24835722290962559, 0.16524593915324381, 0.6523023221083499, 0.5188344524984786, 0.00719042854825247, 0.4460596094730349, 0.09357588175489218, 0.0, 0.09588442193481084, 0.0, 1.0, 0.07180102841311753, 0.0, 0.008623038929463589, 0.019835218029408797, 0.0, 0.002160781601126316, 0.07279275955064457, 0.0001430874156758133, 0.0, 0.05630335554274035, 0.018705048915361955, 0.10183039049172149, 0.0, 0.05334401821375756, 0.26687372781568186, 0.16886760387502253, 0.03484381086685284, 0.2090159973399125, 0.009612212894801186, 0.3227015080518745, 0.006083272508214832, 0.3227156629200908, 0.10531337647699635, 0.1935759756286609, 0.0, 0.14754053221657049, 0.0, 0.0, 0.3724524019558565, 0.0022461621523585107, 0.008783014545830192, 0.0, 0.0, 0.2816901653646615, 0.0, 0.14358079606374052, 0.12982063558278112, 0.6106396899545204, 0.005594816012809201, 0.25007899430353986, 0.006471283355593993, 0.607560845720133], [0.15727274385913104, 0.0019178623546657336, 0.044969612138380355, 0.026341605691327263, 0.00958736250623382, 0.03336210355843949, 0.004121034744581031, 0.07223986713164032, 0.024856086867305005, 0.10594238372384401, 0.12356456483794687, 0.001608455254103025, 0.028170522783318885, 0.0066526076951666235, 0.0, 0.0368382020873298, 0.01304453783519266, 0.07180102841311753, 1.0, 0.01659468998374869, 0.0007662327943657177, 0.010320867012183932, 0.0006919251744257338, 0.10593820662671116, 0.10977005792591932, 0.02111409177551815, 0.00014443213374160102, 0.21938468705233694, 0.0033386005382598505, 0.02236481924034428, 0.004127864079411014, 0.0, 0.5349852508591555, 0.0722339447582907, 0.04136778217808923, 0.05139378474290868, 0.029346245916037073, 0.2999871554047432, 0.2582275609146991, 0.252549375974394, 0.05437279956934671, 0.03303650703998273, 0.016331847733703997, 0.03617340574092842, 0.013473453065428687, 0.05140246847704666, 0.21399643718105432, 0.014746034312848932, 0.020704993862886822, 0.023746552180202163, 0.1940686351478802, 0.0711405059816248, 0.04986944471441479, 0.42804527535297887, 0.03198821092694659, 0.1630391213796749, 0.002095969168106504, 0.026116367453885236, 0.05022922907979066, 0.010500234796100627], [0.11832548391863262, 0.02628254341649583, 0.0, 0.027565495534955353, 0.0005822727698046037, 0.0004824751945918804, 0.00527426103147155, 0.2018451663141646, 0.0003613991613808931, 0.0, 0.0018872431937310141, 0.053955718312397205, 0.0, 0.015788192681029156, 0.0003730597149353976, 0.008011281963412276, 0.0010990799667828233, 0.0, 0.01659468998374869, 1.0, 0.00012233808518902212, 0.11481009984999213, 2.3901977087792403e-05, 0.0, 0.0005161224959246979, 0.003346561358850364, 0.0, 0.0, 0.0, 0.0, 6.74417811945549e-05, 0.0, 0.0013071628010647984, 2.6419121912368837e-06, 0.0, 0.0, 0.00012235437888963308, 6.097002507932103e-05, 0.02250669127975191, 0.00021409170001462918, 0.0, 0.017092635763724884, 0.0, 0.0186564504441753, 0.0, 0.0, 8.958485731525023e-05, 0.0, 3.3697664353016243e-05, 0.0, 0.004190762109847146, 0.1139150944345042, 0.0, 0.0, 0.0, 0.0, 0.0, 0.0, 0.000117487124982385, 0.00022387562178538545], [0.27924504367371195, 0.011186667594929145, 0.003613070326748402, 0.04109348962991255, 0.036206972456159114, 0.007610455414218897, 0.02094733589781317, 0.013076017637993709, 0.046076821200269014, 0.019970562833536487, 0.007563075848667111, 0.0, 0.04825917576529626, 0.06971270394345364, 0.04455498469134711, 0.02009922161146227, 0.0, 0.008623038929463589, 0.0007662327943657177, 0.00012233808518902212, 1.0, 0.018327009153711993, 0.02639402610421515, 0.01559198811245266, 0.014028244758538144, 0.013379797534068372, 0.013003029968090551, 0.04342192908068809, 0.38706598797077396, 0.13879326148114135, 0.007272049076289755, 0.0018056038026892374, 0.013034713124375985, 0.010040431503173797, 0.06530173490002866, 0.0016430401596311262, 0.006249468653981127, 0.10092665829078351, 0.0005981365981668763, 0.023340066733576137, 0.10009016486544253, 0.0682693110716397, 0.07063070184446496, 0.04889625732083669, 8.134185071961841e-05, 0.0003196763470897368, 0.02218699945695679, 7.167878188329979e-05, 0.001336012895614247, 0.00031768350183769556, 0.00024876507231930134, 0.5628074695200135, 0.0, 0.019505040654915762, 0.0003055550596289258, 0.09068805179305606, 8.115334277802866e-05, 0.0, 0.013564272792714438, 0.0044508715829923995], [0.08484142044717391, 0.03606961980394774, 0.008735493285255469, 0.07143554387580331, 0.11332202107572031, 0.01675668914782802, 0.3123121186133263, 0.06473993318018645, 0.014796668745640007, 0.0989011151947159, 0.017087248219544993, 0.008633579996589869, 0.09853159385978183, 0.18407577163323285, 0.0, 0.36357716787019945, 0.0506572872079325, 0.019835218029408797, 0.010320867012183932, 0.11481009984999213, 0.018327009153711993, 1.0, 0.0005831945264033189, 0.11463327575443794, 0.16630579321567496, 0.031007049425074817, 0.17040138841327812, 0.18321122242890675, 0.07780573974069005, 0.13894044185604837, 0.4683800007256762, 0.055643697732684516, 0.06411576868977187, 0.16931056082083074, 0.13066332838327355, 0.13335332419417067, 0.13157287200896417, 0.05609684007718552, 0.001458242368078122, 0.14181891194172191, 0.021907141829174193, 0.03313938313738818, 0.2515064556559049, 0.47103750531718125, 0.0, 0.0, 0.06842525049509351, 0.009674750814262278, 0.0021462489791234107, 0.000425445449357742, 0.01679474229628064, 0.12284794766670748, 0.00025373805162820506, 0.35028218112649423, 0.9243587950750183, 0.46701546148948014, 0.0, 0.13051717873309, 0.030015461847007652, 0.006499513367266951], [0.0010931751149270141, 0.002223106483736803, 0.0, 0.00800857975039626, 0.0034839545807130445, 0.0021921407452734076, 0.028197727820652885, 0.0, 0.0010294849336109912, 0.0, 0.043110160769724404, 0.0, 0.38198209850321274, 0.0, 0.0, 0.0, 6.820208726554533e-06, 0.0, 0.0006919251744257338, 2.3901977087792403e-05, 0.02639402610421515, 0.0005831945264033189, 1.0, 0.00045566957401932395, 0.0, 0.021801306415729416, 0.06808926484318267, 0.0015274554494997261, 0.0, 0.042705866624977995, 0.1606159792291002, 0.0, 0.4266770294753328, 0.001007340152425762, 0.024371517362003048, 0.0, 0.00034853979502047494, 0.0026341900150229636, 0.0, 0.0006098635612049597, 0.0, 0.0006030255027328346, 0.00014094539970554987, 0.0017981302106822028, 0.0, 0.011185592445581927, 0.0037931295776586493, 0.0, 0.000339014082215372, 0.004920665181160744, 0.0010337005871414728, 0.0020212741259412192, 0.0010903732417271161, 0.23306571471948523, 3.3053680898675886e-05, 1.4596829596924543e-05, 0.00019153225895462977, 0.0, 0.00035537376261651765, 0.0006377341296260886], [0.11972164625969062, 0.11880094993057544, 0.011295573124552427, 0.015175844750236478, 0.06298150806810388, 0.02254220111483385, 0.04153351592155041, 0.04551365073814517, 0.04649868597677509, 0.1017898614112781, 0.0009094162396301453, 0.007252537726223474, 0.1120858607620634, 0.05881579984556773, 0.25298958617297373, 0.06931074357004952, 0.0, 0.002160781601126316, 0.10593820662671116, 0.0, 0.01559198811245266, 0.11463327575443794, 0.00045566957401932395, 1.0, 0.01996358487760108, 0.00833136013288005, 0.8213287313451051, 0.6919913754887667, 0.20624887573855832, 0.03808928025466274, 0.20864947260653, 0.04050653987983743, 0.1944703936631763, 0.013762827153266044, 0.0004954036827462538, 0.2989902749576532, 0.25318194265662974, 0.1821379778460599, 0.1938140443700187, 0.4351814828415512, 0.003892078049157255, 0.02101826481842195, 0.0071772381511989725, 0.0540119565116427, 0.13463679237226245, 0.04898720275889701, 0.13871299964671002, 0.09038302587504088, 0.14379281716654368, 0.001870338495229773, 0.03066862429871431, 0.04125767499581856, 0.1409062225444525, 0.13057496227961474, 0.003925986782790103, 0.13251496208564695, 0.009745414758968396, 0.03695781366509743, 0.04668729863574539, 0.049638789085959756], [0.4590150603282417, 0.046384751650116685, 0.004230511677997151, 0.001088386302105282, 0.13492528493992106, 0.019343696247932862, 0.1909628981746525, 0.04269932828975542, 0.01218942552082336, 0.08331880370986644, 0.014331218089326803, 0.01967259844644742, 0.12413635856171867, 0.15445562631050147, 0.00027068953477371593, 0.0437452467213042, 0.0007974847805237717, 0.07279275955064457, 0.10977005792591932, 0.0005161224959246979, 0.014028244758538144, 0.16630579321567496, 0.0, 0.01996358487760108, 1.0, 0.023236222727558542, 0.0, 0.09424723249724487, 0.0004469273010488939, 0.9376094308255459, 0.15124511207682367, 0.0, 0.10614378261339563, 0.03233614322419187, 0.0385629837638074, 0.0034110115156681386, 0.01915512979472933, 0.02923868578435851, 0.046266848770780244, 0.092695028646129, 0.0405384724162956, 0.07079406577984848, 0.14328758066707825, 0.031032019191513327, 2.3779606459051195e-05, 0.0006767385654482538, 0.07126481088586711, 0.0006119229744812049, 0.004248307427055287, 0.0002831105516974963, 0.12825040292065726, 0.09133662010913768, 0.025045369662182404, 0.09334238573777798, 0.0, 0.08128333793426967, 0.0015491866814835165, 0.00250257690186928, 0.027406516261171632, 0.0], [0.12163736256003677, 0.006644710389188235, 0.039017967213645255, 0.0022177379608171455, 0.03399599281324295, 0.011272608389525485, 0.01720369802983146, 0.024660386537523116, 0.01979067113840416, 0.027731210483169733, 0.018726137075369187, 9.150380124500757e-05, 0.11772091524717276, 0.14970170496909674, 0.0, 0.6807990052961844, 0.012863925696278034, 0.0001430874156758133, 0.02111409177551815, 0.003346561358850364, 0.013379797534068372, 0.031007049425074817, 0.021801306415729416, 0.00833136013288005, 0.023236222727558542, 1.0, 0.001330791343310267, 0.09817629120986371, 0.0, 0.011641409578207251, 0.0059745419855410375, 0.0026823516575448236, 0.01510793951323297, 0.18717061152858683, 0.018775698597222834, 0.08966085317160932, 0.00018547837739968376, 0.12651989208692827, 0.0, 0.022867696602478782, 0.3131335337000902, 0.7331088631153105, 0.19555365765098065, 0.027166148019054925, 0.0, 0.20184769500460786, 0.19114248237562603, 0.0, 0.011824601500369014, 0.00032626117038303537, 0.0, 0.13791154076329537, 0.014422516871712587, 0.1195102792716276, 0.0069310352769310635, 0.3486374602108393, 0.0034562626143491704, 0.8777812056030662, 0.5942398926151595, 0.024916759761808294], [0.0, 0.141225988454866, 0.0, 9.173400256357045e-05, 0.0698391867152447, 0.01643273653237176, 0.019161848040329277, 0.0, 0.0, 0.0035980766085500493, 0.0029190241183324472, 0.0003498004179195435, 0.026808106926497155, 0.0, 0.0, 0.020865176305113642, 0.0005360064016225463, 0.0, 0.00014443213374160102, 0.0, 0.013003029968090551, 0.17040138841327812, 0.06808926484318267, 0.8213287313451051, 0.0, 0.001330791343310267, 1.0, 0.8013659673300717, 0.0, 0.0028676552699351543, 0.03517420994659115, 0.0, 0.02925623080490336, 0.010751123203891155, 0.00888980392392058, 0.008092039440579346, 0.007848478419299032, 0.0, 0.0001152483693940276, 0.3230187622332754, 0.0, 0.0013381150241386086, 0.0045311010804086616, 0.030693588445563802, 0.0, 0.0, 0.0005170087125062617, 0.0, 0.0, 0.0, 0.009158169318036924, 0.0, 0.0, 0.03630715908202442, 0.06063324785606361, 0.1328559767204769, 0.002590503890865792, 0.008561264835431515, 0.00046303679739256864, 0.00013729078076707424], [0.017477546713133618, 0.11749891440907545, 0.15709349845421516, 0.03656892505513609, 0.07009684722888243, 0.25008319440206217, 0.03926782344535518, 0.24642367851946345, 0.13891116637136913, 0.07903749186843434, 0.04517540467185366, 0.00741940895921811, 0.30805128912526314, 0.46587847539927507, 0.0, 0.211619289359689, 0.00010801205307398032, 0.05630335554274035, 0.21938468705233694, 0.0, 0.04342192908068809, 0.18321122242890675, 0.0015274554494997261, 0.6919913754887667, 0.09424723249724487, 0.09817629120986371, 0.8013659673300717, 1.0, 0.017877722593457657, 0.04246908022185514, 0.0015882898459987915, 0.0, 0.11191049314413304, 0.011842845304621763, 0.04986341689281926, 0.011381619670492005, 0.005661596743749331, 0.08173991726852925, 0.053465583823596896, 0.37324653601244195, 0.0395332316584357, 0.04844313179344795, 0.4744938060056787, 0.023562203295184547, 0.0, 0.10213747027878695, 0.24687311051637884, 0.031182288521630186, 0.00554053723502812, 0.0788735315323763, 0.0634816540842269, 0.31476278522779744, 0.021323931544639185, 0.22832677878188146, 0.00030181855514688216, 0.1349481897047291, 0.007096269017323631, 0.04574522758652677, 0.08569927368501962, 0.0], [0.120895879574625, 0.0, 0.08822399472286835, 0.013348470859656847, 0.004503202959506569, 0.07728583528490418, 0.0, 0.0601820251662204, 0.06888883451162509, 0.08493982525107646, 0.0006293064506971424, 0.002666748446266576, 0.11564268455337567, 0.0022708750160082003, 0.007819719469371988, 0.03203507340245271, 0.0, 0.018705048915361955, 0.0033386005382598505, 0.0, 0.38706598797077396, 0.07780573974069005, 0.0, 0.20624887573855832, 0.0004469273010488939, 0.0, 0.0, 0.017877722593457657, 1.0, 0.13295749981736182, 0.8129715288980731, 0.0, 0.5595336799779683, 0.001751719704842003, 0.019651926654859708, 0.0, 0.06651786875719168, 0.580155608388134, 0.0, 0.6180561584706035, 0.032156478203172245, 0.021841747600715333, 0.0023986705436235267, 0.021029364602016765, 0.07768618612859246, 0.0010367855533591763, 0.32389195550791583, 0.0, 0.0, 0.0, 0.0006644879334963827, 0.2035354608363905, 0.022075684647054894, 0.05597106918605099, 0.0, 0.043315770841322876, 0.0032748449348158903, 0.024853440895170942, 0.0020547942043551704, 0.01580558166449686], [0.5538088219538577, 0.02925517679894163, 0.11091754731189096, 0.04604753308305054, 0.01027320785511232, 0.17897958956442284, 0.08671134494110677, 0.12915488374276984, 0.10089591483265736, 0.11507748939936446, 0.12227946197086492, 0.004725257884635181, 0.10868711017910915, 0.010154652167743139, 0.0027552433904302065, 0.06301135150995485, 0.0, 0.10183039049172149, 0.02236481924034428, 0.0, 0.13879326148114135, 0.13894044185604837, 0.042705866624977995, 0.03808928025466274, 0.9376094308255459, 0.011641409578207251, 0.0028676552699351543, 0.04246908022185514, 0.13295749981736182, 1.0, 0.2216847759185927, 0.004026958541725745, 0.09248131217181887, 0.037694459931313484, 0.008596107195535052, 0.07693785465550151, 0.021071674607621715, 0.06774428942979183, 0.017938777410319684, 0.04979898994350396, 0.011330192134874517, 0.07923619770476242, 0.0002660713361929412, 0.02607662178593939, 0.0, 0.053473203480903786, 0.1429481715326617, 0.0, 0.0010986688097948116, 0.0, 0.10317344596850442, 0.08385563594492818, 0.003826449902994855, 0.05297358092747684, 0.027105041395224294, 0.01095049415517968, 0.0045923142319656, 0.05060068500217374, 0.004951498251549613, 0.0023980279233138946], [0.0734079376240987, 0.009872997672563444, 0.04935773916553887, 0.023067400018208062, 0.02813693078052515, 0.007840074194585434, 0.13632345106444788, 0.015731779227596054, 0.004764047719134523, 0.10324680695887856, 0.007619807764755793, 0.003077755988986297, 0.1442325393689292, 0.0035998599022332156, 0.06173437907028101, 0.13636903208022977, 0.003346951087144223, 0.0, 0.004127864079411014, 6.74417811945549e-05, 0.007272049076289755, 0.4683800007256762, 0.1606159792291002, 0.20864947260653, 0.15124511207682367, 0.0059745419855410375, 0.03517420994659115, 0.0015882898459987915, 0.8129715288980731, 0.2216847759185927, 1.0, 0.0, 0.6178482725742165, 0.09762733631806375, 0.08759891391197994, 0.05052861331669889, 0.13020811121883802, 0.5365892994531761, 0.0040430765053331985, 0.6183243624777842, 0.014684866357611348, 0.022225673601976137, 0.03439279528007688, 0.2035558062915659, 0.0002425169620582368, 0.0008046864189050762, 0.2854974352607518, 0.05093467898264237, 0.002510155935149805, 0.00045639896645910394, 0.01661351566355851, 0.0008837683188371859, 0.0, 0.17055444857003632, 0.3791268108938597, 0.18257134532122243, 0.008855512336213067, 0.05345856796026649, 0.00926598376382659, 0.0042554882052767695], [0.0, 0.007408734533323358, 0.0, 0.0, 0.0, 0.007336472335871758, 0.008536084636599384, 0.0, 0.0, 0.0, 0.0, 0.0, 0.0, 0.021024658230617277, 0.0, 0.0, 0.0, 0.05334401821375756, 0.0, 0.0, 0.0018056038026892374, 0.055643697732684516, 0.0, 0.04050653987983743, 0.0, 0.0026823516575448236, 0.0, 0.0, 0.0, 0.004026958541725745, 0.0, 1.0, 0.0, 0.013699170367002411, 0.0, 0.0, 0.06914767378767073, 0.04733983438760814, 0.0, 0.0, 0.0, 0.0, 0.0, 0.0016802471790799967, 0.0, 0.0, 0.0, 0.0, 0.0, 0.0, 0.0, 0.0, 0.0, 0.0, 0.0, 0.0, 0.0, 0.0, 0.0, 0.0], [0.08637777145166248, 0.05351859325179975, 0.20137120204083248, 0.0069865096610194355, 0.09539554597788824, 0.0006096629119881625, 0.1382913413337179, 0.07331159407598276, 0.09553806155494915, 0.11576459908648373, 0.02218032650462154, 0.05031690391843169, 0.33434400938585185, 0.011469045129633093, 0.0006855645574210811, 0.03653179273564611, 0.04627496441995138, 0.26687372781568186, 0.5349852508591555, 0.0013071628010647984, 0.013034713124375985, 0.06411576868977187, 0.4266770294753328, 0.1944703936631763, 0.10614378261339563, 0.01510793951323297, 0.02925623080490336, 0.11191049314413304, 0.5595336799779683, 0.09248131217181887, 0.6178482725742165, 0.0, 1.0, 0.09176301085301386, 0.06486742808552481, 0.04585029955723985, 0.11361031487585249, 0.6793349372811569, 0.1913399119207646, 0.6886798223516574, 0.020323703892951794, 0.11351546834098325, 0.009310217831414058, 0.11060178848983848, 7.674649251299126e-05, 0.002672329023816311, 0.2905819073361191, 0.000415698192020475, 0.013462805931824362, 6.335367743437459e-05, 0.19550046964697976, 0.2163864500162499, 0.10355838498284242, 0.39237692057135654, 0.006966786779545431, 0.3574735058955302, 0.08190624925634804, 0.08313849619334834, 0.11030348241305643, 0.3372121412301302], [0.04219446858195175, 0.004814536193722296, 0.3237718246868041, 0.018182699291785065, 0.0225449156355918, 0.0069442848902392385, 0.06534473701048316, 0.08781565374244937, 0.0913426526625587, 0.08746464548622834, 0.04138447833808956, 0.0018349300508023747, 0.2621292702899992, 0.002667530865930856, 0.010053159424065372, 0.27749459031487267, 0.0015346047402388097, 0.16886760387502253, 0.0722339447582907, 2.6419121912368837e-06, 0.010040431503173797, 0.16931056082083074, 0.001007340152425762, 0.013762827153266044, 0.03233614322419187, 0.18717061152858683, 0.010751123203891155, 0.011842845304621763, 0.001751719704842003, 0.037694459931313484, 0.09762733631806375, 0.013699170367002411, 0.09176301085301386, 1.0, 0.23651680881485326, 0.03848833214484726, 0.17368102945678565, 0.6104460904575263, 0.022643558144656573, 0.15318627897324333, 0.8909582392086183, 0.07555466207343942, 0.23081634061026268, 0.22062689128403945, 0.022931315087732163, 0.07384275999529866, 0.5666158428596553, 0.049345275643576714, 0.04830033802073519, 0.035670334414793725, 0.010873598232853277, 0.17120057916291764, 0.007366917349481583, 0.08143654128416511, 0.2133989286124195, 0.25284130705014574, 0.004082840334543758, 0.07729446860900158, 0.022347700853155517, 0.35156123953127705], [0.013890592132312807, 0.00596146701392497, 0.28261029941943905, 0.0005939017091350918, 0.07406120821123596, 0.0006779692412263172, 0.138067271732631, 0.4143196636572175, 0.004583338159558248, 0.0745054045686474, 0.01063854458961544, 0.0006487355292351671, 0.08582928990596395, 0.10188837890443103, 0.0010169472209763386, 0.062745413929993, 0.0009940708438778145, 0.03484381086685284, 0.04136778217808923, 0.0, 0.06530173490002866, 0.13066332838327355, 0.024371517362003048, 0.0004954036827462538, 0.0385629837638074, 0.018775698597222834, 0.00888980392392058, 0.04986341689281926, 0.019651926654859708, 0.008596107195535052, 0.08759891391197994, 0.0, 0.06486742808552481, 0.23651680881485326, 1.0, 0.01733326998081064, 0.6924432257723545, 0.021612512045008914, 0.09282309266503419, 0.4370481979479981, 0.02599402912637616, 0.21397106721646786, 0.17480580238289822, 0.3479113416251054, 0.0015885458339259806, 0.012160969279474854, 0.03959148878064589, 0.00029291001631925884, 0.04204349896936466, 0.00019304519637242112, 6.894592931905308e-05, 0.08649018022638055, 0.0008689313227262518, 0.07171720960610006, 0.11248560758904413, 0.18739932665238768, 0.02965339851728921, 0.01587761589014025, 0.11460435327709806, 0.0008888441261407642], [0.3634199540702455, 0.027990795362064502, 0.2702856312958