"[[1.0, 0.8936557331402332, 0.7026266166454708, 0.8950898253617194, 0.14306388599203856, 0.8323868750642319, 0.37173960186022925, 0.13218392783577737, 0.7812265930478767, 0.4375643806634735, 0.9028799112829298, 0.0, 0.17816495792764453, 0.1291480949144671, 0.019089324518022144, 0.7885128367091772, 0.0, 0.21474605510721367, 0.12171098777359712, 0.08101299780788773, 0.0, 0.0, 0.04635847336735999, 0.33856927251456836, 0.179156254741911, 0.14267944911346564, 0.07474710227095771, 0.027666874700230104, 0.021387196309451517, 0.0008888764120632553, 0.16812657978023782, 0.0, 0.08044419347192044, 0.09148343761452105, 0.21004850153655807, 0.268363368950864, 0.2453558452482848, 0.08931551800092918, 0.023323624825172917, 0.16750319856934115, 0.00906238629976952, 0.013021044993415831, 0.10749776773809194, 0.3110930552152026, 0.017451581271282768, 0.0, 0.24734692492259613, 0.0, 0.4839040219015399, 0.03568326472570882, 0.012944054302002406, 0.14629322094279196, 0.017025621211240183, 0.03636334481122627, 0.0, 0.005229256983981467, 0.0, 0.0, 0.012170549390445262, 0.004556043626560813], [0.8936557331402332, 1.0, 0.7299543573171984, 0.991245039910213, 0.008005125719687478, 0.905960060343712, 0.26180377473087346, 0.001156532942724775, 0.8202986775017327, 0.29172449924913746, 0.9871339206104475, 0.0, 0.07352358232527678, 0.0, 0.0, 0.8378589142210529, 0.0, 0.09142795279466909, 0.0004115409558769212, 0.0, 0.0, 0.0, 0.049713479813543016, 0.0, 0.0, 0.0, 0.0, 0.0, 0.0, 0.0, 0.009256696533185504, 0.0, 0.006877001267769578, 0.062310611839826224, 0.029162692694463588, 0.19158425947392033, 0.028652298646074548, 0.053402743171279576, 0.0, 0.022738438150434304, 0.0, 0.0, 6.755766349963999e-05, 0.26866627797333, 0.0, 0.0, 0.2050761226397475, 0.0, 0.3329104090996927, 0.0, 0.0012673355261182406, 0.00024025493906754125, 0.0, 0.0, 0.0, 0.0018559764401294698, 0.0, 0.0, 0.010456471229595143, 0.0], [0.7026266166454708, 0.7299543573171984, 1.0, 0.7299085638053417, 0.13048269127346868, 0.6840412813394351, 0.2847069081008813, 0.09742535947536834, 0.8137494824737116, 0.4397448294624885, 0.7402723613946496, 0.0, 0.35966332666184964, 0.09187087251097603, 0.0, 0.8467828422381546, 0.10758988303693329, 0.2901064947529226, 0.13319132036878334, 0.0, 0.0, 0.05280848809366834, 0.02322531482335033, 0.0, 0.1708774179118253, 0.0, 0.0, 0.0, 0.0, 0.0, 0.1774770500784586, 0.10248085547017205, 0.1363647686243461, 0.6041711405013861, 0.250952435807159, 0.1684460593296897, 0.3330572864776076, 0.525733302903789, 0.010087655382882144, 0.46299197192127983, 0.4991855460261213, 0.0023654370826790005, 0.4035029451801463, 0.7275441993471341, 0.0, 0.004317053210377342, 0.718983648483711, 0.06621731709805923, 0.3682444167433986, 0.17384963529692343, 0.0, 0.4366351490950796, 0.08320770467869187, 0.0, 0.23015566705646717, 0.014958039841375115, 0.07138100338508113, 0.09915742062767974, 0.0192260092098564, 0.5425938685737609], [0.8950898253617194, 0.991245039910213, 0.7299085638053417, 1.0, 0.009545637081796121, 0.9280542728591978, 0.26423808590712383, 0.007256105270456059, 0.8405276341055744, 0.3115151526492267, 0.9816005700929723, 0.07228137276713897, 0.08136015055108281, 0.0, 0.0, 0.8623673441095756, 0.01105842405675006, 0.09155251147397214, 0.014120879118068697, 0.05755434397001602, 0.070550385061811, 0.03029151824695331, 0.0, 0.008440918383991303, 0.006651911352340223, 0.0, 0.0, 0.0, 0.0, 0.0, 0.01849039588945367, 0.0, 0.007456716254328755, 0.06636568259618703, 0.05106686005508143, 0.1967438371864717, 0.07362963437817038, 0.07806271428719991, 0.0, 0.06962292611500176, 0.03607595279881193, 0.0003629215645465367, 0.03206656014491971, 0.2788028039100685, 0.0, 0.0, 0.23283256546100606, 0.0, 0.34504271007880827, 0.0, 0.0, 0.045297010791633285, 0.000503167563681628, 0.017807277062899862, 0.0, 0.004314486899400394, 0.0, 0.0, 0.011573038307930661, 0.004936717166147853], [0.14306388599203856, 0.008005125719687478, 0.13048269127346868, 0.009545637081796121, 1.0, 0.02585924888242863, 0.9514538796871732, 0.9845843121452588, 0.3537819701908692, 0.8983164237262301, 0.06768507127659285, 0.0, 0.8410743867682663, 0.9899493875162928, 0.0, 0.22496434588707737, 0.0, 0.9663360496216258, 0.19454674176709597, 0.0, 0.0, 0.0, 0.0, 0.0, 0.0, 0.0, 0.04247506303087867, 0.0, 0.0, 0.0, 0.013132222573221664, 0.0, 0.004764441529489072, 0.02371936958263443, 0.9079857618323093, 0.13555949648073606, 0.49586131918420995, 0.034220556952201386, 0.007349181152879525, 0.4963229677551021, 0.03518717318785902, 0.0005583362316877727, 0.7511570919107277, 0.2198564596357555, 0.0523720623500844, 0.014667365934355026, 0.18468054506852605, 0.0005387237959122437, 0.3305918248198525, 0.0, 0.009230376205152324, 0.49229763204818555, 0.034633517673847924, 0.08507174730667044, 0.07602894696639828, 0.009540336738073418, 0.016345945102987813, 0.0, 0.005840167077128311, 0.028863444110588277], [0.8323868750642319, 0.905960060343712, 0.6840412813394351, 0.9280542728591978, 0.02585924888242863, 1.0, 0.2874073764935645, 0.029042554735232096, 0.8180653005999914, 0.35400215748951, 0.9126241707976638, 0.10620028474734122, 0.19603590327652998, 0.017655477864705227, 0.0, 0.8101074473687502, 0.0, 0.10503787957136279, 0.006729739296530424, 0.23746780103634246, 0.09150748274825582, 0.0, 0.0, 0.0, 0.0, 0.0, 0.0, 0.03993706841914557, 0.0, 0.27906287384916184, 0.031981195933243556, 0.029259480608771926, 0.0007464901273812607, 0.06326406866724998, 0.06956748935042378, 0.20951170565461164, 0.10058256797877729, 0.11047225974707298, 0.0, 0.12881851977855185, 0.045215751309607866, 0.01302477588371842, 0.042659879373718845, 0.2940309750123107, 0.0, 0.0, 0.2225411970064921, 0.0, 0.32970717628157786, 0.0, 0.0, 0.08792218918047368, 0.0, 0.0, 0.014736335342391937, 0.008393098880913108, 0.0, 0.14248653302790038, 0.02547115817347012, 0.007337551979488044], [0.37173960186022925, 0.26180377473087346, 0.2847069081008813, 0.26423808590712383, 0.9514538796871732, 0.2874073764935645, 1.0, 0.9520630890319747, 0.54716508491314, 0.9478229055253591, 0.3125693132398135, 0.0, 0.8246271148914771, 0.9563429761905127, 0.011152914707027839, 0.4138034288054996, 0.0, 0.9512886742950997, 0.17733780278873856, 0.06763855011556053, 0.0, 0.009553866593252969, 0.0, 0.0, 0.0, 0.04136655888523466, 0.023096815039546303, 0.0, 0.0, 0.04682991799944125, 0.0032159342038443617, 0.010891419895523557, 0.010402962931697513, 0.018262221367367992, 0.8749702389420846, 0.20658281875442164, 0.48209258170520464, 0.03845972966999689, 0.0, 0.47127286087309583, 0.01710980088488634, 0.007662702187116843, 0.7043114408717528, 0.27369562075816, 0.0, 0.024489581867034427, 0.18954834380051433, 0.0, 0.43641799744607623, 0.0, 0.07882897852743898, 0.4784031110211575, 0.0, 0.0, 0.007073205680926731, 0.010754704690610573, 0.0, 0.023075150234998953, 0.010796870744278042, 0.002089973356910746], [0.13218392783577737, 0.001156532942724775, 0.09742535947536834, 0.007256105270456059, 0.9845843121452588, 0.029042554735232096, 0.9520630890319747, 1.0, 0.36501651626609166, 0.892706408225277, 0.04987107965017745, 0.08630110429460824, 0.8294410818704158, 0.9944336871780742, 0.03252856520398473, 0.23237293829690975, 0.03856896665000398, 0.9619055651965601, 0.15482945945923887, 0.009765509706029962, 0.0, 0.0, 0.023263970799519695, 0.0, 0.004447366455291535, 0.0, 0.0, 0.0, 0.018977808811636243, 0.0, 0.031378937122614525, 0.0, 0.008233641855807217, 0.0038756756870778064, 0.9022051625006743, 0.1358111162288671, 0.48962342187858965, 0.02085211822644628, 0.0, 0.4953304581043956, 0.020600127987369765, 0.0002960854951262748, 0.7259249921916097, 0.17525037006496957, 0.0, 0.0, 0.152612072922356, 5.638730397161673e-06, 0.336120622127434, 0.0014861377704895595, 0.0, 0.4746106716345624, 0.0, 0.0, 0.0, 0.009971605285690632, 0.004920264235430238, 0.0, 0.0007355769111961896, 0.0005593978814556477], [0.7812265930478767, 0.8202986775017327, 0.8137494824737116, 0.8405276341055744, 0.3537819701908692, 0.8180653005999914, 0.54716508491314, 0.36501651626609166, 1.0, 0.6354690531254745, 0.8342509219924503, 0.2677095087553618, 0.4430941194769067, 0.3415177884198317, 0.005004544302176117, 0.9330429628225165, 0.053088370142834296, 0.46389632719994167, 0.07881642814451517, 0.0, 0.06512635603086137, 0.0, 0.0, 0.0, 0.0, 0.0, 0.0, 0.0, 0.0, 0.0, 0.05710272838422159, 0.0, 0.03907488517141744, 0.3127334370571284, 0.3980233071466811, 0.2139217306133414, 0.39344552542901445, 0.2903280050031125, 0.042149284118013, 0.38522375023719324, 0.28152396452009276, 0.0007757840194695387, 0.4136268979394042, 0.4811417338375277, 0.0, 0.0, 0.49156495808075595, 0.0, 0.4265784205620382, 0.0426376334371652, 0.0, 0.3560948595934299, 0.09068231104093605, 0.0, 0.0, 0.018047873416762172, 0.0, 0.22910668071353268, 0.03439261512701697, 0.25414226135322693], [0.4375643806634735, 0.29172449924913746, 0.4397448294624885, 0.3115151526492267, 0.8983164237262301, 0.35400215748951, 0.9478229055253591, 0.892706408225277, 0.6354690531254745, 1.0, 0.3373763196761034, 0.024905717286575757, 0.8230448815993174, 0.893401155900507, 0.0, 0.49832217928585876, 0.0, 0.9306911644244009, 0.1906749744273406, 0.17746674176323596, 0.06855869074878751, 0.09605718297774679, 0.0, 0.09544901464176103, 0.0757962189083854, 0.0, 0.0, 0.0, 0.0, 0.006757829084387712, 0.0823516883343729, 0.0, 0.06407134209248821, 0.19106886093204634, 0.8851790567509175, 0.19281334986124055, 0.5916766923089332, 0.18761415426849504, 0.004301358526416443, 0.6001904381798204, 0.19256129506059638, 0.0034901696550088124, 0.7888658226689543, 0.38464473708689306, 0.0, 0.0, 0.36178290395782464, 0.022663608124487422, 0.433763059289086, 0.0, 0.0, 0.5986411992287278, 0.06625304322656511, 0.0, 0.0728290939610543, 0.010528700223744303, 0.0, 0.13518028679684724, 0.018213376828342898, 0.16862432051166765], [0.9028799112829298, 0.9871339206104475, 0.7402723613946496, 0.9816005700929723, 0.06768507127659285, 0.9126241707976638, 0.3125693132398135, 0.04987107965017745, 0.8342509219924503, 0.3373763196761034, 1.0, 0.0, 0.14551002511889943, 0.0502605729932053, 0.0, 0.8487618934502043, 0.0, 0.1429521656103926, 0.05979239187088292, 0.0, 0.0, 0.0, 0.0011201173586897761, 0.0, 0.0, 0.02221027998906444, 0.08041919452113833, 0.046959243545703466, 0.002066417348341232, 0.0463115220815864, 0.012326609087756069, 0.0, 0.02751901093072917, 0.07035211279931064, 0.09308797083151998, 0.23871104589230485, 0.08765914153069976, 0.08597131936337543, 0.07434114767212685, 0.06772730264649374, 0.007541555602746497, 0.029038306608181408, 0.048522136436786045, 0.30398195258244953, 0.0, 0.017606675271008454, 0.23388223714983236, 0.0, 0.37500136673720386, 0.016778229707602677, 0.0, 0.04501165210478553, 0.0, 0.04035309606118165, 0.031937604709687206, 0.02984216721114452, 0.0, 0.0, 0.037980218887487815, 0.006183499560790451], [0.0, 0.0, 0.0, 0.07228137276713897, 0.0, 0.10620028474734122, 0.0, 0.08630110429460824, 0.2677095087553618, 0.024905717286575757, 0.0, 1.0, 0.07315003613826065, 0.0, 0.0, 0.363120667371965, 0.0, 0.0, 0.0, 0.0, 0.0, 0.0, 0.0, 0.0, 0.0, 0.0, 0.0, 0.0, 0.0, 0.0, 0.1594116337644118, 0.0, 0.0, 0.029608289344471794, 0.0, 0.027342952305414725, 0.0988979029897763, 0.0, 0.0, 0.27639757386048536, 0.062382329285165294, 0.0, 0.0, 0.0, 0.0, 0.0, 0.18287289534688866, 0.0, 0.0, 0.0, 0.0, 0.0, 0.0, 0.0, 0.0, 0.055071699814984276, 0.0, 0.0, 0.0, 0.0], [0.17816495792764453, 0.07352358232527678, 0.35966332666184964, 0.08136015055108281, 0.8410743867682663, 0.19603590327652998, 0.8246271148914771, 0.8294410818704158, 0.4430941194769067, 0.8230448815993174, 0.14551002511889943, 0.07315003613826065, 1.0, 0.821683585340014, 0.0, 0.3704456705533563, 0.1259844168807972, 0.8709803196849542, 0.19515714424068464, 0.0, 0.0, 0.0071046862550681045, 0.0, 0.0, 0.018395696485197233, 0.0, 0.0, 0.0, 0.0, 0.36695308792551407, 0.06652305558790694, 0.026285402107247502, 0.04883886591808684, 0.28826420551009946, 0.8141811003119441, 0.1659393054493673, 0.5453311929363583, 0.27995404010342484, 0.07461162597718318, 0.6379653794977829, 0.26686894170344533, 0.019389625587363124, 0.7659792349629588, 0.46916895718913176, 0.0, 0.019122893317462197, 0.4199864811306433, 0.015198729549994794, 0.3337195484503568, 0.0, 0.0, 0.6170657126620701, 0.009102922718016382, 0.022758388017947495, 0.19007471112137186, 0.019796523116469955, 0.2113654507044176, 0.007101154396722875, 0.006492617378060617, 0.28231290463655356], [0.1291480949144671, 0.0, 0.09187087251097603, 0.0, 0.9899493875162928, 0.017655477864705227, 0.9563429761905127, 0.9944336871780742, 0.3415177884198317, 0.893401155900507, 0.0502605729932053, 0.0, 0.821683585340014, 1.0, 0.0, 0.19916932027649592, 0.0, 0.966253991210793, 0.15830665704362112, 0.0, 0.0, 0.0, 0.0, 0.0, 0.0, 0.0, 0.0, 0.0, 0.0, 0.0, 0.0, 0.0, 0.007375781310907548, 0.0, 0.9058338999012452, 0.13874340847594335, 0.48284476836707513, 0.013526590414336459, 0.0, 0.4562164564826139, 0.015300629648949404, 0.00810225910750384, 0.7297352035033348, 0.16630708150025664, 0.0, 0.0, 0.13405044922396891, 0.0, 0.3282906692331511, 0.0, 0.0, 0.47339384106439086, 0.0, 0.0, 0.0, 0.012402920198516632, 0.0, 0.0, 0.008045164751294687, 0.0], [0.019089324518022144, 0.0, 0.0, 0.0, 0.0, 0.0, 0.011152914707027839, 0.03252856520398473, 0.005004544302176117, 0.0, 0.0, 0.0, 0.0, 0.0, 1.0, 0.0, 0.0, 0.0, 0.002672355419764627, 0.0, 0.0, 0.0, 0.0, 0.0, 0.0, 0.0, 0.0, 0.0, 0.0, 0.0, 0.0, 0.0, 0.0016477770117042656, 0.006734664164585236, 0.0, 0.0, 0.02034786626687146, 0.0, 0.0, 0.0, 0.0, 0.0, 0.0, 0.10935656658149762, 0.0, 0.0, 0.0, 0.0, 0.12360751182674634, 0.0, 0.0, 0.0, 0.0, 0.0, 0.0, 0.0, 0.0, 0.0, 0.021618044398519887, 0.0], [0.7885128367091772, 0.8378589142210529, 0.8467828422381546, 0.8623673441095756, 0.22496434588707737, 0.8101074473687502, 0.4138034288054996, 0.23237293829690975, 0.9330429628225165, 0.49832217928585876, 0.8487618934502043, 0.363120667371965, 0.3704456705533563, 0.19916932027649592, 0.0, 1.0, 0.08116211371188742, 0.33940842997696063, 0.1124237873447258, 0.0, 0.019253428668046246, 0.0, 0.0, 0.0, 0.06351681030332657, 0.010528294962963924, 0.0, 0.0, 0.0, 0.0, 0.13554456594467612, 0.08634793085682535, 0.10818387123241346, 0.33401090782857823, 0.27727330986226484, 0.25096424343164503, 0.3043886842576631, 0.2725852202363901, 0.005135378224668252, 0.412239691829104, 0.27271869943312743, 0.05643241895666473, 0.3049843318125728, 0.4896271804618456, 0.0, 0.04230454001985673, 0.5474247953428282, 0.03936589306411509, 0.39012756566012996, 0.0, 0.0, 0.2908785753761558, 0.06941767025504508, 0.0, 0.1674593148093153, 0.08663783909144473, 0.0, 0.002320598162160792, 0.06448718831083589, 0.2568694896960918], [0.0, 0.0, 0.10758988303693329, 0.01105842405675006, 0.0, 0.0, 0.0, 0.03856896665000398, 0.053088370142834296, 0.0, 0.0, 0.0, 0.1259844168807972, 0.0, 0.0, 0.08116211371188742, 1.0, 0.0, 0.007986940573558754, 0.0, 0.0, 0.0, 0.0, 0.0, 0.0, 0.0, 0.0, 0.0, 0.0, 0.0, 0.0, 0.0, 0.006355314696216086, 0.0, 0.0, 0.0, 0.0, 0.0, 0.0, 0.18430067138704576, 0.0, 0.007327232632993952, 0.0, 0.0, 0.0, 0.0, 0.017970254949675524, 0.0, 0.010074958940471168, 0.0, 0.0, 0.029784069596106577, 0.0, 0.0, 0.0, 0.0, 0.0, 0.0, 0.0, 0.0], [0.21474605510721367, 0.09142795279466909, 0.2901064947529226, 0.09155251147397214, 0.9663360496216258, 0.10503787957136279, 0.9512886742950997, 0.9619055651965601, 0.46389632719994167, 0.9306911644244009, 0.1429521656103926, 0.0, 0.8709803196849542, 0.966253991210793, 0.0, 0.33940842997696063, 0.0, 1.0, 0.16132629862302728, 0.0, 0.0, 0.0, 0.0, 0.0, 0.0, 0.04406457738820302, 0.0, 0.002360473994376444, 0.050940303390663355, 0.008262014281695373, 0.03738996508384551, 0.06888196697038285, 0.04483045469346503, 0.22665163540698952, 0.9174312986936, 0.1703666476012793, 0.5803572312298191, 0.21784427472238144, 0.0009110106567705722, 0.5840596096142329, 0.212888800110703, 0.00040128894558966177, 0.8248273945004161, 0.3605173098686838, 0.0, 0.0, 0.34106567514432107, 0.0, 0.41684633989271824, 0.0, 0.0, 0.5980749622317958, 0.04596317559585661, 0.0, 0.0357153859677366, 0.0073796096235194675, 0.0, 0.0, 0.0009583838760109931, 0.21065573318847697], [0.12171098777359712, 0.0004115409558769212, 0.13319132036878334, 0.014120879118068697, 0.19454674176709597, 0.006729739296530424, 0.17733780278873856, 0.15482945945923887, 0.07881642814451517, 0.1906749744273406, 0.05979239187088292, 0.0, 0.19515714424068464, 0.15830665704362112, 0.002672355419764627, 0.1124237873447258, 0.007986940573558754, 0.16132629862302728, 1.0, 0.01650254223416525, 0.0, 0.08488615806185862, 0.0, 0.0, 0.4197872978216476, 0.0, 0.0, 0.0, 0.0, 0.0, 0.36003826931723704, 0.00379767112382412, 0.7289228521958914, 0.09219743027368243, 0.32859439998201756, 0.5664074795951989, 0.3477265293173367, 0.1065507400650435, 0.24025300557279938, 0.2843682946653139, 0.05849274717984976, 0.6643189118770737, 0.24832711967356036, 0.2992019709520437, 0.0, 0.0, 0.25063416339617883, 0.0, 0.10815391683250353, 0.005548653382054347, 0.3247292823372727, 0.28644778045261887, 0.0, 0.4224553499734396, 0.0, 0.6681299470425406, 0.06781205603271234, 0.0, 0.688084848260382, 0.06511086884119599], [0.08101299780788773, 0.0, 0.0, 0.05755434397001602, 0.0, 0.23746780103634246, 0.06763855011556053, 0.009765509706029962, 0.0, 0.17746674176323596, 0.0, 0.0, 0.0, 0.0, 0.0, 0.0, 0.0, 0.0, 0.01650254223416525, 1.0, 0.0, 0.0, 0.0, 0.0, 0.0, 0.0, 0.0, 0.0, 0.0, 0.0, 0.0, 0.0, 0.0, 0.0, 0.0, 0.0, 0.0, 0.0, 0.0, 0.18939807548870335, 0.0, 0.0, 0.0, 0.0, 0.0, 0.0, 0.0, 0.0, 0.0, 0.0, 0.0, 0.0017522478268053865, 0.0, 0.0, 0.0, 0.005700755430391724, 0.0, 0.0, 0.0, 0.03089914484181011], [0.0, 0.0, 0.0, 0.070550385061811, 0.0, 0.09150748274825582, 0.0, 0.0, 0.06512635603086137, 0.06855869074878751, 0.0, 0.0, 0.0, 0.0, 0.0, 0.019253428668046246, 0.0, 0.0, 0.0, 0.0, 1.0, 0.0, 0.0, 0.0, 0.0, 0.0, 0.0, 0.0, 0.0, 0.0, 0.012310076086245791, 0.0, 0.0, 0.0, 0.2658926080188526, 0.0673693423100854, 0.48610187403788974, 0.3147754834983253, 0.0, 0.0, 0.40637015278954136, 0.0, 0.3105672714654767, 0.04878181211471233, 0.0, 0.0, 0.1218327432465034, 0.0, 0.14901100021875324, 0.0, 0.0, 0.5338580216457762, 0.0, 0.0, 0.0, 0.0, 0.0, 0.0, 0.0, 0.0], [0.0, 0.0, 0.05280848809366834, 0.03029151824695331, 0.0, 0.0, 0.009553866593252969, 0.0, 0.0, 0.09605718297774679, 0.0, 0.0, 0.0071046862550681045, 0.0, 0.0, 0.0, 0.0, 0.0, 0.08488615806185862, 0.0, 0.0, 1.0, 0.0, 0.0, 0.0, 0.0, 0.0, 0.0, 0.0, 0.0, 0.023202651921084616, 0.0, 0.16497906665143636, 0.0, 0.008875954915806616, 0.11527863989912501, 0.0, 0.0, 0.0, 0.28492344933661506, 0.0, 0.0, 0.1922155378107101, 0.11990525631100923, 0.0, 0.0, 0.013273822072746522, 0.0, 0.08809938789267235, 0.0, 0.0, 0.1099548850522758, 0.0, 0.0, 0.0, 0.0, 0.0, 0.0, 0.0, 0.0], [0.04635847336735999, 0.049713479813543016, 0.02322531482335033, 0.0, 0.0, 0.0, 0.0, 0.023263970799519695, 0.0, 0.0, 0.0011201173586897761, 0.0, 0.0, 0.0, 0.0, 0.0, 0.0, 0.0, 0.0, 0.0, 0.0, 0.0, 1.0, 0.0, 0.0, 0.0, 0.0, 0.0, 0.0, 0.0, 0.18620093720865905, 0.0, 0.13833272773426197, 0.034675900137727034, 0.0, 0.07803994099158229, 0.007446530343330426, 0.0, 0.0, 0.0, 0.0, 0.0, 0.0, 0.0, 0.0, 0.0, 0.0, 0.0, 0.0, 0.0, 0.0, 0.0, 0.0, 0.0, 0.0, 0.03733346462751175, 0.0, 0.0, 0.0, 0.0], [0.33856927251456836, 0.0, 0.0, 0.008440918383991303, 0.0, 0.0, 0.0, 0.0, 0.0, 0.09544901464176103, 0.0, 0.0, 0.0, 0.0, 0.0, 0.0, 0.0, 0.0, 0.0, 0.0, 0.0, 0.0, 0.0, 1.0, 0.0, 0.0, 0.0, 0.0, 0.0, 0.0, 0.0, 0.0, 0.03753808207115461, 0.07503181086878918, 0.07236252704961721, 0.0, 0.3008109826950194, 0.0017760682862778543, 0.0, 0.08673701471642392, 0.0, 0.033396119486606035, 0.0, 0.0, 0.0, 0.0, 0.0, 0.0, 0.0, 0.0, 0.0, 0.09382664534797458, 0.0, 0.0, 0.0, 0.0, 0.0, 0.0, 0.0, 0.0], [0.179156254741911, 0.0, 0.1708774179118253, 0.006651911352340223, 0.0, 0.0, 0.0, 0.004447366455291535, 0.0, 0.0757962189083854, 0.0, 0.0, 0.018395696485197233, 0.0, 0.0, 0.06351681030332657, 0.0, 0.0, 0.4197872978216476, 0.0, 0.0, 0.0, 0.0, 0.0, 1.0, 0.0, 0.0, 0.0, 0.0, 0.0, 0.802966726297431, 0.0, 0.24188491623165131, 0.039683382874140305, 0.1852172214663106, 0.0, 0.01992755691891135, 0.0336261575988257, 0.0, 0.1407676966085284, 0.0, 0.0, 0.029773830811708812, 0.0652481614354865, 0.0, 0.0, 0.19910009345967317, 0.0, 0.09240042300269069, 0.0, 0.0, 0.1747265381201777, 0.0, 0.0, 0.0, 0.0, 0.0, 0.0, 0.0, 0.0], [0.14267944911346564, 0.0, 0.0, 0.0, 0.0, 0.0, 0.04136655888523466, 0.0, 0.0, 0.0, 0.02221027998906444, 0.0, 0.0, 0.0, 0.0, 0.010528294962963924, 0.0, 0.04406457738820302, 0.0, 0.0, 0.0, 0.0, 0.0, 0.0, 0.0, 1.0, 0.0, 0.0, 0.0, 0.0, 0.0, 0.0, 0.08590126599302916, 0.009565587543303833, 0.0, 0.5222926222234278, 0.2710294194616346, 0.06345218178940415, 0.0, 0.0, 0.0496652389317509, 0.0, 0.0, 0.07183754729186254, 0.0, 0.0, 0.0, 0.0, 0.7826249715738942, 0.0, 0.0, 0.07557682767774132, 0.0, 0.0, 0.0, 0.0, 0.0, 0.0, 0.0, 0.0], [0.07474710227095771, 0.0, 0.0, 0.0, 0.04247506303087867, 0.0, 0.023096815039546303, 0.0, 0.0, 0.0, 0.08041919452113833, 0.0, 0.0, 0.0, 0.0, 0.0, 0.0, 0.0, 0.0, 0.0, 0.0, 0.0, 0.0, 0.0, 0.0, 0.0, 1.0, 0.0, 0.0, 0.0, 0.0, 0.0, 0.014677103933071645, 0.0, 0.0, 0.0, 0.0, 0.028238564265238186, 0.0, 0.0, 0.0, 0.013145035977507935, 0.0, 0.0, 0.0, 0.0, 0.0, 0.0, 0.0, 0.0, 0.0, 0.04731508808354179, 0.0, 0.0, 0.0, 0.02194625507244541, 0.0, 0.0, 0.0, 0.0], [0.027666874700230104, 0.0, 0.0, 0.0, 0.0, 0.03993706841914557, 0.0, 0.0, 0.0, 0.0, 0.046959243545703466, 0.0, 0.0, 0.0, 0.0, 0.0, 0.0, 0.002360473994376444, 0.0, 0.0, 0.0, 0.0, 0.0, 0.0, 0.0, 0.0, 0.0, 1.0, 0.0, 0.0, 0.0, 0.0, 0.0, 0.0, 0.0, 0.13321853220110424, 0.0, 0.1875807138676937, 0.0, 0.0, 0.0, 0.0133044216921262, 0.014982942479073946, 0.0, 0.0, 0.0, 0.0, 0.0, 0.1985970073872445, 0.0, 0.0, 0.0063238676592576315, 0.0, 0.0, 0.0, 0.0, 0.0, 0.0, 0.0, 0.0], [0.021387196309451517, 0.0, 0.0, 0.0, 0.0, 0.0, 0.0, 0.018977808811636243, 0.0, 0.0, 0.002066417348341232, 0.0, 0.0, 0.0, 0.0, 0.0, 0.0, 0.050940303390663355, 0.0, 0.0, 0.0, 0.0, 0.0, 0.0, 0.0, 0.0, 0.0, 0.0, 1.0, 0.0, 0.512102408067799, 0.0, 0.19183990733888368, 0.0, 0.048179148812124595, 0.0, 0.10856459201106838, 0.36872881579765227, 0.0, 0.43150995253779056, 0.0, 0.0, 0.0, 0.24851414027126073, 0.0, 0.0, 0.11558722729339777, 0.0, 0.23874446001097893, 0.0, 0.0, 0.11104796496474145, 0.0, 0.0, 0.0, 0.0, 0.0, 0.0, 0.0, 0.0], [0.0008888764120632553, 0.0, 0.0, 0.0, 0.0, 0.27906287384916184, 0.04682991799944125, 0.0, 0.0, 0.006757829084387712, 0.0463115220815864, 0.0, 0.36695308792551407, 0.0, 0.0, 0.0, 0.0, 0.008262014281695373, 0.0, 0.0, 0.0, 0.0, 0.0, 0.0, 0.0, 0.0, 0.0, 0.0, 0.0, 1.0, 0.041154828487689143, 0.0, 0.0026749890341370985, 0.0, 0.0, 0.07808686309460577, 0.0, 0.0867542419598194, 0.0, 0.06899450229711956, 0.0, 0.0447692525773804, 0.0, 0.10075776592759222, 0.0, 0.0, 0.0, 0.0, 0.0, 0.0, 0.0, 0.10327095728884317, 0.0, 0.0, 0.0, 0.0, 0.0, 0.0, 0.0, 0.0], [0.16812657978023782, 0.009256696533185504, 0.1774770500784586, 0.01849039588945367, 0.013132222573221664, 0.031981195933243556, 0.0032159342038443617, 0.031378937122614525, 0.05710272838422159, 0.0823516883343729, 0.012326609087756069, 0.1594116337644118, 0.06652305558790694, 0.0, 0.0, 0.13554456594467612, 0.0, 0.03738996508384551, 0.36003826931723704, 0.0, 0.012310076086245791, 0.023202651921084616, 0.18620093720865905, 0.0, 0.802966726297431, 0.0, 0.0, 0.0, 0.512102408067799, 0.041154828487689143, 1.0, 0.0410135539233476, 0.32627784466250054, 0.057880696332193504, 0.19703442150927886, 0.032718948865250286, 0.12890790757924786, 0.2335615527116054, 0.0867323054985979, 0.41489906442209534, 0.0165373941797079, 0.0018424709113441518, 0.03714823665929945, 0.21296586633820325, 0.04322878177120548, 0.0010182870135980737, 0.26890422996933205, 0.016856584081477388, 0.20063529286253556, 0.0, 0.0, 0.22152979966481756, 0.10993658101777215, 0.0, 0.08416956694133237, 0.02364742489443794, 0.0, 0.0, 0.0, 0.005235297875029743], [0.0, 0.0, 0.10248085547017205, 0.0, 0.0, 0.029259480608771926, 0.010891419895523557, 0.0, 0.0, 0.0, 0.0, 0.0, 0.026285402107247502, 0.0, 0.0, 0.08634793085682535, 0.0, 0.06888196697038285, 0.00379767112382412, 0.0, 0.0, 0.0, 0.0, 0.0, 0.0, 0.0, 0.0, 0.0, 0.0, 0.0, 0.0410135539233476, 1.0, 0.0, 0.17411118341625986, 0.07179229859633718, 0.0, 0.004924183983833541, 0.04379112623564052, 0.0, 0.09362227849805449, 0.03877931800994572, 0.0, 0.0, 0.09398631963730764, 0.0, 0.0, 0.019560639488596432, 0.0, 0.0, 0.0, 0.0, 0.0, 0.0, 0.0, 0.0, 0.017023556822541197, 0.0, 0.0, 0.0, 0.0], [0.08044419347192044, 0.006877001267769578, 0.1363647686243461, 0.007456716254328755, 0.004764441529489072, 0.0007464901273812607, 0.010402962931697513, 0.008233641855807217, 0.03907488517141744, 0.06407134209248821, 0.02751901093072917, 0.0, 0.04883886591808684, 0.007375781310907548, 0.0016477770117042656, 0.10818387123241346, 0.006355314696216086, 0.04483045469346503, 0.7289228521958914, 0.0, 0.0, 0.16497906665143636, 0.13833272773426197, 0.03753808207115461, 0.24188491623165131, 0.08590126599302916, 0.014677103933071645, 0.0, 0.19183990733888368, 0.0026749890341370985, 0.32627784466250054, 0.0, 1.0, 0.15616757579184148, 0.1418456672728724, 0.791610903697559, 0.3695238930471372, 0.20028278465740268, 0.0, 0.24883423530740212, 0.13223152819036177, 0.9086671730643762, 0.11691992898001913, 0.18497210617254345, 0.0, 0.0, 0.2350024716353014, 0.053846914732746054, 0.16570059103606516, 0.0, 0.0, 0.2111088517488542, 0.029173434580645585, 0.0, 0.0, 0.9118602083464288, 0.0, 0.0, 0.9006981551511114, 0.1399516365572968], [0.09148343761452105, 0.062310611839826224, 0.6041711405013861, 0.06636568259618703, 0.02371936958263443, 0.06326406866724998, 0.018262221367367992, 0.0038756756870778064, 0.3127334370571284, 0.19106886093204634, 0.07035211279931064, 0.029608289344471794, 0.28826420551009946, 0.0, 0.006734664164585236, 0.33401090782857823, 0.0, 0.22665163540698952, 0.09219743027368243, 0.0, 0.0, 0.0, 0.034675900137727034, 0.07503181086878918, 0.039683382874140305, 0.009565587543303833, 0.0, 0.0, 0.0, 0.0, 0.057880696332193504, 0.17411118341625986, 0.15616757579184148, 1.0, 0.17725603947014223, 0.022519003850685393, 0.46907314763359254, 0.8174244864932506, 0.054622831181317055, 0.5099384430025992, 0.8963898252740956, 0.002505771321070549, 0.5420819543578697, 0.6972561064714834, 0.0, 0.0, 0.8515699881544636, 0.0, 0.13397682198451344, 0.0, 0.0, 0.6025721805512421, 0.026935410374200774, 0.0, 0.0, 0.007229662988433194, 0.024021674088519407, 0.0, 0.0009387354372295542, 0.9685031855551917], [0.21004850153655807, 0.029162692694463588, 0.250952435807159, 0.05106686005508143, 0.9079857618323093, 0.06956748935042378, 0.8749702389420846, 0.9022051625006743, 0.3980233071466811, 0.8851790567509175, 0.09308797083151998, 0.0, 0.8141811003119441, 0.9058338999012452, 0.0, 0.27727330986226484, 0.0, 0.9174312986936, 0.32859439998201756, 0.0, 0.2658926080188526, 0.008875954915806616, 0.0, 0.07236252704961721, 0.1852172214663106, 0.0, 0.0, 0.0, 0.048179148812124595, 0.0, 0.19703442150927886, 0.07179229859633718, 0.1418456672728724, 0.17725603947014223, 1.0, 0.20943982657009963, 0.7219904935191208, 0.27397351167560946, 0.15462646571048555, 0.571164224133186, 0.2565731035965704, 0.0726657121923786, 0.843134647935473, 0.3447816978035303, 0.0, 0.0, 0.3506771386363151, 0.0, 0.39826671097719846, 0.08988731031427255, 0.0, 0.7182934381352906, 0.0, 0.042403688994269495, 0.045192418681224145, 0.0792313969718953, 0.008925644028293211, 0.0, 0.07212443815112213, 0.14423334127842946], [0.268363368950864, 0.19158425947392033, 0.1684460593296897, 0.1967438371864717, 0.13555949648073606, 0.20951170565461164, 0.20658281875442164, 0.1358111162288671, 0.2139217306133414, 0.19281334986124055, 0.23871104589230485, 0.027342952305414725, 0.1659393054493673, 0.13874340847594335, 0.0, 0.25096424343164503, 0.0, 0.1703666476012793, 0.5664074795951989, 0.0, 0.0673693423100854, 0.11527863989912501, 0.07803994099158229, 0.0, 0.0, 0.5222926222234278, 0.0, 0.13321853220110424, 0.0, 0.07808686309460577, 0.032718948865250286, 0.0, 0.791610903697559, 0.022519003850685393, 0.20943982657009963, 1.0, 0.4723152931698684, 0.10519288355557277, 0.047721386665962595, 0.13153761193865587, 0.05704743331663076, 0.7927219953565126, 0.14420341788557667, 0.14762804540816055, 0.0, 0.0, 0.1152578167771734, 0.0, 0.5626834217300473, 0.015182776039146861, 0.0, 0.19386622892669325, 0.0, 0.0, 0.03531353304776219, 0.792971827707753, 0.0, 0.0, 0.783735574878811, 0.0], [0.2453558452482848, 0.028652298646074548, 0.3330572864776076, 0.07362963437817038, 0.49586131918420995, 0.10058256797877729, 0.48209258170520464, 0.48962342187858965, 0.39344552542901445, 0.5916766923089332, 0.08765914153069976, 0.0988979029897763, 0.5453311929363583, 0.48284476836707513, 0.02034786626687146, 0.3043886842576631, 0.0, 0.5803572312298191, 0.3477265293173367, 0.0, 0.48610187403788974, 0.0, 0.007446530343330426, 0.3008109826950194, 0.01992755691891135, 0.2710294194616346, 0.0, 0.0, 0.10856459201106838, 0.0, 0.12890790757924786, 0.004924183983833541, 0.3695238930471372, 0.46907314763359254, 0.7219904935191208, 0.4723152931698684, 1.0, 0.6085451825101648, 0.24708340358854586, 0.5462247563443321, 0.6178768821466015, 0.2798029318502201, 0.7469796228415269, 0.4787444855018854, 0.10099378065031872, 0.008350375771802199, 0.5529668462261615, 0.007736299465578411, 0.531777080497489, 0.06223626889534839, 0.0, 0.8330795000669228, 0.06561404811066363, 0.0, 0.00979416647928777, 0.2836384769912508, 0.0, 0.07815803036415492, 0.2767943442888008, 0.44052035371121434], [0.08931551800092918, 0.053402743171279576, 0.525733302903789, 0.07806271428719991, 0.034220556952201386, 0.11047225974707298, 0.03845972966999689, 0.02085211822644628, 0.2903280050031125, 0.18761415426849504, 0.08597131936337543, 0.0, 0.27995404010342484, 0.013526590414336459, 0.0, 0.2725852202363901, 0.0, 0.21784427472238144, 0.1065507400650435, 0.0, 0.3147754834983253, 0.0, 0.0, 0.0017760682862778543, 0.0336261575988257, 0.06345218178940415, 0.028238564265238186, 0.1875807138676937, 0.36872881579765227, 0.0867542419598194, 0.2335615527116054, 0.04379112623564052, 0.20028278465740268, 0.8174244864932506, 0.27397351167560946, 0.10519288355557277, 0.6085451825101648, 1.0, 0.09791803257290277, 0.5941545467572289, 0.8775772846507813, 0.008352744029560766, 0.5760384993514013, 0.7590203461725119, 0.0, 0.0, 0.8047755066856463, 0.0, 0.34545108807923763, 0.17005283788949976, 0.04708978492854321, 0.7491753101170343, 0.0, 0.0, 0.0, 0.0032772335859855284, 0.0, 0.0, 0.0005591630509086398, 0.8116772133916069], [0.023323624825172917, 0.0, 0.010087655382882144, 0.0, 0.007349181152879525, 0.0, 0.0, 0.0, 0.042149284118013, 0.004301358526416443, 0.07434114767212685, 0.0, 0.07461162597718318, 0.0, 0.0, 0.005135378224668252, 0.0, 0.0009110106567705722, 0.24025300557279938, 0.0, 0.0, 0.0, 0.0, 0.0, 0.0, 0.0, 0.0, 0.0, 0.0, 0.0, 0.0867323054985979, 0.0, 0.0, 0.054622831181317055, 0.15462646571048555, 0.047721386665962595, 0.24708340358854586, 0.09791803257290277, 1.0, 0.0, 0.0, 0.0, 0.0, 0.0, 0.0, 0.0, 0.0, 0.0, 0.0, 0.0, 0.0, 0.03278342059353123, 0.0, 0.0, 0.0, 0.01893018227404908, 0.0, 0.0, 0.0, 0.0], [0.16750319856934115, 0.022738438150434304, 0.46299197192127983, 0.06962292611500176, 0.4963229677551021, 0.12881851977855185, 0.47127286087309583, 0.4953304581043956, 0.38522375023719324, 0.6001904381798204, 0.06772730264649374, 0.27639757386048536, 0.6379653794977829, 0.4562164564826139, 0.0, 0.412239691829104, 0.18430067138704576, 0.5840596096142329, 0.2843682946653139, 0.18939807548870335, 0.0, 0.28492344933661506, 0.0, 0.08673701471642392, 0.1407676966085284, 0.0, 0.0, 0.0, 0.43150995253779056, 0.06899450229711956, 0.41489906442209534, 0.09362227849805449, 0.24883423530740212, 0.5099384430025992, 0.571164224133186, 0.13153761193865587, 0.5462247563443321, 0.5941545467572289, 0.0, 1.0, 0.4676308170241166, 0.02151715837213286, 0.700237504037285, 0.7101907143448902, 0.02927172769037545, 0.0, 0.6875708540834709, 0.0, 0.3565101312324148, 0.07169261396485749, 0.09398301211140692, 0.674716556748417, 0.0, 0.1341283506396609, 0.2646254944171522, 0.044775742660216444, 0.0, 0.0, 0.022578843615540856, 0.4886849663160029], [0.00906238629976952, 0.0, 0.4991855460261213, 0.03607595279881193, 0.03518717318785902, 0.045215751309607866, 0.01710980088488634, 0.020600127987369765, 0.28152396452009276, 0.19256129506059638, 0.007541555602746497, 0.062382329285165294, 0.26686894170344533, 0.015300629648949404, 0.0, 0.27271869943312743, 0.0, 0.212888800110703, 0.05849274717984976, 0.0, 0.40637015278954136, 0.0, 0.0, 0.0, 0.0, 0.0496652389317509, 0.0, 0.0, 0.0, 0.0, 0.0165373941797079, 0.03877931800994572, 0.13223152819036177, 0.8963898252740956, 0.2565731035965704, 0.05704743331663076, 0.6178768821466015, 0.8775772846507813, 0.0, 0.4676308170241166, 1.0, 0.0, 0.6413618793529248, 0.6406703024362254, 0.0, 0.0, 0.8299958300240594, 0.0, 0.19850486533866607, 0.0, 0.0, 0.7737713359293634, 0.0, 0.0, 0.0, 0.004161740121530699, 0.0, 0.0, 0.0, 0.9012398603723877], [0.013021044993415831, 0.0, 0.0023654370826790005, 0.0003629215645465367, 0.0005583362316877727, 0.01302477588371842, 0.007662702187116843, 0.0002960854951262748, 0.0007757840194695387, 0.0034901696550088124, 0.029038306608181408, 0.0, 0.019389625587363124, 0.00810225910750384, 0.0, 0.05643241895666473, 0.007327232632993952, 0.00040128894558966177, 0.6643189118770737, 0.0, 0.0, 0.0, 0.0, 0.033396119486606035, 0.0, 0.0, 0.013145035977507935, 0.0133044216921262, 0.0, 0.0447692525773804, 0.0018424709113441518, 0.0, 0.9086671730643762, 0.002505771321070549, 0.0726657121923786, 0.7927219953565126, 0.2798029318502201, 0.008352744029560766, 0.0, 0.02151715837213286, 0.0, 1.0, 0.0006357537660577339, 0.0070889252445001105, 0.0, 0.0, 0.04686776563779971, 0.0, 0.0034217889576163563, 0.009071638131522342, 0.0, 0.04583363592493683, 0.0, 0.0, 0.0, 0.9945121338291271, 0.0, 0.0, 0.9893733160872943, 0.0], [0.10749776773809194, 6.755766349963999e-05, 0.4035029451801463, 0.03206656014491971, 0.7511570919107277, 0.042659879373718845, 0.7043114408717528, 0.7259249921916097, 0.4136268979394042, 0.7888658226689543, 0.048522136436786045, 0.0, 0.7659792349629588, 0.7297352035033348, 0.0, 0.3049843318125728, 0.0, 0.8248273945004161, 0.24832711967356036, 0.0, 0.3105672714654767, 0.1922155378107101, 0.0, 0.0, 0.029773830811708812, 0.0, 0.0, 0.014982942479073946, 0.0, 0.0, 0.03714823665929945, 0.0, 0.11691992898001913, 0.5420819543578697, 0.843134647935473, 0.14420341788557667, 0.7469796228415269, 0.5760384993514013, 0.0, 0.700237504037285, 0.6413618793529248, 0.0006357537660577339, 1.0, 0.5989174972343937, 0.014571304334013546, 0.0007100449516194152, 0.6447118152467041, 0.0, 0.3699516153648861, 0.048107560597109744, 0.053306848981507726, 0.8868064817587941, 0.0, 0.1330464447395494, 0.05141052326062556, 0.005471511184800493, 0.0, 0.0, 0.008834384691512875, 0.5511008668705085], [0.3110930552152026, 0.26866627797333, 0.7275441993471341, 0.2788028039100685, 0.2198564596357555, 0.2940309750123107, 0.27369562075816, 0.17525037006496957, 0.4811417338375277, 0.38464473708689306, 0.30398195258244953, 0.0, 0.46916895718913176, 0.16630708150025664, 0.10935656658149762, 0.4896271804618456, 0.0, 0.3605173098686838, 0.2992019709520437, 0.0, 0.04878181211471233, 0.11990525631100923, 0.0, 0.0, 0.0652481614354865, 0.07183754729186254, 0.0, 0.0, 0.24851414027126073, 0.10075776592759222, 0.21296586633820325, 0.09398631963730764, 0.18497210617254345, 0.6972561064714834, 0.3447816978035303, 0.14762804540816055, 0.4787444855018854, 0.7590203461725119, 0.0, 0.7101907143448902, 0.6406703024362254, 0.0070889252445001105, 0.5989174972343937, 1.0, 0.0, 0.05838334834489356, 0.7978254685846021, 0.0, 0.397160268883744, 0.28419072004170254, 0.3640026704812733, 0.6779994360406949, 0.018133313857016886, 0.14761022820950598, 0.23609601381895107, 0.012399704119036015, 0.1772494202043564, 0.06104672232212183, 0.02298725444458427, 0.6754166395383023], [0.017451581271282768, 0.0, 0.0, 0.0, 0.0523720623500844, 0.0, 0.0, 0.0, 0.0, 0.0, 0.0, 0.0, 0.0, 0.0, 0.0, 0.0, 0.0, 0.0, 0.0, 0.0, 0.0, 0.0, 0.0, 0.0, 0.0, 0.0, 0.0, 0.0, 0.0, 0.0, 0.04322878177120548, 0.0, 0.0, 0.0, 0.0, 0.0, 0.10099378065031872, 0.0, 0.0, 0.02927172769037545, 0.0, 0.0, 0.014571304334013546, 0.0, 1.0, 0.0, 0.03065377432331773, 0.0, 0.0, 0.0, 0.0, 0.0, 0.0, 0.0, 0.0, 0.011648493227519374, 0.0, 0.0, 0.0, 0.11752184721686254], [0.0, 0.0, 0.004317053210377342, 0.0, 0.014667365934355026, 0.0, 0.024489581867034427, 0.0, 0.0, 0.0, 0.017606675271008454, 0.0, 0.019122893317462197, 0.0, 0.0, 0.04230454001985673, 0.0, 0.0, 0.0, 0.0, 0.0, 0.0, 0.0, 0.0, 0.0, 0.0, 0.0, 0.0, 0.0, 0.0, 0.0010182870135980737, 0.0, 0.0, 0.0, 0.0, 0.0, 0.008350375771802199, 0.0, 0.0, 0.0, 0.0, 0.0, 0.0007100449516194152, 0.05838334834489356, 0.0, 1.0, 0.24427549141050298, 0.0, 0.0, 0.0, 0.0, 0.0, 0.0, 0.0, 0.0, 0.0, 0.0, 0.0, 0.0, 0.0], [0.24734692492259613, 0.2050761226397475, 0.718983648483711, 0.23283256546100606, 0.18468054506852605, 0.2225411970064921, 0.18954834380051433, 0.152612072922356, 0.49156495808075595, 0.36178290395782464, 0.23388223714983236, 0.18287289534688866, 0.4199864811306433, 0.13405044922396891, 0.0, 0.5474247953428282, 0.017970254949675524, 0.34106567514432107, 0.25063416339617883, 0.0, 0.1218327432465034, 0.013273822072746522, 0.0, 0.0, 0.19910009345967317, 0.0, 0.0, 0.0, 0.11558722729339777, 0.0, 0.26890422996933205, 0.019560639488596432, 0.2350024716353014, 0.8515699881544636, 0.3506771386363151, 0.1152578167771734, 0.5529668462261615, 0.8047755066856463, 0.0, 0.6875708540834709, 0.8299958300240594, 0.04686776563779971, 0.6447118152467041, 0.7978254685846021, 0.03065377432331773, 0.24427549141050298, 1.0, 0.034643718006281854, 0.27172882919263786, 0.07853108111325735, 0.0, 0.7048500272083754, 0.0, 0.1473410120160792, 0.18915462747577927, 0.06579367726193952, 0.0, 0.0, 0.05763261539888975, 0.8391944937820242], [0.0, 0.0, 0.06621731709805923, 0.0, 0.0005387237959122437, 0.0, 0.0, 5.638730397161673e-06, 0.0, 0.022663608124487422, 0.0, 0.0, 0.015198729549994794, 0.0, 0.0, 0.03936589306411509, 0.0, 0.0, 0.0, 0.0, 0.0, 0.0, 0.0, 0.0, 0.0, 0.0, 0.0, 0.0, 0.0, 0.0, 0.016856584081477388, 0.0, 0.053846914732746054, 0.0, 0.0, 0.0, 0.007736299465578411, 0.0, 0.0, 0.0, 0.0, 0.0, 0.0, 0.0, 0.0, 0.0, 0.034643718006281854, 1.0, 0.017841018531998598, 0.0, 0.0, 0.0, 0.0, 0.0, 0.0, 0.017897493488042482, 0.0, 0.0, 0.0, 0.008477511997895149], [0.4839040219015399, 0.3329104090996927, 0.3682444167433986, 0.34504271007880827, 0.3305918248198525, 0.32970717628157786, 0.43641799744607623, 0.336120622127434, 0.4265784205620382, 0.433763059289086, 0.37500136673720386, 0.0, 0.3337195484503568, 0.3282906692331511, 0.12360751182674634, 0.39012756566012996, 0.010074958940471168, 0.41684633989271824, 0.10815391683250353, 0.0, 0.14901100021875324, 0.08809938789267235, 0.0, 0.0, 0.09240042300269069, 0.7826249715738942, 0.0, 0.1985970073872445, 0.23874446001097893, 0.0, 0.20063529286253556, 0.0, 0.16570059103606516, 0.13397682198451344, 0.39826671097719846, 0.5626834217300473, 0.531777080497489, 0.34545108807923763, 0.0, 0.3565101312324148, 0.19850486533866607, 0.0034217889576163563, 0.3699516153648861, 0.397160268883744, 0.0, 0.0, 0.27172882919263786, 0.017841018531998598, 1.0, 0.07779731139903834, 0.006601202630734049, 0.41481023467727374, 0.0, 0.0, 0.0, 0.001737065307380603, 0.034338021522840156, 0.0, 0.006387690720796924, 0.10448015957322665], [0.03568326472570882, 0.0, 0.17384963529692343, 0.0, 0.0, 0.0, 0.0, 0.0014861377704895595, 0.0426376334371652, 0.0, 0.016778229707602677, 0.0, 0.0, 0.0, 0.0, 0.0, 0.0, 0.0, 0.005548653382054347, 0.0, 0.0, 0.0, 0.0, 0.0, 0.0, 0.0, 0.0, 0.0, 0.0, 0.0, 0.0, 0.0, 0.0, 0.0, 0.08988731031427255, 0.015182776039146861, 0.06223626889534839, 0.17005283788949976, 0.0, 0.07169261396485749, 0.0, 0.009071638131522342, 0.048107560597109744, 0.28419072004170254, 0.0, 0.0, 0.07853108111325735, 0.0, 0.07779731139903834, 1.0, 0.0, 0.045492416206989184, 0.0, 0.0, 0.0, 0.0, 0.0, 0.0, 0.0, 0.0], [0.012944054302002406, 0.0012673355261182406, 0.0, 0.0, 0.009230376205152324, 0.0, 0.07882897852743898, 0.0, 0.0, 0.0, 0.0, 0.0, 0.0, 0.0,