"[[1.0, 0.524223956880172, 0.44095422264819595, 0.6261928379095053, 0.3986769358466037, 0.4545164703298398, 0.4051115329429792, 0.4121651215318015, 0.5103108536665022, 0.533077586076818, 0.5741392252354892, 0.5229145268360123, 0.23115195518526788, 0.41306419227296765, 0.5151006636658501, 0.4563256383107469, 0.4111534378557633, 0.5058742882712912, 0.4975281799284056, 0.5603412309312088, 0.5741238004493144, 0.48664197384534347, 0.5206967386072348, 0.5859084550883156, 0.6293730703180422, 0.5700002813886358, 0.5037148158725546, 0.3733544805739931, 0.5728125730259632, 0.6230034911530642, 0.4436195668899219, 0.4702661843352315, 0.5807597393763089, 0.5518571513257321, 0.3727112792201088, 0.5694719550679228, 0.5492140314494303, 0.4601638094218654, 0.49643371241338186, 0.462462027214235, 0.4865477031012685, 0.5727579303064486, 0.2733509164576866, 0.43912610369616445, 0.5466844362262027, 0.38303391591967195, 0.36544033283650423, 0.5451778420443347, 0.6401548463147444, 0.5513715337561728, 0.6009244443873214, 0.48223081336199425, 0.5669805751141839, 0.45469315883017936, 0.513604910631892, 0.48525972845636, 0.4113270703451626, 0.5662365402600176, 0.44037666278813037, 0.5749738069031964], [0.524223956880172, 1.0, 0.4926732543534025, 0.6997436259521171, 0.6149048329293687, 0.6110534110681742, 0.512235012306663, 0.4023902768090639, 0.4634568615530723, 0.4171818989429542, 0.5887921934749201, 0.7601944008964518, 0.4799193415797254, 0.4749631298509326, 0.5136825211549114, 0.55857917652035, 0.482558273782412, 0.46395520417885405, 0.4677281782138153, 0.508817382519298, 0.4660423825862653, 0.519915305045643, 0.5402884411200547, 0.46189051154816096, 0.6323644760531473, 0.5375082933121768, 0.5456609922170548, 0.5974660153586825, 0.40587133267342024, 0.49801828703722684, 0.4675138215301393, 0.4913271947750196, 0.49948684077311734, 0.45368025645770227, 0.4655679318001309, 0.4003511973177539, 0.36611459812630587, 0.46795892546310436, 0.5405401487593807, 0.5400787791661179, 0.4454549388044161, 0.46542022202218913, 0.4766549177243935, 0.5841971725829237, 0.4582848234112723, 0.5170656398237733, 0.4826988187693153, 0.4769372464036339, 0.43143106501531525, 0.43294545727799705, 0.573106859784213, 0.40254568663975476, 0.44068774334599947, 0.40359879760791884, 0.3894407011048071, 0.3846115646818854, 0.42092976523386694, 0.42123304771409276, 0.44695035307212594, 0.3537335087978909], [0.44095422264819595, 0.4926732543534025, 1.0, 0.40136667970177764, 0.4425743887529834, 0.6313679208309066, 0.504021769367615, 0.7091442471089755, 0.6859206810342722, 0.4809245799523071, 0.5266022888057317, 0.4031060571289973, 0.5081973950790273, 0.36468218945682007, 0.3915370120163555, 0.5366501315081339, 0.5749697014216867, 0.6279295399533729, 0.5813882017316101, 0.4360801154534286, 0.5131535172955977, 0.41615627984480075, 0.40277278844679365, 0.3685772526757425, 0.5036279364873311, 0.3383423772845704, 0.4156345384367799, 0.4956254434528944, 0.5134407254798581, 0.4220335638235172, 0.42073232240729075, 0.4471129936917939, 0.5034893352875802, 0.601293473368885, 0.5789510201679449, 0.48413618440244455, 0.566981884477975, 0.6380809857575936, 0.43380920912109855, 0.4944752701190549, 0.571025640094719, 0.364174443282852, 0.4920733014555577, 0.5521715426334934, 0.3899201689280952, 0.3956210586036518, 0.5582963705660979, 0.4728522195735675, 0.5445543662846573, 0.441631412169881, 0.5150669879261875, 0.5694635470840548, 0.4993470247812397, 0.48718031212310475, 0.39752725031733127, 0.47910911525065036, 0.4743800379675651, 0.5383058429666558, 0.5848583802081659, 0.5679317744993658], [0.6261928379095053, 0.6997436259521171, 0.40136667970177764, 1.0, 0.6144690785937973, 0.7033006360382811, 0.36738982062380543, 0.415799148898092, 0.5818655409545204, 0.6069426354928478, 0.6749914504149495, 0.5909592413396774, 0.4939862590100824, 0.5238280684575218, 0.4838755263560791, 0.4749481244937005, 0.46190127397365766, 0.4888019071105145, 0.4186698627261224, 0.5200575982902863, 0.49274523281073823, 0.5149568793008177, 0.5327127591421321, 0.5167107589422729, 0.4581201319661016, 0.4388031743302456, 0.41702464060012623, 0.41321964331480276, 0.4231015568382497, 0.499809744120867, 0.4950972214879229, 0.435612834033164, 0.35153607413119103, 0.48846714678028336, 0.4223574269685524, 0.48841056697704277, 0.5121925635133722, 0.4625864421182, 0.5509686463917154, 0.47022899321805, 0.4752537346370239, 0.46600771182255374, 0.4877044335376356, 0.5113245363045447, 0.46257549340418347, 0.5025629650653273, 0.5585654780000393, 0.5112859531531772, 0.49540297265455246, 0.5709843317343691, 0.4058428529133641, 0.4046772572057088, 0.47963504018246816, 0.4324861511890099, 0.4814765434608179, 0.287867017003683, 0.4678256146734141, 0.4287478246125024, 0.4426973394059154, 0.49519242478398173], [0.3986769358466037, 0.6149048329293687, 0.4425743887529834, 0.6144690785937973, 1.0, 0.49181533512094433, 0.7676569725071132, 0.49634572607573924, 0.5628953279591291, 0.7046280425141986, 0.5588632063736529, 0.5775024306424403, 0.5820347190941438, 0.5950533900341768, 0.3956146615475189, 0.4749856712285545, 0.5688693199535111, 0.7112373034099151, 0.44461262182407535, 0.47802351215384264, 0.4893841629644654, 0.5678787443407187, 0.4157696052030183, 0.3526727612332554, 0.46808640876268615, 0.5178696620755279, 0.458420237729381, 0.4084780333036868, 0.4085716993556737, 0.2938351087566564, 0.4345272129244313, 0.4623339120951371, 0.4243272429685142, 0.2802574152259545, 0.520161805672748, 0.38619832284049205, 0.42675481720570496, 0.3556716236966172, 0.4804590984717766, 0.5911268229967483, 0.5045723861859795, 0.5164706971070321, 0.4815533427757558, 0.5734767362586322, 0.3749776481400049, 0.5772045516868853, 0.6021070011393432, 0.4252411699947396, 0.5401653685247862, 0.39758207499236176, 0.43277055235940187, 0.39655799194744734, 0.47206771708446904, 0.5494861796810825, 0.534667594962857, 0.5838864076701099, 0.5002624232999175, 0.47670299726723375, 0.4895729263017794, 0.3063718052261546], [0.4545164703298398, 0.6110534110681742, 0.6313679208309066, 0.7033006360382811, 0.49181533512094433, 1.0, 0.3294782749364371, 0.6322970328876735, 0.6080370875448275, 0.5207453096051775, 0.6125154979264802, 0.6016577733628599, 0.5739426928347646, 0.4997306130678013, 0.5253935593156134, 0.6185932997596731, 0.4836603681984316, 0.6051489829490012, 0.4912238126745463, 0.5088631166970818, 0.4916499814011448, 0.41503060936731284, 0.5276058359308541, 0.4331200634372665, 0.3771766221606181, 0.3990006007959618, 0.4805753039344296, 0.5812706336241251, 0.5049445908913524, 0.6054346524866243, 0.45767078662163274, 0.49942481152031193, 0.3194097805513394, 0.4386091965089919, 0.39086172246758233, 0.44408031934802017, 0.43386551014665276, 0.4681452969147666, 0.4426981650356976, 0.3729527858228876, 0.4360173228477464, 0.2975470209415818, 0.38376041019949236, 0.4128503770719484, 0.5008586852867805, 0.5249795599608136, 0.6037167229899548, 0.526964523892247, 0.5245523496886495, 0.48013279643854434, 0.3852123067365596, 0.37947712910016296, 0.40778697284263465, 0.4936012128889866, 0.46182871818719173, 0.4429598286015607, 0.43994620840604937, 0.5888259804533744, 0.4577470364818421, 0.48193968400307974], [0.4051115329429792, 0.512235012306663, 0.504021769367615, 0.36738982062380543, 0.7676569725071132, 0.3294782749364371, 1.0, 0.5134365122115954, 0.6361915890484693, 0.6027203938277672, 0.37774076515443467, 0.47183148304135725, 0.6502624272937627, 0.554823187651504, 0.49027690467730356, 0.5694891233796723, 0.48266041796395676, 0.6078406086110141, 0.45638361433599994, 0.4934443664568471, 0.5006119279342743, 0.5708334898778431, 0.4778490643122114, 0.4233977100558548, 0.5252160659917707, 0.5521627750414533, 0.3758047023436658, 0.32773364208199274, 0.3660977967801494, 0.39715405089011135, 0.4651886873049761, 0.4606647926880839, 0.5123064920260285, 0.38714534769046083, 0.5613060920948911, 0.5569358622858809, 0.5658024933597727, 0.37610324034937215, 0.42273874166701153, 0.5007073055281857, 0.524740773022411, 0.5556462776060541, 0.5752028714745434, 0.6645792994586962, 0.3497000013684799, 0.5163341378961495, 0.3645911184779148, 0.42365359969248595, 0.4524878774275687, 0.3651276963178287, 0.6339772301513558, 0.5652783110261096, 0.5014116116038703, 0.5900849260549271, 0.5162651204100497, 0.5679804016220804, 0.47343046172849457, 0.49802593114972993, 0.627708104448679, 0.3251930536835882], [0.4121651215318015, 0.4023902768090639, 0.7091442471089755, 0.415799148898092, 0.49634572607573924, 0.6322970328876735, 0.5134365122115954, 1.0, 0.617791883931103, 0.5278682235023144, 0.5482981442078518, 0.49181253145615333, 0.5783794202269545, 0.6096617094547065, 0.4316293497617971, 0.48038241180285135, 0.6649439271189601, 0.5710563118333587, 0.6155055425931749, 0.6329870826034345, 0.4498211415981036, 0.34916321822332486, 0.4843035663156774, 0.38667227621220857, 0.4957932223809072, 0.44013274916441547, 0.4447264272209206, 0.5152590979122865, 0.45437299546635446, 0.4605281681608111, 0.40482561392850525, 0.4956035382537751, 0.4647419928781571, 0.49032212787588036, 0.6047801587868726, 0.6152398406392003, 0.5441286367250662, 0.3970017237129747, 0.5762644099191494, 0.46191287642673284, 0.4911418924311062, 0.4072968613192669, 0.4910331088886244, 0.3413991173307769, 0.4591908838226766, 0.41710798853058495, 0.48500946882464724, 0.5031258472059896, 0.5021031286598431, 0.3686238869819165, 0.4943395680099605, 0.5110008622448232, 0.3929446511902862, 0.47225965540182147, 0.32900472725386987, 0.4728454550327955, 0.5202065083777296, 0.45557893653638026, 0.525198153567946, 0.448537890948161], [0.5103108536665022, 0.4634568615530723, 0.6859206810342722, 0.5818655409545204, 0.5628953279591291, 0.6080370875448275, 0.6361915890484693, 0.617791883931103, 1.0, 0.6992744913049004, 0.4734840174737447, 0.532771245551157, 0.544562178561044, 0.44806023192976685, 0.4661866349116385, 0.6258988612587971, 0.5623774690614702, 0.5369119244615931, 0.45826375077038894, 0.4690518607774202, 0.5320293100133927, 0.4155799371747615, 0.4433546222332113, 0.36577020454403264, 0.3793187501064532, 0.40240603929185637, 0.40832252115587553, 0.4289149369278532, 0.4267745489417616, 0.34539426564422293, 0.4160939216873544, 0.4494036844253876, 0.390048199545872, 0.5826603363512021, 0.4671109270931799, 0.5095994019304213, 0.5367411081013844, 0.43806450905536765, 0.404057681616401, 0.46792827218278843, 0.5711294324359819, 0.40580871421089715, 0.4943855447432307, 0.5111008184198498, 0.4269662806391693, 0.37922544921488843, 0.5195239570566985, 0.48198624415479474, 0.37768016873919985, 0.3708213876779405, 0.5186005942496326, 0.5773599541039062, 0.5952305926321966, 0.6557130665599817, 0.5254989019580087, 0.44227331580141793, 0.4334497837029879, 0.5078911540313442, 0.5877367777478857, 0.4636740675121791], [0.533077586076818, 0.4171818989429542, 0.4809245799523071, 0.6069426354928478, 0.7046280425141986, 0.5207453096051775, 0.6027203938277672, 0.5278682235023144, 0.6992744913049004, 1.0, 0.6541369201370693, 0.531561672116317, 0.4553720918772375, 0.5708424057885018, 0.5471157208500326, 0.5513110703236173, 0.47461850178074394, 0.669671623088446, 0.3760952163865162, 0.48168754092426036, 0.4205795718216645, 0.4459976010040516, 0.41449596350460516, 0.48448092994101344, 0.5176902765163836, 0.4145909101595546, 0.4091876362348509, 0.35490963871138137, 0.4250418515322949, 0.4107108107675387, 0.5442954784065883, 0.44014794358325815, 0.40881920103812586, 0.457693404691766, 0.5538451923964544, 0.3926004972780818, 0.5281294694884238, 0.3935391713738575, 0.3914463009636455, 0.5891716657744408, 0.6010750735580129, 0.46130097325537567, 0.5434545443175978, 0.4334615694587882, 0.3926575899653513, 0.4429642109275779, 0.498524792269728, 0.4206676259203356, 0.4609412656076769, 0.4677035478993288, 0.31784398227788924, 0.4119288612614864, 0.5412448894910962, 0.4426906283025407, 0.6273038055686591, 0.5737638013877046, 0.46571194733026844, 0.5633227352504022, 0.5079494238192317, 0.4394526775550427], [0.5741392252354892, 0.5887921934749201, 0.5266022888057317, 0.6749914504149495, 0.5588632063736529, 0.6125154979264802, 0.37774076515443467, 0.5482981442078518, 0.4734840174737447, 0.6541369201370693, 1.0, 0.5303668831907671, 0.46823957792824844, 0.5932913533709657, 0.4578947245842534, 0.4162105421984097, 0.457073039417935, 0.6834137968364573, 0.30440458275614235, 0.5086577413548088, 0.42733224102404144, 0.34928819723935844, 0.48063991893452374, 0.4058490541640689, 0.46183108408994866, 0.482235289026675, 0.5442254970044322, 0.44774776694491936, 0.49447638741624433, 0.582333526664572, 0.48447563290261664, 0.4658243440303297, 0.28113526678530487, 0.6073850934659836, 0.49278990264268263, 0.5495892321713961, 0.4255534429097575, 0.455385927703957, 0.4561020633571754, 0.47287106956403846, 0.5860966051338375, 0.5378535983638023, 0.5128251943672992, 0.5441033072855335, 0.42370762129802797, 0.5422729143775941, 0.6631995826079363, 0.4418683074377203, 0.5218751463815443, 0.5403991339532448, 0.43013157211057185, 0.47299391969313154, 0.31308995307504317, 0.33840510536670454, 0.5170310876602547, 0.40804209708457184, 0.3761918246904904, 0.47936732265595217, 0.4448120734761698, 0.523436618746201], [0.5229145268360123, 0.7601944008964518, 0.4031060571289973, 0.5909592413396774, 0.5775024306424403, 0.6016577733628599, 0.47183148304135725, 0.49181253145615333, 0.532771245551157, 0.531561672116317, 0.5303668831907671, 1.0, 0.5576030164108987, 0.45393292515133066, 0.5075155622096177, 0.6467289357748973, 0.5019994253125596, 0.539844969871109, 0.5116886893248622, 0.6291441051488503, 0.4671987946347783, 0.3824667800950703, 0.4560567013185707, 0.43470547525981273, 0.4833282815300105, 0.5242007158111717, 0.4764867681304844, 0.5298323133535061, 0.4223621074897259, 0.4231871878150948, 0.3925458999272774, 0.4647406307344807, 0.4880493316131189, 0.45707358740628024, 0.41901486047508096, 0.3675245437290422, 0.3910661086050664, 0.38002733000656364, 0.6846850734000212, 0.4167783824119431, 0.5832901160811789, 0.48054758298168987, 0.4257288746148523, 0.5696382091285968, 0.44618512182820536, 0.39993068045195423, 0.5343180127866086, 0.5196260183645698, 0.43841713708066987, 0.4276977005991266, 0.5111457097107528, 0.42400618184575034, 0.45524028223372903, 0.4862952447858142, 0.5047053947376735, 0.54087336748854, 0.5052723498190591, 0.5611334668238647, 0.3936267474519366, 0.4017349179842603], [0.23115195518526788, 0.4799193415797254, 0.5081973950790273, 0.4939862590100824, 0.5820347190941438, 0.5739426928347646, 0.6502624272937627, 0.5783794202269545, 0.544562178561044, 0.4553720918772375, 0.46823957792824844, 0.5576030164108987, 1.0, 0.6159850909779905, 0.46174376857417687, 0.5757288273612114, 0.5081386638730179, 0.6128081938389718, 0.4094777688021717, 0.49781958004264604, 0.5033896639347605, 0.47034124666284216, 0.550377870089105, 0.3818618599386132, 0.47332944746098227, 0.4136876114371748, 0.4007659350974393, 0.4324044621202707, 0.4405017822976892, 0.5674270481194118, 0.5886005744650987, 0.456858120902361, 0.48543762399005086, 0.46050189735884806, 0.4336908686316209, 0.603420295729815, 0.45286107820522237, 0.5543488633735673, 0.6151538429090538, 0.417498274477316, 0.5842932981762381, 0.47170844629720055, 0.5873053172391128, 0.5518378684079495, 0.3631509557775936, 0.38626964813909925, 0.6360336194450732, 0.4192108481958283, 0.4280716970432904, 0.33901147530303344, 0.4855911047507352, 0.561222865758189, 0.37843515741056555, 0.5223177757626981, 0.4197200439100436, 0.477321160153903, 0.5496260153197194, 0.4298360185981256, 0.5336199854038262, 0.5620414617515335], [0.41306419227296765, 0.4749631298509326, 0.36468218945682007, 0.5238280684575218, 0.5950533900341768, 0.4997306130678013, 0.554823187651504, 0.6096617094547065, 0.44806023192976685, 0.5708424057885018, 0.5932913533709657, 0.45393292515133066, 0.6159850909779905, 1.0, 0.5849549165955217, 0.5354609972781672, 0.45287710695092054, 0.5149725405311303, 0.42538837172239075, 0.6027997128318637, 0.5203327577254537, 0.5000020222747442, 0.491866260337688, 0.41120355510327145, 0.5293817991950985, 0.5052735208044064, 0.4167488602865863, 0.5991956881425613, 0.3772655783727832, 0.4459913213504526, 0.41991089684622507, 0.5512175624745312, 0.3627041053565967, 0.4254746979260374, 0.5145540867415256, 0.5530061904643642, 0.43845079460804637, 0.3938319237731548, 0.45794348180119726, 0.4668949246957347, 0.540660682817837, 0.49940253786859345, 0.7377202444807346, 0.3653617637645278, 0.45370668784851786, 0.4819367833063275, 0.5660401832463889, 0.47229937998500904, 0.6203076273835794, 0.4468226352084621, 0.400674819486191, 0.622352618521261, 0.42750903919438676, 0.42645723527576673, 0.4093493517946125, 0.48800498095366285, 0.40014688889294403, 0.28243339093665476, 0.49501554621562116, 0.39843487948963163], [0.5151006636658501, 0.5136825211549114, 0.3915370120163555, 0.4838755263560791, 0.3956146615475189, 0.5253935593156134, 0.49027690467730356, 0.4316293497617971, 0.4661866349116385, 0.5471157208500326, 0.4578947245842534, 0.5075155622096177, 0.46174376857417687, 0.5849549165955217, 1.0, 0.4681852935521499, 0.47639750158035044, 0.4212007763288933, 0.4907558455816632, 0.5516449373835255, 0.5327045891842725, 0.5437733256523349, 0.501647228115755, 0.6025427690119252, 0.5409735129307298, 0.4270097870940138, 0.549983168058543, 0.5312437676120392, 0.5119121051311757, 0.5875544636872423, 0.5670611818620112, 0.5109831997882548, 0.500733771921189, 0.49320339090399556, 0.48868945478311887, 0.4407537389205197, 0.49535377630611777, 0.45614905993372357, 0.42199146786260067, 0.5007628567910452, 0.43553761335681074, 0.4977086007622693, 0.4517755836870385, 0.47097290268526226, 0.4999500548648883, 0.4616545859126828, 0.3498780081756785, 0.5746924743176595, 0.5224626130224335, 0.5693111809242097, 0.4405944762199969, 0.42477890521147443, 0.5664261561965827, 0.3725575926963355, 0.45259105903822805, 0.3922015558529228, 0.549087440557167, 0.39476681278129533, 0.45370667178990964, 0.4161784988555106], [0.4563256383107469, 0.55857917652035, 0.5366501315081339, 0.4749481244937005, 0.4749856712285545, 0.6185932997596731, 0.5694891233796723, 0.48038241180285135, 0.6258988612587971, 0.5513110703236173, 0.4162105421984097, 0.6467289357748973, 0.5757288273612114, 0.5354609972781672, 0.4681852935521499, 1.0, 0.5054628145719511, 0.48015435926084193, 0.5085092354434905, 0.3765933542426423, 0.4566488429004557, 0.41590095090916, 0.4842356567257704, 0.34351356536912536, 0.3710117428878018, 0.6634390183666056, 0.32655845849841547, 0.42150950933785436, 0.3807426512369555, 0.40849209660936336, 0.5214145772154108, 0.43857928972764315, 0.4932120357758202, 0.5577011239692682, 0.5058093833376665, 0.508995617757103, 0.5105525488971709, 0.46045530290575765, 0.3929190210689615, 0.37449536238588177, 0.6364779274872808, 0.5078087919964338, 0.5206783163566757, 0.47047881476665565, 0.41045466269374953, 0.4362957816727644, 0.5828863952539846, 0.4676449345790794, 0.5889001657532584, 0.44585063782609424, 0.43501589777022187, 0.4700858307392677, 0.5163149540010239, 0.48237675131021074, 0.5985638789236035, 0.5929086935613554, 0.4680361133058597, 0.6531237709818134, 0.6834303730922888, 0.3749578513566201], [0.4111534378557633, 0.482558273782412, 0.5749697014216867, 0.46190127397365766, 0.5688693199535111, 0.4836603681984316, 0.48266041796395676, 0.6649439271189601, 0.5623774690614702, 0.47461850178074394, 0.457073039417935, 0.5019994253125596, 0.5081386638730179, 0.45287710695092054, 0.47639750158035044, 0.5054628145719511, 1.0, 0.47792149347298096, 0.5376403838362094, 0.47226940701045195, 0.47570872297348266, 0.5039146986411422, 0.5129381017554735, 0.4442666322652241, 0.4203354770031845, 0.5684294061717047, 0.52374910610468, 0.5652996798027798, 0.496541074793045, 0.3897702251359346, 0.42724599427244836, 0.49781877520743223, 0.5661467959815463, 0.4891215124157069, 0.46624946615198115, 0.4703381697442215, 0.3909195452444342, 0.416363931917733, 0.406903042860988, 0.5945734429328964, 0.5412095239943018, 0.4907807661555381, 0.44275917716632684, 0.28913094241081916, 0.5096595590548433, 0.4787768133134218, 0.47640843280073786, 0.5065458631295879, 0.5635880496887385, 0.487961550157775, 0.5489281893581686, 0.4460335771957571, 0.4621947881968389, 0.383375611709337, 0.44105460766174986, 0.5036627636849964, 0.5661990318781842, 0.4921659083932999, 0.4684943580882738, 0.5184652305766173], [0.5058742882712912, 0.46395520417885405, 0.6279295399533729, 0.4888019071105145, 0.7112373034099151, 0.6051489829490012, 0.6078406086110141, 0.5710563118333587, 0.5369119244615931, 0.669671623088446, 0.6834137968364573, 0.539844969871109, 0.6128081938389718, 0.5149725405311303, 0.4212007763288933, 0.48015435926084193, 0.47792149347298096, 1.0, 0.43501335367241256, 0.4868734557778671, 0.47809848843106806, 0.33479511548044805, 0.3801086634417432, 0.3042281770807227, 0.443558794428609, 0.42551159857869447, 0.352925229370321, 0.3051979083817056, 0.38403523331358635, 0.5005492596001374, 0.3462354318216897, 0.5204451811773715, 0.4458602520512396, 0.4484343401966634, 0.5125364940387087, 0.39831043505814345, 0.4730709580393906, 0.5072124600539204, 0.5116922255756193, 0.5220658849975959, 0.5205327373369883, 0.5598191728943382, 0.3412976372094314, 0.5888688317330351, 0.36311254979026364, 0.46627905326204055, 0.5589371138977854, 0.41712099624866206, 0.5782057631217359, 0.43250048771980865, 0.467574867409311, 0.5089211495753041, 0.4827282423104763, 0.489123401539054, 0.4567749161277732, 0.6514529028979681, 0.45301525327920766, 0.6418379364697667, 0.474191835590284, 0.6197393786243431], [0.4975281799284056, 0.4677281782138153, 0.5813882017316101, 0.4186698627261224, 0.44461262182407535, 0.4912238126745463, 0.45638361433599994, 0.6155055425931749, 0.45826375077038894, 0.3760952163865162, 0.30440458275614235, 0.5116886893248622, 0.4094777688021717, 0.42538837172239075, 0.4907558455816632, 0.5085092354434905, 0.5376403838362094, 0.43501335367241256, 1.0, 0.4675314195927409, 0.5201848546223624, 0.3805516724811169, 0.3866629636467511, 0.5293357631651822, 0.5074305796746345, 0.5294526490633451, 0.41374485817302664, 0.5556632746837555, 0.38787259460793266, 0.3737117133283824, 0.3648594223442311, 0.4164030664882834, 0.6955487091232437, 0.5315599626811235, 0.6019716217080282, 0.40110525647716233, 0.46615127560731007, 0.6276166446535688, 0.6051290671504949, 0.6129070504036422, 0.5216064217278163, 0.5220912825211437, 0.4897992020928287, 0.4428863537609996, 0.557893308446213, 0.48654901646105597, 0.5579512992032063, 0.5010869733183749, 0.6036424475432012, 0.520051878575611, 0.5954537972017068, 0.5452550803441145, 0.42514243911507166, 0.6968222492074241, 0.31506776876013, 0.5571222654679133, 0.6075397227157757, 0.4044569886993925, 0.5864792563045474, 0.502992086927939], [0.5603412309312088, 0.508817382519298, 0.4360801154534286, 0.5200575982902863, 0.47802351215384264, 0.5088631166970818, 0.4934443664568471, 0.6329870826034345, 0.4690518607774202, 0.48168754092426036, 0.5086577413548088, 0.6291441051488503, 0.49781958004264604, 0.6027997128318637, 0.5516449373835255, 0.3765933542426423, 0.47226940701045195, 0.4868734557778671, 0.4675314195927409, 1.0, 0.4507989779561137, 0.6014141527580394, 0.5301523406976516, 0.45771082046309597, 0.47512049667905143, 0.5209963340949041, 0.4591051098877166, 0.5410430686811479, 0.5494676482062524, 0.4580366911561411, 0.459293428396893, 0.49034866175962066, 0.5158425134549658, 0.45528944988145337, 0.47695044947697984, 0.41903053496225773, 0.4731148594666633, 0.44538808394185814, 0.5046644624981733, 0.44781915520466753, 0.39687217161259547, 0.514451564464849, 0.5048314251547725, 0.4837900169901814, 0.4754125965751581, 0.4639507787509505, 0.35824265599698, 0.5003659070335691, 0.40600970574477746, 0.5486933533435406, 0.5166576500628186, 0.5780526703196753, 0.4913667505266326, 0.4369428703099517, 0.43040651288161424, 0.4510112779968972, 0.5795486103603046, 0.45934316550178733, 0.37689588490738224, 0.5036640437548856], [0.5741238004493144, 0.4660423825862653, 0.5131535172955977, 0.49274523281073823, 0.4893841629644654, 0.4916499814011448, 0.5006119279342743, 0.4498211415981036, 0.5320293100133927, 0.4205795718216645, 0.42733224102404144, 0.4671987946347783, 0.5033896639347605, 0.5203327577254537, 0.5327045891842725, 0.4566488429004557, 0.47570872297348266, 0.47809848843106806, 0.5201848546223624, 0.4507989779561137, 1.0, 0.44813897945612124, 0.42569213453379995, 0.4728769854057706, 0.5466409234962673, 0.4393652010045014, 0.43593793317558915, 0.47343291674474486, 0.7138131959167517, 0.6332878073441347, 0.46856436750311703, 0.6007506316668949, 0.5460615059733809, 0.4180806961768988, 0.5346744739567375, 0.48855193886370774, 0.4954741330743071, 0.5759187967605955, 0.5095409646408904, 0.49376032106483725, 0.5385116196394306, 0.5176659723239594, 0.46934264288808414, 0.4949366186398996, 0.4396033442898388, 0.42201077664437214, 0.499853063043323, 0.4785590643675566, 0.5277055380956682, 0.3802102782431306, 0.4563911155267356, 0.7109603170963117, 0.3670119767212896, 0.45789743609326794, 0.3647636493337192, 0.5092088940422733, 0.4905060960303069, 0.38279908922175276, 0.37597484744072684, 0.43305723993799605], [0.48664197384534347, 0.519915305045643, 0.41615627984480075, 0.5149568793008177, 0.5678787443407187, 0.41503060936731284, 0.5708334898778431, 0.34916321822332486, 0.4155799371747615, 0.4459976010040516, 0.34928819723935844, 0.3824667800950703, 0.47034124666284216, 0.5000020222747442, 0.5437733256523349, 0.41590095090916, 0.5039146986411422, 0.33479511548044805, 0.3805516724811169, 0.6014141527580394, 0.44813897945612124, 1.0, 0.591799076401911, 0.5705797982452523, 0.5972433652280609, 0.5665631951737828, 0.6253141398149715, 0.5980858319114645, 0.5047502760090141, 0.4949016964415792, 0.6290517686497221, 0.5381837488088647, 0.46125608233136073, 0.3846797465080326, 0.4849017608856311, 0.4931339638388694, 0.476331271008395, 0.4583910345566755, 0.4242588832753854, 0.4797749894802873, 0.374745619037813, 0.5176362203418383, 0.5088888327448668, 0.5354144015490767, 0.5543030848644188, 0.5159631781171403, 0.36558131441497177, 0.5640844849651836, 0.42452997813339044, 0.5515882806186998, 0.3663590594307127, 0.4215445229412138, 0.5189913976195117, 0.504800076429438, 0.6425450412567545, 0.49442121275235196, 0.5118036845002961, 0.5359831426726851, 0.4668901449434628, 0.44659136237219865], [0.5206967386072348, 0.5402884411200547, 0.40277278844679365, 0.5327127591421321, 0.4157696052030183, 0.5276058359308541, 0.4778490643122114, 0.4843035663156774, 0.4433546222332113, 0.41449596350460516, 0.48063991893452374, 0.4560567013185707, 0.550377870089105, 0.491866260337688, 0.501647228115755, 0.4842356567257704, 0.5129381017554735, 0.3801086634417432, 0.3866629636467511, 0.5301523406976516, 0.42569213453379995, 0.591799076401911, 1.0, 0.4880275274202339, 0.5641709780776106, 0.5698887553500914, 0.7795125579754763, 0.5650133256943567, 0.5036948820471597, 0.6610407552290842, 0.62718243837417, 0.522226638109542, 0.5845662907553302, 0.4404525661109773, 0.43267609068687496, 0.4815753878785801, 0.4353663802437233, 0.37158438451994713, 0.4235353976777545, 0.4092225876136548, 0.4180615610010958, 0.41806033837095224, 0.5249676949698121, 0.43918424087118557, 0.49950867076030825, 0.47012597086983754, 0.30806032170375697, 0.5616156457384398, 0.40949548520662904, 0.5663768486149101, 0.5402370047982529, 0.28461432774148654, 0.5764353888297833, 0.5343398226201472, 0.5706681873647879, 0.4634078011283401, 0.5072300894124304, 0.4663352118053663, 0.43767947627511117, 0.4409031955943905], [0.5859084550883156, 0.46189051154816096, 0.3685772526757425, 0.5167107589422729, 0.3526727612332554, 0.4331200634372665, 0.4233977100558548, 0.38667227621220857, 0.36577020454403264, 0.48448092994101344, 0.4058490541640689, 0.43470547525981273, 0.3818618599386132, 0.41120355510327145, 0.6025427690119252, 0.34351356536912536, 0.4442666322652241, 0.3042281770807227, 0.5293357631651822, 0.45771082046309597, 0.4728769854057706, 0.5705797982452523, 0.4880275274202339, 1.0, 0.5796796785853195, 0.44752042902387057, 0.6296264820286537, 0.5806834825400802, 0.617736370833907, 0.640210591240837, 0.5383332512875939, 0.5122345598077119, 0.624189120395817, 0.4741104076238286, 0.44455660851247747, 0.578414265403754, 0.68939521722388, 0.5252170499121642, 0.5354255641268639, 0.6088710947246159, 0.4680835991963881, 0.4388208627988741, 0.5463186371434425, 0.4210508863821225, 0.5475876283407586, 0.5554864266175613, 0.3403193727372831, 0.5655571016221907, 0.5056532758558896, 0.46620779160281767, 0.53952124433053, 0.4953124700878233, 0.504402532766624, 0.4268421938783864, 0.4726127534971034, 0.4714195493449608, 0.4441535795720307, 0.5004414661311244, 0.5000777956559799, 0.5922529639283876], [0.6293730703180422, 0.6323644760531473, 0.5036279364873311, 0.4581201319661016, 0.46808640876268615, 0.3771766221606181, 0.5252160659917707, 0.4957932223809072, 0.3793187501064532, 0.5176902765163836, 0.46183108408994866, 0.4833282815300105, 0.47332944746098227, 0.5293817991950985, 0.5409735129307298, 0.3710117428878018, 0.4203354770031845, 0.443558794428609, 0.5074305796746345, 0.47512049667905143, 0.5466409234962673, 0.5972433652280609, 0.5641709780776106, 0.5796796785853195, 1.0, 0.481270865986251, 0.5511720145112307, 0.590376499978565, 0.46499648017766293, 0.7226964619171746, 0.583924820921623, 0.4673265834065726, 0.5961195800618722, 0.41946381328376836, 0.45394427157600026, 0.5485352990183454, 0.3788838259924078, 0.5340780932163881, 0.6408466003882725, 0.5076511726891366, 0.4766798359715786, 0.4596130623983089, 0.49945098681644673, 0.39614808198890417, 0.5444526021136651, 0.440934618221837, 0.3655107609075834, 0.5512603016146922, 0.4294789299658419, 0.4096837063360931, 0.5344885558425416, 0.5043725900349939, 0.4974961035129891, 0.4415977091183164, 0.4117032221564797, 0.4888799294090116, 0.5055996199686339, 0.40758130452126107, 0.3848817173721526, 0.4975302578773487], [0.5700002813886358, 0.5375082933121768, 0.3383423772845704, 0.4388031743302456, 0.5178696620755279, 0.3990006007959618, 0.5521627750414533, 0.44013274916441547, 0.40240603929185637, 0.4145909101595546, 0.482235289026675, 0.5242007158111717, 0.4136876114371748, 0.5052735208044064, 0.4270097870940138, 0.6634390183666056, 0.5684294061717047, 0.42551159857869447, 0.5294526490633451, 0.5209963340949041, 0.4393652010045014, 0.5665631951737828, 0.5698887553500914, 0.44752042902387057, 0.481270865986251, 1.0, 0.5307143654510385, 0.4906484884752079, 0.44883339744779727, 0.5044566955847125, 0.44542978710253545, 0.4939440472321116, 0.5070871523048723, 0.4932401192245792, 0.40186850194968426, 0.5506412368613486, 0.3511688411475735, 0.4747635195166826, 0.44320816864163903, 0.4002941098188336, 0.6152550824273731, 0.690345049401772, 0.4738798013233755, 0.4365744078202307, 0.5192634595559497, 0.619783772400191, 0.500284926566765, 0.5139411376269845, 0.452431517750966, 0.48700237318298534, 0.5141360522175, 0.48122469131505496, 0.49542843604570064, 0.5579549619448334, 0.45532540114355946, 0.4975817866550105, 0.5019040477999475, 0.664885760350014, 0.6257566067304882, 0.3261973170066479], [0.5037148158725546, 0.5456609922170548, 0.4156345384367799, 0.41702464060012623, 0.458420237729381, 0.4805753039344296, 0.3758047023436658, 0.4447264272209206, 0.40832252115587553, 0.4091876362348509, 0.5442254970044322, 0.4764867681304844, 0.4007659350974393, 0.4167488602865863, 0.549983168058543, 0.32655845849841547, 0.52374910610468, 0.352925229370321, 0.41374485817302664, 0.4591051098877166, 0.43593793317558915, 0.6253141398149715, 0.7795125579754763, 0.6296264820286537, 0.5511720145112307, 0.5307143654510385, 1.0, 0.7397230043337572, 0.6458927923575741, 0.6037435520029897, 0.6103986688468899, 0.544149785018851, 0.5649738407753285, 0.4643413043016906, 0.4526738647848044, 0.4669445070633871, 0.41993220900628336, 0.42421574808453255, 0.476202280516672, 0.5590206955796624, 0.4000080554006714, 0.41749328654962614, 0.4244452663574214, 0.45859838556483123, 0.5551039349975317, 0.5512131081822769, 0.459179065639681, 0.57202920674875, 0.41689180297833694, 0.4703066275695257, 0.4643312792071246, 0.2918483161770491, 0.5393244325271491, 0.5560092361225154, 0.5979902776148676, 0.5149685802278663, 0.4509871330732439, 0.46232129532132304, 0.39131288162006883, 0.4324452178222141], [0.3733544805739931, 0.5974660153586825, 0.4956254434528944, 0.41321964331480276, 0.4084780333036868, 0.5812706336241251, 0.32773364208199274, 0.5152590979122865, 0.4289149369278532, 0.35490963871138137, 0.44774776694491936, 0.5298323133535061, 0.4324044621202707, 0.5991956881425613, 0.5312437676120392, 0.42150950933785436, 0.5652996798027798, 0.3051979083817056, 0.5556632746837555, 0.5410430686811479, 0.47343291674474486, 0.5980858319114645, 0.5650133256943567, 0.5806834825400802, 0.590376499978565, 0.4906484884752079, 0.7397230043337572, 1.0, 0.5255465812057908, 0.5280757560740357, 0.48334237524410517, 0.5252660670369556, 0.48151961270573485, 0.396883048988543, 0.40493182712331477, 0.4562796259384019, 0.2612644311202652, 0.5545177090887288, 0.49789760499715896, 0.565398003248349, 0.3770453282535613, 0.3577459239552404, 0.5939938192620137, 0.3183051673824091, 0.5543095143258396, 0.6074740842366427, 0.555389979997996, 0.5862353567940437, 0.4336652452549262, 0.5686715035154435, 0.5251171267371982, 0.5792510848447001, 0.4676626276732083, 0.5713582661316625, 0.4625733958289495, 0.48626642318374635, 0.41453444932106953, 0.3888210352028908, 0.4033099751895418, 0.43956676596197086], [0.5728125730259632, 0.40587133267342024, 0.5134407254798581, 0.4231015568382497, 0.4085716993556737, 0.5049445908913524, 0.3660977967801494, 0.45437299546635446, 0.4267745489417616, 0.4250418515322949, 0.49447638741624433, 0.4223621074897259, 0.4405017822976892, 0.3772655783727832, 0.5119121051311757, 0.3807426512369555, 0.496541074793045, 0.38403523331358635, 0.38787259460793266, 0.5494676482062524, 0.7138131959167517, 0.5047502760090141, 0.5036948820471597, 0.617736370833907, 0.46499648017766293, 0.44883339744779727, 0.6458927923575741, 0.5255465812057908, 1.0, 0.6336702169293595, 0.7096778233180986, 0.5466704281565493, 0.6086715241757327, 0.4368719666172718, 0.41836759746503294, 0.5285501523663427, 0.5454709397104196, 0.6028334777263586, 0.4030600005611539, 0.5769320797124082, 0.4900112724274477, 0.4124056326306146, 0.4155116192150885, 0.4239167602123364, 0.5543197198916323, 0.4736627738224055, 0.5551567500798648, 0.486886269228639, 0.507580739464117, 0.5065706799119594, 0.4948714420845496, 0.46730051108780835, 0.49435939022604447, 0.39486225084148563, 0.4759769970486353, 0.4477543637191942, 0.49481781313987194, 0.5319323150070044, 0.4031844411848923, 0.47976662562674477], [0.6230034911530642, 0.49801828703722684, 0.4220335638235172, 0.499809744120867, 0.2938351087566564, 0.6054346524866243, 0.39715405089011135, 0.4605281681608111, 0.34539426564422293, 0.4107108107675387, 0.582333526664572, 0.4231871878150948, 0.5674270481194118, 0.4459913213504526, 0.5875544636872423, 0.40849209660936336, 0.3897702251359346, 0.5005492596001374, 0.3737117133283824, 0.4580366911561411, 0.6332878073441347, 0.4949016964415792, 0.6610407552290842, 0.640210591240837, 0.7226964619171746, 0.5044566955847125, 0.6037435520029897, 0.5280757560740357, 0.6336702169293595, 1.0, 0.6773081010992152, 0.5097647557493858, 0.5130286174309131, 0.4836538517594342, 0.38591977768569563, 0.6479005391490394, 0.43632176768751785, 0.5636362208274603, 0.538225063450047, 0.41357158897339763, 0.417404498402723, 0.4579356559884057, 0.38230304531275927, 0.401472758069939, 0.5396517801538926, 0.5512255794634462, 0.38515767255263533, 0.5917351668498794, 0.41413182336166643, 0.4607481870287615, 0.5064513375234054, 0.5196512944636081, 0.3609632022165663, 0.39808848497861193, 0.456711316370111, 0.44281895951254613, 0.42538340939631125, 0.5445601461642137, 0.3353895671859527, 0.5966216715089225], [0.4436195668899219, 0.4675138215301393, 0.42073232240729075, 0.4950972214879229, 0.4345272129244313, 0.45767078662163274, 0.4651886873049761, 0.40482561392850525, 0.4160939216873544, 0.5442954784065883, 0.48447563290261664, 0.3925458999272774, 0.5886005744650987, 0.41991089684622507, 0.5670611818620112, 0.5214145772154108, 0.42724599427244836, 0.3462354318216897, 0.3648594223442311, 0.459293428396893, 0.46856436750311703, 0.6290517686497221, 0.62718243837417, 0.5383332512875939, 0.583924820921623, 0.44542978710253545, 0.6103986688468899, 0.48334237524410517, 0.7096778233180986, 0.6773081010992152, 1.0, 0.44530458215906776, 0.6078175857444208, 0.5490170439635003, 0.546527359101845, 0.5522501847599866, 0.50299817908302, 0.6478403496642597, 0.43025336648531765, 0.6266424306437133, 0.42342086804876755, 0.40737989568266475, 0.4928625530771831, 0.432404924296087, 0.4752970734243157, 0.5187135240741041, 0.5456745546485887, 0.5266018434081747, 0.40566271296548106, 0.5748265138967861, 0.3775236928670884, 0.36268329550242717, 0.47443716396975744, 0.3872640025982227, 0.6278942079168833, 0.3830390656766123, 0.5049259649972815, 0.455966500708042, 0.4164390859088096, 0.4585658046873775], [0.4702661843352315, 0.4913271947750196, 0.4471129936917939, 0.435612834033164, 0.4623339120951371, 0.49942481152031193, 0.4606647926880839, 0.4956035382537751, 0.4494036844253876, 0.44014794358325815, 0.4658243440303297, 0.4647406307344807, 0.456858120902361, 0.5512175624745312, 0.5109831997882548, 0.43857928972764315, 0.49781877520743223, 0.5204451811773715, 0.4164030664882834, 0.49034866175962066, 0.6007506316668949, 0.5381837488088647, 0.522226638109542, 0.5122345598077119, 0.4673265834065726, 0.4939440472321116, 0.544149785018851, 0.5252660670369556, 0.5466704281565493, 0.5097647557493858, 0.44530458215906776, 1.0, 0.4379313000185523, 0.49077960927283004, 0.42519428990764596, 0.447523976362743, 0.4674636833723548, 0.4934915405108342, 0.4333150062366419, 0.4624355408855553, 0.49100973728512987, 0.4524177523784486, 0.4623928516639365, 0.3993668224706962, 0.48344796410660307, 0.4574442206853325, 0.44381652488209256, 0.48520998903290025, 0.5270808283084469, 0.4771692569529149, 0.47663992874857286, 0.48442393111128657, 0.4651410698625612, 0.3939515065302246, 0.4502899728137555, 0.434868323201857, 0.4851405474451095, 0.42278921297996985, 0.44598002500127687, 0.4406591761881895], [0.5807597393763089, 0.49948684077311734, 0.5034893352875802, 0.35153607413119103, 0.4243272429685142, 0.3194097805513394, 0.5123064920260285, 0.4647419928781571, 0.390048199545872, 0.40881920103812586, 0.28113526678530487, 0.4880493316131189, 0.48543762399005086, 0.3627041053565967, 0.500733771921189, 0.4932120357758202, 0.5661467959815463, 0.4458602520512396, 0.6955487091232437, 0.5158425134549658, 0.5460615059733809, 0.46125608233136073, 0.5845662907553302, 0.624189120395817, 0.5961195800618722, 0.5070871523048723, 0.5649738407753285, 0.48151961270573485, 0.6086715241757327, 0.5130286174309131, 0.6078175857444208, 0.4379313000185523, 1.0, 0.44791194700103554, 0.5604156736790169, 0.3854973761201136, 0.5244492702779314, 0.6130064855164965, 0.4888021986962522, 0.7603053375156339, 0.40765102379418783, 0.6075578162633807, 0.4032363784121733, 0.38269766472180455, 0.4239795905712921, 0.33892004385357355, 0.38313664942434666, 0.49252227617877786, 0.5528885104540262, 0.427647161019838, 0.6421541516789266, 0.48970878653673267, 0.5430591067024153, 0.4713131601582614, 0.3602056960189228, 0.6606247117815262, 0.6335983224988417, 0.4355955036339543, 0.562510370914053, 0.6122898560999178], [0.5518571513257321, 0.45368025645770227, 0.601293473368885, 0.48846714678028336, 0.2802574152259545, 0.4386091965089919, 0.38714534769046083, 0.49032212787588036, 0.5826603363512021, 0.457693404691766, 0.6073850934659836, 0.45707358740628024, 0.46050189735884806, 0.4254746979260374, 0.49320339090399556, 0.5577011239692682, 0.4891215124157069, 0.4484343401966634, 0.5315599626811235, 0.45528944988145337, 0.4180806961768988, 0.3846797465080326, 0.4404525661109773, 0.4741104076238286, 0.41946381328376836, 0.4932401192245792, 0.4643413043016906, 0.3968830489885