"[[1.0, 0.7237118026847031, 0.5923039484378675, 0.7789351156914868, 0.540101261540499, 0.6438812123708706, 0.6178234968738919, 0.554853377464005, 0.6266672244931738, 0.5992643660279008, 0.7575915600062515, 0.45602358892118633, 0.3592809794666738, 0.4466063823415862, 0.49573262594051437, 0.5394115555790923, 0.45165196559968346, 0.5793887229867893, 0.4536361046434466, 0.5396303891063592, 0.4396631178113053, 0.45357345240846214, 0.5390444237703695, 0.6606157420030709, 0.6558339356764541, 0.5680954353571382, 0.5318160293598597, 0.514748176932529, 0.448334085685011, 0.48802064839764503, 0.43591338775144783, 0.4059496765695737, 0.3994679661761902, 0.45574987731439764, 0.6009678677798929, 0.5643019683552191, 0.5398613302067767, 0.4692193683703588, 0.5138520563506545, 0.5104769731041807, 0.3569448041687556, 0.5660855581025759, 0.36637691826528107, 0.4869393402863259, 0.46842253416013946, 0.46211275118545103, 0.38180136460683944, 0.45842015215613086, 0.6495009121927885, 0.4855220990913337, 0.5226741226000374, 0.4256851188725548, 0.4853850714747575, 0.4573040891979746, 0.4687805096221118, 0.3234252453604949, 0.45498128348879896, 0.39182389213560864, 0.41774501800846564, 0.4626050725313293], [0.7237118026847031, 1.0, 0.6614311767104216, 0.8480468781822978, 0.4507052213432461, 0.7326764113249694, 0.5784059058764242, 0.4816585683361073, 0.7005691329216315, 0.4994828164450553, 0.6943609606835421, 0.6272732359460307, 0.41067572942943453, 0.442511284115205, 0.49289942751068305, 0.7516998002915611, 0.4660968885611576, 0.4749775434119873, 0.47298750459115424, 0.46013071708143516, 0.4379398890047945, 0.49360801572251967, 0.5752220034666777, 0.44109942912750155, 0.5571009326404077, 0.45505995125498677, 0.48466747808109234, 0.49355927884680606, 0.5160344074835722, 0.41493996613098505, 0.45694771784426735, 0.45394466445772164, 0.4921420184283972, 0.42228835324109426, 0.4077076538313963, 0.4949534461465822, 0.39810080456211694, 0.39664681598326956, 0.32532496622522245, 0.45988308153358837, 0.4328423039796323, 0.4563793664823199, 0.37052324431739425, 0.4796393875886076, 0.47150271033245517, 0.4839680243932216, 0.4524408187073946, 0.46494974967031255, 0.5843196378372242, 0.47348189913765815, 0.5884141974556512, 0.37776463778884517, 0.4828791756602997, 0.4398872000210957, 0.4509205124543626, 0.5275786264806213, 0.478783891645136, 0.45875749142710354, 0.5513279184980021, 0.4284196623051708], [0.5923039484378675, 0.6614311767104216, 1.0, 0.70751682371606, 0.6117263025543814, 0.5747436121099716, 0.5693159596025864, 0.5014356932954834, 0.8283446054432018, 0.6930917612844614, 0.673035032615492, 0.4226595034158236, 0.6397915547728097, 0.43391521211527406, 0.41658091535003916, 0.8112223011675712, 0.5123558938104831, 0.6996201969284537, 0.552744211720448, 0.3808626222711713, 0.43196180126531947, 0.4592606202817988, 0.4255969773782834, 0.3741961062538094, 0.567094724558725, 0.36773061067836754, 0.39628575188388326, 0.4461916330725262, 0.4202535675784137, 0.2717639522949994, 0.5030553178762256, 0.42882557708138813, 0.48560281019690466, 0.8296060782783027, 0.6745638143388664, 0.41413914754746695, 0.6817430387655634, 0.7517353138781202, 0.546097710480988, 0.6673662005126142, 0.7002613331559238, 0.4156149649524997, 0.6626869069947516, 0.832374088594969, 0.3921807092495553, 0.45047224571609235, 0.8533134957040914, 0.465402223817306, 0.581034633028866, 0.5202002467293196, 0.45908865044393, 0.6979719371739427, 0.5456450041673286, 0.49418276023088137, 0.553184403855792, 0.39671979099077437, 0.4961672630425602, 0.5185154894802859, 0.5244294663006357, 0.6603070980951203], [0.7789351156914868, 0.8480468781822978, 0.70751682371606, 1.0, 0.434237425339262, 0.8094706036072106, 0.5549428902489915, 0.46803754506254514, 0.8557642155700688, 0.6240971893164105, 0.7248751214465511, 0.6452418998550998, 0.4520343248129487, 0.4231849737070691, 0.4772842890363237, 0.8164891193149135, 0.4766282066581159, 0.45831176650141314, 0.5436438082269891, 0.5399869702615966, 0.5281374644463723, 0.4946920445804256, 0.437655021536258, 0.5125872660450249, 0.5110419160416502, 0.42092587486623867, 0.4479963246689991, 0.42420101706380464, 0.38125016857949934, 0.4512113417543815, 0.4077227133145048, 0.4235893365051613, 0.41640905798477, 0.5567806602310822, 0.5481405166781113, 0.5945122209218954, 0.5505301712320045, 0.5054159806003639, 0.43287418284219115, 0.4969876220489935, 0.5649016173485508, 0.553264829442519, 0.5095649616097, 0.6155389660133509, 0.45761817339979727, 0.45571754310434764, 0.5718843642561526, 0.4538305520529706, 0.49562656524512727, 0.47280705893835584, 0.4873203297402636, 0.4678276175442313, 0.4871492749141494, 0.4858337689085247, 0.47935473549494234, 0.3367155848922271, 0.4691572907826381, 0.4515676480658566, 0.6022787186722185, 0.422085362767179], [0.540101261540499, 0.4507052213432461, 0.6117263025543814, 0.434237425339262, 1.0, 0.5339257827223569, 0.9426643799741221, 0.8460979673711723, 0.628298793634609, 0.8660573593863362, 0.6148438417752998, 0.39862085700086014, 0.8328942150937408, 0.7477372196985325, 0.44953999685065293, 0.5340994807971402, 0.4775659914842474, 0.915440981133362, 0.4772463810780433, 0.5161644994713137, 0.41860694242407825, 0.4382163316085853, 0.43387477441246636, 0.4171206372645474, 0.4390328151727937, 0.43841619030259193, 0.48627638170256937, 0.4392682424705261, 0.43488570853370745, 0.45361385871641535, 0.4061750940207024, 0.4322775039563266, 0.4469270945328524, 0.49638381489024286, 0.8036369896426978, 0.46106055787701083, 0.551905625129635, 0.4828496381480002, 0.4872175657718987, 0.6425790717697026, 0.43868748907783217, 0.3583018856181466, 0.5931102317657992, 0.548063933702827, 0.49008204646073683, 0.48019448893335515, 0.5519879930730325, 0.4688074988369808, 0.5048597197831408, 0.44457546751171995, 0.461561772251484, 0.5825659117910458, 0.4859113525093409, 0.5662239025238223, 0.5459340761922076, 0.5059738578182097, 0.49738647500397937, 0.4780407870867093, 0.40227576597323167, 0.5558421485110002], [0.6438812123708706, 0.7326764113249694, 0.5747436121099716, 0.8094706036072106, 0.5339257827223569, 1.0, 0.6100713220450821, 0.4209516017240923, 0.7725519096249207, 0.667490291788855, 0.7911569017514495, 0.668216373626955, 0.5771647688727338, 0.5124908274916156, 0.48032992784216333, 0.7204789981263825, 0.4439937854267464, 0.5619670009215629, 0.29408641323030593, 0.6243427640402721, 0.554112524742732, 0.4568934791093312, 0.4582983159071826, 0.4265091808830812, 0.40565615231614394, 0.40016702842572993, 0.47152016566640476, 0.5114821497822049, 0.5123452300591524, 0.6457909928928736, 0.39590513021941764, 0.470030219177624, 0.2730800625291996, 0.44308205668622413, 0.4052237007036408, 0.5459525983333746, 0.42420341698513764, 0.43492792651961676, 0.46237743683887245, 0.4140706305666565, 0.5009350324689268, 0.47510368844747597, 0.39972880406057243, 0.48263457056734105, 0.43896277005153495, 0.4505992332966616, 0.4745707156455343, 0.4387930657411765, 0.5513501256526258, 0.4510079826051998, 0.4548075287075699, 0.41628177834029145, 0.4373995539852742, 0.44665595290129556, 0.4723615857998186, 0.4905727942199185, 0.46922257146343205, 0.5904379285945993, 0.5114790767472088, 0.4893460681646823], [0.6178234968738919, 0.5784059058764242, 0.5693159596025864, 0.5549428902489915, 0.9426643799741221, 0.6100713220450821, 1.0, 0.8915337797601794, 0.6699304032853615, 0.8666548548801637, 0.6249776932914368, 0.454087040955512, 0.7793598910802524, 0.7652736280569283, 0.48049207488287715, 0.5758354683361678, 0.46072239469554044, 0.8639201031711315, 0.5189006133961499, 0.5635437519460298, 0.4394303500171154, 0.4510555544301462, 0.4217098656684193, 0.4268509263315545, 0.45942085549080025, 0.48093309395157147, 0.47388831992093206, 0.4472576699701969, 0.4402289174441385, 0.4769667715956123, 0.3680584355567762, 0.4365481925358049, 0.48053023004206397, 0.4272871544293373, 0.803922460644539, 0.5552725858424372, 0.5400136848052065, 0.44158860345924433, 0.4136557717811369, 0.6053279988372127, 0.42823991297823805, 0.4435210211675271, 0.5509587265062033, 0.5181457816616932, 0.42306459486089776, 0.4710634557021438, 0.47648094156152043, 0.4496779378257739, 0.5198341313724011, 0.429419341173946, 0.5090016573314178, 0.546299101023197, 0.41331767428649613, 0.4657946962128672, 0.49334455210419337, 0.5002435171670563, 0.4657733861243015, 0.4777596027530493, 0.47760122721713116, 0.44909504440650416], [0.554853377464005, 0.4816585683361073, 0.5014356932954834, 0.46803754506254514, 0.8460979673711723, 0.4209516017240923, 0.8915337797601794, 1.0, 0.586049487078192, 0.762642774450001, 0.5041016940022718, 0.4986277478955018, 0.6637428986440683, 0.6186489765294221, 0.5092908138199572, 0.47639516707274476, 0.5088471410564245, 0.7478433533779802, 0.6079520510755136, 0.5476649628680845, 0.42480639018858424, 0.46213570183594443, 0.4912596184461676, 0.48466461497919056, 0.4716390538084081, 0.5059555951541737, 0.4577344029623637, 0.482893580309795, 0.45277657554119155, 0.4449153325172992, 0.4960605787280711, 0.4592312500501371, 0.6504301493592541, 0.4520448021700092, 0.8388400534192232, 0.5689285098341381, 0.5339354073675199, 0.4475262979319048, 0.45802472757930457, 0.6039205501866337, 0.4134248543295864, 0.42231400736222446, 0.5424286056992244, 0.47483837976530285, 0.4697064109814104, 0.46137757904329824, 0.4460101030490754, 0.4806983133756767, 0.35829269675190856, 0.47217705236835505, 0.4792810929319725, 0.4688837820463706, 0.4665373165444473, 0.4271847657541269, 0.4394288783172968, 0.3939574357943467, 0.49851976495058936, 0.4872398948614657, 0.46263734183203653, 0.4072353767862723], [0.6266672244931738, 0.7005691329216315, 0.8283446054432018, 0.8557642155700688, 0.628298793634609, 0.7725519096249207, 0.6699304032853615, 0.586049487078192, 1.0, 0.8123057601074493, 0.6765239124840201, 0.6606439633903348, 0.6991621308373912, 0.5423949584326326, 0.4674130512758067, 0.9074127528968204, 0.48927096895504074, 0.646413130975227, 0.4995849342048685, 0.4746922060407994, 0.49638396801947815, 0.40848810583321604, 0.3809202404324393, 0.4834569563082206, 0.4578739234104926, 0.3693928524870763, 0.44405698901708357, 0.37601386189360053, 0.3684860432827699, 0.38843644020540613, 0.4398877601470118, 0.3852594242497551, 0.3964682937644023, 0.7356707778313416, 0.6602433132998594, 0.5546663281124817, 0.6955216571135625, 0.614302161966102, 0.5184967762335908, 0.5617112074370623, 0.7081564161152735, 0.442299826374537, 0.6776366124920938, 0.7192297754689312, 0.4090168196910088, 0.43440801670956497, 0.75237880806304, 0.4423011723592716, 0.4290660383583077, 0.47063198308918563, 0.4748035892834981, 0.6322028621696858, 0.5340179062506105, 0.4350568188363215, 0.4800504051343776, 0.37554965829298836, 0.4337789171676293, 0.5820442691253591, 0.5085498817049745, 0.5515143214319935], [0.5992643660279008, 0.4994828164450553, 0.6930917612844614, 0.6240971893164105, 0.8660573593863362, 0.667490291788855, 0.8666548548801637, 0.762642774450001, 0.8123057601074493, 1.0, 0.6255002978167477, 0.49295876225322444, 0.8414570504337402, 0.7676708901104623, 0.4568385858714267, 0.6858091182511703, 0.45684218606823024, 0.8278279269728525, 0.491000050783562, 0.5971052222245229, 0.4940181143266189, 0.4896141573456153, 0.4196789947781736, 0.49647092950617056, 0.5275592253633982, 0.3431262653223539, 0.4188069780994247, 0.3859315411360793, 0.3818280874603437, 0.4416193331999875, 0.44626877744535565, 0.35275820399492863, 0.43651744933030145, 0.6155285286237162, 0.8157310128573805, 0.5309932860402139, 0.7017369597317396, 0.559824973666195, 0.5687699593934795, 0.6461908773128155, 0.5813216251966767, 0.45355081796322894, 0.6830424187802847, 0.5955642046306213, 0.4251335552697264, 0.41363859470305664, 0.6318034789290394, 0.45536291573629617, 0.49834945211362924, 0.4321548174482337, 0.38618795029231057, 0.6842409210669764, 0.5038257850357057, 0.4203999834848692, 0.5222149461460044, 0.49100142439952255, 0.4490283240583992, 0.5161594354316227, 0.45077078439544205, 0.5302856897979711], [0.7575915600062515, 0.6943609606835421, 0.673035032615492, 0.7248751214465511, 0.6148438417752998, 0.7911569017514495, 0.6249776932914368, 0.5041016940022718, 0.6765239124840201, 0.6255002978167477, 1.0, 0.5258282431589314, 0.500361741507596, 0.36972557153643615, 0.4565464524491285, 0.6483197039891613, 0.45442480398428664, 0.7153880084554815, 0.36829843136965057, 0.4598919906197183, 0.39198785497633926, 0.45286431747820366, 0.4992430452705874, 0.4291389336198774, 0.4323227099423931, 0.4823963303816512, 0.5292632236454782, 0.5049223411385045, 0.5142600742979455, 0.550071771512934, 0.44632569309619297, 0.4321529333273191, 0.44462641272486847, 0.4860117914368338, 0.5655877924904906, 0.5116080266040355, 0.4776875497861196, 0.5380853929582536, 0.672018308286083, 0.5385090048916845, 0.3757704476609337, 0.5004949029284254, 0.3009340911389833, 0.5342769204948736, 0.4426145281768611, 0.47767967638621844, 0.5170220917789943, 0.4613250941222501, 0.6304934443925737, 0.485161912271894, 0.42165190223741256, 0.3803297385387757, 0.46464687388459247, 0.5398857331621566, 0.4908244757702225, 0.5201803864932439, 0.4565087147600747, 0.47100723139513256, 0.5077458820183851, 0.43871154177882177], [0.45602358892118633, 0.6272732359460307, 0.4226595034158236, 0.6452418998550998, 0.39862085700086014, 0.668216373626955, 0.454087040955512, 0.4986277478955018, 0.6606439633903348, 0.49295876225322444, 0.5258282431589314, 1.0, 0.5295625058376409, 0.444544593852235, 0.5126242541020701, 0.7159714278754425, 0.5012274301736619, 0.40795737725011316, 0.4452611254354798, 0.6289755668661586, 0.40437494756301995, 0.4686486940103186, 0.4719152763335074, 0.5392260166924594, 0.4413166367412469, 0.5483132155217081, 0.484788128316481, 0.5174580192795711, 0.4462385199248792, 0.4954520192261277, 0.568529169711725, 0.4489012979578042, 0.4994137114959716, 0.48318992416535056, 0.3595674100093994, 0.5570089488001768, 0.4231934581980602, 0.3900255670401822, 0.47803704865496177, 0.5065188237382002, 0.5487998934646849, 0.4296209985374837, 0.4788178916513003, 0.39112876191498636, 0.47290746630844727, 0.4692630732869213, 0.5081050022506037, 0.49342611408394266, 0.36769155136059706, 0.5045808031481105, 0.45772646284893226, 0.375910932242994, 0.46762805558436327, 0.47617202162292327, 0.47499838979278797, 0.5620211319622479, 0.4806554056208563, 0.4865209417807753, 0.39212744782022546, 0.47171129489181907], [0.3592809794666738, 0.41067572942943453, 0.6397915547728097, 0.4520343248129487, 0.8328942150937408, 0.5771647688727338, 0.7793598910802524, 0.6637428986440683, 0.6991621308373912, 0.8414570504337402, 0.500361741507596, 0.5295625058376409, 1.0, 0.7790780275033207, 0.40519809291444386, 0.6979398656181304, 0.5323616121786676, 0.7935526126799891, 0.528106605403312, 0.44382325814029244, 0.5036535599793905, 0.45526303929089706, 0.3946451125703012, 0.40834720965862015, 0.46642665324736676, 0.38535784212658697, 0.41034986705721355, 0.40548690261841036, 0.3708144909342095, 0.565337346800793, 0.47226949109013394, 0.4153988547386128, 0.4628148052384262, 0.6393373218456258, 0.7124167838325268, 0.5497732951640739, 0.6173343191288473, 0.559072143484135, 0.5240885189427216, 0.636304468574092, 0.6287986709764593, 0.4551181830575226, 0.73286351927267, 0.6177496200972146, 0.3940136194992907, 0.4791664051815421, 0.7134596013872665, 0.45469747684960127, 0.4682468388497091, 0.38178839590587055, 0.4574121164270053, 0.740400420201366, 0.4773148606348796, 0.49321028690042024, 0.5736234886447231, 0.6056751593682876, 0.5785548667813285, 0.4799693140766218, 0.4308327743776986, 0.6388451907951489], [0.4466063823415862, 0.442511284115205, 0.43391521211527406, 0.4231849737070691, 0.7477372196985325, 0.5124908274916156, 0.7652736280569283, 0.6186489765294221, 0.5423949584326326, 0.7676708901104623, 0.36972557153643615, 0.444544593852235, 0.7790780275033207, 1.0, 0.48829344937603547, 0.549743245621567, 0.47385674924851395, 0.6565532849144058, 0.53093166747036, 0.5291915876494306, 0.547981396114438, 0.4957619703034395, 0.4794570278608212, 0.48900594024515176, 0.5507471487795745, 0.47340057934039503, 0.46752024283851623, 0.46574071917775217, 0.36183802029290535, 0.47058190968793134, 0.3868949967437427, 0.4722466613955031, 0.3210663271598615, 0.45714311112304984, 0.6048999894507462, 0.598690628643338, 0.6123104654072177, 0.4218346791113554, 0.44967960548739905, 0.42685937317528255, 0.5772830004824802, 0.4828104897650336, 0.7293596587115183, 0.43044014364848593, 0.4752236809100193, 0.47695819443086596, 0.4730500244659418, 0.4759483411679024, 0.6262631165699163, 0.4611088678895764, 0.4801201276208661, 0.6826915618133912, 0.45997564050815687, 0.4893461622725176, 0.45259025627501503, 0.6534155533376494, 0.47531038963579986, 0.4802982209325307, 0.4631088767353726, 0.4233223623206004], [0.49573262594051437, 0.49289942751068305, 0.41658091535003916, 0.4772842890363237, 0.44953999685065293, 0.48032992784216333, 0.48049207488287715, 0.5092908138199572, 0.4674130512758067, 0.4568385858714267, 0.4565464524491285, 0.5126242541020701, 0.40519809291444386, 0.48829344937603547, 1.0, 0.44654569317817583, 0.48771656479317504, 0.45454580506990183, 0.47760674529707736, 0.5190463851952802, 0.46850226416859, 0.4843483152303968, 0.4878872553752708, 0.49058567405025666, 0.46573613564023, 0.491422638879093, 0.48997229099749173, 0.4845097555956388, 0.5244151758108351, 0.5141219181385728, 0.47967090959459213, 0.4722401521423867, 0.4918058035890235, 0.44483918861176663, 0.4271422880263527, 0.4338915164752377, 0.45129838617364515, 0.43262114062963497, 0.4689940245369907, 0.3789465870772991, 0.46445067848371324, 0.48956287393570663, 0.45003361340827985, 0.4856185791892529, 0.4917105450741054, 0.48897620295731126, 0.4164431041478426, 0.49219764228901874, 0.5358409881028073, 0.49349742413705733, 0.48319067720307385, 0.428493498464533, 0.48528385509158467, 0.48034309121471164, 0.4836837921722802, 0.48475561716560434, 0.4821892751876887, 0.517431175968581, 0.5313089293698956, 0.47880280470423076], [0.5394115555790923, 0.7516998002915611, 0.8112223011675712, 0.8164891193149135, 0.5340994807971402, 0.7204789981263825, 0.5758354683361678, 0.47639516707274476, 0.9074127528968204, 0.6858091182511703, 0.6483197039891613, 0.7159714278754425, 0.6979398656181304, 0.549743245621567, 0.44654569317817583, 1.0, 0.5028011441071472, 0.6058780855671972, 0.5159879150500222, 0.40047870151134535, 0.5159866182443935, 0.386442125098853, 0.4039515033862012, 0.3904763269302478, 0.508626227683579, 0.44897161001624364, 0.3726852762078452, 0.39230878562543703, 0.37197113704107654, 0.37417213583085673, 0.5321366136844367, 0.4514105400521379, 0.41964964643132785, 0.7360411653335833, 0.575862730196093, 0.5818829212043332, 0.6654693462904011, 0.6066758109454552, 0.4898876346574723, 0.5483724885764784, 0.7358981421716952, 0.4323324923900682, 0.6720935564264168, 0.6816434872084868, 0.41546165547720626, 0.47092272651500056, 0.7905975806446925, 0.4628483960270753, 0.5415467346020653, 0.4016458939060469, 0.4428301410274952, 0.6355467308444611, 0.5180511839891704, 0.4561087847401283, 0.5403812231220884, 0.4960883027053383, 0.438739307751156, 0.5026459037568225, 0.5019035464204806, 0.4935879047601336], [0.45165196559968346, 0.4660968885611576, 0.5123558938104831, 0.4766282066581159, 0.4775659914842474, 0.4439937854267464, 0.46072239469554044, 0.5088471410564245, 0.48927096895504074, 0.45684218606823024, 0.45442480398428664, 0.5012274301736619, 0.5323616121786676, 0.47385674924851395, 0.48771656479317504, 0.5028011441071472, 1.0, 0.46314282041991317, 0.4742422652812439, 0.48052042324624755, 0.45600194459298404, 0.5064417504961689, 0.48705568725884996, 0.48642752277392753, 0.4975647228016665, 0.49389190181871634, 0.4985219521797887, 0.47909118030498554, 0.48590073753603913, 0.48448594417317525, 0.4619637864708698, 0.46597736801060763, 0.4855395337553895, 0.47405833418871546, 0.4283417774570478, 0.46259950009326056, 0.4229907458177329, 0.43555502485662945, 0.4780197868467857, 0.5471762618329727, 0.48011907889686845, 0.48063641817258784, 0.4761604292121915, 0.4087980323658513, 0.5099787413775108, 0.49523068705052187, 0.47915290738150607, 0.4994846122900152, 0.48865390334835, 0.5008566711251505, 0.4897083421667757, 0.4743596179648447, 0.48823271133407786, 0.48158201067009065, 0.48845582883139194, 0.47068027453361183, 0.4762541919221771, 0.4863678549572431, 0.4657048483729652, 0.5088971449819275], [0.5793887229867893, 0.4749775434119873, 0.6996201969284537, 0.45831176650141314, 0.915440981133362, 0.5619670009215629, 0.8639201031711315, 0.7478433533779802, 0.646413130975227, 0.8278279269728525, 0.7153880084554815, 0.40795737725011316, 0.7935526126799891, 0.6565532849144058, 0.45454580506990183, 0.6058780855671972, 0.46314282041991317, 1.0, 0.3920902410447996, 0.45636529172327767, 0.44800403279476986, 0.40465230217604886, 0.36581406636099556, 0.44995135386252616, 0.44933282124261387, 0.48915464301938294, 0.41606690684388103, 0.4507322934746848, 0.5103296454267487, 0.43233205557329923, 0.39825726830714747, 0.49577415966045246, 0.5042759449236794, 0.6326387260842927, 0.7944926543769454, 0.4188955375746074, 0.6636197177460643, 0.6357915873417502, 0.5270697398055296, 0.7154131953764546, 0.5172408017623504, 0.40480423652596564, 0.5349445026544142, 0.6142548726577679, 0.4234849252310575, 0.45822204036137193, 0.6420716950433443, 0.43173093953321706, 0.6362136169800277, 0.44648663317711423, 0.3800027541891555, 0.6455051542021983, 0.4983015385580015, 0.49074984250290243, 0.5174347592178165, 0.5614382012300132, 0.4565166085674808, 0.4196172647118722, 0.39764447666083746, 0.5951278785844717], [0.4536361046434466, 0.47298750459115424, 0.552744211720448, 0.5436438082269891, 0.4772463810780433, 0.29408641323030593, 0.5189006133961499, 0.6079520510755136, 0.4995849342048685, 0.491000050783562, 0.36829843136965057, 0.4452611254354798, 0.528106605403312, 0.53093166747036, 0.47760674529707736, 0.5159879150500222, 0.4742422652812439, 0.3920902410447996, 1.0, 0.49434501603863135, 0.4255063188957223, 0.5088911607299169, 0.46032040665351814, 0.4441667703383696, 0.6474404566869606, 0.4797512497180273, 0.4551692294521872, 0.49686122588310333, 0.3470795564318817, 0.47459669395722937, 0.5847972931898548, 0.4096713950621188, 0.706494111004974, 0.5608166855034823, 0.6963432222696686, 0.6325891276334248, 0.5570719899964188, 0.6294312372068476, 0.5355393628359619, 0.6096029443357662, 0.5601889544481522, 0.674981184021118, 0.706406094657475, 0.6864700931065034, 0.4917500855079605, 0.46285405942384483, 0.6299598494097076, 0.4534353676587941, 0.3885592493893525, 0.47788252376946116, 0.6450967294839952, 0.6300670566558912, 0.43247296191933704, 0.6494087431239154, 0.43038564622401476, 0.458912953861472, 0.5189933890874229, 0.4386470122195104, 0.7418944611943386, 0.44177485928664073], [0.5396303891063592, 0.46013071708143516, 0.3808626222711713, 0.5399869702615966, 0.5161644994713137, 0.6243427640402721, 0.5635437519460298, 0.5476649628680845, 0.4746922060407994, 0.5971052222245229, 0.4598919906197183, 0.6289755668661586, 0.44382325814029244, 0.5291915876494306, 0.5190463851952802, 0.40047870151134535, 0.48052042324624755, 0.45636529172327767, 0.49434501603863135, 1.0, 0.4627327661389087, 0.4783751517240521, 0.49851616025597656, 0.4536282890362713, 0.5063781575915803, 0.5069784318334702, 0.49274137057947576, 0.49408157416598597, 0.49464872462475573, 0.4637926153138814, 0.4586323642360849, 0.46253526247167565, 0.45262601890840315, 0.386983228558886, 0.4588493374520417, 0.41379696267282196, 0.3978033325653656, 0.433391010204369, 0.47906722434576277, 0.5643200160097879, 0.4561341332076647, 0.5236909355174157, 0.44861814337378203, 0.40054689734960514, 0.4683212563088015, 0.47214297403494654, 0.3727495129626207, 0.48004908566821525, 0.4820817685374932, 0.48380397667446473, 0.5104545891244163, 0.4356527099827847, 0.4654540705240422, 0.481802235253705, 0.49098964633413067, 0.5018382022372894, 0.4741371161960146, 0.48093930481025315, 0.5090741148289575, 0.5043512092133027], [0.4396631178113053, 0.4379398890047945, 0.43196180126531947, 0.5281374644463723, 0.41860694242407825, 0.554112524742732, 0.4394303500171154, 0.42480639018858424, 0.49638396801947815, 0.4940181143266189, 0.39198785497633926, 0.40437494756301995, 0.5036535599793905, 0.547981396114438, 0.46850226416859, 0.5159866182443935, 0.45600194459298404, 0.44800403279476986, 0.4255063188957223, 0.4627327661389087, 1.0, 0.42755897297593903, 0.5518477397370525, 0.541199164987069, 0.4188262816207654, 0.4347031156140503, 0.5046554895516453, 0.4300389145001081, 0.7185771039372831, 0.6060189981598403, 0.5666394864374246, 0.6089074272609082, 0.465609448233842, 0.5763868688701808, 0.5940320460905778, 0.4801052466144413, 0.6811698589312261, 0.6810270885765631, 0.39496642529463866, 0.49414184893954327, 0.7122816136858702, 0.4503632649685535, 0.6627013966938303, 0.583147927429243, 0.4712058321071597, 0.4697516756782605, 0.5737218767281029, 0.46605843729864027, 0.5448857156094921, 0.4472881861984652, 0.4204544826358436, 0.7147142935275288, 0.45431758711341774, 0.4603508416963612, 0.49161200342571765, 0.3724430712009654, 0.49115197413454204, 0.41037718027942316, 0.47679698655233715, 0.3801198830261905], [0.45357345240846214, 0.49360801572251967, 0.4592606202817988, 0.4946920445804256, 0.4382163316085853, 0.4568934791093312, 0.4510555544301462, 0.46213570183594443, 0.40848810583321604, 0.4896141573456153, 0.45286431747820366, 0.4686486940103186, 0.45526303929089706, 0.4957619703034395, 0.4843483152303968, 0.386442125098853, 0.5064417504961689, 0.40465230217604886, 0.5088911607299169, 0.4783751517240521, 0.42755897297593903, 1.0, 0.49112839935538466, 0.5383498144253487, 0.5031298916190696, 0.4883225477551538, 0.5084113653379116, 0.5174391666226734, 0.4915483891187852, 0.5030029302432788, 0.5180897568766341, 0.49556524676111, 0.545033197181584, 0.4242711026981584, 0.44799538499045943, 0.539752174520588, 0.41865495203095326, 0.4085123995957938, 0.5190021575802459, 0.5655895931992856, 0.4700075472342995, 0.4414294476895154, 0.5207036808993302, 0.4689889106405071, 0.5037502914727194, 0.47108837114684843, 0.42256827461555846, 0.5070428526855622, 0.5166937828920124, 0.49348652546375127, 0.46082803463475797, 0.468454669599773, 0.48389634655301117, 0.4921649625614227, 0.5022863955818191, 0.4671077144406104, 0.4863191289117653, 0.5017180295635078, 0.48240967614741637, 0.49015781551076265], [0.5390444237703695, 0.5752220034666777, 0.4255969773782834, 0.437655021536258, 0.43387477441246636, 0.4582983159071826, 0.4217098656684193, 0.4912596184461676, 0.3809202404324393, 0.4196789947781736, 0.4992430452705874, 0.4719152763335074, 0.3946451125703012, 0.4794570278608212, 0.4878872553752708, 0.4039515033862012, 0.48705568725884996, 0.36581406636099556, 0.46032040665351814, 0.49851616025597656, 0.5518477397370525, 0.49112839935538466, 1.0, 0.47902116181160115, 0.4717413780914844, 0.5294198356297595, 0.5471161483278526, 0.5290975083571758, 0.5010776997183433, 0.5181419685309048, 0.559195855258007, 0.4763532067524896, 0.5366210556627936, 0.41040005883843456, 0.4232491890617679, 0.5853874278937092, 0.4311430955688115, 0.3887091663243495, 0.5440398048243541, 0.38779736968321066, 0.41701312044056793, 0.4729140657981975, 0.44860042403116074, 0.3252578352014931, 0.4761909641423383, 0.47585707007563416, 0.3442236018449696, 0.4815656857439161, 0.4796503210172184, 0.5233518661500862, 0.4908254471841229, 0.3947570914821318, 0.46993917377021865, 0.5028318123883448, 0.49444960589699605, 0.5382429548991307, 0.4885127594062525, 0.49174896985413497, 0.4804942096639898, 0.4790571937560114], [0.6606157420030709, 0.44109942912750155, 0.3741961062538094, 0.5125872660450249, 0.4171206372645474, 0.4265091808830812, 0.4268509263315545, 0.48466461497919056, 0.4834569563082206, 0.49647092950617056, 0.4291389336198774, 0.5392260166924594, 0.40834720965862015, 0.48900594024515176, 0.49058567405025666, 0.3904763269302478, 0.48642752277392753, 0.44995135386252616, 0.4441667703383696, 0.4536282890362713, 0.541199164987069, 0.5383498144253487, 0.47902116181160115, 1.0, 0.5829738435177017, 0.4868387960381728, 0.4716770856245569, 0.5139431798652563, 0.5835668101342433, 0.4891818082923942, 0.4488994190783254, 0.4601927608357387, 0.5136110134363041, 0.47011976781197296, 0.5129756055511421, 0.4734403373694924, 0.6306311851622128, 0.46476190541250484, 0.5146697991435527, 0.5364095477814075, 0.43490414870442884, 0.5673999316146132, 0.46169350408902354, 0.43716164735609264, 0.4796956755137398, 0.48615806233305847, 0.3930814216243962, 0.498925114985757, 0.39966989680079923, 0.48736299922088566, 0.4987009294406114, 0.49887323886301826, 0.5298871494936226, 0.5365885160632015, 0.476786471073533, 0.4751810144488604, 0.4907757129592609, 0.5121095572837904, 0.4526384213354029, 0.5052081453241475], [0.6558339356764541, 0.5571009326404077, 0.567094724558725, 0.5110419160416502, 0.4390328151727937, 0.40565615231614394, 0.45942085549080025, 0.4716390538084081, 0.4578739234104926, 0.5275592253633982, 0.4323227099423931, 0.4413166367412469, 0.46642665324736676, 0.5507471487795745, 0.46573613564023, 0.508626227683579, 0.4975647228016665, 0.44933282124261387, 0.6474404566869606, 0.5063781575915803, 0.4188262816207654, 0.5031298916190696, 0.4717413780914844, 0.5829738435177017, 1.0, 0.4708435466222507, 0.4991260299713004, 0.5086597288537091, 0.47658534099017713, 0.4885137152980895, 0.7595342495885061, 0.4412933035319905, 0.5338311105340353, 0.48017695762845425, 0.5340743212552619, 0.5028248313861037, 0.4721007355842963, 0.5026584657996372, 0.4496914958808037, 0.5405054653516086, 0.38785293988483005, 0.5373802284507518, 0.48183388394993854, 0.4514685498453709, 0.4754876510480214, 0.4758955926821481, 0.49526492082284224, 0.491979320424789, 0.5916389972821701, 0.4758467281818276, 0.4479944554716151, 0.5438817022794935, 0.47221857125101463, 0.46243369912551435, 0.479586308686619, 0.5039276421303194, 0.4879292402597527, 0.5092066752526851, 0.4722629648477519, 0.5224477441821441], [0.5680954353571382, 0.45505995125498677, 0.36773061067836754, 0.42092587486623867, 0.43841619030259193, 0.40016702842572993, 0.48093309395157147, 0.5059555951541737, 0.3693928524870763, 0.3431262653223539, 0.4823963303816512, 0.5483132155217081, 0.38535784212658697, 0.47340057934039503, 0.491422638879093, 0.44897161001624364, 0.49389190181871634, 0.48915464301938294, 0.4797512497180273, 0.5069784318334702, 0.4347031156140503, 0.4883225477551538, 0.5294198356297595, 0.4868387960381728, 0.4708435466222507, 1.0, 0.5220240640730904, 0.4837865639630333, 0.5107787042508318, 0.496070582704349, 0.4668904578510227, 0.45819811653712994, 0.5412496284992299, 0.463832932960485, 0.4377522520234054, 0.7439871309198681, 0.5454904122116548, 0.4694050732473093, 0.44716117389109045, 0.43337309235057464, 0.49113896418240344, 0.5782170640591366, 0.40424092245541265, 0.45954924353239135, 0.4817489579248707, 0.512733145814013, 0.4148874135263608, 0.4793498322466063, 0.6819935445037695, 0.4708174633415001, 0.4980060353489676, 0.4463892859109536, 0.4892942058183707, 0.49997232779231393, 0.472744150953727, 0.4956117230463387, 0.4922726235192336, 0.5411130368260069, 0.5307495288451767, 0.4881164810705103], [0.5318160293598597, 0.48466747808109234, 0.39628575188388326, 0.4479963246689991, 0.48627638170256937, 0.47152016566640476, 0.47388831992093206, 0.4577344029623637, 0.44405698901708357, 0.4188069780994247, 0.5292632236454782, 0.484788128316481, 0.41034986705721355, 0.46752024283851623, 0.48997229099749173, 0.3726852762078452, 0.4985219521797887, 0.41606690684388103, 0.4551692294521872, 0.49274137057947576, 0.5046554895516453, 0.5084113653379116, 0.5471161483278526, 0.4716770856245569, 0.4991260299713004, 0.5220240640730904, 1.0, 0.5267816320193817, 0.5469045804795138, 0.5240475534243205, 0.5087293791549699, 0.47142044305039854, 0.5030960178174163, 0.4209318071066508, 0.4264259721069291, 0.48645061916496235, 0.4113723011308945, 0.4687316103561312, 0.48432318968267896, 0.4173367926592456, 0.42908054345351276, 0.5223473556858842, 0.45006279270501115, 0.3861329613744018, 0.4837518103485723, 0.4958060937618509, 0.4202613429129649, 0.4878394649721143, 0.4466519439107879, 0.5079115930530074, 0.5176452154464222, 0.46294178840426803, 0.49378068529401176, 0.4955303160416259, 0.4822157659880192, 0.5098153055541619, 0.48378020877007455, 0.49414229569796553, 0.43977545759827097, 0.47029419348897405], [0.514748176932529, 0.49355927884680606, 0.4461916330725262, 0.42420101706380464, 0.4392682424705261, 0.5114821497822049, 0.4472576699701969, 0.482893580309795, 0.37601386189360053, 0.3859315411360793, 0.5049223411385045, 0.5174580192795711, 0.40548690261841036, 0.46574071917775217, 0.4845097555956388, 0.39230878562543703, 0.47909118030498554, 0.4507322934746848, 0.49686122588310333, 0.49408157416598597, 0.4300389145001081, 0.5174391666226734, 0.5290975083571758, 0.5139431798652563, 0.5086597288537091, 0.4837865639630333, 0.5267816320193817, 1.0, 0.5303815806795913, 0.5330727610395503, 0.4719665897193315, 0.4607061005475305, 0.47914310528361825, 0.4454670540843638, 0.3836572970670734, 0.5572556191011292, 0.41667242374239555, 0.5060158589047845, 0.4726050969473399, 0.4098841957028786, 0.4897068971499934, 0.5434514007479334, 0.4864063778130443, 0.4287567515308841, 0.4771150757271586, 0.5004250987273207, 0.4412915131979559, 0.5119905710414274, 0.5414337134282776, 0.5134890749549531, 0.489786737016473, 0.43666400041733866, 0.5125013098436999, 0.5073458659733079, 0.4997821820232383, 0.4956349068968049, 0.47498009676949327, 0.507043698484732, 0.4707780945575135, 0.4556025621636466], [0.448334085685011, 0.5160344074835722, 0.4202535675784137, 0.38125016857949934, 0.43488570853370745, 0.5123452300591524, 0.4402289174441385, 0.45277657554119155, 0.3684860432827699, 0.3818280874603437, 0.5142600742979455, 0.4462385199248792, 0.3708144909342095, 0.36183802029290535, 0.5244151758108351, 0.37197113704107654, 0.48590073753603913, 0.5103296454267487, 0.3470795564318817, 0.49464872462475573, 0.7185771039372831, 0.4915483891187852, 0.5010776997183433, 0.5835668101342433, 0.47658534099017713, 0.5107787042508318, 0.5469045804795138, 0.5303815806795913, 1.0, 0.5409569513420595, 0.651659411947813, 0.47715819492198275, 0.6016857550908455, 0.41828727099314367, 0.45064549674478993, 0.27232285513515364, 0.5114885175340097, 0.6401160499146864, 0.4290171037475391, 0.5978267937072239, 0.4904373527309893, 0.35296091499669946, 0.38829829658032233, 0.5438797102716594, 0.4992813456887075, 0.47834373968726607, 0.47639142403903856, 0.4583858505016044, 0.6106457868293383, 0.4756025902317015, 0.5540213609970784, 0.5523975111544328, 0.4481647064410922, 0.4956556777612343, 0.4569463040892868, 0.53236800468677, 0.48503943613522793, 0.5702201045644146, 0.475447736456588, 0.4291720228496565], [0.48802064839764503, 0.41493996613098505, 0.2717639522949994, 0.4512113417543815, 0.45361385871641535, 0.6457909928928736, 0.4769667715956123, 0.4449153325172992, 0.38843644020540613, 0.4416193331999875, 0.550071771512934, 0.4954520192261277, 0.565337346800793, 0.47058190968793134, 0.5141219181385728, 0.37417213583085673, 0.48448594417317525, 0.43233205557329923, 0.47459669395722937, 0.4637926153138814, 0.6060189981598403, 0.5030029302432788, 0.5181419685309048, 0.4891818082923942, 0.4885137152980895, 0.496070582704349, 0.5240475534243205, 0.5330727610395503, 0.5409569513420595, 1.0, 0.5776883376671598, 0.48317665133139476, 0.5152861242758776, 0.3197449450226907, 0.43710532958532067, 0.660056943057671, 0.3373785732023764, 0.43618306464332013, 0.4818475201377319, 0.44356948153787845, 0.3420242720782626, 0.6339886061517341, 0.3686326155911801, 0.39903661924584566, 0.48462959543668316, 0.5107497304253326, 0.36116245254893253, 0.48711502758649194, 0.4480360977915473, 0.48864619004588694, 0.5425542059273923, 0.44287395440724264, 0.46750975976532017, 0.49354958915078984, 0.4534135753276358, 0.5017367927753646, 0.4844888347878029, 0.47376574811793815, 0.495746010278331, 0.5315266020157157], [0.43591338775144783, 0.45694771784426735, 0.5030553178762256, 0.4077227133145048, 0.4061750940207024, 0.39590513021941764, 0.3680584355567762, 0.4960605787280711, 0.4398877601470118, 0.44626877744535565, 0.44632569309619297, 0.568529169711725, 0.47226949109013394, 0.3868949967437427, 0.47967090959459213, 0.5321366136844367, 0.4619637864708698, 0.39825726830714747, 0.5847972931898548, 0.4586323642360849, 0.5666394864374246, 0.5180897568766341, 0.559195855258007, 0.4488994190783254, 0.7595342495885061, 0.4668904578510227, 0.5087293791549699, 0.4719665897193315, 0.651659411947813, 0.5776883376671598, 1.0, 0.47117563165923104, 0.5938708023781349, 0.4961195906426714, 0.5469874818373387, 0.4684507150711352, 0.44665482453229255, 0.5841446292269279, 0.5796225326070541, 0.5852091296423934, 0.4697545892314845, 0.31777465366540514, 0.5429445090584841, 0.5186690210620168, 0.5032568199985895, 0.480288272743682, 0.5731268087732428, 0.48939061706878895, 0.4902264725909813, 0.48237391644173, 0.4793631967932752, 0.5376369088709616, 0.52720330654924, 0.49522431146070967, 0.5304923224346741, 0.4279122003995952, 0.4540956400782573, 0.5243061867552071, 0.34659503902391253, 0.41406729979647694], [0.4059496765695737, 0.45394466445772164, 0.42882557708138813, 0.4235893365051613, 0.4322775039563266, 0.470030219177624, 0.4365481925358049, 0.4592312500501371, 0.3852594242497551, 0.35275820399492863, 0.4321529333273191, 0.4489012979578042, 0.4153988547386128, 0.4722466613955031, 0.4722401521423867, 0.4514105400521379, 0.46597736801060763, 0.49577415966045246, 0.4096713950621188, 0.46253526247167565, 0.6089074272609082, 0.49556524676111, 0.4763532067524896, 0.4601927608357387, 0.4412933035319905, 0.45819811653712994, 0.47142044305039854, 0.4607061005475305, 0.47715819492198275, 0.48317665133139476, 0.47117563165923104, 1.0, 0.42866585588187867, 0.5187422431872438, 0.4591683695882589, 0.4225350447521692, 0.3992000061416131, 0.45795729175428057, 0.4406342782100634, 0.43763531004218303, 0.48900020412448664, 0.4247646547963393, 0.4272112825221921, 0.387485174959307, 0.463092164294456, 0.46426519116797393, 0.3987919685096448, 0.4665956339974595, 0.4525401981248498, 0.46197320741132397, 0.44603029865954646, 0.3947426519917605, 0.4564532150320433, 0.44683704203551844, 0.44871905757340524, 0.4673657699918652, 0.4566752814642989, 0.4457089369058832, 0.4343928861684425, 0.4530512099697329], [0.3994679661761902, 0.4921420184283972, 0.48560281019690466, 0.41640905798477, 0.4469270945328524, 0.2730800625291996, 0.48053023004206397, 0.6504301493592541, 0.3964682937644023, 0.43651744933030145, 0.44462641272486847, 0.4994137114959716, 0.4628148052384262, 0.3210663271598615, 0.4918058035890235, 0.41964964643132785, 0.4855395337553895, 0.5042759449236794, 0.706494111004974, 0.45262601890840315, 0.465609448233842, 0.545033197181584, 0.5366210556627936, 0.5136110134363041, 0.5338311105340353, 0.5412496284992299, 0.5030960178174163, 0.47914310528361825, 0.6016857550908455, 0.5152861242758776, 0.5938708023781349, 0.42866585588187867, 1.0, 0.5573362451737298, 0.6347351809573756, 0.5144875013742475, 0.5668219582078895, 0.6382536227688936, 0.47188017473047605, 0.7207351465919846, 0.4733050904907141, 0.672956893584517, 0.431583718309399, 0.5347533489933282, 0.47805808950121054, 0.4607740642840481, 0.5616259741196614, 0.5020646666984027, 0.359249023469175, 0.4749730527842181, 0.47891061325847417, 0.5354309435288924, 0.5063530424512763, 0.4315634427534826, 0.4521059233854803, 0.6100634318043892, 0.48523172352996935, 0.41200696631270173, 0.6790972280209276, 0.5351999464324746], [0.45574987731439764, 0.42228835324109426, 0.8296060782783027, 0.5567806602310822, 0.49638381489024286, 0.44308205668622413, 0.4272871544293373, 0.4520448021700092, 0.7356707778313416, 0.6155285286237162, 0.4860117914368338, 0.48318992416535056, 0.6393373218456258, 0.45714311112304984, 0.44483918861176663, 0.7360411653335833, 0.47405833418871546, 0.6326387260842927, 0.5608166855034823, 0.386983228558886, 0.5763868688701808, 0.4242711026981584, 0.41040005883