"[[0.000411522633896901, 0.1582604837022069, 0.000411522633896901, 0.000411522633896901, 0.000411522633896901, 0.000411522633896901, 0.000411522633896901, 0.000411522633896901, 0.000411522633896901, 0.0004115226338970199, 0.000411522633896901, 0.000411522633896901, 0.0004115226338969016, 0.000411522633896901, 0.08154147149910541, 0.0004115226338971889, 0.7155504104244523, 0.00041152263389691347, 0.000411522633896901, 0.000411522633896901, 0.00041152263389747856, 0.000411522633896901, 0.000411522633896901, 0.000411522633896901, 0.000411522633896901, 0.03394804589291503, 0.000411522633896901, 0.000411522633896901, 0.0004115226338969027, 0.000411522633896901], [0.00041152263394201384, 0.0962152182408836, 0.00041152263394201384, 0.00041152263394201384, 0.00041152263394201384, 0.00041152263394201384, 0.00041152263394201384, 0.00041152263394201384, 0.00041152263394201384, 0.010095840907072372, 0.00041152263394256836, 0.00041152263394201384, 0.0004115226339424458, 0.00041152263394201384, 0.014515383285843201, 0.0004115226339420185, 0.857013354406819, 0.00041152263394201384, 0.00041152263394201384, 0.00041152263394201384, 0.00041152263394203135, 0.00041152263394201384, 0.00041152263394201384, 0.00041152263394201384, 0.00041152263394201384, 0.011872137310830711, 0.00041152263394201384, 0.00041152263394201384, 0.00041152263394201384, 0.00041152263394201384], [0.00041152263550335, 0.11036550508202958, 0.0004115226355378305, 0.00041152263550335, 0.00041152263550335, 0.00041152263550335, 0.00041152263550335, 0.00041152263550335, 0.00041152263550335, 0.00041152263550335, 0.00041152263550335, 0.00041152263550335, 0.000411522636059566, 0.00041152263550335, 0.0004115226355033502, 0.00041152263550335, 0.8531292118555741, 0.00041152263550335, 0.00041152263550335, 0.00041152263550335, 0.00041152263550335, 0.00041152263550335, 0.00041152263550335, 0.00041152263550335, 0.00041152263550335, 0.02539417190321541, 0.00041152263550335, 0.00041152263550335, 0.00041152263550335, 0.00041152263550335], [0.000411522634335162, 0.15352025848515982, 0.00041152263433528254, 0.000411522634335223, 0.000411522634335162, 0.0004115226343351621, 0.000411522634335162, 0.000411522634335162, 0.000411522634335162, 0.03326537585710305, 0.0004115226343352508, 0.000411522634335162, 0.00041152263433587234, 0.000411522634335162, 0.00041152263440881833, 0.0004115226343381114, 0.7732965920680318, 0.000411522634335162, 0.000411522634335162, 0.000411522634335162, 0.00041152263433914127, 0.000411522634335162, 0.0004115226343351752, 0.000411522634335162, 0.000411522634335162, 0.02921818509690972, 0.000411522634335162, 0.000411522634335162, 0.000411522634335162, 0.000411522634335162], [0.00041152264583127344, 0.13380106017783142, 0.00041152264583127344, 0.00041152264583253035, 0.00041152264583127344, 0.00041152264583133827, 0.00041152264583127344, 0.00041152264583127344, 0.00041152264583127344, 0.0004115226461292497, 0.00041152264583128005, 0.00041152264583127344, 0.00041152264593416737, 0.00041152264583127344, 0.0036307987581410007, 0.00041152264583127344, 0.7945612355165153, 0.00041152264583127344, 0.00041152264583127344, 0.00041152264583127344, 0.023404505112201233, 0.00041152264583127344, 0.00041152264583127344, 0.00041152264583127344, 0.00041152264583127344, 0.03431433428912587, 0.00041152264583127344, 0.00041152264583127344, 0.00041152264583264035, 0.00041152264583127344], [0.0004115226342789396, 0.17065169957158113, 0.00041152263427954365, 0.0004115226342790576, 0.0004115226342789396, 0.0004115226342789396, 0.0004115226342789396, 0.02245394619326521, 0.0004115226342789396, 0.01184946847491206, 0.00041152263427893997, 0.0004115226342789396, 0.0004115226342789656, 0.0004115226342789396, 0.02773069237564806, 0.0004115226342789396, 0.7164388569732908, 0.00041152263427924495, 0.0004115226342789396, 0.0004115226342789396, 0.0057024215591595295, 0.0004115226342789396, 0.0004115226342789603, 0.0004115226342789396, 0.0004115226342789396, 0.0357078942637266, 0.0004115226342789396, 0.0004115226342789396, 0.00041152263427894213, 0.0004115226342789396], [0.0004115227620506538, 0.13683116156326364, 0.0004115227620508078, 0.0004115227620506538, 0.0004115227620506538, 0.0004115227620506538, 0.0004115227620506538, 0.0004115227620506538, 0.0004115227620506538, 0.006072142569274566, 0.00041152276205478456, 0.0004115227620506538, 0.00041152276409779344, 0.0004115227620506538, 0.01365163918313659, 0.0004115227620506538, 0.8031922987184719, 0.0004115227621738614, 0.0004115227620506538, 0.0004115227620506538, 0.00041152276268029245, 0.0004115227620506538, 0.0004115227620506572, 0.0004115227620506538, 0.0004115227620506538, 0.0235635492021476, 0.0004115227620506538, 0.006812662471686017, 0.0004115227620506538, 0.0004115227620506538], [0.0004115226338968636, 0.1909564984963558, 0.00041152263389687693, 0.0004115226338968636, 0.0004115226338968636, 0.0004115226338968636, 0.0004115226338968636, 0.0004115226338968636, 0.0004115226338968636, 0.00041152263394250395, 0.0004115226338968636, 0.0004115226338968636, 0.00041152263389687113, 0.0004115226338968636, 0.06648508830815017, 0.0004115226338968636, 0.6882355414002392, 0.0004115226338968636, 0.0004115226338968636, 0.0004115226338968636, 0.00041152263389706894, 0.0004115226338968636, 0.0004115226338968636, 0.0004115226338968636, 0.0004115226338968636, 0.04362328331389038, 0.0004115226338968636, 0.0004115226338968636, 0.0004115226338968636, 0.0004115226338968636], [0.00041152263839274334, 0.17277161587448775, 0.00041152263840044616, 0.00041152263839274334, 0.00041152263839274334, 0.00041152263839274334, 0.00041152263839274334, 0.00041152263839274334, 0.00041152263839274334, 0.00041152263839317556, 0.0004115226383927503, 0.00041152263839274334, 0.000411522638404099, 0.00041152263839274334, 0.008129110818797266, 0.00041152263839274334, 0.7657072673685987, 0.00041152263839275657, 0.00041152263839274334, 0.00041152263839274334, 0.01738491887949883, 0.00041152263839274334, 0.00041152263839274334, 0.00041152263839274334, 0.00041152263839274334, 0.025719021098779438, 0.00041152263839274334, 0.00041152263839274334, 0.00041152263839274334, 0.00041152263839274334], [0.00041152263506465776, 0.13870089771762406, 0.00041152263506465776, 0.00041152263506465776, 0.00041152263506465776, 0.00041152263506465776, 0.00041152263506465776, 0.00041152263506465776, 0.00041152263506465776, 0.00041152263506976137, 0.00041152263506465776, 0.00041152263506465776, 0.0004115226350683441, 0.00041152263506465776, 0.004732470511040404, 0.00041152263506872156, 0.7721783774401468, 0.00041152263506465776, 0.00041152263506465776, 0.00041152263506465776, 0.00041152263506465776, 0.00041152263506465776, 0.00041152263506585824, 0.00041152263506465776, 0.00041152263506465776, 0.07368866581949368, 0.00041152263506465776, 0.00041152263506465776, 0.00041152263506465776, 0.00041152263506465776], [0.0004115226342330678, 0.1497778340816102, 0.03311892391355551, 0.0004115226342330678, 0.0004115226342330678, 0.0004115226342330678, 0.0004115226342330678, 0.00041152263423313806, 0.0004115226342330678, 0.010900461543745188, 0.00041152263423307724, 0.0004115226342330678, 0.0004115226342330687, 0.0004115226342330678, 0.031285124098901426, 0.00041152263423307073, 0.735523682463957, 0.00041152263423475515, 0.0004115226342330678, 0.0004115226342330678, 0.0004115226342557171, 0.0004115226342330678, 0.00041152263423325277, 0.0004115226342330678, 0.0004115226342330678, 0.029517430676611195, 0.0004115226342330678, 0.0004115226342330678, 0.00041152263423442235, 0.0004115226342330678], [0.0004115226339678998, 0.18801958956018935, 0.0004115226339678998, 0.0004115226339678998, 0.0004115226339678998, 0.0004115226339678998, 0.0004115226339678998, 0.0004115226339678998, 0.0004115226339678998, 0.00041152263397688905, 0.0004115226339679071, 0.0004115226339678998, 0.0004115226339681787, 0.0004115226339678998, 0.07703472536251658, 0.0004115226339678998, 0.6991399472423201, 0.00041152263396843883, 0.0004115226339678998, 0.0004115226339678998, 0.0004115226339678998, 0.0004115226339678998, 0.0004115226339678998, 0.0004115226339678998, 0.0004115226339678998, 0.02510614935179887, 0.0004115226339678998, 0.0004115226339678998, 0.0004115226339679017, 0.0004115226339678998], [0.0004115226490110437, 0.1245658310320339, 0.00041152264901196504, 0.0004115226490110437, 0.0004115226490110437, 0.0004115226490110437, 0.0004115226490110437, 0.0004115226490110437, 0.0004115226490110437, 0.000411522649011055, 0.0004115226490110437, 0.0004115226490110437, 0.003155537292746501, 0.0004115226490110437, 0.0004115226492367022, 0.00041152264904092885, 0.8341899236731852, 0.0004115226490110437, 0.0004115226490110437, 0.0004115226490110437, 0.0004115226490110437, 0.0004115226490110437, 0.0004115226490110437, 0.0004115226490110437, 0.0004115226490110437, 0.02738911912749082, 0.0004115226490110437, 0.0004115226490110437, 0.0004115226490110437, 0.0004115226490110437], [0.0004115226337978483, 0.08356406410564944, 0.0004115226337978483, 0.0004115226337978483, 0.0004115226337978483, 0.0004115226337978483, 0.0004115226337978483, 0.0004115226337978483, 0.0004115226337978483, 0.0004115226337978483, 0.0004115226337978483, 0.0004115226337978483, 0.00041152263381048814, 0.0004115226337978483, 0.0004115226337989152, 0.0004115226337978483, 0.881250750704209, 0.0004115226337978483, 0.0004115226337978483, 0.0004115226337978483, 0.0004115226337978483, 0.0004115226337978483, 0.0004115226337978483, 0.0004115226337978483, 0.0004115226337978483, 0.024074074077586157, 0.0004115226337978483, 0.0004115226337978483, 0.0004115226337978483, 0.0004115226337978483], [0.0004115226337615333, 0.26064632026161855, 0.0004115226337615408, 0.0004115226337615339, 0.0004115226337615333, 0.0004115226337615333, 0.0004115226337615333, 0.0004115226337615333, 0.0004115226337615333, 0.00041152263376954167, 0.00041152263376153343, 0.0004115226337615333, 0.00041152263376159983, 0.0004115226337615333, 0.045488001924538085, 0.11852980610328176, 0.5383967163987637, 0.0004115226337615474, 0.0004115226337615333, 0.0004115226337615333, 0.00041152263376153495, 0.00041152263376153354, 0.00041152263376154286, 0.0004115226337615333, 0.0004115226337615333, 0.02665108946775139, 0.0004115226337615333, 0.0004115226337615333, 0.00041152263376153473, 0.0004115226337615333], [0.0004115230133952917, 0.14563820535040561, 0.00041152301339848047, 0.00041152301371631715, 0.0004115230133952917, 0.0004115230133952917, 0.0004115230133952917, 0.00041152301359047495, 0.0004115230133952917, 0.003155186082845965, 0.0004115230133982538, 0.0004115230133952917, 0.0031551096712051693, 0.0004115230133952917, 0.005339598885944175, 0.0004115230133953683, 0.7907319828299278, 0.0051026003972024616, 0.0004115230133952917, 0.0004115230133952917, 0.017227996392248264, 0.0004115230133953274, 0.0004115230133952917, 0.0004115230133952917, 0.0004115230133952917, 0.02059581409500178, 0.0004115230133952917, 0.0004115230133953221, 0.0004115230133953047, 0.0004115230133952917], [0.00041152263375916537, 0.15338436770805064, 0.00041152263375916564, 0.00041152263375916537, 0.00041152263375916537, 0.00041152263375917095, 0.00041152263375916537, 0.00041152263375916537, 0.00041152263375916537, 0.000411522633759341, 0.00041152263375916564, 0.00041152263375916537, 0.15429328752615354, 0.00041152263375916537, 0.0004115226337610051, 0.00041152263375917323, 0.6132871011938016, 0.00041152263375916537, 0.00041152263375916537, 0.00041152263375916537, 0.00041152263375920776, 0.00041152263375916537, 0.0004115226337591701, 0.00041152263375916537, 0.00041152263375916537, 0.0683356550942538, 0.00041152263375916537, 0.00041152263375916537, 0.0004115226337591655, 0.00041152263375916537], [0.00041152266306018265, 0.12054410022886974, 0.0004115226630607457, 0.00041152266306018265, 0.00041152266306018265, 0.00041152266306018265, 0.00041152266306018265, 0.00041152266306018265, 0.00041152266306018265, 0.00041152266431680095, 0.00041152266306182874, 0.00041152266306018265, 0.00041152266310597724, 0.00041152266306018265, 0.00041152266406225413, 0.0004115226630923035, 0.8094056653612268, 0.00041152266406055144, 0.00041152266306018265, 0.00041152266306018265, 0.000411522663944896, 0.00041152266306018265, 0.00041152266306018265, 0.00041152266306018265, 0.00041152266306018265, 0.05893912250305469, 0.00041152266306018265, 0.00041152266306018265, 0.00041152266306018265, 0.00041152266306018265], [0.00041152263424347387, 0.1620335901017634, 0.034774915059545046, 0.00041152263424347387, 0.00041152263424347387, 0.00041152263424347387, 0.00041152263424347387, 0.00041152263424347387, 0.00041152263424347387, 0.00041152263426437, 0.00041152263424347387, 0.00041152263424347387, 0.0004115226342446204, 0.00041152263424347387, 0.00041152263438916603, 0.0004115226342446198, 0.7488505329394792, 0.00041152263424365195, 0.00041152263424347387, 0.00041152263424347387, 0.004819413328423691, 0.00041152263424348287, 0.00041152263424347387, 0.00041152263424347387, 0.00041152263424347387, 0.03923348271453297, 0.00041152263424347387, 0.00041152263424347387, 0.0004115226342434777, 0.00041152263424347387], [0.00041152263380267874, 0.2185015896662942, 0.00041152263380291054, 0.00041152263380267874, 0.00041152263380267874, 0.00041152263380267874, 0.00041152263380267874, 0.00041152263380267874, 0.00041152263380267874, 0.000411522633821017, 0.00041152263380267944, 0.00041152263380267874, 0.0004115226338029294, 0.00041152263380267874, 0.02758026995002627, 0.0004115226338036432, 0.6515321629639665, 0.00041152263380268123, 0.00041152263380267874, 0.00041152263380267874, 0.0004115226338035858, 0.00041152263380267874, 0.04846071135670549, 0.00041152263380267874, 0.00041152263380267874, 0.04363720021791986, 0.00041152263380267874, 0.00041152263380267874, 0.0004115226338028293, 0.00041152263380267874], [0.0004115226503816495, 0.09894059224667791, 0.0004115226505451979, 0.0004115226503816495, 0.0004115226503816495, 0.0004115226503816495, 0.0004115226503816495, 0.0004115226503816495, 0.0004115226503816495, 0.000411522650382749, 0.0004115226503816495, 0.0004115226503816495, 0.00041152265038182814, 0.0004115226503816495, 0.00041152265882457524, 0.0004115226503816495, 0.8744476094990019, 0.0004115226503816495, 0.0004115226503816495, 0.0004115226503816495, 0.00041152265038429394, 0.0004115226503816495, 0.0004115226503816495, 0.0004115226503816495, 0.0004115226503816495, 0.015500686685405394, 0.0004115226503816495, 0.0004115226503816495, 0.0004115226503816495, 0.0004115226503816495], [0.00041152263376565285, 0.18121900241191305, 0.00041152263376565285, 0.0004115226337656549, 0.00041152263376565285, 0.00041152263376565285, 0.00041152263376565285, 0.00041152263376565285, 0.00041152263376565285, 0.0004115226337656529, 0.00041152263376565285, 0.00041152263376565285, 0.00041152263376591686, 0.00041152263376565285, 0.0004115226337677542, 0.00041152263376565285, 0.6591139948479785, 0.0004115226337662735, 0.00041152263376565285, 0.00041152263376565285, 0.06072425206808774, 0.00041152263376565285, 0.00041152263376565285, 0.00041152263376565285, 0.00041152263376565285, 0.08824316219411091, 0.00041152263376565285, 0.00041152263376565285, 0.00041152263376565285, 0.00041152263376565285], [0.00041152263379594405, 0.2192555122206585, 0.00041152263379601946, 0.00041152263379594443, 0.00041152263379594405, 0.00041152263379594405, 0.00041152263379594405, 0.00041152263379594405, 0.00041152263379594405, 0.00041152263380558185, 0.0004115226337959442, 0.00041152263379594405, 0.07557431628148925, 0.00041152263379594405, 0.025150697123616162, 0.00041152263379602624, 0.6322333951026351, 0.0004115226337959458, 0.00041152263379594405, 0.00041152263379594405, 0.00041152263379694895, 0.0004115226337959455, 0.0004115226337960377, 0.00041152263379594405, 0.00041152263379594405, 0.03749801342669163, 0.00041152263379594405, 0.00041152263379594405, 0.00041152263379595365, 0.00041152263379594405], [0.0004115226337560927, 0.17544455145437057, 0.0004115226337560927, 0.0004115226337560927, 0.0004115226337560927, 0.0004115226337560927, 0.0004115226337560927, 0.0004115226337560927, 0.0004115226337560927, 0.0004115226337560927, 0.0004115226337560927, 0.0004115226337560927, 0.0004115226337560927, 0.0004115226337560927, 0.00041152263375644456, 0.0004115226337560927, 0.651304414468887, 0.0004115226337560927, 0.0004115226337560927, 0.0004115226337560927, 0.0004115226337560927, 0.0004115226337560927, 0.0004115226337560927, 0.0004115226337560927, 0.0004115226337560927, 0.16213992296532748, 0.0004115226337560927, 0.0004115226337560927, 0.0004115226337560927, 0.0004115226337560927], [0.0004115226337916169, 0.2367331258971155, 0.000411522633792073, 0.0004115226337916169, 0.0004115226337916169, 0.0004115226337916169, 0.0004115226337916169, 0.00041152263379162025, 0.0004115226337916169, 0.0004115226337916169, 0.000411522633791621, 0.0004115226337916169, 0.0004115226337916169, 0.0004115226337916169, 0.0004115226338100192, 0.0004115226337916169, 0.6702629367567268, 0.038681481333962105, 0.0004115226337916169, 0.0004115226337916169, 0.00041152263379244555, 0.0004115226337916183, 0.0004115226337916169, 0.0004115226337916169, 0.0004115226337916169, 0.04362286753359414, 0.0004115226337916169, 0.0004115226337916169, 0.0004115226337916175, 0.0004115226337916169], [0.00041152263377791757, 0.188233314043141, 0.0004115226337780235, 0.00041152263377791854, 0.00041152263377791757, 0.00041152263377791757, 0.00041152263377791757, 0.00041152263377791757, 0.00041152263377791757, 0.057697847733478365, 0.00041152263377791757, 0.00041152263377791757, 0.0004115226337787399, 0.00041152263377791757, 0.017774075618933582, 0.000411522633777918, 0.6718630247717087, 0.00041152263377791757, 0.00041152263377791757, 0.00041152263377791757, 0.00041152263377791757, 0.00041152263377791757, 0.0004115226337779545, 0.00041152263377791757, 0.00041152263377791757, 0.05414367198828944, 0.00041152263377791757, 0.00041152263377791757, 0.00041152263377791757, 0.00041152263377791757], [0.0004115226337735753, 0.25348059665515055, 0.05666113193240198, 0.0004115226337735753, 0.0004115226337735753, 0.0004115226337735753, 0.0004115226337735753, 0.00041152263377357664, 0.0004115226337735753, 0.0004115226337981201, 0.00041152263377357615, 0.0004115226337735753, 0.0004115226337736122, 0.0004115226337735753, 0.04424159828154506, 0.00041152263377382964, 0.5937652987307368, 0.0004115226337739425, 0.0004115226337735753, 0.0004115226337735753, 0.0004115226337736547, 0.0004115226337735753, 0.0004115226337736265, 0.0004115226337735753, 0.0004115226337735753, 0.04156330855580091, 0.0004115226337735753, 0.0004115226337735753, 0.0004115226337735753, 0.0004115226337735753], [0.00041152263379971203, 0.21502239600495718, 0.0004115226337997954, 0.00041152263379971203, 0.00041152263379971203, 0.00041152263379971203, 0.00041152263379971203, 0.00041152263379971203, 0.00041152263379971203, 0.011473246372241822, 0.00041152263379971203, 0.00041152263379971203, 0.032143239139419286, 0.00041152263379971203, 0.026490222504707207, 0.0004115226337997395, 0.6043721435245415, 0.00041152263379971203, 0.00041152263379971203, 0.00041152263379971203, 0.00041152263379972586, 0.00041152263379971203, 0.0004115226337997132, 0.00041152263379971203, 0.00041152263379971203, 0.10062220924293976, 0.00041152263379971203, 0.00041152263379971203, 0.0004115226337997128, 0.00041152263379971203], [0.00041152263387713475, 0.19716541541548052, 0.0004115226338772737, 0.00041152263387714906, 0.00041152263387713475, 0.00041152263387713475, 0.00041152263387713475, 0.00041152263387713475, 0.00041152263387713475, 0.00925667612840978, 0.00041152263387714846, 0.00041152263387713475, 0.00041152263387734606, 0.00041152263387713475, 0.012768695739623977, 0.00041152263387741686, 0.6822672955548142, 0.0004115226338772044, 0.00041152263387713475, 0.00041152263387713475, 0.03877960637331032, 0.00041152263387713475, 0.0004115226338772982, 0.00041152263387713475, 0.00041152263387713475, 0.049885767575309055, 0.00041152263387713475, 0.00041152263387713475, 0.00041152263387713594, 0.00041152263387713475], [0.0004115226338092809, 0.07205948161650297, 0.0004115226338092809, 0.0004115226338092809, 0.0004115226338092809, 0.0004115226338092809, 0.0004115226338092809, 0.0004115226338092809, 0.0004115226338092809, 0.0004115226338132734, 0.0004115226338092809, 0.0004115226338092809, 0.0004115226338093441, 0.0004115226338092809, 0.000411522633828442, 0.0004115226338092809, 0.9096838784536979, 0.0004115226338092809, 0.0004115226338092809, 0.0004115226338092809, 0.0004115226338092809, 0.0004115226338092809, 0.0004115226338092809, 0.0004115226338092809, 0.0004115226338092809, 0.007145528816925478, 0.0004115226338092809, 0.0004115226338092809, 0.0004115226338092809, 0.0004115226338092809], [0.0004115226338572439, 0.17303708771896667, 0.0004115226338572445, 0.00041152263385728496, 0.0004115226338572439, 0.0004115226338572439, 0.0004115226338572439, 0.0004115226338572439, 0.0004115226338572439, 0.0004115226338576586, 0.0004115226338572492, 0.0004115226338572439, 0.0004115226338627948, 0.0004115226338572439, 0.01277062508920012, 0.0004115226338575532, 0.7470611128045167, 0.0004115226338572462, 0.0004115226338572439, 0.0004115226338572439, 0.0004115226338580017, 0.0004115226338572439, 0.00041152263385724907, 0.0004115226338572439, 0.0004115226338572439, 0.030728693789935795, 0.0004115226338572439, 0.0004115226338572439, 0.02611441475094266, 0.0004115226338572439], [0.0004115226507613017, 0.21452427502097687, 0.0004115226507613017, 0.0004115226507613017, 0.0004115226507613017, 0.0004115226507686764, 0.0004115226507613017, 0.0004115226507613017, 0.0004115226507613017, 0.00041152265077022687, 0.0004115226507613017, 0.0004115226507613017, 0.0004115226507702418, 0.0004115226507613017, 0.00041152265242902134, 0.0004115226507613017, 0.7579494424322244, 0.0004115226508172209, 0.0004115226507613017, 0.0004115226507613017, 0.0004115226525089271, 0.0004115226507613017, 0.0004115226507613017, 0.0004115226507613017, 0.0004115226507613017, 0.01641517097274685, 0.0004115226507613017, 0.0004115226507613017, 0.0004115226507613867, 0.0004115226507613017], [0.0004115226350687437, 0.11036234258778417, 0.0004115226350687437, 0.0004115226350687437, 0.0004115226350687437, 0.0004115226350687437, 0.0004115226350687437, 0.0004115226350687437, 0.0004115226350687437, 0.0004115226350687437, 0.0004115226350687437, 0.0004115226350687437, 0.0004115226350687481, 0.0004115226350687437, 0.005345978694960246, 0.0004115226350687437, 0.8546620505896213, 0.0004115226350689454, 0.0004115226350687437, 0.0004115226350687437, 0.0004115226350687437, 0.0004115226350687437, 0.0004115226350687437, 0.0004115226350687437, 0.0004115226350687437, 0.018930039615846876, 0.0004115226350687437, 0.0004115226350687437, 0.0004115226350687437, 0.0004115226350687437], [0.0004115227187413964, 0.13545107831670794, 0.0004115227187413964, 0.0004115227187413964, 0.0004115227187413964, 0.0004115227187413964, 0.0004115227187413964, 0.0004115227187413964, 0.0004115227187413964, 0.0004115227187413968, 0.0004115227187413964, 0.0004115227187413964, 0.00041152272478454265, 0.0004115227187413964, 0.01001343866088419, 0.0004115227187413964, 0.8054727670935891, 0.00041152271874386585, 0.0004115227187413964, 0.0004115227187413964, 0.0035646578087500467, 0.0004115227187413964, 0.00041152271874301627, 0.0004115227187413964, 0.0004115227187413964, 0.03520999014544254, 0.0004115227187413964, 0.0004115227187413964, 0.00041152271878562737, 0.0004115227187413964], [0.0004115226357821885, 0.14654085504931078, 0.0004115226357821885, 0.0004115226357821885, 0.0004115226357821885, 0.0004115226357821885, 0.0004115226357821885, 0.0004115226357821885, 0.0004115226357821885, 0.0004115226357821885, 0.0004115226357821885, 0.0004115226357821885, 0.0004115226357821885, 0.0004115226357821885, 0.00041152263610765076, 0.00041152263578229464, 0.7802081202093184, 0.0004115226357821885, 0.0004115226357821885, 0.0004115226357821885, 0.0004115226357824458, 0.0004115226357821885, 0.000411522635782996, 0.0004115226357821885, 0.0004115226357821885, 0.0621399135749251, 0.0004115226357821885, 0.0004115226357821885, 0.0004115226357821885, 0.0004115226357821885], [0.00041152263543544194, 0.10990580228423147, 0.00041152263543544194, 0.00041152263543562523, 0.00041152263543544194, 0.00041152263543544194, 0.00041152263543544194, 0.00041152263543544194, 0.00041152263543544194, 0.0004115226357246004, 0.0004115226354354421, 0.00041152263543544194, 0.00041152263543640087, 0.00041152263543544194, 0.02989832172639968, 0.00041152263543544194, 0.8316870713466042, 0.00041152263543544194, 0.00041152263543544194, 0.00041152263543544194, 0.00041152263543544194, 0.00041152263543544194, 0.00041152263543635793, 0.00041152263543544194, 0.00041152263543544194, 0.01780921612115203, 0.00041152263543544194, 0.00041152263543544194, 0.00041152263543544194, 0.00041152263543544194], [0.0004115226348466058, 0.13177982188069798, 0.0004115226348466248, 0.0004115226348466058, 0.0004115226348466058, 0.0004115226348466058, 0.0004115226348466058, 0.0004115226348466058, 0.0004115226348466058, 0.027262508281687168, 0.0004115226348466163, 0.0004115226348466058, 0.0004115226348489901, 0.0004115226348466058, 0.013488763539716559, 0.00041152263484923313, 0.7898983284699688, 0.00041152263484660757, 0.0004115226348466058, 0.0004115226348466058, 0.0025901719741576036, 0.0004115226348466058, 0.00041152263484679167, 0.0004115226348466058, 0.0004115226348466058, 0.025103862617448167, 0.0004115226348466058, 0.0004115226348466058, 0.000411522634846643, 0.0004115226348466058], [0.00041152263497043137, 0.11309331623690032, 0.00041152263497043137, 0.00041152263497043137, 0.00041152263497043137, 0.00041152263497043137, 0.00041152263497043137, 0.00041152263497043137, 0.00041152263497043137, 0.0004115226349704696, 0.00041152263497043137, 0.00041152263497043137, 0.0004115226349717952, 0.00041152263497043137, 0.0004115226349715847, 0.00041152263497849507, 0.8093346702361679, 0.00041152263497043137, 0.00041152263497043137, 0.00041152263497043137, 0.0004115226349722765, 0.00041152263497043137, 0.00041152263497043137, 0.00041152263497043137, 0.00041152263497043137, 0.06646090238271792, 0.00041152263497043137, 0.00041152263497043137, 0.00041152263497043137, 0.00041152263497043137], [0.00041152263391243035, 0.04519105370917904, 0.00041152263391243035, 0.00041152263391243035, 0.00041152263391243035, 0.00041152263391243035, 0.00041152263391243035, 0.00041152263391243035, 0.00041152263391243035, 0.00041152263391243035, 0.00041152263391243035, 0.00041152263391243035, 0.00041152263391243035, 0.00041152263391243035, 0.00041152263391243035, 0.00041152263391243035, 0.9340270532112317, 0.00041152263391243035, 0.00041152263391243035, 0.00041152263391243035, 0.00041152263391243035, 0.00041152263391243035, 0.00041152263391243035, 0.00041152263391243035, 0.00041152263391243035, 0.009670781963953674, 0.00041152263391243035, 0.00041152263391243035, 0.00041152263391243035, 0.00041152263391243035], [0.0004115226429349806, 0.24055062889375353, 0.000411522642950763, 0.0004115226429349806, 0.0004115226429349806, 0.0004115226429349806, 0.0004115226429349806, 0.0004115226429349806, 0.0004115226429349806, 0.0004115226429349806, 0.0004115226429349806, 0.0004115226429349806, 0.00041152264299810484, 0.0004115226429349806, 0.00041152264429352635, 0.00041152264312600313, 0.7281612879046934, 0.0004115226429349806, 0.0004115226429349806, 0.0004115226429349806, 0.0004115226429349806, 0.0004115226429349806, 0.00041152264294390547, 0.0004115226429349806, 0.0004115226429349806, 0.020176971840671083, 0.0004115226429349806, 0.0004115226429349806, 0.0004115226429349806, 0.0004115226429349806], [0.000411522635039112, 0.14385193763657214, 0.00041152263503918817, 0.00041152263503924124, 0.000411522635039112, 0.00041152263503911867, 0.000411522635039112, 0.000411522635039112, 0.000411522635039112, 0.0004115226350392403, 0.00041152263504101695, 0.000411522635039112, 0.00041152263504024456, 0.000411522635039112, 0.004269861203715799, 0.00041152263504119573, 0.7859867362872289, 0.0004115226350400371, 0.000411522635039112, 0.000411522635039112, 0.0004115226350392297, 0.02201286387196305, 0.000411522635039112, 0.000411522635039112, 0.000411522635039112, 0.03359053512453556, 0.000411522635039112, 0.000411522635039112, 0.0004115226350392663, 0.000411522635039112], [0.0004115226405663992, 0.1636462406578643, 0.000411522640578737, 0.0004115226405687679, 0.0004115226405663992, 0.0004115226405663992, 0.0004115226405663992, 0.0004115226405663992, 0.0004115226405663992, 0.009054796644820427, 0.0004115226405663992, 0.0004115226405663992, 0.00041152264056689954, 0.0004115226405663992, 0.0047039615112322115, 0.0004115226406427675, 0.7763892928053764, 0.00041152264056677757, 0.0004115226405663992, 0.0004115226405663992, 0.0004115226405774159, 0.0004115226405669959, 0.0004115226405666546, 0.0004115226405663992, 0.0004115226405663992, 0.03591764236644268, 0.0004115226405663992, 0.0004115226405663992, 0.00041152264056665353, 0.0004115226405663992], [0.0004115226347973601, 0.0900385727925314, 0.0004115226347973601, 0.0004115226347973601, 0.0004115226347973601, 0.0004115226347973601, 0.0004115226347973601, 0.0004115226347973601, 0.0004115226347973601, 0.0004115226347973601, 0.0004115226347973601, 0.0004115226347973601, 0.0004115226347973601, 0.0004115226347973601, 0.0004115226354231523, 0.0004115226348035442, 0.8780684229976414, 0.0004115226347973601, 0.0004115226347973601, 0.0004115226347973601, 0.00041152263479746323, 0.0004115226347973601, 0.0004115226347973601, 0.0004115226347973601, 0.0004115226347973601, 0.020781893069666532, 0.0004115226347973601, 0.0004115226347973601, 0.0004115226347975714, 0.0004115226347973601], [0.0004115226855705012, 0.18298256105713037, 0.00041152268557372745, 0.0004115226855705012, 0.0004115226855705012, 0.0004115226855705012, 0.0004115226855705012, 0.0004115226855705012, 0.0004115226855705012, 0.0004115226855943984, 0.00041152268557260443, 0.0004115226855705012, 0.005145609971024913, 0.0004115226855705012, 0.0053499642395928495, 0.0004115226857472593, 0.7529148465944808, 0.00041152268557077495, 0.0004115226855705012, 0.0004115226855705012, 0.017087886703386554, 0.000411522685571881, 0.00041152268557109175, 0.0004115226855705012, 0.0004115226855705012, 0.026642586980483635, 0.0004115226855705012, 0.0004115226855705012, 0.0004115226855711241, 0.0004115226855705012], [0.00041152263401131913, 0.137088433939336, 0.0004115226340113212, 0.039253930620954905, 0.00041152263401131913, 0.00041152263401131913, 0.00041152263401131913, 0.0004115226340113431, 0.00041152263401131913, 0.0004115226340122485, 0.0004115226340113301, 0.00041152263401131913, 0.0004115226340120231, 0.00041152263401131913, 0.010828181784730861, 0.00041152263401163393, 0.7792231024171045, 0.0004115226340113222, 0.00041152263401131913, 0.00041152263401131913, 0.000411522634021632, 0.000411522634011324, 0.00041152263401132136, 0.00041152263401131913, 0.00041152263401131913, 0.02331828538757831, 0.00041152263401131913, 0.00041152263401131913, 0.00041152263401150074, 0.00041152263401131913], [0.0004115226351363568, 0.17614219749890045, 0.00041152263513635767, 0.0004115226351363568, 0.0004115226351363568, 0.0004115226351363568, 0.0004115226351363568, 0.0004115226351363568, 0.0004115226351363568, 0.005595318816031071, 0.0004115226351363568, 0.0004115226351363568, 0.0004115226351557116, 0.0004115226351363568, 0.0315817972339063, 0.0030337484813732834, 0.7466982246306106, 0.0004115226351363568, 0.0004115226351363568, 0.0004115226351363568, 0.000411522635136718, 0.0004115226351363568, 0.00041152263513651255, 0.0004115226351363568, 0.0004115226351363568, 0.027072170095884997, 0.0004115226351363568, 0.0004115226351363568, 0.0004115226351371818, 0.0004115226351363568], [0.00041152264511383187, 0.1385984703729219, 0.00041152264511383187, 0.0004115226451310978, 0.00041152264511383187, 0.00041152264511383187, 0.00041152264511383187, 0.00041152264511383187, 0.00041152264511383187, 0.00041152264512077103, 0.0004115226451228431, 0.00041152264511383187, 0.004134438048172519, 0.00041152264511383187, 0.006782197097290426, 0.0004115226451234297, 0.7955611791805377, 0.019944299214107612, 0.00041152264511383187, 0.00041152264511383187, 0.0004115226451148361, 0.00041152264511832963, 0.0004115226451138961, 0.00041152264511383187, 0.00041152264511383187, 0.025102872604172637, 0.00041152264511383187, 0.00041152264511383187, 0.000411522645130777, 0.00041152264511383187], [0.0004115226344561386, 0.19433586514453044, 0.0004115226344561386, 0.0004115226344561841, 0.0004115226344561386, 0.0004115226344561409, 0.0004115226344561386, 0.0004115226344561386, 0.0004115226344561386, 0.009907712399433744, 0.0004115226344561533, 0.0004115226344561386, 0.002310994471871174, 0.0004115226344561386, 0.02890009638565161, 0.00041152263446373464, 0.7054728197538852, 0.0004115226344562746, 0.0004115226344561386, 0.0004115226344561386, 0.00041152263446358876, 0.00041152263445615005, 0.0004115226344563823, 0.0004115226344561386, 0.0004115226344561386, 0.02925470464999838, 0.0004115226344561386, 0.0004115226344561386, 0.020352786602122974, 0.0004115226344561386], [0.00041152263795671376, 0.13557961437657157, 0.00041152263795671376, 0.00041152263796459277, 0.00041152263795671376, 0.00041152263795671523, 0.00041152263795671376, 0.00041152263795681763, 0.00041152263795671376, 0.00041152263795985096, 0.0052126162608988665, 0.00041152263795671376, 0.0004115226379699585, 0.00041152263795671376, 0.007208413786753971, 0.00041152263795945625, 0.7685344550708316, 0.0004115226379567561, 0.00041152263795671376, 0.00041152263795671376, 0.00041152263795841287, 0.000411522637956721, 0.031958965564622445, 0.00041152263795671376, 0.00041152263795671376, 0.041629391629331686, 0.00041152263795671376, 0.00041152263795671376, 0.00041152263795671994, 0.00041152263795671376], [0.00041152263539372797, 0.16914483676339764, 0.0004115226353937564, 0.00041152263539373935, 0.00041152263539372797, 0.0004115226353937286, 0.00041152263539372797, 0.00041152263539372797, 0.00041152263539372797, 0.00041152263539372797, 0.00041152263539372797, 0.00041152263539372797, 0.0025773136984562355, 0.00041152263539372797, 0.00041152263576605736, 0.00041152263539592207, 0.7822953973021629, 0.00041152263539373865, 0.00041152263539372797, 0.00041152263539372797, 0.008410586239394299, 0.00041152263539372797, 0.00041152263539372797, 0.00041152263539372797, 0.00041152263539372797, 0.027283800111371173, 0.00041152263539372797, 0.00041152263539372797, 0.00041152263539372797, 0.00041152263539372797], [0.0004115226342731848, 0.1557757596994499, 0.0004115226342731864, 0.0004115226342731848, 0.0004115226342731848, 0.0004115226342731848, 0.0004115226342731848, 0.0004115226342731848, 0.0004115226342731848, 0.0004115226342731848, 0.0004115226342731855, 0.0004115226342731848, 0.00041152263427406463, 0.0004115226342731848, 0.04316597658677512, 0.00041152263427471396, 0.7710159522168027, 0.0004115226342731848, 0.0004115226342731848, 0.0004115226342731848, 0.0004115226342731848, 0.0004115226342731848, 0.0004115226342731848, 0.0004115226342731848, 0.0004115226342731848, 0.01934272300586697, 0.0004115226342731848, 0.0004115226342731848, 0.0004115226342731938, 0.0004115226342731848], [0.00041152265782692465, 0.18147391323792203, 0.00041152265782815815, 0.00041152265782692465, 0.00041152265782692465, 0.00041152265782692465, 0.00041152265782692465, 0.00041152265782692465, 0.00041152265782692465, 0.00041152265782692465, 0.00041152265782692465, 0.00041152265782692465, 0.00041152265782711005, 0.00041152265782692465, 0.00041152269966865043, 0.00041152265786740215, 0.7927378468713537, 0.0004115226578374993, 0.00041152265782692465, 0.00041152265782692465, 0.00041152265782956203, 0.00041152265782692465, 0.00041152265782692465, 0.00041152265782692465, 0.00041152265782692465, 0.014677128087500645, 0.00041152265782692465, 0.00041152265782692465, 0.00041152265782692465, 0.00041152265782692465], [0.00041152263402417956, 0.14318518234810887, 0.00041152263402417956, 0.00041152263402417956, 0.00041152263402417956, 0.00041152263402417956, 0.00041152263402417956, 0.00041152263402417956, 0.00041152263402417956, 0.00041152263402430695, 0.00041152263402417967, 0.00041152263402417956, 0.00041152263402865206, 0.00041152263402417956, 0.0423159276656007, 0.00041152263402496116, 0.773756458937017, 0.00041152263402445544, 0.00041152263402417956, 0.00041152263402417956, 0.0004115226340332206, 0.00041152263402417956, 0.00041152263402417956, 0.00041152263402417956, 0.00041152263402417956, 0.030042842564630155, 0.00041152263402417956, 0.00041152263402417956, 0.00041152263402417956, 0.00041152263402417956], [0.00041152263628608805, 0.12278130854974759, 0.0004115226362944571, 0.00041152263628608805, 0.00041152263628608805, 0.00041152263628608805, 0.00041152263628608805, 0.00041152263628608805, 0.00041152263628608805, 0.00041152263631351235, 0.0004115226362893405, 0.00041152263628608805, 0.00041152263631523655, 0.00041152263628608805, 0.00248152443396537, 0.0004115226362878538, 0.7858164621121263, 0.00041152263628664435, 0.00041152263628608805, 0.00041152263628608805, 0.00041152263628828, 0.00041152263628614367, 0.0004115226362860897, 0.00041152263628608805, 0.00041152263628608805, 0.03300783230351899, 0.00041152263628608805, 0.00041152263628608805, 0.04562480669341678, 0.00041152263628608805], [0.0004115226338756091, 0.08983665976874874, 0.0004115226338756091, 0.00041152263387561047, 0.0004115226338756091, 0.0004115226338756091, 0.0004115226338756091, 0.0004115226338756091, 0.0004115226338756091, 0.0004115226338756091, 0.0004115226338756091, 0.0004115226338756091, 0.007796346479013056, 0.0004115226338756091, 0.0004115226348794765, 0.0004115226338756091, 0.8344284021817306, 0.0004115226338756091, 0.0004115226338756091, 0.0004115226338756091, 0.005387151214817493, 0.0004115226338756091, 0.0004115226338756091, 0.0004115226338756091, 0.0004115226338756091, 0.052263374507796216, 0.0004115226338756091, 0.0004115226338756091, 0.00041152263387560917, 0.0004115226338756091], [0.00041152263519375875, 0.12973067511528727, 0.00041152263519375875, 0.00041152263519375875, 0.00041152263519375875, 0.00041152263519375875, 0.00041152263519375875, 0.00041152263519375875, 0.00041152263519375875, 0.0004115226352099717, 0.00041152263519375875, 0.00041152263519375875, 0.0004115226352378979, 0.00041152263519375875, 0.00041152263519375875, 0.00041152263519375875, 0.8448578021720139, 0.00041152263519375875, 0.00041152263519375875, 0.00041152263519375875, 0.00041152263519375875, 0.00041152263519375875, 0.00041152263519375875, 0.00041152263519375875, 0.00041152263519375875, 0.014300411562407222, 0.00041152263519375875, 0.00041152263519375875, 0.00041152263519375875, 0.00041152263519375875], [0.00041152263424457943, 0.1588080795455699, 0.00041152263424458084, 0.00041152263424458306, 0.00041152263424457943, 0.00041152263424457943, 0.00041152263424457943, 0.00041152263424457943, 0.00041152263424457943, 0.026695058017098622, 0.00041152263424457943, 0.00041152263424457943, 0.0004115226342450431, 0.00041152263424457943, 0.01438765668939957, 0.0004115226342445849, 0.7761805847159868, 0.0004115226342445798, 0.00041152263424457943, 0.00041152263424457943, 0.0004115226342445831, 0.00041152263424457943, 0.00041152263424457943, 0.00041152263424457943, 0.00041152263424457943, 0.013640555175830292, 0.00041152263424457943, 0.00041152263424457943, 0.0004115226342445898, 0.00041152263424457943], [0.00041152263583580696, 0.10708181499351672, 0.00041152263583580707, 0.00041152263583581195, 0.00041152263583580696, 0.00041152263583582024, 0.00041152263583580696, 0.00041152263583580696, 0.00041152263583580696, 0.01924470275186719, 0.000411522635835911, 0.00041152263583580696, 0.0004115226358516988, 0.00041152263583580696, 0.00041152263613137164, 0.000411522635837017, 0.7760976392576822, 0.00041152263583580696, 0.00041152263583580696, 0.00041152263583580696, 0.00041152263594084143, 0.00041152263583580696, 0.00041152263583582957, 0.000411522635