"[[0.81438531339899, 0.00041152263392345853, 0.00041152263392345853, 0.00041152263392345853, 0.010109830629059674, 0.00041152263393027714, 0.00041152263392345853, 0.00041152263392345853, 0.00041152263392345853, 0.00041152263392345853, 0.00041152263392345853, 0.00041152263392345853, 0.00041152263392345853, 0.00041152263392345853, 0.07639100621963207, 0.00041152263392345853, 0.00041152263392345853, 0.00041152263392345853, 0.00041152263392345853, 0.00041152263392345853, 0.00041152263392345853, 0.00041152263392345853, 0.00041152263392345853, 0.00041152263392345913, 0.00041152263392345853, 0.00041152263392345853, 0.00041152263392347745, 0.00041152263392345853, 0.08841426127030172, 0.00041152263392345853], [0.8029117724418758, 0.0004115226338855504, 0.0004115226338855504, 0.0004115226338855504, 0.0004115226339972459, 0.0004115226338855504, 0.0004115226338855504, 0.0004115226338855504, 0.0004115226338855504, 0.0004115226338855504, 0.0004115226338855504, 0.0004115226338855504, 0.0004115226338855504, 0.0004115226338855504, 0.0967002725769489, 0.0004115226338855504, 0.0004115226338855504, 0.0004115226338855504, 0.0004115226338855504, 0.0004115226338855504, 0.0004115226338855504, 0.00041152263388585136, 0.0004115226338855504, 0.0004115226338855504, 0.0004115226338855504, 0.0004115226338855504, 0.0004115226338855504, 0.0004115226338855504, 0.08927684386615369, 0.0004115226338855504], [0.9183091763666961, 0.00041152264001976467, 0.00041152264001976467, 0.00041152264002309983, 0.0004115226618650509, 0.015842750275807605, 0.0004115226400199108, 0.00041152264001976467, 0.00041152264001976564, 0.00041152264001976467, 0.00041152264001976467, 0.0004115226400199096, 0.00041152264001976467, 0.00041152264001976467, 0.01584447705470088, 0.00041152264001976467, 0.00041152264001976467, 0.00041152264001976467, 0.00041152264001976467, 0.0004115226400199027, 0.00041152264001976467, 0.00041152264001976467, 0.00041152264001976467, 0.00041152264001976467, 0.00041152264001976467, 0.00041152264001976467, 0.00041152264002064124, 0.00041152264001976467, 0.03930400764043189, 0.00041152264001976467], [0.8588352759885547, 0.000411522634533041, 0.000411522634533041, 0.000411522634533041, 0.005380447791661086, 0.01437263665381757, 0.000411522634533041, 0.000411522634533041, 0.000411522634533041, 0.000411522634533041, 0.000411522634533041, 0.0004115226345330412, 0.000411522634533041, 0.000411522634533041, 0.025102880718651972, 0.000411522634533041, 0.0004115226345330559, 0.000411522634533041, 0.000411522634533041, 0.00041152263454653315, 0.000411522634533041, 0.000411522634533041, 0.000411522634533041, 0.00041152263453393776, 0.000411522634533041, 0.000411522634533041, 0.00041152263453321834, 0.000411522634533041, 0.08602069298397413, 0.000411522634533041], [0.8861499064156706, 0.0004115226441978999, 0.0004115226441978999, 0.0004115226441979255, 0.00784663439820102, 0.00041152264763418954, 0.0004115226441978999, 0.0004115226441978999, 0.0004115226441978999, 0.0004115226441978999, 0.0004115226441978999, 0.0004115226441978999, 0.0004115226441978999, 0.0004115226441978999, 0.009536255702319592, 0.0004115226441978999, 0.00041152264419819657, 0.0004115226441978999, 0.0004115226441978999, 0.00041152264420660017, 0.0004115226441978999, 0.0004115226445888108, 0.0004115226441978999, 0.000411522644202323, 0.0004115226441978999, 0.0004115226441978999, 0.00041152264419868517, 0.0004115226441978999, 0.08576761473082191, 0.0004115226441978999], [0.801247547965582, 0.0004115226338759639, 0.0004115226338759639, 0.0004115226338765188, 0.0004115226338759639, 0.00041152263387598035, 0.0004115226338759639, 0.0004115226338759639, 0.0004115226338759639, 0.0004115226338759639, 0.0004115226338759639, 0.0004115226338759639, 0.0004115226338759639, 0.0004115226338759639, 0.09564701164092045, 0.0004115226338759639, 0.0004115226338759639, 0.0004115226338759639, 0.0004115226338759639, 0.0004115226338759639, 0.0004115226338759639, 0.0004115226338759639, 0.0004115226338759639, 0.0004115226338759639, 0.0004115226338759639, 0.0004115226338759639, 0.0004115226338759639, 0.0004115226338759639, 0.09199432927884636, 0.0004115226338759639], [0.8767747562150897, 0.00041152264557480156, 0.00041152264557480156, 0.00041152264557481533, 0.0063557383686476425, 0.00041152264557480156, 0.00041152264557480156, 0.00041152264557480156, 0.0004115226455754908, 0.00041152264557480156, 0.00041152264557480156, 0.00041152264557480205, 0.00041152264557480156, 0.00041152264557480156, 0.018257229820070307, 0.00041152264557480156, 0.00041152264557480156, 0.00041152264557480156, 0.00041152264557480156, 0.00041152264557480156, 0.00041152264557480156, 0.0004115226455868083, 0.00041152264557480156, 0.00041152264558470456, 0.00041152264557480156, 0.00041152264557480156, 0.00041152264557480156, 0.00041152264557480156, 0.08791268681122506, 0.00041152264557480156], [0.8213991775337999, 0.00041152263425312273, 0.0004115226342531021, 0.00041152263425311893, 0.00658436213954795, 0.0004115226342531056, 0.00041152263425310213, 0.0004115226342531021, 0.00041152263425314577, 0.0004115226342531021, 0.0004115226342531021, 0.000411522634253122, 0.0004115226342531021, 0.0004115226342531423, 0.03567565692508107, 0.0004115226342531021, 0.00041152263425336694, 0.0004115226342531021, 0.0004115226342531021, 0.0004115226342566773, 0.024221045159177355, 0.0004115226342539407, 0.0004115226342531021, 0.00041152263425336684, 0.0004115226342531021, 0.0004115226342531021, 0.0004115226342531021, 0.0004115226342531021, 0.10183169238606131, 0.0004115226342531021], [0.8761856768120135, 0.0004115226417062015, 0.0004115226417062015, 0.0004115226417062015, 0.00781164553305021, 0.009053479367019746, 0.0004115226417062015, 0.0004115226417062015, 0.0004115226417062015, 0.0004115226417062015, 0.0004115226417062015, 0.00041152264171127585, 0.0004115226417062015, 0.0004115226417062015, 0.012757201960495252, 0.0004115226417062015, 0.0004115226417062015, 0.0004115226417062015, 0.0004115226417281039, 0.0004115226417062527, 0.0004115226417062015, 0.0004115226417426924, 0.0004115226417062015, 0.0004115226417062015, 0.0004115226417062015, 0.0004115226417062015, 0.0004115226417062015, 0.0004115226417062015, 0.08390393028470276, 0.0004115226417062015], [0.8959102959050085, 0.0004115226424611523, 0.01152261265738093, 0.00041152264246105944, 0.002880658374458751, 0.0004115226424606365, 0.0004115226424606378, 0.0004115226424606365, 0.00041152264246189775, 0.0004115226424606365, 0.0004115226424606365, 0.0004115226424611798, 0.0004115226424606365, 0.0004115226424606365, 0.018930040750330134, 0.0004115226424606365, 0.0004115226424659406, 0.0004115226424606365, 0.00041152264247367565, 0.00041152264247325845, 0.0004115226424606365, 0.00041152264246068285, 0.0004115226424606365, 0.0004115226424606365, 0.0004115226424606365, 0.00041152264246070486, 0.00041152264246077706, 0.0004115226424606365, 0.060468326251271944, 0.0004115226424606365], [0.7959223201148174, 0.0004115226338799504, 0.0004115226338799504, 0.0004115226338799504, 0.0004115226340420942, 0.0004115226338799504, 0.0004115226338799504, 0.0004115226338799504, 0.0004115226338799504, 0.0004115226338799504, 0.0004115226338799504, 0.0004115226338799504, 0.0004115226338799504, 0.0004115226338799504, 0.0074691239534061165, 0.0004115226338799504, 0.0004115226338799504, 0.0004115226338799504, 0.0004115226338799504, 0.00041152263388122436, 0.0004115226338799504, 0.0004115226338799504, 0.0004115226338799504, 0.0004115226338799504, 0.0004115226338799504, 0.0004115226338799504, 0.0004115226338799504, 0.0004115226338799504, 0.18549744481685468, 0.0004115226338799504], [0.8780898147961897, 0.00041152263407561677, 0.00041152263407561677, 0.00041152263407561677, 0.00041152263407561677, 0.00041152263407561677, 0.00041152263407561677, 0.00041152263407561677, 0.00041152263407561677, 0.00041152263407561677, 0.00041152263407561677, 0.00041152263407561677, 0.00041152263407561677, 0.00041152263407561677, 0.01807353627592765, 0.00041152263407561677, 0.00041152263407561677, 0.00041152263407561677, 0.00041152263407561677, 0.00041152263407561677, 0.00041152263407561677, 0.003915006089471232, 0.00041152263407561677, 0.00041152263407561677, 0.00041152263407561677, 0.00041152263407561677, 0.00041152263407561677, 0.00041152263407561677, 0.08922205435244557, 0.00041152263407561677], [0.9411320698039136, 0.00041152271127029754, 0.00041152271127029754, 0.00041152271127029754, 0.00041152271163000557, 0.0008686088028496957, 0.00041152271127029754, 0.00041152271127029754, 0.00041152271127029754, 0.00041152271127029754, 0.00041152271127029754, 0.00041152271129881894, 0.00041152271127029754, 0.00041152271127029754, 0.004983997387996237, 0.00041152271127029754, 0.00041152271127029754, 0.00041152271127029754, 0.00041152271127029754, 0.00041152271127187787, 0.00041152271127029754, 0.00041152271127049215, 0.00041152271127029754, 0.00041152271127029754, 0.00041152271127029754, 0.00041152271127029754, 0.00041152271127029754, 0.00041152271127029754, 0.04231573351182311, 0.00041152271127029754], [0.9049814870741131, 0.0004115226339480215, 0.0004115226339480215, 0.018146556037935198, 0.00041152263400339893, 0.00041152263394802325, 0.0004115226339480215, 0.0004115226339480215, 0.0004115226339480215, 0.0004115226339480215, 0.0004115226339480215, 0.00041152263394830243, 0.0004115226339480215, 0.0004115226339480215, 0.014823945549094178, 0.0004115226339480215, 0.0004115226339483258, 0.0004115226339480215, 0.0004115226339480215, 0.0004115226339480215, 0.0004115226339480215, 0.0004115226339481863, 0.0004115226339480215, 0.000411522633948033, 0.0004115226339480215, 0.0004115226339480215, 0.0004115226339480215, 0.0004115226339480215, 0.05134842285615298, 0.0004115226339480215], [0.6317112996278583, 0.0004115226337511912, 0.0004115226337511912, 0.0004115226337511912, 0.0004115226337511912, 0.0004115226337511912, 0.0004115226337511912, 0.0004115226337511912, 0.0004115226337511912, 0.0004115226337511912, 0.0004115226337511912, 0.0004115226337511912, 0.0004115226337511912, 0.0004115226337511912, 0.2649116883581418, 0.0004115226337511912, 0.0004115226337511912, 0.0004115226337511912, 0.0004115226337511912, 0.0004115226337511912, 0.0004115226337511912, 0.0004115226337511912, 0.0004115226337511912, 0.0004115226337511912, 0.0004115226337511912, 0.0004115226337511912, 0.0004115226337511912, 0.0004115226337511912, 0.09226590090271791, 0.0004115226337511912], [0.8996243125315442, 0.00041152266274852305, 0.00041152266274852305, 0.0004115226627497879, 0.023312636743739824, 0.002008290492861254, 0.00041152266274852305, 0.00041152266274852305, 0.00041152266274852305, 0.00041152266274852305, 0.00041152266274852305, 0.00041152266274852305, 0.00041152266274852305, 0.00041152266274852305, 0.01321074692731922, 0.00041152266274852305, 0.00041152266274852305, 0.00041152266274852305, 0.00041152266274852305, 0.0004115226627492934, 0.00041152266274852305, 0.005157522604895781, 0.00041152266274852305, 0.00041152266274852305, 0.00041152266274852305, 0.00041152266274852305, 0.0004115226627485232, 0.00041152266274852305, 0.04680994679367341, 0.00041152266274852305], [0.7454532485152059, 0.0004115226337618143, 0.00041152263376181413, 0.0004115226337618142, 0.00041152263376210724, 0.0004115226337626317, 0.00041152263376181413, 0.00041152263376181413, 0.00041152263376181413, 0.00041152263376181413, 0.00041152263376181413, 0.00041152263376181413, 0.00041152263376181413, 0.00041152263376181413, 0.02058691174215086, 0.00041152263376181413, 0.00041152263376181413, 0.00041152263376181413, 0.00041152263376181413, 0.0004115226337618586, 0.00041152263376181445, 0.13378863693709298, 0.00041152263376181413, 0.00041152263376181413, 0.00041152263376181413, 0.00041152263376181413, 0.00041152263376182687, 0.00041152263376181413, 0.08947161432774206, 0.00041152263376181413], [0.9596700273511087, 0.00041152265124361697, 0.00041152265124361697, 0.00041152265124361697, 0.0017832646345418296, 0.0004115226512533961, 0.00041152265124361697, 0.00041152265124361697, 0.00041152265124361697, 0.00041152265124361697, 0.00041152265124361697, 0.00041152265124361697, 0.00041152265124361697, 0.00041152265124361697, 0.0058984913738836745, 0.00041152265124361697, 0.00041152265124361697, 0.00041152265124361697, 0.00041152265124361697, 0.00041152265124361697, 0.00041152265124361697, 0.0004115228396233193, 0.00041152265124361697, 0.00041152265124361697, 0.00041152265124361697, 0.00041152265124361697, 0.00041152265124361697, 0.00041152265124361697, 0.021948627519742477, 0.00041152265124361697], [0.8493261248783346, 0.0004115226339456007, 0.0004115226339456007, 0.0004115226339456007, 0.0004115226339459325, 0.0004115226339456007, 0.0004115226339456007, 0.0004115226339456007, 0.0004115226339456007, 0.0004115226339456007, 0.0004115226339456007, 0.0004115226339456007, 0.0004115226339456007, 0.0004115226339456007, 0.07095738015732193, 0.0004115226339456007, 0.0004115226339456007, 0.0004115226339456007, 0.0004115226339456007, 0.0004115226339456007, 0.0004115226339456007, 0.0004115226339456007, 0.0004115226339456007, 0.0004115226339456007, 0.0004115226339456007, 0.0004115226339456007, 0.0004115226339456007, 0.0004115226339456007, 0.06860538384781206, 0.0004115226339456007], [0.7343398268911201, 0.00041152263377144396, 0.00041152263377144396, 0.00041152263377144396, 0.00041152263377161635, 0.00041152263377144396, 0.00041152263377144396, 0.00041152263377144396, 0.00041152263377144396, 0.00041152263377144396, 0.00041152263377144396, 0.00041152263377144396, 0.00041152263377144396, 0.00041152263377144396, 0.06839843221458279, 0.00041152263377144396, 0.00041152263377144396, 0.00041152263377144396, 0.00041152263377144396, 0.00041152263377144396, 0.00041152263377144396, 0.00041152263377144396, 0.00041152263377144396, 0.00041152263377144396, 0.00041152263377144396, 0.00041152263377144396, 0.00041152263377144396, 0.00041152263377144396, 0.1861506297824681, 0.00041152263377144396], [0.9007252900754271, 0.00041152265819683817, 0.00041152265819588494, 0.00041152265819589156, 0.008639271776585751, 0.00041152265826128266, 0.00041152265819588494, 0.00041152265819588494, 0.0004115226581967177, 0.00041152265819588494, 0.00041152265819588494, 0.00041152265819588494, 0.00041152265819588494, 0.00041152265819588494, 0.004529363639050064, 0.00041152265819588494, 0.00041152265820876483, 0.00041152265819588494, 0.00041152265819588494, 0.00041152265820481503, 0.00041152265819588494, 0.0004115226581961918, 0.00041152265819588494, 0.00041152265819588494, 0.00041152265819588494, 0.00041152265819588494, 0.00041152265819588565, 0.00041152265819588494, 0.07540648539575451, 0.00041152265819588494], [0.8139305854470376, 0.00041152263376996077, 0.0004115226337699609, 0.00041152263376996267, 0.00041152263377020856, 0.00041152263376997253, 0.00041152263376996077, 0.00041152263376996077, 0.00041152263376996077, 0.00041152263376996077, 0.00041152263376996077, 0.000411522633769961, 0.00041152263376996077, 0.00041152263376996077, 0.025106117534045794, 0.00041152263376996077, 0.00041152263376998256, 0.00041152263376996077, 0.0004115226337699609, 0.06349088634657671, 0.00041152263376996267, 0.00041152263377003634, 0.00041152263376996077, 0.00041152263376998007, 0.00041152263376996077, 0.00041152263376996077, 0.0004115226337699628, 0.00041152263376996077, 0.08677282219432077, 0.00041152263376996077], [0.7225568816486192, 0.0004115226337860297, 0.0004115226337860297, 0.0004115226337860366, 0.06700523790228162, 0.00041152263379360727, 0.0004115226337860297, 0.0004115226337860297, 0.0004115226337860297, 0.0004115226337860297, 0.0004115226337860297, 0.0004115226337860297, 0.0004115226337860297, 0.0004115226337860297, 0.04368691664209145, 0.0004115226337860297, 0.0004115226337860297, 0.0004115226337860297, 0.0004115226337860297, 0.00041152263378675175, 0.0004115226337860297, 0.0004115226337860297, 0.0004115226337860297, 0.0004115226337860651, 0.0004115226337860297, 0.0004115226337860297, 0.00041152263378602984, 0.0004115226337860297, 0.1560513753285629, 0.0004115226337860297], [0.8501819379193116, 0.00041152263380182363, 0.00041152263380182184, 0.0004115226338018254, 0.0004115226338122114, 0.0004115226338024052, 0.00041152263380182184, 0.00041152263380182184, 0.00041152263380182184, 0.00041152263380182184, 0.00041152263380182184, 0.00041152263380182303, 0.00041152263380182184, 0.00041152263380182184, 0.02892113020487164, 0.00041152263380182184, 0.04098956109545361, 0.00041152263380182184, 0.00041152263380186575, 0.00041152263380204643, 0.00041152263380182493, 0.0004115226338018686, 0.00041152263380182184, 0.0004115226338018703, 0.00041152263380182184, 0.00041152263380182184, 0.0004115226338018266, 0.00041152263380182184, 0.06920778230150464, 0.00041152263380182184], [0.842346658162991, 0.00041152263379487254, 0.0004115226337948701, 0.0004115226337948817, 0.014867990835689902, 0.0004115226337949101, 0.0004115226337948701, 0.0004115226337948701, 0.0004115226337948701, 0.0004115226337948701, 0.0004115226337948701, 0.0004115226337948701, 0.0004115226337948701, 0.0004115226337948701, 0.025102880621096717, 0.0004115226337948701, 0.00041152263379497743, 0.0004115226337948701, 0.00041152263379487476, 0.00041152263379675964, 0.0004115226337948701, 0.034948029755265356, 0.0004115226337948701, 0.00041152263379490067, 0.0004115226337948701, 0.0004115226337948705, 0.00041152263379487996, 0.0004115226337948701, 0.07244637478008326, 0.0004115226337948701], [0.7168876902619102, 0.00041152263376119516, 0.00041152263376119516, 0.00041152263376119516, 0.00041152263376119516, 0.00041152263376119516, 0.00041152263376119516, 0.00041152263376119516, 0.00041152263376119516, 0.00041152263376119516, 0.00041152263376119516, 0.00041152263376119516, 0.00041152263376119516, 0.00041152263376119516, 0.00041152263377520343, 0.00041152263376119516, 0.00041152263376119516, 0.00041152263376119516, 0.00041152263376119516, 0.00041152263376119516, 0.00041152263376119516, 0.00041152263376119516, 0.00041152263376119516, 0.00041152263376119516, 0.00041152263376119516, 0.00041152263376119516, 0.00041152263376119516, 0.00041152263376119516, 0.27158967599276246, 0.00041152263376119516], [0.7501737282349378, 0.0004115226337805846, 0.00041152263378058476, 0.00041152263378058476, 0.009188219790411978, 0.0004115226337806029, 0.0004115226337805846, 0.0004115226337805846, 0.00041152263378058573, 0.0004115226337805846, 0.0004115226337805846, 0.00041152263378058514, 0.0004115226337805846, 0.0004115226337805846, 0.07175250780939688, 0.0004115226337805846, 0.00041152263378059907, 0.0004115226337805846, 0.042366889047017624, 0.0004115226337807711, 0.0004115226337805846, 0.0004115226337808237, 0.0004115226337805846, 0.0004115226337806138, 0.0004115226337805846, 0.0004115226337805846, 0.000411522633780585, 0.0004115226337805846, 0.11623058927372085, 0.0004115226337805846], [0.7770557952939551, 0.0004115226338007096, 0.0004115226338007083, 0.0004115226338007872, 0.0004115226338763477, 0.00041152263380073606, 0.0004115226338007083, 0.0004115226338007083, 0.00041152263380071064, 0.0004115226338007083, 0.0004115226338007083, 0.00041152263380070907, 0.0004115226338007083, 0.00041152263380070907, 0.04486900424184598, 0.0004115226338007083, 0.00041152263380074024, 0.0004115226338007083, 0.0004115226338007656, 0.0004115226338014717, 0.00041152263380071026, 0.0004115226338007234, 0.0004115226338007083, 0.05955268677608765, 0.0004115226338007083, 0.0004115226338007083, 0.0004115226338007083, 0.0004115226338007083, 0.10782292520921634, 0.0004115226338007083], [0.8234941674955913, 0.00041152263385252553, 0.00041152263385252553, 0.00041152263385252553, 0.04553463345762566, 0.00041152263385253735, 0.00041152263385252553, 0.00041152263385252553, 0.00041152263385252553, 0.00041152263385252553, 0.00041152263385252553, 0.0004115226338525258, 0.00041152263385252553, 0.00041152263385252553, 0.03553330719522718, 0.00041152263385252553, 0.00041152263385253404, 0.00041152263385252553, 0.00041152263385252553, 0.0004115226338525298, 0.00041152263385252553, 0.00041152263385252553, 0.00041152263385252553, 0.0004115226338527117, 0.00041152263385252553, 0.00041152263385252553, 0.00041152263385255225, 0.00041152263385252553, 0.08473830337139007, 0.00041152263385252553], [0.9491556762343601, 0.0004115226338048989, 0.0004115226338048989, 0.0004115226338048989, 0.0004115226338048989, 0.0004115226338048989, 0.0004115226338048989, 0.0004115226338048989, 0.0004115226338048989, 0.0004115226338048989, 0.0004115226338048989, 0.0004115226338048989, 0.0004115226338048989, 0.0004115226338048989, 0.00939019828041449, 0.0004115226338048989, 0.0004115226338048989, 0.0004115226338048989, 0.0004115226338048989, 0.0004115226338048989, 0.0004115226338048989, 0.0004115226338048989, 0.0004115226338048989, 0.0004115226338048989, 0.0004115226338048989, 0.0004115226338048989, 0.0004115226338048989, 0.0004115226338048989, 0.030343014372493406, 0.0004115226338048989], [0.9813129585164894, 0.00041152263378884985, 0.00041152263378884985, 0.00041152263378884985, 0.0004115226337909284, 0.00041152263378884985, 0.00041152263378884985, 0.00041152263378884985, 0.00041152263378884985, 0.00041152263378884985, 0.00041152263378884985, 0.00041152263378884985, 0.00041152263378884985, 0.00041152263378884985, 0.00041152263396901487, 0.00041152263378884985, 0.00041152263378884985, 0.00041152263378884985, 0.00041152263378884985, 0.00041152263378884985, 0.00041152263378884985, 0.00041152263378884985, 0.00041152263378884985, 0.00041152263378884985, 0.00041152263378884985, 0.00041152263378884985, 0.00041152263378884985, 0.00041152263378884985, 0.007164407737240847, 0.00041152263378884985], [0.9043558265829084, 0.0004115226819176707, 0.0004115226819176707, 0.0004115226819176707, 0.007278171304969176, 0.011343677755854839, 0.0004115226819176707, 0.0004115226819176707, 0.00041152268191767244, 0.0004115226819176707, 0.0004115226819176707, 0.00041152268191938017, 0.0004115226819176707, 0.0004115226819176707, 0.012332781985067372, 0.0004115226819176707, 0.0004115226819176707, 0.0004115226819176707, 0.0004115226819176709, 0.00041152268191864183, 0.0004115226819176707, 0.0004115226819176707, 0.0004115226819176707, 0.0004115226819176707, 0.0004115226819176707, 0.0004115226819176707, 0.00041152268194330087, 0.0004115226819176707, 0.05440147532323053, 0.0004115226819176707], [0.9132821470398274, 0.0004115226413749354, 0.00041152264137461, 0.00041152264137456, 0.00041152264138862173, 0.00041152264137456, 0.00041152264137456, 0.00041152264137456, 0.00041152264137456, 0.00041152264137456, 0.00041152264137456, 0.00041152264137543453, 0.00041152264137456, 0.00041152264137456, 0.010898375164135988, 0.00041152264137456, 0.00041152264137456, 0.00041152264137456, 0.00041152264137456, 0.00041152264140994165, 0.00041152264137456, 0.00041152264137834333, 0.00041152264137456, 0.00041152264137456, 0.00041152264137456, 0.013991750927332706, 0.00041152264137456, 0.00041152264137456, 0.05112813819291095, 0.00041152264137456], [0.909606841921383, 0.0004115227177134466, 0.0004115227177134466, 0.009557713590988802, 0.006780564162872067, 0.004544342382839874, 0.0004115227177134466, 0.0004115227177134466, 0.0004115227177134466, 0.0004115227177134466, 0.0004115227177134466, 0.0004115227177141399, 0.0004115227177134466, 0.0004115227177134466, 0.00864164090778067, 0.0004115227177134466, 0.0004115227177828289, 0.0004115227177134466, 0.0004115227177134466, 0.00041152272395220764, 0.0004115227177134466, 0.0004115227177138486, 0.0004115227177156456, 0.0004115227177134466, 0.0004115227177134466, 0.0004115227177134466, 0.0004115227177148704, 0.0004115227177134466, 0.050992351802700064, 0.0004115227177134466], [0.9502751944973443, 0.00041152263531143047, 0.00041152263531143047, 0.00041152263531143047, 0.0022633741648069804, 0.00041152263531143047, 0.00041152263531143047, 0.00041152263531143047, 0.00041152263531143047, 0.00041152263531143047, 0.00041152263531143047, 0.00041152263531143047, 0.00041152263531143047, 0.00041152263531143047, 0.007201646115439851, 0.00041152263531143047, 0.00041152263531143047, 0.00041152263531143047, 0.00041152263531143047, 0.0004115226353140082, 0.00041152263531143047, 0.00041152263531143047, 0.00041152263531143047, 0.00041152263531143047, 0.00041152263531143047, 0.00041152263531143047, 0.0004115226353115143, 0.00041152263531143047, 0.029560196704309125, 0.00041152263531143047], [0.8537378314273599, 0.00041152263509133406, 0.00041152263509133406, 0.00041152263509136464, 0.034661349152539864, 0.0004115226350914043, 0.00041152263509133406, 0.00041152263509133406, 0.00041152263509133406, 0.00041152263509133406, 0.00041152263509133406, 0.00041152263509133406, 0.00041152263509133406, 0.00041152263509133406, 0.03473977227897445, 0.00041152263509133406, 0.00041152263509133406, 0.00041152263509133406, 0.00041152263509418476, 0.0004115226350913344, 0.00041152263509133406, 0.00041152263509133406, 0.00041152263509133406, 0.0004115226350914005, 0.00041152263509133406, 0.00041152263509133406, 0.0004115226350915226, 0.00041152263509133406, 0.066161458628748, 0.00041152263509133406], [0.8740651428265029, 0.0004115226357697505, 0.00041152263576976685, 0.025685441684654777, 0.00041152263614493864, 0.00041152263578139893, 0.0004115226357697505, 0.0004115226357697505, 0.0004115226357699943, 0.0004115226357697505, 0.0004115226357697505, 0.0004115226357697516, 0.0004115226357697505, 0.00041152263576979043, 0.024376563352068698, 0.0004115226357697505, 0.00041152263577129693, 0.0004115226357697505, 0.0004115226357697505, 0.00041152263577384215, 0.0004115226357698482, 0.0004115226357722676, 0.0004115226357697505, 0.0004115226357705261, 0.0004115226357697505, 0.0004115226357697505, 0.00041152263576992064, 0.0004115226357697505, 0.06517326360636384, 0.0004115226357697505], [0.9444362532014713, 0.00041152263502873077, 0.00041152263502873077, 0.00041152263502873077, 0.00041152282850528103, 0.00041152263502873077, 0.00041152263502873077, 0.00041152263502873077, 0.00041152263502873077, 0.00041152263502873077, 0.00041152263502873077, 0.00041152263502873077, 0.00041152263502873077, 0.00041152263502873077, 0.007818930065498315, 0.00041152263502873077, 0.00041152263502873077, 0.00041152263502873077, 0.00041152263502873077, 0.00041152263502873077, 0.00041152263502873077, 0.00041152263502873077, 0.00041152263502873077, 0.00041152263502873077, 0.00041152263502873077, 0.00041152263502873077, 0.00041152263502873077, 0.00041152263502873077, 0.036633705393778374, 0.00041152263502873077], [0.8955238255185264, 0.0004115226348183342, 0.0004115226348183417, 0.00041152263481864, 0.00041152263887799456, 0.00041152263483255815, 0.00041152263481921526, 0.0004115226348183342, 0.00041152263481834155, 0.0004115226348183342, 0.0004115226348183342, 0.020467025145845478, 0.0004115226348183342, 0.0004115226348183342, 0.011988172630852152, 0.0004115226348183342, 0.0004115226348190624, 0.0004115226348183342, 0.0004115226348183342, 0.00041152263482822297, 0.0004115226348183342, 0.0004115226348183342, 0.0004115226348183342, 0.0004115226348190458, 0.0004115226348183342, 0.0004115226348183567, 0.000411522634818475, 0.0004115226348183342, 0.06132138819541284, 0.0004115226348183342], [0.9006161802442267, 0.0004115227307236365, 0.0004115227307236365, 0.0004115227307606147, 0.006779547813216614, 0.002162478882205364, 0.00041152273072371184, 0.0004115227307236365, 0.0004115227307250194, 0.0004115227307236365, 0.0004115227307236365, 0.0004115227307270031, 0.0004115227307236365, 0.0004115227307236365, 0.00963407190116643, 0.0004115227307236365, 0.00041152273079017885, 0.0004115227307236365, 0.0004115227307236365, 0.009556241897223648, 0.0004115227307236365, 0.00041152273072490777, 0.0004115227307236365, 0.0004115227307236365, 0.0004115227307236365, 0.00041152273072433856, 0.0004115227307499898, 0.0004115227307236365, 0.06137493372445769, 0.0004115227307236365], [0.964561701166751, 0.0004115226342065038, 0.0004115226342065038, 0.0004115226342065038, 0.0004115226342066336, 0.0004115226342065038, 0.0004115226342065038, 0.0004115226342065038, 0.0004115226342065038, 0.0004115226342065038, 0.0004115226342065038, 0.0004115226342065038, 0.0004115226342065038, 0.0004115226342065038, 0.000411522739770541, 0.0004115226342065038, 0.0004115226342065038, 0.0004115226342065038, 0.0004115226342065038, 0.0004115226342065038, 0.0004115226342065038, 0.0004115226342065038, 0.0004115226342065038, 0.0004115226342065038, 0.0004115226342065038, 0.0004115226342065038, 0.0004115226342065038, 0.0004115226342065038, 0.02391566496990305, 0.0004115226342065038], [0.9464663854606763, 0.0004115226341309827, 0.0004115226341309827, 0.0004115226341309827, 0.00041152263417614524, 0.0004115226341309827, 0.0004115226341309827, 0.0004115226341309827, 0.0004115226341309827, 0.0004115226341309827, 0.0004115226341309827, 0.0004115226341309827, 0.0004115226341309827, 0.0004115226341309827, 0.004732510269606038, 0.0004115226341309827, 0.0004115226341309827, 0.0004115226341309827, 0.0004115226341309827, 0.0004115226341309827, 0.0004115226341309827, 0.0004115226341309827, 0.0004115226341309827, 0.0004115226341309827, 0.0004115226341309827, 0.0004115226341309827, 0.0004115226341309827, 0.0004115226341309827, 0.03768999314813617, 0.0004115226341309827], [0.9095131010516772, 0.00041152264278803433, 0.00041152264278803433, 0.0004115226427884031, 0.004100615439529695, 0.0004115226431225386, 0.00041152264278803433, 0.00041152264278803433, 0.00041152264278803433, 0.00041152264278803433, 0.00041152264278803433, 0.009066998676582996, 0.00041152264278803433, 0.00041152264278803433, 0.014609053935595995, 0.00041152264278803433, 0.00041152264278803433, 0.00041152264278803433, 0.00041152264278803433, 0.00041152264278803433, 0.0004115226427893513, 0.00041152264278803433, 0.00041152264278803433, 0.00041152264278803433, 0.00041152264278803433, 0.00041152264278803433, 0.0004115226427915366, 0.00041152264278803433, 0.05242216482657379, 0.00041152264278803433], [0.8968308894564995, 0.0004115226646040257, 0.0004115226646040257, 0.00041152266460456165, 0.02555979260341442, 0.0026980092168419406, 0.0004115226646040257, 0.0004115226646040257, 0.0004115226646040257, 0.0004115226646040257, 0.0004115226646040257, 0.00041152266460402583, 0.0004115226646040257, 0.0004115226646040257, 0.0109282108060066, 0.0004115226646040257, 0.0004115226646046108, 0.0004115226646040257, 0.0004115226646040257, 0.00041152266463533667, 0.0004115226646040257, 0.00041152266505642513, 0.0004115226646040257, 0.0004115226646040257, 0.0004115226646040257, 0.0004115226646040257, 0.0004115226646040279, 0.0004115226646040257, 0.053695031301652305, 0.0004115226646040257], [0.8590737991331228, 0.0004115226339926031, 0.0004115226339926031, 0.00041152263399260873, 0.00041152264636302056, 0.000411522633992898, 0.00041152263399260597, 0.0004115226339926031, 0.0004115226339926126, 0.0004115226339926031, 0.0004115226339926031, 0.0004115226339926084, 0.0004115226339926031, 0.0004115226339926031, 0.02792999363572673, 0.0004115226339926031, 0.0004115226339926908, 0.0004115226339926031, 0.0004115226339926031, 0.000411522633993962, 0.0004115226339926031, 0.0004115226339926053, 0.0004115226339926031, 0.0004115226339926031, 0.0004115226339926031, 0.0004115226339926031, 0.04405620178856542, 0.0004115226339926031, 0.058240416946405305, 0.0004115226339926031], [0.8806550761732193, 0.00041152263852566463, 0.00041152263852551506, 0.0004115226385257051, 0.0042917125777634174, 0.01275718941395675, 0.00041152263852551506, 0.00041152263852551506, 0.0004115226385262224, 0.00041152263852551506, 0.00041152263852551506, 0.00041152263852591194, 0.00041152263852551506, 0.00041152263852551506, 0.03419912256245479, 0.00041152263852551506, 0.00041152263852558185, 0.00041152263852551506, 0.00041152263852551506, 0.00041152263852551506, 0.00041152263852607814, 0.00041152263854292925, 0.00041152263852551506, 0.0004115226385325246, 0.00041152263852551506, 0.00041152263852551506, 0.0004115226385255261, 0.00041152263852551506, 0.057808833309441685, 0.00041152263852551506], [0.8849340349600917, 0.0004115226385073124, 0.0004115226385073124, 0.0004115226385073124, 0.00041152263867810394, 0.0004115226385073124, 0.0004115226385073124, 0.0004115226385073124, 0.0004115226385073124, 0.0004115226385073124, 0.0004115226385073124, 0.0004115226385073124, 0.0004115226385073124, 0.0004115226385073124, 0.023251021390068315, 0.0004115226385073124, 0.0004115226385112224, 0.0004115226385073124, 0.0004115226385073124, 0.0004115226385073124, 0.0004115226385073124, 0.0004115226385073124, 0.0004115226385073124, 0.0004115226385073124, 0.0004115226385073124, 0.0004115226385073124, 0.00041152263850753986, 0.0004115226385073124, 0.08070383240996785, 0.0004115226385073124], [0.8930977735456048, 0.00041152263397103707, 0.00041152263397103707, 0.00041152263397103707, 0.0013614020466650736, 0.00041152263397103707, 0.00041152263397103707, 0.00041152263397103707, 0.00041152263397103707, 0.00041152263397103707, 0.00041152263397103707, 0.00041152263397103707, 0.00041152263397103707, 0.00041152263397103707, 0.031749541412691276, 0.00041152263397103707, 0.00041152263397103707, 0.00041152263397103707, 0.00041152263397103707, 0.00041152263397103707, 0.00041152263397103707, 0.00041152263397103707, 0.00041152263397103707, 0.00041152263397103707, 0.00041152263397103707, 0.00041152263397103707, 0.00041152263397103707, 0.00041152263397103707, 0.06309169451179193, 0.00041152263397103707], [0.8817339497133645, 0.0004115226364400724, 0.0004115226364400807, 0.00041152263644009886, 0.0004115230503124503, 0.010696103827055015, 0.0004115226364400724, 0.0004115226364400724, 0.0004115226364400724, 0.0004115226364400724, 0.0004115226364400724, 0.00041152263644013307, 0.0004115226364400724, 0.0004115226364400724, 0.007270233231536395, 0.0004115226364400724, 0.0004115226364400724, 0.0004115226364400724, 0.00041152263644150783, 0.0004115226364402248, 0.0004115226364400724, 0.0004115226364401173, 0.00041152263644009886, 0.0004115226364400724, 0.0004115226364400724, 0.0004115226364400724, 0.0333330253763459, 0.0004115226364400724, 0.05667862152682256, 0.0004115226364400724], [0.8948800964524889, 0.00041152263555188265, 0.0004115226355518742, 0.018709828158002914, 0.00041152263556803564, 0.0004115226355529685, 0.0004115226355518742, 0.0004115226355518742, 0.00041152263555187523, 0.0004115226355518742, 0.0004115226355518742, 0.00041152263555192673, 0.0004115226355518742, 0.0004115226355518742, 0.01566206738633576, 0.0004115226355518742, 0.00041152263555187447, 0.0004115226355518742, 0.0004115226355518742, 0.0066280912686163315, 0.00041152263555202376, 0.0004115226355518957, 0.0004115226355518742, 0.00041152263555309116, 0.0004115226355518742, 0.0004115226355518742, 0.0004115226355521125, 0.0004115226355518742, 0.05383185084574049, 0.0004115226355518742], [0.8882977474213024, 0.024271146322316924, 0.0004115226346129494, 0.00041152263461312084, 0.015208717377127258, 0.00041152263461368186, 0.0004115226346129454, 0.0004115226346129454, 0.0004115226346129454, 0.0004115226346129454, 0.0004115226346129454, 0.0004115226346129454, 0.0004115226346129454, 0.0004115226346129454, 0.014403004637568134, 0.0004115226346129454, 0.00041152263461380714, 0.0004115226346129454, 0.0004115226346129454, 0.00041152263463183693, 0.000411522634612994, 0.000411522634614553, 0.0004115226346129454, 0.00041152263461333074, 0.0004115226346129454, 0.0004115226346129494, 0.0004115226346129454, 0.0004115226346129454, 0.047531318376339206, 0.0004115226346129454], [0.8957082728721498, 0.00041152267419239115, 0.00041152267419239115, 0.00041152267419313057, 0.02142637453314769, 0.001786320858468455, 0.00041152267419239115, 0.00041152267419239115, 0.00041152267421559383, 0.00041152267419239115, 0.00041152267419239115, 0.00041152267419239115, 0.00041152267419239115, 0.00041152267419239115, 0.010470966154796767, 0.00041152267419239115, 0.00041152267419261346, 0.00041152267419239115, 0.00041152267419239115, 0.00041152267419239115, 0.00041152267419239115, 0.0004115226741927647, 0.00041152267419239115, 0.00041152267419244904, 0.00041152267419239115, 0.0004115226741926315, 0.0004115226741938201, 0.00041152267419239115, 0.06031999872660142, 0.00041152267419239115], [0.8860057076387952, 0.0004115226340479396, 0.0004115226340479396, 0.00041152263404796126, 0.03744812796862917, 0.0004115226340482473, 0.0004115226340479396, 0.0004115226340479396, 0.0004115226340479396, 0.0004115226340479396, 0.0004115226340479396, 0.0004115226340479396, 0.0004115226340479396, 0.0004115226340479396, 0.007818930044570262, 0.0004115226340479396, 0.0004115226340479396, 0.0004115226340479396, 0.0004115226340484486, 0.0004115226606214501, 0.0004115226340479396, 0.00041152263404854565, 0.0004115226340479396, 0.0004115226340479439, 0.0004115226340479396, 0.00041152263404794186, 0.0004115226340479396, 0.0004115226340479396, 0.05802764583618439, 0.0004115226340479396], [0.8755851086732468, 0.0004115226363487587, 0.0004115226363487587, 0.0004115226363488046, 0.0064714995811775075, 0.008731247827062192, 0.0004115226363487587, 0.0004115226363487587, 0.0004115226363487587, 0.0004115226363487587, 0.0004115226363487587, 0.00041152263634876323, 0.0004115226363487587, 0.0004115226363487587, 0.01758194727680973, 0.0004115226363487587, 0.0004115226363487587, 0.0004115226363487587, 0.0004115226363500428, 0.037441848261734065, 0.0004115226363487587, 0.0004115226363616761, 0.0004115226363487824, 0.0004115226363494663, 0.0004115226363487587, 0.0004115226363487587, 0.00041152263635231404, 0.0004115226363487587, 0.044311805107581335, 0.0004115226363487587], [0.7670832064151973, 0.0004115226337829172, 0.0004115226337829159, 0.0004115226337829162, 0.0004115226356829916, 0.11745478408640059, 0.0004115226337829159, 0.0004115226337829159, 0.00041152263378291617, 0.0004115226337829159, 0.0004115226337829159, 0.0004115226337829159, 0.0004115226337829159, 0.0004115226337829159, 0.023893841782449455, 0.0004115226337829159, 0.0004115226337829159, 0.0004115226337829159, 0.0004115226337829159, 0.0004115226337829309, 0.0004115226337829159, 0.00041152263378298545, 0.0004115226337829159, 0.0004115226337829159, 0.0004115226337829159, 0.0004115226337829159, 0.00041152263378291633, 0.0004115226337829159, 0.08086857923569694, 0.0004115226337829159], [0.9615383401752089, 0.00041152263517851265, 0.00041152263517851265, 0.00041152263517851265, 0.00041152263517851265, 0.0004115226380149272, 0.00041152263517851265, 0.00041152263517851265, 0.00041152263517851265, 0.00041152263517851265, 0.00041152263517851265, 0.00041152263517851265, 0.00041152263517851265, 0.00041152263517851265, 0.002246829656364247, 0.00041152263517851265, 0.00041152263517851265, 0.00041152263517851265, 0.00041152263517851265, 0.00041152263517851265, 0.00041152263517851265, 0.0004115226351796268, 0.00041152263517851265, 0.00041152263517851265, 0.00041152263517851265, 0.00041152263517851265, 0.00041152263517851265, 0.00041152263517851265, 0.02510371901576964, 0.00041152263517851265], [0.8395555384732938, 0.0004115226345336929, 0.0004115226345336889, 0.00041152263453372504, 0.010287367423372617, 0.00041152263453894563, 0.0004115226345336819, 0.0004115226345336819, 0.027542816268818302, 0.0004115226345336819, 0.0004115226345336819, 0.0004115226345336822, 0.0004115226345336819, 0.0004115226345336989, 0.03497674472751283, 0.0004115226345336819, 0.0004115226345336918, 0.0004115226345336819, 0.00041152263453428264, 0.00041152263453397, 0.0004115226345337653, 0.0004115226345336819, 0.0004115226345336819, 0.00041152263453437876, 0.0004115226345336819, 0.0004115226345336819, 0.00041152263453376434, 0.0004115226345336819, 0.07734946724365359, 0.0004115226345336819], [0.8874495733306493, 0.0004115226354792506, 0.0004115226354792506, 0.03154124101411501, 0.00920975997781644, 0.004778123292706582, 0.0004115226354792506, 0.0004115226354792506, 0.000411522635479263, 0.0004115226354792506, 0.0004115226354792506, 0.00041152263547925217, 0.0004115226354792506, 0.0004115226354792506, 0.01711850373256121, 0.0004115226354792506, 0.00041152263547928155, 0.0004115226354792506, 0.00