"[[0.17986560675843194, 0.0003855708543439204, 0.00038557085434390244, 0.017369049480882158, 0.30110525344995626, 0.005517907596721008, 0.016749542260847367, 0.021100662026771463, 0.0003855708543449435, 0.00038557085434389284, 0.00038557085434419447, 0.0003855708543438937, 0.00038557085434472274, 0.0003855708543440123, 0.23661502538945706, 0.02732537927216052, 0.00038557085434394814, 0.0757898204470247, 0.09131439645752908, 0.0003855708543440363, 0.01992151062768188, 0.00038557085434399573, 0.00038557085434402826, 0.0003855708543439108, 0.00038557085434389203, 0.00038557085434389257, 0.00038557085434389203, 0.00038557085434389203, 0.00038557085434389203, 0.00038557085434389203], [0.18956207512394885, 0.00039980301570293223, 0.00039980301570289705, 0.00039980301570336635, 0.30613085411601904, 0.0003998030157032376, 0.00039980301570311785, 0.0003998030157032764, 0.00039980301570314273, 0.00039980301570289857, 0.0003998030157028989, 0.00039980301570290513, 0.00039980301570407585, 0.00039980301570293175, 0.20044978015207437, 0.0003998030157031892, 0.0003998030157031494, 0.11019386259448073, 0.020625124204500203, 0.00039980301570294064, 0.0003998030157029484, 0.00039980301570322193, 0.16344303143210342, 0.0003998030157028964, 0.0003998030157028964, 0.0003998030157028964, 0.0003998030157028964, 0.00039980301570297734, 0.0003998030157029022, 0.0003998030157028964], [0.16559410258444027, 0.0005520301290584878, 0.0005520301290583294, 0.0005520301290595382, 0.38216654091135616, 0.0005520301290586997, 0.014984407147203104, 0.000552030129059472, 0.0005520301290582762, 0.000552030129058271, 0.0005520301290584405, 0.0005520301290583128, 0.011346965413577888, 0.0005520301290582891, 0.21502592851600316, 0.0005520301290587663, 0.0005520301290592877, 0.11098569406040203, 0.01301086947341411, 0.000552030129058271, 0.0005520301290582823, 0.000552030129059002, 0.0005520301290584267, 0.000552030129058271, 0.000552030129058271, 0.0005520301290583246, 0.000552030129058271, 0.0005520301290585094, 0.07474082905431523, 0.000552030129058271], [0.14531963881231086, 0.0004962999833052897, 0.0004962999833046594, 0.042582833023601344, 0.3718850316973714, 0.0004962999833058262, 0.000496299983306191, 0.0004962999833047365, 0.0004962999833051999, 0.0004962999833046594, 0.0004962999833050244, 0.0004962999833046594, 0.02564401302774906, 0.0004962999833048134, 0.23822448112930888, 0.0004962999833048725, 0.00049629998330545, 0.07221483574597491, 0.0004962999833087978, 0.0004962999833046619, 0.014428486129355836, 0.0004962999833046594, 0.0004962999833046669, 0.0004962999833046594, 0.0004962999833046594, 0.0004962999833047014, 0.0004962999833046755, 0.0004962999833046594, 0.0004962999833046607, 0.07878208080161549], [0.14502211832155235, 0.0005343482538437142, 0.0005343482538433535, 0.0005343482538434307, 0.36745344146990955, 0.0005343482538444444, 0.0005343482539328893, 0.0005343482538435013, 0.0005343482538439554, 0.0005343482538433535, 0.0005343482538450368, 0.0005343482538439648, 0.20757162276931965, 0.0005343482538441069, 0.19013250779828744, 0.0005343482538435175, 0.0005343482538437734, 0.06173761227085702, 0.015258339277696516, 0.0005343482538526464, 0.0005343482538434129, 0.0005343482538749998, 0.0005343482538437204, 0.0005343482538433535, 0.0005343482538433535, 0.0005343482538433535, 0.0005343482538433535, 0.0005343482538434428, 0.0005343482538433535, 0.0005343482538434743], [0.15822679509503954, 0.00040345607109278325, 0.00040345607109278266, 0.026688405902553152, 0.29645172913012063, 0.00040345607109278266, 0.013263525495189905, 0.00040345607109290663, 0.0004034560710935583, 0.00040345607109278266, 0.00040345607109278266, 0.00040345607109278266, 0.00040345607109280434, 0.00040345607109278266, 0.4014082609512146, 0.0004034560710927888, 0.0004034560710928655, 0.07911780386446342, 0.015563989926283748, 0.0004034560710929417, 0.00040345607109278266, 0.00040345607109278266, 0.0004034560710927841, 0.00040345607109278266, 0.00040345607109278266, 0.00040345607109278266, 0.00040345607109278266, 0.00040345607109278266, 0.00040345607109278276, 0.00040345607109278266], [0.16128559991709063, 0.0006052989848692124, 0.0006052989848761032, 0.019831115238841075, 0.38190693880460863, 0.0006052989848674778, 0.007610153943552792, 0.0241336257857833, 0.0006052989848747731, 0.058130657954434464, 0.0006052989848663367, 0.0006052989848662889, 0.0006052989848852624, 0.0006052989848668056, 0.21912318715864396, 0.0006052989848705729, 0.009242779148117561, 0.10267200683260881, 0.003957955518933638, 0.0006052989848676796, 0.0006052989848747189, 0.0006052989848689845, 0.0006052989848675159, 0.0006052989848661667, 0.0006052989848661667, 0.000605298984866313, 0.0006052989848661667, 0.0006052989848661667, 0.000605298984866195, 0.000605298984866442], [0.18215001615401913, 0.00041458997087641603, 0.0004145899708764125, 0.0004145899708765308, 0.33774668666990554, 0.08296365084560169, 0.00041458997087644346, 0.003303801834588347, 0.0004145899708765443, 0.00041458997087640833, 0.0004145899708765539, 0.00041458997087655974, 0.012272090817005962, 0.00041458997087647317, 0.23027352187186498, 0.0004145899708767842, 0.00041458997087665087, 0.07600567793680085, 0.0004145899708836266, 0.0661635745109241, 0.0004145899708764705, 0.00041458997087640904, 0.0004145899708764888, 0.0004145899708764278, 0.00041458997087640643, 0.00041458997087642535, 0.00041458997087640643, 0.00041458997087640643, 0.00041458997087640643, 0.00041458997087642926], [0.1963146769219103, 0.000530355903961147, 0.0005303559039610773, 0.000530355903961474, 0.37651137233125564, 0.0005303559039610795, 0.0005303559039612998, 0.0005303559039615321, 0.0005303559039612662, 0.0005303559039610773, 0.0005303559039612246, 0.0005303559039610777, 0.01912851685702606, 0.0005303559039615294, 0.19994915154185558, 0.0005303559039612113, 0.0005303559039625398, 0.0836345272915485, 0.0005303559039642247, 0.0005303559039614097, 0.0005303559039611886, 0.11173321336132988, 0.0005303559039613096, 0.0005303559039611356, 0.0005303559039610773, 0.0005303559039611218, 0.0005303559039610773, 0.0005303559039613439, 0.0005303559039615721, 0.0005303559039610773], [0.18548468040891053, 0.0005499542970883539, 0.0005499542970878813, 0.0005499542970885221, 0.3947500183020303, 0.000549954297089097, 0.12284395863117084, 0.0005499542970884523, 0.0005499542970877589, 0.000549954297087745, 0.0005499542970882468, 0.0005499542970877813, 0.01989387784769889, 0.0005499542970877511, 0.1951891436301516, 0.0005499542970884594, 0.0005499542970885869, 0.06863941804980166, 0.0005499542972089822, 0.0005499542970878676, 0.0005499542970879645, 0.0005499542970905301, 0.0005499542970877459, 0.0005499542970877953, 0.000549954297087745, 0.0005499542970878117, 0.000549954297087745, 0.000549954297087745, 0.0005499542970879809, 0.000549954297087745], [0.1889863974032783, 0.000415793023387051, 0.0004157930233870381, 0.20517019650588433, 0.2731968444973841, 0.0004157930233870899, 0.00041579302338707724, 0.0004157930233872326, 0.0004157930233870359, 0.0004157930233870349, 0.0004157930233870851, 0.00041579302338712575, 0.00041579302341024653, 0.000415793023387058, 0.22257791796905582, 0.00041579302338705566, 0.0004157930233870922, 0.09967381803969794, 0.000415793023387051, 0.00041579302338710017, 0.00041579302338704504, 0.00041579302338709626, 0.0004157930233870479, 0.0004157930233870349, 0.0004157930233870349, 0.0004157930233870349, 0.0004157930233870349, 0.0004157930233870423, 0.00041579302338703734, 0.0004157930233870349], [0.624769853727581, 0.0004127601708188648, 0.0004127601708188648, 0.0004127601708188648, 0.252844692139734, 0.0004127601708188648, 0.0004127601708188648, 0.0004127601708188648, 0.0004127601708191785, 0.0004127601708188648, 0.0004127601708188648, 0.0004127601708188648, 0.0004127601708189235, 0.0004127601708188865, 0.0840712776255138, 0.0004127601708188648, 0.0004127601708189049, 0.02758241206588029, 0.00041276017081900664, 0.0004127601708188648, 0.0004127601708188648, 0.0004127601708188648, 0.0004127601708188648, 0.0004127601708188648, 0.0004127601708188648, 0.0004127601708188648, 0.0004127601708188648, 0.0004127601708188648, 0.0004127601708188648, 0.0004127601708188648], [0.17311452140844827, 0.0005490925444153093, 0.0005490925444146768, 0.0005490925444150102, 0.39044665720598565, 0.0005490925444203001, 0.0005490925444158963, 0.000549092544415268, 0.0005490925444157407, 0.0005490925444146906, 0.0005490925444149487, 0.0005490925444146887, 0.06549703398635824, 0.0005490925444146792, 0.17287626039513201, 0.0005490925444150243, 0.021593887442807387, 0.057290069375837714, 0.0005490925444147833, 0.0005490925444147929, 0.09763336211411282, 0.009468172094184208, 0.0005490925444146664, 0.0005490925444150327, 0.0005490925444146664, 0.0005490925444146664, 0.0005490925444146933, 0.0005490925444147548, 0.0005490925444148137, 0.0005490925444146664], [0.14565598166064347, 0.00047421276977270213, 0.0004742127697726177, 0.00047421276977262244, 0.38834904455078123, 0.0004742127697730257, 0.0004742127697728035, 0.00047421276977271584, 0.0004742127697730714, 0.0004742127697726177, 0.0004742127697726278, 0.0004742127697726254, 0.02847651210683787, 0.1429049029721428, 0.18523925472100206, 0.00047421276977266977, 0.0004742127697730341, 0.09799319751404782, 0.00047421276977283137, 0.000474212769772665, 0.00047421276977264765, 0.0004742127697726195, 0.00047421276977266115, 0.00047421276977262396, 0.0004742127697726177, 0.0004742127697726177, 0.0004742127697726177, 0.0004742127697726177, 0.000474212769772618, 0.00047421276977262504], [0.09358483194263952, 0.00028812609466665037, 0.0002881260946666479, 0.0002881260946666497, 0.19901263881931133, 0.00028812609466667623, 0.00028812609466665227, 0.0002881260946666576, 0.0002881260946666525, 0.0002881260946666479, 0.00028812609466664956, 0.0002881260946666479, 0.00028812609466672746, 0.0002881260946666554, 0.2817709109989509, 0.00028812609466665064, 0.3897760689922529, 0.0286523968801792, 0.0002881260946666772, 0.00028812609466665677, 0.0002881260946666582, 0.00028812609466664864, 0.00028812609466664994, 0.0002881260946666487, 0.0002881260946666479, 0.00028812609466664896, 0.0002881260946666479, 0.0002881260946666479, 0.00028812609466664853, 0.00028812609466665], [0.20449329721875567, 0.0005381986692391628, 0.00903243438144538, 0.000538198669238876, 0.3210479886048955, 0.0005381986693638683, 0.0005381986692427238, 0.0005381986692388338, 0.0005381986692452722, 0.0005381986692385208, 0.0005381986692386254, 0.07582695938525073, 0.08457269308175937, 0.0005381986692392446, 0.17493582629204735, 0.012966811685887064, 0.0005381986692387394, 0.08668047879817684, 0.0005381986692756155, 0.000538198669238478, 0.0005381986692385868, 0.014533092018166036, 0.005146445148670067, 0.0005381986692384586, 0.0005381986692384586, 0.0005381986692384741, 0.0005381986692384913, 0.0005381986692387902, 0.0005381986692385546, 0.0005381986692384586], [0.0976666026338, 0.0002972437942848106, 0.0002972437942848106, 0.00029724379428481114, 0.16140444321793526, 0.0002972437942848124, 0.00029724379428481076, 0.0002972437942848114, 0.00029724379428481597, 0.0002972437942848106, 0.0002972437942848106, 0.0002972437942848106, 0.5860316495020929, 0.0002972437942848106, 0.11798224615668791, 0.0002972437942848114, 0.00029724379428481466, 0.02948396363236382, 0.0002972437942848106, 0.00029724379428481553, 0.0002972437942848116, 0.0002972437942848106, 0.0002972437942848127, 0.0002972437942848106, 0.0002972437942848106, 0.0002972437942848106, 0.0002972437942848106, 0.0002972437942848106, 0.0002972437942848106, 0.0002972437942848106], [0.09564419205377593, 0.0005495809740954719, 0.0005495809740954716, 0.0005495809740954716, 0.6999197332494302, 0.0005495809740967733, 0.0005495809740955201, 0.0005495809740954779, 0.0005495809740956737, 0.0005495809740954716, 0.0005495809740954716, 0.0005495809740954716, 0.045799717776050575, 0.0005495809740954716, 0.11199002814265008, 0.0005495809740954716, 0.0005495809740954874, 0.03290680442569439, 0.0005495809741043238, 0.0005495809740955312, 0.0005495809740954716, 0.0005495809740964512, 0.0005495809740954741, 0.0005495809740954716, 0.0005495809740954716, 0.0005495809740954716, 0.0005495809740954716, 0.0005495809740961443, 0.0005495809740954716, 0.0005495809740954716], [0.13510422992582174, 0.0004628156239750723, 0.00046281562397500653, 0.0004628156239750187, 0.3313617293048517, 0.0004628156239750761, 0.0004628156239751351, 0.0004628156239752118, 0.0004628156239750761, 0.00046281562397500447, 0.00046281562397501575, 0.00046281562397500756, 0.0004628156359077696, 0.00046281562397500355, 0.22193431054643556, 0.00046281562397502106, 0.0004628156239753235, 0.0886389563509666, 0.00046281562397610846, 0.0004628156239750804, 0.21139038326061446, 0.00046281562397500355, 0.0004628156239750151, 0.00046281562397500355, 0.00046281562397500355, 0.0004628156239750116, 0.00046281562397500355, 0.00046281562397500355, 0.00046281562397500355, 0.00046281562397500355], [0.10887565039790524, 0.0003603659609089857, 0.0003603659609089783, 0.00036036596090899915, 0.3575567038047344, 0.0003603659609090458, 0.00036036596090906984, 0.0003603659609090331, 0.0003603659609091125, 0.0003603659609089768, 0.00036036596090903184, 0.0003603659609089768, 0.0003603659609096031, 0.0003603659609089902, 0.2238683146845418, 0.00036036596090898386, 0.000360365960909126, 0.08013200073250405, 0.040593739312316635, 0.18032480800618125, 0.00036036596090900105, 0.00036036596090902354, 0.0003603659609089792, 0.00036036596090898435, 0.0003603659609089768, 0.00036036596090897866, 0.0003603659609089768, 0.0003603659609089768, 0.00036036596090897747, 0.0003603659609089768], [0.09701116741293857, 0.0005597533934691521, 0.0005597533934682902, 0.0005597533934690462, 0.46460398587873186, 0.014068596798574858, 0.018728546577537863, 0.000559753393468895, 0.016625366010572015, 0.0005597533934682902, 0.0005597533934687365, 0.0005597533934683318, 0.07672137508711228, 0.000559753393468309, 0.14997668947188605, 0.0005597533934683338, 0.0005597533934687653, 0.06713108652659161, 0.008738788939611998, 0.0005597533934683118, 0.0005597533934684414, 0.007760732954430654, 0.0005597533934683126, 0.000559753393471322, 0.0005597533934682902, 0.0005597533934683098, 0.06799834986610728, 0.0005597533934683424, 0.0005597533934683244, 0.0005597533934691317], [0.16520978781501836, 0.00037248533320728716, 0.0003724853332072663, 0.00037248533320727745, 0.2827706920981591, 0.00037248533320757593, 0.00037248533320743764, 0.0003724853332072679, 0.000372485333207305, 0.00037248533320726726, 0.14777850020419822, 0.05779151679534669, 0.008586439479788481, 0.0003724853332073899, 0.21463040412464585, 0.0003724853332072718, 0.00037248533320727686, 0.09234457593148306, 0.0003724853332076488, 0.0003724853332072822, 0.022693406220799503, 0.0003724853332072877, 0.0003724853332072663, 0.0003724853332072837, 0.0003724853332072663, 0.00037248533320726845, 0.0003724853332072663, 0.0003724853332072663, 0.00037248533320726694, 0.000372485333207268], [0.03495672210372131, 0.0003373728455014187, 0.0003373728455014187, 0.0003373728455014187, 0.8049097693173207, 0.0003373728455014187, 0.0003373728455014187, 0.0003373728455014187, 0.0003373728455014256, 0.0003373728455014187, 0.0003373728455014187, 0.0003373728455014187, 0.000337372845501422, 0.0003373728455014187, 0.10561136850995337, 0.0003373728455014187, 0.0003373728455014187, 0.03497584636652736, 0.011111972564941959, 0.0003373728455014187, 0.0003373728455014187, 0.0003373728455014187, 0.0003373728455014187, 0.0003373728455014187, 0.0003373728455014187, 0.0003373728455014187, 0.0003373728455014187, 0.0003373728455014187, 0.0003373728455014187, 0.0003373728455014187], [0.1260603656889035, 0.0004140941135883367, 0.00041409411358833204, 0.0004140941135883334, 0.2430137084758751, 0.2474518403418409, 0.0004140941135883647, 0.0004140941135883392, 0.0004140941135884059, 0.0004140941135883303, 0.0004140941135883734, 0.00041409411358833356, 0.0004140941135885502, 0.00041409411358834695, 0.31939375957480265, 0.0004140941135883321, 0.0004140941135883328, 0.05372797307886897, 0.00041409411358858726, 0.0004140941135883331, 0.00041409411358837254, 0.0004140941135883385, 0.0004140941135883303, 0.0004140941135883344, 0.0004140941135883303, 0.0004140941135883303, 0.0004140941135883303, 0.0004140941135883622, 0.0004140941135883303, 0.0004140941135883303], [0.1259701483938686, 0.00038155473294709363, 0.00038155473294709363, 0.00038155473294709363, 0.24019732102809396, 0.0003815547329471047, 0.00038155473294710284, 0.00038155473294709363, 0.00038155473294709363, 0.00038155473294709363, 0.00038155473294709363, 0.00038155473294709363, 0.00038155473294710214, 0.00038155473294709363, 0.1664374933543087, 0.00038155473294709363, 0.00038155473294709417, 0.4574746141671042, 0.0003815547329471017, 0.00038155473294709363, 0.00038155473294709363, 0.00038155473294710946, 0.00038155473294709363, 0.00038155473294709363, 0.00038155473294709363, 0.00038155473294709363, 0.00038155473294709363, 0.00038155473294709363, 0.00038155473294709363, 0.00038155473294709363], [0.05469203993198892, 0.00036106943839900053, 0.00036106943839900053, 0.00036106943839900053, 0.8452251036987067, 0.00036106943839900053, 0.00036106943839900053, 0.00036106943839900053, 0.0003610694383990074, 0.00036106943839900053, 0.00036106943839900053, 0.00036106943839900053, 0.00036106943839900503, 0.00036106943839900053, 0.09033398153253132, 0.00036106943839900053, 0.00036106943839900053, 0.0003610694383990778, 0.0003610694383990326, 0.00036106943839900053, 0.00036106943839900053, 0.00036106943839901283, 0.00036106943839900053, 0.00036106943839900053, 0.00036106943839900053, 0.00036106943839900053, 0.00036106943839900053, 0.00036106943839900053, 0.00036106943839900053, 0.00036106943839900053], [0.11299846425220644, 0.0003162458863475857, 0.00031624588634757665, 0.00031624588634757654, 0.2939207380630736, 0.0003162458863476355, 0.0003162458863476211, 0.00031624588634758234, 0.000316245886347608, 0.0003162458863475765, 0.0003162458863475848, 0.00031624588634757763, 0.00031624588634767184, 0.00031624588634758007, 0.20625607535201013, 0.0003162458863475774, 0.0003162458863476268, 0.08763319130672824, 0.29128538386729186, 0.00031624588634757665, 0.00031624588634757947, 0.00031624588634759183, 0.0003162458863475765, 0.0003162458863475774, 0.0003162458863475765, 0.0003162458863475774, 0.0003162458863475765, 0.0003162458863475765, 0.0003162458863475765, 0.0003162458863475772], [0.13514794367437705, 0.0003407801128079462, 0.00034078011280793243, 0.00034078011280793227, 0.33898560265860767, 0.00034078011280827477, 0.0003407801128096374, 0.0028752157050085177, 0.22965096043527988, 0.00034078011280791893, 0.0003407801128079387, 0.00034078011280793243, 0.0003407801128083672, 0.00034078011280793124, 0.19497855376527817, 0.0003407801128079247, 0.00034078011280795194, 0.09018300105405554, 0.00034078011280820993, 0.00034078011280794045, 0.00034078011280791893, 0.00034078011280819914, 0.0003407801128079221, 0.00034078011280792007, 0.00034078011280791893, 0.00034078011280791893, 0.00034078011280791893, 0.0003407801128079222, 0.00034078011280792104, 0.00034078011280791893], [0.12551650076372028, 0.0004038336729457283, 0.0004038336729456706, 0.0004038336729456791, 0.3302623694521534, 0.0004038336729732312, 0.00040383367294566857, 0.0004038336729457408, 0.0004038336729457958, 0.0004038336729456674, 0.00040383367294566846, 0.0004038336729456674, 0.024760264480588462, 0.000403833672945688, 0.20863787861855, 0.0004038336729456704, 0.0004038336729457468, 0.11359447561079232, 0.18753650292347146, 0.00040383367294573514, 0.00040383367294567594, 0.0004038336729456674, 0.0004038336729456674, 0.0004038336729456723, 0.0004038336729456674, 0.0004038336729456675, 0.0004038336729456674, 0.0004038336729456787, 0.0004038336729456674, 0.0004038336729456674], [0.12145259086672501, 0.00036799200268038714, 0.0003679920026803983, 0.0003679920026804158, 0.31893858653726076, 0.00036799200268051817, 0.00036799200268054777, 0.0003679920026805209, 0.24385943921783887, 0.0003679920026803864, 0.0003679920026804643, 0.0003679920026803864, 0.0003679920026810523, 0.0003679920026803873, 0.20933366221156105, 0.0003679920026803956, 0.00036799200268038655, 0.0800612356360713, 0.013639518883685125, 0.00036799200268041956, 0.00425115058520787, 0.0003679920026804036, 0.0003679920026803964, 0.0003679920026803864, 0.0003679920026803864, 0.0003679920026803871, 0.0003679920026803864, 0.0003679920026803895, 0.00036799200268040276, 0.00036799200268038986], [0.16834467555570987, 0.00045285588033772714, 0.00045285588033770676, 0.0004528558803377116, 0.3489196791962805, 0.00045285588033780515, 0.0004528558803381172, 0.00045285588033780233, 0.00045285588033773674, 0.0004528558803377029, 0.00045285588033780884, 0.00045285588033773506, 0.04184345123403688, 0.1656774488193689, 0.1780273905937786, 0.0004528558803377276, 0.00045285588033786353, 0.08631881347271922, 0.00045285588033783117, 0.0004528558803377272, 0.00045285588033788457, 0.0004528558803377111, 0.00045285588033771126, 0.0004528558803377029, 0.0004528558803377029, 0.0004528558803377029, 0.0004528558803377029, 0.00045285588033771185, 0.0004528558803377029, 0.00045285588033770665], [0.19944139750430995, 0.0005527551217195038, 0.0005527551217195058, 0.0005527551217314474, 0.353804749681572, 0.017380323253781374, 0.0005527551218073257, 0.0005527551217287548, 0.025193876332112, 0.0005527551217193343, 0.0005527551217193474, 0.0005527551217195969, 0.06787950839624768, 0.0005527551217654842, 0.18939488341817712, 0.0005527551217357309, 0.0005527551217196054, 0.06938122978527929, 0.0005527551221352554, 0.0005527551217194098, 0.0005527551217194966, 0.011519901356706632, 0.054396272715117364, 0.000552755121719667, 0.0005527551217193343, 0.0005527551217196127, 0.0005527551217193343, 0.0005527551217199461, 0.0005527551217195995, 0.0005527551217193343], [0.2594233927044456, 0.0005786478096888266, 0.0005786478096888217, 0.0005786478096888387, 0.32428334166088724, 0.000578647809698505, 0.12949008416411575, 0.0005786478096893567, 0.0005786478096905667, 0.0005786478096888207, 0.0005786478096889055, 0.0005786478096888207, 0.011049429299841016, 0.0005786478096888313, 0.2019085408979527, 0.0005786478096888287, 0.0005786478096890536, 0.05995766384021199, 0.0005786478096888337, 0.0005786478096888207, 0.0005786478096894115, 0.0005786478096899438, 0.0005786478096888207, 0.0005786478096888734, 0.0005786478096888207, 0.0005786478096888208, 0.0005786478096888207, 0.0005786478096888207, 0.0005786478096888207, 0.0005786478096888207], [0.2197087181557725, 0.0006057571361361855, 0.0006057571361303919, 0.0006057571361533396, 0.3339187887203858, 0.023242422355893983, 0.0006057571361306775, 0.0006057571361307294, 0.0006057571361422094, 0.0006057571361303316, 0.0006057571361362991, 0.000605757136130367, 0.07269830551200467, 0.0006057571361315439, 0.17516341066843893, 0.000605757136136973, 0.0006057571361539487, 0.06817185565864105, 0.0006057571361304525, 0.0006057571361306322, 0.0006057571361314372, 0.01081441760084378, 0.0006057571361308518, 0.0006057571361303316, 0.0006057571361303316, 0.0006057571361303427, 0.0006057571361303698, 0.0006057571361307951, 0.0829554243330698, 0.000605757136130854], [0.545387235451167, 0.0005479371972277806, 0.0005479371972277806, 0.0005479371972277821, 0.2837171582166214, 0.0005479371972277806, 0.0005479371972277806, 0.0005479371972277806, 0.0005479371972289074, 0.0005479371972277806, 0.0005479371972277806, 0.0005479371972277806, 0.0005479371972308583, 0.0005479371972277806, 0.1272996778637266, 0.0005479371972277806, 0.0005479371972278398, 0.029349561340558293, 0.0005479371972281494, 0.0005479371972278237, 0.0005479371972277806, 0.0005479371972277806, 0.0005479371972277806, 0.0005479371972277806, 0.0005479371972277806, 0.0005479371972277806, 0.0005479371972277806, 0.0005479371972277806, 0.0005479371972277806, 0.0005479371972277806], [0.188654298886947, 0.0005080453226217177, 0.0005080453226215383, 0.0005080453226216049, 0.33441218734662476, 0.0005080453226227077, 0.0005080453226215502, 0.0005080453226257806, 0.000508045322622865, 0.0005080453226215206, 0.0005080453226216102, 0.0005080453226215373, 0.0005080453226445566, 0.0005080453226215304, 0.20962990398589726, 0.1291916071241502, 0.0005080453226215621, 0.10570155027764033, 0.02021736463579361, 0.000508045322621715, 0.0005080453226215581, 0.0005080453226215754, 0.0005080453226215745, 0.0005080453226215216, 0.0005080453226215206, 0.0005080453226215713, 0.0005080453226215206, 0.0005080453226215664, 0.0005080453226215366, 0.0005080453226215672], [0.2198588977647326, 0.00046839807482038364, 0.0004683980748200346, 0.00046839807482049737, 0.28451514188288607, 0.010870279370363252, 0.0004683980748206001, 0.046717405803292165, 0.015641126942350165, 0.00046839807482003886, 0.00046839807482004406, 0.00046839807482005594, 0.00046839807510599827, 0.0004683980748203753, 0.22553329272249056, 0.11665751843163961, 0.0004683980748207854, 0.06990157943591357, 0.000468398074821789, 0.0004683980748201299, 0.00046839807482078723, 0.00046839807482005946, 0.00046839807482013465, 0.0004683980748200618, 0.0004683980748200346, 0.00046839807482005713, 0.0004683980748200346, 0.0004683980748200346, 0.00046839807482003593, 0.00046839807482006667], [0.2117669737952725, 0.0005857222572807422, 0.0005857222572801477, 0.0005857222572802609, 0.3958125527321258, 0.0005857222572804524, 0.11773257736307174, 0.0005857222572804585, 0.0005857222572814025, 0.0005857222572801477, 0.0005857222572802885, 0.0005857222572801505, 0.0005857222725415349, 0.0005857222572801809, 0.18779512917763247, 0.0005857222572802383, 0.0005857222572823849, 0.06361983438010439, 0.0092155983618024, 0.0005857222572801477, 0.000585722257280407, 0.0005857222572804859, 0.0005857222572801477, 0.0005857222572802107, 0.0005857222572801477, 0.0005857222572801477, 0.0005857222572801477, 0.0005857222572801477, 0.0005857222572802527, 0.0005857222572801477], [0.2293301060146203, 0.07064306711082372, 0.0005334060599784429, 0.000533406059979897, 0.33511149895242837, 0.0005334060599810401, 0.0339492039637119, 0.0005334060599793949, 0.0005334060599788756, 0.0005334060599784002, 0.0005334060599787472, 0.0005334060599784052, 0.012427620088527451, 0.0005334060599787032, 0.17991680974136423, 0.0005334060599784205, 0.0005334060599784453, 0.08715855778182413, 0.0005334060599794666, 0.039728203027166654, 0.0005334060599787144, 0.0005334060599785999, 0.0005334060599784002, 0.0005334060599785288, 0.0005334060599784002, 0.0005334060599784748, 0.0005334060599784002, 0.0005334060599784002, 0.0005334060599787704, 0.0005334060599784014], [0.1963026441487961, 0.0005512483796760604, 0.0005512483796761593, 0.0005512483796785984, 0.34089123690327605, 0.08868788340971999, 0.000551248379676429, 0.0005512483796760132, 0.01473302716951134, 0.0005512483796759957, 0.000551248379676005, 0.0005512483796759957, 0.08204922057689938, 0.0005512483796759957, 0.19490887923162492, 0.0005512483797779522, 0.0005512483796785851, 0.059056233536481886, 0.0005512483796875537, 0.000551248379676963, 0.000551248379678708, 0.011243410670694886, 0.0005512483796759957, 0.0005512483796762357, 0.0005512483796759957, 0.0005512483796759986, 0.0005512483796759957, 0.0005512483796760001, 0.0005512483796763561, 0.0005512483796759957], [0.5123199107740196, 0.0005232109170640425, 0.0005232109170640425, 0.0005232109170640425, 0.2787340479500487, 0.0005232109170641584, 0.0005232109170640425, 0.0005232109170706157, 0.0005232109170641175, 0.0005232109170640425, 0.0005232109170640425, 0.0005232109170640425, 0.0005232109170875899, 0.0005232109170640425, 0.16870113262940842, 0.0005232109170640425, 0.0005232109170642693, 0.026641424802827746, 0.0005232109170640425, 0.0005232109170640425, 0.0005232109170640425, 0.00052321091706406, 0.0005232109170640425, 0.0005232109170640425, 0.0005232109170640425, 0.0005232109170640425, 0.0005232109170640425, 0.0005232109170640425, 0.0005232109170640425, 0.0005232109170640425], [0.24445342688096644, 0.0005378476384544143, 0.0005378476384544052, 0.0005378476384546793, 0.3748044399191806, 0.0005378476384548012, 0.008617170151590674, 0.0005378476384571452, 0.0005378476384570775, 0.0005378476384544235, 0.045242822808896355, 0.0005378476384544196, 0.0005378476385130992, 0.0005378476384548776, 0.21899699924090885, 0.0005378476384545412, 0.014222896681670037, 0.08129174863226964, 0.0005378476384545238, 0.0005378476384544052, 0.0005378476384546687, 0.0005378476384545963, 0.0005378476384546807, 0.0005378476384544052, 0.0005378476384544052, 0.0005378476384544052, 0.0005378476384544052, 0.0005378476384544052, 0.0005378476384544058, 0.0005378476384544052], [0.2944914494214812, 0.0005624452289292306, 0.0005624452289292679, 0.0005624452289293099, 0.2941611362056928, 0.0005624452289302601, 0.019356810028850747, 0.000562445228932059, 0.0005624452289296042, 0.0005624452289292277, 0.0005624452289292341, 0.0005624452289292299, 0.022819859564553912, 0.0005624452289303758, 0.20103018845459666, 0.0005624452289293273, 0.0005624452289327892, 0.05851093551132952, 0.09669338054811172, 0.0005624452289292449, 0.0005624452289294552, 0.0005624452289297665, 0.0005624452289299263, 0.0005624452289293227, 0.0005624452289292277, 0.0005624452289292277, 0.0005624452289292277, 0.0005624452289295809, 0.0005624452289292669, 0.0005624452289293566], [0.4796798337652404, 0.0005427089079310072, 0.0005427089079310072, 0.0005427089079313156, 0.28757325175855947, 0.0005427089079441147, 0.0005427089079397662, 0.0005427089079310118, 0.0005427089079539352, 0.0005427089079310072, 0.0005427089079312493, 0.0005427089079320824, 0.05842531308674492, 0.0005427089079327916, 0.1346051327530627, 0.0005427089079310072, 0.0005427089079368346, 0.026148745938063135, 0.0005427089079310072, 0.0005427089079310072, 0.0005427089079310072, 0.0005427089079310072, 0.0005427089079310072, 0.0005427089079310072, 0.0005427089079310072, 0.0005427089079310072, 0.0005427089079310072, 0.000542708907931283, 0.0005427089079310072, 0.0005427089079310072], [0.16461777103728412, 0.0004605956954582231, 0.0004605956954582231, 0.01712524678899959, 0.6581427352484023, 0.0004605956954582231, 0.0004605956954582231, 0.0004605956954582457, 0.00046059569545824254, 0.0004605956954582231, 0.0004605956954582231, 0.0004605956954582231, 0.0004605956954640152, 0.0004605956954582231, 0.10972871531546975, 0.0004605956954583517, 0.0004605956954653633, 0.038870639223375754, 0.0004605956954582231, 0.0004605956954582231, 0.0004605956954582231, 0.0004605956954582231, 0.0004605956954582231, 0.0004605956954582231, 0.0004605956954582231, 0.0004605956954582231, 0.0004605956954582231, 0.0004605956954582231, 0.0004605956954582231, 0.0004605956954582231], [0.1607742439879586, 0.0005058279214373409, 0.04909541049121853, 0.0005058279214373126, 0.3205640214396959, 0.045039242020724436, 0.0005058279214377751, 0.025671565165341685, 0.000505827921437833, 0.0005058279214372025, 0.0005058279214372101, 0.0005058279214372033, 0.007501229802746677, 0.0005058279214375813, 0.2096697436550599, 0.0005058279214373381, 0.031895952177974356, 0.13916620490909484, 0.0005058279214383865, 0.0005058279214377172, 0.0005058279214372845, 0.0005058279214373055, 0.0005058279214372114, 0.0005058279214374023, 0.0005058279214372025, 0.0005058279214372067, 0.0005058279214372025, 0.0005058279214372226, 0.000505827921437269, 0.0005058279214372025], [0.23396591313303153, 0.0005202792343003132, 0.15114748507556103, 0.0005202792343008641, 0.2971618532483411, 0.0005202792343003584, 0.000520279234303364, 0.0005202792343004516, 0.0005202792343001087, 0.0005202792342997602, 0.0005202792342998031, 0.0005202792342997866, 0.025751998384555167, 0.0005202792342997602, 0.20819167043841888, 0.0005202792343009879, 0.0005202792343006265, 0.0712943780968855, 0.0005202792343027309, 0.0005202792342998196, 0.0005202792342998192, 0.0005202792343001281, 0.0005202792342997635, 0.0005202792342997602, 0.0005202792342997602, 0.0005202792342997991, 0.0005202792342997602, 0.0005202792342998114, 0.0005202792342998092, 0.0005202792342997602], [0.17787724469599084, 0.00040506049799282856, 0.00040506049799282867, 0.0004050604979928405, 0.26824032468532677, 0.22023906294259057, 0.0004050604979928794, 0.0004050604979931614, 0.00040506049799283686, 0.00040506049799282856, 0.00040506049799283425, 0.00040506049799283035, 0.0004050604979931821, 0.00040506049799288787, 0.20948027926403334, 0.0004050604979929064, 0.00040506049799304865, 0.11403657596223633, 0.000405060497993098, 0.00040506049799282954, 0.0004050604979928288, 0.00040506049799304513, 0.0004050604979928441, 0.00040506049799282986, 0.00040506049799282856, 0.00040506049799282856, 0.00040506049799282856, 0.0004050604979928361, 0.00040506049799283, 0.00040506049799282856], [0.22317960305014353, 0.005053200155950976, 0.00046705868092973297, 0.0004670586809297609, 0.26809965081472725, 0.00046705868092975866, 0.00046705868092983136, 0.18377732490123622, 0.00046705868092983, 0.0004670586809297261, 0.0004670586809297268, 0.0004670586809297261, 0.06466850571024169, 0.0004670586809301656, 0.19900818281236454, 0.00046705868092999675, 0.000467058680931401, 0.03465222197696893, 0.00046705868150334753, 0.00046705868092973465, 0.0004670586809297261, 0.011286019597336213, 0.0004670586809297261, 0.0004670586809299819, 0.0004670586809297261, 0.0004670586809297261, 0.0004670586809297285, 0.0004670586809297615, 0.00046705868092973774, 0.0004670586809299681], [0.5579254563135413, 0.0005624931146822463, 0.0005624931146822463, 0.0005624931146822465, 0.23705252885535089, 0.0005624931146823047, 0.0005624931146822463, 0.0005624931146822463, 0.0005624931146822463, 0.0005624931146822463, 0.0005624931146822463, 0.0005624931146822463, 0.000562493114682254, 0.0005624931146822463, 0.14943419715034129, 0.0005624931146822463, 0.0005624931146825296, 0.04096299669902697, 0.000562493114683188, 0.0005624931146822802, 0.0005624931146822834, 0.0005624931146822463, 0.0005624931146822463, 0.0005624931146822463, 0.0005624931146822463, 0.0005624931146822463, 0.0005624931146822463, 0.0005624931146822463, 0.0005624931146822463, 0.0005624931146822463], [0.19132959374856157, 0.0004986817151607384, 0.0004986817151607374, 0.0004986817151607223, 0.31079081951894466, 0.000498681715161077, 0.0004986817151617363, 0.0004986817151607863, 0.0004986817151608427, 0.0004986817151606831, 0.21871187235488432, 0.0004986817151606902, 0.01284208170942869, 0.0004986817151607074, 0.1950065327920892, 0.0004986817151607378, 0.0004986817151611343, 0.059350738712231225, 0.0004986817151619515, 0.0004986817151607841, 0.0004986817151607006, 0.0004986817151609795, 0.0004986817151606831, 0.0004986817151606831, 0.0004986817151606831, 0.0004986817151606831, 0.0004986817151606841, 0.0004986817151606974, 0.0004986817151607526, 0.0004986817151607098], [0.29420029639145506, 0.0005619206599658028, 0.0005619206599657672, 0.035341226333087526, 0.3344703173667791, 0.0005619206599670187, 0.010650458317027703, 0.0005619206599661975, 0.02159764447637384, 0.0005619206599657672, 0.0005619206599657672, 0.0005619206599657698, 0.05452856671673601, 0.0005619206599659131, 0.17882221874094786, 0.0005619206599663014, 0.0005619206600481286, 0.045153943593854766, 0.0005619206599657806, 0.0005619206599657672, 0.0005619206599657672, 0.013434994204371832, 0.0005619206599657932, 0.0005619206599657672, 0.0005619206599657672, 0.0005619206599657672, 0.0005619206599659453, 0.0005619206599657672, 0.0005619206599660914, 0.0005619206599657672], [0.16749631458997738, 0.0005206072010688217, 0.0005206072010688134, 0.000520607201068812, 0.3518408231828632, 0.0005206072010699226, 0.19453058967226147, 0.0005206072010688695, 0.0005206072010689757, 0.000520607201068812, 0.0005206072010690568, 0.0005206072010689047, 0.013019642265104379, 0.0005206072010689191, 0.1912590601326267, 0.0005206072010693038, 0.0005206072010689139, 0.0693589973315122, 0.0005206072010691975, 0.0005206072010688214, 0.0005206072010690147, 0.0005206072010690626, 0.0005206072010688551, 0.000520607201068812, 0.000520607201068812, 0.000520607201068812, 0.000520607201068812, 0.000520607201068812, 0.0005206072010688139, 0.0005206072010688122], [0.2013560245171082, 0.00045618169579023186, 0.00045618169579032645, 0.00045618169579034857, 0.2599326370688069, 0.00045618169579021077, 0.011730491948556031, 0.2185922393965844, 0.0004561816957904513, 0.00045618169579021077, 0.0004561816957903215, 0.00045618169579021077, 0.0839085720415453, 0.0004561816957902738, 0.17572844954416583, 0.0004561816957903078, 0.0004561816957905819, 0.03825940648005676, 0.0004561816957904878, 0.0004561816957903009, 0.00045618169579024487, 0.00045618169579032835, 0.0004561816957902427, 0.00045618169579021077, 0.00045618169579021077, 0.00045618169579021077, 0.00045618169579021077, 0.0004561816957902156, 0.00045618169579035, 0.00045618169579021077], [0.16779849762726154, 0.0003232029726629831, 0.0003232029726629718, 0.00032320297266296463, 0.20241665810587833, 0.00032320297266296664, 0.00032320297266299786, 0.0003232029726629953, 0.000323202972663034, 0.00032320297266296387, 0.0003232029726630439, 0.00032320297266296387, 0.09210905458013179, 0.0003232029726629782, 0.1924818910775212, 0.0003232029726629717, 0.000323202972662964, 0.020720254805101385, 0.01098588276380346, 0.00032320297266296387, 0.00032320297266299233, 0.30605409266905387, 0.00032320297266296387, 0.00032320297266296387, 0.00032320297266296387, 0.0003232029726629682, 0.00032320297266296387, 0.00032320297266296387, 0.00032320297266296734, 0.00032320297266296387], [0.13912774590301233, 0.00046083268402281576, 0.00046083268402281565, 0.00046083268402281636, 0.24834967524151116, 0.00046083268402284254, 0.00046083268402321464, 0.00046083268402284867, 0.29099524697255674, 0.00046083268402281565, 0.0004608326840228296, 0.00046083268402281565, 0.09028284523510796, 0.00046083268402281565, 0.16126623794281136, 0.00046083268402286314, 0.0004608326840228855, 0.0589182642884521, 0.00046083268402282053, 0.00046083268402281565, 0.00046083268402281565, 0.00046083268402288943, 0.0004608326840228265, 0.00046083268402281565, 0.00046083268402281565, 0.00046083268402281565, 0.00046083268402281565, 0.0004608326840228453, 0.0004608326840228428, 0.00046083268402281565], [0.11399861881572929, 0.00044292553570621197, 0.0004429255357061772, 0.0004429255357067081, 0.3302240075089725, 0.0004429255357069054, 0.0004429255357065132, 0.2408202356161772, 0.00044292553570663556, 0.0004429255357061768, 0.00044292553570618145, 0.0004429255357061821, 0.00044292553575635746, 0.0004429255357062002, 0.20456281226743683, 0.0004429255357062485, 0.0004429255357065122, 0.09932118739897666, 0.00044292553570639867, 0.00044292553570622145, 0.00044292553570620264, 0.00044292553570637156, 0.00044292553570618985, 0.0004429255357061787, 0.0004429255357061768, 0.0004429255357061829, 0.00044292553570617803, 0.0004429255357061768, 0.00044292553570617706, 0.0004429255357061768], [0.13833060844674594, 0.0004744623113695333, 0.0004744623113695333, 0.00047446231136953344, 0.245604982125936, 0.0004744623113700823, 0.0004744623113695389, 0.00047446231136954856, 0.0004744623113695351, 0.0004744623113695333, 0.0004744623113696346, 0.0004744623113695333, 0.398521515138425, 0.0004744623113695728, 0.1602226074474683, 0.0004744623113695386, 0.0004744623113695357, 0.04545872905718593, 0.00047446231136955935, 0.0004744623113695452, 0.0004744623113695333, 0.0004744623113695333, 0.00047446231136953534, 0.0004744623113695333, 0.0004744623113695333, 0.0004744623113695333, 0.0004744623113695333, 0.0004744623113695333, 0.00047446231136953626, 0.0004744623113695333], [0.10866937053813662, 0.0004656013091182568, 0.0004656013091182568, 0.0004656013091182568, 0.17826353582270305, 0.00046560130911847615, 0.0004656013091182568, 0.0004656013091186584, 0.00046560130911828105, 0.0004656013091182568, 0.0004656013091182568, 0.0004656013091182568, 0.06602099040731155, 0.0004656013091182568, 0.6164407792838925, 0.0004656013091182568, 0.0004656013091185109, 0.01896529121999