"[[10.979591836734695, 5.653061224489797, 6.8, 7.314285714285714, 6.48447204968944, 5.1428571428571415, 7.1957671957671945, 4.469387755102042, 6.671428571428571, 7.07142857142857, 6.040816326530611, 6.081632653061225, 6.169312169312168, 4.309523809523808, 3.7857142857142847, 6.8994708994708995, 3.2142857142857135, 6.952380952380952, 6.142857142857143, 4.7714285714285705, 7.544973544973544, 4.698412698412699, 3.7999999999999994, 5.628571428571429, 4.8, 3.942857142857143, 3.26984126984127, 3.6, 5.642857142857142, 4.961038961038962, 5.584415584415584, 1.894179894179894, 5.836734693877551, 6.645502645502646, 7.763066202090592, 6.122448979591837, 7.0, 5.814285714285714, 5.384615384615385, 5.885714285714286, 7.386243386243384, 5.326530612244896, 5.6190476190476195, 6.899999999999999, 3.8775510204081627, 3.9183673469387754, 6.137566137566137, 3.7551020408163263, 6.571428571428571, 5.1020408163265305, 5.5, 6.442857142857143, 5.571428571428572, 5.6923076923076925, 5.071428571428572, 5.582417582417583, 4.031746031746032, 6.142857142857143, 5.30952380952381, 6.153846153846154], [5.653061224489797, 14.69387755102041, 7.114285714285714, 8.780952380952382, 9.167701863354038, 7.224489795918366, 8.71957671957672, 4.816326530612244, 7.1000000000000005, 6.199999999999999, 6.326530612244898, 8.857142857142858, 7.894179894179892, 5.095238095238094, 3.9642857142857144, 7.904761904761904, 3.6428571428571423, 6.962962962962963, 6.877551020408163, 4.628571428571427, 7.005291005291005, 5.238095238095239, 5.2285714285714295, 4.457142857142857, 4.885714285714286, 4.9714285714285715, 3.682539682539682, 4.942857142857143, 4.142857142857142, 4.883116883116882, 5.948051948051948, 2.1164021164021163, 6.469387755102041, 7.089947089947089, 9.226480836236936, 5.142857142857142, 6.314285714285715, 6.2, 6.967032967032965, 7.057142857142856, 7.693121693121693, 5.020408163265305, 7.83068783068783, 8.028571428571428, 3.5510204081632657, 5.061224489795918, 6.730158730158729, 3.877551020408163, 5.122448979591836, 3.2653061224489797, 5.666666666666666, 6.285714285714285, 4.457142857142857, 6.087912087912089, 4.785714285714285, 5.736263736263735, 4.031746031746032, 5.542857142857143, 5.666666666666667, 4.835164835164836], [6.8, 7.114285714285714, 16.46, 6.773333333333333, 8.530434782608696, 8.614285714285714, 9.666666666666664, 7.885714285714286, 10.810000000000002, 8.010000000000002, 7.3, 6.5142857142857125, 9.4, 4.5166666666666675, 3.6499999999999995, 9.488888888888887, 6.175000000000001, 10.459259259259259, 9.057142857142859, 4.880000000000001, 8.77037037037037, 5.155555555555556, 4.94, 5.32, 4.880000000000001, 4.82, 3.911111111111111, 5.5600000000000005, 6.733333333333333, 5.072727272727272, 6.745454545454546, 2.6148148148148147, 7.37142857142857, 9.459259259259259, 12.09268292682927, 7.1428571428571415, 9.47, 8.4, 7.046153846153848, 7.790000000000001, 10.474074074074071, 5.057142857142857, 9.148148148148149, 9.010000000000002, 3.828571428571429, 5.057142857142857, 9.044444444444444, 4.199999999999999, 8.128571428571428, 4.685714285714286, 6.633333333333332, 8.510000000000002, 6.24, 7.33846153846154, 6.0166666666666675, 7.461538461538463, 5.533333333333333, 7.48, 7.9, 7.630769230769231], [7.314285714285714, 8.780952380952382, 6.773333333333333, 17.06666666666667, 10.005797101449275, 8.952380952380953, 7.002469135802469, 5.257142857142857, 8.813333333333333, 9.280000000000001, 8.342857142857143, 7.657142857142857, 8.375308641975309, 5.933333333333333, 4.266666666666667, 7.634567901234567, 4.133333333333334, 7.634567901234568, 6.666666666666666, 5.946666666666666, 7.259259259259259, 5.8962962962962955, 5.1466666666666665, 5.76, 4.746666666666667, 4.720000000000001, 3.2, 4.693333333333333, 5.422222222222222, 5.721212121212122, 6.836363636363636, 0.8987654320987654, 5.771428571428571, 7.555555555555555, 8.364227642276424, 6.780952380952381, 7.8533333333333335, 6.653333333333333, 7.630769230769231, 7.026666666666666, 8.34567901234568, 5.6571428571428575, 8.335802469135801, 8.319999999999999, 3.9619047619047616, 5.866666666666666, 8.43456790123457, 5.142857142857142, 6.761904761904763, 6.133333333333333, 4.888888888888889, 7.346666666666667, 5.413333333333333, 6.523076923076924, 5.977777777777778, 5.6, 4.829629629629629, 6.506666666666667, 5.933333333333333, 6.625641025641027], [6.48447204968944, 9.167701863354038, 8.530434782608696, 10.005797101449275, 19.720226843100193, 7.304347826086957, 13.687600644122382, 7.142857142857143, 9.895652173913042, 11.130434782608697, 7.614906832298137, 8.894409937888199, 10.776167471819646, 6.97101449275362, 3.6956521739130435, 9.352657004830917, 5.913043478260869, 11.922705314009661, 7.366459627329193, 6.069565217391306, 8.85024154589372, 7.053140096618358, 5.391304347826087, 4.9913043478260875, 4.747826086956522, 5.756521739130434, 4.425120772946859, 5.373913043478261, 5.565217391304348, 4.189723320158103, 6.735177865612649, 2.6795491143317225, 7.155279503105591, 6.692431561996779, 12.02120890774125, 6.670807453416149, 8.626086956521739, 6.939130434782609, 8.053511705685619, 9.313043478260871, 9.971014492753625, 7.279503105590062, 9.268921095008052, 9.886956521739132, 3.726708074534162, 7.50310559006211, 10.177133655394526, 4.472049689440993, 8.472049689440993, 4.472049689440993, 6.188405797101449, 7.730434782608695, 6.1913043478260885, 8.227424749163879, 8.17391304347826, 8.936454849498327, 6.280193236714975, 7.826086956521738, 7.405797101449275, 5.5785953177257515], [5.1428571428571415, 7.224489795918366, 8.614285714285714, 8.952380952380953, 7.304347826086957, 14.857142857142861, 5.417989417989418, 6.285714285714285, 8.042857142857141, 6.557142857142857, 6.9183673469387745, 6.8571428571428585, 8.19047619047619, 4.714285714285713, 3.999999999999999, 8.275132275132275, 4.142857142857142, 8.126984126984127, 6.673469387755102, 4.657142857142857, 6.952380952380951, 4.222222222222222, 4.571428571428571, 4.371428571428571, 3.599999999999999, 4.114285714285714, 3.7142857142857144, 5.257142857142858, 5.619047619047619, 5.79220779220779, 5.454545454545454, 1.947089947089947, 4.857142857142857, 6.518518518518519, 7.533101045296169, 5.714285714285714, 6.485714285714284, 5.757142857142857, 5.912087912087912, 5.428571428571428, 6.825396825396825, 3.3061224489795915, 5.439153439153439, 6.57142857142857, 3.3877551020408165, 5.061224489795918, 7.809523809523808, 4.4897959183673475, 6.265306122448978, 4.2857142857142865, 4.119047619047619, 5.357142857142857, 3.4571428571428573, 5.626373626373626, 4.928571428571428, 5.582417582417582, 3.936507936507936, 6.171428571428573, 5.238095238095238, 5.648351648351648], [7.1957671957671945, 8.71957671957672, 9.666666666666664, 7.002469135802469, 13.687600644122382, 5.417989417989418, 18.842249657064475, 7.9259259259259265, 10.585185185185184, 10.177777777777779, 6.56084656084656, 7.746031746031745, 11.950617283950619, 7.740740740740739, 5.092592592592592, 10.3758573388203, 6.166666666666668, 11.182441700960219, 8.455026455026456, 6.207407407407407, 9.766803840877916, 7.851851851851852, 6.044444444444444, 6.325925925925925, 5.955555555555556, 6.607407407407408, 4.2633744855967075, 5.5851851851851855, 5.999999999999998, 5.85858585858586, 7.69023569023569, 3.522633744855967, 8.444444444444445, 8.548696844993142, 12.928635953026195, 8.698412698412698, 10.007407407407406, 7.666666666666667, 7.339031339031339, 8.525925925925925, 10.781893004115226, 8.232804232804233, 11.65432098765432, 10.155555555555555, 4.190476190476191, 6.857142857142858, 8.70233196159122, 4.804232804232804, 7.851851851851851, 4.3809523809523805, 8.864197530864196, 9.377777777777778, 7.644444444444444, 8.945868945868947, 8.222222222222221, 9.162393162393164, 6.255144032921811, 7.9259259259259265, 9.469135802469136, 6.1766381766381775], [4.469387755102042, 4.816326530612244, 7.885714285714286, 5.257142857142857, 7.142857142857143, 6.285714285714285, 7.9259259259259265, 11.551020408163266, 7.628571428571428, 6.385714285714285, 5.469387755102041, 5.448979591836734, 7.608465608465608, 5.499999999999999, 3.107142857142857, 6.772486772486773, 4.7142857142857135, 7.470899470899471, 7.1224489795918355, 4.457142857142856, 6.042328042328042, 3.6190476190476186, 4.085714285714285, 4.114285714285714, 4.085714285714286, 4.371428571428572, 3.1428571428571423, 3.771428571428572, 4.238095238095238, 4.12987012987013, 4.311688311688311, 1.873015873015873, 5.204081632653061, 6.857142857142858, 10.006968641114982, 6.122448979591837, 6.857142857142857, 5.442857142857142, 6.175824175824177, 6.171428571428572, 7.629629629629628, 4.36734693877551, 7.238095238095238, 6.357142857142857, 2.8571428571428577, 3.9999999999999996, 6.455026455026455, 3.387755102040816, 5.510204081632653, 2.7755102040816326, 4.928571428571429, 6.385714285714286, 3.742857142857143, 5.714285714285715, 3.833333333333333, 5.340659340659341, 4.3809523809523805, 4.942857142857143, 6.095238095238095, 4.923076923076923], [6.671428571428571, 7.1000000000000005, 10.810000000000002, 8.813333333333333, 9.895652173913042, 8.042857142857141, 10.585185185185184, 7.628571428571428, 15.82, 9.97, 6.571428571428571, 7.7714285714285705, 9.592592592592592, 5.566666666666667, 4.425000000000001, 9.77037037037037, 6.1, 9.414814814814815, 8.085714285714285, 5.520000000000001, 8.222222222222223, 5.444444444444445, 5.36, 5.2, 5.0, 4.96, 3.688888888888889, 5.159999999999999, 5.933333333333334, 4.8, 6.327272727272727, 2.2296296296296294, 6.485714285714287, 9.237037037037037, 10.219512195121952, 7.3, 8.790000000000001, 7.07, 6.846153846153846, 8.23, 10.3037037037037, 5.571428571428571, 9.333333333333332, 8.809999999999999, 3.6857142857142855, 5.057142857142856, 8.237037037037037, 4.800000000000001, 6.899999999999999, 4.142857142857142, 6.933333333333332, 8.73, 7.5, 8.430769230769233, 6.966666666666666, 6.984615384615385, 5.266666666666667, 7.200000000000001, 7.95, 6.707692307692309], [7.07142857142857, 6.199999999999999, 8.010000000000002, 9.280000000000001, 11.130434782608697, 6.557142857142857, 10.177777777777779, 6.385714285714285, 9.97, 14.760000000000002, 7.7142857142857135, 7.5, 8.562962962962963, 6.3833333333333355, 4.824999999999999, 8.68148148148148, 4.75, 9.822222222222223, 6.457142857142857, 5.58, 7.177777777777777, 6.0, 4.98, 5.74, 5.0200000000000005, 4.28, 3.5333333333333328, 4.66, 5.516666666666667, 4.909090909090909, 7.3090909090909095, 1.962962962962963, 6.171428571428572, 8.022222222222222, 10.18536585365854, 6.3, 8.200000000000001, 6.699999999999999, 6.092307692307694, 8.379999999999999, 10.696296296296296, 5.214285714285714, 9.325925925925926, 7.6800000000000015, 3.8, 4.942857142857143, 8.022222222222222, 4.257142857142857, 6.842857142857142, 5.057142857142857, 4.716666666666666, 7.010000000000001, 6.84, 6.784615384615385, 7.816666666666666, 7.369230769230769, 4.777777777777777, 7.72, 6.300000000000001, 5.9384615384615405], [6.040816326530611, 6.326530612244898, 7.3, 8.342857142857143, 7.614906832298137, 6.9183673469387745, 6.56084656084656, 5.469387755102041, 6.571428571428571, 7.7142857142857135, 13.63265306122449, 5.489795918367347, 7.322751322751322, 6.071428571428571, 3.3571428571428568, 6.3386243386243395, 3.8571428571428577, 8.624338624338623, 4.734693877551019, 4.17142857142857, 6.201058201058202, 4.0, 4.257142857142857, 4.228571428571429, 3.8, 4.0, 3.3650793650793642, 3.9714285714285715, 5.452380952380952, 5.506493506493506, 6.051948051948051, 1.0687830687830688, 4.673469387755102, 7.968253968253967, 9.121951219512194, 6.571428571428572, 6.314285714285714, 6.114285714285714, 5.736263736263737, 5.942857142857142, 8.56084656084656, 4.775510204081632, 8.465608465608463, 8.085714285714285, 2.979591836734693, 5.10204081632653, 7.809523809523808, 3.1020408163265305, 5.959183673469386, 4.285714285714286, 4.2142857142857135, 6.37142857142857, 3.057142857142857, 5.1208791208791204, 5.19047619047619, 5.450549450549451, 3.1428571428571423, 5.885714285714286, 5.5476190476190474, 5.846153846153846], [6.081632653061225, 8.857142857142858, 6.5142857142857125, 7.657142857142857, 8.894409937888199, 6.8571428571428585, 7.746031746031745, 5.448979591836734, 7.7714285714285705, 7.5, 5.489795918367347, 14.653061224489797, 7.904761904761904, 4.285714285714285, 3.7857142857142847, 8.719576719576718, 3.5357142857142856, 7.756613756613756, 7.42857142857143, 5.257142857142856, 6.973544973544973, 4.2857142857142865, 4.3428571428571425, 3.8857142857142852, 4.542857142857143, 4.942857142857143, 3.555555555555555, 4.514285714285714, 4.166666666666666, 4.415584415584416, 4.857142857142857, 1.164021164021164, 6.244897959183673, 6.328042328042329, 8.634146341463415, 4.693877551020408, 6.314285714285715, 5.457142857142857, 7.758241758241759, 6.242857142857143, 9.25925925925926, 5.081632653061224, 6.888888888888889, 8.057142857142857, 3.7142857142857135, 3.8775510204081627, 7.3015873015873005, 3.714285714285714, 5.775510204081632, 3.4285714285714284, 4.642857142857142, 5.87142857142857, 4.885714285714286, 6.5054945054945055, 5.523809523809524, 6.54945054945055, 4.507936507936508, 6.571428571428571, 5.166666666666667, 4.637362637362638], [6.169312169312168, 7.894179894179892, 9.4, 8.375308641975309, 10.776167471819646, 8.19047619047619, 11.950617283950619, 7.608465608465608, 9.592592592592592, 8.562962962962963, 7.322751322751322, 7.904761904761904, 16.131687242798357, 7.6913580246913575, 3.9629629629629632, 10.096021947873798, 5.87037037037037, 10.677640603566529, 7.6719576719576725, 6.177777777777778, 9.31687242798354, 5.530864197530864, 6.162962962962962, 5.7333333333333325, 5.244444444444444, 5.614814814814815, 4.181069958847736, 5.762962962962962, 6.7407407407407405, 6.303030303030303, 8.61952861952862, 2.699588477366255, 7.650793650793652, 8.949245541838133, 11.244805781391145, 8.402116402116402, 8.666666666666664, 8.362962962962962, 8.752136752136753, 7.622222222222222, 11.53360768175583, 6.518518518518518, 11.155006858710564, 9.31111111111111, 3.999999999999999, 5.1005291005291005, 10.238683127572015, 4.380952380952381, 7.343915343915344, 4.19047619047619, 6.864197530864197, 8.770370370370369, 5.659259259259259, 8.284900284900285, 6.851851851851851, 8.056980056980056, 6.88065843621399, 6.68148148148148, 8.444444444444445, 8.159544159544161], [4.309523809523808, 5.095238095238094, 4.5166666666666675, 5.933333333333333, 6.97101449275362, 4.714285714285713, 7.740740740740739, 5.499999999999999, 5.566666666666667, 6.3833333333333355, 6.071428571428571, 4.285714285714285, 7.6913580246913575, 13.83333333333333, 4.166666666666667, 6.185185185185183, 2.8749999999999996, 6.098765432098766, 4.69047619047619, 5.1, 6.851851851851851, 4.259259259259259, 3.8333333333333335, 3.433333333333334, 3.666666666666667, 3.6333333333333337, 2.4444444444444446, 4.1, 3.5555555555555554, 3.8484848484848477, 4.333333333333333, 3.7901234567901234, 4.190476190476191, 5.345679012345679, 8.682926829268293, 5.023809523809523, 5.033333333333332, 4.883333333333333, 4.435897435897436, 5.216666666666666, 7.5555555555555545, 4.309523809523809, 10.518518518518519, 5.616666666666666, 3.1428571428571423, 3.8571428571428568, 6.234567901234567, 2.4285714285714284, 5.642857142857142, 3.523809523809523, 3.5277777777777777, 6.7, 2.7333333333333334, 4.666666666666667, 3.972222222222223, 5.205128205128205, 3.1481481481481484, 3.166666666666668, 5.166666666666667, 3.9230769230769234], [3.7857142857142847, 3.9642857142857144, 3.6499999999999995, 4.266666666666667, 3.6956521739130435, 3.999999999999999, 5.092592592592592, 3.107142857142857, 4.425000000000001, 4.824999999999999, 3.3571428571428568, 3.7857142857142847, 3.9629629629629632, 4.166666666666667, 13.5, 4.481481481481482, 2.125, 3.2222222222222214, 4.607142857142857, 3.4499999999999997, 5.462962962962964, 3.1111111111111103, 3.0500000000000003, 4.1, 3.2, 2.2, 2.2777777777777777, 3.2, 3.541666666666666, 3.681818181818182, 4.2272727272727275, 1.62962962962963, 4.249999999999999, 4.5740740740740735, 6.426829268292683, 2.964285714285714, 4.625, 3.475, 2.8461538461538467, 4.174999999999999, 4.111111111111111, 3.071428571428571, 4.333333333333333, 4.55, 2.0, 2.5714285714285716, 3.3518518518518516, 3.0714285714285707, 4.607142857142856, 3.285714285714285, 3.25, 4.125, 3.5500000000000003, 3.153846153846154, 3.1666666666666665, 3.384615384615384, 2.9444444444444446, 2.5000000000000004, 3.25, 3.0], [6.8994708994708995, 7.904761904761904, 9.488888888888887, 7.634567901234567, 9.352657004830917, 8.275132275132275, 10.3758573388203, 6.772486772486773, 9.77037037037037, 8.68148148148148, 6.3386243386243395, 8.719576719576718, 10.096021947873798, 6.185185185185183, 4.481481481481482, 15.001371742112486, 5.685185185185185, 8.631001371742112, 8.677248677248677, 4.7555555555555555, 8.137174211248285, 5.925925925925926, 5.5851851851851855, 5.244444444444445, 5.303703703703704, 6.874074074074074, 3.9835390946502063, 4.755555555555555, 5.641975308641975, 5.562289562289561, 7.434343434343434, 2.375857338820302, 7.6084656084656075, 9.36076817558299, 11.551942186088528, 7.3968253968253945, 9.111111111111112, 7.629629629629631, 7.293447293447294, 7.607407407407406, 11.29766803840878, 6.211640211640211, 10.266117969821673, 8.881481481481483, 4.550264550264551, 5.333333333333333, 9.519890260631, 4.042328042328043, 8.476190476190476, 5.354497354497354, 6.444444444444444, 8.014814814814816, 6.933333333333334, 7.658119658119659, 7.85185185185185, 8.102564102564102, 5.613168724279835, 8.725925925925926, 8.617283950617285, 6.598290598290598], [3.2142857142857135, 3.6428571428571423, 6.175000000000001, 4.133333333333334, 5.913043478260869, 4.142857142857142, 6.166666666666668, 4.7142857142857135, 6.1, 4.75, 3.8571428571428577, 3.5357142857142856, 5.87037037037037, 2.8749999999999996, 2.125, 5.685185185185185, 13.875, 5.0740740740740735, 5.821428571428571, 2.8499999999999996, 4.740740740740741, 3.2222222222222223, 3.1000000000000005, 2.8500000000000005, 2.4, 4.1, 2.3333333333333335, 3.0, 3.8749999999999996, 2.1363636363636362, 3.7272727272727266, 0.7592592592592593, 5.0, 5.7407407407407405, 6.439024390243903, 4.107142857142857, 4.625, 4.575, 3.3461538461538463, 5.375, 6.814814814814814, 3.4999999999999996, 4.851851851851851, 4.025, 2.7857142857142847, 3.4285714285714284, 5.0740740740740735, 2.571428571428571, 5.535714285714285, 2.1428571428571423, 4.208333333333333, 4.4, 3.249999999999999, 3.692307692307693, 3.291666666666666, 4.153846153846153, 3.7222222222222223, 3.8999999999999995, 4.458333333333333, 4.384615384615385], [6.952380952380952, 6.962962962962963, 10.459259259259259, 7.634567901234568, 11.922705314009661, 8.126984126984127, 11.182441700960219, 7.470899470899471, 9.414814814814815, 9.822222222222223, 8.624338624338623, 7.756613756613756, 10.677640603566529, 6.098765432098766, 3.2222222222222214, 8.631001371742112, 5.0740740740740735, 19.259259259259263, 7.216931216931217, 5.214814814814814, 8.466392318244171, 4.016460905349794, 3.748148148148148, 3.9407407407407415, 4.874074074074074, 4.681481481481481, 3.2263374485596708, 4.177777777777777, 5.679012345679012, 6.154882154882155, 5.441077441077441, 4.5157750342935525, 7.015873015873016, 8.46090534979424, 11.34598012646793, 6.751322751322751, 8.185185185185185, 7.2592592592592595, 7.623931623931625, 8.096296296296297, 10.128943758573389, 6.825396825396824, 6.705075445816187, 9.651851851851854, 3.534391534391534, 6.074074074074074, 8.773662551440328, 3.9788359788359786, 8.539682539682538, 4.317460317460317, 6.222222222222221, 8.251851851851852, 6.044444444444444, 7.66951566951567, 7.037037037037036, 8.786324786324787, 5.465020576131686, 8.533333333333333, 7.160493827160494, 8.011396011396013], [6.142857142857143, 6.877551020408163, 9.057142857142859, 6.666666666666666, 7.366459627329193, 6.673469387755102, 8.455026455026456, 7.1224489795918355, 8.085714285714285, 6.457142857142857, 4.734693877551019, 7.42857142857143, 7.6719576719576725, 4.69047619047619, 4.607142857142857, 8.677248677248677, 5.821428571428571, 7.216931216931217, 18.0, 5.0285714285714285, 8.740740740740739, 4.126984126984127, 3.971428571428571, 5.571428571428572, 5.685714285714285, 6.142857142857143, 3.142857142857143, 6.0, 5.595238095238095, 3.896103896103896, 5.272727272727273, 0.7407407407407407, 9.163265306122447, 8.73015873015873, 11.693379790940766, 5.693877551020408, 7.37142857142857, 8.37142857142857, 7.912087912087912, 8.942857142857141, 9.735449735449736, 6.36734693877551, 9.407407407407408, 7.414285714285715, 5.306122448979592, 5.26530612244898, 8.359788359788359, 3.836734693877551, 8.081632653061224, 5.795918367346939, 7.095238095238095, 8.17142857142857, 5.571428571428571, 8.725274725274726, 4.238095238095238, 7.340659340659341, 7.301587301587302, 4.857142857142858, 7.26190476190476, 6.681318681318682], [4.7714285714285705, 4.628571428571427, 4.880000000000001, 5.946666666666666, 6.069565217391306, 4.657142857142857, 6.207407407407407, 4.457142857142856, 5.520000000000001, 5.58, 4.17142857142857, 5.257142857142856, 6.177777777777778, 5.1, 3.4499999999999997, 4.7555555555555555, 2.8499999999999996, 5.214814814814814, 5.0285714285714285, 13.2, 5.496296296296297, 3.866666666666667, 3.6000000000000005, 3.6400000000000006, 3.000000000000001, 2.9600000000000004, 2.488888888888889, 3.5200000000000005, 4.133333333333334, 3.2727272727272734, 4.181818181818182, 0.8000000000000002, 4.514285714285713, 4.444444444444444, 7.42439024390244, 4.171428571428572, 5.460000000000001, 4.4, 4.4, 4.9, 4.42962962962963, 4.457142857142856, 6.414814814814816, 5.4799999999999995, 2.6857142857142855, 3.714285714285714, 4.192592592592592, 2.742857142857143, 3.8571428571428568, 3.8285714285714283, 4.033333333333333, 5.780000000000001, 4.360000000000001, 4.492307692307692, 3.9333333333333336, 4.369230769230769, 4.355555555555556, 3.8800000000000003, 4.233333333333333, 4.492307692307693], [7.544973544973544, 7.005291005291005, 8.77037037037037, 7.259259259259259, 8.85024154589372, 6.952380952380951, 9.766803840877916, 6.042328042328042, 8.222222222222223, 7.177777777777777, 6.201058201058202, 6.973544973544973, 9.31687242798354, 6.851851851851851, 5.462962962962964, 8.137174211248285, 4.740740740740741, 8.466392318244171, 8.740740740740739, 5.496296296296297, 20.005486968449933, 5.5967078189300405, 4.177777777777778, 5.54074074074074, 5.822222222222223, 5.022222222222223, 3.6049382716049387, 5.451851851851852, 9.617283950617285, 7.057239057239057, 6.774410774410775, 7.698216735253772, 7.703703703703702, 7.791495198902606, 12.242095754290874, 7.523809523809524, 8.503703703703703, 8.674074074074072, 6.8945868945868956, 7.888888888888888, 10.17832647462277, 6.793650793650793, 8.96570644718793, 8.296296296296296, 4.232804232804233, 4.444444444444444, 8.241426611796983, 4.317460317460318, 7.693121693121693, 4.296296296296296, 6.320987654320987, 10.259259259259258, 4.518518518518518, 6.962962962962965, 4.987654320987653, 7.270655270655271, 5.415637860082303, 5.6296296296296315, 6.2716049382716035, 5.982905982905983], [4.698412698412699, 5.238095238095239, 5.155555555555556, 5.8962962962962955, 7.053140096618358, 4.222222222222222, 7.851851851851852, 3.6190476190476186, 5.444444444444445, 6.0, 4.0, 4.2857142857142865, 5.530864197530864, 4.259259259259259, 3.1111111111111103, 5.925925925925926, 3.2222222222222223, 4.016460905349794, 4.126984126984127, 3.866666666666667, 5.5967078189300405, 13.1358024691358, 4.533333333333334, 4.8, 4.044444444444444, 4.311111111111111, 3.3086419753086416, 4.222222222222222, 4.407407407407407, 4.242424242424242, 6.181818181818182, 2.074074074074074, 4.6984126984126995, 5.333333333333333, 7.92411924119241, 5.269841269841271, 6.133333333333334, 4.688888888888889, 4.068376068376068, 5.222222222222221, 5.580246913580247, 4.222222222222222, 7.588477366255144, 6.133333333333333, 3.746031746031745, 4.952380952380952, 5.267489711934156, 3.8730158730158726, 3.6507936507936507, 4.063492063492063, 3.851851851851851, 5.444444444444444, 4.488888888888888, 5.435897435897436, 5.8888888888888875, 4.854700854700855, 3.4074074074074074, 5.733333333333333, 4.592592592592592, 3.794871794871795], [3.7999999999999994, 5.2285714285714295, 4.94, 5.1466666666666665, 5.391304347826087, 4.571428571428571, 6.044444444444444, 4.085714285714285, 5.36, 4.98, 4.257142857142857, 4.3428571428571425, 6.162962962962962, 3.8333333333333335, 3.0500000000000003, 5.5851851851851855, 3.1000000000000005, 3.748148148148148, 3.971428571428571, 3.6000000000000005, 4.177777777777778, 4.533333333333334, 11.760000000000005, 3.920000000000001, 3.0, 4.08, 4.577777777777778, 3.9600000000000004, 3.9000000000000004, 4.472727272727273, 5.672727272727273, 1.3333333333333333, 5.314285714285715, 4.844444444444444, 6.848780487804879, 4.285714285714286, 5.4, 3.940000000000001, 4.184615384615385, 4.66, 5.748148148148149, 2.7714285714285714, 6.962962962962962, 5.26, 2.7428571428571424, 3.2, 4.296296296296297, 3.314285714285714, 3.7714285714285714, 3.2571428571428567, 3.833333333333333, 3.9200000000000004, 4.32, 4.9846153846153864, 4.9, 4.553846153846154, 3.333333333333333, 4.36, 4.5, 3.846153846153846], [5.628571428571429, 4.457142857142857, 5.32, 5.76, 4.9913043478260875, 4.371428571428571, 6.325925925925925, 4.114285714285714, 5.2, 5.74, 4.228571428571429, 3.8857142857142852, 5.7333333333333325, 3.433333333333334, 4.1, 5.244444444444445, 2.8500000000000005, 3.9407407407407415, 5.571428571428572, 3.6400000000000006, 5.54074074074074, 4.8, 3.920000000000001, 12.560000000000002, 4.960000000000003, 3.3600000000000008, 4.311111111111111, 4.320000000000001, 5.1, 4.7272727272727275, 6.218181818181819, 1.9111111111111112, 5.485714285714286, 6.562962962962962, 7.121951219512196, 5.914285714285714, 8.02, 5.28, 5.230769230769232, 6.22, 6.222222222222222, 4.314285714285715, 6.859259259259259, 6.16, 4.3428571428571425, 3.942857142857142, 5.333333333333333, 4.228571428571429, 5.171428571428571, 3.5999999999999996, 4.9, 5.8999999999999995, 4.560000000000001, 5.2615384615384615, 4.800000000000001, 4.676923076923078, 3.688888888888889, 5.240000000000001, 5.1000000000000005, 5.476923076923077], [4.8, 4.885714285714286, 4.880000000000001, 4.746666666666667, 4.747826086956522, 3.599999999999999, 5.955555555555556, 4.085714285714286, 5.0, 5.0200000000000005, 3.8, 4.542857142857143, 5.244444444444444, 3.666666666666667, 3.2, 5.303703703703704, 2.4, 4.874074074074074, 5.685714285714285, 3.000000000000001, 5.822222222222223, 4.044444444444444, 3.0, 4.960000000000003, 10.880000000000003, 3.0399999999999996, 2.6222222222222222, 3.8800000000000003, 3.8000000000000003, 4.9818181818181815, 4.981818181818182, 0.5333333333333333, 5.342857142857143, 5.392592592592592, 6.341463414634148, 4.857142857142858, 4.880000000000002, 5.040000000000001, 5.076923076923077, 5.140000000000001, 5.792592592592592, 4.485714285714286, 5.999999999999999, 5.040000000000001, 3.771428571428571, 2.685714285714286, 4.9037037037037035, 3.0857142857142854, 4.142857142857142, 2.742857142857143, 4.533333333333333, 5.4399999999999995, 3.5600000000000014, 4.892307692307693, 3.3666666666666676, 4.76923076923077, 3.155555555555555, 4.16, 4.066666666666666, 4.953846153846154], [3.942857142857143, 4.9714285714285715, 4.82, 4.720000000000001, 5.756521739130434, 4.114285714285714, 6.607407407407408, 4.371428571428572, 4.96, 4.28, 4.0, 4.942857142857143, 5.614814814814815, 3.6333333333333337, 2.2, 6.874074074074074, 4.1, 4.681481481481481, 6.142857142857143, 2.9600000000000004, 5.022222222222223, 4.311111111111111, 4.08, 3.3600000000000008, 3.0399999999999996, 11.52, 3.422222222222222, 3.3600000000000003, 3.8000000000000007, 4.327272727272727, 4.654545454545454, 0.6222222222222222, 4.8, 5.881481481481482, 6.663414634146344, 4.9714285714285715, 4.92, 5.140000000000001, 4.861538461538462, 4.500000000000001, 7.451851851851852, 5.228571428571429, 6.192592592592591, 5.74, 3.0857142857142854, 4.857142857142858, 5.792592592592594, 3.1428571428571423, 4.228571428571428, 3.3142857142857136, 4.033333333333333, 5.619999999999999, 3.7600000000000007, 5.630769230769232, 4.300000000000001, 4.738461538461539, 3.866666666666667, 5.560000000000002, 5.333333333333334, 3.1692307692307695], [3.26984126984127, 3.682539682539682, 3.911111111111111, 3.2, 4.425120772946859, 3.7142857142857144, 4.2633744855967075, 3.1428571428571423, 3.688888888888889, 3.5333333333333328, 3.3650793650793642, 3.555555555555555, 4.181069958847736, 2.4444444444444446, 2.2777777777777777, 3.9835390946502063, 2.3333333333333335, 3.2263374485596708, 3.142857142857143, 2.488888888888889, 3.6049382716049387, 3.3086419753086416, 4.577777777777778, 4.311111111111111, 2.6222222222222222, 3.422222222222222, 11.65432098765432, 3.422222222222222, 4.111111111111111, 4.242424242424242, 5.090909090909091, 2.0246913580246915, 4.0, 4.246913580246914, 5.853658536585367, 4.031746031746032, 5.155555555555555, 3.3555555555555556, 3.8632478632478637, 4.377777777777778, 3.967078189300411, 3.2063492063492056, 3.950617283950617, 4.71111111111111, 2.9841269841269837, 3.5555555555555554, 4.098765432098765, 3.1746031746031744, 3.5238095238095233, 1.7142857142857142, 2.6296296296296298, 3.2888888888888888, 2.977777777777778, 3.897435897435898, 4.37037037037037, 4.068376068376068, 2.518518518518518, 3.7777777777777777, 2.9999999999999996, 3.316239316239316], [3.6, 4.942857142857143, 5.5600000000000005, 4.693333333333333, 5.373913043478261, 5.257142857142858, 5.5851851851851855, 3.771428571428572, 5.159999999999999, 4.66, 3.9714285714285715, 4.514285714285714, 5.762962962962962, 4.1, 3.2, 4.755555555555555, 3.0, 4.177777777777777, 6.0, 3.5200000000000005, 5.451851851851852, 4.222222222222222, 3.9600000000000004, 4.320000000000001, 3.8800000000000003, 3.3600000000000003, 3.422222222222222, 10.88, 4.6000000000000005, 3.9636363636363634, 4.727272727272728, 1.837037037037037, 4.685714285714285, 5.081481481481482, 6.760975609756098, 4.057142857142858, 4.7, 5.32, 4.307692307692308, 5.66, 5.496296296296297, 3.2571428571428576, 7.392592592592592, 4.46, 3.0857142857142854, 4.0, 5.466666666666666, 3.2571428571428567, 3.8857142857142857, 3.4857142857142858, 3.7, 5.280000000000001, 3.24, 5.1692307692307695, 4.066666666666666, 4.676923076923077, 2.666666666666666, 3.24, 3.633333333333333, 4.1230769230769235], [5.642857142857142, 4.142857142857142, 6.733333333333333, 5.422222222222222, 5.565217391304348, 5.619047619047619, 5.999999999999998, 4.238095238095238, 5.933333333333334, 5.516666666666667, 5.452380952380952, 4.166666666666666, 6.7407407407407405, 3.5555555555555554, 3.541666666666666, 5.641975308641975, 3.8749999999999996, 5.679012345679012, 5.595238095238095, 4.133333333333334, 9.617283950617285, 4.407407407407407, 3.9000000000000004, 5.1, 3.8000000000000003, 3.8000000000000007, 4.111111111111111, 4.6000000000000005, 14.055555555555554, 5.484848484848484, 7.272727272727272, 3.7777777777777777, 6.523809523809525, 6.3580246913580245, 7.463414634146341, 5.785714285714285, 6.8500000000000005, 6.733333333333333, 4.897435897435897, 6.416666666666668, 7.530864197530865, 4.261904761904762, 6.358024691358025, 5.816666666666667, 3.619047619047619, 3.5238095238095233, 7.333333333333332, 3.0, 6.119047619047617, 4.3809523809523805, 4.694444444444445, 6.166666666666667, 4.166666666666666, 5.358974358974359, 4.888888888888889, 5.358974358974359, 4.185185185185185, 5.066666666666666, 4.833333333333333, 5.3589743589743595], [4.961038961038962, 4.883116883116882, 5.072727272727272, 5.721212121212122, 4.189723320158103, 5.79220779220779, 5.85858585858586, 4.12987012987013, 4.8, 4.909090909090909, 5.506493506493506, 4.415584415584416, 6.303030303030303, 3.8484848484848477, 3.681818181818182, 5.562289562289561, 2.1363636363636362, 6.154882154882155, 3.896103896103896, 3.2727272727272734, 7.057239057239057, 4.242424242424242, 4.472727272727273, 4.7272727272727275, 4.9818181818181815, 4.327272727272727, 4.242424242424242, 3.9636363636363634, 5.484848484848484, 12.561983471074385, 7.140495867768594, 1.3872053872053873, 4.883116883116883, 6.356902356902357, 6.900221729490022, 6.233766233766235, 5.727272727272727, 5.2727272727272725, 5.538461538461539, 4.727272727272726, 5.535353535353535, 4.337662337662338, 5.481481481481482, 6.181818181818182, 3.5324675324675328, 4.467532467532467, 4.969696969696969, 4.467532467532468, 4.155844155844156, 3.012987012987013, 3.8787878787878785, 5.927272727272726, 2.909090909090909, 4.755244755244757, 4.999999999999999, 4.531468531468531, 2.5050505050505047, 5.018181818181818, 4.181818181818182, 5.202797202797203], [5.584415584415584, 5.948051948051948, 6.745454545454546, 6.836363636363636, 6.735177865612649, 5.454545454545454, 7.69023569023569, 4.311688311688311, 6.327272727272727, 7.3090909090909095, 6.051948051948051, 4.857142857142857, 8.61952861952862, 4.333333333333333, 4.2272727272727275, 7.434343434343434, 3.7272727272727266, 5.441077441077441, 5.272727272727273, 4.181818181818182, 6.774410774410775, 6.181818181818182, 5.672727272727273, 6.218181818181819, 4.981818181818182, 4.654545454545454, 5.090909090909091, 4.727272727272728, 7.272727272727272, 7.140495867768594, 14.87603305785124, 0.835016835016835, 6.363636363636364, 8.377104377104377, 9.472283813747229, 7.194805194805195, 7.654545454545454, 7.363636363636365, 5.7622377622377625, 7.236363636363636, 7.367003367003367, 4.7272727272727275, 7.91919191919192, 6.9818181818181815, 3.688311688311689, 4.935064935064935, 7.124579124579125, 4.571428571428572, 5.194805194805194, 5.09090909090909, 4.363636363636362, 6.0181818181818185, 4.872727272727273, 5.678321678321678, 7.1515151515151505, 4.895104895104895, 4.363636363636363, 5.818181818181818, 5.666666666666665, 5.734265734265735], [1.894179894179894, 2.1164021164021163, 2.6148148148148147, 0.8987654320987654, 2.6795491143317225, 1.947089947089947, 3.522633744855967, 1.873015873015873, 2.2296296296296294, 1.962962962962963, 1.0687830687830688, 1.164021164021164, 2.699588477366255, 3.7901234567901234, 1.62962962962963, 2.375857338820302, 0.7592592592592593, 4.5157750342935525, 0.7407407407407407, 0.8000000000000002, 7.698216735253772, 2.074074074074074, 1.3333333333333333, 1.9111111111111112, 0.5333333333333333, 0.6222222222222222, 2.0246913580246915, 1.837037037037037, 3.7777777777777777, 1.3872053872053873, 0.835016835016835, 45.71742112482853, 1.0264550264550265, 3.347050754458162, 2.8364950316169835, 0.8042328042328042, 2.7851851851851857, 2.8814814814814813, 0.8547008547008549, 1.9925925925925927, 3.9725651577503434, 1.037037037037037, 3.253772290809327, 2.074074074074074, 0.10582010582010581, 0.5925925925925926, 2.458161865569273, 0.31746031746031744, 3.8095238095238093, 0.10582010582010581, 1.0370370370370368, 3.1925925925925926, 0.5185185185185186, 0.547008547008547, 0.8518518518518517, 1.4245014245014245, 0.9218106995884774, 0.5629629629629631, 1.567901234567901, 0.43304843304843305], [5.836734693877551, 6.469387755102041, 7.37142857142857, 5.771428571428571, 7.155279503105591, 4.857142857142857, 8.444444444444445, 5.204081632653061, 6.485714285714287, 6.171428571428572, 4.673469387755102, 6.244897959183673, 7.650793650793652, 4.190476190476191, 4.249999999999999, 7.6084656084656075, 5.0, 7.015873015873016, 9.163265306122447, 4.514285714285713, 7.703703703703702, 4.6984126984126995, 5.314285714285715, 5.485714285714286, 5.342857142857143, 4.8, 4.0, 4.685714285714285, 6.523809523809525, 4.883116883116883, 6.363636363636364, 1.0264550264550265, 12.938775510204083, 7.142857142857142, 10.292682926829269, 5.163265306122448, 7.628571428571427, 7.157142857142857, 6.681318681318681, 8.27142857142857, 7.671957671957672, 5.877551020408163, 7.0476190476190474, 6.557142857142857, 4.081632653061224, 3.63265306122449, 6.793650793650793, 3.5510204081632653, 6.836734693877551, 4.040816326530612, 6.2142857142857135, 6.685714285714285, 6.114285714285715, 6.769230769230769, 4.999999999999999, 7.406593406593407, 5.904761904761904, 5.514285714285714, 6.333333333333334, 6.967032967032968], [6.645502645502646, 7.089947089947089, 9.459259259259259, 7.555555555555555, 6.692431561996779, 6.518518518518519, 8.548696844993142, 6.857142857142858, 9.237037037037037, 8.022222222222222, 7.968253968253967, 6.328042328042329, 8.949245541838133, 5.345679012345679, 4.5740740740740735, 9.36076817558299, 5.7407407407407405, 8.46090534979424, 8.73015873015873, 4.444444444444444, 7.791495198902606, 5.333333333333333, 4.844444444444444, 6.562962962962962, 5.392592592592592, 5.881481481481482, 4.246913580246914, 5.081481481481482, 6.3580246913580245, 6.356902356902357, 8.377104377104377, 3.347050754458162, 7.142857142857142, 16.80109739368999, 12.209575429087625, 7.661375661375659, 9.762962962962964, 8.851851851851853, 7.5099715099715105, 8.185185185185187, 12.631001371742114, 5.481481481481481, 11.116598079561042, 9.562962962962963, 5.1005291005291005, 6.3280423280423275, 9.805212620027437, 4.93121693121693, 8.074074074074073, 5.248677248677248, 6.061728395061728, 8.637037037037038, 6.3999999999999995, 7.464387464387465, 7.320987654320986, 6.096866096866096, 4.757201646090534, 6.800000000000001, 7.160493827160493, 8.490028490028491], [7.763066202090592, 9.226480836236936, 12.09268292682927, 8.364227642276424, 12.02120890774125, 7.533101045296169, 12.928635953026195, 10.006968641114982, 10.219512195121952, 10.18536585365854, 9.121951219512194, 8.634146341463415, 11.244805781391145, 8.682926829268293, 6.426829268292683, 11.551942186088528, 6.439024390243903, 11.34598012646793, 11.693379790940766, 7.42439024390244, 12.242095754290874, 7.92411924119241, 6.848780487804879, 7.121951219512196, 6.341463414634148, 6.663414634146344, 5.853658536585367, 6.760975609756098, 7.463414634146341, 6.900221729490022, 9.472283813747229, 2.8364950316169835, 10.292682926829269, 12.209575429087625, 25.80844735276621, 9.059233449477352, 13.385365853658538, 10.307317073170733, 10.551594746716699, 12.224390243902441, 11.273712737127369, 9.066202090592336, 14.196928635953022, 12.912195121951221, 6.829268292682927, 8.264808362369337, 9.936766034327007, 4.02787456445993, 8.578397212543555, 6.327526132404181, 6.878048780487804, 10.346341463414635, 7.707317073170733, 10.168855534709193, 9.853658536585366, 11.076923076923077, 7.154471544715447, 9.053658536585369, 9.674796747967479, 8.930581613508442], [6.122448979591837, 5.142857142857142, 7.1428571428571415, 6.780952380952381, 6.670807453416149, 5.714285714285714, 8.698412698412698, 6.122448979591837, 7.3, 6.3, 6.571428571428572, 4.693877551020408, 8.402116402116402, 5.023809523809523, 2.964285714285714, 7.3968253968253945, 4.107142857142857, 6.751322751322751, 5.693877551020408, 4.171428571428572, 7.523809523809524, 5.269841269841271, 4.285714285714286, 5.914285714285714, 4.857142857142858, 4.9714285714285715, 4.031746031746032, 4.057142857142858, 5.785714285714285, 6.233766233766235, 7.194805194805195, 0.8042328042328042, 5.163265306122448, 7.661375661375659, 9.059233449477352, 13.06122448979592, 8.4, 6.428571428571427, 7.076923076923077, 5.87142857142857, 7.4603174603174605, 6.040816326530612, 7.788359788359788, 7.685714285714286, 3.918367346938776, 4.653061224489796, 7.238095238095237, 4.081632653061225, 5.959183673469387, 4.122448979591837, 5.904761904761904, 7.728571428571429, 4.942857142857143, 6.373626373626375, 5.69047619047619, 5.802197802197801, 4.0, 6.457142857142857, 7.428571428571429, 5.956043956043956], [7.0, 6.314285714285715, 9.47, 7.8533333333333335, 8.626086956521739, 6.485714285714284, 10.007407407407406, 6.857142857142857, 8.790000000000001, 8.200000000000001, 6.314285714285714, 6.314285714285715, 8.666666666666664, 5.033333333333332, 4.625, 9.111111111111112, 4.625, 8.185185185185185, 7.37142857142857, 5.460000000000001, 8.503703703703703, 6.133333333333334, 5.4, 8.02, 4.880000000000002, 4.92, 5.155555555555555, 4.7, 6.8500000000000005, 5.727272727272727, 7.654545454545454, 2.7851851851851857, 7.628571428571427, 9.762962962962964, 13.385365853658538, 8.4, 14.139999999999999, 7.51, 8.13846153846154, 8.01, 9.4, 6.1000000000000005, 9.622222222222224, 9.829999999999998, 4.828571428571428, 5.85714285