"[[6.846846637202485, 1.5786515366552012, 1.4683124425841474, 1.7814220387343112, 0.9311331604200401, 1.75731119171779, 1.32425856470716, 1.3066167622938318, 1.6872843571508975, 1.2163021914788046, 2.033629278088539, 1.8734484888534222, 0.9218436410385019, 1.303444028833064, 1.3527103504226625, 1.4230733199932835, 1.133577643774912, 1.245720715961278, 0.8894431404643551, 1.5099685645001255, 1.4287702431433906, 1.4258260370237168, 0.7158680699810245, 1.4055908172540845, 1.2415357504464606, 1.299325052251347, 1.1053713329584793, 1.1167306321938177, 1.1446556255016072, 1.155951663824729, 0.7036022153738664, 2.1601005764338925, 0.7664575867691429, 1.3219364213894207, 0.7201010891287746, 1.2889816350849668, 1.2292778483518856, 1.0163541761951447, 0.9969549197510059, 1.1537760544573081, 1.0262890960410198, 0.8773670945347716, 0.8139723706391843, 0.8337808415400574, 0.778483360733795, 0.733064667271486, 1.1698455119588123, 0.9211138931321157, 1.3796523704582104, 0.9590173798629005, 0.8518588193712988, 1.0030388827071754, 0.9946919593352904, 0.8012800482153765, 0.7968458338821189, 0.7217512168329998, 0.778971686421393, 0.8875103494164995, 1.0388211642099185, 0.9243397431441716], [1.5786515366552012, 9.679690743646749, 1.3549290999782715, 3.5614218041694174, 1.1531800636511083, 2.794991507506006, 1.4992541358594853, 1.36204180247229, 2.093438912764517, 0.9416470257166674, 1.8589305666181262, 2.578506962466796, 1.093025618246012, 1.2443817308723384, 1.1278694480055176, 2.2437562879688047, 0.940364823203441, 1.2930757655085496, 0.8304250760813985, 1.1369475475911706, 1.0923689965687646, 1.0636700366299983, 1.2710114505067907, 0.8056816701049471, 1.2968273844600335, 1.065226607341422, 0.7928293263109772, 0.9769228934332288, 1.4228494864467582, 0.930290395174306, 0.7017418077672318, 1.644097601430008, 0.7999702692902475, 0.9945873972833322, 0.6460151245182439, 1.4758041644052236, 0.9754759926694568, 1.0709730514707851, 0.7990925267733815, 1.0594313971805351, 1.2486971529912205, 1.1943858201505633, 0.8149093514865056, 1.159267627314152, 1.365734166838708, 0.9484725544667315, 1.20725098372971, 0.9007106680075876, 1.1917001230189506, 0.6674420849589644, 1.4060335464715181, 1.0009529256813732, 0.9344801540003442, 0.8380397164834613, 0.9430297910613473, 0.8417228143547073, 0.9870598500435213, 1.256349539698612, 1.166678539076914, 1.0051198164774502], [1.4683124425841474, 1.3549290999782715, 5.408191835642932, 1.2379190153090829, 1.007575638291972, 1.4103569893742771, 1.3569585713945582, 1.0867310283836966, 1.6354930617365195, 1.2171750458094117, 1.3810987058107245, 1.0370907622787418, 1.0522083415018553, 0.8326406286533111, 0.7568314865263218, 1.664885349440319, 1.1584169973265734, 1.6506558616627607, 0.9229405713241705, 0.7806956052789287, 1.039763455678941, 0.8114772330243817, 0.7942340250902626, 0.7553488258387137, 0.9456503706504794, 0.6633677156660113, 0.8955454476772309, 1.0325043486282073, 1.1234096253328096, 0.854912814832393, 0.6870467709040963, 3.7664119707045915, 0.9432289530621182, 1.5675355593313167, 0.6444477128978876, 0.8421078009993801, 1.0578627012760682, 1.6902649428672285, 0.6981483879104173, 0.848565624351255, 1.542945170609272, 0.8667262135531797, 1.0158373523144584, 1.2312867625875135, 0.740763390004747, 0.9166249820516543, 1.5666918597759045, 1.082418832474998, 1.3566759059950846, 0.6849904573706789, 1.2194188761601106, 1.3549601679244259, 1.2987673797694015, 0.6914000625837518, 1.0491931943740518, 0.7809399329532685, 0.9245000281925675, 1.045114172058431, 1.2391318265041065, 1.0695498885664598], [1.7814220387343112, 3.5614218041694174, 1.2379190153090829, 8.653070688698858, 0.9180310801020976, 3.355084785852298, 1.2726643643657298, 1.2155859613703315, 2.1203911107533298, 1.2365549124270523, 1.8592869039306457, 2.497773994534535, 0.9434359382877072, 0.9970922191714773, 0.7194631306298271, 2.1024168990519643, 1.2387713372635, 0.9764512722584775, 0.7435748179844692, 1.1471161532358467, 1.4664685971951403, 1.6028264215844115, 0.56303760147588, 0.6875032955417268, 0.9225239672843379, 0.7135440584853242, 1.1916946454571817, 0.5499733304533857, 0.9191749872857363, 1.1028563715798214, 0.9992358175121294, 1.2076099533057865, 0.7510884946771229, 1.1385705409173088, 1.378020914627797, 1.0828837312613204, 1.1959241558978115, 0.9416778191302806, 0.7751565582782358, 1.0666907490305455, 0.8555632536366878, 0.994076297682626, 0.7991254268698337, 0.8756040190458225, 0.6468743917911315, 0.6823929288099148, 1.0345060118890599, 0.8657494947812618, 0.9997154550215421, 1.639389346358659, 0.7849272698603794, 0.8625539983976385, 1.4149205163757514, 0.6471957565533465, 1.4058333384154889, 1.0219205322676748, 0.790780808314012, 1.0420530888689434, 0.7889875755085272, 0.9243566232032591], [0.9311331604200401, 1.1531800636511083, 1.007575638291972, 0.9180310801020976, 6.528065938013931, 1.1281091242454186, 3.7211723081208685, 3.001748037565986, 1.1136624295505846, 2.11263040381462, 1.4075627305384368, 0.930037425536175, 2.278276477947087, 2.7814300243578023, 0.6322600493557445, 0.8620642665792563, 0.6273307137765436, 3.4403281027537833, 0.7975228739126541, 2.467713300462659, 1.1528730342233195, 0.8611082942878417, 0.94753528658256, 0.7944067679667082, 0.8649248391626292, 0.9823754033178016, 0.8890987872294891, 1.079476079890832, 1.223958674829182, 0.8756486894598299, 0.6948786604250541, 2.9182127803471225, 0.7946066386982071, 0.8296695167256585, 1.9322926890470722, 0.802518817109632, 1.0049868733021292, 0.7892261926388143, 0.8855452060378421, 1.0792431153923987, 1.071791887299692, 0.9249792263052066, 0.8748574777866001, 1.1181827936923499, 0.853110479986427, 1.3097374249060851, 1.4091556189469912, 0.6140849931214751, 1.2924449590935172, 0.8266875106643512, 0.827992725841471, 1.0341125010493135, 0.7858034149340689, 0.9127903579505229, 1.2900718607296267, 1.0352089885158742, 0.8536563240452617, 1.06520245002014, 1.0359430782077628, 1.1228847842140257], [1.75731119171779, 2.794991507506006, 1.4103569893742771, 3.355084785852298, 1.1281091242454186, 8.766624872701705, 1.255580250505486, 1.3260406150800323, 2.112718280525289, 1.6299468811193836, 1.8675344817700292, 2.858652851721871, 1.455197270850217, 1.6175746561500948, 1.4259730609797678, 2.2820569287410315, 0.9855533822609951, 1.2026895946734477, 0.739953762685228, 2.4848759456576013, 1.5691826026541715, 1.2939896195043994, 1.0828500898696172, 1.0927352845534473, 1.098236770988231, 0.7788972427274272, 1.1075511779478209, 1.2200330567062985, 1.2750140070706255, 1.1226409540498783, 0.811276013044081, 3.894563859015846, 0.6211245558133244, 1.2546867083191797, 0.8832600116327219, 1.329579231035378, 0.9875952015096273, 1.1726393761559777, 0.9298519019663123, 1.251063297213108, 1.076730218461887, 0.8947445417737568, 0.8108755796150597, 1.026007147906518, 0.9902267336500841, 0.9918510817539786, 1.1483265094190662, 0.6154843438271953, 1.239052772025146, 1.1185198751834564, 1.1988930293844493, 1.001252797620576, 0.7413932995307277, 1.0242624434262901, 1.075992622925425, 1.041951848202186, 0.7672760513997355, 1.4700412788562076, 1.0285932784979206, 1.2323518268441203], [1.32425856470716, 1.4992541358594853, 1.3569585713945582, 1.2726643643657298, 3.7211723081208685, 1.255580250505486, 5.871294495203829, 3.1013842158498557, 1.1787883567738742, 1.9137779106648574, 1.22711568984502, 0.9624218724480532, 2.19540290218911, 2.9472875158729392, 0.9498664883192551, 1.157420379425794, 1.072106391891301, 3.1052187243307445, 0.7177504563275716, 2.326108658152369, 1.4244655114538416, 1.2915777032886435, 0.877944599800136, 0.8323453788014705, 0.8895067280403954, 0.9035570815612054, 1.0168959885577313, 0.9927036419917689, 0.9972051958597258, 0.95403912994831, 0.8777400413586058, 2.992576524713205, 0.8518090095867555, 0.9348711345311076, 2.012588683302982, 1.1821149568575944, 1.0147959160362479, 1.0477019970875925, 0.5991123176845488, 0.8719698308641569, 1.21055125220414, 1.0119688204334105, 1.062942474560763, 0.9737455094568582, 0.47769834336735273, 0.9915516132380765, 1.1391933554202929, 0.5595524215160679, 1.3160482278032035, 1.0026226581589786, 0.8217542983700135, 1.1493465781235164, 0.8812336226657687, 0.7068996686371454, 1.3612294254923565, 1.2627418507636485, 0.8545032373374922, 0.7349873662427054, 1.01539982505573, 0.9596522418370762], [1.3066167622938318, 1.36204180247229, 1.0867310283836966, 1.2155859613703315, 3.001748037565986, 1.3260406150800323, 3.1013842158498557, 9.222130008600336, 1.257489037783888, 2.2131462894071094, 0.9079164271247108, 1.1527266157014924, 2.0070943187347896, 3.550004062237471, 0.8312904763050131, 1.1658306301158565, 1.8818879429011892, 2.321492438498003, 1.1668587992519839, 2.5899539129683338, 1.3426222592836543, 1.2063248336325194, 1.1342966306564994, 1.1352823516383554, 1.509735157905997, 1.0605161586400027, 0.6670075914950911, 0.9641124548757211, 1.0397883799605836, 0.9101102986016031, 0.6646783093094832, 2.0776800608536385, 1.1164994969412143, 1.4855459091897234, 2.2636701634937153, 1.34454959964099, 1.4244423640799704, 1.0333843588246827, 1.2561525330014216, 1.4279927171382893, 1.9097033389835139, 1.0467570343412589, 1.8620113377606475, 0.8720648478470925, 0.9044940304299564, 0.8167272260841681, 1.226002450233181, 1.3366950444760985, 1.4698631246323985, 0.5015524856051583, 0.9408271449990988, 1.4052743373358967, 0.9594646982097255, 0.8438831738295005, 0.7156647903436387, 0.8108434681031925, 0.7479846883511712, 0.6950162165117031, 1.2269559675576975, 0.7081960222505201], [1.6872843571508975, 2.093438912764517, 1.6354930617365195, 2.1203911107533298, 1.1136624295505846, 2.112718280525289, 1.1787883567738742, 1.257489037783888, 4.681720645947045, 1.4820058612124587, 1.4096174822741372, 1.71666166627321, 1.0741846037879006, 1.0987663914920904, 1.2958247512704728, 2.172307930025855, 1.3393308166409639, 1.2927490803065131, 0.6186702222391451, 1.1838318806489223, 1.266905969828059, 0.8429187023866302, 1.0975177311424276, 0.8659746311420348, 0.9023958596698405, 0.872477711883298, 0.7446193068107104, 1.1475564658165482, 1.0520839890848124, 0.935411342945202, 0.7351742615591382, 2.310880205895587, 0.8244169807897991, 1.3975376651371798, 0.769527458784171, 1.110830163416506, 1.1744367083986829, 1.0983839951181227, 0.7765097700813909, 1.0758282911192747, 1.3222719599002932, 0.7505156221981545, 0.9817119130174845, 0.9949812936776605, 0.5880648401955615, 0.9439269615103105, 1.2744821285466459, 0.80777186792788, 1.4412252026291041, 0.9305721235665712, 0.9127376659262657, 1.3692796134544254, 1.0125151901105744, 0.9349054881891974, 1.0539714880387596, 0.7696943299753368, 0.7832722259338918, 1.2956473171668452, 1.1924554936265879, 0.9511635298978112], [1.2163021914788046, 0.9416470257166674, 1.2171750458094117, 1.2365549124270523, 2.11263040381462, 1.6299468811193836, 1.9137779106648574, 2.2131462894071094, 1.4820058612124587, 4.8054884451344595, 1.478129519309526, 1.4550496359708536, 1.5544862760502864, 2.062117620855142, 1.1063906293829955, 1.2422612136876419, 1.053995553735354, 2.236435041038351, 1.1203065909995336, 2.6823497897938218, 1.3817193604433922, 0.9334581244696929, 0.8407865330093299, 0.8828504430291977, 1.172481832286279, 0.884281500175661, 0.7751352737126354, 0.9803690890259229, 0.9234763600513365, 0.9203228171111004, 0.9972655750846644, 1.656455289954506, 0.9654821846273973, 1.3980143065479163, 1.4595176857043841, 0.9986974130434236, 1.1657438669711213, 1.1684222695677344, 0.8394940103261226, 1.3622654470616147, 1.2917896670579476, 1.0845493843201726, 1.4032838377355814, 0.7779078965541516, 0.6962423855862777, 0.9161457219835999, 1.3442014083798655, 0.905013242971022, 1.3311702870463018, 0.969114377116146, 1.0852748588534675, 1.3234417161996967, 0.8596406519298398, 0.954812934889719, 1.4458924470445138, 1.257626176955355, 1.1766350315830976, 1.3621016614116541, 1.1159084177276029, 1.1803622944634384], [2.033629278088539, 1.8589305666181262, 1.3810987058107245, 1.8592869039306457, 1.4075627305384368, 1.8675344817700292, 1.22711568984502, 0.9079164271247108, 1.4096174822741372, 1.478129519309526, 8.290225697698167, 1.7078191074021527, 1.2085744820765154, 1.0445810637553967, 0.7620266868281729, 1.5061632977679618, 0.6988467903835013, 1.492671263056859, 0.7056969448956587, 0.8995230671330572, 1.3126902990108247, 0.9521977569293077, 0.8684239599627086, 1.0332552569434799, 0.9705051103701573, 0.9871485271267697, 1.0005521568875952, 0.9117890796258064, 1.519685667713927, 0.996413773403787, 1.123738622068558, 1.2175147720567292, 0.9731956330785495, 1.0764846366773972, 0.9288929614220152, 1.1728395862104148, 1.076329988270076, 1.2089375807220883, 1.031425384583531, 1.2935672448457671, 0.9865666486015215, 1.0451288013131839, 1.0541203847721747, 1.117889364956834, 1.1506438402875803, 1.4686275948308392, 1.6066860151400815, 1.0153175772695704, 1.2278724835557724, 0.9621482954338161, 0.9392569462890499, 0.9844641183666591, 0.9718924725596969, 0.850991330411538, 1.0821189474579005, 0.7297299335496504, 1.0422590797124598, 1.1212308162880507, 0.7007976246203824, 0.987905123261121], [1.8734484888534222, 2.578506962466796, 1.0370907622787418, 2.497773994534535, 0.930037425536175, 2.858652851721871, 0.9624218724480532, 1.1527266157014924, 1.71666166627321, 1.4550496359708536, 1.7078191074021527, 11.951719752776023, 0.9029814289365623, 1.232915624425605, 1.7936294304384046, 2.0872964318066956, 1.2549356903875792, 1.3268028736801705, 0.6990339409572127, 4.74539790289318, 0.8563943658877458, 0.8357593579177112, 0.9137980925776553, 0.9207103280741822, 1.0838278965524435, 1.478278500507328, 0.6999441516583412, 0.8567854267038013, 0.9100463240241843, 0.7564671459270357, 0.6553386513831984, 0.9504462234100712, 0.8184399721290002, 0.9126092620267987, 0.48392673190447555, 1.4835536849004063, 0.792178267305877, 0.9010857038866686, 0.9058358509602252, 1.3199785795993872, 1.7120275566246095, 1.0438121483720744, 0.9426352954101463, 0.801094300406957, 0.9653328771688185, 1.0147501985406469, 1.276753463895732, 1.3224359651175974, 0.9646050692059741, 1.1791637087065854, 0.6894951359240653, 0.6957132116075964, 0.8220596958620212, 0.7125384760998992, 0.7542854713438387, 0.600206221569408, 0.671514721889729, 1.185101590346221, 0.9112782488479472, 1.178763086351384], [0.9218436410385019, 1.093025618246012, 1.0522083415018553, 0.9434359382877072, 2.278276477947087, 1.455197270850217, 2.19540290218911, 2.0070943187347896, 1.0741846037879006, 1.5544862760502864, 1.2085744820765154, 0.9029814289365623, 4.484357808203917, 2.176263138635162, 0.8528597917784912, 1.344911975484199, 0.9583808840539768, 2.3940822763246614, 0.6520533336762022, 1.4478825797361798, 1.208642968246632, 0.8014007259926081, 0.7196182692202955, 0.8426439379730688, 0.9573340200797371, 0.852625413501859, 0.6831991500279773, 0.9297858454924022, 1.09015982730771, 1.048652604334639, 0.9170755548691751, 3.631543333063408, 0.9322435932531477, 1.2345432641359806, 1.2376266831831737, 0.8816265338911853, 0.9732892673960395, 0.9499532109576758, 0.9279962966137721, 1.0389679192839156, 1.404440146619013, 0.849028648228914, 1.2011881214605138, 1.024698710038823, 0.5913900421919372, 1.0063649759613313, 1.3697503012444576, 0.47965192833775727, 1.141947421510261, 0.5887448952217469, 0.966322072753724, 1.2680959191761776, 0.674564618562707, 0.9379493053809246, 1.21986312906877, 1.3837244098112218, 1.206512556543895, 0.8552197129530008, 0.863022595257892, 1.2672433288283846], [1.303444028833064, 1.2443817308723384, 0.8326406286533111, 0.9970922191714773, 2.7814300243578023, 1.6175746561500948, 2.9472875158729392, 3.550004062237471, 1.0987663914920904, 2.062117620855142, 1.0445810637553967, 1.232915624425605, 2.176263138635162, 11.006125312210811, 1.923108740163955, 1.6243431206313517, 1.5693460203811063, 2.437575629521563, 1.280203930108088, 3.094126584343068, 1.8275289549496958, 0.9428062708133532, 0.8916476764186135, 0.9260113174457066, 1.4120089656833867, 1.3760570571559632, 0.9876930179445571, 0.9888701506564128, 0.7533376733710806, 0.5922818021972039, 0.6192644054047654, 2.9968328984747963, 0.6026286082385798, 1.2259479959605375, 1.7238464047916284, 1.4039965614555279, 1.1763572257531827, 0.9594736853029754, 0.8359691051937896, 0.9931912801041378, 1.4557045911253783, 0.9320775474900371, 2.3594516881295204, 0.8708257954412627, 0.9512647442638824, 1.0627476606906465, 1.0826658412455938, 0.7655349948596639, 1.7797627219725396, 1.0258394782273668, 1.0587367427674372, 1.7717957784047362, 0.720763743312543, 1.120180553505325, 1.083891730031997, 1.5193041887886147, 1.384237518279722, 0.46342844804404576, 1.0196721470478003, 0.8241922876364437], [1.3527103504226625, 1.1278694480055176, 0.7568314865263218, 0.7194631306298271, 0.6322600493557445, 1.4259730609797678, 0.9498664883192551, 0.8312904763050131, 1.2958247512704728, 1.1063906293829955, 0.7620266868281729, 1.7936294304384046, 0.8528597917784912, 1.923108740163955, 21.034495018007483, 0.8938591794833461, 1.0806849072874334, 1.0444800529878595, 0.7958114801841629, 2.2609352802756635, 1.3984109559163702, 0.9253943954245174, 1.1093273135409023, 1.4264464501056082, 1.086456927559132, 1.4936720693859655, 1.3504927424135291, 1.0997476569111697, 1.7924638197928353, 1.6952693167628476, 1.1035318971893888, 1.2525041362426514, 0.7174899240654983, 0.8423190706144783, 0.45277242460748135, 0.946384233976803, 1.1024756550126402, 0.9728894844944576, 0.639933799613652, 0.699211332668213, 0.869553989620213, 0.7836677422941359, 0.6355507705871446, 0.6980982775723636, 1.896433526444678, 1.4712586572045776, 0.7598351162685826, 1.253484763473871, 1.1218851952103592, 1.1283238493332637, 0.5838577107359457, 0.8995855742635781, 0.7913455335516992, 0.9606409667335044, 0.7877630933152234, 0.7289828876003756, 1.0772175070323136, 1.4097380518467804, 1.1612655996798344, 1.1457949049467562], [1.4230733199932835, 2.2437562879688047, 1.664885349440319, 2.1024168990519643, 0.8620642665792563, 2.2820569287410315, 1.157420379425794, 1.1658306301158565, 2.172307930025855, 1.2422612136876419, 1.5061632977679618, 2.0872964318066956, 1.344911975484199, 1.6243431206313517, 0.8938591794833461, 5.222030098309036, 1.0725120205634704, 1.2571096620119246, 0.7635430146849228, 0.9405321380854731, 1.210767674821454, 0.6791077902746602, 0.9803953359343875, 0.9020889182468413, 0.9826039222159592, 1.2199581195839138, 0.7504499206694397, 0.7618502598195144, 1.2736985087819068, 0.818437505373622, 1.0128795871565868, 4.413459452510872, 0.9178113355936248, 1.545352740952644, 1.0159387053705184, 1.1468026783395304, 1.1465654469959097, 1.1720560537186842, 0.6999954732786999, 1.176622531331625, 1.5448620757488962, 0.9262572546660262, 1.3957774554514257, 1.0994153331933088, 0.6759445587584798, 0.8875938986144756, 1.5393920527512654, 0.5863737070316831, 1.3414368290245238, 0.749348197726267, 1.0614668805691467, 1.304953881699379, 1.0058874921990653, 0.7194350868489388, 1.2224018429151167, 1.1672122453509683, 0.8417111385862243, 1.1183187952326943, 1.450664463534967, 0.883678858778942], [1.133577643774912, 0.940364823203441, 1.1584169973265734, 1.2387713372635, 0.6273307137765436, 0.9855533822609951, 1.072106391891301, 1.8818879429011892, 1.3393308166409639, 1.053995553735354, 0.6988467903835013, 1.2549356903875792, 0.9583808840539768, 1.5693460203811063, 1.0806849072874334, 1.0725120205634704, 21.706121439912422, 0.9598526872200615, 0.8899834563409148, 0.9709479633954734, 0.553579659530633, 2.816720435427842, 1.3136991631884019, 1.3650280248716842, 1.1359738658614758, 1.8866610858198336, 2.597507972080306, 0.6192961718880702, 1.2267802740717095, 1.786784918072152, 0.967290686368695, 0.8350069482504928, 1.1089936107604854, 1.5961285944164363, 0.708391507743302, 0.9034582039407534, 0.830985724709093, 1.1514199580271975, 0.9080063412270525, 1.1467193799794584, 1.1419455004800247, 0.8592519567715577, 0.8951873122830085, 0.8167142379860844, 0.73389088426064, 0.9843796792773822, 1.0873731983604433, 1.4396094747148043, 1.3999582130329498, 1.1854308707195644, 1.1022352007431577, 1.0135132239807036, 1.4279342467432956, 1.2712926766242665, 0.774267259588443, 1.1427027533527123, 0.7883144575786106, 1.1419426517306268, 0.8339926940489468, 0.8423192986050588], [1.245720715961278, 1.2930757655085496, 1.6506558616627607, 0.9764512722584775, 3.4403281027537833, 1.2026895946734477, 3.1052187243307445, 2.321492438498003, 1.2927490803065131, 2.236435041038351, 1.492671263056859, 1.3268028736801705, 2.3940822763246614, 2.437575629521563, 1.0444800529878595, 1.2571096620119246, 0.9598526872200615, 7.025671955777185, 0.741719485057918, 1.6799726783176472, 1.2397376216337652, 0.7229224954949925, 0.6162705871525519, 0.9434860271050745, 1.0121215145910862, 1.010851162368089, 0.7561216482685886, 1.106943930341225, 1.3495188039343442, 0.7580188819988438, 0.7877054420683622, 5.37896379767715, 1.1067175534750229, 1.7694294004552655, 1.7076230293003436, 1.001455942159202, 1.363158112782204, 1.2177356108919397, 0.9955284032417878, 1.5556041441814175, 1.7045826530961914, 0.9829534843231962, 1.0433252829675443, 1.3225540576213972, 0.551257119610522, 1.0159141173905057, 1.5133225964572121, 0.9092297970198583, 1.9247422311287292, 0.6793522694293912, 0.6933676179275508, 1.375365042557765, 1.204055574484126, 0.8442433856712873, 1.1374925580292716, 1.1435446463987775, 1.0105647776311368, 1.0420266560505484, 0.9141370092442791, 1.4363514971874396], [0.8894431404643551, 0.8304250760813985, 0.9229405713241705, 0.7435748179844692, 0.7975228739126541, 0.739953762685228, 0.7177504563275716, 1.1668587992519839, 0.6186702222391451, 1.1203065909995336, 0.7056969448956587, 0.6990339409572127, 0.6520533336762022, 1.280203930108088, 0.7958114801841629, 0.7635430146849228, 0.8899834563409148, 0.741719485057918, 6.520389576715168, 1.7381600819434533, 0.8855305221929669, 1.043537616735827, 0.818184980714355, 0.911721786571486, 1.072398426785378, 0.7521589889140159, 0.6958605902745296, 0.7721485755973844, 0.7652535954777792, 0.7401604814201115, 0.7472723493977987, 0.6942813405084929, 1.0088994334570802, 0.8915132841185209, 0.7101400150516612, 1.0004316478419832, 0.8029434981518636, 1.0932604696461472, 0.8381387171995978, 0.9804840534602097, 1.0570658381058373, 1.216596787936285, 1.1260452367243448, 0.8133159758085186, 1.0635069444430292, 0.7115215887196791, 0.9716620448740757, 0.5630367670297116, 0.9962003241973525, 0.7893477261894442, 1.062767466910865, 1.0179859077004232, 0.6534579376583451, 0.6877102942940366, 0.5830414888403948, 0.6838723481761686, 1.5700706046121753, 1.047151859209246, 1.3430049639737676, 1.0388866727948196], [1.5099685645001255, 1.1369475475911706, 0.7806956052789287, 1.1471161532358467, 2.467713300462659, 2.4848759456576013, 2.326108658152369, 2.5899539129683338, 1.1838318806489223, 2.6823497897938218, 0.8995230671330572, 4.74539790289318, 1.4478825797361798, 3.094126584343068, 2.2609352802756635, 0.9405321380854731, 0.9709479633954734, 1.6799726783176472, 1.7381600819434533, 19.32129795569731, 1.0220827051601296, 0.9039802533782574, 1.3325757616097116, 1.139543809538765, 1.7523869956318214, 1.9316733112817592, 1.011070240720205, 1.645550541418847, 1.1692356312393462, 0.869068816859452, 0.8746758163361544, 1.1470684688101656, 1.1886856117378275, 0.6670296048910536, 1.4087960476114327, 0.8675610651661688, 0.8954505160821238, 0.9661447517605828, 1.0756605346880497, 1.8766933766234453, 0.9026635158169694, 0.6982142012232062, 1.1750810439613975, 0.8871302020673062, 0.6521643192626496, 1.1082872652895923, 1.0030007253755757, 0.8601683938546926, 0.9817044821219103, 0.8608132921399649, 1.0595526481893347, 1.0181681875518285, 0.7170374066153689, 0.8714255266012426, 1.0388461845959673, 0.933753681110907, 0.8184194958651119, 1.0133950518393093, 1.3134986288997406, 1.5991723122646344], [1.4287702431433906, 1.0923689965687646, 1.039763455678941, 1.4664685971951403, 1.1528730342233195, 1.5691826026541715, 1.4244655114538416, 1.3426222592836543, 1.266905969828059, 1.3817193604433922, 1.3126902990108247, 0.8563943658877458, 1.208642968246632, 1.8275289549496958, 1.3984109559163702, 1.210767674821454, 0.553579659530633, 1.2397376216337652, 0.8855305221929669, 1.0220827051601296, 12.996646246927927, 0.8624163829387118, 1.9300203324074245, 1.602339128848729, 1.330517881288734, 0.8255973335163015, 2.457413732724515, 1.0887808105225325, 3.7721555561531708, 2.508129028191327, 1.7567993525453627, 14.15429971101945, 1.15333931352666, 1.1326139214730426, 1.6862004953524268, 1.2870574348127857, 1.9536981671140263, 1.9591550496657926, 0.7447354836710491, 1.1201875361806466, 2.0907916365989387, 0.9212346071481663, 1.3872121848029648, 1.1460336046444668, 0.6276180349247055, 0.6422013501822601, 1.4461574063122529, 0.5614796415502739, 1.5781758866243392, 0.39434172356420083, 0.787743479808066, 1.9239486050798544, 0.51232140178687, 0.6133558603041424, 0.9424402002893595, 0.6988208239284548, 0.7873157396144095, 0.6567678857538783, 0.6124568868431741, 0.7677694346321585], [1.4258260370237168, 1.0636700366299983, 0.8114772330243817, 1.6028264215844115, 0.8611082942878417, 1.2939896195043994, 1.2915777032886435, 1.2063248336325194, 0.8429187023866302, 0.9334581244696929, 0.9521977569293077, 0.8357593579177112, 0.8014007259926081, 0.9428062708133532, 0.9253943954245174, 0.6791077902746602, 2.816720435427842, 0.7229224954949925, 1.043537616735827, 0.9039802533782574, 0.8624163829387118, 14.42280363679729, 1.551646365971268, 1.6949062016209187, 1.5391308483789108, 0.7464597361897128, 2.76775465101934, 1.403585276137813, 1.110991501294578, 2.481997124454228, 1.4921899898409423, 7.734463424687658, 1.0780944546999622, 1.0324717034896065, 0.9372377235551693, 1.0432137278355715, 0.9508940181341549, 1.0524167537416012, 1.1508379297617206, 1.524633365310263, 0.7092257519829055, 0.8952951204531442, 1.053276720668649, 0.7507821981153808, 1.3831926917509532, 1.0711593418645309, 0.9513767457660689, 1.620886278965318, 0.8736560036768628, 1.5970063317486767, 0.9853490808568762, 0.7902987351227473, 1.3902962045223073, 0.9994344301620386, 1.6153679735387434, 1.3789190254844397, 0.8294150694202862, 1.137364699368258, 0.9458204584983186, 1.1619926741936155], [0.7158680699810245, 1.2710114505067907, 0.7942340250902626, 0.56303760147588, 0.94753528658256, 1.0828500898696172, 0.877944599800136, 1.1342966306564994, 1.0975177311424276, 0.8407865330093299, 0.8684239599627086, 0.9137980925776553, 0.7196182692202955, 0.8916476764186135, 1.1093273135409023, 0.9803953359343875, 1.3136991631884019, 0.6162705871525519, 0.818184980714355, 1.3325757616097116, 1.9300203324074245, 1.551646365971268, 16.63292503761685, 1.1764830802208617, 1.4365018820358848, 1.7136806544650482, 2.31970435796954, 1.931275076885347, 2.104692242212598, 1.841934965261584, 1.5403451763149312, 1.6693579446226723, 1.792817107906975, 1.0167256819966195, 0.7512701871702947, 1.0753972065592494, 0.7857936971363146, 1.1453863322187081, 0.6865236767773741, 1.2487979519671644, 0.8344964707038705, 0.8879164318911132, 0.9474650798088957, 0.8812360131751038, 1.3559147232742148, 0.9526736834366344, 0.7542135571978468, 1.7647357371968866, 1.01799776982331, 0.8040723238510297, 0.9730968714066693, 0.8387543099956172, 0.821955994310862, 1.40381158762337, 0.9836166931938182, 0.7975766021379348, 1.0594544071781342, 0.9622264957706155, 1.2320050969142646, 0.6965174912669903], [1.4055908172540845, 0.8056816701049471, 0.7553488258387137, 0.6875032955417268, 0.7944067679667082, 1.0927352845534473, 0.8323453788014705, 1.1352823516383554, 0.8659746311420348, 0.8828504430291977, 1.0332552569434799, 0.9207103280741822, 0.8426439379730688, 0.9260113174457066, 1.4264464501056082, 0.9020889182468413, 1.3650280248716842, 0.9434860271050745, 0.911721786571486, 1.139543809538765, 1.602339128848729, 1.6949062016209187, 1.1764830802208617, 9.534886995393993, 1.7709206291440311, 1.3265847544339338, 1.5133724039083967, 1.6240777577315453, 2.056416243695751, 1.171831116238275, 1.1079921367602608, 2.3528948220500983, 0.9242371708100601, 1.032758362881387, 0.8331413506498171, 1.1778353203992917, 1.2931049457291701, 1.1921189634971134, 1.1140765550004201, 1.2243652608644093, 0.968713176676129, 1.1489668436080662, 1.0284559474160742, 0.9571491635185913, 0.8167706784684283, 0.9433484372115712, 1.058273969569802, 1.4203805300101617, 1.1490881198645582, 0.888606665390755, 1.0451430971952431, 1.1516350010929894, 1.1441009593979437, 1.2010857009596605, 1.001303772498562, 0.7680178491027736, 1.0423295637885732, 1.216736588503625, 0.8638459959134279, 0.7591165441442351], [1.2415357504464606, 1.2968273844600335, 0.9456503706504794, 0.9225239672843379, 0.8649248391626292, 1.098236770988231, 0.8895067280403954, 1.509735157905997, 0.9023958596698405, 1.172481832286279, 0.9705051103701573, 1.0838278965524435, 0.9573340200797371, 1.4120089656833867, 1.086456927559132, 0.9826039222159592, 1.1359738658614758, 1.0121215145910862, 1.072398426785378, 1.7523869956318214, 1.330517881288734, 1.5391308483789108, 1.4365018820358848, 1.7709206291440311, 9.591278900817194, 1.6782635549186593, 1.302208924391606, 1.6287545923162678, 1.5413135625507617, 1.4203265731829857, 1.5373465716476706, 1.2778620085471097, 1.2597681469453184, 0.9212062205144249, 1.0702915529208565, 1.0688600332494258, 1.0054792435180326, 1.2779801891691043, 1.1635061403041105, 1.2679454621796271, 1.325843431310143, 1.5072352505322562, 1.2326632951101448, 0.8758665365750122, 0.7687467412112207, 0.8301938553714263, 1.15097295661708, 1.331414923233705, 1.1483846034350593, 0.7214299841871181, 1.4859801665105847, 1.105214399792882, 1.0138820234302028, 1.132874148110565, 0.6619629636305572, 1.2255166691489934, 0.8903239450056242, 1.0012980935498206, 0.9563980255542596, 0.9773102029971338], [1.299325052251347, 1.065226607341422, 0.6633677156660113, 0.7135440584853242, 0.9823754033178016, 0.7788972427274272, 0.9035570815612054, 1.0605161586400027, 0.872477711883298, 0.884281500175661, 0.9871485271267697, 1.478278500507328, 0.852625413501859, 1.3760570571559632, 1.4936720693859655, 1.2199581195839138, 1.8866610858198336, 1.010851162368089, 0.7521589889140159, 1.9316733112817592, 0.8255973335163015, 0.7464597361897128, 1.7136806544650482, 1.3265847544339338, 1.6782635549186593, 9.788436190556315, 1.5691708436925205, 1.4897275775814438, 1.4949887567748623, 1.4924423250773962, 1.4488697226080627, 0.8469467138233042, 1.2709826178365438, 0.848985675697879, 0.7188720991060209, 1.561256581288483, 1.1842251424743035, 1.0765164686561794, 1.2334399787237054, 0.794906574794114, 1.2693754011728335, 1.0848612547190493, 0.832421495944982, 0.8266094500473152, 1.0987462529371508, 1.6484499273000282, 1.1543087015250344, 1.13086066152657, 1.1092651974098917, 0.7799580457202234, 1.011946799221073, 1.0944470390960153, 1.3075416075201907, 0.9872933194563569, 0.6490576893219885, 0.7356373152436131, 0.9700691046144642, 1.2183927892614903, 1.239358779900147, 1.4321469401743872], [1.1053713329584793, 0.7928293263109772, 0.8955454476772309, 1.1916946454571817, 0.8890987872294891, 1.1075511779478209, 1.0168959885577313, 0.6670075914950911, 0.7446193068107104, 0.7751352737126354, 1.0005521568875952, 0.6999441516583412, 0.6831991500279773, 0.9876930179445571, 1.3504927424135291, 0.7504499206694397, 2.597507972080306, 0.7561216482685886, 0.6958605902745296, 1.011070240720205, 2.457413732724515, 2.76775465101934, 2.31970435796954, 1.5133724039083967, 1.302208924391606, 1.5691708436925205, 16.82040491734077, 1.7611027796186822, 1.7562981452974706, 2.5017355500654883, 2.587872371377745, 3.13277798613912, 1.4238996875982508, 0.7547521197231236, 0.8872327595587017, 1.099364779288049, 0.619236371915971, 1.2123815734250258, 0.6603112944904483, 1.2128962468917723, 0.5678975282800267, 0.6419751608252201, 0.7270685461807416, 0.8669100432705193, 1.423059706670107, 1.0558905969692307, 0.8601417448065569, 1.1302530954341745, 0.7224303707785704, 2.275761097474226, 0.7896997234315788, 0.649771724040152, 2.0375067922641996, 0.8541887532037519, 1.635427845590369, 1.7056121838223715, 0.8341976778289628, 0.9217081364807412, 0.8924870514499171, 1.1647658171189514], [1.1167306321938177, 0.9769228934332288, 1.0325043486282073, 0.5499733304533857, 1.079476079890832, 1.2200330567062985, 0.9927036419917689, 0.9641124548757211, 1.1475564658165482, 0.9803690890259229, 0.9117890796258064, 0.8567854267038013, 0.9297858454924022, 0.9888701506564128, 1.0997476569111697, 0.7618502598195144, 0.6192961718880702, 1.106943930341225, 0.7721485755973844, 1.645550541418847, 1.0887808105225325, 1.403585276137813, 1.931275076885347, 1.6240777577315453, 1.6287545923162678, 1.4897275775814438, 1.7611027796186822, 12.447002486938514, 1.6679064412558369, 1.6467606403321835, 1.0400700842638624, 1.4579367595487864, 1.3351037101960843, 1.146738435919174, 0.7251627708338627, 1.1083959831707466, 0.9696135787365158, 1.3807315019271031, 1.166257991191153, 1.2134623241769247, 0.9865738876524821, 1.0249914829500395, 0.9486700841427999, 1.0533601189305601, 1.1095984900733429, 1.403874067186145, 1.188929111715409, 2.098136754439359, 1.149606232285119, 1.671010111678448, 1.5588871865766898, 1.3606954007242147, 1.2963837915648166, 1.434103737320736, 1.139763046292905, 1.019033765946586, 0.9044974186123764, 1.242918759715418, 0.9510533144013449, 1.2932314613439286], [1.1446556255016072, 1.4228494864467582, 1.1234096253328096, 0.9191749872857363, 1.223958674829182, 1.2750140070706255, 0.9972051958597258, 1.0397883799605836, 1.0520839890848124, 0.9234763600513365, 1.519685667713927, 0.9100463240241843, 1.09015982730771, 0.7533376733710806, 1.7924638197928353, 1.2736985087819068, 1.2267802740717095, 1.3495188039343442, 0.7652535954777792, 1.1692356312393462, 3.7721555561531708, 1.110991501294578, 2.104692242212598, 2.056416243695751, 1.5413135625507617, 1.4949887567748623, 1.7562981452974706, 1.6679064412558369, 9.623539309898037, 2.2200488020918474, 2.30590972496487, 3.9682180449902367, 1.5428351027407257, 0.8965377996485507, 0.9891013670547648, 1.0135657675881236, 1.5571367687597744, 2.007364612067624, 1.2839917928793745, 1.6534321074658376, 1.6538557305914394, 1.06698475697876, 1.0543686353697477, 1.53197135370502, 1.347357855154624, 1.3702120067878347, 1.6280798229983027, 0.5490829473049731, 1.320324258071732, 0.8643960024117852, 1.2308765479234052, 1.6930409295469788, 0.908569329231592, 0.9721602716311568, 1.2379865410022912, 0.9033489190086721, 1.3558402304327473, 1.514150855515596, 1.0311754272976004, 0.9086572076842891], [1.155951663824729, 0.930290395174306, 0.854912814832393, 1.1028563715798214, 0.8756486894598299, 1.1226409540498783, 0.95403912994831, 0.9101102986016031, 0.935411342945202, 0.9203228171111004, 0.996413773403787, 0.7564671459270357, 1.048652604334639, 0.5922818021972039, 1.6952693167628476, 0.818437505373622, 1.786784918072152, 0.7580188819988438, 0.7401604814201115, 0.869068816859452, 2.508129028191327, 2.481997124454228, 1.841934965261584, 1.171831116238275, 1.4203265731829857, 1.4924423250773962, 2.5017355500654883, 1.6467606403321835, 2.2200488020918474, 11.279218467216788, 2.103965433448648, 2.924995040502375, 1.4201223493719364, 0.6942419002740975, 0.9696353504299652, 1.0714315337456675, 0.866264307193318, 1.1725852090351672, 0.9229069537852249, 1.088216724362016, 0.6737246218713255, 0.9986391674830711, 0.5796146797081521, 0.8651810016609146, 1.0394604543457007, 1.1689388558547518, 0.986965504266299, 2.0004244507867486, 0.6231813192715386, 1.5449809551174152, 1.0404758287434273, 0.905747250330097, 1.354332701705993, 1.0441623291933073, 1.074362341878494, 0.8566040213091418, 0.8743924325762261, 0.9449459639213273, 0.8624148062480873, 1.1877942280067626], [0.7036022153738664, 0.7017418077672318, 0.6870467709040963, 0.9992358175121294, 0.6948786604250541, 0.811276013044081, 0.8777400413586058, 0.6646783093094832, 0.7351742615591382, 0.9972655750846644, 1.123738622068558, 0.6553386513831984, 0.9170755548691751, 0.6192644054047654, 1.1035318971893888, 1.0128795871565868, 0.967290686368695, 0.7877054420683622, 0.7472723493977987, 0.8746758163361544, 1.7567993525453627, 1.4921899898409423, 1.5403451763149312, 1.1079921367602608, 1.5373465716476706, 1.4488697226080627, 2.587872371377745, 1.0400700842638624, 2.30590972496487, 2.103965433448648, 9.9712500607871, 4.090126723141365, 1.392267237607253, 1.0047392665982642, 1.0403771501608476, 0.9353363961839934, 0.8879310219048783, 1.2424273188517165, 1.1083247551900954, 1.1834885780338182, 0.7144701194746074, 0.8943927022014029, 0.7982806825355252, 0.795028781929511, 1.2752342264616627, 1.0287200024593925, 1.0915214779386617, 0.9174554575229894, 0.8174284598350824, 1.6228744128612735, 0.9577012811762489, 0.7825526509996139, 1.4094820922318128, 0.8182918138953383, 1.533460766912035, 0.9206753087194618, 0.7410343149941819, 1.0553277848569098, 0.5151139076680815, 0.8166970803296882], [2.1601005764338925, 1.644097601430008, 3.7664119707045915, 1.2076099533057865, 2.9182127803471225, 3.894563859015846, 2.992576524713205, 2.0776800608536385, 2.310880205895587, 1.656455289954506, 1.2175147720567292, 0.9504462234100712, 3.631543333063408, 2.9968328984747963, 1.2525041362426514, 4.413459452510872, 0.8350069482504928, 5.37896379767715, 0.6942813405084929, 1.1470684688101656, 14.15429971101945, 7.734463424687658, 1.6693579446226723, 2.3528948220500983, 1.2778620085471097, 0.8469467138233042, 3.13277798613912, 1.4579367595487864, 3.9682180449902367, 2.924995040502375, 4.090126723141365, 190.5312030451699, 0.5918222686798618, 7.300689137703, 3.758305633136572, 0.8900605283083292, 3.100347693805776, 3.2318949051790473, 0.5288230041739853, 3.501305461167751, 4.9371320474913665, 1.2085944704953036, 2.5506370205328017, 2.334845111897251, 0.12428486157692459, 0.39301397813632194, 2.9422590719335715, 0.13931778708769801, 3.2468452549286084, 0.34217950307115186, 0.5553242079860543, 3.3248135304504256, 0.3769211033144442, 0.2238412110979561, 0.5374935441858084, 3.174699517032308, 0.30875354499271, 0.28519663380274013, 1.1680805814111488, 1.516507925041148], [0.7664575867691429, 0.7999702692902475, 0.9432289530621182, 0.7510884946771229, 0.7946066386982071, 0.6211245558133244, 0.8518090095867555, 1.1164994969412143, 0.8244169807897991, 0.9654821846273973, 0.9731956330785495, 0.8184399721290002, 0.9322435932531477, 0.6026286082385798, 0.7174899240654983, 0.9178113355936248, 1.1089936107604854, 1.1067175534750229, 1.0088994334570802, 1.1886856117378275, 1.15333931352666, 1.0780944546999622, 1.792817107906975, 0.9242371708100601, 1.2597681469453184, 1.2709826178365438, 1.4238996875982508, 1.3351037101960843, 1.5428351027407257, 1.4201223493719364, 1.392267237607253, 0.5918222686798618, 7.339441372219726, 1.3485581020348598, 1.1466089090606073, 1.308492573389049, 1.2861820611386892, 1.4701886638717276, 0.8727478454866768, 1.5591115516131469, 0.8431722581127921, 1.2858672051593976, 0.8679873760498994, 0.8950050309843631, 1.1975540296854543, 1.0982543960098772, 1.31362962726483, 1.3807711068207107, 0.877022368298035, 0.7855392013733391, 1.3734466711142987, 1.0826779029323652, 1.1536429538443032, 1.168616926664042, 1.1004369123635571, 0.9529433868536358, 1.1082637235394757, 0.989996390122899, 1.3641132675065706, 1.4517351749331104], [1.3219364213894207, 0.9945873972833322, 1.5675355593313167, 1.1385705409173088, 0.8296695167256585, 1.2546867083191797, 0.9348711345311076, 1.4855459091897234, 1.3975376651371798, 1.3980143065479163, 1.0764846366773972, 0.9126092620267987, 1.2345432641359806, 1.2259479959605375, 0.8423190706144783, 1.545352740952644, 1.5961285944164363, 1.7694294004552655, 0.8915132841185209, 0.6670296048910536, 1.1326139214730426, 1.0324717034896065, 1.0167256819966195, 1.032758362881387, 0.9212062205144249, 0.848985675697879, 0.7547521197231236, 1.146738435919174, 0.8965377996485507, 0.6942419002740975, 1.0047392665982642, 7.300689137703, 1.3485581020348598, 5.567315867950679, 1.2907932201759578, 0.8041974983991601, 1.72368134675901, 1.7377288609724877, 0.8196083335499612, 1.5472956329747296, 1.973136485308494, 1.0606585109606324, 1.665568