"[[1.0, 0.999998122621093, 0.9999999749029241, 0.9999999815196208, 0.9999980507234203, 0.9999999570850556, 0.9999999917652048, 0.9999985379685864, 0.9495908040694645, 0.9999999994318981, 0.99999996404378, 0.9999995387088813, 0.9999985808261875, 0.986679277820409, 0.9999944311612193, 0.9999998788350953, 0.9963089367784748, 0.9999999923319605, 0.9999990437933645, 0.9999982053433417, 0.9999998839318373, 0.9999979196298807, 0.9999961789235619, 0.8841596394630914, 0.9999975110030802, 0.9999984013238079, 0.9999963595336072, 0.9999982317043667, 0.9999983790164537, 0.9999984186484041, 0.9999995073585765, 0.9999999557087765, 0.9999999978251578, 0.9999999623825392, 0.9999993684597926, 0.9999982528595568, 0.9999997386542943, 0.9999992709184339, 0.9999992401967283, 0.9999982837397768, 0.9999998452486332, 0.9999982926433105, 0.9999998692675961, 0.9999999672134073, 0.9932992665354676, 0.9999964413459729, 0.9999999509812357, 0.9999988398640959, 0.9999981875433807, 0.9999950064619257, 0.999996802761182, 0.9999999402474483, 0.9999980186868535, 0.9860136600632372, 0.9999975493604382, 0.9999986010908745, 0.9920692482651713, 0.999997896536034, 0.9999976699560785, 0.999997064005328, 0.9999992504304048, 0.9999981054762554, 0.9999525497185927, 0.9999525497185927, 0.9999525497185927, 0.9999525497185927, 0.9999525497185927, 0.9999525497185927, 0.9999525497185927, 0.9999525497185927, 0.9999525497185927, 0.9999525497185927, 0.9999525497185927, 0.9999525497185927, 0.9999525497185927, 0.9999525497185927, 0.9999525497185927, 0.9999525497185927, 0.9999525497185927, 0.9999525497185927, 0.9999525497185927, 0.9999525497185927, 0.9999525497185927, 0.9999525497185927, 0.9999525497185927, 0.9999525497185927, 0.9999525497185927, 0.9999525497185927, 0.9999525497185927, 0.9999525497185927, 0.9999525497185927, 0.9999525497185927, 0.9999525497185927], [0.999998122621093, 1.0, 0.9999985242024529, 0.9999984765356239, 0.9999999993140997, 0.9999975121115124, 0.9999978658048475, 0.9999999740686737, 0.949237372232084, 0.999998185794278, 0.999997567040931, 0.9999995224605304, 0.999999968000374, 0.9864982115716114, 0.9999990205632806, 0.9999989553271929, 0.9962134137672013, 0.999998354836539, 0.9999998460862599, 0.9999999990678359, 0.9999970729576082, 0.9999999947907464, 0.9999996582623136, 0.8836369568534751, 0.99999995695142, 0.9999999888083528, 0.9999997107429334, 0.9999999983667224, 0.9999999905911569, 0.9999999873080798, 0.9999995533847205, 0.9999975016129327, 0.9999979930585492, 0.9999986165002056, 0.9999996688203768, 0.9999999976590119, 0.999999262187226, 0.9999997334207132, 0.9999997514877157, 0.9999999958950813, 0.9999990457895656, 0.9999999959653214, 0.9999989827148732, 0.9999985859728622, 0.9931693279274157, 0.9999997334699672, 0.9999986802787715, 0.9999999141019762, 0.9999999994286008, 0.9999992527285347, 0.9999998253529581, 0.9999973930196984, 0.9999999985857647, 0.9858263684877275, 0.9999999618659936, 0.9999999648732043, 0.9919296803491685, 0.9999999935746395, 0.9999999755785183, 0.99999988214506, 0.9999997455822043, 0.9999999999605521, 0.9999317960212093, 0.9999317960212093, 0.9999317960212093, 0.9999317960212093, 0.9999317960212093, 0.9999317960212093, 0.9999317960212093, 0.9999317960212093, 0.9999317960212093, 0.9999317960212093, 0.9999317960212093, 0.9999317960212093, 0.9999317960212093, 0.9999317960212093, 0.9999317960212093, 0.9999317960212093, 0.9999317960212093, 0.9999317960212093, 0.9999317960212093, 0.9999317960212093, 0.9999317960212093, 0.9999317960212093, 0.9999317960212093, 0.9999317960212093, 0.9999317960212093, 0.9999317960212093, 0.9999317960212093, 0.9999317960212093, 0.9999317960212093, 0.9999317960212093, 0.9999317960212093], [0.9999999749029241, 0.9999985242024529, 1.0, 0.9999999986056526, 0.9999984605843155, 0.9999998673008837, 0.9999999382747005, 0.9999988893593801, 0.9495613836504204, 0.9999999813447685, 0.9999998798578971, 0.99999972486974, 0.9999989266826544, 0.9866561284309806, 0.9999951409765149, 0.9999999620398704, 0.996296795982637, 0.9999999943610952, 0.9999993231486487, 0.9999985973920567, 0.9999997526650225, 0.9999983436636201, 0.9999967625888236, 0.8840925324875126, 0.9999979771727385, 0.9999987699181484, 0.9999969286079964, 0.9999986206958165, 0.9999987503509365, 0.999998785157163, 0.9999997007615167, 0.9999998650400621, 0.9999999580624768, 0.9999999976775891, 0.9999995907634528, 0.9999986394073588, 0.9999998726748514, 0.999999511671615, 0.9999994864730812, 0.9999986678122521, 0.9999999424553845, 0.9999986744107695, 0.9999999567635275, 0.9999999983900534, 0.9932827328967619, 0.9999970036800617, 0.9999999948098321, 0.9999991501027907, 0.9999985816561217, 0.9999956772769946, 0.999997334484319, 0.9999998389516892, 0.9999984321412827, 0.9859982012442122, 0.9999980118054498, 0.9999989442684478, 0.9920514373537457, 0.999998323058454, 0.9999981201830986, 0.9999975724792005, 0.9999994949696149, 0.999998508963208, 0.9999503788683372, 0.9999503788683372, 0.9999503788683372, 0.9999503788683372, 0.9999503788683372, 0.9999503788683372, 0.9999503788683372, 0.9999503788683372, 0.9999503788683372, 0.9999503788683372, 0.9999503788683372, 0.9999503788683372, 0.9999503788683372, 0.9999503788683372, 0.9999503788683372, 0.9999503788683372, 0.9999503788683372, 0.9999503788683372, 0.9999503788683372, 0.9999503788683372, 0.9999503788683372, 0.9999503788683372, 0.9999503788683372, 0.9999503788683372, 0.9999503788683372, 0.9999503788683372, 0.9999503788683372, 0.9999503788683372, 0.9999503788683372, 0.9999503788683372, 0.9999503788683372], [0.9999999815196208, 0.9999984765356239, 0.9999999986056526, 1.0, 0.9999984116892406, 0.999999882336868, 0.9999999486424325, 0.9999988481215105, 0.9495550751110305, 0.9999999873107178, 0.9999998940324102, 0.9999997048579456, 0.999998886124166, 0.9866621693382175, 0.9999950540488367, 0.9999999549677769, 0.9962994994441626, 0.999999997653852, 0.9999992910855712, 0.9999985509646285, 0.9999997728626303, 0.9999982931626767, 0.9999966917171235, 0.8841099012900588, 0.9999979213120915, 0.9999987264920385, 0.9999968596213717, 0.9999985746441769, 0.9999987065725836, 0.9999987419467999, 0.9999996796463281, 0.9999998800330963, 0.9999999667359142, 0.9999999966166015, 0.9999995659717436, 0.9999985936229046, 0.9999998591289173, 0.999999484510152, 0.9999994586289461, 0.9999986211672774, 0.9999999337132512, 0.9999986292979484, 0.9999999490569411, 0.9999999979601408, 0.9932870305009286, 0.9999969355791662, 0.9999999926866384, 0.999999114133664, 0.9999985349642755, 0.9999955953182155, 0.9999972702573652, 0.9999998553399396, 0.999998382753111, 0.9859948042144294, 0.9999979563460092, 0.9999989040705457, 0.9920561023278354, 0.9999982722379402, 0.9999980663451907, 0.9999975112269197, 0.9999994672541737, 0.9999984610916627, 0.9999506591446903, 0.9999506591446903, 0.9999506591446903, 0.9999506591446903, 0.9999506591446903, 0.9999506591446903, 0.9999506591446903, 0.9999506591446903, 0.9999506591446903, 0.9999506591446903, 0.9999506591446903, 0.9999506591446903, 0.9999506591446903, 0.9999506591446903, 0.9999506591446903, 0.9999506591446903, 0.9999506591446903, 0.9999506591446903, 0.9999506591446903, 0.9999506591446903, 0.9999506591446903, 0.9999506591446903, 0.9999506591446903, 0.9999506591446903, 0.9999506591446903, 0.9999506591446903, 0.9999506591446903, 0.9999506591446903, 0.9999506591446903, 0.9999506591446903, 0.9999506591446904], [0.9999980507234203, 0.9999999993140997, 0.9999984605843155, 0.9999984116892406, 1.0, 0.9999974294307413, 0.9999977891767713, 0.9999999650087622, 0.9492317926503328, 0.9999981150837964, 0.9999974852841773, 0.9999994858399007, 0.9999999580152347, 0.9864945347615839, 0.9999990713184246, 0.9999989015104352, 0.9962113538084654, 0.9999982874738479, 0.9999998250042199, 0.9999999967927671, 0.9999969833446767, 0.999999997853537, 0.9999996879637022, 0.8836264208996834, 0.999999967046947, 0.9999999826198754, 0.9999997380107959, 0.9999999955811811, 0.9999999848596206, 0.9999999807687476, 0.9999995179582644, 0.9999974187736235, 0.999997918726217, 0.9999985546822405, 0.9999996382173215, 0.999999994462292, 0.9999992168518312, 0.9999997058955714, 0.9999997248855846, 0.9999999922144007, 0.9999989943195013, 0.9999999919745466, 0.9999989296087849, 0.9999985234756626, 0.9931666808849281, 0.9999997596150751, 0.999998619888515, 0.999999898176354, 0.9999999974976821, 0.9999992969750229, 0.9999998463873928, 0.9999973084095771, 0.9999999998689884, 0.9858233986947542, 0.9999999713354206, 0.9999999544421587, 0.9919268370176731, 0.9999999970525356, 0.9999999830125953, 0.9999998993004668, 0.9999997186845754, 0.9999999995951582, 0.9999313660463924, 0.9999313660463924, 0.9999313660463924, 0.9999313660463924, 0.9999313660463924, 0.9999313660463924, 0.9999313660463924, 0.9999313660463924, 0.9999313660463924, 0.9999313660463924, 0.9999313660463924, 0.9999313660463924, 0.9999313660463924, 0.9999313660463924, 0.9999313660463924, 0.9999313660463924, 0.9999313660463924, 0.9999313660463924, 0.9999313660463924, 0.9999313660463924, 0.9999313660463924, 0.9999313660463924, 0.9999313660463924, 0.9999313660463924, 0.9999313660463924, 0.9999313660463924, 0.9999313660463924, 0.9999313660463924, 0.9999313660463924, 0.9999313660463924, 0.9999313660463924], [0.9999999570850556, 0.9999975121115124, 0.9999998673008837, 0.999999882336868, 0.9999974294307413, 1.0, 0.9999999864437555, 0.9999979941710095, 0.9496427602664983, 0.999999946920127, 0.9999999996845595, 0.9999992144956975, 0.9999980444214382, 0.9867069526136891, 0.9999934106794443, 0.9999996917374967, 0.996323042060141, 0.9999999131693548, 0.9999985958069061, 0.9999976074834321, 0.9999999821533291, 0.9999972792251781, 0.9999953262472954, 0.8842401498068112, 0.9999968145488636, 0.9999978346426623, 0.9999955262292869, 0.9999976379361095, 0.9999978086926021, 0.9999978548080585, 0.9999991736963529, 0.9999999999785727, 0.9999999741950667, 0.9999998391237872, 0.9999989963503271, 0.9999976623883732, 0.9999994839813134, 0.9999988742962571, 0.9999988362016321, 0.9999976980672208, 0.9999996394241438, 0.999997708449287, 0.9999996765726337, 0.9999998493186754, 0.9933190278471196, 0.9999956169786007, 0.9999998163687219, 0.9999983507738529, 0.9999975869370772, 0.9999940378515279, 0.9999960191336206, 0.9999999986015633, 0.999997392656192, 0.9860410306039021, 0.9999968579529045, 0.9999980682245022, 0.9920905070869708, 0.9999972528235144, 0.9999969947125456, 0.9999963112869139, 0.9999988488642925, 0.9999974923860474, 0.9999553603741325, 0.9999553603741325, 0.9999553603741325, 0.9999553603741325, 0.9999553603741325, 0.9999553603741325, 0.9999553603741325, 0.9999553603741325, 0.9999553603741325, 0.9999553603741325, 0.9999553603741325, 0.9999553603741325, 0.9999553603741325, 0.9999553603741325, 0.9999553603741325, 0.9999553603741325, 0.9999553603741325, 0.9999553603741325, 0.9999553603741325, 0.9999553603741325, 0.9999553603741325, 0.9999553603741325, 0.9999553603741325, 0.9999553603741325, 0.9999553603741325, 0.9999553603741325, 0.9999553603741325, 0.9999553603741325, 0.9999553603741325, 0.9999553603741325, 0.9999553603741325], [0.9999999917652048, 0.9999978658048475, 0.9999999382747005, 0.9999999486424325, 0.9999977891767713, 0.9999999864437555, 1.0, 0.9999983103707645, 0.9496131774357335, 0.9999999869974192, 0.9999999902138886, 0.9999994072795408, 0.9999983564652952, 0.9866913792114207, 0.9999939947932868, 0.9999998074577506, 0.996315249071537, 0.9999999682271732, 0.9999988581573163, 0.999997954067662, 0.9999999375119161, 0.9999976497215767, 0.9999958160470861, 0.884194824951143, 0.9999972165470105, 0.9999981637036409, 0.9999960051424504, 0.9999979822188692, 0.9999981398011671, 0.9999981822699898, 0.999999371791789, 0.9999999856582374, 0.9999999980403663, 0.9999999189607808, 0.9999992160550234, 0.9999980048179026, 0.9999996376796761, 0.9999991077771198, 0.9999990738271782, 0.9999980377541912, 0.9999997656672062, 0.9999980473533406, 0.9999997954358204, 0.9999999261413124, 0.9933079108082316, 0.999996090868807, 0.9999999025833582, 0.9999986362258607, 0.9999979350653243, 0.9999945928116525, 0.9999964701266137, 0.9999999763664218, 0.9999977550643786, 0.9860254487569757, 0.9999972571119671, 0.99999837828039, 0.9920785464188584, 0.9999976251790998, 0.9999973847898413, 0.9999967449077596, 0.9999990851210886, 0.9999978475308411, 0.9999537912461112, 0.9999537912461112, 0.9999537912461112, 0.9999537912461112, 0.9999537912461112, 0.9999537912461112, 0.9999537912461112, 0.9999537912461112, 0.9999537912461112, 0.9999537912461112, 0.9999537912461112, 0.9999537912461112, 0.9999537912461112, 0.9999537912461112, 0.9999537912461112, 0.9999537912461112, 0.9999537912461112, 0.9999537912461112, 0.9999537912461112, 0.9999537912461112, 0.9999537912461112, 0.9999537912461112, 0.9999537912461112, 0.9999537912461112, 0.9999537912461112, 0.9999537912461112, 0.9999537912461112, 0.9999537912461112, 0.9999537912461112, 0.9999537912461112, 0.9999537912461112], [0.9999985379685864, 0.9999999740686737, 0.9999988893593801, 0.9999988481215105, 0.9999999650087622, 0.9999979941710095, 0.9999983103707645, 1.0, 0.9492788151020642, 0.9999985936574424, 0.9999980434584342, 0.9999997190854343, 0.9999999996810413, 0.9865197738577781, 0.9999986758990423, 0.9999992585733386, 0.9962248638168807, 0.9999987419952214, 0.9999999465062394, 0.9999999829687759, 0.9999975980280339, 0.9999999456156536, 0.9999994440589602, 0.8836988152441909, 0.9999998641994408, 0.9999999969481957, 0.9999995115988392, 0.9999999854478218, 0.9999999958996844, 0.9999999976589589, 0.9999997426855092, 0.9999979847401094, 0.999998423382701, 0.9999989693836401, 0.9999998282304497, 0.9999999873082956, 0.999999512894616, 0.9999998737744205, 0.9999998861080724, 0.9999999893482394, 0.999999334460144, 0.9999999904910146, 0.9999992816153833, 0.9999989430148614, 0.993184856380176, 0.9999995412707169, 0.9999990243274675, 0.9999999825622252, 0.9999999811951302, 0.9999989483916506, 0.9999996648299875, 0.9999978870934266, 0.9999999605999017, 0.9858484229341415, 0.9999998730423668, 0.9999999993035562, 0.991946346233155, 0.999999941828271, 0.9999998993182168, 0.9999997456508783, 0.9999998820967595, 0.9999999720199695, 0.9999344298201467, 0.9999344298201467, 0.9999344298201467, 0.9999344298201467, 0.9999344298201467, 0.9999344298201467, 0.9999344298201467, 0.9999344298201467, 0.9999344298201467, 0.9999344298201467, 0.9999344298201467, 0.9999344298201467, 0.9999344298201467, 0.9999344298201467, 0.9999344298201467, 0.9999344298201467, 0.9999344298201467, 0.9999344298201467, 0.9999344298201467, 0.9999344298201467, 0.9999344298201467, 0.9999344298201467, 0.9999344298201467, 0.9999344298201467, 0.9999344298201467, 0.9999344298201467, 0.9999344298201467, 0.9999344298201467, 0.9999344298201467, 0.9999344298201467, 0.9999344298201467], [0.9495908040694645, 0.949237372232084, 0.9495613836504204, 0.9495550751110305, 0.9492317926503328, 0.9496427602664983, 0.9496131774357335, 0.9492788151020642, 1.0, 0.9495833877311634, 0.9496391849589135, 0.9494146066565702, 0.9492835953995642, 0.9365998073457488, 0.9489801772054254, 0.9495007793956288, 0.945773209576873, 0.9495675055371289, 0.9493385815116313, 0.9492451216532699, 0.9496776412670894, 0.9492185146589116, 0.9490857598649466, 0.8394943195550445, 0.949183406067681, 0.9492645118811103, 0.949097741466107, 0.9492477919328204, 0.9492622508845993, 0.9492666228213317, 0.9494097708339234, 0.9496445553910781, 0.9496015578937151, 0.9495409575902164, 0.9493858132369941, 0.9492501124247422, 0.9494588741581005, 0.9493706854153275, 0.9493659569682993, 0.9492608337554695, 0.9494885423952322, 0.9492536204262881, 0.9494978766147084, 0.9495436510985817, 0.9430899042578865, 0.9491031912056667, 0.9495338443669139, 0.9493127977816019, 0.9492434059802798, 0.9490128130874123, 0.9491288875557121, 0.9496529916375184, 0.9492290515869926, 0.9885566614842397, 0.9491870427461757, 0.9492856772101815, 0.9416893914156402, 0.9492164597348022, 0.9491967211742869, 0.9491481840545438, 0.9493680773603101, 0.9492355174593895, 0.9513092780599816, 0.9513092780599816, 0.9513092780599816, 0.9513092780599816, 0.9513092780599816, 0.9513092780599816, 0.9513092780599816, 0.9513092780599816, 0.9513092780599816, 0.9513092780599816, 0.9513092780599816, 0.9513092780599816, 0.9513092780599816, 0.9513092780599816, 0.9513092780599816, 0.9513092780599816, 0.9513092780599816, 0.9513092780599816, 0.9513092780599816, 0.9513092780599816, 0.9513092780599816, 0.9513092780599816, 0.9513092780599816, 0.9513092780599816, 0.9513092780599816, 0.9513092780599816, 0.9513092780599816, 0.9513092780599816, 0.9513092780599816, 0.9513092780599816, 0.9513092780599816], [0.9999999994318981, 0.999998185794278, 0.9999999813447685, 0.9999999873107178, 0.9999981150837964, 0.999999946920127, 0.9999999869974192, 0.9999985936574424, 0.9495833877311634, 1.0, 0.9999999546622124, 0.9999995697968797, 0.9999986356804107, 0.9866771587509003, 0.9999945403676794, 0.9999998944742168, 0.9963072586331765, 0.9999999958546404, 0.9999990887230498, 0.9999982671017296, 0.9999998675239499, 0.9999979861644294, 0.9999962692872034, 0.8841534314016609, 0.9999975838341678, 0.9999984595838257, 0.999996447725803, 0.999998293005513, 0.9999984376837332, 0.9999984765831995, 0.9999995394522938, 0.9999999453555969, 0.9999999951326556, 0.9999999708384434, 0.9999994048705207, 0.999998313778243, 0.9999997618872108, 0.9999993100790351, 0.9999992801884514, 0.9999983439345538, 0.9999998630316004, 0.9999983528666927, 0.9999998855200152, 0.9999999750963414, 0.9932977462392178, 0.9999965285426955, 0.9999999607314528, 0.9999988894182641, 0.9999982496082236, 0.9999951098443175, 0.9999968853756679, 0.9999999283209943, 0.9999980835716378, 0.9860097394905885, 0.9999976216127056, 0.9999986555508845, 0.9920676256808185, 0.9999979634410355, 0.9999977404019325, 0.9999971431530369, 0.99999929013475, 0.9999981689466412, 0.9999522288022606, 0.9999522288022606, 0.9999522288022606, 0.9999522288022606, 0.9999522288022606, 0.9999522288022606, 0.9999522288022606, 0.9999522288022606, 0.9999522288022606, 0.9999522288022606, 0.9999522288022606, 0.9999522288022606, 0.9999522288022606, 0.9999522288022606, 0.9999522288022606, 0.9999522288022606, 0.9999522288022606, 0.9999522288022606, 0.9999522288022606, 0.9999522288022606, 0.9999522288022606, 0.9999522288022606, 0.9999522288022606, 0.9999522288022606, 0.9999522288022606, 0.9999522288022606, 0.9999522288022606, 0.9999522288022606, 0.9999522288022606, 0.9999522288022606, 0.9999522288022606], [0.99999996404378, 0.999997567040931, 0.9999998798578971, 0.9999998940324102, 0.9999974852841773, 0.9999999996845595, 0.9999999902138886, 0.9999980434584342, 0.9496391849589135, 0.9999999546622124, 1.0, 0.999999245197659, 0.9999980930862644, 0.9867041640858516, 0.99999350026157, 0.9999997108741429, 0.9963218674210526, 0.9999999231812189, 0.9999986369964003, 0.9999976613409663, 0.9999999771784884, 0.9999973366791537, 0.9999954016463468, 0.88423205554267, 0.9999968767390368, 0.9999978858635747, 0.999995599988967, 0.9999976914471783, 0.9999978602221712, 0.9999979057922583, 0.9999992052223274, 0.9999999995658627, 0.9999999795039567, 0.9999998528721938, 0.9999990311259493, 0.9999977156264488, 0.999999508827303, 0.9999989111451679, 0.9999988736720533, 0.9999977509950254, 0.9999996601252069, 0.999997761151844, 0.9999996961900626, 0.9999998626000526, 0.9933170402024494, 0.9999956899792019, 0.9999998310685889, 0.9999983954334557, 0.9999976410275424, 0.9999941230491255, 0.9999960886942816, 0.9999999969943647, 0.9999974489137774, 0.9860391544321621, 0.9999969197226973, 0.9999981165886622, 0.992088362867183, 0.9999973105575123, 0.9999970551114815, 0.9999963782332258, 0.999998886136938, 0.9999975475299313, 0.9999551261050678, 0.9999551261050678, 0.9999551261050678, 0.9999551261050678, 0.9999551261050678, 0.9999551261050678, 0.9999551261050678, 0.9999551261050678, 0.9999551261050678, 0.9999551261050678, 0.9999551261050678, 0.9999551261050678, 0.9999551261050678, 0.9999551261050678, 0.9999551261050678, 0.9999551261050678, 0.9999551261050678, 0.9999551261050678, 0.9999551261050678, 0.9999551261050678, 0.9999551261050678, 0.9999551261050678, 0.9999551261050678, 0.9999551261050678, 0.9999551261050678, 0.9999551261050678, 0.9999551261050678, 0.9999551261050678, 0.9999551261050678, 0.9999551261050678, 0.9999551261050678], [0.9999995387088813, 0.9999995224605304, 0.99999972486974, 0.9999997048579456, 0.9999994858399007, 0.9999992144956975, 0.9999994072795408, 0.9999997190854343, 0.9494146066565702, 0.9999995697968797, 0.999999245197659, 1.0, 0.9999997376875501, 0.9865910883993656, 0.9999971752688551, 0.9999998903665669, 0.9962618794517456, 0.9999996499632477, 0.9999999107495064, 0.9999995637234893, 0.9999989598914409, 0.9999994175083877, 0.9999983728058051, 0.8839041070027143, 0.9999991926733428, 0.9999996574794122, 0.9999984899092248, 0.9999995766741578, 0.9999996471107682, 0.9999996654678672, 0.999999999456829, 0.9999992085602761, 0.9999994734335613, 0.9999997645412136, 0.9999999866238151, 0.9999995869793689, 0.9999999717785987, 0.9999999694491589, 0.9999999629135751, 0.9999996015075995, 0.9999999183136146, 0.999999606212678, 0.9999998991021224, 0.9999997518775805, 0.9932361028773348, 0.9999985424434763, 0.9999997904278072, 0.9999998416254476, 0.9999995549228914, 0.9999975804879534, 0.9999987702511016, 0.9999991469443218, 0.9999994693141564, 0.9859205099697164, 0.9999992144426452, 0.9999997463604658, 0.9920013837497402, 0.9999994052575968, 0.9999992820668312, 0.999998930158658, 0.9999999651339653, 0.9999995138017126, 0.9999427320297071, 0.9999427320297071, 0.9999427320297071, 0.9999427320297071, 0.9999427320297071, 0.9999427320297071, 0.9999427320297071, 0.9999427320297071, 0.9999427320297071, 0.9999427320297071, 0.9999427320297071, 0.9999427320297071, 0.9999427320297071, 0.9999427320297071, 0.9999427320297071, 0.9999427320297071, 0.9999427320297071, 0.9999427320297071, 0.9999427320297071, 0.9999427320297071, 0.9999427320297071, 0.9999427320297071, 0.9999427320297071, 0.9999427320297071, 0.9999427320297071, 0.9999427320297071, 0.9999427320297071, 0.9999427320297071, 0.9999427320297071, 0.9999427320297071, 0.9999427320297072], [0.9999985808261875, 0.999999968000374, 0.9999989266826544, 0.999998886124166, 0.9999999580152347, 0.9999980444214382, 0.9999983564652952, 0.9999999996810413, 0.9492835953995642, 0.9999986356804107, 0.9999980930862644, 0.9999997376875501, 1.0, 0.9865220959234686, 0.9999986344927414, 0.9999992890002256, 0.9962261124602438, 0.9999987817250586, 0.9999999544458849, 0.9999999779900861, 0.9999976530495901, 0.9999999369698205, 0.9999994171171055, 0.8837054839732217, 0.999999850722061, 0.9999999946566154, 0.9999994863261169, 0.9999999808219089, 0.9999999932942741, 0.9999999956134288, 0.999999760479386, 0.9999980351120016, 0.9999984678970636, 0.9999990053155517, 0.9999998427102577, 0.9999999829680228, 0.9999995374964457, 0.9999998861418056, 0.999999897839409, 0.9999999854517527, 0.9999993632685638, 0.9999999866902192, 0.9999993115621372, 0.9999989794056521, 0.9931865285216647, 0.9999995167674065, 0.9999990592791754, 0.9999999869578962, 0.9999999759798509, 0.9999989114564286, 0.9999996438391618, 0.9999979386781621, 0.9999999531990063, 0.985850965612749, 0.9999998600019068, 0.9999999999270095, 0.9919481401520343, 0.9999999328974161, 0.9999998876694575, 0.9999997273238554, 0.9999998940398432, 0.9999999657281688, 0.9999347186316531, 0.9999347186316531, 0.9999347186316531, 0.9999347186316531, 0.9999347186316531, 0.9999347186316531, 0.9999347186316531, 0.9999347186316531, 0.9999347186316531, 0.9999347186316531, 0.9999347186316531, 0.9999347186316531, 0.9999347186316531, 0.9999347186316531, 0.9999347186316531, 0.9999347186316531, 0.9999347186316531, 0.9999347186316531, 0.9999347186316531, 0.9999347186316531, 0.9999347186316531, 0.9999347186316531, 0.9999347186316531, 0.9999347186316531, 0.9999347186316531, 0.9999347186316531, 0.9999347186316531, 0.9999347186316531, 0.9999347186316531, 0.9999347186316531, 0.9999347186316531], [0.986679277820409, 0.9864982115716114, 0.9866561284309806, 0.9866621693382175, 0.9864945347615839, 0.9867069526136891, 0.9866913792114207, 0.9865197738577781, 0.9365998073457488, 0.9866771587509003, 0.9867041640858516, 0.9865910883993656, 0.9865220959234686, 1.0, 0.9863650548152438, 0.9866338162233658, 0.9827749070941513, 0.9866680423791745, 0.9865505142570942, 0.9865023709656286, 0.9867238091314585, 0.9864886245245095, 0.9864197939434047, 0.9483797371790512, 0.9864705746526831, 0.9865124452659614, 0.986426124992077, 0.9865037734241819, 0.9865112362853747, 0.9865133155450516, 0.9865871079226571, 0.9867068308443997, 0.9866859632316446, 0.9866538934292889, 0.9865748148712835, 0.9865046307068391, 0.9866124850705928, 0.986566956442617, 0.986564631552508, 0.9865041993060996, 0.9866286314427614, 0.9865067497064618, 0.9866318571975881, 0.986656081523106, 0.9988683952093008, 0.9864291664937982, 0.9866507210566438, 0.9865374936770394, 0.9865014417594132, 0.986382012527174, 0.9864422557719488, 0.9867113748218407, 0.9864928970140945, 0.9725884745360507, 0.9864720680334603, 0.9865232673130954, 0.9993013772943209, 0.9864875387194064, 0.9864773604601205, 0.98645234298351, 0.9865652515775556, 0.9864974792122503, 0.9875346799361444, 0.9875346799361444, 0.9875346799361444, 0.9875346799361444, 0.9875346799361444, 0.9875346799361444, 0.9875346799361444, 0.9875346799361444, 0.9875346799361444, 0.9875346799361444, 0.9875346799361444, 0.9875346799361444, 0.9875346799361444, 0.9875346799361444, 0.9875346799361444, 0.9875346799361444, 0.9875346799361444, 0.9875346799361444, 0.9875346799361444, 0.9875346799361444, 0.9875346799361444, 0.9875346799361444, 0.9875346799361444, 0.9875346799361444, 0.9875346799361444, 0.9875346799361444, 0.9875346799361444, 0.9875346799361444, 0.9875346799361444, 0.9875346799361444, 0.9875346799361444], [0.9999944311612193, 0.9999990205632806, 0.9999951409765149, 0.9999950540488367, 0.9999990713184246, 0.9999934106794443, 0.9999939947932868, 0.9999986758990423, 0.9489801772054254, 0.9999945403676794, 0.99999350026157, 0.9999971752688551, 0.9999986344927414, 0.9863650548152438, 1.0, 0.9999959528351153, 0.9961420449630156, 0.9999948366379742, 0.9999980901233814, 0.9999989592075648, 0.9999927071704593, 0.9999991582095106, 0.9999998359087098, 0.8832571634757342, 0.9999993881867633, 0.9999987999823504, 0.9999997958415976, 0.9999989389603042, 0.9999988191653071, 0.9999987848866109, 0.9999972511775548, 0.999993393596089, 0.9999942095827583, 0.9999953089341881, 0.9999975503163618, 0.9999989224622972, 0.9999965825885282, 0.9999977320307293, 0.9999977853367293, 0.9999988971551258, 0.9999961328943171, 0.9999988908079048, 0.9999960069177246, 0.9999952528653399, 0.9930731051273364, 0.9999997758910965, 0.9999954270143327, 0.999998354561861, 0.9999989726856369, 0.9999999843208697, 0.9999996730936364, 0.9999932177335493, 0.9999990932047332, 0.9856889485937184, 0.999999368948061, 0.9999986144692607, 0.9918265006236009, 0.9999991727955639, 0.9999993054577528, 0.9999995822113175, 0.9999977677768142, 0.9999990328778321, 0.9999144705025367, 0.9999144705025367, 0.9999144705025367, 0.9999144705025367, 0.9999144705025367, 0.9999144705025367, 0.9999144705025367, 0.9999144705025367, 0.9999144705025367, 0.9999144705025367, 0.9999144705025367, 0.9999144705025367, 0.9999144705025367, 0.9999144705025367, 0.9999144705025367, 0.9999144705025367, 0.9999144705025367, 0.9999144705025367, 0.9999144705025367, 0.9999144705025367, 0.9999144705025367, 0.9999144705025367, 0.9999144705025367, 0.9999144705025367, 0.9999144705025367, 0.9999144705025367, 0.9999144705025367, 0.9999144705025367, 0.9999144705025367, 0.9999144705025367, 0.9999144705025367], [0.9999998788350953, 0.9999989553271929, 0.9999999620398704, 0.9999999549677769, 0.9999989015104352, 0.9999996917374967, 0.9999998074577506, 0.9999992585733386, 0.9495007793956288, 0.9999998944742168, 0.9999997108741429, 0.9999998903665669, 0.9999992890002256, 0.9866338162233658, 0.9999959528351153, 1.0, 0.9962850855568145, 0.9999999321151651, 0.9999996033842866, 0.9999990167991666, 0.9999995255972892, 0.9999988025824122, 0.9999974185941533, 0.884027701111038, 0.999998488151691, 0.9999991603867914, 0.9999975666554586, 0.999999036284565, 0.9999991441991464, 0.9999991729262488, 0.9999998748257817, 0.9999996880346487, 0.9999998443093698, 0.9999999762411799, 0.9999998005389565, 0.9999990518830392, 0.9999999733865563, 0.9999997441873213, 0.9999997258612022, 0.9999990744029504, 0.9999999979341099, 0.9999990811333598, 0.9999999998156255, 0.999999972095883, 0.9932667416843242, 0.9999976334592919, 0.9999999839404474, 0.9999994685421968, 0.9999990036126785, 0.9999964409651179, 0.9999979264004891, 0.9999996489162648, 0.9999988774254168, 0.9859661234813781, 0.9999985180089714, 0.9999993033235038, 0.992034289041203, 0.9999987850462753, 0.9999986114555087, 0.9999981357060164, 0.9999997319895416, 0.9999989425300468, 0.9999476331699232, 0.9999476331699232, 0.9999476331699232, 0.9999476331699232, 0.9999476331699232, 0.9999476331699232, 0.9999476331699232, 0.9999476331699232, 0.9999476331699232, 0.9999476331699232, 0.9999476331699232, 0.9999476331699232, 0.9999476331699232, 0.9999476331699232, 0.9999476331699232, 0.9999476331699232, 0.9999476331699232, 0.9999476331699232, 0.9999476331699232, 0.9999476331699232, 0.9999476331699232, 0.9999476331699232, 0.9999476331699232, 0.9999476331699232, 0.9999476331699232, 0.9999476331699232, 0.9999476331699232, 0.9999476331699232, 0.9999476331699232, 0.9999476331699232, 0.9999476331699232], [0.9963089367784748, 0.9962134137672013, 0.996296795982637, 0.9962994994441626, 0.9962113538084654, 0.996323042060141, 0.996315249071537, 0.9962248638168807, 0.945773209576873, 0.9963072586331765, 0.9963218674210526, 0.9962618794517456, 0.9962261124602438, 0.9827749070941513, 0.9961420449630156, 0.9962850855568145, 1.0, 0.9963030576712381, 0.9962412019940462, 0.9962155831893186, 0.9963321975453511, 0.9962082895000275, 0.9961714678856116, 0.8803817702013399, 0.9961986056405091, 0.9962209337478011, 0.9961748766618324, 0.996216208731948, 0.9962203258092455, 0.9962213524467508, 0.9962605276367736, 0.9963233009740513, 0.9963121164935911, 0.9962956407796987, 0.9962540561036847, 0.9962168146102907, 0.9962736926824624, 0.9962498853139096, 0.996248655858835, 0.9962166083386387, 0.9962817136124932, 0.9962179509178923, 0.9962840950379143, 0.996296437816781, 0.9894750202248701, 0.9961764022474198, 0.9962935449324927, 0.9962341645078046, 0.9962151356743241, 0.996151183111551, 0.9961835243927485, 0.9963256234475177, 0.9962105386835366, 0.9821509346738552, 0.9961994224369399, 0.9962267332207212, 0.9881760487373827, 0.9962077263407744, 0.9962022943673471, 0.9961888741650524, 0.9962489870911563, 0.9962129822394847, 0.9967330229400723, 0.9967330229400723, 0.9967330229400723, 0.9967330229400723, 0.9967330229400723, 0.9967330229400723, 0.9967330229400723, 0.9967330229400723, 0.9967330229400723, 0.9967330229400723, 0.9967330229400723, 0.9967330229400723, 0.9967330229400723, 0.9967330229400723, 0.9967330229400723, 0.9967330229400723, 0.9967330229400723, 0.9967330229400723, 0.9967330229400723, 0.9967330229400723, 0.9967330229400723, 0.9967330229400723, 0.9967330229400723, 0.9967330229400723, 0.9967330229400723, 0.9967330229400723, 0.9967330229400723, 0.9967330229400723, 0.9967330229400723, 0.9967330229400723, 0.9967330229400723], [0.9999999923319605, 0.999998354836539, 0.9999999943610952, 0.999999997653852, 0.9999982874738479, 0.9999999131693548, 0.9999999682271732, 0.9999987419952214, 0.9495675055371289, 0.9999999958546404, 0.9999999231812189, 0.9999996499632477, 0.9999987817250586, 0.9866680423791745, 0.9999948366379742, 0.9999999321151651, 0.9963030576712381, 1.0, 0.9999992073283335, 0.9999984322163742, 0.9999998166244576, 0.9999981644829792, 0.9999965134813692, 0.8841269786173627, 0.9999977795449316, 0.9999986150220257, 0.9999966859079024, 0.9999984568471061, 0.9999985942535197, 0.9999986311397734, 0.9999996225782807, 0.9999999111982487, 0.999999982033535, 0.9999999886711419, 0.9999994999284523, 0.9999984766022727, 0.9999998204937279, 0.9999994127440911, 0.9999993851410333, 0.999998505300515, 0.9999999064615902, 0.9999985137413512, 0.9999999249014756, 0.9999999912510442, 0.9932912336283363, 0.9999967639475175, 0.9999999820738672, 0.9999990207746275, 0.9999984155766183, 0.9999953900171189, 0.9999971081414767, 0.9999998897903573, 0.9999982574346764, 0.9860013646562938, 0.9999978157597843, 0.9999988004969098, 0.9920606147123969, 0.9999981427866462, 0.9999979295325124, 0.9999973563249076, 0.9999993943360442, 0.9999983387875296, 0.9999513361310212, 0.9999513361310212, 0.9999513361310212, 0.9999513361310212, 0.9999513361310212, 0.9999513361310212, 0.9999513361310212, 0.9999513361310212, 0.9999513361310212, 0.9999513361310212, 0.9999513361310212, 0.9999513361310212, 0.9999513361310212, 0.9999513361310212, 0.9999513361310212, 0.9999513361310212, 0.9999513361310212, 0.9999513361310212, 0.9999513361310212, 0.9999513361310212, 0.9999513361310212, 0.9999513361310212, 0.9999513361310212, 0.9999513361310212, 0.9999513361310212, 0.9999513361310212, 0.9999513361310212, 0.9999513361310212, 0.9999513361310212, 0.9999513361310212, 0.9999513361310212], [0.9999990437933645, 0.9999998460862599, 0.9999993231486487, 0.9999992910855712, 0.9999998250042199, 0.9999985958069061, 0.9999988581573163, 0.9999999465062394, 0.9493385815116313, 0.9999990887230498, 0.9999986369964003, 0.9999999107495064, 0.9999999544458849, 0.9865505142570942, 0.9999980901233814, 0.9999996033842866, 0.9962412019940462, 0.9999992073283335, 1.0, 0.9999998691074158, 0.9999982614452394, 0.9999997842475332, 0.9999990456634119, 0.8837871825984632, 0.9999996402418306, 0.9999999179004864, 0.9999991348319369, 0.9999998761542116, 0.9999999127855816, 0.9999999217884504, 0.9999999238379793, 0.9999985879154841, 0.9999989507113026, 0.9999993854912742, 0.999999966451035, 0.9999998817051942, 0.9999997822441277, 0.9999999846251065, 0.999999988723315, 0.9999998892470637, 0.9999996583308338, 0.9999998918898334, 0.9999996201877085, 0.999999365090966, 0.9932069705994437, 0.9999991744774582, 0.9999994277438369, 0.9999999901512192, 0.9999998642683123, 0.9999984205377537, 0.9999993435342042, 0.9999985059897645, 0.9999998153103634, 0.9858801854464954, 0.9999996547294577, 0.9999999580171117, 0.9919700849823099, 0.9999997767671761, 0.9999996990479002, 0.9999994588668645, 0.9999999874356561, 0.9999998411503235, 0.9999381219817619, 0.9999381219817619, 0.9999381219817619, 0.9999381219817619, 0.9999381219817619, 0.9999381219817619, 0.9999381219817619, 0.9999381219817619, 0.9999381219817619, 0.9999381219817619, 0.9999381219817619, 0.9999381219817619, 0.9999381219817619, 0.9999381219817619, 0.9999381219817619, 0.9999381219817619, 0.9999381219817619, 0.9999381219817619, 0.9999381219817619, 0.9999381219817619, 0.9999381219817619, 0.9999381219817619, 0.9999381219817619, 0.9999381219817619, 0.9999381219817619, 0.9999381219817619, 0.9999381219817619, 0.9999381219817619, 0.9999381219817619, 0.9999381219817619, 0.9999381219817619], [0.9999982053433417, 0.9999999990678359, 0.9999985973920567, 0.9999985509646285, 0.9999999967927671, 0.9999976074834321, 0.999997954067662, 0.9999999829687759, 0.9492451216532699, 0.9999982671017296, 0.9999976613409663, 0.9999995637234893, 0.9999999779900861, 0.9865023709656286, 0.9999989592075648, 0.9999990167991666, 0.9962155831893186, 0.9999984322163742, 0.9999998691074158, 1.0, 0.9999971764810305, 0.9999999894524856, 0.9999996216385513, 0.8836488807138507, 0.9999999433523129, 0.999999994335763, 0.9999996769742816, 0.9999999999018994, 0.9999999955817044, 0.9999999932542005, 0.9999995932554395, 0.9999975971847647, 0.9999980786228205, 0.9999986873810678, 0.9999997030245901, 0.9999999996802107, 0.9999993136996148, 0.999999764012152, 0.9999997809924883, 0.9999999986243905, 0.9999991045011846, 0.999999998911632, 0.999999043361964, 0.9999986576440916, 0.9931723237156729, 0.9999997010184265, 0.9999987494861015, 0.9999999310650175, 0.9999999999560076, 0.9999991990178646, 0.9999997989058905, 0.9999974906672816, 0.9999999953661741, 0.9858304941931004, 0.9999999490107491, 0.9999999753844028, 0.9919328962539832, 0.9999999877488658, 0.9999999651055639, 0.9999998602534939, 0.9999997754450397, 0.9999999986480015, 0.9999322993087154, 0.9999322993087154, 0.9999322993087154, 0.9999322993087154, 0.9999322993087154, 0.9999322993087154, 0.9999322993087154, 0.9999322993087154, 0.9999322993087154, 0.9999322993087154, 0.9999322993087154, 0.9999322993087154, 0.9999322993087154, 0.9999322993087154, 0.9999322993087154, 0.9999322993087154, 0.9999322993087154, 0.9999322993087154, 0.9999322993087154, 0.9999322993087154, 0.9999322993087154, 0.9999322993087154, 0.9999322993087154, 0.9999322993087154, 0.9999322993087154, 0.9999322993087154, 0.9999322993087154, 0.9999322993087154, 0.9999322993087154, 0.9999322993087154, 0.9999322993087154], [0.9999998839318373, 0.9999970729576082, 0.9999997526650225, 0.9999997728626303, 0.9999969833446767, 0.9999999821533291, 0.9999999375119161, 0.9999975980280339, 0.9496776412670894, 0.9999998675239499, 0.9999999771784884, 0.9999989598914409, 0.9999976530495901, 0.9867238091314585, 0.9999927071704593, 0.9999995255972892, 0.9963321975453511, 0.9999998166244576, 0.9999982614452394, 0.9999971764810305, 1.0, 0.9999968207903073, 0.999994730942119, 0.8842893297481296, 0.9999963199696166, 0.9999974237424256, 0.999994943412074, 0.9999972095696806, 0.9999973954452033, 0.9999974457450884, 0.9999989130515771, 0.9999999830391947, 0.9999999134389531, 0.999999714161403, 0.9999987109143533, 0.9999972361594852, 0.9999992742614917, 0.9999985730563886, 0.9999985302046729, 0.9999972750995028, 0.9999994611693419, 0.9999972862594363, 0.9999995068370088, 0.9999997277874578, 0.9933310565150152, 0.9999950399164759, 0.9999996840662745, 0.9999979898992146, 0.9999971541656566, 0.9999933677896032, 0.9999954683484309, 0.9999999907364154, 0.9999969435220535, 0.9860593937748249, 0.9999963666388468, 0.9999976791314531, 0.9921034388869835, 0.9999967922566416, 0.99999651381369, 0.9999957804287122, 0.9999985444467857, 0.9999970515612778, 0.9999571271853693, 0.9999571271853693, 0.9999571271853693, 0.9999571271853693, 0.9999571271853693, 0.9999571271853693, 0.9999571271853693, 0.9999571271853693, 0.9999571271853693, 0.9999571271853693, 0.9999571271853693, 0.9999571271853693, 0.9999571271853693, 0.9999571271853693, 0.9999571271853693, 0.9999571271853693, 0.9999571271853693, 0.9999571271853693, 0.9999571271853693, 0.9999571271853693, 0.9999571271853693, 0.9999571271853693, 0.9999571271853693, 0.9999571271853693, 0.9999571271853693, 0.9999571271853693, 0.9999571271853693, 0.9999571271853693, 0.9999571271853693, 0.9999571271853693, 0.9999571271853693], [0.9999979196298807, 0.9999999947907464, 0.9999983436636201, 0.9999982931626767, 0.999999997853537, 0.9999972792251781, 0.9999976497215767, 0.9999999456156536, 0.9492185146589116, 0.9999979861644294, 0.9999973366791537, 0.9999994175083877, 0.9999999369698205, 0.9864886245245095, 0.9999991582095106, 0.9999988025824122, 0.9962082895000275, 0.9999981644829792, 0.9999997842475332, 0.9999999894524856, 0.9999968207903073, 1.0, 0.999999737435918, 0.8836094847560988, 0.9999999816919878, 0.9999999683295492, 0.9999997831677017, 0.9999999873257691, 0.9999999713812291, 0.9999999658370065, 0.999999451709809, 0.9999972682436661, 0.9999977833601017, 0.9999984415056523, 0.9999995805425306, 0.9999999854657107, 0.9999991329903211, 0.9999996536833804, 0.9999996743206118, 0.9999999819656671, 0.9999988995810732, 0.9999999815880808, 0.9999988319154316, 0.9999984091175665, 0.9931624177895693, 0.9999998027828776, 0.9999985092449459, 0.9999998665883835, 0.9999999907698105, 0.9999993723001552, 0.9999998804678649, 0.999997154745353, 0.9999999987738205, 0.9858163246222587, 0.9999999848439227, 0.9999999326107627, 0.9919222666490279, 0.9999999999362529, 0.999999992927283, 0.9999999264907037, 0.9999996675636647, 0.9999999956528863, 0.9999305987349084, 0.9999305987349084, 0.9999305987349084, 0.9999305987349084, 0.9999305987349084, 0.9999305987349084, 0.999