"[[1.0, 1.3397061238151764e-12, 1.6653345369377348e-15, 1.3952727861976655e-10, 7.882583474838611e-15, 0.0, 3.943512183468556e-13, 4.8405723873656825e-14, 7.57477836010878e-09, 8.981704269217516e-13, 0.0, 1.1102230246251565e-15, 1.4432899320127035e-15, 1.4099832412739488e-14, 0.0, 1.2212453270876722e-15, 0.0, 1.1102230246251565e-16, 0.0, 2.220446049250313e-16, 1.9528823003156504e-13, 0.0, 0.0, 0.0, 0.0, 2.220446049250313e-16, 0.0, 0.0, 0.0, 0.0, 0.0, 2.220446049250313e-16, 1.1102230246251565e-16, 3.964606420936434e-13, 5.230781918719174e-09, 2.220446049250313e-16, 5.509337430709138e-11, 1.7887913372760522e-12, 0.0, 6.5503158452884236e-15, 4.884981308350689e-15, 5.662137425588298e-15, 0.0, 2.1094237467877974e-15, 0.0, 0.0, 8.260059303211165e-13, 0.0, 0.0, 0.0, 0.0, 4.491185201516146e-12, 0.0, 2.6645352591003757e-15, 1.3322676295501878e-15, 0.0, 0.0, 0.0, 4.851734569655264e-10, 0.0], [1.3397061238151764e-12, 1.0, 0.0, 0.0, 2.6875168757101164e-12, 1.5665135855158496e-11, 0.0, 0.0, 4.440892098500626e-16, 0.0, 0.0, 0.0, 0.0, 1.1102230246251565e-16, 0.0, 0.0, 0.0, 4.829470157119431e-13, 0.0, 0.0, 0.0, 0.0, 0.0, 0.0, 0.0, 0.0, 0.0, 0.0, 1.2902245938306578e-10, 0.0, 0.0, 0.0, 0.0, 6.661338147750939e-16, 2.220446049250313e-16, 0.0, 0.0, 5.042410933242536e-11, 0.0, 0.0, 4.957012578188369e-11, 0.0, 7.771561172376096e-16, 1.1102230246251565e-16, 0.0, 0.0, 1.8762769116165146e-14, 0.0, 0.0, 0.0, 0.0, 5.076616904631237e-11, 0.0, 0.0, 0.0, 0.0, 0.0, 0.0, 0.0, 0.0], [1.6653345369377348e-15, 0.0, 1.0, 3.3306690738754696e-16, 7.509548538564559e-13, 0.0, 3.971981226424948e-05, 1.8848516969427465e-08, 5.0350708118429566e-06, 0.0, 0.0, 5.0258693540250476e-08, 7.274586222294488e-08, 2.6291089749719276e-07, 0.0, 2.611135626606753e-07, 1.5007994846882866e-12, 6.018435572130443e-08, 4.767297667740422e-12, 0.0, 0.0, 0.0, 0.0, 0.0, 3.3306690738754696e-16, 9.992007221626409e-16, 0.0, 0.0, 0.0, 0.0, 1.1102230246251565e-16, 0.0, 1.1470192573526106e-09, 1.6686594508374952e-06, 0.0, 0.0, 0.0, 0.0, 5.551115123125783e-16, 1.787459069646502e-14, 1.1102230246251565e-16, 8.881784197001252e-16, 2.0335787128678007e-06, 5.329091650185802e-07, 0.0, 0.0, 0.00032918224405498187, 1.887379141862766e-15, 0.0, 0.0, 1.2212453270876722e-15, 1.8842705173938157e-12, 3.5993430458347575e-13, 0.0, 5.281274306767614e-09, 0.0, 0.0, 0.0, 2.1496426527711776e-08, 0.0], [1.3952727861976655e-10, 0.0, 3.3306690738754696e-16, 1.0, 2.3314683517128287e-15, 2.5843668316483104e-09, 2.6587278089462707e-05, 5.440092820663267e-15, 1.5506247397212292e-09, 1.4466384756772754e-09, 7.054101747172581e-11, 2.220446049250313e-16, 1.060180054857085e-09, 2.930988785010413e-14, 0.0, 2.704338353254343e-08, 0.0, 2.220446049250313e-16, 0.0, 1.1102230246251565e-16, 0.0, 0.0, 0.0, 1.1102230246251565e-16, 0.0, 0.0, 0.0, 0.0, 0.0, 0.0, 0.0, 0.0, 0.0, 0.0, 0.0, 0.0, 0.0, 0.0, 0.0, 2.220446049250313e-16, 0.0, 0.0, 2.382861241656542e-09, 4.218847493575595e-15, 0.0, 0.0, 1.1582956815914258e-12, 0.0, 0.0, 0.0, 0.0, 2.0655981369799292e-09, 0.0, 0.0, 0.0, 0.0, 0.0, 8.311129562343922e-13, 0.0, 0.0], [7.882583474838611e-15, 2.6875168757101164e-12, 7.509548538564559e-13, 2.3314683517128287e-15, 1.0, 0.0, 2.0613943885194885e-10, 4.1505101577854475e-09, 1.0410208481914651e-06, 3.385651392573408e-07, 3.9879766156047936e-11, 9.663381206337363e-13, 6.885946686185918e-07, 9.403315645029053e-07, 2.220446049250313e-16, 1.894040480010517e-13, 0.0, 9.052626388394991e-06, 2.0705992476166557e-11, 4.935675379513782e-08, 0.0, 0.0, 0.0, 0.0, 2.55351295663786e-15, 0.0, 0.0, 0.0, 0.0, 0.0, 3.3306690738754696e-16, 0.0, 1.3322676295501878e-15, 0.0, 8.520306067694161e-05, 0.0, 0.0, 0.0, 7.593925488436071e-14, 3.0953017926549364e-13, 0.0, 0.0, 0.0, 1.5660609686829474e-07, 0.0, 0.0, 1.7914220785675283e-06, 0.0, 2.220446049250313e-16, 0.0, 4.9960036108132044e-15, 0.0, 0.0, 0.0, 0.0, 0.0, 0.0, 0.0, 0.0, 0.0], [0.0, 1.5665135855158496e-11, 0.0, 2.5843668316483104e-09, 0.0, 1.0, 0.0, 0.0, 2.220446049250313e-16, 0.0, 1.0522138715884921e-11, 0.0, 0.0, 1.1102230246251565e-16, 0.0, 0.0, 0.0, 0.0, 0.0, 0.0, 0.0, 0.0, 0.0, 0.0, 0.0, 0.0, 0.0, 0.0, 7.107303634512618e-11, 0.0, 0.0, 0.0, 0.0, 0.0, 0.0, 0.0, 0.0, 0.0, 0.0, 0.0, 1.5123458041443882e-11, 0.0, 3.092859302000761e-12, 0.0, 0.0, 0.0, 6.772360450213455e-15, 0.0, 0.0, 0.0, 0.0, 2.124944664672057e-11, 0.0, 0.0, 0.0, 0.0, 0.0, 0.0, 0.0, 0.0], [3.943512183468556e-13, 0.0, 3.971981226424948e-05, 2.6587278089462707e-05, 2.0613943885194885e-10, 0.0, 1.0, 4.339755443893978e-07, 5.1564507597245957e-05, 3.801692028404524e-06, 2.55351295663786e-15, 9.54059053981382e-12, 8.323064399351487e-06, 2.2579040426240482e-07, 9.992007221626409e-15, 7.193234122793157e-06, 4.440892098500626e-16, 1.6512340123564506e-05, 7.83884068766838e-12, 4.941808406933035e-08, 3.625249793470786e-06, 0.0, 0.0, 0.0, 1.1868284133242923e-13, 0.0, 0.0, 0.0, 0.0, 0.0, 1.7541523789077473e-14, 0.0, 1.4921397450962104e-13, 1.1847911906559538e-05, 0.004296915614560581, 0.0, 0.0, 0.0, 1.5198953207118393e-13, 2.2325474802187273e-12, 0.0, 0.0, 1.57519497223646e-07, 3.7533642860410055e-11, 0.0, 0.0, 1.757337664276548e-08, 0.0, 1.0658141036401503e-14, 0.0, 4.2965968560793044e-09, 0.0014630797916185267, 0.0, 0.0, 6.45705711121991e-13, 1.2212453270876722e-14, 2.099875828776021e-12, 0.0, 0.0, 0.0], [4.8405723873656825e-14, 0.0, 1.8848516969427465e-08, 5.440092820663267e-15, 4.1505101577854475e-09, 0.0, 4.339755443893978e-07, 1.0, 2.364385807140934e-07, 3.519131956952748e-07, 1.4432899320127035e-15, 4.085620730620576e-13, 2.3806980475882256e-07, 3.915312518643077e-11, 5.773159728050814e-15, 2.743361093848762e-13, 0.0, 1.908473379330644e-13, 1.4432899320127035e-15, 3.7847502909471586e-13, 3.339739595986657e-10, 4.2743586448068527e-14, 0.0, 1.1690648449302898e-13, 5.1736392947532295e-14, 3.1230573682705653e-13, 2.220446049250313e-16, 5.551115123125783e-16, 0.0, 0.0, 1.7541523789077473e-14, 4.3021142204224816e-13, 2.0183854587685346e-13, 6.744698133331894e-10, 8.904783571628272e-06, 3.7403413699621524e-13, 9.37702337999724e-08, 3.044472229873918e-09, 7.116529587847253e-14, 1.1120215859250493e-11, 6.83662514378014e-07, 9.554024238411785e-12, 1.4601869460229011e-06, 1.219468970248272e-12, 0.0, 0.0, 1.5581209655834982e-09, 0.0, 1.5543122344752192e-15, 0.0, 1.687538997430238e-14, 4.2284201773323815e-07, 0.0, 4.618638804743114e-12, 2.3133717164114387e-12, 0.0, 0.0, 0.0, 3.2199798383203415e-12, 1.2989609388114332e-14], [7.57477836010878e-09, 4.440892098500626e-16, 5.0350708118429566e-06, 1.5506247397212292e-09, 1.0410208481914651e-06, 2.220446049250313e-16, 5.1564507597245957e-05, 2.364385807140934e-07, 1.0, 2.0626378383070687e-10, 8.573253218457921e-12, 1.1641206887347266e-07, 3.2162558206705327e-06, 2.9141467017268496e-11, 1.9296786391009846e-10, 1.6799800502953488e-06, 4.6058712399599244e-12, 1.104030677989698e-08, 8.22781842657605e-11, 3.8746783559417963e-14, 4.4849124414270136e-11, 1.532107773982716e-14, 0.0, 7.238654120556021e-14, 1.7253558581842299e-09, 4.218847493575595e-14, 0.0, 1.1102230246251565e-16, 0.0, 0.0, 3.4092639822347337e-10, 5.750955267558311e-14, 1.2678701422075278e-09, 7.667246238240999e-06, 1.20122488422858e-06, 5.040412531798211e-14, 1.2651934055973868e-08, 4.1077496959474047e-10, 8.514100535705893e-11, 3.401834369753942e-12, 1.1280976153216216e-12, 1.2890799538922693e-12, 1.4225509659127056e-11, 2.814344873813823e-07, 0.0, 0.0, 1.7195675346415307e-05, 0.0, 1.6034185090774145e-10, 0.0, 4.846595569318879e-09, 8.14240325597293e-06, 4.097833183891453e-13, 6.231681837221004e-13, 6.196154700432999e-13, 0.0, 0.0, 4.943823128655822e-13, 4.3443026953582375e-13, 1.7763568394002505e-15], [8.981704269217516e-13, 0.0, 0.0, 1.4466384756772754e-09, 3.385651392573408e-07, 0.0, 3.801692028404524e-06, 3.519131956952748e-07, 2.0626378383070687e-10, 1.0, 8.461231715273243e-12, 7.330580586994984e-12, 9.70117619569777e-08, 6.894461748174763e-07, 1.0236256287043943e-13, 3.714171059598925e-08, 2.220446049250313e-16, 1.564193219394383e-12, 2.1222212875926516e-10, 1.038629737770691e-08, 6.4109175745841185e-09, 7.850387007124482e-13, 0.0, 1.4448442442471787e-12, 8.482103908136196e-13, 6.023626042406249e-12, 5.218048215738236e-15, 1.1435297153639112e-14, 0.0, 0.0, 3.361755318564974e-13, 8.212874824664596e-12, 3.822497873784414e-12, 1.3007739996240275e-08, 0.00017170802024202292, 7.212896946384717e-12, 1.8085194360972778e-06, 5.871785668798424e-08, 7.264537860152132e-10, 2.1365897939773504e-10, 1.6124745982892819e-10, 1.842647145977594e-10, 0.0, 0.0, 0.0, 0.0, 2.1702688979274853e-08, 0.0, 0.0, 5.551115123125783e-16, 1.3666845433135677e-13, 1.4603225173548395e-07, 0.0, 8.907785620237973e-11, 4.461497837837669e-11, 0.0, 7.771561172376096e-16, 0.0, 6.210298941766723e-11, 2.498001805406602e-13], [0.0, 0.0, 0.0, 7.054101747172581e-11, 3.9879766156047936e-11, 1.0522138715884921e-11, 2.55351295663786e-15, 1.4432899320127035e-15, 8.573253218457921e-12, 8.461231715273243e-12, 1.0, 0.0, 8.609113422153314e-12, 7.771561172376096e-16, 0.0, 5.63615820681207e-12, 0.0, 0.0, 0.0, 0.0, 5.662137425588298e-15, 0.0, 0.0, 0.0, 0.0, 0.0, 0.0, 0.0, 5.954636783656042e-11, 0.0, 0.0, 0.0, 0.0, 1.139632832547477e-11, 1.5275902764955163e-10, 0.0, 1.6089352072867769e-12, 1.5150991572454586e-10, 0.0, 2.220446049250313e-16, 5.701661365264954e-11, 1.1102230246251565e-16, 2.5165425299178423e-11, 2.3484436617593474e-11, 0.0, 0.0, 4.674038933671909e-14, 0.0, 0.0, 0.0, 0.0, 2.329403336887026e-11, 0.0, 1.1102230246251565e-16, 0.0, 0.0, 0.0, 0.0, 0.0, 0.0], [1.1102230246251565e-15, 0.0, 5.0258693540250476e-08, 2.220446049250313e-16, 9.663381206337363e-13, 0.0, 9.54059053981382e-12, 4.085620730620576e-13, 1.1641206887347266e-07, 7.330580586994984e-12, 0.0, 1.0, 1.4477308241112041e-13, 2.304822999121825e-13, 0.0, 3.219646771412954e-14, 0.0, 9.336422257533172e-08, 0.0, 1.3322676295501878e-15, 1.5939471964543372e-12, 2.220446049250313e-16, 0.0, 3.3306690738754696e-16, 4.440892098500626e-16, 3.3306690738754696e-15, 0.0, 0.0, 0.0, 0.0, 1.1102230246251565e-16, 1.9984014443252818e-15, 1.3322676295501878e-15, 3.330336006968082e-12, 4.2691431723085316e-08, 1.7763568394002505e-15, 4.496486516458731e-10, 1.4598877662308496e-11, 1.2212453270876722e-15, 5.6288307348495437e-14, 4.04121180963557e-14, 4.7628567756419216e-14, 1.0225154056797692e-13, 5.950795411990839e-14, 0.0, 0.0, 2.699285239771143e-11, 3.774758283725532e-15, 0.0, 0.0, 9.992007221626409e-16, 4.004718778816141e-11, 0.0, 2.2093438190040615e-14, 1.2434497875801753e-14, 0.0, 0.0, 0.0, 4.2661349675121585e-08, 1.1102230246251565e-16], [1.4432899320127035e-15, 0.0, 7.274586222294488e-08, 1.060180054857085e-09, 6.885946686185918e-07, 0.0, 8.323064399351487e-06, 2.3806980475882256e-07, 3.2162558206705327e-06, 9.70117619569777e-08, 8.609113422153314e-12, 1.4477308241112041e-13, 1.0, 1.3078820350065357e-06, 3.3306690738754696e-16, 3.081630095547183e-08, 3.619660127185398e-12, 1.325024292175847e-06, 2.6673108166619386e-12, 2.7533531010703882e-14, 2.96129787358268e-12, 6.661338147750939e-16, 0.0, 2.220446049250313e-15, 3.5653583418948642e-09, 3.9968028886505635e-15, 0.0, 0.0, 0.0, 0.0, 2.220446049250313e-16, 3.774758283725532e-15, 4.107825191113079e-15, 1.1696889867796045e-07, 7.935507129186448e-08, 3.3306690738754696e-15, 8.35374103225206e-10, 2.7122415424685187e-11, 8.711755761225959e-10, 1.80855330711438e-13, 7.471800955727304e-14, 8.626432901337466e-14, 2.1571633368466792e-13, 7.94568651985017e-08, 0.0, 0.0, 5.939593891401973e-05, 2.4424906541753444e-15, 2.846589630678409e-10, 0.0, 4.3298697960381105e-15, 2.0781742149367233e-07, 1.4765966227514582e-14, 4.118927421359331e-14, 2.5979218776228663e-14, 0.0, 0.0, 0.0, 2.7912631761495277e-08, 1.1102230246251565e-16], [1.4099832412739488e-14, 1.1102230246251565e-16, 2.6291089749719276e-07, 2.930988785010413e-14, 9.403315645029053e-07, 1.1102230246251565e-16, 2.2579040426240482e-07, 3.915312518643077e-11, 2.9141467017268496e-11, 6.894461748174763e-07, 7.771561172376096e-16, 2.304822999121825e-13, 1.3078820350065357e-06, 1.0, 3.885780586188048e-15, 1.1404210908949608e-12, 0.0, 1.0980890460254855e-06, 1.1102230246251565e-15, 5.726530361016557e-13, 1.0115752679951129e-10, 2.475797344914099e-14, 0.0, 2.8843594179761567e-13, 5.639932965095795e-14, 9.425793479067579e-14, 1.1102230246251565e-16, 2.220446049250313e-16, 0.0, 0.0, 5.218048215738236e-15, 1.2856382625159313e-13, 7.938094626069869e-14, 2.358759428888746e-07, 2.688501114178621e-06, 1.1290968160437842e-13, 2.8305651267324095e-08, 9.190098682054781e-10, 4.141131881851834e-14, 3.6495251265478146e-12, 2.523758979577906e-12, 2.884026351068769e-12, 9.320325677908414e-06, 7.137734847617594e-12, 0.0, 0.0, 3.0770546111114072e-09, 0.0, 8.326672684688674e-15, 0.0, 4.107825191113079e-14, 2.3120827385980647e-06, 0.0, 1.3942180743242716e-12, 7.083222897108499e-13, 0.0, 0.0, 0.0, 9.720002580593246e-13, 3.885780586188048e-15], [0.0, 0.0, 0.0, 0.0, 2.220446049250313e-16, 0.0, 9.992007221626409e-15, 5.773159728050814e-15, 1.9296786391009846e-10, 1.0236256287043943e-13, 0.0, 0.0, 3.3306690738754696e-16, 3.885780586188048e-15, 1.0, 4.440892098500626e-16, 0.0, 0.0, 0.0, 0.0, 2.220446049250313e-14, 0.0, 0.0, 0.0, 0.0, 0.0, 0.0, 0.0, 6.733030799566109e-10, 1.1102230246251565e-16, 0.0, 0.0, 0.0, 4.518607710224387e-14, 5.959911453246036e-10, 0.0, 6.2773120035330976e-12, 2.0383694732117874e-13, 0.0, 8.881784197001252e-16, 5.551115123125783e-16, 6.661338147750939e-16, 0.0, 1.3322676295501878e-15, 0.0, 0.0, 3.714806240395774e-13, 0.0, 0.0, 0.0, 0.0, 9.989773452900863e-10, 0.0, 3.3306690738754696e-16, 1.1102230246251565e-16, 0.0, 0.0, 0.0, 5.262734692479398e-11, 0.0], [1.2212453270876722e-15, 0.0, 2.611135626606753e-07, 2.704338353254343e-08, 1.894040480010517e-13, 0.0, 7.193234122793157e-06, 2.743361093848762e-13, 1.6799800502953488e-06, 3.714171059598925e-08, 5.63615820681207e-12, 3.219646771412954e-14, 3.081630095547183e-08, 1.1404210908949608e-12, 4.440892098500626e-16, 1.0, 0.0, 4.674038933671909e-14, 1.1102230246251565e-16, 9.992007221626409e-16, 0.0, 4.440892098500626e-16, 0.0, 3.219646771412954e-15, 4.107825191113079e-15, 0.0, 0.0, 0.0, 0.0, 0.0, 1.1102230246251565e-16, 3.3306690738754696e-16, 3.774758283725532e-15, 1.009371309423912e-06, 0.0, 0.0, 0.0, 3.3103878815943233e-07, 1.6653345369377348e-15, 8.526512829121202e-14, 5.175298933846051e-08, 0.0, 1.3243103169635617e-08, 9.661160760288112e-13, 0.0, 0.0, 2.456045367082993e-10, 0.0, 1.3322676295501878e-15, 0.0, 6.994405055138486e-15, 3.75397393614918e-07, 0.0, 0.0, 3.774758283725532e-15, 0.0, 0.0, 3.3162361745553426e-13, 0.0, 0.0], [0.0, 0.0, 1.5007994846882866e-12, 0.0, 0.0, 0.0, 4.440892098500626e-16, 0.0, 4.6058712399599244e-12, 2.220446049250313e-16, 0.0, 0.0, 3.619660127185398e-12, 0.0, 0.0, 0.0, 1.0, 0.0, 0.0, 0.0, 0.0, 0.0, 0.0, 0.0, 0.0, 0.0, 0.0, 0.0, 0.0, 0.0, 0.0, 0.0, 0.0, 7.1772587872942495e-12, 1.4094281297616362e-12, 0.0, 1.4876988529977098e-14, 4.440892098500626e-16, 0.0, 0.0, 0.0, 0.0, 0.0, 0.0, 0.0, 0.0, 2.9976021664879227e-15, 0.0, 0.0, 0.0, 0.0, 5.92526028242446e-13, 0.0, 0.0, 0.0, 0.0, 0.0, 0.0, 3.72257780156815e-13, 0.0], [1.1102230246251565e-16, 4.829470157119431e-13, 6.018435572130443e-08, 2.220446049250313e-16, 9.052626388394991e-06, 0.0, 1.6512340123564506e-05, 1.908473379330644e-13, 1.104030677989698e-08, 1.564193219394383e-12, 0.0, 9.336422257533172e-08, 1.325024292175847e-06, 1.0980890460254855e-06, 0.0, 4.674038933671909e-14, 0.0, 1.0, 0.0, 2.55351295663786e-15, 3.4017233474514796e-13, 1.1102230246251565e-16, 0.0, 1.7763568394002505e-15, 6.661338147750939e-16, 3.3306690738754696e-16, 0.0, 0.0, 0.0, 0.0, 0.0, 5.551115123125783e-16, 1.7763568394002505e-15, 3.742074947687968e-07, 9.109746734736746e-09, 3.3306690738754696e-16, 9.594869343487744e-11, 3.1151747847957267e-12, 8.33361779584152e-09, 3.418768212970491e-08, 1.1319632786666034e-08, 9.769962616701378e-15, 5.1132728939862204e-08, 1.2612133559741778e-13, 0.0, 0.0, 1.257196569071084e-10, 0.0, 2.220446049250313e-16, 0.0, 7.771561172376096e-16, 4.666898778538098e-08, 0.0, 4.773959005888173e-15, 1.609823385706477e-14, 0.0, 0.0, 0.0, 3.3306690738754696e-15, 0.0], [0.0, 0.0, 4.767297667740422e-12, 0.0, 2.0705992476166557e-11, 0.0, 7.83884068766838e-12, 1.4432899320127035e-15, 8.22781842657605e-11, 2.1222212875926516e-10, 0.0, 0.0, 2.6673108166619386e-12, 1.1102230246251565e-15, 0.0, 1.1102230246251565e-16, 0.0, 0.0, 1.0, 0.0, 5.440092820663267e-15, 0.0, 0.0, 0.0, 0.0, 0.0, 0.0, 0.0, 0.0, 0.0, 0.0, 0.0, 0.0, 1.099120794378905e-14, 1.445326081039866e-10, 0.0, 1.5218937221561646e-12, 4.9404924595819466e-14, 0.0, 2.220446049250313e-16, 1.1102230246251565e-16, 1.1102230246251565e-16, 4.1066039457859915e-11, 2.220446049250313e-16, 0.0, 0.0, 6.417089082333405e-14, 0.0, 0.0, 0.0, 0.0, 9.565048753046312e-11, 0.0, 1.1102230246251565e-16, 0.0, 0.0, 0.0, 0.0, 9.744016704615888e-11, 0.0], [2.220446049250313e-16, 0.0, 0.0, 1.1102230246251565e-16, 4.935675379513782e-08, 0.0, 4.941808406933035e-08, 3.7847502909471586e-13, 3.8746783559417963e-14, 1.038629737770691e-08, 0.0, 1.3322676295501878e-15, 2.7533531010703882e-14, 5.726530361016557e-13, 0.0, 9.992007221626409e-16, 0.0, 2.55351295663786e-15, 0.0, 1.0, 1.3837819778927951e-12, 2.220446049250313e-16, 0.0, 1.4432899320127035e-15, 2.220446049250313e-16, 1.1102230246251565e-15, 0.0, 0.0, 0.0, 0.0, 1.1102230246251565e-16, 1.5543122344752192e-15, 6.661338147750939e-16, 2.444155988712282e-12, 3.248076152484458e-08, 1.3322676295501878e-15, 3.3982372471541566e-10, 1.103317437411988e-11, 2.220446049250313e-16, 4.0190073491430667e-14, 3.0309088572266774e-14, 3.4638958368304884e-14, 4.5188862096701143e-08, 2.5424107263916085e-14, 0.0, 0.0, 1.3091416839472458e-11, 0.0, 0.0, 0.0, 2.220446049250313e-16, 9.974221448771914e-11, 0.0, 1.6764367671839864e-14, 8.43769498715119e-15, 0.0, 0.0, 0.0, 1.1657341758564144e-14, 0.0], [1.9528823003156504e-13, 0.0, 0.0, 0.0, 0.0, 0.0, 3.625249793470786e-06, 3.339739595986657e-10, 4.4849124414270136e-11, 6.4109175745841185e-09, 5.662137425588298e-15, 1.5939471964543372e-12, 2.96129787358268e-12, 1.0115752679951129e-10, 2.220446049250313e-14, 0.0, 0.0, 3.4017233474514796e-13, 5.440092820663267e-15, 1.3837819778927951e-12, 1.0, 1.7075230118734908e-13, 0.0, 3.141931159689193e-13, 1.844080443902385e-13, 1.3097301021502972e-12, 1.1102230246251565e-15, 2.4424906541753444e-15, 2.025177248121679e-09, 6.135653861649715e-07, 7.30526750203353e-14, 1.1192567017648258e-07, 8.311129562343922e-13, 2.8283481112723052e-09, 3.735104435143022e-05, 1.5683010445854961e-12, 3.9323683054259817e-07, 1.2767362833621121e-08, 2.8910207561239076e-13, 3.1377428766354853e-08, 3.5060954139964906e-11, 4.006572851267265e-11, 5.70765656959793e-13, 0.0, 0.0, 0.0, 4.718941015724454e-09, 0.0, 0.0, 1.1102230246251565e-16, 4.529709940470639e-14, 3.705666595799073e-08, 0.0, 1.9368728843005556e-11, 9.700906744569693e-12, 0.0, 2.220446049250313e-16, 0.0, 1.3503420603910854e-11, 5.4289905904170155e-14], [0.0, 0.0, 0.0, 0.0, 0.0, 0.0, 0.0, 4.2743586448068527e-14, 1.532107773982716e-14, 7.850387007124482e-13, 0.0, 2.220446049250313e-16, 6.661338147750939e-16, 2.475797344914099e-14, 0.0, 4.440892098500626e-16, 0.0, 1.1102230246251565e-16, 0.0, 2.220446049250313e-16, 1.7075230118734908e-13, 1.0, 0.0, 1.1102230246251565e-16, 0.0, 2.220446049250313e-16, 0.0, 0.0, 0.0, 0.0, 0.0, 2.220446049250313e-16, 1.1102230246251565e-16, 3.4650060598551136e-13, 4.572145773096281e-09, 2.220446049250313e-16, 4.815625676002355e-11, 1.563527085579608e-12, 0.0, 5.773159728050814e-15, 4.3298697960381105e-15, 4.884981308350689e-15, 1.0358078839090012e-09, 1.9984014443252818e-15, 0.0, 0.0, 1.1501910535116622e-12, 0.0, 0.0, 0.0, 0.0, 1.2066182497605382e-09, 0.0, 2.3314683517128287e-15, 1.2212453270876722e-15, 0.0, 0.0, 0.0, 2.7332536234325744e-10, 0.0], [0.0, 0.0, 0.0, 0.0, 0.0, 0.0, 0.0, 0.0, 0.0, 0.0, 0.0, 0.0, 0.0, 0.0, 0.0, 0.0, 0.0, 0.0, 0.0, 0.0, 0.0, 0.0, 1.0, 0.0, 0.0, 0.0, 0.0, 0.0, 0.0, 0.0, 0.0, 0.0, 0.0, 0.0, 0.0, 0.0, 0.0, 0.0, 0.0, 0.0, 0.0, 0.0, 0.0, 0.0, 0.0, 0.0, 0.0, 0.0, 0.0, 0.0, 0.0, 0.0, 0.0, 0.0, 0.0, 0.0, 0.0, 0.0, 0.0, 0.0], [0.0, 0.0, 0.0, 1.1102230246251565e-16, 0.0, 0.0, 0.0, 1.1690648449302898e-13, 7.238654120556021e-14, 1.4448442442471787e-12, 0.0, 3.3306690738754696e-16, 2.220446049250313e-15, 2.8843594179761567e-13, 0.0, 3.219646771412954e-15, 0.0, 1.7763568394002505e-15, 0.0, 1.4432899320127035e-15, 3.141931159689193e-13, 1.1102230246251565e-16, 0.0, 1.0, 1.1102230246251565e-16, 3.3306690738754696e-16, 0.0, 0.0, 3.6397329594706207e-10, 0.0, 0.0, 4.440892098500626e-16, 2.220446049250313e-16, 6.373790384373024e-13, 8.414117957933342e-09, 3.3306690738754696e-16, 8.862188760616618e-11, 2.8773650129210182e-12, 1.1102230246251565e-16, 1.1213252548714081e-14, 7.882583474838611e-15, 8.992806499463768e-15, 2.6619002557737304e-08, 2.0650148258027912e-14, 0.0, 0.0, 8.537615059367454e-12, 0.0, 0.0, 0.0, 1.1102230246251565e-16, 7.663551571113203e-09, 0.0, 4.3298697960381105e-15, 2.220446049250313e-15, 0.0, 0.0, 0.0, 2.9976021664879227e-15, 0.0], [0.0, 0.0, 3.3306690738754696e-16, 0.0, 2.55351295663786e-15, 0.0, 1.1868284133242923e-13, 5.1736392947532295e-14, 1.7253558581842299e-09, 8.482103908136196e-13, 0.0, 4.440892098500626e-16, 3.5653583418948642e-09, 5.639932965095795e-14, 0.0, 4.107825191113079e-15, 0.0, 6.661338147750939e-16, 0.0, 2.220446049250313e-16, 1.844080443902385e-13, 0.0, 0.0, 1.1102230246251565e-16, 1.0, 2.220446049250313e-16, 0.0, 0.0, 2.4312827306971485e-09, 2.220446049250313e-16, 0.0, 2.220446049250313e-16, 2.220446049250313e-16, 3.7425618160114027e-13, 4.9396871037998835e-09, 2.220446049250313e-16, 5.202738240228655e-11, 1.6892043319671757e-12, 1.1102230246251565e-16, 7.216449660063518e-15, 4.6629367034256575e-15, 5.329070518200751e-15, 1.6747769837621718e-09, 1.454392162258955e-14, 0.0, 0.0, 4.055866753560622e-12, 0.0, 0.0, 0.0, 2.220446049250313e-16, 9.880352092039857e-09, 0.0, 2.55351295663786e-15, 1.3322676295501878e-15, 0.0, 0.0, 0.0, 1.7763568394002505e-15, 0.0], [2.220446049250313e-16, 0.0, 9.992007221626409e-16, 0.0, 0.0, 0.0, 0.0, 3.1230573682705653e-13, 4.218847493575595e-14, 6.023626042406249e-12, 0.0, 3.3306690738754696e-15, 3.9968028886505635e-15, 9.425793479067579e-14, 0.0, 0.0, 0.0, 3.3306690738754696e-16, 0.0, 1.1102230246251565e-15, 1.3097301021502972e-12, 2.220446049250313e-16, 0.0, 3.3306690738754696e-16, 2.220446049250313e-16, 1.0, 0.0, 0.0, 0.0, 0.0, 1.1102230246251565e-16, 1.6653345369377348e-15, 9.992007221626409e-16, 2.6760815785564773e-12, 3.5080050198033064e-08, 1.4432899320127035e-15, 3.694815564614373e-10, 1.1996070803377279e-11, 4.440892098500626e-16, 4.363176486776865e-14, 3.319566843629218e-14, 3.952393967665557e-14, 0.0, 0.0, 0.0, 0.0, 7.581379968257806e-12, 3.885780586188048e-15, 0.0, 0.0, 3.3306690738754696e-16, 3.369138301678731e-11, 0.0, 1.8207657603852567e-14, 1.021405182655144e-14, 0.0, 0.0, 0.0, 4.4001545629335226e-08, 0.0], [0.0, 0.0, 0.0, 0.0, 0.0, 0.0, 0.0, 2.220446049250313e-16, 0.0, 5.218048215738236e-15, 0.0, 0.0, 0.0, 1.1102230246251565e-16, 0.0, 0.0, 0.0, 0.0, 0.0, 0.0, 1.1102230246251565e-15, 0.0, 0.0, 0.0, 0.0, 0.0, 1.0, 0.0, 0.0, 0.0, 0.0, 0.0, 0.0, 2.3314683517128287e-15, 3.053124419949427e-11, 0.0, 3.2152058793144533e-13, 1.0436096431476471e-14, 0.0, 0.0, 0.0, 0.0, 0.0, 0.0, 0.0, 0.0, 6.994405055138486e-15, 0.0, 0.0, 0.0, 0.0, 2.986499936241671e-14, 0.0, 0.0, 0.0, 0.0, 0.0, 0.0, 4.400768638390673e-11, 0.0], [0.0, 0.0, 0.0, 0.0, 0.0, 0.0, 0.0, 5.551115123125783e-16, 1.1102230246251565e-16, 1.1435297153639112e-14, 0.0, 0.0, 0.0, 2.220446049250313e-16, 0.0, 0.0, 0.0, 0.0, 0.0, 0.0, 2.4424906541753444e-15, 0.0, 0.0, 0.0, 0.0, 0.0, 0.0, 1.0, 0.0, 0.0, 0.0, 0.0, 0.0, 4.9960036108132044e-15, 6.632472349110685e-11, 0.0, 6.985523270941485e-13, 2.2648549702353193e-14, 0.0, 1.1102230246251565e-16, 1.1102230246251565e-16, 1.1102230246251565e-16, 0.0, 0.0, 0.0, 0.0, 9.2148511043888e-15, 0.0, 0.0, 0.0, 0.0, 5.739853037312059e-14, 0.0, 0.0, 0.0, 0.0, 0.0, 0.0, 1.1106227049140216e-11, 0.0], [0.0, 1.2902245938306578e-10, 0.0, 0.0, 0.0, 7.107303634512618e-11, 0.0, 0.0, 0.0, 0.0, 5.954636783656042e-11, 0.0, 0.0, 0.0, 6.733030799566109e-10, 0.0, 0.0, 0.0, 0.0, 0.0, 2.025177248121679e-09, 0.0, 0.0, 3.6397329594706207e-10, 2.4312827306971485e-09, 0.0, 0.0, 0.0, 1.0, 9.751413931891051e-08, 0.0, 2.220446049250313e-16, 2.4395527820075813e-09, 0.0, 0.0, 0.0, 0.0, 0.0, 0.0, 6.069548974529937e-09, 0.0, 0.0, 0.0, 0.0, 0.0, 0.0, 0.0, 0.0, 0.0, 0.0, 0.0, 0.0, 0.0, 0.0, 0.0, 0.0, 0.0, 0.0, 0.0, 0.0], [0.0, 0.0, 0.0, 0.0, 0.0, 0.0, 0.0, 0.0, 0.0, 0.0, 0.0, 0.0, 0.0, 0.0, 1.1102230246251565e-16, 0.0, 0.0, 0.0, 0.0, 0.0, 6.135653861649715e-07, 0.0, 0.0, 0.0, 2.220446049250313e-16, 0.0, 0.0, 0.0, 9.751413931891051e-08, 1.0, 0.0, 6.872280522429719e-14, 2.220446049250313e-16, 0.0, 0.0, 0.0, 0.0, 0.0, 0.0, 1.9761969838327786e-14, 0.0, 0.0, 0.0, 0.0, 0.0, 0.0, 0.0, 0.0, 0.0, 0.0, 0.0, 0.0, 0.0, 0.0, 0.0, 0.0, 0.0, 0.0, 0.0, 0.0], [0.0, 0.0, 1.1102230246251565e-16, 0.0, 3.3306690738754696e-16, 0.0, 1.7541523789077473e-14, 1.7541523789077473e-14, 3.4092639822347337e-10, 3.361755318564974e-13, 0.0, 1.1102230246251565e-16, 2.220446049250313e-16, 5.218048215738236e-15, 0.0, 1.1102230246251565e-16, 0.0, 0.0, 0.0, 1.1102230246251565e-16, 7.30526750203353e-14, 0.0, 0.0, 0.0, 0.0, 1.1102230246251565e-16, 0.0, 0.0, 0.0, 0.0, 1.0, 1.1102230246251565e-16, 0.0, 1.4854784069484595e-13, 1.957804474095326e-09, 1.1102230246251565e-16, 2.0620616325572882e-11, 6.694644838489694e-13, 0.0, 2.4424906541753444e-15, 1.887379141862766e-15, 2.1094237467877974e-15, 0.0, 1.1102230246251565e-16, 0.0, 0.0, 2.9332092310596636e-13, 0.0, 0.0, 0.0, 0.0, 1.7140733277187792e-12, 0.0, 9.992007221626409e-16, 5.551115123125783e-16, 0.0, 0.0, 0.0, 5.592163399015249e-10, 0.0], [2.220446049250313e-16, 0.0, 0.0, 0.0, 0.0, 0.0, 0.0, 4.3021142204224816e-13, 5.750955267558311e-14, 8.212874824664596e-12, 0.0, 1.9984014443252818e-15, 3.774758283725532e-15, 1.2856382625159313e-13, 0.0, 3.3306690738754696e-16, 0.0, 5.551115123125783e-16, 0.0, 1.5543122344752192e-15, 1.1192567017648258e-07, 2.220446049250313e-16, 0.0, 4.440892098500626e-16, 2.220446049250313e-16, 1.6653345369377348e-15, 0.0, 0.0, 2.220446049250313e-16, 6.872280522429719e-14, 1.1102230246251565e-16, 1.0, 1.1102230246251565e-15, 3.623323863166661e-12, 4.7829281646372124e-08, 1.9984014443252818e-15, 5.037632533344549e-10, 1.635591662108027e-11, 3.3306690738754696e-16, 6.306066779870889e-14, 6.454724310600568e-09, 5.129230373768223e-14, 9.614531393253856e-14, 0.0, 0.0, 0.0, 6.04527539138644e-12, 0.0, 0.0, 0.0, 0.0, 4.0677239354636185e-11, 0.0, 2.475797344914099e-14, 1.2434497875801753e-14, 0.0, 0.0, 0.0, 1.7319479184152442e-14, 1.1102230246251565e-16], [1.1102230246251565e-16, 0.0, 1.1470192573526106e-09, 0.0, 1.3322676295501878e-15, 0.0, 1.4921397450962104e-13, 2.0183854587685346e-13, 1.2678701422075278e-09, 3.822497873784414e-12, 0.0, 1.3322676295501878e-15, 4.107825191113079e-15, 7.938094626069869e-14, 0.0, 3.774758283725532e-15, 0.0, 1.7763568394002505e-15, 0.0, 6.661338147750939e-16, 8.311129562343922e-13, 1.1102230246251565e-16, 0.0, 2.220446049250313e-16, 2.220446049250313e-16, 9.992007221626409e-16, 0.0, 0.0, 2.4395527820075813e-09, 2.220446049250313e-16, 0.0, 1.1102230246251565e-15, 1.0, 3.237512924414432e-09, 2.2261403387346945e-08, 8.881784197001252e-16, 2.344688887490065e-10, 7.612577235249773e-12, 2.220446049250313e-16, 2.8976820942716586e-14, 2.098321516541546e-14, 2.4091839634365897e-14, 4.218847493575595e-15, 1.1879386363489175e-14, 0.0, 0.0, 6.6489036498751375e-12, 3.3306690738754696e-16, 0.0, 0.0, 2.220446049250313e-16, 8.025335063166494e-09, 0.0, 1.1546319456101628e-14, 5.995204332975845e-15, 0.0, 0.0, 0.0, 3.725662778286676e-09, 0.0], [3.964606420936434e-13, 6.661338147750939e-16, 1.6686594508374952e-06, 0.0, 0.0, 0.0, 1.1847911906559538e-05, 6.744698133331894e-10, 7.667246238240999e-06, 1.3007739996240275e-08, 1.139632832547477e-11, 3.330336006968082e-12, 1.1696889867796045e-07, 2.358759428888746e-07, 4.518607710224387e-14, 1.009371309423912e-06, 7.1772587872942495e-12, 3.742074947687968e-07, 1.099120794378905e-14, 2.444155988712282e-12, 2.8283481112723052e-09, 3.4650060598551136e-13, 0.0, 6.373790384373024e-13, 3.7425618160114027e-13, 2.6760815785564773e-12, 2.3314683517128287e-15, 4.9960036108132044e-15, 0.0, 0.0, 1.4854784069484595e-13, 3.623323863166661e-12, 3.237512924414432e-09, 1.0, 7.575359479594646e-05, 3.1821212331806237e-12, 7.978768163940941e-07, 1.2282946305619546e-05, 5.878630915390204e-13, 1.408801129088033e-07, 7.114142608344309e-11, 8.131118001131199e-11, 5.792115876923631e-07, 1.0079266066220782e-07, 2.220446049250313e-16, 1.1102230246251565e-16, 0.0002631489296037737, 3.730349362740526e-14, 0.0, 2.220446049250313e-16, 6.372680161348399e-14, 6.44630842039362e-08, 1.6719958750854857e-13, 3.9299008491866516e-11, 3.681785254450176e-08, 0.0, 3.3306690738754696e-16, 0.0, 4.2262588539898616e-07, 1.1024514634527804e-13], [5.230781918719174e-09, 2.220446049250313e-16, 0.0, 0.0, 8.520306067694161e-05, 0.0, 0.004296915614560581, 8.904783571628272e-06, 1.20122488422858e-06, 0.00017170802024202292, 1.5275902764955163e-10, 4.2691431723085316e-08, 7.935507129186448e-08, 2.688501114178621e-06, 5.959911453246036e-10, 0.0, 1.4094281297616362e-12, 9.109746734736746e-09, 1.445326081039866e-10, 3.248076152484458e-08, 3.735104435143022e-05, 4.572145773096281e-09, 0.0, 8.414117957933342e-09, 4.9396871037998835e-09, 3.5080050198033064e-08, 3.053124419949427e-11, 6.632472349110685e-11, 0.0, 0.0, 1.957804474095326e-09, 4.7829281646372124e-08, 2.2261403387346945e-08, 7.575359479594646e-05, 1.0, 4.200569259094067e-08, 0.010532332903472441, 0.00034195707341055925, 7.744512919849456e-09, 1.2442927416200789e-06, 9.390620252514026e-07, 1.0731080822834471e-06, 6.764714344242861e-10, 1.3343326443759906e-11, 0.0, 0.0, 0.0001263908015016746, 0.0, 0.0, 3.3377745012330706e-12, 8.141760599045256e-10, 0.0008567394594700684, 2.8843594179761567e-13, 5.18765287171874e-07, 2.598259943864534e-07, 0.0, 4.856115509710435e-12, 0.0, 3.616709770559723e-07, 1.4549974558519807e-09], [2.220446049250313e-16, 0.0, 0.0, 0.0, 0.0, 0.0, 0.0, 3.7403413699621524e-13, 5.040412531798211e-14, 7.212896946384717e-12, 0.0, 1.7763568394002505e-15, 3.3306690738754696e-15, 1.1290968160437842e-13, 0.0, 0.0, 0.0, 3.3306690738754696e-16, 0.0, 1.3322676295501878e-15, 1.5683010445854961e-12, 2.220446049250313e-16, 0.0, 3.3306690738754696e-16, 2.220446049250313e-16, 1.4432899320127035e-15, 0.0, 0.0, 0.0, 0.0, 1.1102230246251565e-16, 1.9984014443252818e-15, 8.881784197001252e-16, 3.1821212331806237e-12, 4.200569259094067e-08, 1.0, 4.4242609575917413e-10, 1.4364398559507663e-11, 3.3306690738754696e-16, 5.229150445984487e-14, 3.941291737419306e-14, 4.5075054799781356e-14, 0.0, 0.0, 0.0, 0.0, 5.309197526059961e-12, 0.0, 0.0, 0.0, 0.0, 3.572453444178336e-11, 0.0, 2.1760371282653068e-14, 1.0880185641326534e-14, 0.0, 0.0, 0.0, 1.5210055437364645e-14, 1.1102230246251565e-16], [5.509337430709138e-11, 0.0, 0.0, 0.0, 0.0, 0.0, 0.0, 9.37702337999724e-08, 1.2651934055973868e-08, 1.8085194360972778e-06, 1.6089352072867769e-12, 4.496486516458731e-10, 8.35374103225206e-10, 2.8305651267324095e-08, 6.2773120035330976e-12, 0.0, 1.4876988529977098e-14, 9.594869343487744e-11, 1.5218937221561646e-12, 3.3982372471541566e-10, 3.9323683054259817e-07, 4.815625676002355e-11, 0.0, 8.862188760616618e-11, 5.202738240228655e-11, 3.694815564614373e-10, 3.2152058793144533e-13, 6.985523270941485e-13, 0.0, 0.0, 2.0620616325572882e-11, 5.037632533344549e-10, 2.344688887490065e-10, 7.978768163940941e-07, 0.010532332903472441, 4.4242609575917413e-10, 1.0, 3.601672261432931e-06, 8.156930686453734e-11, 3.614505807991719e-07, 9.890696595071802e-09, 1.1302540348090417e-08, 0.0, 0.0, 0.0, 0.0, 1.331212978294971e-06, 0.0, 0.0, 3.519406988061746e-14, 8.380851568290382e-12, 8.957416711030675e-06, 2.9976021664879227e-15, 5.463909658054433e-09, 2.736624371557639e-09, 0.0, 5.10702591327572e-14, 0.0, 3.809309534474892e-09, 1.5324852498110886e-11], [1.7887913372760522e-12, 5.042410933242536e-11, 0.0, 0.0, 0.0, 0.0, 0.0, 3.044472229873918e-09, 4.1077496959474047e-10, 5.871785668798424e-08, 1.5150991572454586e-10, 1.4598877662308496e-11, 2.7122415424685187e-11, 9.190098682054781e-10, 2.0383694732117874e-13, 3.3103878815943233e-07, 4.440892098500626e-16, 3.1151747847957267e-12, 4.9404924595819466e-14, 1.103317437411988e-11, 1.2767362833621121e-08, 1.563527085579608e-12, 0.0, 2.8773650129210182e-12, 1.6892043319671757e-12, 1.1996070803377279e-11, 1.0436096431476471e-14, 2.2648549702353193e-14, 0.0, 0.0, 6.694644838489694e-13, 1.635591662108027e-11, 7.612577235249773e-12, 1.2282946305619546e-05, 0.00034195707341055925, 1.4364398559507663e-11, 3.601672261432931e-06, 1.0, 2.6483260029408484e-12, 1.1459882121034326e-07, 3.2112479342316647e-10, 3.6696368166388993e-10, 0.0, 8.111065129545736e-07, 0.0, 0.0, 7.968008183212305e-05, 0.0, 0.0, 1.1102230246251565e-15, 2.7211566333562587e-13, 2.908236980125878e-07, 1.1102230246251565e-16, 1.7739876234657004e-10, 8.885092661614635e-11, 0.0, 1.6653345369377348e-15, 0.0, 1.2367817880942766e-10, 4.976019596369952e-13], [0.0, 0.0, 5.551115123125783e-16, 0.0, 7.593925488436071e-14, 0.0, 1.5198953207118393e-13, 7.116529587847253e-14, 8.514100535705893e-11, 7.264537860152132e-10, 0.0, 1.2212453270876722e-15, 8.711755761225959e-10, 4.141131881851834e-14, 0.0, 1.6653345369377348e-15, 0.0, 8.33361779584152e-09, 0.0, 2.220446049250313e-16, 2.8910207561239076e-13, 0.0, 0.0, 1.1102230246251565e-16, 1.1102230246251565e-16, 4.440892098500626e-16, 0.0, 0.0, 0.0, 0.0, 0.0, 3.3306690738754696e-16, 2.220446049250313e-16, 5.878630915390204e-13, 7.744512919849456e-09, 3.3306690738754696e-16, 8.156930686453734e-11, 2.6483260029408484e-12, 1.0, 1.0325074129013956e-14, 7.327471962526033e-15, 8.43769498715119e-15, 0.0, 5.773159728050814e-15, 0.0, 0.0, 2.456368441983159e-12, 2.220446049250313e-16, 0.0, 0.0, 1.1102230246251565e-16, 4.264920638874514e-09, 0.0, 3.9968028886505635e-15, 2.1094237467877974e-15, 0.0, 0.0, 0.0, 2.6777329242833048e-09, 0.0], [6.5503158452884236e-15, 0.0, 1.787459069646502e-14, 2.220446049250313e-16, 3.0953017926549364e-13, 0.0, 2.2325474802187273e-12, 1.1120215859250493e-11, 3.401834369753942e-12, 2.1365897939773504e-10, 2.220446049250313e-16, 5.6288307348495437e-14, 1.80855330711438e-13, 3.6495251265478146e-12, 8.881784197001252e-16, 8.526512829121202e-14, 0.0, 3.418768212970491e-08, 2.220446049250313e-16, 4.0190073491430667e-14, 3.1377428766354853e-08, 5.773159728050814e-15, 0.0, 1.1213252548714081e-14, 7.216449660063518e-15, 4.363176486776865e-14, 0.0, 1.1102230246251565e-16, 6.069548974529937e-09, 1.9761969838327786e-14, 2.4424906541753444e-15, 6.306066779870889e-14, 2.8976820942716586e-14, 1.408801129088033e-07, 1.2442927416200789e-06, 5.229150445984487e-14, 3.614505807991719e-07, 1.1459882121034326e-07, 1.0325074129013956e-14, 1.0, 1.1685097334179773e-12, 1.3352652317166758e-12, 8.149037000748649e-14, 2.416955524608966e-13, 0.0, 0.0, 2.3284296712944297e-10, 0.0, 3.3306690738754696e-16, 0.0, 2.6645352591003757e-15, 1.0272617245732363e-07, 1.0818835827208773e-09, 6.45483666517066e-13, 3.285149929865838e-13, 0.0, 0.0, 0.0, 4.5008441418303846e-13, 6.116623552099298e-08], [4.884981308350689e-15, 4.957012578188369e-11, 1.1102230246251565e-16, 0.0, 0.0, 1.5123458041443882e-11, 0.0, 6.83662514378014e-07, 1.1280976153216216e-12, 1.6124745982892819e-10, 5.701661365264954e-11, 4.04121180963557e-14, 7.471800955727304e-14, 2.523758979577906e-12, 5.551115123125783e-16, 5.175298933846051e-08, 0.0, 1.1319632786666034e-08, 1.1102230246251565e-16, 3.0309088572266774e-14, 3.5060954139964906e-11, 4.3298697960381105e-15, 0.0, 7.882583474838611e-15, 4.6629367034256575e-15, 3.319566843629218e-14, 0.0, 1.1102230246251565e-16, 0.0, 0.0, 1.887379141862766e-15, 6.454724310600568e-09, 2.098321516541546e-14, 7.114142608344309e-11, 9.390620252514026e-07, 3.941291737419306e-14, 9.890696595071802e-09, 3.2112479342316647e-10, 7.327471962526033e-15, 1.1685097334179773e-12, 1.0, 1.0079714840571796e-12, 1.4897063536523092e-05, 0.0, 0.0, 0.0, 1.1916656550425841e-10, 5.551115123125783e-16, 0.0, 0.0, 7.771561172376096e-16, 7.992255746103183e-10, 0.0, 4.871658632055187e-13, 2.441380431150719e-13, 0.0, 0.0, 0.0, 6.6504528550836994e-09, 1.3322676295501878e-15], [5.662137425588298e-15, 0.0, 8.881784197001252e-16, 0.0, 0.0, 0.0, 0.0, 9.554024238411785e-12, 1.2890799538922693e-12, 1.842647145977594e-10, 1.1102230246251565e-16, 4.7628567756419216e-14, 8.626432901337466e-14, 2.884026351068769e-12, 6.661338147750939e-16, 0.0, 0.0, 9.769962616701378e-15, 1.1102230246251565e-16, 3.4638958368304884e-14, 4.006572851267265e-11, 4.884981308350689e-15, 0.0, 8.992806499463768e-15, 5.329070518200751e-15, 3.952393967665557e-14, 0.0, 1.1102230246251565e-16, 0.0, 0.0, 2.1094237467877974e-15, 5.129230373768223e-14, 2.4091839634365897e-14, 8.131118001131199e-11, 1.0731080822834471e-06, 4.5075054799781356e-14, 1.1302540348090417e-08, 3.6696368166388993e-10, 8.43769498715119e-15, 1.3352652317166758e-12, 1.0079714840571796e-12, 1.0, 0.0, 0.0, 0.0, 0.0, 1.3865475434471364e-10, 3.774758283725532e-15, 0.0, 0.0, 1.2212453270876722e-15, 9.163468872586122e-10, 0.0, 5.566658245470535e-13, 2.7988722450800196e-13, 0.0, 0.0, 0.0, 4.223862615226892e-08, 1.5543122344752192e-15], [0.0, 7.771561172376096e-16, 2.0335787128678007e-06, 2.382861241656542e-09, 0.0, 3.092859302000761e-12, 1.57519497223646e-07, 1.4601869460229011e-06, 1.4225509659127056e-11, 0.0, 2.5165425299178423e-11, 1.0225154056797692e-13, 2.1571633368466792e-13, 9.320325677908414e-06, 0.0, 1.3243103169635617e-08, 0.0, 5.1132728939862204e-08, 4.1066039457859915e-11, 4.5188862096701143e-08, 5.70765656959793e-13, 1.0358078839090012e-09, 0.0, 2.6619002557737304e-08, 1.6747769837621718e-09, 0.0, 0.0, 0.0, 0.0, 0.0, 0.0, 9.614531393253856e-14, 4.218847493575595e-15, 5.792115876923631e-07, 6.764714344242861e-10, 0.0, 0.0, 0.0, 0.0, 8.149037000748649e-14, 1.4897063536523092e-05, 0.0, 1.0, 3.925133540416681e-07, 0.0, 0.0, 0.0001975062083511281, 0.0, 0.0, 0.0, 6.661338147750939e-16, 2.303354174060246e-10, 0.0, 0.0, 3.2085445411667024e-14, 0.0, 0.0, 0.0, 0.0, 0.0], [2.1094237467877974e-15, 1.1102230246251565e-16, 5.329091650185802e-07, 4.218847493575595e-15, 1.5660609686829474e-07, 0.0, 3.7533642860410055e-11, 1.219468970248272e-12, 2.814344873813823e-07, 0.0, 2.3484436617593474e-11, 5.950795411990839e-14, 7.94568651985017e-08, 7.137734847617594e-12, 1.3322676295501878e-15, 9.661160760288112e-13, 0.0, 1.2612133559741778e-13, 2.220446049250313e-16, 2.5424107263916085e-14, 0.0, 1.9984014443252818e-15, 0.0, 2.0650148258027912e-14, 1.454392162258955e-14, 0.0, 0.0, 0.0, 0.0, 0.0, 1.1102230246251565e-16, 0.0, 1.1879386363489175e-14, 1.0079266066220782e-07, 1.3343326443759906e-11, 0.0, 0.0, 8.111065129545736e-07, 5.773159728050814e-15, 2.416955524608966e-13, 0.0, 0.0, 3.925133540416681e-07, 1.0, 0.0, 0.0, 7.380545063995214e-10, 0.0, 4.6629367034256575e-15, 0.0, 2.3203661214665772e-14, 1.326869547790821e-06, 0.0, 0.0, 6.5503158452884236e-15, 0.0, 0.0, 0.0, 0.0, 0.0], [0.0, 0.0, 0.0, 0.0, 0.0, 0.0, 0.0, 0.0, 0.0, 0.0, 0.0, 0.0, 0.0, 0.0, 0.0, 0.0, 0.0, 0.0, 0.0, 0.0, 0.0, 0.0, 0.0, 0.0, 0.0, 0.0, 0.0, 0.0, 0.0, 0.0, 0.0, 0.0, 0.0, 2.220446049250313e-16, 0.0, 0.0, 0.0, 0.0, 0.0, 0.0, 0.0, 0.0, 0.0, 0.0, 1.0, 0.0, 3.141931159689193e-14, 0.0, 0.0, 0.0, 0.0, 3.8413716652030416e-14, 0.0, 0.0, 0.0, 0.0, 0.0, 0.0, 4.385435348197575e-10, 0.0], [0.0, 0.0, 0.0, 0.0, 0.0, 0.0, 0.0, 0.0, 0.0, 0.0, 0.0, 0.0, 0.0, 0.0, 0.0, 0.0, 0.0, 0.0, 0.0, 0.0, 0.0, 0.0, 0.0, 0.0, 0.0, 0.0, 0.0, 0.0, 0.0, 0.0, 0.0, 0.0, 0.0, 1.1102230246251565e-16, 0.0, 0.0, 0.0, 0.0, 0.0, 0.0, 0.0, 0.0, 0.0, 0.0, 0.0, 1.0, 1.5210055437364645e-14, 0.0, 0.0, 0.0, 0.0, 1.865174681370263e-14, 0.0, 0.0, 0.0, 0.0, 0.0, 0.0, 2.1279533690687913e-10, 0.0], [8.260059303211165e-13, 1.8762769116165146e-14, 0.00032918224405498187, 1.1582956815914258e-12, 1.7914220785675283e-06, 6.772360450213455e-15, 1.757337664276548e-08, 1.5581209655834982e-09, 1.7195675346415307e-05, 2.1702688979274853e-08, 4.674038933671909e-14, 2.699285239771143e-11, 5.