"[[1.0, 0.9814883290644726, 0.9504997726036568, 0.9598492263322346, 0.9964682038246491, 0.9824053125585573, 0.9744850417102712, 0.9765757296923386, 0.18717028419914095, 0.9824683130492181, 0.9941601904799994, 0.955176283926414, 0.9873411918261601, 0.9766425668270865, 0.09938497446532046, 0.9888050297087048, 0.976031386593516, 0.9836142085844047, 0.9793196628591248, 0.9791787598107706, 0.9946565942980888, 0.9712271712415302, 0.9630739928297843, 0.9687411130999432, 0.9696958608757397, 0.9797352132995714, 0.9650999272326385, 0.9821247391569236, 0.9766448376173492, 0.9694135105683678, 0.9811948261425931, 0.9968167424987631, 0.9962016895653322, 0.9923403531250379, 0.9765327943836447, 0.9822427361288412, 0.9940665779371478, 0.9800242564662586, 0.9787565369854487, 0.9930914165939583, 0.9929839694253145, 0.9744992932956935, 0.9990701564830875, 0.9911447826527032, 0.9745016305187809, 0.9694670150434314, 0.9836252200219656, 0.9751416320910338, 0.9768502024785141, 0.9630739928297843, 0.9650474978593979, 0.9879465190536868, 0.975637565595643, 0.9816444900753456, 0.9755167248718762, 0.9630739928297843, 0.9630739928297843, 0.9702192014354825, 0.9636717452304734, 0.9662128802461654, 0.9800455276461468, 0.9754066557661071, 0.16606744382399818, 0.16606744382399818, 0.16606744382399818, 0.16606744382399818, 0.16606744382399818, 0.16606744382399818, 0.16606744382399818, 0.16606744382399818, 0.16606744382399818, 0.16606744382399818, 0.16606744382399818, 0.16606744382399818, 0.16606744382399818, 0.16606744382399818, 0.16606744382399818, 0.16606744382399818, 0.16606744382399818, 0.16606744382399818, 0.16606744382399818, 0.16606744382399818, 0.16606744382399818, 0.16606744382399818, 0.16606744382399818, 0.16606744382399818, 0.16606744382399818, 0.16606744382399818, 0.16606744382399818, 0.16606744382399818, 0.16606744382399818, 0.16606744382399818, 0.16606744382399818], [0.9814883290644726, 1.0, 0.9010094677297507, 0.9422217285574925, 0.9787755512470788, 0.9807750930975848, 0.9711370670027625, 0.9821526660766451, 0.03133732897274866, 0.9858383328857183, 0.9637000949063731, 0.9376649968881949, 0.985538168103571, 0.9758399632163576, 0.0010702907497456282, 0.9923964537796797, 0.991310845687328, 0.9764304329718467, 0.9839855913542855, 0.9991463793041202, 0.9902965589151782, 0.9909713792514854, 0.992397073243087, 0.9951771151326505, 0.9968226577737904, 0.9983433367357601, 0.9921606154120475, 0.9999356160515059, 0.9993936867622796, 0.9943815923953782, 0.999224441365271, 0.9888572096974309, 0.9748462115917101, 0.9876288206905782, 0.9994350320386433, 0.9866184093766054, 0.9879646764126956, 0.9996639718576377, 0.9987902563930904, 0.9848334009694668, 0.97917143158581, 0.999216789805358, 0.9803427948419069, 0.9494546028039562, 0.9946530520767588, 0.9771803309935991, 0.9491949594636299, 0.9964105126483479, 0.9962071071436654, 0.992397073243087, 0.9759484507082078, 0.9618256114909326, 0.9913970339343962, 0.9966917376808058, 0.9984028263498871, 0.992397073243087, 0.992397073243087, 0.9971338979540116, 0.9928234675265366, 0.9916865053276643, 0.9864282678965504, 0.9952429208905677, 0.11901628169758915, 0.11901628169758915, 0.11901628169758915, 0.11901628169758915, 0.11901628169758915, 0.11901628169758915, 0.11901628169758915, 0.11901628169758915, 0.11901628169758915, 0.11901628169758915, 0.11901628169758915, 0.11901628169758915, 0.11901628169758915, 0.11901628169758915, 0.11901628169758915, 0.11901628169758915, 0.11901628169758915, 0.11901628169758915, 0.11901628169758915, 0.11901628169758915, 0.11901628169758915, 0.11901628169758915, 0.11901628169758915, 0.11901628169758915, 0.11901628169758915, 0.11901628169758915, 0.11901628169758915, 0.11901628169758915, 0.11901628169758915, 0.11901628169758915, 0.11901628169758915], [0.9504997726036568, 0.9010094677297507, 1.0, 0.9545787188204506, 0.967398256037076, 0.9393657825613116, 0.8970428602983108, 0.8702519931666964, 0.36308851641014184, 0.9034195435449799, 0.9612870052641269, 0.8879232518096211, 0.9240520619473184, 0.903046073715971, 0.0, 0.9440137920138194, 0.8668288101575989, 0.9386329291657134, 0.9106928785149057, 0.9033632414585743, 0.9468310812652272, 0.8552414253297236, 0.8509217202220869, 0.8609042603305307, 0.86748899573676, 0.8997030106215972, 0.8506979254944504, 0.9045563924131397, 0.8941399427413319, 0.8643783432419568, 0.8924559299762056, 0.9304519376945509, 0.963287157895303, 0.9144423678802881, 0.893340187673188, 0.9010233401150611, 0.943635840017599, 0.9022057540455576, 0.8876392987710044, 0.9425600544968155, 0.9124303114813997, 0.883154156620271, 0.9512547954407911, 0.9641628316233884, 0.8661113325951152, 0.848174027257308, 0.9385583855599241, 0.8778193845870113, 0.9095083833528189, 0.8509217202220869, 0.8366506310921235, 0.9596755019686412, 0.8790922874261619, 0.8940849252641366, 0.8810118716596701, 0.8509217202220869, 0.8509217202220869, 0.8689705092495909, 0.8522970230751197, 0.8502767253408112, 0.894628305555277, 0.868845566642515, 0.37960368189121474, 0.37960368189121474, 0.37960368189121474, 0.37960368189121474, 0.37960368189121474, 0.37960368189121474, 0.37960368189121474, 0.37960368189121474, 0.37960368189121474, 0.37960368189121474, 0.37960368189121474, 0.37960368189121474, 0.37960368189121474, 0.37960368189121474, 0.37960368189121474, 0.37960368189121474, 0.37960368189121474, 0.37960368189121474, 0.37960368189121474, 0.37960368189121474, 0.37960368189121474, 0.37960368189121474, 0.37960368189121474, 0.37960368189121474, 0.37960368189121474, 0.37960368189121474, 0.37960368189121474, 0.37960368189121474, 0.37960368189121474, 0.37960368189121474, 0.37960368189121474], [0.9598492263322346, 0.9422217285574925, 0.9545787188204506, 1.0, 0.9753234958186239, 0.9890402338484738, 0.9715000813007111, 0.9381530107146303, 0.0876323518190728, 0.9684429346438732, 0.9383602189294441, 0.9702733234582591, 0.9782713462341953, 0.9750251668832012, 0.10531785769858437, 0.9719776884412322, 0.9064202670530366, 0.989771149450471, 0.9774087265293809, 0.9513870825821001, 0.9515256225096552, 0.909999985113998, 0.8958700902846928, 0.908705354098769, 0.9143713484978089, 0.9539863050277183, 0.8980497600907115, 0.945641853960531, 0.9444566897501149, 0.9033396717493708, 0.9317443990229299, 0.9633206631349897, 0.9492424346614229, 0.9243428848234228, 0.9435454506013262, 0.90338641789086, 0.9416772550001089, 0.947891554979691, 0.941168562759948, 0.9346993980273487, 0.9476745087762689, 0.9319924535190521, 0.9500352212087152, 0.9403701977746262, 0.9202608177149043, 0.9144615436380262, 0.9729347289453795, 0.9129655506404355, 0.9621374894124132, 0.8958700902846928, 0.9000527158058472, 0.9247189624085125, 0.9000908146655432, 0.9202395298266195, 0.9226253311450816, 0.8958700902846928, 0.8958700902846928, 0.916031814030289, 0.8974017445701719, 0.8992908753244857, 0.8990994448850875, 0.9232456752211167, 0.42266476207241976, 0.42266476207241976, 0.42266476207241976, 0.42266476207241976, 0.42266476207241976, 0.42266476207241976, 0.42266476207241976, 0.42266476207241976, 0.42266476207241976, 0.42266476207241976, 0.42266476207241976, 0.42266476207241976, 0.42266476207241976, 0.42266476207241976, 0.42266476207241976, 0.42266476207241976, 0.42266476207241976, 0.42266476207241976, 0.42266476207241976, 0.42266476207241976, 0.42266476207241976, 0.42266476207241976, 0.42266476207241976, 0.42266476207241976, 0.42266476207241976, 0.42266476207241976, 0.42266476207241976, 0.42266476207241976, 0.42266476207241976, 0.42266476207241976, 0.42266476207241976], [0.9964682038246491, 0.9787755512470788, 0.967398256037076, 0.9753234958186239, 1.0, 0.9891860399647475, 0.9716114592073479, 0.9649449709473745, 0.18528987111345518, 0.9795968770433584, 0.9899672736381833, 0.9532556778639582, 0.9876442214523564, 0.9754284792538497, 0.056526674600304805, 0.9937792290249402, 0.9623358556307015, 0.9886661815977023, 0.9805004926842296, 0.9791489551737511, 0.9942490113186754, 0.9578170888678594, 0.9518831443927134, 0.9588250389159592, 0.9618025895508775, 0.9786577372577518, 0.9529291397499764, 0.9802633730266688, 0.975129573684012, 0.9591484700351149, 0.975279144737291, 0.9924036820805943, 0.9950735356439812, 0.9819543767935628, 0.9747981707700231, 0.9717051470784906, 0.991597062501861, 0.9789729558776609, 0.974041978542292, 0.9894171079554424, 0.9825373195356534, 0.9701465874500643, 0.9948572410797774, 0.9863419578977489, 0.9638083211780347, 0.9528072561725706, 0.9806529535346858, 0.9663929971600694, 0.9801147717533024, 0.9518831443927134, 0.9462279651872565, 0.9848493615954488, 0.96432615485136, 0.9739850490568774, 0.968851178622961, 0.9518831443927134, 0.9518831443927134, 0.9626407579426589, 0.9527407125420989, 0.9533621114597916, 0.9687002362862205, 0.9653224880068605, 0.2374676359894773, 0.2374676359894773, 0.2374676359894773, 0.2374676359894773, 0.2374676359894773, 0.2374676359894773, 0.2374676359894773, 0.2374676359894773, 0.2374676359894773, 0.2374676359894773, 0.2374676359894773, 0.2374676359894773, 0.2374676359894773, 0.2374676359894773, 0.2374676359894773, 0.2374676359894773, 0.2374676359894773, 0.2374676359894773, 0.2374676359894773, 0.2374676359894773, 0.2374676359894773, 0.2374676359894773, 0.2374676359894773, 0.2374676359894773, 0.2374676359894773, 0.2374676359894773, 0.2374676359894773, 0.2374676359894773, 0.2374676359894773, 0.2374676359894773, 0.2374676359894773], [0.9824053125585573, 0.9807750930975848, 0.9393657825613116, 0.9890402338484738, 0.9891860399647475, 1.0, 0.9888040411008703, 0.9744103681459199, 0.05102702003055937, 0.9923640655913498, 0.9604684171579492, 0.9747603958383764, 0.9969651671347713, 0.9923706269824628, 0.07925221337110466, 0.993479976071218, 0.9576516732379133, 0.9991260142101458, 0.9963279523156515, 0.985833037380098, 0.9799981898384289, 0.9604799003732662, 0.9514522770923067, 0.9602835110492479, 0.9639280727004002, 0.9876555321094799, 0.9530195573782082, 0.9826473862662486, 0.98215041043144, 0.9562754025821958, 0.9746397722941291, 0.9889928731812374, 0.9714620690785578, 0.9647288559698484, 0.9816517029745879, 0.9511780327926788, 0.9731165079667425, 0.9839958294457303, 0.9807454488303451, 0.9675231079313479, 0.9769322137331209, 0.9749974968422015, 0.9755207631167083, 0.9560064969848927, 0.9676182182479569, 0.9589304778590964, 0.9785852307571529, 0.9624278457396287, 0.9907624581380303, 0.9514522770923067, 0.9499489404816048, 0.9505113855245035, 0.9523050704572896, 0.9662415394017302, 0.9690426603004073, 0.9514522770923067, 0.9514522770923067, 0.9650093914777014, 0.9525118957277695, 0.9538162385166216, 0.9487767579867947, 0.9695614010734777, 0.29300835196022357, 0.29300835196022357, 0.29300835196022357, 0.29300835196022357, 0.29300835196022357, 0.29300835196022357, 0.29300835196022357, 0.29300835196022357, 0.29300835196022357, 0.29300835196022357, 0.29300835196022357, 0.29300835196022357, 0.29300835196022357, 0.29300835196022357, 0.29300835196022357, 0.29300835196022357, 0.29300835196022357, 0.29300835196022357, 0.29300835196022357, 0.29300835196022357, 0.29300835196022357, 0.29300835196022357, 0.29300835196022357, 0.29300835196022357, 0.29300835196022357, 0.29300835196022357, 0.29300835196022357, 0.29300835196022357, 0.29300835196022357, 0.29300835196022357, 0.29300835196022357], [0.9744850417102712, 0.9711370670027625, 0.8970428602983108, 0.9715000813007111, 0.9716114592073479, 0.9888040411008703, 1.0, 0.9909045938676763, 0.0, 0.9973835193922529, 0.9454943929879309, 0.9932598653852468, 0.9956109594670776, 0.9995737120109119, 0.2062542912320624, 0.974282141398531, 0.9625113210306012, 0.9926234602794705, 0.996494433616058, 0.9749401799242343, 0.9614308219351388, 0.9692673124655319, 0.950467828765992, 0.9596836570726796, 0.9601615387173741, 0.9809394392707192, 0.9549479447785769, 0.97212463708126, 0.9730648847096449, 0.9532588743156155, 0.9684832520581185, 0.9874376995508212, 0.952708118404167, 0.9608926255162589, 0.9727477710436248, 0.9416417888430583, 0.9552495008822841, 0.9735977750915238, 0.9778367272509321, 0.9497193782203781, 0.9860616371479116, 0.9682682725588568, 0.9645322746398485, 0.9455538781292301, 0.9725316614380469, 0.98054249137646, 0.9855496408518881, 0.9572415193195445, 0.9777436702094519, 0.950467828765992, 0.972143265046685, 0.9281651748339652, 0.9469187880409878, 0.9583368971637062, 0.9631079667083907, 0.950467828765992, 0.950467828765992, 0.9609783965716557, 0.9513074430103379, 0.9577765179284321, 0.9403927808217634, 0.9738951279950261, 0.23252972676460193, 0.23252972676460193, 0.23252972676460193, 0.23252972676460193, 0.23252972676460193, 0.23252972676460193, 0.23252972676460193, 0.23252972676460193, 0.23252972676460193, 0.23252972676460193, 0.23252972676460193, 0.23252972676460193, 0.23252972676460193, 0.23252972676460193, 0.23252972676460193, 0.23252972676460193, 0.23252972676460193, 0.23252972676460193, 0.23252972676460193, 0.23252972676460193, 0.23252972676460193, 0.23252972676460193, 0.23252972676460193, 0.23252972676460193, 0.23252972676460193, 0.23252972676460193, 0.23252972676460193, 0.23252972676460193, 0.23252972676460193, 0.23252972676460193, 0.23252972676460193], [0.9765757296923386, 0.9821526660766451, 0.8702519931666964, 0.9381530107146303, 0.9649449709473745, 0.9744103681459199, 0.9909045938676763, 1.0, 0.0, 0.9943727683993773, 0.9511453209219832, 0.973302207856341, 0.988673592303727, 0.9902374072160133, 0.18597743512668186, 0.9709923509064508, 0.9870887613298875, 0.9773359326195908, 0.9881850610493634, 0.9811944712278671, 0.9677597977602526, 0.9915476508947907, 0.9772549375553732, 0.9825479358684887, 0.9809092547909707, 0.9862060445763051, 0.981262993251461, 0.9816738061462684, 0.9820941114022362, 0.9782680735124558, 0.9840982475573636, 0.9896469644742748, 0.9564651244172211, 0.9790621708485614, 0.9821808437848943, 0.9666265144734668, 0.9652851787661908, 0.9817103909385531, 0.9889370627042513, 0.9618843705314383, 0.9927368994040665, 0.9825168482011503, 0.9703139828190568, 0.9464982487679305, 0.9915510015729186, 0.9978910099095154, 0.9717531679324021, 0.9794111541934193, 0.9779588433183507, 0.9772549375553732, 0.9947830854967826, 0.9377868418052345, 0.973605873939408, 0.978377633012259, 0.9815274790739796, 0.9772549375553732, 0.9772549375553732, 0.9811488219353436, 0.9776191939598043, 0.98375397762625, 0.96689594375083, 0.9918713082918373, 0.10190770651596626, 0.10190770651596626, 0.10190770651596626, 0.10190770651596626, 0.10190770651596626, 0.10190770651596626, 0.10190770651596626, 0.10190770651596626, 0.10190770651596626, 0.10190770651596626, 0.10190770651596626, 0.10190770651596626, 0.10190770651596626, 0.10190770651596626, 0.10190770651596626, 0.10190770651596626, 0.10190770651596626, 0.10190770651596626, 0.10190770651596626, 0.10190770651596626, 0.10190770651596626, 0.10190770651596626, 0.10190770651596626, 0.10190770651596626, 0.10190770651596626, 0.10190770651596626, 0.10190770651596626, 0.10190770651596626, 0.10190770651596626, 0.10190770651596626, 0.10190770651596626], [0.18717028419914095, 0.03133732897274866, 0.36308851641014184, 0.0876323518190728, 0.18528987111345518, 0.05102702003055937, 0.0, 0.0, 1.0, 0.00882054092712492, 0.2864208067961398, 0.008303858142469478, 0.04432679766541181, 0.0, 0.0, 0.09184034045230072, 0.04544851163433583, 0.06036675286360982, 0.0, 0.01104561008548366, 0.16564000095336728, 0.0, 0.0, 0.0, 0.0, 0.0, 0.0, 0.032887593890918665, 0.0, 0.023789639819684072, 0.038040740594905365, 0.11021605240340626, 0.2456418210453024, 0.1579793792079457, 0.0, 0.15440229040589104, 0.18543861100395853, 0.017693973064198065, 0.0, 0.2039765594906987, 0.11896754855731084, 0.0, 0.21215102952672615, 0.3120670739063207, 0.0, 0.0, 0.16029794956818644, 0.040828597078388595, 0.0, 0.0, 0.0, 0.3034773658793952, 0.08633680765664353, 0.07549184771648187, 0.021679881238621745, 0.0, 0.0, 0.0, 0.0, 0.0, 0.14521647704838836, 0.0, 0.0, 0.0, 0.0, 0.0, 0.0, 0.0, 0.0, 0.0, 0.0, 0.0, 0.0, 0.0, 0.0, 0.0, 0.0, 0.0, 0.0, 0.0, 0.0, 0.0, 0.0, 0.0, 0.0, 0.0, 0.0, 0.0, 0.0, 0.0, 0.0, 0.0, 0.0], [0.9824683130492181, 0.9858383328857183, 0.9034195435449799, 0.9684429346438732, 0.9795968770433584, 0.9923640655913498, 0.9973835193922529, 0.9943727683993773, 0.00882054092712492, 1.0, 0.9566330489380875, 0.9824802475920126, 0.9986249940469951, 0.9985039654208195, 0.14543860034252776, 0.985665767194035, 0.9771778201627402, 0.9937303834686596, 0.9988017767255346, 0.9882542657426598, 0.9759699280664028, 0.9818525236853164, 0.9690657004660629, 0.9763795714191918, 0.9772060245420616, 0.9922383065303346, 0.9721462206742773, 0.9865079974357813, 0.9870256705211996, 0.9716085510054487, 0.9837473049784979, 0.9938633663770965, 0.9650995530348071, 0.974830421369241, 0.9868163315970521, 0.9609998743856849, 0.970913907041331, 0.98746781240054, 0.9902093547831706, 0.9660700831392036, 0.9899770659590905, 0.9836137221849296, 0.9751126511249562, 0.952336726431152, 0.9852518495452732, 0.9856043061288827, 0.9804598694040138, 0.9750043500902463, 0.9893258163028736, 0.9690657004660629, 0.9793378403213544, 0.9438708270197007, 0.9662087527538741, 0.9758305436628524, 0.9797355296109462, 0.9690657004660629, 0.9690657004660629, 0.9778731047683228, 0.9697839514664219, 0.9739928379315834, 0.9600744012202386, 0.9863863047333011, 0.19920210784120262, 0.19920210784120262, 0.19920210784120262, 0.19920210784120262, 0.19920210784120262, 0.19920210784120262, 0.19920210784120262, 0.19920210784120262, 0.19920210784120262, 0.19920210784120262, 0.19920210784120262, 0.19920210784120262, 0.19920210784120262, 0.19920210784120262, 0.19920210784120262, 0.19920210784120262, 0.19920210784120262, 0.19920210784120262, 0.19920210784120262, 0.19920210784120262, 0.19920210784120262, 0.19920210784120262, 0.19920210784120262, 0.19920210784120262, 0.19920210784120262, 0.19920210784120262, 0.19920210784120262, 0.19920210784120262, 0.19920210784120262, 0.19920210784120262, 0.19920210784120262], [0.9941601904799994, 0.9637000949063731, 0.9612870052641269, 0.9383602189294441, 0.9899672736381833, 0.9604684171579492, 0.9454943929879309, 0.9511453209219832, 0.2864208067961398, 0.9566330489380875, 1.0, 0.9235943372327189, 0.9648572964629064, 0.9481939546942618, 0.07096176103850982, 0.9746615404826503, 0.9606919694484757, 0.9615475564086178, 0.9522128889068945, 0.9585412304538801, 0.9896898342016704, 0.9504514664830127, 0.9452246634466432, 0.9497165293877486, 0.950645758520835, 0.9570966930012956, 0.946603454177359, 0.9642524476482878, 0.9554025927824571, 0.953573286523909, 0.9646167175299507, 0.9826806829989221, 0.998243680111321, 0.9871970328982373, 0.9553631200046503, 0.9796329364910032, 0.9918072261644509, 0.9603777933805405, 0.9569552534271938, 0.993144601092966, 0.9791270424049094, 0.9542112441451376, 0.9970579057308829, 0.9976106934139218, 0.9534752629307198, 0.9454115356457448, 0.9692692365540975, 0.9604413768382308, 0.954076395005704, 0.9452246634466432, 0.9423137840864412, 0.9977677333829279, 0.9664238587722478, 0.9700154648975023, 0.9581739017025416, 0.9452246634466432, 0.9452246634466432, 0.9510568801283066, 0.9457261160277697, 0.9472706117317591, 0.9767982140618278, 0.9541952941110393, 0.1395631954232267, 0.1395631954232267, 0.1395631954232267, 0.1395631954232267, 0.1395631954232267, 0.1395631954232267, 0.1395631954232267, 0.1395631954232267, 0.1395631954232267, 0.1395631954232267, 0.1395631954232267, 0.1395631954232267, 0.1395631954232267, 0.1395631954232267, 0.1395631954232267, 0.1395631954232267, 0.1395631954232267, 0.1395631954232267, 0.1395631954232267, 0.1395631954232267, 0.1395631954232267, 0.1395631954232267, 0.1395631954232267, 0.1395631954232267, 0.1395631954232267, 0.1395631954232267, 0.1395631954232267, 0.1395631954232267, 0.1395631954232267, 0.1395631954232267, 0.1395631954232267], [0.955176283926414, 0.9376649968881949, 0.8879232518096211, 0.9702733234582591, 0.9532556778639582, 0.9747603958383764, 0.9932598653852468, 0.973302207856341, 0.008303858142469478, 0.9824802475920126, 0.9235943372327189, 1.0, 0.9813304801730449, 0.9905854243194676, 0.29572244067465125, 0.948525004537611, 0.9279999739962392, 0.9824481678828946, 0.9824517694043925, 0.943559672423386, 0.931686740695295, 0.9370293877699027, 0.9090908901945995, 0.9214342883443257, 0.9216256240657968, 0.9523326882563707, 0.915633688409817, 0.9393039097972778, 0.9402125908846442, 0.9129176522002079, 0.9338496085712786, 0.9686219016789055, 0.9282175606890389, 0.930575896202391, 0.9396959116419307, 0.9027342974657049, 0.9239328475770036, 0.9413507767682532, 0.9470420082699512, 0.9176161850675127, 0.970656786775703, 0.9328569957153704, 0.941637648992677, 0.9311366001304774, 0.9404155085460821, 0.9598041005698993, 0.9865540471356224, 0.9183942187616813, 0.9493119001704318, 0.9090908901945995, 0.9477772085852945, 0.8996619868025449, 0.9064132792938502, 0.9208461502313345, 0.925870199558586, 0.9090908901945995, 0.9090908901945995, 0.9227172270590338, 0.9101519006230345, 0.919913790463836, 0.9006602986972732, 0.9422153802570831, 0.2933138888402109, 0.2933138888402109, 0.2933138888402109, 0.2933138888402109, 0.2933138888402109, 0.2933138888402109, 0.2933138888402109, 0.2933138888402109, 0.2933138888402109, 0.2933138888402109, 0.2933138888402109, 0.2933138888402109, 0.2933138888402109, 0.2933138888402109, 0.2933138888402109, 0.2933138888402109, 0.2933138888402109, 0.2933138888402109, 0.2933138888402109, 0.2933138888402109, 0.2933138888402109, 0.2933138888402109, 0.2933138888402109, 0.2933138888402109, 0.2933138888402109, 0.2933138888402109, 0.2933138888402109, 0.2933138888402109, 0.2933138888402109, 0.2933138888402109, 0.2933138888402109], [0.9873411918261601, 0.985538168103571, 0.9240520619473184, 0.9782713462341953, 0.9876442214523564, 0.9969651671347713, 0.9956109594670776, 0.988673592303727, 0.04432679766541181, 0.9986249940469951, 0.9648572964629064, 0.9813304801730449, 1.0, 0.997515510980976, 0.12480463633463845, 0.9910363926072927, 0.9723523103931582, 0.9978395394920249, 0.9989625240536184, 0.988428203012461, 0.9815965872045145, 0.9754779232906174, 0.9638044053354037, 0.9716718648378704, 0.9734314061750547, 0.9914994824148283, 0.9664131043817158, 0.9866497013213674, 0.986127791570055, 0.9676295089708024, 0.9822295687953995, 0.9955149642724642, 0.9732674415909273, 0.9755920106156089, 0.985819484726696, 0.9616487864068523, 0.9763307758377655, 0.9874225573727332, 0.9878183690546248, 0.9716181723173657, 0.9891413023039068, 0.981435834781022, 0.9806200754891974, 0.9611474220385565, 0.9801245373579476, 0.9776247876928753, 0.9844216212831174, 0.9723285226734393, 0.99058493201534, 0.9638044053354037, 0.970401622935011, 0.9532894298338259, 0.9640326001238237, 0.9749064208311627, 0.977302740479557, 0.9638044053354037, 0.9638044053354037, 0.9742404469664318, 0.9646397747772384, 0.9679322846351064, 0.9600249698271064, 0.981534634461927, 0.23138713450444282, 0.23138713450444282, 0.23138713450444282, 0.23138713450444282, 0.23138713450444282, 0.23138713450444282, 0.23138713450444282, 0.23138713450444282, 0.23138713450444282, 0.23138713450444282, 0.23138713450444282, 0.23138713450444282, 0.23138713450444282, 0.23138713450444282, 0.23138713450444282, 0.23138713450444282, 0.23138713450444282, 0.23138713450444282, 0.23138713450444282, 0.23138713450444282, 0.23138713450444282, 0.23138713450444282, 0.23138713450444282, 0.23138713450444282, 0.23138713450444282, 0.23138713450444282, 0.23138713450444282, 0.23138713450444282, 0.23138713450444282, 0.23138713450444282, 0.23138713450444282], [0.9766425668270865, 0.9758399632163576, 0.903046073715971, 0.9750251668832012, 0.9754284792538497, 0.9923706269824628, 0.9995737120109119, 0.9902374072160133, 0.0, 0.9985039654208195, 0.9481939546942618, 0.9905854243194676, 0.997515510980976, 1.0, 0.17818235212480205, 0.9796646902934913, 0.9645863951538597, 0.995032505398741, 0.9984917181142714, 0.9799055795934926, 0.9663203061066267, 0.9708926628481878, 0.9543966188347444, 0.9633510925482369, 0.9644086462194333, 0.9850855152172618, 0.9582319193500439, 0.9769296684276478, 0.9778978887993244, 0.9572810356677834, 0.9725856632148308, 0.9891044308680608, 0.9565996359031773, 0.9632764887288191, 0.9775612695563628, 0.9456025778835879, 0.9599423704923548, 0.9784740465194987, 0.9814478673482536, 0.9542886625107809, 0.9855393814669838, 0.9728454311250939, 0.9672430380784923, 0.9467484210076142, 0.9748384045691231, 0.9791620332613503, 0.9839909919706749, 0.9614102536629472, 0.9829903348065261, 0.9543966188347444, 0.9708864870623511, 0.9324351985327245, 0.9508329080330349, 0.9626053582397206, 0.967473536815807, 0.9543966188347444, 0.9543966188347444, 0.9652553413149887, 0.9552616996285002, 0.9606095356783777, 0.9442799253480707, 0.9762775949331932, 0.23953735271994814, 0.23953735271994814, 0.23953735271994814, 0.23953735271994814, 0.23953735271994814, 0.23953735271994814, 0.23953735271994814, 0.23953735271994814, 0.23953735271994814, 0.23953735271994814, 0.23953735271994814, 0.23953735271994814, 0.23953735271994814, 0.23953735271994814, 0.23953735271994814, 0.23953735271994814, 0.23953735271994814, 0.23953735271994814, 0.23953735271994814, 0.23953735271994814, 0.23953735271994814, 0.23953735271994814, 0.23953735271994814, 0.23953735271994814, 0.23953735271994814, 0.23953735271994814, 0.23953735271994814, 0.23953735271994814, 0.23953735271994814, 0.23953735271994814, 0.23953735271994814], [0.09938497446532046, 0.0010702907497456282, 0.0, 0.10531785769858437, 0.056526674600304805, 0.07925221337110466, 0.2062542912320624, 0.18597743512668186, 0.0, 0.14543860034252776, 0.07096176103850982, 0.29572244067465125, 0.12480463633463845, 0.17818235212480205, 1.0, 0.0, 0.06702882595664339, 0.11973412359184366, 0.12388997502992605, 0.0, 0.0, 0.08655683409835202, 0.0, 0.01608700962427545, 0.0, 0.029763099744735233, 0.022933300487285813, 0.0, 0.0, 0.0, 0.013821470498049382, 0.1178457358102899, 0.03539355979710701, 0.06586365642386194, 0.0, 0.0, 0.0, 0.0, 0.038445392600179984, 0.0, 0.18383974516906243, 0.0, 0.0738006268952407, 0.1279135373988437, 0.06926293795373062, 0.19574597805048743, 0.24821323119229866, 0.0, 0.0, 0.0, 0.18237703487673584, 0.009825438144206555, 0.0, 0.0, 0.0, 0.0, 0.0, 0.0, 0.0, 0.03892835151943619, 0.0, 0.06851767507380557, 0.0, 0.0, 0.0, 0.0, 0.0, 0.0, 0.0, 0.0, 0.0, 0.0, 0.0, 0.0, 0.0, 0.0, 0.0, 0.0, 0.0, 0.0, 0.0, 0.0, 0.0, 0.0, 0.0, 0.0, 0.0, 0.0, 0.0, 0.0, 0.0, 0.0, 0.0], [0.9888050297087048, 0.9923964537796797, 0.9440137920138194, 0.9719776884412322, 0.9937792290249402, 0.993479976071218, 0.974282141398531, 0.9709923509064508, 0.09184034045230072, 0.985665767194035, 0.9746615404826503, 0.948525004537611, 0.9910363926072927, 0.9796646902934913, 0.0, 1.0, 0.9724956778540079, 0.9897187257152891, 0.9879229887113671, 0.9941688057863993, 0.9946206002576491, 0.9709161324524401, 0.9702172502472877, 0.9758752491843358, 0.9795044793440502, 0.9929753484172564, 0.969962080470671, 0.9936256734256361, 0.991512427952985, 0.9750723507480266, 0.9881006680325641, 0.9910952416663327, 0.9854772033037341, 0.9808079211442693, 0.9912284761520151, 0.9752385607610784, 0.9905028828100715, 0.9935916956219946, 0.9885722197394935, 0.986780445289272, 0.9771995666454805, 0.9871317905115208, 0.9866444041196214, 0.9647766829986144, 0.977523022772106, 0.9592057104949091, 0.9651112329102376, 0.9804183540773767, 0.9954269399983272, 0.9702172502472877, 0.953945416393883, 0.9716861777673986, 0.9745236671189622, 0.9845119911311428, 0.9842710149079654, 0.9702172502472877, 0.9702172502472877, 0.9802805002818916, 0.9710262548012661, 0.9694818298845643, 0.9732695872783123, 0.97896569865401, 0.22415137561076293, 0.22415137561076293, 0.22415137561076293, 0.22415137561076293, 0.22415137561076293, 0.22415137561076293, 0.22415137561076293, 0.22415137561076293, 0.22415137561076293, 0.22415137561076293, 0.22415137561076293, 0.22415137561076293, 0.22415137561076293, 0.22415137561076293, 0.22415137561076293, 0.22415137561076293, 0.22415137561076293, 0.22415137561076293, 0.22415137561076293, 0.22415137561076293, 0.22415137561076293, 0.22415137561076293, 0.22415137561076293, 0.22415137561076293, 0.22415137561076293, 0.22415137561076293, 0.22415137561076293, 0.22415137561076293, 0.22415137561076293, 0.22415137561076293, 0.22415137561076293], [0.976031386593516, 0.991310845687328, 0.8668288101575989, 0.9064202670530366, 0.9623358556307015, 0.9576516732379133, 0.9625113210306012, 0.9870887613298875, 0.04544851163433583, 0.9771778201627402, 0.9606919694484757, 0.9279999739962392, 0.9723523103931582, 0.9645863951538597, 0.06702882595664339, 0.9724956778540079, 1.0, 0.9561339571654996, 0.9689355933215383, 0.9860409599951473, 0.9796907696440477, 0.9986723652119674, 0.9966983143711464, 0.9974325660871377, 0.9959108916571344, 0.9867278910645684, 0.9979733722095883, 0.9899355948275573, 0.9884787829711412, 0.9974850864893688, 0.9956165353077376, 0.9837692199332251, 0.9664632040526693, 0.9924992631857906, 0.9888624426967064, 0.9917646999979429, 0.9808421642017832, 0.9882253386131523, 0.9928448913855933, 0.9798504541445262, 0.9836771985850398, 0.9927392210580358, 0.9762811595207056, 0.9478284762920738, 0.9980762932973465, 0.9900330307189079, 0.9428301055342216, 0.9973143216553539, 0.9778635733336113, 0.9966983143711464, 0.9922068763769575, 0.95738946188129, 0.9969005287191649, 0.9962910724427915, 0.9958023353261815, 0.9966983143711464, 0.9966983143711464, 0.9957259122385332, 0.9967129435928436, 0.9985521431783104, 0.9927330916991786, 0.9977069772891849, 0.005834330365434348, 0.005834330365434348, 0.005834330365434348, 0.005834330365434348, 0.005834330365434348, 0.005834330365434348, 0.005834330365434348, 0.005834330365434348, 0.005834330365434348, 0.005834330365434348, 0.005834330365434348, 0.005834330365434348, 0.005834330365434348, 0.005834330365434348, 0.005834330365434348, 0.005834330365434348, 0.005834330365434348, 0.005834330365434348, 0.005834330365434348, 0.005834330365434348, 0.005834330365434348, 0.005834330365434348, 0.005834330365434348, 0.005834330365434348, 0.005834330365434348, 0.005834330365434348, 0.005834330365434348, 0.005834330365434348, 0.005834330365434348, 0.005834330365434348, 0.005834330365434348], [0.9836142085844047, 0.9764304329718467, 0.9386329291657134, 0.989771149450471, 0.9886661815977023, 0.9991260142101458, 0.9926234602794705, 0.9773359326195908, 0.06036675286360982, 0.9937303834686596, 0.9615475564086178, 0.9824481678828946, 0.9978395394920249, 0.995032505398741, 0.11973412359184366, 0.9897187257152891, 0.9561339571654996, 1.0, 0.9967537333179939, 0.9812623110232016, 0.9769352232713346, 0.9593255609351822, 0.9467835394377656, 0.9562574362037026, 0.959245942717455, 0.9841892566337477, 0.9492804314257647, 0.9782761949589315, 0.9774704017687346, 0.951825209429473, 0.9708727219974717, 0.9901841683184095, 0.9706654064603598, 0.9642564082265617, 0.9769710140916263, 0.9480031481723294, 0.9702477777601098, 0.9794835109930468, 0.9776213565079527, 0.9648422924019967, 0.9809166717511283, 0.9703120198558653, 0.975932324780386, 0.9597055596059917, 0.9657508576208136, 0.962264578440045, 0.9857312025398245, 0.9581332321386529, 0.9861079671799622, 0.9467835394377656, 0.9527414745200118, 0.9492825685118875, 0.9484601285561248, 0.9622769999070775, 0.9645616141421024, 0.9467835394377656, 0.9467835394377656, 0.9603265036351337, 0.9478417392834183, 0.9507269337757196, 0.9455137924869524, 0.967662387540757, 0.2926098498787999, 0.2926098498787999, 0.2926098498787999, 0.2926098498787999, 0.2926098498787999, 0.2926098498787999, 0.2926098498787999, 0.2926098498787999, 0.2926098498787999, 0.2926098498787999, 0.2926098498787999, 0.2926098498787999, 0.2926098498787999, 0.2926098498787999, 0.2926098498787999, 0.2926098498787999, 0.2926098498787999, 0.2926098498787999, 0.2926098498787999, 0.2926098498787999, 0.2926098498787999, 0.2926098498787999, 0.2926098498787999, 0.2926098498787999, 0.2926098498787999, 0.2926098498787999, 0.2926098498787999, 0.2926098498787999, 0.2926098498787999, 0.2926098498787999, 0.2926098498787999], [0.9793196628591248, 0.9839855913542855, 0.9106928785149057, 0.9774087265293809, 0.9805004926842296, 0.9963279523156515, 0.996494433616058, 0.9881850610493634, 0.0, 0.9988017767255346, 0.9522128889068945, 0.9824517694043925, 0.9989625240536184, 0.9984917181142714, 0.12388997502992605, 0.9879229887113671, 0.9689355933215383, 0.9967537333179939, 1.0, 0.9881520965975104, 0.9744522610100016, 0.9742082048244456, 0.9623985141670474, 0.9705360814310326, 0.9725036308531968, 0.9917156397409482, 0.9649866067640169, 0.9851463459061707, 0.986123475787498, 0.9653098045525317, 0.9799854111405528, 0.9908558119008993, 0.9626776468660972, 0.9676889668551552, 0.9857834361844983, 0.9535329928109282, 0.9680152283553989, 0.9867058139480039, 0.9875542328369917, 0.9623108074267029, 0.9835702891984939, 0.9810208991461026, 0.9712637952362468, 0.9475827752825605, 0.9791573028267488, 0.9764591276562885, 0.9784449651889517, 0.9694779196552877, 0.991271579416341, 0.9623985141670474, 0.968852497214971, 0.939728427163807, 0.9588049243399231, 0.9706861734684704, 0.9755977117775908, 0.9623985141670474, 0.9623985141670474, 0.9733582946115281, 0.9632715710173901, 0.9664918528692149, 0.9521969998409116, 0.9806517304050961, 0.24174443947305946, 0.24174443947305946, 0.24174443947305946, 0.24174443947305946, 0.24174443947305946, 0.24174443947305946, 0.24174443947305946, 0.24174443947305946, 0.24174443947305946, 0.24174443947305946, 0.24174443947305946, 0.24174443947305946, 0.24174443947305946, 0.24174443947305946, 0.24174443947305946, 0.24174443947305946, 0.24174443947305946, 0.24174443947305946, 0.24174443947305946, 0.24174443947305946, 0.24174443947305946, 0.24174443947305946, 0.24174443947305946, 0.24174443947305946, 0.24174443947305946, 0.24174443947305946, 0.24174443947305946, 0.24174443947305946, 0.24174443947305946, 0.24174443947305946, 0.24174443947305946], [0.9791787598107706, 0.9991463793041202, 0.9033632414585743, 0.9513870825821001, 0.9791489551737511, 0.985833037380098, 0.9749401799242343, 0.9811944712278671, 0.01104561008548366, 0.9882542657426598, 0.9585412304538801, 0.943559672423386, 0.988428203012461, 0.9799055795934926, 0.0, 0.9941688057863993, 0.9860409599951473, 0.9812623110232016, 0.9881520965975104, 1.0, 0.9879549805835418, 0.9871204825900205, 0.9878980481509736, 0.9916422836461418, 0.9939710044106492, 0.9994918938990116, 0.9876382282764017, 0.9994542671446052, 0.9997218076372941, 0.9898846199168733, 0.996903145000694, 0.9879830476276018, 0.9712954816143281, 0.9817979996087395, 0.9996539311175932, 0.9794448141905693, 0.9842096140749618, 0.9998804245993655, 0.9983036588992471, 0.980115386310582, 0.976449821225846, 0.9981313434061975, 0.976689583130932, 0.9446340507603375, 0.9918087455485888, 0.9739097985989504, 0.9506679219388535, 0.9923407161921424, 0.9989126872236205, 0.9878980481509736, 0.9713296837980224, 0.9556401627719016, 0.9851628859422846, 0.9924927048774127, 0.9957440834101269, 0.9878980481509736, 0.9878980481509736, 0.994439402659459, 0.9884543228725539, 0.9871492258220368, 0.9790302409614361, 0.9926875651019095, 0.15471083012296194, 0.15471083012296194, 0.15471083012296194, 0.15471083012296194, 0.15471083012296194, 0.15471083012296194, 0.15471083012296194, 0.15471083012296194, 0.15471083012296194, 0.15471083012296194, 0.15471083012296194, 0.15471083012296194, 0.15471083012296194, 0.15471083012296194, 0.15471083012296194, 0.15471083012296194, 0.15471083012296194, 0.15471083012296194, 0.15471083012296194, 0.15471083012296194, 0.15471083012296194, 0.15471083012296194, 0.15471083012296194, 0.15471083012296194, 0.15471083012296194, 0.15471083012296194, 0.15471083012296194, 0.15471083012296194, 0.15471083012296194, 0.15471083012296194, 0.15471083012296194], [0.9946565942980888, 0.9902965589151782, 0.9468310812652272, 0.9515256225096552, 0.9942490113186754, 0.9799981898384289, 0.9614308219351388, 0.9677597977602526, 0.16564000095336728, 0.9759699280664028, 0.9896898342016704, 0.931686740695295, 0.9815965872045145, 0.9663203061066267, 0.0, 0.9946206002576491, 0.9796907696440477, 0.9769352232713346, 0.9744522610100016, 0.9879549805835418, 1.0, 0.973705142861081, 0.9744968963037888, 0.9781568391773738, 0.9804312696745148, 0.9857411372942201, 0.9742406009686151, 0.9908266126090342, 0.9859964935050437, 0.9801212999109535, 0.9891656454066169, 0.9914353196557644, 0.995933823780158, 0.9928619543231894, 0.9859332127812985, 0.9900373642848967, 0.999403713144692, 0.9888827046406188, 0.9846237542841589, 0.9982540103940278, 0.9814682238932391, 0.984475276084505, 0.996096226191033, 0.9799112326643268, 0.9782959391452468, 0.9606522909203341, 0.9622645254743114, 0.9851544786626047, 0.9851187031486088, 0.9744968963037888, 0.9581532870933029, 0.9894930237082188, 0.9851589600985752, 0.9906491149991673, 0.9855136653669556, 0.9744968963037888, 0.9744968963037888, 0.9808879693429112, 0.9750411821758841, 0.9737582319883792, 0.9882207953913917, 0.9791530347064759, 0.1513908490578315, 0.1513908490578315, 0.1513908490578315, 0.1513908490578315, 0.1513908490578315, 0.1513908490578315, 0.1513908490578315, 0.1513908490578315, 0.1513908490578315, 0.1513908490578315, 0.1513908490578315, 0.1513908490578315, 0.1513908490578315, 0.1513908490578315, 0.1513908490578315, 0.1513908490578315, 0.1513908490578315, 0.1513908490578315, 0.1513908490578315, 0.1513908490578315, 0.1513908490578315, 0.1513908490578315, 0.1513908490578315, 0.1513908490578315, 0.1513908490578315, 0.1513908490578315, 0.1513908490578315, 0.1513908490578315, 0.1513908490578315, 0.1513908490578315, 0.1513908490578315], [0.9712271712415302, 0.9909713792514854, 0.8552414253297236, 0.909999985113998, 0.9578170888678594, 0.9604799003732662, 0.9692673124655319, 0.9915476508947907, 0.0, 0.9818525236853164, 0.9504514664830127, 0.9370293877699027, 0.9754779232906174, 0.9708926628481878, 0.08655683409835202, 0.9709161324524401, 0.9986723652119674, 0.9593255609351822, 0.9742082048244456, 0.9871204825900205, 0.973705142861081, 1.0, 0.9960410079294194, 0.9974852851438716, 0.9959178520053049, 0.9889311480476416, 0.9977640803198758, 0.9896657293401818, 0.989761041154578, 0.9959419825010707, 0.9946928842600933, 0.982791641262937, 0.9576929572507729, 0.9867149503935125, 0.9901010451044693, 0.9842612805047127, 0.9735484895914224, 0.9888020871870677, 0.9945676369996822, 0.9714751891306405, 0.9829391491527554, 0.9934556587039589, 0.9694940405918366, 0.9378851348494924, 0.999465839103108, 0.9937558797830465, 0.9434761829177882, 0.995307818255002, 0.9800934647234367, 0.9960410079294194, 0.9951220540605298, 0.9448787294810548, 0.9923217972481855, 0.9929379821375918, 0.9950782327422311, 0.9960410079294194, 0.9960410079294194, 0.9957961153712448, 0.9961080978377707, 0.998655528137359, 0.9854828800206237, 0.999197949792461, 0.020254011795607596, 0.020254011795607596, 0.020254011795607596, 0.020254011795607596, 0.020254011795607596, 0.020254011795607596, 0.020254011795607596, 0.020254011795607596, 0.020254011795607596, 0.020254011795607596, 0.020254011795607596, 0.020254011795607596, 0.020254011795607596, 0.020254011795607596, 0.020254011795607596, 0.020254011795607596, 0.020254011795607596, 0.020254011795607596, 0.020254011795607596, 0.020254011795607596, 0.020254011795607596, 0.020254011795607596, 0.020254011795607596, 0.020254011795607596, 0.020254011795607596, 0.020254011795607596, 0.020254011795607596, 0.020254011795607596, 0.020254011795607596, 0.020254011795607596, 0.020254011795607596], [0.9630739928297843, 0.992397073243087, 0.8509217202220869, 0.8958700902846928, 0.9518831443927134, 0.9514522770923067, 0.950467828765992, 0.9772549375553732, 0.0, 0.9690657004660629, 0.9452246634466432, 0.9090908901945995, 0.9638044053354037, 0.9543966188347444, 0.0, 0.9702172502472877, 0.9966983143711464, 0.9467835394377656, 0.9623985141670474, 0.9878980481509736, 0.9744968963037888, 0.9960410079294194, 1.0, 0.9994942471857879, 0.9989405930029451, 0.9870731035749092, 0.9997369972791644, 0.9909535981141521, 0.9909682857565402, 0.999625368050131, 0.9957674856185534, 0.973115032789031, 0.9551373986278218, 0.9838469935093974, 0.9913708310144023, 0.9879431442150775, 0.9749149161494027, 0.9898674179798131, 0.992888814660409, 0.9731721223851