"[[1.0, 0.7104035184648977, 0.2718571720079328, 0.5164749939671245, 0.0903661810536841, 0.5228293971003205, 0.15737718286094593, 0.14243049540987573, 0.4076590482745377, 0.2667223277983841, 0.6329495364506704, 0.15956561998918262, 0.023403434805099654, 0.004752476163042196, 0.0, 0.11987304560286727, 0.0017012846574487872, 0.007985075970648015, 0.148060122527243, 0.14783874066015068, 0.037720243470635406, 0.0535791568212608, 0.4047409712441161, 0.508901963664776, 0.10232911138100587, 0.013405464184013227, 0.448390023003693, 0.21832528122478168, 0.0, 0.026029785549816387, 0.013715349163836876, 0.4193137943658315, 0.2149410706269249, 0.19787156911095094, 0.1816691751636934, 0.2366788813834676, 0.49010484382550634, 0.318990775864765, 0.04186132338345239, 0.17728961995093617, 0.28026259294960365, 0.5704539342092023, 0.033746463354644485, 0.23618310800111741, 0.08503437901403454, 0.08569924537890017, 0.6188048963784193, 0.09695681409412626, 0.09154141574821328, 0.04212892985506733, 0.007958969373078273, 0.4080827701197991, 0.15507456159556288, 0.22203872491297016, 0.24307394464853838, 0.0007760846518952702, 0.09358255387413505, 0.00614831711302366, 0.02924581044591623, 0.3679331713295766, 0.011228817386825352, 0.2363589044119887, 0.30295212534024885, 0.0813188031504829, 0.05353751286128272, 0.10733866136786707, 0.03406416503663712, 0.32294848031293255, 0.0218528058220272, 0.0923395296832813, 0.13193907334101806, 0.19395265343571344, 0.08023733930279298, 0.003610083723545987, 0.12691214088069946, 0.023976705281497313, 0.09308157463778466, 0.29459878865774947, 0.12688527996955068, 0.2216450259643873, 0.3755587530435138, 0.1355133433376169, 0.16892777872882747, 0.1282624635738745, 0.14377136655525224, 0.10086099861230857, 0.06011269861288071, 0.07885984151080361, 0.01767540561217651, 0.0010010787153497125, 0.08285513287996882, 0.13393358136106892, 0.07026068468112912], [0.7104035184648977, 1.0, 0.3296644969081146, 0.4264776735689937, 0.04892426171997766, 0.43247425828589714, 0.07999749441475024, 0.11381006806632554, 0.6125542039740226, 0.05014937064174019, 0.48768567897435466, 0.22889360628989652, 0.008739500487650376, 0.0, 0.0, 0.1927705328144681, 0.0, 0.0009746256964187072, 0.0, 0.0, 0.008216984025673169, 0.002621420759016946, 0.31516104537711453, 0.2857013660189839, 0.009614866061295135, 0.012554566063544992, 0.25303206671801504, 0.199182518977163, 0.0, 0.0020878896742504427, 0.0, 0.3402207486528199, 0.0, 0.08858745259387923, 0.047575470569570566, 0.15214919499245927, 0.4591384865694471, 0.29896682864357094, 0.03152205009761766, 0.05837642638555329, 0.23907202942016847, 0.2789464532650139, 0.049307039002674746, 0.1946607264339143, 0.0, 0.20465381081109357, 0.5049043300432984, 0.00044952953348831315, 0.07485436496584763, 0.035257069215176906, 0.0015845791749958815, 0.008143957820986869, 0.027284443176460837, 0.2893965069716202, 0.15293876464742895, 0.0, 0.1502543232203568, 0.0, 0.016511252508429775, 0.6122312492619799, 0.0012054204750895359, 0.22135083836477354, 0.30613320500284535, 0.15688363716465747, 0.0632503275594899, 0.13291839575765296, 0.049833518029478774, 0.3055449839249784, 0.04937325547001292, 0.07858995921517997, 0.025582062419747698, 0.02637966823931437, 0.011138133940737482, 0.203046721347793, 0.008979918952477628, 0.002943296757879077, 0.08144110569742669, 0.4149434196957179, 0.012198806055911948, 0.003036769158320962, 0.05011980762617607, 0.08022587231761036, 0.03618877445652735, 0.08577157337989216, 0.49636748191058166, 0.1784150221811116, 0.4541489167598508, 0.11141997338013299, 0.41349939056354823, 0.4276019095082564, 0.5339454438838661, 0.2821858799432798, 3.1122216329060315e-05], [0.2718571720079328, 0.3296644969081146, 1.0, 0.2066448628157842, 0.08661050400828407, 0.4231880381592086, 0.2748207395658804, 0.3623180497001295, 0.7755831047573402, 0.009269190828132823, 0.25059592153665333, 0.5689973878073717, 0.07304275738252497, 0.0011975233607296465, 0.0, 0.79104057707142, 0.0, 0.10018337340734429, 0.0, 0.0, 0.023717350207391852, 0.12502400337319997, 0.14333682438934048, 0.05887358626539363, 0.12615843968068952, 0.0, 0.00036394784916826683, 0.06454004256692336, 0.0, 0.0010045258289450576, 0.04872696148338174, 0.2187595680784694, 0.01724738821823746, 0.08742469198146818, 0.01870371454695896, 0.15381863280151464, 0.2476360353601248, 0.11418354668735975, 0.09238979670030367, 0.007471211183811, 0.008457362042078809, 0.14659972247730046, 0.19216313360735482, 0.2181064442248608, 0.0, 0.014723602769443178, 0.2543215991095904, 0.024886744095141133, 0.038028813061952826, 0.009652506352595291, 0.0017846858521577413, 0.01765694978847565, 0.031416603806804555, 0.026249893513814015, 0.13172730064860816, 0.0, 0.03883270280504203, 0.013032162821853821, 0.0070369764077197194, 0.0009389870364135966, 0.019977976274148213, 0.054467965382545946, 0.06780187033967633, 0.11050795190257201, 0.07694117643080323, 0.2632790632508938, 0.18662137842854964, 0.03237141189818726, 0.015180509233010175, 0.08324031969343526, 0.05805341939456532, 0.104363469831533, 0.07313850352992313, 0.007437543924450396, 0.019447766757581975, 0.010929937460298023, 0.11547240879536269, 0.08309880046446672, 0.08237434886417516, 0.02483504836545225, 0.002786753739724146, 0.21807419652205873, 0.09093571435674708, 0.0942512096953545, 0.10573455515234564, 0.06164870669053746, 0.04650432253763481, 0.06082669590228984, 0.058384689758259944, 0.02354008973513988, 0.007323967824142241, 0.05772635382244207, 0.08246315519787728], [0.5164749939671245, 0.4264776735689937, 0.2066448628157842, 1.0, 0.25392206448013055, 0.6387414889191847, 0.017442056509022086, 0.09960069264876126, 0.32032031238765035, 0.4664010798876247, 0.9386281830041152, 0.32340628866461363, 0.08237242964908986, 0.26614130047977014, 0.12042454444909678, 0.04999495015528754, 0.07985320254036743, 0.04047311768247297, 0.002799425313001702, 0.00896323647204278, 0.534397204697632, 0.01733674945708641, 0.03056758581059793, 0.2245819838953017, 0.000916618166623584, 0.0, 0.0, 0.08765865045945898, 0.08031865264368221, 0.08286373522591006, 0.17101530023199252, 0.5043345395064401, 0.33009615089620303, 0.46350064951355785, 0.16166037217371865, 0.296948265556499, 0.4670027270673407, 0.47826487252545746, 0.13655500651251617, 0.071376297882076, 0.04293117626220755, 0.6803616505096968, 0.13813290612805484, 0.2632587007555762, 0.017921233738566245, 0.013599772203203409, 0.7137728826275703, 0.015270111214524151, 0.2318690823047067, 0.03468968643610859, 0.029416129302515026, 0.010578476670307535, 0.010785678708042812, 0.3518256075613573, 0.5820040009967316, 0.17479780314570093, 0.17159204167555564, 0.024196300109655122, 0.01629672008927341, 0.05836610532800468, 0.1444113217570293, 0.25257720627827374, 0.6468460869651237, 0.14061003533031968, 0.11094705832732421, 0.20290173149533552, 0.11673683823948522, 0.14268746469368487, 0.07318305195000607, 0.235748787157126, 0.036523042914380466, 0.11827495860677972, 0.040145688022750536, 0.08135050520362408, 0.07722378674265018, 0.04369136694983944, 0.08458353988935052, 0.07325385387239314, 0.005697539961239895, 0.02331514356511699, 0.03492881097624623, 0.18374681519223768, 0.04207473141055773, 0.010959652846591506, 0.09965886104359212, 0.044942490804517066, 0.006406966437967454, 0.021615564076780336, 0.0019279456022107677, 0.03599260632371326, 0.15474252869017602, 0.0932975741869344, 0.025552353125469773], [0.0903661810536841, 0.04892426171997766, 0.08661050400828407, 0.25392206448013055, 1.0, 0.0696118127042894, 0.7953920461850643, 0.06854752879346937, 0.13412896038907662, 0.6899349042364574, 0.22917318818927002, 0.24317239297771487, 0.3688310299171722, 0.0, 0.0, 0.20030653850804325, 0.06469102531390891, 0.039305602117053584, 0.0005433167632975522, 0.0204991493009683, 0.4293018216724248, 0.08195640512969593, 0.21177955810520388, 0.3024999913970603, 0.1242787379255893, 0.16924887513108, 0.14248905908366927, 0.10104119236781661, 0.07960888621680706, 0.08239944041748049, 0.03147594118856489, 0.3627037056169371, 0.17523783326908426, 0.30418545607090075, 0.16664737316605527, 0.4422132426547065, 0.010191805011132482, 0.2020137016880339, 0.03174731581604506, 0.6880319205084466, 0.17262442494909203, 0.34421409886490373, 0.015761160474256464, 0.1866302345351709, 0.11865592986142626, 0.0030237405146399388, 0.003323694174340086, 0.00021436520716611174, 0.01751845819250486, 0.0006343161801602992, 0.02246271218494511, 0.007688509454286563, 0.002852577558831615, 0.25547618187253396, 0.32697374585439654, 0.0, 0.04771711611199392, 0.05439126224123081, 0.027073855194667762, 0.00035846405626049904, 0.11974985909323876, 0.009567269457642191, 0.36714984865147127, 0.16311762837344435, 0.29703753095593033, 0.1265918780284747, 0.7044824619126093, 0.1181811396088972, 0.5964174077521192, 0.18720148972842565, 0.6400884668266069, 0.388658054749045, 0.28881534511884965, 0.025923558845973638, 0.426124302949036, 0.010719079481779525, 0.08060880706335116, 0.08702985356029114, 0.04305560561734356, 0.04321974089900482, 0.0, 0.09984432041490499, 0.11071256995782863, 0.04466413064800134, 0.09036410920410665, 0.03456660474169693, 0.044434107562819514, 0.07838839790610286, 0.035100474506655543, 0.004523908527369502, 0.12943771032008256, 0.012143615254527562, 0.0], [0.5228293971003205, 0.43247425828589714, 0.4231880381592086, 0.6387414889191847, 0.0696118127042894, 1.0, 0.015671339366624792, 0.09638506945767344, 0.34609214263595733, 0.029777458646264354, 0.6797696789765788, 0.21483006669694005, 0.15369216574515776, 0.0, 0.0, 0.07753655360543898, 0.0, 0.10885400235256981, 0.004915571590483947, 0.00012491889692201052, 0.01450007252312635, 0.0, 0.0903459918469971, 0.2033835815282493, 0.01707142247476423, 0.14068024942459312, 0.0010568707195378613, 0.2110454206641803, 0.31358669387233395, 0.013401734521728659, 0.217590400196378, 0.5621457806527104, 0.10803044679758167, 0.06595696619085223, 0.05769764527570542, 0.32697597851483995, 0.43114950500029847, 0.32089292953138715, 0.12225923986753084, 0.0, 0.04082562707411819, 0.4344033825879745, 0.009337292316058843, 0.3008729429919488, 0.0, 0.014852288870985109, 0.7788405990363356, 0.009342822990520028, 0.13612541049781124, 0.012501952004720596, 0.0, 0.016944002220728893, 0.0033210014897305795, 0.07315330702657397, 0.2052236575621409, 0.0010771021784243828, 0.0, 0.0, 0.01069427083426977, 0.0, 0.03401310999182949, 0.28292405790173525, 0.18742621407482063, 0.09304480091548861, 0.10284624397326703, 0.07386395330355389, 0.30379654119805166, 0.06112583138580674, 0.07303857434949768, 0.2019132973256098, 0.11214646708571518, 0.24129618983425338, 0.11419655989427935, 0.11691933754028694, 0.07946153993718386, 0.05501819236940264, 0.14201292943021948, 0.06411004458957459, 0.06192411549396437, 0.0, 0.021051780160754263, 0.2330905808814815, 0.1118809376532901, 0.065472583469524, 0.15980805404235854, 0.023603941261385097, 0.003616562638882548, 0.01989947004200676, 0.0, 0.04142727290422943, 0.02329519226695609, 0.03744074890841287, 0.1485919797965688], [0.15737718286094593, 0.07999749441475024, 0.2748207395658804, 0.017442056509022086, 0.7953920461850643, 0.015671339366624792, 1.0, 0.1559024344365837, 0.32072638253888286, 0.39486129613169507, 0.02717640580883829, 0.21177862183894158, 0.36160689786384204, 0.001980327843693508, 0.05206630411475921, 0.45858241882029926, 0.11613488996163746, 0.004905940009778842, 9.88163011594878e-06, 0.009851608028349168, 0.002576113733042229, 0.0057889121953533795, 0.10924318420959644, 0.2260052361735987, 0.05339330418545751, 0.016487428686464578, 0.035968135636070486, 0.11610412287057015, 0.0832354451395293, 0.006552477572842164, 0.014162713402748661, 0.3814430320960476, 0.11373887940033844, 0.07781220594357952, 0.23777321961816966, 0.46254285601188516, 0.03571207193691206, 0.15069768449475285, 0.008576975966997247, 0.7970807908650845, 0.19997784551244213, 0.27800419529731146, 0.08866406088295176, 0.21157966312379328, 0.12729232840474014, 0.0, 0.007522696159732223, 0.002762261047515313, 0.009688725875747206, 0.028749799218056205, 0.008397100748447017, 0.23953627558673674, 0.16773200234790075, 0.19362052103779714, 0.08215538106432729, 0.0001412630482755528, 0.06794276707501379, 0.15074350129033343, 0.002446270416967211, 0.0002941101944942126, 0.12557666353486807, 0.08556424326118872, 0.07404696952968015, 0.14584372347964125, 0.3309076754952174, 0.07730550136369796, 0.6147103332038278, 0.07917007620016525, 0.6440238997532793, 0.17061269197408901, 0.6787629615253056, 0.3894696919335757, 0.2923901069414996, 0.0029913692773629874, 0.44808224579857847, 0.01620748984357534, 0.08493307724327981, 0.1441234267944005, 0.08791198550423562, 0.16439469905888426, 0.16677820292557854, 0.0, 0.11805485701027651, 0.02015556461987511, 0.055756658494331424, 0.09217147929253744, 0.057303858038438515, 0.07324625984361943, 0.02436136934251365, 0.015408326250742732, 0.030081017659965292, 0.06168155233480832, 0.053109867949032386], [0.14243049540987573, 0.11381006806632554, 0.3623180497001295, 0.09960069264876126, 0.06854752879346937, 0.09638506945767344, 0.1559024344365837, 1.0, 0.3691769997705846, 0.07871868581728503, 0.10268552077034543, 0.39323275180185624, 0.10456010453023878, 0.21410867406668488, 0.0, 0.35310715661527403, 0.25482659627762405, 0.08636082063422568, 0.3156483335523881, 0.019246701505135633, 0.027250330009610302, 0.0582994392434818, 0.32450603078634965, 0.31714292715507186, 0.2241171464806957, 0.0, 0.11568620913007466, 0.3339003962389149, 0.2364401214022549, 0.033431395368675565, 0.5328949143949331, 0.33800917313756373, 0.16693897560172688, 0.4955507768027163, 0.14907174716979887, 0.0019641001624242094, 0.26439864451405337, 0.333706712485907, 0.005780425082202334, 0.0125434515985966, 0.025060545203635654, 0.19763485940531478, 0.10710271472589672, 0.3405553507282122, 0.4277717063428558, 0.2203941225312468, 0.07411919227426023, 0.3479181520925473, 0.02181199583985327, 0.5493333599593462, 0.0020388417164013406, 0.04664596632914031, 2.385020400064164e-06, 0.017959922037094733, 0.28734108817691595, 0.0191211103837593, 0.07005537634723902, 0.1280518622353839, 0.019132880093778115, 0.03322455754884002, 0.01936022361944123, 0.17055393013772824, 0.15838011377053807, 0.6120105093483225, 0.18520623515632884, 0.6646436092526439, 0.16487960201724405, 0.4064990504916036, 0.4740901763983507, 0.5814905158066163, 0.22225471292416787, 0.1885473894417623, 0.5874301510178359, 0.22108864849416376, 0.20792757983371712, 0.2582767852047554, 0.32258603009730225, 0.17135875581843885, 0.6687530103560405, 0.4445430181247366, 0.41279341305933204, 0.024863389967330174, 0.004929101432459615, 0.0826193247309831, 0.02336739522830933, 0.03080019731129202, 0.13086346076782196, 0.0334978430917976, 0.027710982073388513, 0.2634443632987372, 0.013620156861822497, 0.1743403905349069, 0.14661877677997515], [0.4076590482745377, 0.6125542039740226, 0.7755831047573402, 0.32032031238765035, 0.13412896038907662, 0.34609214263595733, 0.32072638253888286, 0.3691769997705846, 1.0, 0.05991746421410182, 0.39078858991064025, 0.4925109470801762, 0.06229734806939602, 0.12273684986734401, 0.0, 0.6795882754952757, 0.0, 0.0037942455901153194, 0.02617247086185681, 0.14769250403154355, 0.0, 0.006624474188161034, 0.23913651082441767, 0.21506846813756209, 0.021058912036022392, 0.0, 0.10890130630156836, 0.13483486821890667, 0.008565709459445126, 0.0028026918869502593, 0.04443416935485911, 0.3083206328706356, 0.0045806611518826035, 0.09719951994341236, 0.0696243006642876, 0.15549521477697759, 0.2905488651464868, 0.16451420873011935, 0.005290089246212659, 0.12120532361938607, 0.024528993989312298, 0.2281896764684993, 0.16588831727610365, 0.23715368426083994, 0.06307740026713027, 0.19275334124731547, 0.3802711964187917, 0.0036795990725353445, 0.05465588124461929, 0.05770680826944141, 0.0004206900509151623, 0.013302872431826596, 0.000702134955172351, 0.05916090338716873, 0.15433872975952712, 0.001530758586024361, 0.004874788459240609, 0.005487997164767222, 0.01445050255014313, 0.003187045097462371, 0.0005187953688343683, 0.04604375945253314, 0.20124356451371506, 0.16185243717128261, 0.06424295427656534, 0.2326040607140366, 0.09702088963647904, 0.052822494724094504, 0.15466836267127282, 0.15227361732702138, 0.09974797471728625, 0.061190383830027395, 0.0556107884304573, 0.22464903589052287, 0.041173929878250526, 0.03878388615181505, 0.12733844561012642, 0.054382828502678726, 0.05755717197820198, 0.01106912773451274, 0.031882806298787814, 0.07613157893743028, 0.14935479536451324, 0.06686847842104493, 0.44110576770152343, 0.1768909955596334, 0.4700946488149552, 0.07026735780668625, 0.3938018691024585, 0.4247526924602172, 0.4199978503062767, 0.29072455667847774, 0.005656046935284764], [0.2667223277983841, 0.05014937064174019, 0.009269190828132823, 0.4664010798876247, 0.6899349042364574, 0.029777458646264354, 0.39486129613169507, 0.07871868581728503, 0.05991746421410182, 1.0, 0.41996056033384765, 0.4021809409314032, 0.24975566860882226, 0.06283726617415386, 0.0, 0.09972856246366224, 0.0015896123137385532, 0.16264937988468153, 0.00037698187604551237, 0.0013512738607642794, 0.8026907842247625, 0.004281657817264528, 0.18481896064792902, 0.2468950018870052, 0.037573131410106875, 0.07271804342123578, 0.19675154360031277, 0.12243910822903958, 0.04679150779225405, 0.16292987576509155, 0.022901216479693565, 0.18688809461594402, 0.504814267186181, 0.5348998841194951, 0.17978452619951502, 0.179954891035373, 0.0, 0.14967477263742646, 0.010098046543236872, 0.4073369026598139, 0.11858919932801715, 0.585744378359787, 0.0010704903784042319, 0.1517441894616932, 0.05102338379866045, 0.0003154573753055834, 0.015005783026474151, 0.021637435978536956, 0.02645099168538312, 0.0, 0.04145820505455455, 0.3776513363818855, 0.04142255251842453, 0.21009491073236286, 0.5915374104400499, 0.0025713283562929234, 0.07993044861483412, 0.03256842025767315, 0.016478127040771673, 0.0, 0.20649999839945232, 0.007573877588650801, 0.6904579500035224, 0.07701370192621104, 0.25256433414386825, 0.28457889686236104, 0.3588584853746756, 0.20572039312794643, 0.30996351121423915, 0.19465981348565609, 0.29994683609640227, 0.3361441303671917, 0.20457688141368868, 0.13775637726831813, 0.4534475661664378, 0.12519695416944554, 0.19962853078000986, 0.15342308681744732, 0.06267730199215304, 0.1922754002210072, 0.31095910444935293, 0.10722073733250204, 0.17915454424891486, 0.05248480721729187, 0.056100795991107066, 0.14052276133888242, 0.021523174879553242, 0.050464793965119936, 0.0, 0.0004877749620051386, 0.21860134005498633, 0.1156197147713196, 0.12408236060160482], [0.6329495364506704, 0.48768567897435466, 0.25059592153665333, 0.9386281830041152, 0.22917318818927002, 0.6797696789765788, 0.02717640580883829, 0.10268552077034543, 0.39078858991064025, 0.41996056033384765, 1.0, 0.23315613219732478, 0.07003369201483522, 0.19401445232496817, 0.059512336283901734, 0.05825786573150693, 0.016838314404007404, 0.047207237315828654, 0.0011504231373977714, 0.005315741856661393, 0.4467530705111048, 0.028360916078721043, 0.14967447011765234, 0.3152926827550854, 0.01829859953910251, 0.0, 0.14703234360535422, 0.08467494464268888, 3.7423757359711374e-07, 0.15288996799748755, 0.09962367077336809, 0.569901336072905, 0.18144958112079346, 0.39718905925358583, 0.08416326549652298, 0.27984785331711026, 0.4670791693327192, 0.40510942040523923, 0.008658305467132643, 0.0017450151703638506, 0.005902081013829608, 0.6431259026864438, 0.015885580346223227, 0.30714439458429776, 0.013626796091147808, 0.03422690049354793, 0.8122435244374016, 0.024341741523284166, 0.11903721014021207, 0.022926470917022157, 0.027038081288818572, 0.007229696149628206, 0.05287989829656525, 0.1644986753108797, 0.5652983611145214, 0.00018536407627456342, 0.048919959990789796, 0.04111151451717654, 0.02107830158169377, 0.0, 0.11737362433178156, 0.14221048871797137, 0.6081122464537636, 0.13810222100305958, 0.07543561155454537, 0.18794317828069662, 0.07640148189164397, 0.08217768060094044, 0.06350036929305691, 0.1988327287867262, 0.043571471567904196, 0.07785264978177253, 0.039188190787437294, 0.05230691471854443, 0.07549705099421677, 0.0023363101435223133, 0.059878688838849836, 0.04978665273528182, 0.031216830939650997, 0.07526828427550714, 0.022572907182546897, 0.18822687981968156, 0.023602263912056665, 0.03900078585849087, 0.10385738592685878, 0.007212484475344727, 0.002715164608008136, 0.05345985932050756, 0.006515010709625901, 0.009177908716845318, 0.13071092307355026, 0.07544504895248749, 0.0032914029190027616], [0.15956561998918262, 0.22889360628989652, 0.5689973878073717, 0.32340628866461363, 0.24317239297771487, 0.21483006669694005, 0.21177862183894158, 0.39323275180185624, 0.4925109470801762, 0.4021809409314032, 0.23315613219732478, 1.0, 0.039237181789120945, 0.007691781820056698, 0.01582316605177747, 0.564738524532256, 0.0002388362620522333, 0.034815820460160185, 0.009121460941248105, 0.0004003590307051219, 0.45000597987070057, 0.0015779169409259053, 0.03694782832892951, 0.1467690168453717, 0.002185014783100625, 0.03203859131672793, 0.0, 0.3065861036598083, 0.5746617698393974, 0.0723470517059075, 0.4037663372503978, 0.0002168883878831407, 0.4216707802120969, 0.33384226282010654, 0.07543812389874305, 0.043613766849424196, 0.14052584539675816, 0.1210091127667311, 0.07326745839725612, 0.022712166349330376, 0.12539370778040448, 0.24432913404274104, 0.2079502926376351, 0.06946839144083672, 0.0, 0.0, 0.0008973583054925349, 0.009550203339362184, 0.07561035706079111, 0.010175396052509722, 0.061339474196060007, 0.06254430496209007, 0.006742264079815263, 0.1875153615833206, 0.3672356524417071, 0.0, 0.08021615857615438, 0.015299724901995382, 0.002564945145787978, 0.1454697096408435, 0.14260602673763334, 0.38285349446642736, 0.38859550019572464, 0.01839908622540065, 0.014383162739239452, 0.27501005737600914, 0.048034046084666326, 0.13166582699001572, 0.08695045410035707, 0.022665876042009647, 0.0, 0.03819595337154602, 0.004470571375744581, 0.09399001626763193, 0.07754855233544089, 0.007966320830730789, 0.15954257681089345, 0.11914571882360714, 0.038428237445867985, 0.0262819318011851, 0.0508031246482209, 0.052665855329891764, 0.03596987848266264, 0.0302836615645814, 0.01425263831423551, 0.03505007458740528, 0.03010305250237366, 0.015099173769965057, 0.0, 0.06446080201865567, 0.1584686582956989, 0.023999373045905936, 0.19219518926018453], [0.023403434805099654, 0.008739500487650376, 0.07304275738252497, 0.08237242964908986, 0.3688310299171722, 0.15369216574515776, 0.36160689786384204, 0.10456010453023878, 0.06229734806939602, 0.24975566860882226, 0.07003369201483522, 0.039237181789120945, 1.0, 0.24393992842224632, 0.0, 0.36788691296356324, 0.178396685538317, 0.788508827402184, 0.002218761755410137, 0.014949992567172554, 0.10494236851558891, 0.017933440017198654, 0.022790688449859764, 0.1759105716471664, 0.14517180590136303, 0.3490538237243743, 0.004300546045889586, 0.4668681251862322, 0.08270966081106379, 0.09228312335914324, 0.14334220660738994, 0.45199837899187645, 0.013516550429073515, 0.032097535848603975, 0.0833041082812016, 0.21729107996790564, 0.002467972064686408, 0.09934277369079703, 0.0010236931875106103, 0.2786770580502703, 0.09889347607479904, 0.07696691160516456, 0.03356678526172441, 0.6262891264398455, 0.06562056238303449, 6.298915585389864e-05, 0.0029962894506705418, 0.00753602397728681, 0.05278086057969189, 0.026441340115610168, 0.0100926811834392, 0.030573024834929963, 0.16346347528570526, 0.0854794353554893, 0.07365514741166512, 0.0006192600067052023, 0.01227051743088825, 0.04053677109332432, 0.014906977359866125, 0.0, 0.002130075284487387, 0.13217574127761222, 0.0690140909283935, 0.16495585254668854, 0.8587269169163246, 0.08984146740601884, 0.3987917974690488, 0.06539871413794884, 0.34037269570726614, 0.394679080525421, 0.2912533450475008, 0.7021335673437047, 0.16250430497373758, 0.14957773730871826, 0.2582403827250288, 0.041235273481014634, 0.2492468639308575, 0.28855652162867695, 0.08272150795914335, 0.058249668521288434, 0.03577904412990329, 0.10729206940614022, 0.5459900201268125, 0.043671385958214626, 0.017150029716967663, 0.14506182260716594, 0.017370746482183397, 0.04109756983323587, 0.004307142285980503, 0.006197438425658119, 0.07695046586940657, 0.05416414605790121, 0.33936025275878057], [0.004752476163042196, 0.0, 0.0011975233607296465, 0.26614130047977014, 0.0, 0.0, 0.001980327843693508, 0.21410867406668488, 0.12273684986734401, 0.06283726617415386, 0.19401445232496817, 0.007691781820056698, 0.24393992842224632, 1.0, 0.0, 0.08765814714125741, 0.0, 0.007298829362639148, 0.03796054213906752, 0.0, 5.082541193002221e-05, 0.04799649067849976, 0.020452792412663956, 0.33747507682520406, 0.011615390308837292, 0.0, 0.0, 0.002277706527474721, 0.0, 0.0, 0.3865230150500709, 0.01690831569539697, 0.08057497983908946, 0.07231065870312048, 0.08875108129672571, 0.042770788925958314, 0.07092345715715054, 0.09593483819927928, 0.10250267453352602, 0.000998274268690813, 0.0, 0.06316844247031661, 0.12033050685475777, 0.24495672470476526, 0.07360627913244089, 0.02248609090432796, 0.00013879732126964583, 0.04485448033580686, 0.10403594179352882, 0.00862951534682832, 0.0033981927520422284, 0.01707936670502397, 0.0, 0.08154098054901004, 0.00787857619758725, 0.0, 0.001129049761374068, 0.015010421558365405, 0.05932479030962445, 0.0, 0.002474182991473839, 0.00040889866345805714, 0.061250755338067675, 0.4626774102333785, 0.24129680657861574, 0.31981922982265953, 0.2258773624998558, 0.025079877449217136, 0.24627242296988217, 0.4682633821754032, 0.01603835913595919, 0.1675474920163147, 0.030532621977848784, 0.2686372603746999, 0.007844938109947575, 0.00014936904734719203, 0.26625956688952734, 0.03425399742498658, 0.05285871913508944, 0.08438048713525126, 0.01549149655591664, 0.00044353636260174856, 0.002870718060300037, 0.004679498425359974, 0.0, 0.059185670014092806, 0.01101780280413689, 0.0, 0.0004252492547939246, 0.01581242930963911, 0.0, 0.15902812829502322, 0.00026683909745905954], [0.0, 0.0, 0.0, 0.12042454444909678, 0.0, 0.0, 0.05206630411475921, 0.0, 0.0, 0.0, 0.059512336283901734, 0.01582316605177747, 0.0, 0.0, 1.0, 0.0, 0.0, 0.0, 0.0, 0.025302081100267437, 0.0, 0.0, 0.09972374970678188, 0.0, 0.0, 0.0, 0.0, 0.0, 6.288403329834935e-06, 0.0, 0.0, 0.0, 0.0, 0.036663019975199496, 0.0, 0.0, 0.0, 0.0, 0.0, 0.0, 0.0, 0.0, 0.0, 0.0, 0.0, 0.0, 0.0, 0.0, 0.008458624006617121, 0.0, 0.0, 0.0, 0.0, 0.0, 0.0, 0.0, 0.04130240569177246, 0.0, 0.0, 0.0, 0.0, 0.0, 0.10143108895053854, 0.06052075733063178, 0.048404839367073516, 0.0, 0.004165394718266158, 0.0, 0.0, 0.0, 0.0, 0.0, 0.0, 0.0, 0.0, 0.0, 0.0, 0.21899988055011077, 0.0003702983807185589, 0.09932583463406053, 0.0, 0.0, 0.0, 0.0, 0.08576691524411895, 0.0, 0.0, 0.0, 0.0, 0.0, 0.0, 0.0, 0.0], [0.11987304560286727, 0.1927705328144681, 0.79104057707142, 0.04999495015528754, 0.20030653850804325, 0.07753655360543898, 0.45858241882029926, 0.35310715661527403, 0.6795882754952757, 0.09972856246366224, 0.05825786573150693, 0.564738524532256, 0.36788691296356324, 0.08765814714125741, 0.0, 1.0, 0.0, 0.31598833250796665, 0.009035866138652704, 0.011106938799715915, 0.053314697900884944, 0.018463474991066375, 0.06277966972866167, 0.07661365906248496, 0.05839321341055459, 0.016792833031944787, 0.0014951395246373123, 0.20002374475534868, 0.03752399891074132, 0.024357450686163684, 0.05429700691436101, 0.21947826945329563, 0.023348189627466764, 0.11409739613580139, 0.06018207349080873, 0.15866964699965802, 0.1545202355736821, 0.06577141348769522, 0.0323660356760086, 0.19182480699722904, 0.05353470928309467, 0.08531922424841698, 0.2316225488149145, 0.32080982079215015, 0.031025937645318025, 0.04560069147149648, 0.05425414389820493, 0.019339972165867025, 0.03853444101939807, 0.05880543015199613, 0.014547727996485404, 0.03331008589192852, 0.24373178201523205, 0.17128355583063326, 0.24267186590787104, 0.1180027178162133, 0.10437052463871466, 0.09172365083753253, 0.2454290323095243, 0.006388449871914226, 0.0009363409917240162, 0.1856064299624297, 0.08028041050409362, 0.10331341228664404, 0.3969287383242346, 0.23252071461308788, 0.1431210006862822, 0.08044178731047602, 0.18574345652597346, 0.12443001535109177, 0.16954154980289438, 0.1819214984238614, 0.07892204979830253, 0.034219102682130575, 0.16219433750382795, 0.06418411205669083, 0.13142647202841973, 0.20890065116135603, 0.0514564817294495, 0.04640308370703161, 0.04413819830225041, 0.10093257735526184, 0.24096649776461065, 0.07683740620004553, 0.04676529326466927, 0.11343585749411755, 0.05835486014291935, 0.07522321116882125, 0.05394079089133119, 0.025055332500712457, 0.05392745788404529, 0.07670461394498285, 0.1801183929432547], [0.0017012846574487872, 0.0, 0.0, 0.07985320254036743, 0.06469102531390891, 0.0, 0.11613488996163746, 0.25482659627762405, 0.0, 0.0015896123137385532, 0.016838314404007404, 0.0002388362620522333, 0.178396685538317, 0.0, 0.0, 0.0, 1.0, 0.030691852913196427, 0.0, 0.07408771344836784, 0.0, 0.0, 0.0, 0.062394485979784364, 0.0, 0.0, 0.0, 0.5157498940962179, 0.0, 0.0, 0.11773871686227988, 1.268095065487529e-05, 0.002099200888465602, 0.00819517367886935, 0.0011525497621572844, 0.0, 0.013833938680118507, 0.09724671259093842, 0.0, 0.0015285375508121701, 0.0005302734587105951, 0.028526956086519673, 0.08024692171421643, 0.0, 0.0, 0.0, 0.0, 0.003313619608610874, 0.0, 0.0, 0.0, 0.05919732119068366, 0.0004445887020364525, 0.0, 0.036184291204890195, 0.0, 0.06464226903170334, 0.0, 0.0, 0.0, 0.0, 0.14788916585304535, 0.0, 0.0, 0.0, 0.0, 0.0, 0.0, 0.0, 0.18900106571726938, 0.0, 0.4099100739214492, 0.17183118311676582, 0.0, 0.0010745395108264777, 0.09101181389063573, 0.07307746375664226, 0.0, 0.043485707219943825, 0.0018133669770395988, 0.0028099770648382094, 0.0, 0.000569446507099447, 0.0, 0.0, 0.0010390932741167758, 0.0, 0.0, 0.0241431996428898, 0.0, 0.0, 0.0010514149562625974, 0.0007236490929263262], [0.007985075970648015, 0.0009746256964187072, 0.10018337340734429, 0.04047311768247297, 0.039305602117053584, 0.10885400235256981, 0.004905940009778842, 0.08636082063422568, 0.0037942455901153194, 0.16264937988468153, 0.047207237315828654, 0.034815820460160185, 0.788508827402184, 0.007298829362639148, 0.0, 0.31598833250796665, 0.030691852913196427, 1.0, 0.016394849525793065, 0.004336066638515934, 0.19594464081071916, 0.07107316776245909, 0.06495737082461461, 0.01347192716130341, 0.22215372128575606, 0.0032673250032414503, 0.004181138711493171, 0.4010827287229157, 0.0, 0.01029079282870038, 0.09406746918797604, 0.4146310004682423, 0.0384421109418317, 0.13016495771425918, 0.0, 0.00045460536950936437, 0.06636359054678476, 0.08956422898220495, 0.0016667099953009412, 0.006530807385063397, 4.28675325132577e-05, 0.065423843545373, 0.0034222198476326904, 0.6692869184321394, 0.0016724868285381556, 0.06558749560991917, 0.009752508362581569, 0.07304533124634338, 0.01943661199486657, 0.004703161416205193, 0.0034822440303552415, 0.014302149069714942, 0.0, 0.024602579863847618, 0.08822075774280558, 0.0, 0.008733007227710976, 0.04294847043169381, 0.04673748110680764, 0.001051818706232277, 0.020069885198235382, 0.004539072082255902, 0.0552002418121984, 0.12215543727436862, 0.8237889115981122, 0.09727538988558848, 0.004271801278843301, 0.0431954564808269, 0.0346135421673166, 0.18558978851415886, 0.007405972610375899, 0.35911285472979304, 0.0571042625146565, 0.0, 0.0789367009928974, 0.008587461123471973, 0.018234305245538374, 0.24733718489541512, 0.09539038395516497, 0.10888054198532038, 0.005997606532803901, 0.1672255693963728, 0.6294381295409986, 0.06139813274611006, 0.0018891289488293106, 0.15218036002591506, 0.005296511567788209, 0.0, 0.03579062210663808, 0.027057217457455263, 0.03198992001001455, 0.02744999766375933, 0.3980107763212615], [0.148060122527243, 0.0, 0.0, 0.002799425313001702, 0.0005433167632975522, 0.004915571590483947, 9.88163011594878e-06, 0.3156483335523881, 0.02617247086185681, 0.00037698187604551237, 0.0011504231373977714, 0.009121460941248105, 0.002218761755410137, 0.03796054213906752, 0.0, 0.009035866138652704, 0.0, 0.016394849525793065, 1.0, 0.0014925894457101796, 0.0, 0.0005520425968607023, 0.0, 0.29166734703185293, 0.3618694872584749, 0.002364912440421252, 0.0, 0.07923050637493811, 0.015361848058460748, 0.0, 0.013044861743544356, 0.0, 0.004403314016428905, 0.20899274647225496, 0.0, 0.0, 0.006792522862620443, 0.0, 0.001206376224756056, 0.0, 0.001510944658540514, 0.1687970709368286, 0.00010065381476309643, 0.0013069446975914056, 0.11325872118664715, 0.0064218849998451955, 0.007058933019855607, 0.14442486422309375, 0.001298884618230578, 0.0013471743169786166, 2.0386900271507358e-05, 0.0018783621317092214, 0.0, 0.01711052911001243, 0.013066442195643457, 0.0, 0.0, 0.007191982330535418, 0.03425401062895772, 0.0007613136559627698, 0.000693918940742333, 0.009414780711692106, 0.0003649416897515412, 0.006329565555856953, 0.002447053984627412, 0.13602476311877265, 0.0013551142030177044, 0.4457396121350743, 0.0037406191831567126, 0.04188886279393578, 0.49966403561842876, 0.009653123102809635, 0.3792715676166495, 0.004013765515480938, 0.027769020508270015, 0.004154211901756355, 0.0028829169758601836, 0.0001835509400773816, 0.5632288314889337, 0.059469822577484455, 0.404644797097105, 0.00965917115292858, 0.0002748182409405553, 0.013008135340340954, 0.001367364601995269, 0.00016426383298928648, 0.34325206002028064, 0.0, 0.0059265880157257644, 0.0012561998041653588, 0.00045110019634519993, 0.0011737482883780181, 0.0048866542885576125], [0.14783874066015068, 0.0, 0.0, 0.00896323647204278, 0.0204991493009683, 0.00012491889692201052, 0.009851608028349168, 0.019246701505135633, 0.14769250403154355, 0.0013512738607642794, 0.005315741856661393, 0.0004003590307051219, 0.014949992567172554, 0.0, 0.025302081100267437, 0.011106938799715915, 0.07408771344836784, 0.004336066638515934, 0.0014925894457101796, 1.0, 0.0002510994904678654, 0.00034160977618169497, 0.10625290644454255, 0.004622745821019292, 0.0008685591057425723, 0.0030590341283329714, 0.00038616390958712277, 0.03837367824701421, 0.0002559905693714226, 0.030022402283979455, 0.008723145207472638, 0.0019918706184056667, 0.0, 0.0015183702515462194, 0.008563402571963086, 0.012241634068391072, 0.009811128290405757, 0.007204912856935364, 0.002131462498457415, 0.0, 0.0020506040756528288, 0.00822124506901556, 0.005945415146528243, 0.0, 0.015746369543106487, 0.008311971704286436, 0.009378594339922941, 0.0006028228713097494, 0.002178201148864911, 0.0017425813074573027, 0.0, 0.006376415971080407, 0.004711250773200781, 0.041173388690184276, 0.019782472623027125, 0.0001087803077123306, 0.005834318664994731, 0.020313160975713007, 0.043757982336070644, 0.0009847656159064355, 0.0, 0.01762025474132578, 0.004249227700397817, 0.07513746442929181, 0.005908446219360042, 0.0014704615877441096, 0.0021429556147283257, 0.20368635419943837, 0.001001296093413151, 0.03180401450077541, 0.0242252950298959, 0.03189411492992966, 0.02828439002761718, 0.0018066961148506255, 0.011335996800505677, 0.16429291269830393, 0.007216402227504082, 0.006897566373701536, 0.003476550485334795, 0.00980571777398842, 0.007274770697744071, 0.11068039389790452, 0.7233263184869511, 0.1122263273484504, 0.003938779056133712, 0.0002391906128529353, 6.0561870070086066e-05, 0.007655635376995207, 0.009454837243534242, 0.0, 0.0005828042474033124, 0.0312896565331412, 0.00024342596954751716], [0.037720243470635406, 0.008216984025673169, 0.023717350207391852, 0.534397204697632, 0.4293018216724248, 0.01450007252312635, 0.002576113733042229, 0.027250330009610302, 0.0, 0.8026907842247625, 0.4467530705111048, 0.45000597987070057, 0.10494236851558891, 5.082541193002221e-05, 0.0, 0.053314697900884944, 0.0, 0.19594464081071916, 0.0, 0.0002510994904678654, 1.0, 0.0, 0.0, 0.022095691154473296, 0.020766294522722162, 0.0, 0.0006556915603995739, 0.04951705029566733, 0.0, 0.1524924501160394, 0.0, 0.0876416577979322, 0.3725940103719325, 0.5717726036194093, 0.01195659130761706, 0.01972880905202723, 0.02592845496511309, 0.11560203855653828, 0.005824584215270212, 0.011122156607040412, 0.048608484222907755, 0.38818613637232013, 0.0, 0.09995986043445004, 0.03390002099716949, 0.03798383146432871, 0.015562578942557304, 0.08176368447337845, 0.0035120528832180975, 0.00047852051001118223, 0.04887071462995751, 0.0014652549884732746, 0.0, 0.17031742071234568, 0.6930312269456232, 0.0003976193831189967, 0.248663317932725, 0.04439178185756487, 0.0, 0.01643580366016495, 0.26273136052317936, 0.05880421570467642, 0.792722870301474, 0.0016282617527806353, 0.11052556313651474, 0.21084290062169309, 0.06129060550389287, 0.14927208998284835, 0.02299199731622814, 0.04868042515357718, 0.005827571998336167, 0.06858471285076373, 0.030505501067867535, 0.02809638982691498, 0.15986733057478442, 0.00020499766370463135, 0.0024118592499052793, 0.08552884311967612, 0.04476781247167505, 0.02144285743237495, 0.002966553617862022, 0.31501828881006366, 0.1452925100036887, 0.21204753573045898, 0.048845840750476155, 0.19568536036819073, 0.019448080310949467, 0.20387744484750447, 0.044887833344778305, 0.0017532486597594543, 0.25251710591517784, 0.16556416949982244, 0.230717645815539], [0.0535791568212608, 0.002621420759016946, 0.12502400337319997, 0.01733674945708641, 0.08195640512969593, 0.0, 0.0057889121953533795, 0.0582994392434818, 0.006624474188161034, 0.004281657817264528, 0.028360916078721043, 0.0015779169409259053, 0.017933440017198654, 0.04799649067849976, 0.0, 0.018463474991066375, 0.0, 0.07107316776245909, 0.0005520425968607023, 0.00034160977618169497, 0.0, 1.0, 0.19472096598164934, 0.12395183265967746, 0.9057626973910349, 0.000541258824912294, 0.006266362975946516, 0.1983381105258305, 0.005653421371706546, 0.0012434114022081832, 0.31234623729061606, 0.003530701918239787, 0.0, 0.011103657010872015, 0.0, 0.02578406717781112, 0.001554608483583908, 0.006206738698447234, 0.0005805045642551798, 0.06709523614951807, 0.0018987590721605274, 0.029225353082098837, 0.0044223066949231615, 0.01606502746777394, 0.003410741640192505, 0.0014697803898899853, 0.002595935875603028, 0.002128606339784511, 0.002849089559804785, 0.008144392595082928, 0.043770371043637124, 0.00725923094424219, 0.03799046550015284, 0.0146477363577463, 0.018459999828638662, 0.026497186826457075, 0.014271030843974852, 0.022028672076066513, 0.011042584578885295, 0.007098257454055568, 0.03814489383675479, 0.028411047198565353, 0.014959759001870299, 0.22951440519166488, 0.022071438517623165, 0.16025628945058135, 0.011008309429775154, 0.012482095443335228, 0.016174007357809606, 0.022760170381382006, 0.005694084763463558, 0.009940384228853905, 0.0082496626694335, 0.01309224640239759, 0.004125460042912921, 0.00638960169210423, 0.01272708853623683, 0.011973265198712224, 0.0006874397759135675, 0.006166445755435679, 0.007444528063724087, 0.34855683550945626, 0.003955423287117066, 0.00199868165954431, 0.01887880426398547, 0.001334401999211865, 0.0010296130788393087, 0.008590563386404515, 0.3788518060934365, 0.0131610589299197, 0.007527714767955329, 0.015295690138499074, 0.0012798484411120636], [0.4047409712441161, 0.31516104537711453, 0.14333682438934048, 0.03056758581059793, 0.21177955810520388, 0.0903459918469971, 0.10924318420959644, 0.32450603078634965, 0.23913651082441767, 0.18481896064792902, 0.14967447011765234, 0.03694782832892951, 0.022790688449859764, 0.020452792412663956, 0.09972374970678188, 0.06277966972866167, 0.0, 0.06495737082461461, 0.0, 0.10625290644454255, 0.0, 0.19472096598164934, 1.0, 0.7087536349142288, 0.17223575429902227, 0.0, 0.8369494096836799, 0.38352978700793283, 0.015938736614683813, 0.0, 0.2678997165727377, 0.1638111779276562, 0.04367653371037694, 0.38172516331431594, 0.016777003668848267, 0.1119934634820482, 0.17488121891349784, 0.2610093504023383, 0.08958740311078384, 0.11738431578300679, 0.017420916591576296, 0.0980438720568475, 0.010849203722504641, 0.2378502271708145, 0.010695037146538966, 0.25003239832536495, 0.0017091475210585516, 0.21483569487765752, 0.005292352634135411, 0.01229937701160344, 0.07216912220009242, 0.015897318795079274, 0.001349224780492