"[[1.0, 0.9191694941733013, 0.8433897325184606, 0.7286767410080002, 0.8653338717694669, 0.7074794523760164, 0.6942696457010088, 0.7176200369986336, 0.1867257487908709, 0.9636312106771601, 0.9495391991634181, 0.7105522637522104, 0.8760551115516775, 0.7088832453433374, 0.7171431343629493, 0.9615314151305577, 0.701158731484041, 0.7292808595244349, 0.7156581754651545, 0.9529382995736057, 0.8928256044682771, 0.8443130133749764, 0.8425524702387511, 0.7117721400217483, 0.8272405037133291, 0.6877173464093014, 0.7649393374622783, 0.8165871168865901, 0.8010899187744785, 0.7924705365062861, 0.9844086603198426, 0.9739046743523461, 0.9335389777813857, 0.9435724030525667, 0.9888715093371315, 0.8964524549304772, 0.905895732869903, 0.8779828387306576, 0.9865616093126103, 0.9861365927778303, 0.9414607464797472, 0.9487408062094089, 0.9187832818218261, 0.9765956301963384, 0.8577773311828295, 0.9678030045898179, 0.9152132625662595, 0.9711335103592006, 0.9364675189663315, 0.8866832954143786, 0.9914825643185878, 0.7435302429062439, 0.7662563945314825, 0.7157318641949392, 0.7408916403161208, 0.796442076571904, 0.7981740857705271, 0.7018364131792817, 0.7128039585183629, 0.9331392690575337, 0.702361581204926, 0.690506906240795, 0.14323950954824138, 0.14323950954824138, 0.14323950954824138, 0.14323950954824138, 0.14323950954824138, 0.14323950954824138, 0.14323950954824138, 0.14323950954824138, 0.14323950954824138, 0.14323950954824138, 0.14323950954824138, 0.14323950954824138, 0.14323950954824138, 0.14323950954824138, 0.14323950954824138, 0.14323950954824138, 0.14323950954824138, 0.14323950954824138, 0.14323950954824138, 0.14323950954824138, 0.14323950954824138, 0.14323950954824138, 0.14323950954824138, 0.14323950954824138, 0.14323950954824138, 0.14323950954824138, 0.14323950954824138, 0.14323950954824138, 0.14323950954824138, 0.14323950954824138, 0.14323950954824138], [0.9191694941733013, 1.0, 0.9459821341714836, 0.8997373335368424, 0.9878829778854702, 0.8809062711254686, 0.8651944505030571, 0.8771492583182534, 0.0, 0.9764826365075234, 0.8240330603529452, 0.8915328239965297, 0.9666081625054896, 0.9061244968608251, 0.8830675674162913, 0.9819788819372626, 0.8801843379298845, 0.8879518705994712, 0.9085673135338591, 0.9885192252311387, 0.6622316473492726, 0.7217000857241228, 0.6209252053567307, 0.4264166858356193, 0.6059868755678998, 0.4829127560590938, 0.4872975811302356, 0.5802156764304515, 0.5972752044358688, 0.5582248467045222, 0.8383048725659111, 0.8701984557556212, 0.7715260857308361, 0.9528573726732471, 0.9615840182951109, 0.7106197577233152, 0.7296343035739203, 0.9654822616211394, 0.94369503928465, 0.8816316253866299, 0.9626177665389634, 0.9455398975549735, 0.9463403605027356, 0.9310309080065281, 0.9446495716698273, 0.890957171746591, 0.9777122570082133, 0.8869325606728911, 0.938898349926304, 0.96097188985058, 0.9568622069424879, 0.45776274678954243, 0.5147832598218149, 0.41877102450452663, 0.4880521797447258, 0.5600571421161538, 0.7717055154230692, 0.462887231451778, 0.43594313832589915, 0.7162663534853819, 0.3817285284804719, 0.4319057053503277, 0.2937189889379317, 0.2937189889379317, 0.2937189889379317, 0.2937189889379317, 0.2937189889379317, 0.2937189889379317, 0.2937189889379317, 0.2937189889379317, 0.2937189889379317, 0.2937189889379317, 0.2937189889379317, 0.2937189889379317, 0.2937189889379317, 0.2937189889379317, 0.2937189889379317, 0.2937189889379317, 0.2937189889379317, 0.2937189889379317, 0.2937189889379317, 0.2937189889379317, 0.2937189889379317, 0.2937189889379317, 0.2937189889379317, 0.2937189889379317, 0.2937189889379317, 0.2937189889379317, 0.2937189889379317, 0.2937189889379317, 0.2937189889379317, 0.2937189889379317, 0.2937189889379317], [0.8433897325184606, 0.9459821341714836, 1.0, 0.9350303104248592, 0.9487901070284056, 0.8647907738135594, 0.832044182801412, 0.8780670688540758, 0.23092265562048453, 0.9299899725293782, 0.8251282781252786, 0.8704570547350993, 0.9038110568568268, 0.9039013242832832, 0.8481102679347312, 0.9547093044853739, 0.8556206782007384, 0.9175955971138119, 0.9205851232789252, 0.9355329793705901, 0.6392959858710853, 0.8124129501923903, 0.44868562362382536, 0.3079656369496233, 0.470910901635087, 0.3734021186890635, 0.41776699138637685, 0.45802391628935535, 0.4568486441680435, 0.3888823900586498, 0.7694419564229672, 0.7393896854854447, 0.6225094445718512, 0.8445660357012478, 0.8739305693756378, 0.5380449823882916, 0.7518832706455146, 0.8904951757044793, 0.8356473148848121, 0.7603764571386498, 0.8544106777404922, 0.9034724085589144, 0.8809975558907913, 0.8183416210493012, 0.8640116899358399, 0.7732804736386588, 0.9530383862494393, 0.7376679248555119, 0.9569450837628424, 0.902496348698747, 0.9030089709714318, 0.31888527233642394, 0.3412910657343551, 0.32612539393277773, 0.32648812504527047, 0.3854615197796666, 0.8760512785982283, 0.45160776103069056, 0.2804740142612596, 0.6323150745855468, 0.31951377123622127, 0.2735882654305799, 0.447260997200728, 0.447260997200728, 0.447260997200728, 0.447260997200728, 0.447260997200728, 0.447260997200728, 0.447260997200728, 0.447260997200728, 0.447260997200728, 0.447260997200728, 0.447260997200728, 0.447260997200728, 0.447260997200728, 0.447260997200728, 0.447260997200728, 0.447260997200728, 0.447260997200728, 0.447260997200728, 0.447260997200728, 0.447260997200728, 0.447260997200728, 0.447260997200728, 0.447260997200728, 0.447260997200728, 0.447260997200728, 0.447260997200728, 0.447260997200728, 0.447260997200728, 0.447260997200728, 0.447260997200728, 0.447260997200728], [0.7286767410080002, 0.8997373335368424, 0.9350303104248592, 1.0, 0.9520020665342493, 0.9802833072965017, 0.96437756451692, 0.9861907036386157, 0.14436867458940794, 0.8840158764668475, 0.7151943408950485, 0.9801549041402787, 0.9415054286840233, 0.989151316298505, 0.9685468332411253, 0.8625192624996975, 0.9752083557710742, 0.9974239270510309, 0.9945684706444298, 0.8947543737733318, 0.47563398939959933, 0.675031202537077, 0.25821943398930325, 0.044638552904249784, 0.2320007195465349, 0.07725743972123811, 0.14711175358471096, 0.21064683596244982, 0.2077506556640767, 0.17194738499720308, 0.6185168221627068, 0.5975076629844028, 0.45372044126797384, 0.8431209633385245, 0.7772458797536114, 0.37525450231480073, 0.6025188392664413, 0.9297546640751656, 0.7677951082863742, 0.6713487119382208, 0.84980214732822, 0.8859241190849616, 0.9022809131655886, 0.7752880771350409, 0.9254861696299542, 0.6172567597090339, 0.9421135618707086, 0.6565843370307168, 0.8914607269647451, 0.9380033653963078, 0.8094547380874846, 0.08403889922779828, 0.12690389289458648, 0.05884191176928366, 0.08937880027061362, 0.17816245398588748, 0.8350839890206802, 0.13533457484509936, 0.04166881565623071, 0.46623739153236565, 0.06492582878407571, 0.021195584237619358, 0.2216600947401608, 0.2216600947401608, 0.2216600947401608, 0.2216600947401608, 0.2216600947401608, 0.2216600947401608, 0.2216600947401608, 0.2216600947401608, 0.2216600947401608, 0.2216600947401608, 0.2216600947401608, 0.2216600947401608, 0.2216600947401608, 0.2216600947401608, 0.2216600947401608, 0.2216600947401608, 0.2216600947401608, 0.2216600947401608, 0.2216600947401608, 0.2216600947401608, 0.2216600947401608, 0.2216600947401608, 0.2216600947401608, 0.2216600947401608, 0.2216600947401608, 0.2216600947401608, 0.2216600947401608, 0.2216600947401608, 0.2216600947401608, 0.2216600947401608, 0.2216600947401608], [0.8653338717694669, 0.9878829778854702, 0.9487901070284056, 0.9520020665342493, 1.0, 0.9421529831215745, 0.9291364292083684, 0.9379767248968839, 0.0, 0.9611575615653015, 0.7830417703203886, 0.9502390624102848, 0.9847493606937536, 0.9605258231777088, 0.9420212289781571, 0.9535334907408076, 0.9416917057707813, 0.943770042021248, 0.9612360000485919, 0.9755282736344738, 0.5875637835283816, 0.6869782590908344, 0.5071375520399493, 0.28935086352978945, 0.4810469758681022, 0.3411744513887749, 0.3581773895422522, 0.4533191291234342, 0.46851702891182323, 0.4335151749683056, 0.7669535610630364, 0.7933196897836967, 0.6760121525009116, 0.9417765386997355, 0.9162478718217113, 0.6105390550438738, 0.6735204232818399, 0.9816170725270147, 0.9040280493779529, 0.8266313121227982, 0.951253823053425, 0.9404108697125229, 0.9533773435179966, 0.899502321132775, 0.9678030011387787, 0.8133166762895173, 0.9832000896910342, 0.8308676293236561, 0.927730329543678, 0.9779881169948105, 0.9187722822437188, 0.32775535861836436, 0.38861941655514864, 0.28439955131728323, 0.355272513374601, 0.437833978450352, 0.7829671367850867, 0.33025714383281835, 0.30156530143332905, 0.6302486195770992, 0.25612558153629883, 0.2930193440616835, 0.25170150869811847, 0.25170150869811847, 0.25170150869811847, 0.25170150869811847, 0.25170150869811847, 0.25170150869811847, 0.25170150869811847, 0.25170150869811847, 0.25170150869811847, 0.25170150869811847, 0.25170150869811847, 0.25170150869811847, 0.25170150869811847, 0.25170150869811847, 0.25170150869811847, 0.25170150869811847, 0.25170150869811847, 0.25170150869811847, 0.25170150869811847, 0.25170150869811847, 0.25170150869811847, 0.25170150869811847, 0.25170150869811847, 0.25170150869811847, 0.25170150869811847, 0.25170150869811847, 0.25170150869811847, 0.25170150869811847, 0.25170150869811847, 0.25170150869811847, 0.25170150869811847], [0.7074794523760164, 0.8809062711254686, 0.8647907738135594, 0.9802833072965017, 0.9421529831215745, 1.0, 0.9976152778595087, 0.9974246272960267, 0.0331876240643022, 0.8678006865288116, 0.6695777938912546, 0.9990165482791722, 0.9566437016151756, 0.9899614465860831, 0.9982506555956887, 0.8210004460256503, 0.9994367986878592, 0.9865597758690545, 0.985776267233005, 0.8811300939154624, 0.4310890325453668, 0.5846099702961036, 0.2646561909846725, 0.011003828118033243, 0.20594397055943992, 0.02093042532469247, 0.08925821519250599, 0.17787900401635737, 0.1789938166001025, 0.16965014500208409, 0.5877243693291869, 0.5913968186665933, 0.45140036922005256, 0.8689163278707429, 0.7626167764847749, 0.3875840182516046, 0.539489992153654, 0.9506683105701328, 0.7734466185721823, 0.6804444418880238, 0.8733376298374235, 0.8800232159299893, 0.9176219782593431, 0.7922800736306042, 0.9571988467827767, 0.5982555171252872, 0.9259966998901127, 0.6783195353150896, 0.843376974627621, 0.9519235663802867, 0.7828683021648565, 0.06854171527386521, 0.12930141230023007, 0.014296499122299577, 0.07924063203882481, 0.18163607928477798, 0.7660209229614869, 0.03470783281187795, 0.03118750445269447, 0.44360692871746765, 0.01508849570398485, 0.005614585978023334, 0.06051726191973428, 0.06051726191973428, 0.06051726191973428, 0.06051726191973428, 0.06051726191973428, 0.06051726191973428, 0.06051726191973428, 0.06051726191973428, 0.06051726191973428, 0.06051726191973428, 0.06051726191973428, 0.06051726191973428, 0.06051726191973428, 0.06051726191973428, 0.06051726191973428, 0.06051726191973428, 0.06051726191973428, 0.06051726191973428, 0.06051726191973428, 0.06051726191973428, 0.06051726191973428, 0.06051726191973428, 0.06051726191973428, 0.06051726191973428, 0.06051726191973428, 0.06051726191973428, 0.06051726191973428, 0.06051726191973428, 0.06051726191973428, 0.06051726191973428, 0.06051726191973428], [0.6942696457010088, 0.8651944505030571, 0.832044182801412, 0.96437756451692, 0.9291364292083684, 0.9976152778595087, 1.0, 0.992518618707564, 0.0, 0.8545831003878828, 0.6501320960115033, 0.9960445015018512, 0.9530153856954034, 0.9803662318220864, 0.999322147224509, 0.7987951450175499, 0.9984536994508355, 0.9740650022863083, 0.9729975253290812, 0.868238794855316, 0.41480716105939963, 0.5509363381199354, 0.26476441376289406, 0.0, 0.19500221271701046, 0.0, 0.06967232283837055, 0.16516666643683853, 0.16673971031537338, 0.16733203752479786, 0.5729623413148657, 0.5836293695028159, 0.446528083997467, 0.8701511973681805, 0.750292746059238, 0.3885105078615154, 0.5156941424911213, 0.9490129695382633, 0.7685325548551438, 0.678185393580008, 0.8734718892036866, 0.8710713077067463, 0.9153741612083793, 0.7915014005523145, 0.9594869565716256, 0.5853930059558047, 0.9121435449827784, 0.6797923182738764, 0.8200523650828505, 0.9482651606503224, 0.7668808563663086, 0.06355952996664793, 0.12923057982093167, 0.0, 0.07504471648969402, 0.18134337611857876, 0.7379978572934008, 0.0, 0.027758435982703666, 0.43374136528972584, 0.0, 0.0, 0.0, 0.0, 0.0, 0.0, 0.0, 0.0, 0.0, 0.0, 0.0, 0.0, 0.0, 0.0, 0.0, 0.0, 0.0, 0.0, 0.0, 0.0, 0.0, 0.0, 0.0, 0.0, 0.0, 0.0, 0.0, 0.0, 0.0, 0.0, 0.0, 0.0, 0.0], [0.7176200369986336, 0.8771492583182534, 0.8780670688540758, 0.9861907036386157, 0.9379767248968839, 0.9974246272960267, 0.992518618707564, 1.0, 0.10474063255712729, 0.8754228741740664, 0.7007945877521307, 0.9941363694071431, 0.9539796978790728, 0.9854029627967797, 0.9932056054214309, 0.8287888686073575, 0.9944715302777356, 0.9938071373657383, 0.9842306689453686, 0.8845317525083882, 0.46621158709464106, 0.6302152927915469, 0.26443473233286796, 0.022853380339560525, 0.21015538973588854, 0.021698858512529617, 0.1111549787196664, 0.18598618003820355, 0.17860849300029813, 0.16889706717231967, 0.6051548082807207, 0.5906509772388778, 0.45177340184763903, 0.866292945990081, 0.7642111161584586, 0.3856039126160855, 0.5782815999880332, 0.9459753765542575, 0.7744869806125837, 0.6853453913051618, 0.8689573863530501, 0.8920603211160162, 0.9225093477682709, 0.7939943929074875, 0.9523086688043942, 0.5957954510783952, 0.9328614332179284, 0.6748603114206945, 0.8640946295925345, 0.9523732124525776, 0.79276791988688, 0.07862595072697409, 0.1294599224934525, 0.03291543164626187, 0.08010709195448473, 0.1807384570880518, 0.8069821775033307, 0.0596163254338683, 0.0356920897208558, 0.4648966771182106, 0.04363868010437211, 0.0058207181580697265, 0.0627390740317556, 0.0627390740317556, 0.0627390740317556, 0.0627390740317556, 0.0627390740317556, 0.0627390740317556, 0.0627390740317556, 0.0627390740317556, 0.0627390740317556, 0.0627390740317556, 0.0627390740317556, 0.0627390740317556, 0.0627390740317556, 0.0627390740317556, 0.0627390740317556, 0.0627390740317556, 0.0627390740317556, 0.0627390740317556, 0.0627390740317556, 0.0627390740317556, 0.0627390740317556, 0.0627390740317556, 0.0627390740317556, 0.0627390740317556, 0.0627390740317556, 0.0627390740317556, 0.0627390740317556, 0.0627390740317556, 0.0627390740317556, 0.0627390740317556, 0.0627390740317556], [0.1867257487908709, 0.0, 0.23092265562048453, 0.14436867458940794, 0.0, 0.0331876240643022, 0.0, 0.10474063255712729, 1.0, 0.16233297362651555, 0.4799837787217536, 0.0, 0.02810202247979654, 0.0, 0.0, 0.1560318742076865, 0.0, 0.16589037974904297, 0.040649937802353264, 0.10346935773484822, 0.5204069828414509, 0.6700650826746432, 0.01576391188111048, 0.16273023841003087, 0.06805321982542556, 0.0, 0.3060612976942044, 0.12039310000700998, 0.0, 0.0, 0.2809216104090342, 0.02690638413230484, 0.034561384929923666, 0.025316645954332362, 0.06966952284218153, 0.0, 0.5758355040485137, 0.0, 0.06696011201799013, 0.11680052853236478, 0.0, 0.22850409882397327, 0.13350549203059647, 0.08033669380039832, 0.0, 0.0, 0.15533126780802586, 0.0, 0.3407862339066181, 0.07201713832064438, 0.18702109503045228, 0.14530120514766565, 0.011420266286355618, 0.25725693211803613, 0.015473463771420448, 0.0, 0.6203085592667631, 0.33602594734866087, 0.06423209235836769, 0.32843315459028277, 0.39804367467110313, 0.0, 0.0, 0.0, 0.0, 0.0, 0.0, 0.0, 0.0, 0.0, 0.0, 0.0, 0.0, 0.0, 0.0, 0.0, 0.0, 0.0, 0.0, 0.0, 0.0, 0.0, 0.0, 0.0, 0.0, 0.0, 0.0, 0.0, 0.0, 0.0, 0.0, 0.0, 0.0], [0.9636312106771601, 0.9764826365075234, 0.9299899725293782, 0.8840158764668475, 0.9611575615653015, 0.8678006865288116, 0.8545831003878828, 0.8754228741740664, 0.16233297362651555, 1.0, 0.918600714159107, 0.8699727282890398, 0.9674981235844691, 0.8699579053792014, 0.8713918547536182, 0.9869190441515265, 0.8623262353059834, 0.8844403049729286, 0.8751550976758122, 0.9976123792144228, 0.7864602037986056, 0.823758830283905, 0.6777081394947794, 0.4988418852887708, 0.652395548803143, 0.49322553318830065, 0.5709012642063671, 0.6355513542267466, 0.6251886541314892, 0.6088404066823374, 0.9081899807106395, 0.8978476787221434, 0.8147366797284966, 0.9768443415469084, 0.9765913652610586, 0.7610024204860888, 0.8419470885250915, 0.9652012910614461, 0.9740187337654727, 0.9363134578651778, 0.9778783011350183, 0.9914469641972992, 0.9807667143472764, 0.9715113961330789, 0.9511343793009421, 0.8998489840944232, 0.9895324174367164, 0.9227809152209236, 0.9788744168201039, 0.9729413660630769, 0.9885165567117726, 0.5384054007109547, 0.5739179414481039, 0.5049824824234261, 0.5402882835459805, 0.6147341752154079, 0.8576054864434296, 0.5173102638816583, 0.5021236264091966, 0.8146106285981879, 0.49652174253712067, 0.47868070753350733, 0.16306229605108147, 0.16306229605108147, 0.16306229605108147, 0.16306229605108147, 0.16306229605108147, 0.16306229605108147, 0.16306229605108147, 0.16306229605108147, 0.16306229605108147, 0.16306229605108147, 0.16306229605108147, 0.16306229605108147, 0.16306229605108147, 0.16306229605108147, 0.16306229605108147, 0.16306229605108147, 0.16306229605108147, 0.16306229605108147, 0.16306229605108147, 0.16306229605108147, 0.16306229605108147, 0.16306229605108147, 0.16306229605108147, 0.16306229605108147, 0.16306229605108147, 0.16306229605108147, 0.16306229605108147, 0.16306229605108147, 0.16306229605108147, 0.16306229605108147, 0.16306229605108147], [0.9495391991634181, 0.8240330603529452, 0.8251282781252786, 0.7151943408950485, 0.7830417703203886, 0.6695777938912546, 0.6501320960115033, 0.7007945877521307, 0.4799837787217536, 0.918600714159107, 1.0, 0.6604204009073686, 0.809161574332885, 0.6538760905471073, 0.668855720647113, 0.9058659699139043, 0.6537808139021611, 0.725778234712057, 0.6711102807915934, 0.8902823987046602, 0.9546462374419113, 0.9601940089859335, 0.7418554305436998, 0.6585885913192814, 0.7357161451310485, 0.5760134173719623, 0.7512735275520237, 0.7417119687399074, 0.6877120141830853, 0.6867691394548343, 0.9608410735769031, 0.8702160385533837, 0.8327675276739245, 0.8647982361303079, 0.9036096093609438, 0.7898212374498835, 0.9853122045785946, 0.8022813515371815, 0.9064631064944256, 0.9199962585813605, 0.8538134192174986, 0.9320584225430794, 0.880646971247413, 0.9063833731012242, 0.7880663206102807, 0.8526064175765299, 0.8773722645170429, 0.8697612480912615, 0.9478589485225352, 0.832989053601965, 0.9444267275805136, 0.6871475674847506, 0.667610251762755, 0.6921233887459941, 0.6416913862695269, 0.6922300379755588, 0.9173050742592626, 0.693922670351481, 0.6322250254134596, 0.928829086832776, 0.7282074080221848, 0.5882918041363204, 0.08372092387281238, 0.08372092387281238, 0.08372092387281238, 0.08372092387281238, 0.08372092387281238, 0.08372092387281238, 0.08372092387281238, 0.08372092387281238, 0.08372092387281238, 0.08372092387281238, 0.08372092387281238, 0.08372092387281238, 0.08372092387281238, 0.08372092387281238, 0.08372092387281238, 0.08372092387281238, 0.08372092387281238, 0.08372092387281238, 0.08372092387281238, 0.08372092387281238, 0.08372092387281238, 0.08372092387281238, 0.08372092387281238, 0.08372092387281238, 0.08372092387281238, 0.08372092387281238, 0.08372092387281238, 0.08372092387281238, 0.08372092387281238, 0.08372092387281238, 0.08372092387281238], [0.7105522637522104, 0.8915328239965297, 0.8704570547350993, 0.9801549041402787, 0.9502390624102848, 0.9990165482791722, 0.9960445015018512, 0.9941363694071431, 0.0, 0.8699727282890398, 0.6604204009073686, 1.0, 0.9592189981441329, 0.9939117904305569, 0.9975631887345404, 0.8278646618471958, 0.9994162478788469, 0.9838086313946585, 0.9892250349591045, 0.8858172979558685, 0.42015912866602134, 0.5715947309454094, 0.2727502240163703, 0.0173841230101488, 0.2166447114227419, 0.03935071648621358, 0.09217592336363423, 0.18687745527319854, 0.1935802637949482, 0.17986438478472722, 0.5877681405849683, 0.6008851984012374, 0.4600994596094532, 0.8713199377123881, 0.7704375922644382, 0.39560642561427806, 0.528163336912307, 0.9538708330902201, 0.778018808656452, 0.6823002378059987, 0.8774135472417739, 0.876694830266505, 0.9153118324856087, 0.7940467362885854, 0.9583313473655493, 0.611163963939268, 0.9275410338959919, 0.6841909381792846, 0.8409315348652734, 0.952512745883768, 0.7862620166965758, 0.07301295114798656, 0.13800886217022423, 0.017417592641485458, 0.08970772579524844, 0.1908974775721991, 0.7505477766714719, 0.04242879921624376, 0.038982827747197746, 0.4398864239603777, 0.011332133751999596, 0.017526010439018358, 0.08836051042856796, 0.08836051042856796, 0.08836051042856796, 0.08836051042856796, 0.08836051042856796, 0.08836051042856796, 0.08836051042856796, 0.08836051042856796, 0.08836051042856796, 0.08836051042856796, 0.08836051042856796, 0.08836051042856796, 0.08836051042856796, 0.08836051042856796, 0.08836051042856796, 0.08836051042856796, 0.08836051042856796, 0.08836051042856796, 0.08836051042856796, 0.08836051042856796, 0.08836051042856796, 0.08836051042856796, 0.08836051042856796, 0.08836051042856796, 0.08836051042856796, 0.08836051042856796, 0.08836051042856796, 0.08836051042856796, 0.08836051042856796, 0.08836051042856796, 0.08836051042856796], [0.8760551115516775, 0.9666081625054896, 0.9038110568568268, 0.9415054286840233, 0.9847493606937536, 0.9566437016151756, 0.9530153856954034, 0.9539796978790728, 0.02810202247979654, 0.9674981235844691, 0.809161574332885, 0.9592189981441329, 1.0, 0.9504926469013866, 0.9627851705609615, 0.9334292813961632, 0.9561055438967901, 0.9455937006819474, 0.9470772931660817, 0.9755151735018459, 0.626567439561696, 0.6919718545501977, 0.5326000948388083, 0.2972694699223667, 0.4807231472684438, 0.3007106783157367, 0.3597057801600224, 0.45386983816854864, 0.4557269113372324, 0.4489944431352455, 0.7842278671342384, 0.8003588597508009, 0.6914915618338081, 0.9728096451149226, 0.9152234988940616, 0.6376847235212275, 0.6975949868305702, 0.9992794125682536, 0.9238346376722545, 0.8601776991322785, 0.976070679178962, 0.9663341434943424, 0.9863527642467906, 0.9324089580561854, 0.9961782409232034, 0.8023782414717546, 0.9853508533722737, 0.8609065894019445, 0.925446634216003, 0.9986517512917271, 0.9211132115470847, 0.35162928931292914, 0.4112541346288767, 0.29413776073719045, 0.36597280578387337, 0.4592008155099714, 0.7964737541348397, 0.2903146974720372, 0.3195510610417933, 0.6661061622016811, 0.27982634126091566, 0.2965922579154586, 0.08209812035700659, 0.08209812035700659, 0.08209812035700659, 0.08209812035700659, 0.08209812035700659, 0.08209812035700659, 0.08209812035700659, 0.08209812035700659, 0.08209812035700659, 0.08209812035700659, 0.08209812035700659, 0.08209812035700659, 0.08209812035700659, 0.08209812035700659, 0.08209812035700659, 0.08209812035700659, 0.08209812035700659, 0.08209812035700659, 0.08209812035700659, 0.08209812035700659, 0.08209812035700659, 0.08209812035700659, 0.08209812035700659, 0.08209812035700659, 0.08209812035700659, 0.08209812035700659, 0.08209812035700659, 0.08209812035700659, 0.08209812035700659, 0.08209812035700659, 0.08209812035700659], [0.7088832453433374, 0.9061244968608251, 0.9039013242832832, 0.989151316298505, 0.9605258231777088, 0.9899614465860831, 0.9803662318220864, 0.9854029627967797, 0.0, 0.8699579053792014, 0.6538760905471073, 0.9939117904305569, 0.9504926469013866, 1.0, 0.9839753616071057, 0.8447981285750816, 0.989811755591131, 0.9852824796166876, 0.9986959668731608, 0.888753736423731, 0.4066629334206209, 0.5816617907818777, 0.2595660906413122, 0.01825707903662266, 0.22098164911251583, 0.06819827172864767, 0.09956676458035874, 0.1916093541456646, 0.2046895300366871, 0.17290004864255692, 0.5838867374392185, 0.5991048225666191, 0.4533688569722477, 0.8530668504793196, 0.7740135860961105, 0.3808825826154789, 0.524842236597775, 0.9431479552103719, 0.7681858609881337, 0.664870058780811, 0.8626719484156847, 0.865196009541001, 0.8974019171311619, 0.7759612455413765, 0.9406486120965665, 0.6203584955368561, 0.929663511117613, 0.666928751085511, 0.8494715896130217, 0.9411480011552121, 0.7896515615428372, 0.0633267676234821, 0.1266932965752302, 0.018763927642079792, 0.08615286190458271, 0.18014572359069492, 0.7534731609834786, 0.07675303725211013, 0.031656345032325284, 0.42522538787445563, 0.006120358906341883, 0.01829418438627539, 0.19718532273717349, 0.19718532273717349, 0.19718532273717349, 0.19718532273717349, 0.19718532273717349, 0.19718532273717349, 0.19718532273717349, 0.19718532273717349, 0.19718532273717349, 0.19718532273717349, 0.19718532273717349, 0.19718532273717349, 0.19718532273717349, 0.19718532273717349, 0.19718532273717349, 0.19718532273717349, 0.19718532273717349, 0.19718532273717349, 0.19718532273717349, 0.19718532273717349, 0.19718532273717349, 0.19718532273717349, 0.19718532273717349, 0.19718532273717349, 0.19718532273717349, 0.19718532273717349, 0.19718532273717349, 0.19718532273717349, 0.19718532273717349, 0.19718532273717349, 0.19718532273717349], [0.7171431343629493, 0.8830675674162913, 0.8481102679347312, 0.9685468332411253, 0.9420212289781571, 0.9982506555956887, 0.999322147224509, 0.9932056054214309, 0.0, 0.8713918547536182, 0.668855720647113, 0.9975631887345404, 0.9627851705609615, 0.9839753616071057, 1.0, 0.819603353339391, 0.9989817109906269, 0.9767397387365718, 0.9772623394343953, 0.8850591118925856, 0.43673697325847183, 0.5685395844070761, 0.2932766812561891, 0.031238022211931393, 0.2269126758633372, 0.03541701850279855, 0.10091812594195226, 0.19710035077341304, 0.19983156255205814, 0.197499242722461, 0.5976767874861165, 0.6100001322850043, 0.4744427125832671, 0.8842060560728273, 0.7726934563390755, 0.4156670577669874, 0.5361159603820886, 0.9589536837758511, 0.7884354740796106, 0.6993162447899142, 0.8880341734488905, 0.8845409742351608, 0.926056301154972, 0.8089939019667901, 0.9672208394309036, 0.6131873571473149, 0.9253596249865982, 0.70120882922378, 0.8363314292626252, 0.9579224294989448, 0.787873198633792, 0.09300853426586797, 0.15864902023634664, 0.030678630476466573, 0.10598596129807336, 0.21074212578592555, 0.7472755464508495, 0.03395798207668088, 0.05790497020149421, 0.45841531966326055, 0.027955638865169607, 0.03163996383773826, 0.021673386725410526, 0.021673386725410526, 0.021673386725410526, 0.021673386725410526, 0.021673386725410526, 0.021673386725410526, 0.021673386725410526, 0.021673386725410526, 0.021673386725410526, 0.021673386725410526, 0.021673386725410526, 0.021673386725410526, 0.021673386725410526, 0.021673386725410526, 0.021673386725410526, 0.021673386725410526, 0.021673386725410526, 0.021673386725410526, 0.021673386725410526, 0.021673386725410526, 0.021673386725410526, 0.021673386725410526, 0.021673386725410526, 0.021673386725410526, 0.021673386725410526, 0.021673386725410526, 0.021673386725410526, 0.021673386725410526, 0.021673386725410526, 0.021673386725410526, 0.021673386725410526], [0.9615314151305577, 0.9819788819372626, 0.9547093044853739, 0.8625192624996975, 0.9535334907408076, 0.8210004460256503, 0.7987951450175499, 0.8287888686073575, 0.1560318742076865, 0.9869190441515265, 0.9058659699139043, 0.8278646618471958, 0.9334292813961632, 0.8447981285750816, 0.819603353339391, 1.0, 0.814950322103577, 0.8521002087478275, 0.8546467992982435, 0.9877848027434828, 0.7779882586602217, 0.831191554114929, 0.6860235935018484, 0.5353051411717983, 0.6869743950138062, 0.5675882058942019, 0.6113419881939737, 0.6713851012347908, 0.6703689067842769, 0.6299129267992035, 0.9096133936251446, 0.9048138702953192, 0.8228787004834438, 0.9399750631738276, 0.9785986413688068, 0.761485907545049, 0.8392613239545855, 0.9293742716547677, 0.9571144662702614, 0.9151899825606042, 0.9456540220857772, 0.9603040263209074, 0.9379921486595857, 0.9414179785008201, 0.9043817946451234, 0.9211334479495087, 0.9726095670837538, 0.902859658497905, 0.9751137329718665, 0.9356231210016118, 0.9873111376103293, 0.5584570809956957, 0.5904799474772394, 0.5407380368817224, 0.5694873704797996, 0.6300583097877912, 0.8405253107529054, 0.5941145091202775, 0.5275265571212612, 0.8085199088959448, 0.5207093519895833, 0.5165190346839921, 0.31283434994130055, 0.31283434994130055, 0.31283434994130055, 0.31283434994130055, 0.31283434994130055, 0.31283434994130055, 0.31283434994130055, 0.31283434994130055, 0.31283434994130055, 0.31283434994130055, 0.31283434994130055, 0.31283434994130055, 0.31283434994130055, 0.31283434994130055, 0.31283434994130055, 0.31283434994130055, 0.31283434994130055, 0.31283434994130055, 0.31283434994130055, 0.31283434994130055, 0.31283434994130055, 0.31283434994130055, 0.31283434994130055, 0.31283434994130055, 0.31283434994130055, 0.31283434994130055, 0.31283434994130055, 0.31283434994130055, 0.31283434994130055, 0.31283434994130055, 0.31283434994130055], [0.701158731484041, 0.8801843379298845, 0.8556206782007384, 0.9752083557710742, 0.9416917057707813, 0.9994367986878592, 0.9984536994508355, 0.9944715302777356, 0.0, 0.8623262353059834, 0.6537808139021611, 0.9994162478788469, 0.9561055438967901, 0.989811755591131, 0.9989817109906269, 0.814950322103577, 1.0, 0.9811127065490806, 0.9841233842678848, 0.8774854848922076, 0.4141657445184561, 0.5617958863800486, 0.2643550084044932, 0.005146959021891551, 0.20310404504291601, 0.01922617025686657, 0.07837794505820195, 0.17328008952795038, 0.17810345022913354, 0.16956919665313586, 0.5783275155387987, 0.5903201068898032, 0.450237703306402, 0.8688056820938339, 0.7599727699936552, 0.38790975384985305, 0.520330119502718, 0.9511449227493688, 0.771500315123806, 0.6771367151334798, 0.8739112927680658, 0.8728894704653982, 0.9139587176402119, 0.7902775015019761, 0.9580033013637628, 0.5975853272960439, 0.9207210300291863, 0.678877409905496, 0.831617108632308, 0.9500411315194639, 0.7763591884108915, 0.06374743486063328, 0.12903075050438573, 0.00528984765141205, 0.0784756142090769, 0.18172907576679276, 0.7453042927915496, 0.021637893813675868, 0.028968040112336668, 0.4330706707783829, 0.0017254258705360348, 0.005157419606181768, 0.055589657787582514, 0.055589657787582514, 0.055589657787582514, 0.055589657787582514, 0.055589657787582514, 0.055589657787582514, 0.055589657787582514, 0.055589657787582514, 0.055589657787582514, 0.055589657787582514, 0.055589657787582514, 0.055589657787582514, 0.055589657787582514, 0.055589657787582514, 0.055589657787582514, 0.055589657787582514, 0.055589657787582514, 0.055589657787582514, 0.055589657787582514, 0.055589657787582514, 0.055589657787582514, 0.055589657787582514, 0.055589657787582514, 0.055589657787582514, 0.055589657787582514, 0.055589657787582514, 0.055589657787582514, 0.055589657787582514, 0.055589657787582514, 0.055589657787582514, 0.055589657787582514], [0.7292808595244349, 0.8879518705994712, 0.9175955971138119, 0.9974239270510309, 0.943770042021248, 0.9865597758690545, 0.9740650022863083, 0.9938071373657383, 0.16589037974904297, 0.8844403049729286, 0.725778234712057, 0.9838086313946585, 0.9455937006819474, 0.9852824796166876, 0.9767397387365718, 0.8521002087478275, 0.9811127065490806, 1.0, 0.9894680506964303, 0.8921973192858863, 0.4903796502933232, 0.680223239979746, 0.2605128306255744, 0.041242496873174495, 0.22449526188837032, 0.053219284122534405, 0.14303393783919993, 0.2040205631241685, 0.19458457348667246, 0.1699011074660154, 0.6220083343818996, 0.5939749331861767, 0.45286050318174687, 0.8517836160652069, 0.7723977900761362, 0.3784344887283818, 0.6128851760922381, 0.9343637271611344, 0.7712131749759485, 0.6799727409811743, 0.8557733820938783, 0.8951479110089627, 0.9137812112018061, 0.7843008981809372, 0.9346026645466236, 0.6064656088709004, 0.9419023127800562, 0.6625390683468383, 0.89083946293015, 0.9445936801313263, 0.8075358898702975, 0.0868073700314439, 0.12777349733981558, 0.05731909096704901, 0.08548348865156274, 0.17848407447924086, 0.8451446162822428, 0.11563856309269072, 0.041161083076646565, 0.47697618470976155, 0.07080770687500415, 0.01427607140129683, 0.15387577206205205, 0.15387577206205205, 0.15387577206205205, 0.15387577206205205, 0.15387577206205205, 0.15387577206205205, 0.15387577206205205, 0.15387577206205205, 0.15387577206205205, 0.15387577206205205, 0.15387577206205205, 0.15387577206205205, 0.15387577206205205, 0.15387577206205205, 0.15387577206205205, 0.15387577206205205, 0.15387577206205205, 0.15387577206205205, 0.15387577206205205, 0.15387577206205205, 0.15387577206205205, 0.15387577206205205, 0.15387577206205205, 0.15387577206205205, 0.15387577206205205, 0.15387577206205205, 0.15387577206205205, 0.15387577206205205, 0.15387577206205205, 0.15387577206205205, 0.15387577206205205], [0.7156581754651545, 0.9085673135338591, 0.9205851232789252, 0.9945684706444298, 0.9612360000485919, 0.985776267233005, 0.9729975253290812, 0.9842306689453686, 0.040649937802353264, 0.8751550976758122, 0.6711102807915934, 0.9892250349591045, 0.9470772931660817, 0.9986959668731608, 0.9772623394343953, 0.8546467992982435, 0.9841233842678848, 0.9894680506964303, 1.0, 0.8922809361401693, 0.4247608526839928, 0.6111652579290151, 0.2582559214239897, 0.02765178990584194, 0.22684952961541915, 0.0785818191291815, 0.11625460379953867, 0.19980604062649543, 0.20973737724391162, 0.17301500028863637, 0.5944602712762649, 0.5999988609603358, 0.4538598110720474, 0.8476840817847844, 0.7771714680006999, 0.37801976271359905, 0.5473843486404738, 0.9380989049173882, 0.767489317525166, 0.6646206438877994, 0.8572023511791229, 0.8697754055967266, 0.8960837835532528, 0.7733945856381368, 0.9335784343297234, 0.6231185285812751, 0.9346506186380348, 0.6619931486752649, 0.8642124555337524, 0.9388390722599463, 0.7973624691709789, 0.06891946311997899, 0.12620526747683547, 0.03207831311082521, 0.08814448316532375, 0.17916920646335754, 0.7778129027339213, 0.10209852678801923, 0.03473928862501208, 0.43538006236608595, 0.02323266652308187, 0.021079570671206693, 0.22720783054320215, 0.22720783054320215, 0.22720783054320215, 0.22720783054320215, 0.22720783054320215, 0.22720783054320215, 0.22720783054320215, 0.22720783054320215, 0.22720783054320215, 0.22720783054320215, 0.22720783054320215, 0.22720783054320215, 0.22720783054320215, 0.22720783054320215, 0.22720783054320215, 0.22720783054320215, 0.22720783054320215, 0.22720783054320215, 0.22720783054320215, 0.22720783054320215, 0.22720783054320215, 0.22720783054320215, 0.22720783054320215, 0.22720783054320215, 0.22720783054320215, 0.22720783054320215, 0.22720783054320215, 0.22720783054320215, 0.22720783054320215, 0.22720783054320215, 0.22720783054320215], [0.9529382995736057, 0.9885192252311387, 0.9355329793705901, 0.8947543737733318, 0.9755282736344738, 0.8811300939154624, 0.868238794855316, 0.8845317525083882, 0.10346935773484822, 0.9976123792144228, 0.8902823987046602, 0.8858172979558685, 0.9755151735018459, 0.888753736423731, 0.8850591118925856, 0.9877848027434828, 0.8774854848922076, 0.8921973192858863, 0.8922809361401693, 1.0, 0.7471036594794169, 0.7889308624554989, 0.6618096295801329, 0.47286677720746073, 0.636564246312421, 0.48462457131083336, 0.5401399025980932, 0.616204002574665, 0.6146250007144426, 0.5933718612676291, 0.8878798622701394, 0.8925589613516817, 0.8038033550134186, 0.9777499915423669, 0.9759820150355557, 0.7485455488806679, 0.8056910902468803, 0.9739895161401501, 0.9704420149801032, 0.9247131674715563, 0.9813246514143086, 0.9831445060896802, 0.9780864739011051, 0.9659120252878943, 0.9588056177653411, 0.8993511292006662, 0.9913337575487285, 0.9179937567179638, 0.9686800298678284, 0.9773977239202026, 0.9819997112644787, 0.5118292895609591, 0.555896812156833, 0.4739121454006512, 0.5229717945578046, 0.5985836769354328, 0.8311372010373118, 0.49167376387868045, 0.4801153563321544, 0.7850269843807425, 0.4562692348132661, 0.46203192024995265, 0.19048953678840053, 0.19048953678840053, 0.19048953678840053, 0.19048953678840053, 0.19048953678840053, 0.19048953678840053, 0.19048953678840053, 0.19048953678840053, 0.19048953678840053, 0.19048953678840053, 0.19048953678840053, 0.19048953678840053, 0.19048953678840053, 0.19048953678840053, 0.19048953678840053, 0.19048953678840053, 0.19048953678840053, 0.19048953678840053, 0.19048953678840053, 0.19048953678840053, 0.19048953678840053, 0.19048953678840053, 0.19048953678840053, 0.19048953678840053, 0.19048953678840053, 0.19048953678840053, 0.19048953678840053, 0.19048953678840053, 0.19048953678840053, 0.19048953678840053, 0.19048953678840053], [0.8928256044682771, 0.6622316473492726, 0.6392959858710853, 0.47563398939959933, 0.5875637835283816, 0.4310890325453668, 0.41480716105939963, 0.46621158709464106, 0.5204069828414509, 0.7864602037986056, 0.9546462374419113, 0.42015912866602134, 0.626567439561696, 0.4066629334206209, 0.43673697325847183, 0.7779882586602217, 0.4141657445184561, 0.4903796502933232, 0.4247608526839928, 0.7471036594794169, 1.0, 0.9136133407501262, 0.837696078906159, 0.8178862949317394, 0.8378408505495998, 0.7003362470759773, 0.886902376171074, 0.8531158814957845, 0.7883821462091595, 0.8045223434466686, 0.9523774587502564, 0.8532128150334213, 0.8679456156034341, 0.7414483397284405, 0.816100936776578, 0.8489221163594535, 0.9814500694931285, 0.6239331213190022, 0.8252810363739983, 0.8836495176678673, 0.724929446565163, 0.8019552030870515, 0.7326813876457193, 0.8223447825095155, 0.6083022773818986, 0.8218513196931773, 0.7085278866026248, 0.8293922347579014, 0.8142813344819027, 0.6574714170403457, 0.8507303089975647, 0.8389231862427653, 0.7996400759957785, 0.8516502432902296, 0.7818609331011298, 0.8091917064550933, 0.7915854090898896, 0.8150249955192125, 0.7893208201982673, 0.9771019420405995, 0.8914741598402735, 0.7431798264279494, 0.0, 0.0, 0.0, 0.0, 0.0, 0.0, 0.0, 0.0, 0.0, 0.0, 0.0, 0.0, 0.0, 0.0, 0.0, 0.0, 0.0, 0.0, 0.0, 0.0, 0.0, 0.0, 0.0, 0.0, 0.0, 0.0, 0.0, 0.0, 0.0, 0.0, 0.0], [0.8443130133749764, 0.7217000857241228, 0.8124129501923903, 0.675031202537077, 0.6869782590908344, 0.5846099702961036, 0.5509363381199354, 0.6302152927915469, 0.6700650826746432, 0.823758830283905, 0.9601940089859335, 0.5715947309454094, 0.6919718545501977, 0.5816617907818777, 0.5685395844070761, 0.831191554114929, 0.5617958863800486, 0.680223239979746, 0.6111652579290151, 0.7889308624554989, 0.9136133407501262, 1.0, 0.590953364352253, 0.5712399333348395, 0.620533265293629, 0.49571553384070177, 0.6987458124923128, 0.6392853444292077, 0.5701582017740957, 0.545496374897618, 0.8708521441027687, 0.7288778081420634, 0.6871992157016305, 0.7181483424311669, 0.7840728048949719, 0.6293054114307737, 0.9730441860966104, 0.6755235556775557, 0.7688005471125485, 0.7788792925669203, 0.7069473943392048, 0.8392578272333079, 0.7649429760033158, 0.7629383226800144, 0.655591905953494, 0.7217580834801965, 0.7950083730125546, 0.7055551827454282, 0.9079648520710761, 0.7198226563761556, 0.8510585177375273, 0.5784163956725079, 0.5257045095318298, 0.625805091942161, 0.5135725843455815, 0.5455911627407498, 0.9524548638147614, 0.6936783196520568, 0.5125233866996127, 0.837162971322335, 0.6864407129272233, 0.4682651685832344, 0.21067698360465337, 0.21067698360465337, 0.21067698360465337, 0.21067698360465337, 0.21067698360465337, 0.21067698360465337, 0.21067698360465337, 0.21067698360465337, 0.21067698360465337, 0.21067698360465337, 0.21067698360465337, 0.21067698360465337, 0.21067698360465337, 0.21067698360465337, 0.21067698360465337, 0.21067698360465337, 0.21067698360465337, 0.21067698360465337, 0.21067698360465337, 0.21067698360465337, 0.21067698360465337, 0.21067698360465337, 0.21067698360465337, 0.21067698360465337, 0.21067698360465337, 0.21067698360465337, 0.21067698360465337, 0.21067698360465337, 0.21067698360465337, 0.21067698360465337, 0.21067698360465337], [0.8425524702387511, 0.6209252053567307, 0.44868562362382536, 0.25821943398930325, 0.5071375520399493, 0.2646561909846725, 0.26476441376289406, 0.26443473233286796, 0.01576391188111048, 0.6777081394947794, 0.7418554305436998, 0.2727502240163703, 0.5326000948388083, 0.2595660906413122, 0.2932766812561891, 0.6860235935018484, 0.2643550084044932, 0.2605128306255744, 0.2582559214239897, 0.6618096295801329, 0.837696078906159, 0.590953364352253, 1.0, 0.9496996495996041, 0.9847705436427022, 0.9046811652988755, 0.9258717283642055, 0.978229726770383, 0.9732181215541917, 0.99390715867