"[[1.0, 0.04856463205780914, 0.07989779914450212, 0.09372661253573422, -0.04836907659021117, 0.06590373871985811, 0.019449786827323123, -0.006611397175190437, 0.12876086342720083, 0.006436559403408926, 0.13909115442031406, 0.08007952946254115, -0.03813496325811738, -0.014598167749942048, 0.006238518562682982, 0.051328813184399635, -0.020515103366103515, -0.016431575430674084, 0.00436379820678745, -0.0005946424461420463, -0.01397169006154697, 0.005039603411354565, -0.0580894785317323, 0.03869537800563716, 0.008346820336431304, 0.020822456833565872, -0.02823369123226782, -0.016976202621585834, -0.03778523778855325, -0.011460395998290407, -0.06108366990518488, -0.10186906935075668, -0.04960536757552991, 0.022722913252151478, -0.061150176494114694, 0.03721634822980957, 0.03457419394830541, -0.033342008774650544, 0.014097475936818427, -0.003502985254704827, -0.03001117948251486, -0.026903012826504202, -0.04307623390887838, -0.026547599949116707, -0.048176005554595, -0.05047251741344794, 0.0007082707825337708, -0.03471458460208998, 0.02725306573353048, -0.03168673759671736, -0.03093983443210635, -0.021321534974868994, -0.020799060968800243, -0.02302849043177657, -0.05162805864468023, -0.05676123329742766, -0.04168981490675128, -0.026676528105723518, -0.008867410553003996, -0.03361888667224866], [0.04856463205780914, 1.0, 0.028076756438167094, 0.2890532903018308, -0.024322690698272087, 0.17333256122097795, 0.02546288944481989, -0.013277217768595584, 0.15949491453532405, -0.06677257571165507, 0.07738053315406279, 0.12903978226864976, -0.021590927138944727, -0.032177601001705636, -0.021653254454482962, 0.1645678776071441, -0.04103460049984187, -0.024033064037103147, -0.02155191469118689, -0.04125460692300065, -0.058954510874328125, -0.04234388449950921, -0.009315075771212822, -0.05381753421550628, -0.0005535813598960271, -0.024293236454626443, -0.06165527630445622, -0.04090236881773479, -0.011586814531621803, -0.0472893576001725, -0.06460018663485112, -0.10081752491257179, -0.05271943157116854, -0.055775864684887155, -0.08712669633323622, 0.04025322152051525, -0.04545735287306041, -0.03837042084186648, -0.03243364997456699, -0.037542919238061634, -0.010830732548169575, 0.0044491491733417154, -0.05520348709915246, 0.0161604834655531, -0.0024717928148352275, -0.033380599803162214, -0.015250882387364939, -0.039028412938821866, -0.018301220566826704, -0.05702442808221142, 0.025191211465645513, -0.04010521514721632, -0.0349895235664226, -0.029713415373510577, -0.039288339859559374, -0.04677213367385469, -0.025129467232605895, 0.006082942699381033, -0.0060116048491558605, -0.032789296561264614], [0.07989779914450212, 0.028076756438167094, 1.0, 0.022110074499901655, -0.027098291593971924, 0.023999516806496368, 0.04258145777887723, -0.03535456440388596, 0.14853055386130987, 0.022361702282110207, 0.05251937117406691, -0.02270823305525549, 0.005153153139917821, -0.08105649524498304, -0.05077073279809663, 0.13020181408769993, -0.014531991677164013, 0.07569035202314323, 0.023015647827198782, -0.07730576302038794, -0.0633438835454403, -0.06836795986621858, -0.04952243839737447, -0.05329063942111123, -0.02964144914608835, -0.07008472980477198, -0.05069037080032035, -0.02303832974533826, -0.03678092168253366, -0.04977447520702771, -0.06291611213375625, -0.05713196326007797, -0.011992962446310429, 0.09605266568736559, -0.07420096389568864, -0.029987399452850783, 0.008449167061118645, 0.13343620380417176, -0.030135447184932884, -0.05942862323363074, 0.071856400842091, -0.021839056271559132, 0.01067725986375856, 0.08488611427861104, -0.05265185374835868, -0.028708127339904355, 0.12449418639525456, -0.017153357934221347, 0.03762635081364629, -0.05839958300021264, 0.032963073226132344, 0.08144066171766007, 0.026035515910955542, -0.03553061599250262, -0.006145828050798885, -0.044345998379161866, -0.018256655961710555, 0.0029472948874975646, 0.036428691216371156, -0.0009706947058976123], [0.09372661253573422, 0.2890532903018308, 0.022110074499901655, 1.0, -0.05153509616220897, 0.26973129903622806, 0.0006297388480052124, -0.02369281543717805, 0.1880916815161766, 0.0010388021633657152, 0.09199106726510509, 0.13565455805608084, -0.03786750698125685, -0.05488865880524574, -0.05062936696458875, 0.1616018157980641, -0.01298458201874575, -0.06348151136036506, -0.024779690576158808, -0.036260888676694414, -0.012941368259813624, 0.018063680067626597, -0.06941982059369378, -0.06254728886615224, -0.03873351384814172, -0.06043319352942489, -0.02077491290866118, -0.08218555455044108, -0.06816808431500365, -0.02134580600096392, -0.022498232091123782, -0.11650355907634702, -0.05214053874515123, -0.020385047125505373, 0.06972044316127601, -0.0032268391563894383, 0.014004462886368696, -0.05059187807662657, -0.026943897844536435, -0.02571694327010232, -0.05676232895217215, -0.013267414237840836, -0.04815680647481635, -0.023692383539569928, -0.05706175952086667, -0.05293072875722693, -0.036824589801572216, -0.03823491797744816, -0.036103833351068815, 0.022784633629916895, -0.040787993851348237, -0.05523811834312142, 0.021462573289212528, -0.04769638070280724, 0.02842045988627817, -0.015666455786169875, -0.040105321436838315, -0.01026418785215677, -0.048393713899040014, -0.03567639158810132], [-0.04836907659021117, -0.024322690698272087, -0.027098291593971924, -0.05153509616220897, 1.0, -0.04475567127041158, 0.49592736678498395, 0.2492408310682479, -0.013680903510129072, 0.1976238532271366, 0.03127737418381227, -0.05240999307252814, 0.26300658942954735, 0.18586885215709592, -0.07140568095870448, -0.08425514417605906, -0.07743883228695081, 0.378598449536532, -0.024548646730610413, 0.09207537643191765, -0.06000880735673908, -0.07219626159754444, -0.04257153346100684, -0.06227220339549544, -0.05874872210349036, -0.03585372021691957, -0.06149509593293745, -0.03181632806333923, -0.03803323261373959, -0.06050144764712262, -0.07531826814955123, -0.08392897868101334, -0.05905488817117277, -0.09497121671849262, 0.20898102247885098, -0.05617529757110984, -0.037921863132208244, -0.09846684460813115, -0.017286421859650014, -0.033448702398455765, -0.03550264772731282, -0.03190777806471634, -0.04692807173734481, 0.02171846330944327, -0.04981789243214574, 0.0025251178851247724, 0.04267576882890878, -0.0714210658898411, 0.0018801886268465795, -0.05220296909285338, -0.046076843296482206, -0.03151143762989839, -0.05673611682890911, -0.01723340950251706, 0.011730481908944435, -0.02072210672397312, -0.04291790420833963, -0.012679660124193859, -0.02130296794962705, -0.013576859341204228], [0.06590373871985811, 0.17333256122097795, 0.023999516806496368, 0.26973129903622806, -0.04475567127041158, 1.0, -0.030885681813668242, -0.031192088488290803, 0.15727819704857093, 0.04637841781393748, 0.0716875902676577, 0.16021099470695876, 0.03152068916519679, 2.6154528324218163e-06, -0.005737682769784813, 0.16695748053839843, -0.04774235330720922, -0.0544579574272408, -0.05071737463562154, 0.06787639030991943, -0.019949188015758512, -0.030830023312168775, -0.03649724530222609, -0.0324253264935892, -0.03774454100553437, -0.07377973770276847, -0.044714317746644916, -0.026763165910578257, -0.04380723527281649, -0.038647336648306, -0.06686337046252189, -0.04839661626125369, -0.09629779211932044, -0.029231462722610013, -0.06346263956137932, 0.0088167899044157, -0.06544647009853666, -0.039033388776970934, -0.028678104493834677, -0.022454394190237092, -0.04931371920362415, -0.051319891373801996, -0.0760747210569499, -0.026643357511664245, -0.04250907514784985, -0.04014797129989778, -0.047918028999070605, -0.07174899249049171, -0.025757506139710173, -0.03206982358819843, -0.01010020120408317, -0.06105801572513325, -0.06784631286721887, -0.018317541089246436, -0.03646526987367804, -0.03529128787670133, -0.061645602245052666, 0.021430113317865485, -0.038443428227112, -0.015540097866876268], [0.019449786827323123, 0.02546288944481989, 0.04258145777887723, 0.0006297388480052124, 0.49592736678498395, -0.030885681813668242, 1.0, 0.2801450950435713, -0.005681967004262045, 0.15602491862343104, -0.0030769106522383627, -0.05582332830738079, 0.25467826321943066, 0.2210260474169281, -0.046179821494756634, -0.02801353804348783, -0.039787486836513786, 0.33435723982950494, -0.04728895614145556, 0.07991752142184794, -0.03025207664512819, -0.024942830988692544, -0.057581549452870195, -0.06546426429362606, -0.06383866300473451, -0.05572921603123637, -0.05421392583303719, -0.05047956449743163, -0.08337272765382853, -0.05765919513027784, -0.056654091242916316, -0.08867982461390711, -0.05818602693374242, -0.08477104798059787, 0.2380807229768258, 0.003973395327473428, -0.04585341039347557, -0.05297876116541245, -0.07818730737879065, -0.08811084885984144, -0.018199142710531246, -0.023717757865420408, -0.014447584590437046, -0.019607218842286667, -0.09718981711583385, -0.03792272416989717, -0.03384665836988843, -0.08516314832697702, 0.001124171531839857, -0.041173291761418485, -0.05504453885985039, -0.011931396638399816, -0.05200372049105506, -0.06018383448613629, 0.019723099500615904, 0.011589152783459844, -0.05007622091454045, -0.06811546332894403, -0.0315985187900234, -0.04919963325256371], [-0.006611397175190437, -0.013277217768595584, -0.03535456440388596, -0.02369281543717805, 0.2492408310682479, -0.031192088488290803, 0.2801450950435713, 1.0, -0.01325778891202023, 0.15368856933537156, -0.06258807512072662, -0.0358166213965323, 0.1351436871401943, 0.22700915305215807, -0.05553483388347846, -0.04275349262331818, 0.02449486776306231, 0.11735989241397615, 0.011668309225110418, 0.07363082485719263, -0.04586709556268942, -0.04052756503382793, -0.03226215217846162, -0.028296439311701338, 0.012711941502273616, -0.03906981782567054, -0.08586491936366158, -0.055649953945498876, -0.07489585218638539, -0.06388885592264604, -0.08487902808777226, -0.0963565592056228, -0.024840217765381478, 0.009036474053442323, 0.20850989307479062, 0.00831851604505729, 0.023836686972100507, -0.06563848104566139, 0.017282818690463775, 0.0054773595261504715, 0.06623547722413714, -0.030954179561229145, 0.10620833097511029, -0.05858846081878011, -0.04984911689512095, -0.05636460327800408, -0.03402622958212764, -0.01522202907076764, 0.0048494295265948395, -0.08083813433867171, -0.04320030561778343, 0.016327722878530126, -0.04499742081033431, -0.04480631267473134, -0.08394998249852015, -0.06684665784661536, -0.06384301751795274, -0.07187358584390835, -0.01260218552980552, -0.09033973030717135], [0.12876086342720083, 0.15949491453532405, 0.14853055386130987, 0.1880916815161766, -0.013680903510129072, 0.15727819704857093, -0.005681967004262045, -0.01325778891202023, 1.0, 0.08884151951675445, 0.056705496125529886, 0.07928657443423992, 0.001910282960996379, -0.04971790392825737, 0.0038602600967060363, 0.2683857520683127, 0.0010455162289555453, -0.0048790033680936595, -0.0481038443976014, -0.03898722753873329, -0.039581131975992, -0.07611903265840803, -0.018558712960540458, -0.04518235012551952, -0.04707632143562979, -0.04623383129449521, -0.0811747716541138, -0.012826382076346565, -0.06056646318491188, -0.04744139028683403, -0.06724940636647836, -0.12155601675243055, -0.04550887715459706, 0.05383383972372624, -0.05607382473739708, 0.014977524752303295, 0.03399569644720091, -0.014777362737280031, -0.02414487655401487, -0.017993506411259297, 0.02724523773104237, -0.05502395151139572, -0.005812505589686712, 0.01802226886362468, -0.08098177071633339, -0.03277563468654998, 0.039284473113815443, -0.05390412859068605, 0.051604350281890254, -0.04052260659167484, -0.024096454174198145, 0.0840335070492918, -0.019979983049540406, 0.0022925704273945025, -0.012508040706635137, -0.057907055159149845, -0.048165394110412985, 0.03997911240386298, 0.02397446920729973, -0.032214245051362056], [0.006436559403408926, -0.06677257571165507, 0.022361702282110207, 0.0010388021633657152, 0.1976238532271366, 0.04637841781393748, 0.15602491862343104, 0.15368856933537156, 0.08884151951675445, 1.0, 0.05388888419767057, 0.02336020407176076, 0.11525555466081383, 0.10267002626532573, -0.02893387854618945, 0.0008675640788431416, -0.04266005606604839, 0.18976071647613846, 0.0425063618892747, 0.14042290549947412, -0.03499547935339864, -0.07570601991936621, -0.06501917736236074, -0.05785086525625349, -0.013320730098503653, -0.059664703520586615, -0.08902904846190096, -0.05301833095323949, -0.10102405332917108, -0.06450701190720665, -0.03597343287614141, -0.1514657318909418, -0.03388170916969169, 0.0326256215788675, 0.1194835133679889, -0.025713732633959374, 0.005765107567197281, -0.018636083088699573, -0.028900478832133425, 0.032363005763173525, 0.0038353209928476684, -0.004168520201491388, 0.08023025281104912, -0.06655215399565528, -0.07860559728140193, -0.04786215399214244, 0.03506863221876433, -0.05280004991642162, 0.01210301062534791, -0.04606083914208381, -0.008568647076107716, 0.047220558259637, -0.05632692642477233, -0.010666007753506346, 0.045396612493197486, 0.019393872489574138, 0.0008186203524330748, 0.03713429878124186, -0.008074652816127514, -0.002907987188009109], [0.13909115442031406, 0.07738053315406279, 0.05251937117406691, 0.09199106726510509, 0.03127737418381227, 0.0716875902676577, -0.0030769106522383627, -0.06258807512072662, 0.056705496125529886, 0.05388888419767057, 1.0, 0.05042152912486286, 0.0198792070010142, -0.047263324865829404, -0.046067282953512034, 0.05790253740410234, -0.05632172370469557, 0.021677198495875905, -0.027399804205938905, -0.05709038198139593, -0.027812248827411068, -0.047162354876488566, -0.03929056270548159, -0.01602800763629242, -0.030197454934562273, -0.023702561261859323, -0.03724835128284343, -0.0404921984986113, 0.013369767904077845, -0.0315728630218397, -0.0042111923878518365, -0.11808878385711519, -0.016591175854240303, -0.02766357495743854, -0.015951622269627652, 0.013458233204857395, -0.006226376087393293, 0.0019468798221056183, 0.014883820714248763, 0.018090908071181078, -0.03548417983027674, -0.002621184965834855, 0.0012014694981503649, 0.028700367153012274, -0.012765440941072459, 0.021810320876492484, 0.0896867739823678, -0.0251223529415876, -0.00036454617870429473, -0.02972801004246972, -0.01918801104267409, -0.02682801956929315, -0.02320524146992664, -0.016357851535681256, -0.01085236230719322, -0.052438210048684875, -0.009876237571795343, 0.00207267117327814, -0.05846470585443431, -0.02378498560416764], [0.08007952946254115, 0.12903978226864976, -0.02270823305525549, 0.13565455805608084, -0.05240999307252814, 0.16021099470695876, -0.05582332830738079, -0.0358166213965323, 0.07928657443423992, 0.02336020407176076, 0.05042152912486286, 1.0, -0.051852201629539296, -0.030387846621556802, 0.026571870606014403, 0.12080593056819822, -0.015303231966001363, -0.01778956103775564, -0.03659324236771733, 0.22877981215163923, -0.07475719890428234, -0.05774692305207285, -0.036938739244199104, -0.03624710823456945, -0.023891731567316166, 0.021020753857657448, -0.06254673069743988, -0.04801540258165993, -0.06695005196426207, -0.0595818125027987, -0.06280911329593097, -0.10543032254010587, -0.04534137467645416, -0.0626843570388087, -0.10574074504977538, 0.03579961197810233, -0.07398205684175152, -0.06071907473484206, -0.016379115529937982, 0.0034680979292380787, 0.04468129607741744, -0.014794444484409919, -0.031063988859308944, -0.045122908009661566, -0.031018473044817307, -0.02504097384654802, -0.0025606486077716095, -0.0073138924506759295, -0.044010542994956436, -0.01693003019871986, -0.0523854830532986, -0.08743405924198133, -0.04158926723030598, -0.041773039826134895, -0.056243202338591924, -0.0692148678639819, -0.05212742515607394, -0.002386465131768656, -0.03574668676434012, -0.009358827490010269], [-0.03813496325811738, -0.021590927138944727, 0.005153153139917821, -0.03786750698125685, 0.26300658942954735, 0.03152068916519679, 0.25467826321943066, 0.1351436871401943, 0.001910282960996379, 0.11525555466081383, 0.0198792070010142, -0.051852201629539296, 1.0, 0.14185180041898904, -0.0486276051567891, 0.05471431563556162, -0.043340138927730365, 0.25192705677088256, -0.03922530277085223, -0.004234971826299061, -0.04808367791683099, -0.0824741870978174, -0.06963139554947184, -0.04841905546972258, -0.03573711210422448, -0.0488291277257169, -0.09004140131254412, -0.046542700845403795, -0.0524833361793795, -0.02714848609234899, -0.033669492429378334, -0.07106378059512508, -0.020930676366092582, 0.015741779615562557, 0.08459753653392832, -0.030530488253177612, -0.02395173007789242, -0.05131436400949063, 0.010875173012737327, -0.02476540307523445, 0.04760089893429975, -0.03329581290316552, 0.05425545451433067, 0.030410458906527826, -0.08109554610195424, -0.023544269820829467, 0.07327203327429965, -0.09178342070797663, -0.007001153903539947, -0.08013526381119496, -0.012796175150087574, 0.0601112050325574, -0.07113131045857357, 0.005431698278541508, 0.02135792870534381, 0.06340470547017985, 0.021378566175143332, -0.03393184952151462, -0.04006687675807408, 0.035134866949352306], [-0.014598167749942048, -0.032177601001705636, -0.08105649524498304, -0.05488865880524574, 0.18586885215709592, 2.6154528324218163e-06, 0.2210260474169281, 0.22700915305215807, -0.04971790392825737, 0.10267002626532573, -0.047263324865829404, -0.030387846621556802, 0.14185180041898904, 1.0, 0.026099071297078114, 0.026670780028861585, -0.004989968646765153, 0.11425675968232774, 0.01780732265873841, 0.1016319281249628, 0.0003700824794039548, -0.06634628424575229, -0.05461011180710673, -0.05607423346253637, -0.006327448549769077, -0.0068245555059534, -0.05587791305572187, -0.05386747698202199, -0.10809494075505865, -0.09717017609489798, -0.08851020425608946, -0.06637221800775928, -0.09717926942344302, -0.04241330124377907, 0.08131547476344014, 0.007512769086846061, -0.03645159204852777, -0.08097135029241298, -0.04777259175831494, -0.07141301509104081, -0.005084453881264661, -0.05015967042734326, 0.16534585184151274, -0.06366130589794894, -0.04614543317593678, -0.035815133733499316, -0.06872811892935649, -0.05803519697031678, 0.03605701543191908, -0.040257237762698406, -0.032735298411505465, 0.06913929941519392, -0.06891306399359665, -0.013711904082874149, -0.04010554984474868, 0.016620746245589624, -0.00098575367468956, -0.09603435727843479, -0.044406328660970606, -0.07476500782248618], [0.006238518562682982, -0.021653254454482962, -0.05077073279809663, -0.05062936696458875, -0.07140568095870448, -0.005737682769784813, -0.046179821494756634, -0.05553483388347846, 0.0038602600967060363, -0.02893387854618945, -0.046067282953512034, 0.026571870606014403, -0.0486276051567891, 0.026099071297078114, 1.0, -0.050268704611657444, -0.02184177613153393, -0.04382045818309144, -0.021257346799367305, 0.03164130994846981, -0.02053708035852697, -0.0390532103831136, -0.017918804718985992, 0.010005943779351822, -0.020176276539527027, 0.013849554947298115, -0.010363357223364345, -0.021236930284630695, 0.018618593527204075, 0.02097210844010966, -0.014807870471621465, -0.07300486417514662, -0.04562425286443905, -0.05769366586354252, -0.08603243458402354, -0.024368323553900728, -0.018702786252666304, -0.040661156036930324, -0.03956776299637044, -0.06741621254258723, -0.043957110375051345, -0.036779322447265006, -0.06017797270298586, -0.049807394157596496, 0.023750479292606097, 0.00533733214976595, -0.07306882872692189, -0.010456107598542985, -0.021771793231517567, -0.016699848240240733, -0.049255281040870624, -0.043768203615565326, -0.034907806575732225, -0.01255425998328219, -0.041542781966227516, -0.043260825660554225, -0.013172170057329291, 0.012037164947657608, -0.008046153822660607, -0.012882745497130754], [0.051328813184399635, 0.1645678776071441, 0.13020181408769993, 0.1616018157980641, -0.08425514417605906, 0.16695748053839843, -0.02801353804348783, -0.04275349262331818, 0.2683857520683127, 0.0008675640788431416, 0.05790253740410234, 0.12080593056819822, 0.05471431563556162, 0.026670780028861585, -0.050268704611657444, 1.0, -0.03714007064116531, -0.028295278859689743, -0.03131735197651664, -0.07520408092530428, -0.057345980840738386, -0.10573000009050593, -0.04225582346317802, -0.049636998656343856, -0.04381360787681832, 0.0025637129001975234, -0.08598102965358945, -0.08148360840626312, -0.031506718051626414, -0.07556571615923935, -0.02972244768207344, -0.03999184554098045, -0.03956928093237044, 0.0687619420333434, -0.0062564642506408585, 0.006586192848358374, 0.0026541344592485583, -0.014362183296607878, -0.05352480068104759, -0.011005759412827887, 0.05445106902079799, -0.03275265227285029, 0.07620909491018812, 0.024921156205753414, -0.07543767057768647, -0.04755862847171444, 0.09145891704427156, -0.08294820650996848, 0.015243851354766025, -0.06628241262025947, -0.010492649252289876, 0.04214072197504115, -0.030734193586447134, -0.05288665838297768, 0.0047528768872291405, 0.0036028658377695866, -0.048244715922669545, -0.0029131645056656996, 0.05734919502099611, -0.058026953415819316], [-0.020515103366103515, -0.04103460049984187, -0.014531991677164013, -0.01298458201874575, -0.07743883228695081, -0.04774235330720922, -0.039787486836513786, 0.02449486776306231, 0.0010455162289555453, -0.04266005606604839, -0.05632172370469557, -0.015303231966001363, -0.043340138927730365, -0.004989968646765153, -0.02184177613153393, -0.03714007064116531, 1.0, -0.05767741422004646, -0.018484491377135592, -0.041269736364969, -0.08142818798325013, 0.07521030924526195, -0.009836126625804686, -1.62057569492724e-05, -0.021255990593230134, 0.038428716810822494, 0.057222768849918726, -0.05763244442089377, -0.031651510309120834, 0.022423031136849958, -0.029864109458645594, -0.08005610691736087, -0.016274466711948543, 0.01713198477833333, -0.061840837029889295, -0.0336291357187799, -0.061891840752099414, -0.027911185773470182, -0.020956187114615554, -0.026530884712385072, -0.0256587352468014, -0.035546798356423714, -0.03868994178750018, -0.04304735025494821, -0.03965444531794926, -0.025592629825720525, -0.03900532175079596, -0.004633803400299952, -0.003315678477131323, -0.01695468782034837, -0.014795276678802649, -0.03753038858375968, 0.0020984102506120816, 0.008185169607287768, -0.04736955562268119, -0.014618950699428757, -0.03687496867190321, -0.012290945828143052, -0.041083180282510234, -0.044477142051351004], [-0.016431575430674084, -0.024033064037103147, 0.07569035202314323, -0.06348151136036506, 0.378598449536532, -0.0544579574272408, 0.33435723982950494, 0.11735989241397615, -0.0048790033680936595, 0.18976071647613846, 0.021677198495875905, -0.01778956103775564, 0.25192705677088256, 0.11425675968232774, -0.04382045818309144, -0.028295278859689743, -0.05767741422004646, 1.0, -0.05866552057748731, -0.004872505828032336, -0.06580478494136544, -0.10415488857886057, -0.09343942512334635, -0.05987348558354566, -0.056695820573529954, -0.05155999013220014, -0.09031707323738414, -0.045792284297766495, -0.03964847653149217, -0.094416093651567, -0.08078275625545928, -0.008544514451284568, -0.028866421802342446, 0.07197123049099774, 0.11916675353756467, -0.04540848756010174, 0.01620553142765757, -0.03623320013640474, -0.02232472033276811, 0.034726326670056484, 0.046458531268817826, -0.04503796761097023, -0.04038440251288433, 0.035584770709465974, -0.09240562505168448, -0.043983402124704085, 0.03281407938621572, -0.05592456003338353, 0.08286695082678486, -0.07788923626968014, -0.0847563409764529, 0.015310384620878303, -0.021539814839416138, -0.05084181181329028, -0.03315957221431898, -0.025409795772502797, -0.04004570140118613, -0.035170969001745656, -0.06326162696996063, 0.015007483647517805], [0.00436379820678745, -0.02155191469118689, 0.023015647827198782, -0.024779690576158808, -0.024548646730610413, -0.05071737463562154, -0.04728895614145556, 0.011668309225110418, -0.0481038443976014, 0.0425063618892747, -0.027399804205938905, -0.03659324236771733, -0.03922530277085223, 0.01780732265873841, -0.021257346799367305, -0.03131735197651664, -0.018484491377135592, -0.05866552057748731, 1.0, 0.04769755583041646, -0.04852638086832073, -0.008875980652824245, -0.018755403167715512, 0.005129096262291188, 0.021414749028730307, -0.01948235223831407, -0.04330785783458113, -0.02689497484162029, -0.054266150898532706, -0.031339805763040074, -0.017754986475445378, -0.13695792934736173, 0.033608609335116335, -0.011148833308044948, -0.0033563038192805372, 0.03231869624286621, -0.004897682631957334, 0.03561448035021997, 0.030969202675201535, 0.01374168976654977, 0.017043602752757292, 0.06919234943245578, 0.07130108192570517, 0.026480387136396555, 0.004388015486560315, -0.024922229292422937, 0.015637064815042123, -0.04258372165726332, 0.007517399098599498, -0.02292903481323516, 0.03488001095879767, 0.04055276221262971, -0.029823329803666754, 0.0004681374376064307, -0.04371370993060353, -0.022357760610699717, 0.08929682486268187, 0.029888519306094374, 0.07904348309881193, 0.0264802810176068], [-0.0005946424461420463, -0.04125460692300065, -0.07730576302038794, -0.036260888676694414, 0.09207537643191765, 0.06787639030991943, 0.07991752142184794, 0.07363082485719263, -0.03898722753873329, 0.14042290549947412, -0.05709038198139593, 0.22877981215163923, -0.004234971826299061, 0.1016319281249628, 0.03164130994846981, -0.07520408092530428, -0.041269736364969, -0.004872505828032336, 0.04769755583041646, 1.0, -0.06544605242679524, -0.05821507456366426, -0.019370454158119, -0.032097886280626264, 0.014816964054936155, 0.03173851451092369, -0.04593109276972429, 0.0002781757321270728, -0.05269919821347635, -0.058054258232480116, -0.052660660322147335, -0.08338728382754512, -0.025349764980088896, -0.10807137710966108, 0.004188722661929489, -0.05472033953997446, -0.08001442675030579, -0.07088467066355753, -0.022000256856391065, 0.0356115039647692, -0.06479575620897715, -0.06818797292418055, -0.028007536829411928, -0.05792348760657262, -0.05608092173933166, -0.02980468229513833, -0.07558872152691176, -0.04301571577858132, -0.05726634751256032, -0.04350836099401478, -0.03239685508974244, -0.060744996405556195, -0.057952074218419636, -0.042218533686849025, -0.04219422685172125, -0.048007108015128974, -0.0491665222999742, -0.03577078414176382, -0.01549090248577456, 0.0069969913346130674], [-0.01397169006154697, -0.058954510874328125, -0.0633438835454403, -0.012941368259813624, -0.06000880735673908, -0.019949188015758512, -0.03025207664512819, -0.04586709556268942, -0.039581131975992, -0.03499547935339864, -0.027812248827411068, -0.07475719890428234, -0.04808367791683099, 0.0003700824794039548, -0.02053708035852697, -0.057345980840738386, -0.08142818798325013, -0.06580478494136544, -0.04852638086832073, -0.06544605242679524, 1.0, -0.07861829769693429, 0.019880663016839994, 0.005297787855850222, -0.02781738263293998, -0.07604115769919773, 0.052077047944005805, -0.05217198795117728, 0.2090571281030147, 0.08140553646259052, 0.020816176579264267, 0.18585764322981524, -0.03891979989464178, -0.0714301418729737, 0.04705716344671973, -0.022150552142284452, 0.07869788422780588, 0.05416278617541859, -0.07070609902736891, -0.06597963938913276, 0.054143384123701455, -0.0624436615162105, -0.007893169429103564, -0.03528929409024406, -0.07378367121526686, -0.07428024852165449, -0.023056282487653013, -0.07479638256027688, -0.005394077777570949, -0.0866210830436216, -0.0705784906878697, 0.06712060797238129, -0.09257621340180644, -0.0851610414726427, -0.06586810966287682, -0.0885703285284194, -0.06672706791742944, -0.08199940194786559, -0.10172058403937978, -0.09021413767103104], [0.005039603411354565, -0.04234388449950921, -0.06836795986621858, 0.018063680067626597, -0.07219626159754444, -0.030830023312168775, -0.024942830988692544, -0.04052756503382793, -0.07611903265840803, -0.07570601991936621, -0.047162354876488566, -0.05774692305207285, -0.0824741870978174, -0.06634628424575229, -0.0390532103831136, -0.10573000009050593, 0.07521030924526195, -0.10415488857886057, -0.008875980652824245, -0.05821507456366426, -0.07861829769693429, 1.0, 0.0026254214977053936, 0.029037082125770386, 0.009543081689735944, -0.06324439020439954, 0.08192577443676297, -0.008820759924376809, -0.054077968221040384, 0.0872906734197072, 0.009223044905649513, 0.042468696594068156, -0.027078722869282812, -0.058685575706953985, -0.046969234579251395, -0.030079462383646227, -0.06302333970388108, -0.05260173204473184, -0.00216939469803612, 0.012708268707732229, -0.08214927864721577, -0.04384139467914361, -0.03115866270259815, -0.06807832951180348, -0.00982443965750468, -0.028074379369332325, -0.07523358834436045, 0.0032994183943340083, -0.06412798213487525, 0.0019159588193954358, -0.03227297307748711, -0.0852138361835999, -0.0027329010254000252, -0.021606797797098398, 0.021361027555700796, 0.0026981102200532847, -0.04525094861023349, -0.018464796299542785, -0.0428142892383474, -0.02453799710526372], [-0.0580894785317323, -0.009315075771212822, -0.04952243839737447, -0.06941982059369378, -0.04257153346100684, -0.03649724530222609, -0.057581549452870195, -0.03226215217846162, -0.018558712960540458, -0.06501917736236074, -0.03929056270548159, -0.036938739244199104, -0.06963139554947184, -0.05461011180710673, -0.017918804718985992, -0.04225582346317802, -0.009836126625804686, -0.09343942512334635, -0.018755403167715512, -0.019370454158119, 0.019880663016839994, 0.0026254214977053936, 1.0, -0.008257974905555132, 0.010671123921680348, 0.037383096841181684, 0.053771436111196835, 0.04212541652195423, 0.05204519411539876, 0.038007563953882495, 0.023328538241271124, -0.07427702280942206, 0.06059537782729485, -0.04027981756512822, -0.05165208628318618, -0.011854724263422822, -0.06371462421582241, -0.020833664618283176, -0.03710890653916299, -0.006643227294585774, -0.050493041664007254, -0.028547574984970625, -0.026239179383351408, -0.02776980854068678, -0.0032701839643587416, -0.025330396927251586, -0.07951252293649258, 0.017727666787677898, -0.0321492916150794, -0.03535661117944189, -0.019904056063559272, -0.05410967640709541, -0.03522449623045887, 0.031517688008232625, -0.026663329402859537, -0.040023374684863944, -0.014114788542753942, -0.021116128827047165, 0.00045119280826799724, -0.05607282334523944], [0.03869537800563716, -0.05381753421550628, -0.05329063942111123, -0.06254728886615224, -0.06227220339549544, -0.0324253264935892, -0.06546426429362606, -0.028296439311701338, -0.04518235012551952, -0.05785086525625349, -0.01602800763629242, -0.03624710823456945, -0.04841905546972258, -0.05607423346253637, 0.010005943779351822, -0.049636998656343856, -1.62057569492724e-05, -0.05987348558354566, 0.005129096262291188, -0.032097886280626264, 0.005297787855850222, 0.029037082125770386, -0.008257974905555132, 1.0, 0.06878082247090711, 0.019049027564376875, 0.011786288959684033, 0.03743985436955111, 0.07904109551942473, -0.008989665158923188, -0.004778269409922764, -0.07948414930543568, -0.020907771992175972, -0.03146097535336945, -0.03130115463873184, 0.014165754176723055, 0.03895182100547245, 0.0003053867068155691, 0.026353280377393373, 0.006719089941334189, -0.034019687104516194, 0.0125350210391868, -0.0018246291699157702, -0.0014737766627164195, -0.03766508382464706, -0.024535626938147814, -0.023632994601197943, 0.007373416501305408, -0.009768798638976728, -0.03230503102789117, -0.004471669560885516, 0.007966006520618296, -0.0034777808583508207, 0.03176703994908947, -0.01894376936613429, -0.042527721796559614, -0.008261141676652484, 0.013487567342280293, -0.031612075647213356, -0.05124609137649738], [0.008346820336431304, -0.0005535813598960271, -0.02964144914608835, -0.03873351384814172, -0.05874872210349036, -0.03774454100553437, -0.06383866300473451, 0.012711941502273616, -0.04707632143562979, -0.013320730098503653, -0.030197454934562273, -0.023891731567316166, -0.03573711210422448, -0.006327448549769077, -0.020176276539527027, -0.04381360787681832, -0.021255990593230134, -0.056695820573529954, 0.021414749028730307, 0.014816964054936155, -0.02781738263293998, 0.009543081689735944, 0.010671123921680348, 0.06878082247090711, 1.0, 0.0551142197959934, -0.011032927585993058, 0.033194172190756044, 0.010311969116737596, 0.013209998535881895, 0.0398458703126634, -0.10851690733532049, 0.018818278740187155, -0.05794783245364954, 0.004826642716602825, -0.006821463927745075, -0.027484682408837502, 0.007032742852508211, 0.02685106053224562, 0.006294443117648818, 0.007519550781294848, 0.05434854586043547, 0.02449623842882731, -0.024856531754513744, -0.04525762347112017, -0.0383774736816167, -0.014531265226623402, -0.0026271483223150316, -0.01606663599888747, -0.04838454809500181, 0.041388380841627104, -0.009351625514283812, -0.021062418126960747, 0.016828264367130252, -0.06645653232911197, 0.009053103248916061, -0.02893143960933875, -0.015808733281461596, -0.02564077495820616, -0.02847187843919219], [0.020822456833565872, -0.024293236454626443, -0.07008472980477198, -0.06043319352942489, -0.03585372021691957, -0.07377973770276847, -0.05572921603123637, -0.03906981782567054, -0.04623383129449521, -0.059664703520586615, -0.023702561261859323, 0.021020753857657448, -0.0488291277257169, -0.0068245555059534, 0.013849554947298115, 0.0025637129001975234, 0.038428716810822494, -0.05155999013220014, -0.01948235223831407, 0.03173851451092369, -0.07604115769919773, -0.06324439020439954, 0.037383096841181684, 0.019049027564376875, 0.0551142197959934, 1.0, 0.015143880589398973, 0.021588942995561355, 0.0082605597830131, 0.024130077508950243, 0.032606766848296886, -0.11702204631002089, 0.02420189391285066, -0.06392562542107916, -0.055153747461616165, 0.06302130517663873, 0.014015748169570741, -0.02165921868140841, 0.0402746752366705, -0.06487670073460561, 0.004001218008069518, 0.0018547067471598178, -0.03654746602641534, -0.027840481813338425, -0.016280835910608138, 0.03451355177295634, -0.0077137475215380835, -0.014981569549366025, -0.016938885552769012, -0.041065508116334914, -0.010003730124459764, -0.005549140590224599, 0.011065683317103892, 0.0017348174898291768, -0.06330052501836647, -0.047916309725610784, -0.01716968756456083, 0.011770366385932207, 0.015054645910612452, 0.035605348638892975], [-0.02823369123226782, -0.06165527630445622, -0.05069037080032035, -0.02077491290866118, -0.06149509593293745, -0.044714317746644916, -0.05421392583303719, -0.08586491936366158, -0.0811747716541138, -0.08902904846190096, -0.03724835128284343, -0.06254673069743988, -0.09004140131254412, -0.05587791305572187, -0.010363357223364345, -0.08598102965358945, 0.057222768849918726, -0.09031707323738414, -0.04330785783458113, -0.04593109276972429, 0.052077047944005805, 0.08192577443676297, 0.053771436111196835, 0.011786288959684033, -0.011032927585993058, 0.015143880589398973, 1.0, 0.0205461574527529, 0.010378120247712008, 0.08277438418381189, 0.10425454042172577, -0.04855567237588776, 0.011829353635409268, -0.08651154984127096, -0.048120032955836445, -0.02053988402990936, -0.10467020264811944, -0.026323609267931314, -0.05128375081300107, -0.024336382493696407, -0.08794330415101514, -0.06394282204177815, -0.06712419872288033, -0.04474172968307477, -0.005827857864176389, -0.025819813003928438, -0.08025593087288518, -0.023131962399385086, -0.0723778177197143, 0.04025561296143276, -0.045234552534184846, -0.09565611076392866, 0.04628631238013614, -0.032556748333904206, 0.022690453724229065, 0.03419318052851661, -0.04003636663825172, -0.03367092614275413, -0.04305537602237508, -0.020842056402050613], [-0.016976202621585834, -0.04090236881773479, -0.02303832974533826, -0.08218555455044108, -0.03181632806333923, -0.026763165910578257, -0.05047956449743163, -0.055649953945498876, -0.012826382076346565, -0.05301833095323949, -0.0404921984986113, -0.04801540258165993, -0.046542700845403795, -0.05386747698202199, -0.021236930284630695, -0.08148360840626312, -0.05763244442089377, -0.045792284297766495, -0.02689497484162029, 0.0002781757321270728, -0.05217198795117728, -0.008820759924376809, 0.04212541652195423, 0.03743985436955111, 0.033194172190756044, 0.021588942995561355, 0.0205461574527529, 1.0, 0.015204361958127355, 0.02659405893545097, -0.02259317992371912, -0.09174140126958119, 0.01722268354367995, -0.02742192310259961, -0.06384262621166914, -0.009268342239696858, -0.041837812381577466, 0.011239923887678915, 0.01541154662481048, -0.01188293572932042, -0.04081619213239707, -0.016800029292396434, -0.029677030553774797, -0.004153942312460135, -0.020428839023793666, 0.0046558668869153275, -0.01776035782957619, 0.042666166015169704, -0.021700359774698752, 0.015407117383794855, 0.03644390984130519, 0.022333171026007848, 0.00026290923629646024, 0.04117151826172272, -0.013899600899929476, -0.022089515958172434, -0.029994069060176543, 0.003168963396975255, -0.030579374152834404, 0.0039370177923423455], [-0.03778523778855325, -0.011586814531621803, -0.03678092168253366, -0.06816808431500365, -0.03803323261373959, -0.04380723527281649, -0.08337272765382853, -0.07489585218638539, -0.06056646318491188, -0.10102405332917108, 0.013369767904077845, -0.06695005196426207, -0.0524833361793795, -0.10809494075505865, 0.018618593527204075, -0.031506718051626414, -0.031651510309120834, -0.03964847653149217, -0.054266150898532706, -0.05269919821347635, 0.2090571281030147, -0.054077968221040384, 0.05204519411539876, 0.07904109551942473, 0.010311969116737596, 0.0082605597830131, 0.010378120247712008, 0.015204361958127355, 1.0, 0.07930393362061883, 0.10685393658314557, -0.045931982495276635, 0.02878559913786194, -0.10060690686312546, -0.052735304849835796, -0.044579205539737154, 0.040436768268705126, 0.09666346801134629, 0.013902691086322139, 0.03484455441704404, 0.02312173715711563, -0.034326483561481824, -0.04218529011969108, 0.057261658762627454, -0.01675047040045108, -0.010577769232017031, 0.03793394265871575, -0.07843977130953061, -0.022448337610759816, -0.05516963501386418, -0.013667771457254618, 0.061746190958833935, -0.05434082874943469, -0.03331265491532753, -0.02263795665957824, -0.05997565103387825, -0.0029763454755227237, 0.017928704961543418, -0.04511476510526191, -0.0679585114167427], [-0.011460395998290407, -0.0472893576001725, -0.04977447520702771, -0.02134580600096392, -0.06050144764712262, -0.038647336648306, -0.05765919513027784, -0.06388885592264604, -0.04744139028683403, -0.06450701190720665, -0.0315728630218397, -0.0595818125027987, -0.02714848609234899, -0.09717017609489798, 0.02097210844010966, -0.07556571615923935, 0.022423031136849958, -0.094416093651567, -0.031339805763040074, -0.058054258232480116, 0.08140553646259052, 0.0872906734197072, 0.038007563953882495, -0.008989665158923188, 0.013209998535881895, 0.024130077508950243, 0.08277438418381189, 0.02659405893545097, 0.07930393362061883, 1.0, 0.09087459712987256, -0.06204079007651542, 0.03011917063523606, -0.09699103477596394, -0.02324933475192892, -0.013197129781795214, -0.061340329933430526, -0.019086946309049058, -0.013668758116968771, -0.02986901869365388, -0.08036417898450465, -0.019812508326680023, -0.08632430276091729, -0.0344273446323613, -0.026007833845812955, -0.012966720331282877, -0.05356398945809571, 0.03907709471680598, -0.08628277119566397, 0.00825868002866903, -0.01577693044480677, -0.05282802212444926, 0.0064433934946643845, -0.0022583917442378088, -0.02099184396906728, -0.04095876670709808, -0.033648707676538825, -0.02630360145924504, -0.04177208927962295, -0.00755293331670126], [-0.06108366990518488, -0.06460018663485112, -0.06291611213375625, -0.022498232091123782, -0.07531826814955123, -0.06686337046252189, -0.056654091242916316, -0.08487902808777226, -0.06724940636647836, -0.03597343287614141, -0.0042111923878518365, -0.06280911329593097, -0.033669492429378334, -0.08851020425608946, -0.014807870471621465, -0.02972244768207344, -0.029864109458645594, -0.08078275625545928, -0.017754986475445378, -0.052660660322147335, 0.020816176579264267, 0.009223044905649513, 0.023328538241271124, -0.004778269409922764, 0.0398458703126634, 0.032606766848296886, 0.10425454042172577, -0.02259317992371912, 0.10685393658314557, 0.09087459712987256, 1.0, -0.03399281750532834, 0.04222280677015633, -0.035232361535113554, 0.007717227728