"[[1.0, -0.2728027156655326, 0.37674353046630005, 0.2327540294773538, -0.516436575048834, -0.1513020534775127, -0.2778717600299574, -0.14659304704770926, 0.6415757581286977, 0.8662926474752081, 0.9321473925911964, -0.15854360425013692, -0.31578141791375813, -0.5529141458009046, -0.3300423560414867, 0.5806388553850792, -0.3799329017871833, 0.18591344191404535, -0.6404437744456297, -0.29765804920505556, 0.9858799335984643, 0.2630077042315402, 0.12197610934333758, 0.19067833406194357, 0.2324230271615788, -0.28091208529353917, 0.019330170600082908, 0.33528319439115706, -0.13156709194560023, 0.1830843368835089, 0.2575670322418603, 0.6619174142002304, 0.7068561166186912, 0.2724086580645858, 0.4591933618121996, 0.429013435161234, 0.6678089614510273, -0.10853176936229558, 0.23530204040280134, 0.4857315432860747, 0.6068150862893666, 0.23631100789244552, 0.6197195939177483, 0.6184914360045337, 0.02528394687774893, -0.35305669999353406, 0.6602406489574916, 0.20720868192104458, -0.097623354665616, -0.23023505849925652, -0.3814846766353408, 0.8231551799753425, 0.2289476307149384, 0.383085464261369, 0.43828359043964416, 0.03864833552671898, 0.00824385000774186, -0.20954441602424567, -0.029500439086332486, 0.23127892804364047, 0.651481612094182, 0.02278127975945865, -0.3805278992628196, -0.3805278992628196, -0.3805278992628196, -0.3805278992628196, -0.3805278992628196, -0.3805278992628196, -0.3805278992628196, -0.3805278992628196, -0.3805278992628196, -0.3805278992628196, -0.3805278992628196, -0.3805278992628196, -0.3805278992628196, -0.3805278992628196, -0.3805278992628196, -0.3805278992628196, -0.3805278992628196, -0.3805278992628196, -0.3805278992628196, -0.3805278992628196, -0.3805278992628196, -0.3805278992628196, -0.3805278992628196, -0.3805278992628196, -0.3805278992628196, -0.3805278992628196, -0.3805278992628196, -0.3805278992628196, -0.3805278992628196, -0.3805278992628196, -0.3805278992628196], [-0.2728027156655326, 1.0, 0.15178072481935478, -0.03620859881637939, 0.7861696990312423, 0.2931163682223884, 0.41966204708920807, 0.5670769598077813, -0.32553128369686646, -0.17050040467824523, -0.3234546076061937, 0.4599820174177638, 0.8883320422460355, 0.7778722120371966, 0.9239002746731708, 0.39168059548095147, 0.6967562156562478, 0.003412254597425002, 0.4461515819622809, 0.8764849023406285, -0.3020558097321644, 0.1248671352111278, 0.5443256606219513, 0.35750209759356233, 0.5560429477734337, 0.5133736304325005, 0.2963971043681266, 0.39436793514439383, 0.5450549766592327, 0.48410815571704047, 0.3888756771734996, 0.10166715377819768, 0.09595787692624902, 0.7928319960502282, 0.7116146614117723, 0.605647774640862, 0.3612439412115134, 0.8792314132566746, 0.8069801703529724, 0.6943160183493938, 0.25899984065534654, 0.7634714846048655, 0.3213233406656504, 0.3366388357913672, 0.8358086454373246, 0.8744773429834195, 0.06510703140771168, 0.6986934733248008, 0.7446127874104638, 0.8899773745597575, 0.8011181836504729, -0.14581841736448475, 0.6571424716037108, -0.018400089543383347, 0.395713826997135, 0.5704079745486595, 0.5288583470973348, 0.10149929069983121, 0.41930265193512395, 0.5661643923524374, -0.1417882300620037, 0.19526475728554415, -0.7163412931845752, -0.7163412931845752, -0.7163412931845752, -0.7163412931845752, -0.7163412931845752, -0.7163412931845752, -0.7163412931845752, -0.7163412931845752, -0.7163412931845752, -0.7163412931845752, -0.7163412931845752, -0.7163412931845752, -0.7163412931845752, -0.7163412931845752, -0.7163412931845752, -0.7163412931845752, -0.7163412931845752, -0.7163412931845752, -0.7163412931845752, -0.7163412931845752, -0.7163412931845752, -0.7163412931845752, -0.7163412931845752, -0.7163412931845752, -0.7163412931845752, -0.7163412931845752, -0.7163412931845752, -0.7163412931845752, -0.7163412931845752, -0.7163412931845752, -0.7163412931845752], [0.37674353046630005, 0.15178072481935478, 1.0, 0.6281292407156327, -0.29595179540705985, 0.47082059882638494, 0.27370434356769, 0.3792876683941112, -0.029857857838609503, 0.7759913285660458, 0.28929173849033585, 0.4511451704435433, 0.030870059340649902, -0.13582155666035467, 0.13975842184825515, 0.8818326956712026, 0.39326624412936395, 0.5548925518172871, -0.25750681018217825, -0.18848120800512147, 0.23421373383316102, -0.41049353660855337, -0.4938784497131963, -0.5626558837846649, -0.304557774077157, -0.6150072990709674, -0.7424769023892082, -0.39617858227245595, -0.529427243937743, -0.3524183096497775, -0.47962574560766047, 0.7360102884300683, 0.6629250118204566, 0.6383540338927095, 0.2509877529383857, 0.34513820816884966, 0.1402288634849409, 0.5777668540642862, 0.0396374529264929, 0.4576167883492409, 0.9017652572652888, 0.1654204681146325, 0.894510288661932, 0.8466122319246294, 0.6675592336899048, -0.31850836303181573, 0.9431464948349538, 0.5453173880380078, -0.17347029824664717, -0.1966797726254279, -0.3969118263407798, 0.11062397818852088, -0.10883140096708632, -0.6185229782247901, -0.04710581396111024, -0.4140776767026262, -0.313742071274824, -0.9143656210249711, -0.6892407952946944, -0.35828582803071196, -0.40400678392504874, -0.7303786035130062, -0.09899785648316617, -0.09899785648316617, -0.09899785648316617, -0.09899785648316617, -0.09899785648316617, -0.09899785648316617, -0.09899785648316617, -0.09899785648316617, -0.09899785648316617, -0.09899785648316617, -0.09899785648316617, -0.09899785648316617, -0.09899785648316617, -0.09899785648316617, -0.09899785648316617, -0.09899785648316617, -0.09899785648316617, -0.09899785648316617, -0.09899785648316617, -0.09899785648316617, -0.09899785648316617, -0.09899785648316617, -0.09899785648316617, -0.09899785648316617, -0.09899785648316617, -0.09899785648316617, -0.09899785648316617, -0.09899785648316617, -0.09899785648316617, -0.09899785648316617, -0.09899785648316617], [0.2327540294773538, -0.03620859881637939, 0.6281292407156327, 1.0, 0.03888055959433656, 0.894835464659164, 0.7738232656642534, 0.755488416185801, 0.5280877825960689, 0.5661708970404441, 0.4547426589578256, 0.8296586644020011, 0.24309248111777992, 0.2096679047247445, 0.2556224373059135, 0.45185371092159454, 0.5994248092754845, 0.9941229108917119, 0.33799921521957166, 0.016818505146693696, 0.20124134939693183, 0.21881203534888016, -0.4823224671736701, -0.6569864737528317, -0.5836353513023167, -0.8305389475936087, -0.43797062912860607, -0.5759782232150807, -0.7893423839530125, -0.7071344089287428, -0.1871393153320895, 0.04648976345809286, -0.0188970152093777, 0.31732488464574216, 0.07099189364317327, -0.2725094833118058, 0.2898702471808148, 0.36892332926460103, -0.009395067252484957, 0.05435264127568684, 0.36924445341371137, 0.29648818918684583, 0.461418845067866, 0.2993652414893735, 0.3489402777009243, -0.4336612625785887, 0.5713857208160616, -0.14036178334262028, 0.18551783063279847, -0.0650470465453421, -0.15507614108922807, -0.34072806425583724, -0.5264202971481202, -0.6278445849422702, -0.5822392691238287, -0.7090212206965605, 0.2019543409956146, -0.46343931217776246, -0.6431781125751783, -0.206325157062222, -0.40798521211829897, -0.8268741213530402, -0.07530439635962227, -0.07530439635962227, -0.07530439635962227, -0.07530439635962227, -0.07530439635962227, -0.07530439635962227, -0.07530439635962227, -0.07530439635962227, -0.07530439635962227, -0.07530439635962227, -0.07530439635962227, -0.07530439635962227, -0.07530439635962227, -0.07530439635962227, -0.07530439635962227, -0.07530439635962227, -0.07530439635962227, -0.07530439635962227, -0.07530439635962227, -0.07530439635962227, -0.07530439635962227, -0.07530439635962227, -0.07530439635962227, -0.07530439635962227, -0.07530439635962227, -0.07530439635962227, -0.07530439635962227, -0.07530439635962227, -0.07530439635962227, -0.07530439635962227, -0.07530439635962227], [-0.516436575048834, 0.7861696990312423, -0.29595179540705985, 0.03888055959433656, 1.0, 0.4357772428541147, 0.6405643690154785, 0.6657797812671832, -0.05189614280553312, -0.51440070360641, -0.36333174056027095, 0.5617754333015104, 0.9389738097136299, 0.9758894580737282, 0.8993331500082272, -0.12311071426190079, 0.7125605394473111, 0.13038751224265865, 0.8559961966628755, 0.9599709438759051, -0.45351108674258933, 0.5003157934190361, 0.5558719780842126, 0.3343708115636702, 0.3559354423181744, 0.4740947091740745, 0.5578354561046189, 0.27144608230027567, 0.4429785890501762, 0.26457473100274587, 0.556540854723407, -0.5104445219437015, -0.504436141677707, 0.37405640441281096, 0.4239602660701671, 0.07216305990900906, 0.2919903064868212, 0.5733027101014211, 0.6471694816703136, 0.24422110677410913, -0.30467021946786144, 0.6882687079009058, -0.19420798326872046, -0.23647340618151236, 0.440444198024843, 0.8076059409253248, -0.3994607999845323, 0.11045968767031766, 0.9014091279170688, 0.9231095679979365, 0.9607211609805196, -0.5084333258749831, 0.3341009687177239, 0.03502494295005343, -0.0005025181768265607, 0.40370722707245565, 0.8094515198955929, 0.5274507743623104, 0.5182098925455684, 0.6165589887557285, -0.14261832619601056, 0.2406375255757952, -0.5523459549790704, -0.5523459549790704, -0.5523459549790704, -0.5523459549790704, -0.5523459549790704, -0.5523459549790704, -0.5523459549790704, -0.5523459549790704, -0.5523459549790704, -0.5523459549790704, -0.5523459549790704, -0.5523459549790704, -0.5523459549790704, -0.5523459549790704, -0.5523459549790704, -0.5523459549790704, -0.5523459549790704, -0.5523459549790704, -0.5523459549790704, -0.5523459549790704, -0.5523459549790704, -0.5523459549790704, -0.5523459549790704, -0.5523459549790704, -0.5523459549790704, -0.5523459549790704, -0.5523459549790704, -0.5523459549790704, -0.5523459549790704, -0.5523459549790704, -0.5523459549790704], [-0.1513020534775127, 0.2931163682223884, 0.47082059882638494, 0.894835464659164, 0.4357772428541147, 1.0, 0.9675545061068392, 0.9399365219212404, 0.2926156457289055, 0.21208803302951063, 0.09684265416447402, 0.9822359238859101, 0.5819349904053458, 0.6020714192241905, 0.5949706043170755, 0.31182996845647004, 0.8739517559598678, 0.9216380331609777, 0.6841944632488736, 0.3644409421091712, -0.1704985548423441, 0.24413974935729743, -0.325732425580058, -0.5702889474624231, -0.48268310315428997, -0.5741274674258667, -0.28827929457824886, -0.5356769399090457, -0.5737022322507221, -0.6124442189986223, -0.09807534443976018, -0.19658624283013437, -0.2696429577588666, 0.39633375439275564, 0.11405469078522801, -0.278804364728662, 0.20392023573516882, 0.5855891364921916, 0.14385508986910667, 0.0584528266394535, 0.17900478774556894, 0.43612239825711097, 0.2901892117567626, 0.13102922165146969, 0.5048759078337873, -0.07654921661525615, 0.31749230793046435, -0.07965646414503746, 0.44845131760671075, 0.2650818995153861, 0.21275009803128897, -0.6352710715310275, -0.41867450899759784, -0.6888050872140581, -0.6141090692305173, -0.5434821270962886, 0.39507172847225447, -0.28470427692909084, -0.46280889115700985, -0.07745340066628503, -0.5927239743344139, -0.7261330085865918, -0.160536829741313, -0.160536829741313, -0.160536829741313, -0.160536829741313, -0.160536829741313, -0.160536829741313, -0.160536829741313, -0.160536829741313, -0.160536829741313, -0.160536829741313, -0.160536829741313, -0.160536829741313, -0.160536829741313, -0.160536829741313, -0.160536829741313, -0.160536829741313, -0.160536829741313, -0.160536829741313, -0.160536829741313, -0.160536829741313, -0.160536829741313, -0.160536829741313, -0.160536829741313, -0.160536829741313, -0.160536829741313, -0.160536829741313, -0.160536829741313, -0.160536829741313, -0.160536829741313, -0.160536829741313, -0.16053682974131278], [-0.2778717600299574, 0.41966204708920807, 0.27370434356769, 0.7738232656642534, 0.6405643690154785, 0.9675545061068392, 1.0, 0.9703322148450534, 0.2695201433614234, 0.01619758305849439, -0.007517902052289305, 0.9798405933312118, 0.7312840402939521, 0.7724006562242385, 0.7235612735807708, 0.1776773461658716, 0.9153235748759682, 0.8251006003900426, 0.8344925337943401, 0.5573260393363547, -0.26773866007245717, 0.37717304533103335, -0.13108404583043676, -0.3965606026076469, -0.33706485853559287, -0.37003057214004587, -0.07152008225761519, -0.39351687027876836, -0.3834755595112136, -0.4721049621077942, 0.07961699523853705, -0.3590476969159764, -0.4173523607072369, 0.38327294499987674, 0.1746082524797843, -0.27355335672003456, 0.2433077074267347, 0.6028749923447736, 0.26898174478330805, 0.06399943534279673, 0.01446068198780781, 0.5351342235028149, 0.14166236598574367, -0.00962840174310986, 0.49215982990541085, 0.12982120578256828, 0.1187329915181643, -0.10415190505236782, 0.6231693225303617, 0.45914191575576413, 0.4377327428218464, -0.6983391259027032, -0.3026769102201141, -0.5620037374808593, -0.5586876178370681, -0.37393520614919185, 0.5698132740787945, -0.05939972064109966, -0.24738125368531794, 0.09867659043024302, -0.5301062993139138, -0.5451503267190163, -0.2596942914229692, -0.2596942914229692, -0.2596942914229692, -0.2596942914229692, -0.2596942914229692, -0.2596942914229692, -0.2596942914229692, -0.2596942914229692, -0.2596942914229692, -0.2596942914229692, -0.2596942914229692, -0.2596942914229692, -0.2596942914229692, -0.2596942914229692, -0.2596942914229692, -0.2596942914229692, -0.2596942914229692, -0.2596942914229692, -0.2596942914229692, -0.2596942914229692, -0.2596942914229692, -0.2596942914229692, -0.2596942914229692, -0.2596942914229692, -0.2596942914229692, -0.2596942914229692, -0.2596942914229692, -0.2596942914229692, -0.2596942914229692, -0.2596942914229692, -0.2596942914229692], [-0.14659304704770926, 0.5670769598077813, 0.3792876683941112, 0.755488416185801, 0.6657797812671832, 0.9399365219212404, 0.9703322148450534, 1.0, 0.26866035002613553, 0.1390512364139691, 0.07410332392884766, 0.9860697818909689, 0.8142043399777747, 0.7846618713469732, 0.8172663405642124, 0.3710592681763156, 0.9439900811698391, 0.8008136893319248, 0.7497069576088583, 0.6474497203030071, -0.15170764602766296, 0.39349082283411985, -0.00031485614623028013, -0.27518004741322866, -0.16059535969109207, -0.28995865906820395, -0.0264435008336541, -0.23574710008879474, -0.2691881644040621, -0.3085537909374261, 0.17784087722009634, -0.1742507449709758, -0.22463946948269564, 0.5901367046024726, 0.3952396937791305, -0.03613674268680089, 0.4073236813880794, 0.7487958338618296, 0.45974986632435744, 0.3032318700432306, 0.1982099530250626, 0.6971744295320187, 0.3292071698198473, 0.19301642658701035, 0.6624235143070615, 0.24498467631022158, 0.25985813036993455, 0.11288691195669476, 0.7089560619558056, 0.571070343889962, 0.5011072019528767, -0.5379815521728823, -0.09967942191702006, -0.4817180248013746, -0.3559417557680673, -0.2245831311759099, 0.6231718375967337, -0.09994311324376359, -0.16431902059416936, 0.23522251118071547, -0.4308405217640485, -0.478112872432892, -0.4556061835975822, -0.4556061835975822, -0.4556061835975822, -0.4556061835975822, -0.4556061835975822, -0.4556061835975822, -0.4556061835975822, -0.4556061835975822, -0.4556061835975822, -0.4556061835975822, -0.4556061835975822, -0.4556061835975822, -0.4556061835975822, -0.4556061835975822, -0.4556061835975822, -0.4556061835975822, -0.4556061835975822, -0.4556061835975822, -0.4556061835975822, -0.4556061835975822, -0.4556061835975822, -0.4556061835975822, -0.4556061835975822, -0.4556061835975822, -0.4556061835975822, -0.4556061835975822, -0.4556061835975822, -0.4556061835975822, -0.4556061835975822, -0.4556061835975822, -0.4556061835975822], [0.6415757581286977, -0.32553128369686646, -0.029857857838609503, 0.5280877825960689, -0.05189614280553312, 0.2926156457289055, 0.2695201433614234, 0.26866035002613553, 1.0, 0.48428753549189074, 0.8695803923871227, 0.25518131844935543, 0.0017679982353212553, -0.07035071543990101, -0.09540559052247999, 0.09154220527169155, -0.06401077021463086, 0.5552192457804564, 0.0697231372198791, 0.007563954072797308, 0.7300520546032039, 0.792662520934303, 0.1374872100318637, 0.08206917469570019, -0.04135307433594959, -0.3923169371044746, 0.30960212314949986, 0.12069382533797846, -0.31291558379684736, -0.15475140327684866, 0.49384148822401186, -0.1024654858343994, -0.06073617894194894, -0.027849618172114177, 0.2420052655139593, -0.19117057472466126, 0.6879872814689424, -0.2199675664478593, 0.19068309796478267, 0.05737914554499757, 0.009577447913778792, 0.35558008375268857, 0.1152205890831246, 0.009678198285227646, -0.2177179256484083, -0.3324514829809826, 0.18814192904873683, -0.42181115530196145, 0.2989365782203348, -0.006367630798820745, -0.03087150696880836, 0.22496156411068058, -0.16426242289802273, 0.288549014454337, -0.12329056879238265, -0.20863253099539847, 0.5126316948664978, 0.250854943830511, 0.040822318058245655, 0.3553325642612517, 0.49889839231107014, -0.06348184556796976, -0.32335360827600246, -0.32335360827600246, -0.32335360827600246, -0.32335360827600246, -0.32335360827600246, -0.32335360827600246, -0.32335360827600246, -0.32335360827600246, -0.32335360827600246, -0.32335360827600246, -0.32335360827600246, -0.32335360827600246, -0.32335360827600246, -0.32335360827600246, -0.32335360827600246, -0.32335360827600246, -0.32335360827600246, -0.32335360827600246, -0.32335360827600246, -0.32335360827600246, -0.32335360827600246, -0.32335360827600246, -0.32335360827600246, -0.32335360827600246, -0.32335360827600246, -0.32335360827600246, -0.32335360827600246, -0.32335360827600246, -0.32335360827600246, -0.32335360827600246, -0.32335360827600246], [0.8662926474752081, -0.17050040467824523, 0.7759913285660458, 0.5661708970404441, -0.51440070360641, 0.21208803302951063, 0.01619758305849439, 0.1390512364139691, 0.48428753549189074, 1.0, 0.811664029318221, 0.18025519635198461, -0.21400676403100194, -0.44221947940689454, -0.17314809484630667, 0.816846493976363, -0.03195511510450255, 0.4986886487708724, -0.5198307140770226, -0.33112499275200236, 0.7887483078508947, -0.002291876174035812, -0.24252410662636015, -0.23999904817439432, -0.09596644753307904, -0.599544116461409, -0.40424513865091405, -0.061457945596964825, -0.46012003968120396, -0.16073262950597234, -0.1031287967129546, 0.7699343096401713, 0.7573652459016619, 0.46372668407754336, 0.3791151148869122, 0.36828849861891066, 0.5100380773996444, 0.1903827672871825, 0.12051687125851407, 0.49152275668768297, 0.8410729385943916, 0.21941119560189704, 0.8534192248048507, 0.8097735212975108, 0.31887356185408233, -0.48189026706616267, 0.9310735466839316, 0.32855887877524204, -0.16647594982649205, -0.3021052568967537, -0.4986044859089016, 0.5509773630844412, -0.006254930350372501, -0.11541102143299797, 0.16681996264695287, -0.2882271554695057, -0.1483449795461882, -0.6234679965523444, -0.4432877539484239, -0.07666068657089209, 0.19199981081331652, -0.43734194975050444, -0.2577394457275779, -0.2577394457275779, -0.2577394457275779, -0.2577394457275779, -0.2577394457275779, -0.2577394457275779, -0.2577394457275779, -0.2577394457275779, -0.2577394457275779, -0.2577394457275779, -0.2577394457275779, -0.2577394457275779, -0.2577394457275779, -0.2577394457275779, -0.2577394457275779, -0.2577394457275779, -0.2577394457275779, -0.2577394457275779, -0.2577394457275779, -0.2577394457275779, -0.2577394457275779, -0.2577394457275779, -0.2577394457275779, -0.2577394457275779, -0.2577394457275779, -0.2577394457275779, -0.2577394457275779, -0.2577394457275779, -0.2577394457275779, -0.2577394457275779, -0.2577394457275779], [0.9321473925911964, -0.3234546076061937, 0.28929173849033585, 0.4547426589578256, -0.36333174056027095, 0.09684265416447402, -0.007517902052289305, 0.07410332392884766, 0.8695803923871227, 0.811664029318221, 1.0, 0.06910217942900676, -0.19373890784195513, -0.3786479778548326, -0.24110338481930094, 0.45132096480283623, -0.22660981553475978, 0.4340282468362785, -0.36379196778723655, -0.20027721872385218, 0.9557326058874699, 0.5062001149301418, 0.08314488350202554, 0.0920542101294366, 0.07423738367584953, -0.4223203559227573, 0.09217273782090496, 0.2086321175954433, -0.28997620602588414, -0.01360636362877754, 0.34276270025426037, 0.3931917531101137, 0.4331735556477383, 0.1855327920276738, 0.3932522990456315, 0.1704598052983326, 0.7316281363923989, -0.1355774629423272, 0.21836942805176018, 0.33553684044188525, 0.42972402692029066, 0.3135062358277455, 0.48798465929344637, 0.42997092599304354, -0.04882237122047561, -0.41345123332528533, 0.5568001941690777, -0.05506267197635051, 0.06345184551498406, -0.16962258461692503, -0.2850699206595353, 0.5963823416247298, 0.026912666730497192, 0.3071623677349221, 0.17774419797424068, -0.13043287622757882, 0.2219033021830723, -0.08023147975035005, -0.06730875163026351, 0.26637562961178274, 0.5876732668202937, -0.08896843292434986, -0.374823979671042, -0.374823979671042, -0.374823979671042, -0.374823979671042, -0.374823979671042, -0.374823979671042, -0.374823979671042, -0.374823979671042, -0.374823979671042, -0.374823979671042, -0.374823979671042, -0.374823979671042, -0.374823979671042, -0.374823979671042, -0.374823979671042, -0.374823979671042, -0.374823979671042, -0.374823979671042, -0.374823979671042, -0.374823979671042, -0.374823979671042, -0.374823979671042, -0.374823979671042, -0.374823979671042, -0.374823979671042, -0.374823979671042, -0.374823979671042, -0.374823979671042, -0.374823979671042, -0.374823979671042, -0.374823979671042], [-0.15854360425013692, 0.4599820174177638, 0.4511451704435433, 0.8296586644020011, 0.5617754333015104, 0.9822359238859101, 0.9798405933312118, 0.9860697818909689, 0.25518131844935543, 0.18025519635198461, 0.06910217942900676, 1.0, 0.7174376094390119, 0.7083020993731631, 0.7304089060914639, 0.36720973634967535, 0.9341093411953004, 0.8644602096357606, 0.7201263165575529, 0.5198384404186802, -0.17607237980987778, 0.2979116490216299, -0.16600762292555848, -0.4303157650294276, -0.3171852126587196, -0.4287329040109271, -0.17386392337012269, -0.38961232230226184, -0.4171378274366129, -0.45660834158358266, 0.02778929651017714, -0.16582578636322576, -0.23015725035415469, 0.5241181186891044, 0.26994849959417855, -0.13476500718505302, 0.3032886108425208, 0.7024209315010782, 0.3154384243951609, 0.2036588393680714, 0.2134705414182807, 0.5795407084769717, 0.3338511334294203, 0.18715644437204326, 0.6197796380706656, 0.1008935346069254, 0.30744143033266, 0.05019830108930934, 0.5849523682141992, 0.4321538402726537, 0.3652589207956103, -0.592448964332265, -0.246036851947955, -0.6056469099264001, -0.47687007382620594, -0.3786257430242179, 0.5039085596176687, -0.21533748882369075, -0.3216991164528493, 0.07560440101488453, -0.5337696504557079, -0.6141115364635805, -0.31871869702152056, -0.31871869702152056, -0.31871869702152056, -0.31871869702152056, -0.31871869702152056, -0.31871869702152056, -0.31871869702152056, -0.31871869702152056, -0.31871869702152056, -0.31871869702152056, -0.31871869702152056, -0.31871869702152056, -0.31871869702152056, -0.31871869702152056, -0.31871869702152056, -0.31871869702152056, -0.31871869702152056, -0.31871869702152056, -0.31871869702152056, -0.31871869702152056, -0.31871869702152056, -0.31871869702152056, -0.31871869702152056, -0.31871869702152056, -0.31871869702152056, -0.31871869702152056, -0.31871869702152056, -0.31871869702152056, -0.31871869702152056, -0.31871869702152056, -0.31871869702152056], [-0.31578141791375813, 0.8883320422460355, 0.030870059340649902, 0.24309248111777992, 0.9389738097136299, 0.5819349904053458, 0.7312840402939521, 0.8142043399777747, 0.0017679982353212553, -0.21400676403100194, -0.19373890784195513, 0.7174376094390119, 1.0, 0.9529088841177012, 0.9895610899138386, 0.22082806552398948, 0.844126835207911, 0.31409859020927877, 0.7607577402368829, 0.9626090460371625, -0.29388938161103173, 0.44868887411056146, 0.49263242744029134, 0.24045212460714538, 0.3533266173320936, 0.31827171286952705, 0.3953099429977289, 0.24316726176833559, 0.3318378181996883, 0.233864286710328, 0.5049248327858079, -0.22995851474003737, -0.23835587135923197, 0.6547636404999669, 0.6186681721636197, 0.2687490035072011, 0.45538019331169866, 0.7994659234597155, 0.7680531111983315, 0.49192126063579633, 0.03261799006860899, 0.842732311910282, 0.15109187192089713, 0.0948563044731846, 0.701544031962469, 0.7610202560763809, -0.06015145660229715, 0.34054749660135053, 0.9238999030571132, 0.9320408039189639, 0.8893229427128326, -0.396322249676373, 0.3912844246939906, -0.08508799612229145, 0.07176025065426195, 0.34756190964412204, 0.789265579839999, 0.27239283997946984, 0.3707324514632713, 0.6092403922032084, -0.1822796968157947, 0.06335672778972401, -0.6994808502473373, -0.6994808502473373, -0.6994808502473373, -0.6994808502473373, -0.6994808502473373, -0.6994808502473373, -0.6994808502473373, -0.6994808502473373, -0.6994808502473373, -0.6994808502473373, -0.6994808502473373, -0.6994808502473373, -0.6994808502473373, -0.6994808502473373, -0.6994808502473373, -0.6994808502473373, -0.6994808502473373, -0.6994808502473373, -0.6994808502473373, -0.6994808502473373, -0.6994808502473373, -0.6994808502473373, -0.6994808502473373, -0.6994808502473373, -0.6994808502473373, -0.6994808502473373, -0.6994808502473373, -0.6994808502473373, -0.6994808502473373, -0.6994808502473373, -0.6994808502473373], [-0.5529141458009046, 0.7778722120371966, -0.13582155666035467, 0.2096679047247445, 0.9758894580737282, 0.6020714192241905, 0.7724006562242385, 0.7846618713469732, -0.07035071543990101, -0.44221947940689454, -0.3786479778548326, 0.7083020993731631, 0.9529088841177012, 1.0, 0.9314412510272858, -0.043548044002639896, 0.8415243052921192, 0.29277137448734103, 0.9077763398941303, 0.9145563638626083, -0.5119248882061505, 0.4125339122732288, 0.375870029912982, 0.12878918603243328, 0.17982012289307736, 0.29740676227923557, 0.3734002362506008, 0.07808949038596458, 0.26134145996527325, 0.08000290892346829, 0.40013602349690436, -0.4868082796685007, -0.5048147874978859, 0.41724935641522953, 0.3604280951188603, 0.00022218090433712145, 0.2273782202021063, 0.6588524347406206, 0.5664961866006657, 0.20934562613829055, -0.22505348429131633, 0.6611222530651085, -0.11238526543315097, -0.179420745741955, 0.5226850707398197, 0.7039596628247675, -0.2874162409607377, 0.10804373643151499, 0.8565304976718697, 0.8579595029804684, 0.8814415568286176, -0.6289703894472827, 0.1886198639903045, -0.17807716731254186, -0.1532992781134892, 0.22333238819405254, 0.7436584787297379, 0.35763328627158986, 0.32015669920708034, 0.4693630968099246, -0.32831573524698254, 0.02522400492868726, -0.4756239126862274, -0.4756239126862274, -0.4756239126862274, -0.4756239126862274, -0.4756239126862274, -0.4756239126862274, -0.4756239126862274, -0.4756239126862274, -0.4756239126862274, -0.4756239126862274, -0.4756239126862274, -0.4756239126862274, -0.4756239126862274, -0.4756239126862274, -0.4756239126862274, -0.4756239126862274, -0.4756239126862274, -0.4756239126862274, -0.4756239126862274, -0.4756239126862274, -0.4756239126862274, -0.4756239126862274, -0.4756239126862274, -0.4756239126862274, -0.4756239126862274, -0.4756239126862274, -0.4756239126862274, -0.4756239126862274, -0.4756239126862274, -0.4756239126862274, -0.4756239126862274], [-0.3300423560414867, 0.9239002746731708, 0.13975842184825515, 0.2556224373059135, 0.8993331500082272, 0.5949706043170755, 0.7235612735807708, 0.8172663405642124, -0.09540559052247999, -0.17314809484630667, -0.24110338481930094, 0.7304089060914639, 0.9895610899138386, 0.9314412510272858, 1.0, 0.304327908668965, 0.8794750911304413, 0.31525894851675873, 0.7148042687065727, 0.9292290775999175, -0.33197534709446463, 0.32469660251162824, 0.4224173677180336, 0.1717896535231439, 0.3224943037646478, 0.28698261407618486, 0.2830305328955305, 0.18883237048731438, 0.30235460523457847, 0.21023558883693316, 0.4020758764267338, -0.13704794671330833, -0.1568125972486527, 0.7177269176758393, 0.6162898460289137, 0.3223487874627309, 0.40104960141322366, 0.8711491464871699, 0.7456856282521634, 0.5307256047624745, 0.1285437555308535, 0.8165830899550732, 0.23463969593255796, 0.18432855971097617, 0.7842259644888, 0.7492477204031114, 0.024103534275845995, 0.43552052438670574, 0.865215810365769, 0.899861790328211, 0.8383599151422014, -0.3977934204714253, 0.3923819336246275, -0.17482554707293874, 0.08017628740023908, 0.32065355001792106, 0.6972802685721053, 0.14818563039660915, 0.2902016926392478, 0.5311633363993171, -0.26756151092494873, -0.007405058644231577, -0.6719569278330746, -0.6719569278330746, -0.6719569278330746, -0.6719569278330746, -0.6719569278330746, -0.6719569278330746, -0.6719569278330746, -0.6719569278330746, -0.6719569278330746, -0.6719569278330746, -0.6719569278330746, -0.6719569278330746, -0.6719569278330746, -0.6719569278330746, -0.6719569278330746, -0.6719569278330746, -0.6719569278330746, -0.6719569278330746, -0.6719569278330746, -0.6719569278330746, -0.6719569278330746, -0.6719569278330746, -0.6719569278330746, -0.6719569278330746, -0.6719569278330746, -0.6719569278330746, -0.6719569278330746, -0.6719569278330746, -0.6719569278330746, -0.6719569278330746, -0.6719569278330746], [0.5806388553850792, 0.39168059548095147, 0.8818326956712026, 0.45185371092159454, -0.12311071426190079, 0.31182996845647004, 0.1776773461658716, 0.3710592681763156, 0.09154220527169155, 0.816846493976363, 0.45132096480283623, 0.36720973634967535, 0.22082806552398948, -0.043548044002639896, 0.304327908668965, 1.0, 0.34169966363248194, 0.39605880957670747, -0.31174630935363035, 0.08772632360556754, 0.4649347051304674, -0.13808733235173198, -0.03534702772158105, -0.11486831262667185, 0.15930363458760655, -0.2847320565115785, -0.35901978343163377, 0.07483824385345883, -0.1487116360767149, 0.08438582232756886, -0.05084892437074018, 0.8483316373603089, 0.8197761440999948, 0.8644297063629204, 0.6618606430003832, 0.6986136321567994, 0.5183272126422707, 0.683459875770695, 0.4587199831383879, 0.8130683034603824, 0.978539250356926, 0.5060703302393691, 0.9971322389068349, 0.981777186788371, 0.7900090639125934, 0.00614768683351119, 0.9373290852915847, 0.7678603575610575, 0.12077379484975481, 0.12375881241678033, -0.11287771593920737, 0.41117810410047984, 0.33152833481916466, -0.22255338664476643, 0.3667582494631767, 0.011880005590568454, -0.019024123772560353, -0.6580663367677868, -0.2777294568423989, 0.09570754713061735, -0.019605544658766627, -0.35944837874435587, -0.5217494349942293, -0.5217494349942293, -0.5217494349942293, -0.5217494349942293, -0.5217494349942293, -0.5217494349942293, -0.5217494349942293, -0.5217494349942293, -0.5217494349942293, -0.5217494349942293, -0.5217494349942293, -0.5217494349942293, -0.5217494349942293, -0.5217494349942293, -0.5217494349942293, -0.5217494349942293, -0.5217494349942293, -0.5217494349942293, -0.5217494349942293, -0.5217494349942293, -0.5217494349942293, -0.5217494349942293, -0.5217494349942293, -0.5217494349942293, -0.5217494349942293, -0.5217494349942293, -0.5217494349942293, -0.5217494349942293, -0.5217494349942293, -0.5217494349942293, -0.5217494349942293], [-0.3799329017871833, 0.6967562156562478, 0.39326624412936395, 0.5994248092754845, 0.7125605394473111, 0.8739517559598678, 0.9153235748759682, 0.9439900811698391, -0.06401077021463086, -0.03195511510450255, -0.22660981553475978, 0.9341093411953004, 0.844126835207911, 0.8415243052921192, 0.8794750911304413, 0.34169966363248194, 1.0, 0.6380641014604632, 0.7606241594893217, 0.6703805726695373, -0.41401035962015476, 0.1400948798158531, -0.0466603625526405, -0.31274887355651226, -0.1548246690284425, -0.1634597810784577, -0.12856621372126553, -0.2874345141204031, -0.17080956304290495, -0.26902147292613754, 0.01691332781977395, -0.15747479005713672, -0.22381302802900027, 0.612511064755162, 0.32000574263746884, 0.018819570131469843, 0.18170457593054667, 0.8457984831954771, 0.4074381419771489, 0.28542923583111324, 0.19010714191430456, 0.597422869256662, 0.29005142236084525, 0.18466070523093914, 0.7537156434793032, 0.36901691482874, 0.19360940042270036, 0.25194476675820066, 0.6341731918722621, 0.5951958506299486, 0.5338788293241439, -0.6423317351592401, -0.051614591758680106, -0.5970738122895844, -0.3328883437683816, -0.16220113908909584, 0.47353434465810085, -0.18106457857400438, -0.18108184788379034, 0.12215949111782987, -0.6188657627686887, -0.4709376577104929, -0.3568464719337554, -0.3568464719337554, -0.3568464719337554, -0.3568464719337554, -0.3568464719337554, -0.3568464719337554, -0.3568464719337554, -0.3568464719337554, -0.3568464719337554, -0.3568464719337554, -0.3568464719337554, -0.3568464719337554, -0.3568464719337554, -0.3568464719337554, -0.3568464719337554, -0.3568464719337554, -0.3568464719337554, -0.3568464719337554, -0.3568464719337554, -0.3568464719337554, -0.3568464719337554, -0.3568464719337554, -0.3568464719337554, -0.3568464719337554, -0.3568464719337554, -0.3568464719337554, -0.3568464719337554, -0.3568464719337554, -0.3568464719337554, -0.3568464719337554, -0.3568464719337554], [0.18591344191404535, 0.003412254597425002, 0.5548925518172871, 0.9941229108917119, 0.13038751224265865, 0.9216380331609777, 0.8251006003900426, 0.8008136893319248, 0.5552192457804564, 0.4986886487708724, 0.4340282468362785, 0.8644602096357606, 0.31409859020927877, 0.29277137448734103, 0.31525894851675873, 0.39605880957670747, 0.6380641014604632, 1.0, 0.4264201707336728, 0.09840137971333951, 0.1690946139157694, 0.2999202083653685, -0.4198781418276525, -0.6110133509134992, -0.5536825931138276, -0.7826571244597076, -0.35463318292972557, -0.5431548687810861, -0.7472710583177338, -0.6853406228264409, -0.11251918519197712, -0.040447280570363064, -0.10152903933182089, 0.3081510290708477, 0.08930517311553743, -0.30113006367180906, 0.3188005711301847, 0.3765951207754218, 0.03634539950805249, 0.04259466764251052, 0.2957960972029343, 0.3471014157384944, 0.4003138032629281, 0.23267326847050385, 0.34053055558297474, -0.37098134014221484, 0.49638958655888366, -0.1798495453736637, 0.2706943675170821, 0.012094322025418713, -0.06429985335418853, -0.3901701825940276, -0.5117132737933254, -0.5954688328390705, -0.5963890581408757, -0.673970964391212, 0.293799542310728, -0.3720139599057135, -0.575721402782273, -0.13831136863787163, -0.3939661514285322, -0.7827197911954626, -0.11445510594932551, -0.11445510594932551, -0.11445510594932551, -0.11445510594932551, -0.11445510594932551, -0.11445510594932551, -0.11445510594932551, -0.11445510594932551, -0.11445510594932551, -0.11445510594932551, -0.11445510594932551, -0.11445510594932551, -0.11445510594932551, -0.11445510594932551, -0.11445510594932551, -0.11445510594932551, -0.11445510594932551, -0.11445510594932551, -0.11445510594932551, -0.11445510594932551, -0.11445510594932551, -0.11445510594932551, -0.11445510594932551, -0.11445510594932551, -0.11445510594932551, -0.11445510594932551, -0.11445510594932551, -0.11445510594932551, -0.11445510594932551, -0.11445510594932551, -0.11445510594932551], [-0.6404437744456297, 0.4461515819622809, -0.25750681018217825, 0.33799921521957166, 0.8559961966628755, 0.6841944632488736, 0.8344925337943401, 0.7497069576088583, 0.0697231372198791, -0.5198307140770226, -0.36379196778723655, 0.7201263165575529, 0.7607577402368829, 0.9077763398941303, 0.7148042687065727, -0.31174630935363035, 0.7606241594893217, 0.4264201707336728, 1.0, 0.7003041584909823, -0.5714320802074835, 0.44699760078040296, 0.12076430556314133, -0.10835143432737282, -0.1571460553338988, 0.054676920931327255, 0.2754669028006118, -0.20428319452342136, -0.02271414001407268, -0.24754356476534922, 0.24930291560475282, -0.7512105739412469, -0.7803770445167846, 0.0708422262351146, 0.008043331400828801, -0.4155098217084787, 0.03431062062725654, 0.37485198321394, 0.23544832157555196, -0.1803928776668291, -0.4769441418889666, 0.40422057062006145, -0.3628647208704565, -0.4694789815756004, 0.2094662087873982, 0.40400062953687577, -0.4357248036054657, -0.2983951647755907, 0.6935082588077042, 0.6067826415244632, 0.6979318438936222, -0.8346311028970583, -0.20015356584519517, -0.3028833533105795, -0.5141511388860529, -0.09831097785705167, 0.6637693254115302, 0.39032743130846814, 0.1259389888718142, 0.23676216299890718, -0.4368025735898382, -0.14211097186912847, -0.16209255457684635, -0.16209255457684635, -0.16209255457684635, -0.16209255457684635, -0.16209255457684635, -0.16209255457684635, -0.16209255457684635, -0.16209255457684635, -0.16209255457684635, -0.16209255457684635, -0.16209255457684635, -0.16209255457684635, -0.16209255457684635, -0.16209255457684635, -0.16209255457684635, -0.16209255457684635, -0.16209255457684635, -0.16209255457684635, -0.16209255457684635, -0.16209255457684635, -0.16209255457684635, -0.16209255457684635, -0.16209255457684635, -0.16209255457684635, -0.16209255457684635, -0.16209255457684635, -0.16209255457684635, -0.16209255457684635, -0.16209255457684635, -0.16209255457684635, -0.16209255457684635], [-0.29765804920505556, 0.8764849023406285, -0.18848120800512147, 0.016818505146693696, 0.9599709438759051, 0.3644409421091712, 0.5573260393363547, 0.6474497203030071, 0.007563954072797308, -0.33112499275200236, -0.20027721872385218, 0.5198384404186802, 0.9626090460371625, 0.9145563638626083, 0.9292290775999175, 0.08772632360556754, 0.6703805726695373, 0.09840137971333951, 0.7003041584909823, 1.0, -0.2473016535397119, 0.5407335853104437, 0.6968103677268331, 0.48148011586162853, 0.5500640160208907, 0.5364164012038468, 0.615372818755838, 0.4625569130527851, 0.5497508115757371, 0.4461896002091794, 0.6773467926305067, -0.28369230736804485, -0.26331745105395554, 0.5649621633736717, 0.6583625809257135, 0.3270250121148155, 0.4980169995492256, 0.6669665383044006, 0.8337935387818405, 0.49658456979339183, -0.09627947161744776, 0.8409522433003908, 0.01606060315618052, -0.008511872135910314, 0.570375098796905, 0.8765379654350569, -0.22663135057175965, 0.31676057442958405, 0.956331926711477, 0.9918665326900654, 0.9750460151992479, -0.26726802283428386, 0.5469824806774829, 0.17029219602812162, 0.23846118742886735, 0.556739405891738, 0.8503084433134362, 0.4883512443875824, 0.6075583057959765, 0.7659927652196192, 0.03234227331341155, 0.3288098955506922, -0.7575696566459464, -0.7575696566459464, -0.7575696566459464, -0.7575696566459464, -0.7575696566459464, -0.7575696566459464, -0.7575696566459464, -0.7575696566459464, -0.7575696566459464, -0.7575696566459464, -0.7575696566459464, -0.7575696566459464, -0.7575696566459464, -0.7575696566459464, -0.7575696566459464, -0.7575696566459464, -0.7575696566459464, -0.7575696566459464, -0.7575696566459464, -0.7575696566459464, -0.7575696566459464, -0.7575696566459464, -0.7575696566459464, -0.7575696566459464, -0.7575696566459464, -0.7575696566459464, -0.7575696566459464, -0.7575696566459464, -0.7575696566459464, -0.7575696566459464, -0.7575696566459467], [0.9858799335984643, -0.3020558097321644, 0.23421373383316102, 0.20124134939693183, -0.45351108674258933, -0.1704985548423441, -0.26773866007245717, -0.15170764602766296, 0.7300520546032039, 0.7887483078508947, 0.9557326058874699, -0.17607237980987778, -0.29388938161103173, -0.5119248882061505, -0.33197534709446463, 0.4649347051304674, -0.41401035962015476, 0.1690946139157694, -0.5714320802074835, -0.2473016535397119, 1.0, 0.39802744472550566, 0.20756137947634046, 0.27364292520793065, 0.27042749427975565, -0.22607178838810493, 0.15498917557236302, 0.39701138339444575, -0.08316215369974223, 0.2150555292159282, 0.37359059421879104, 0.5361184724357294, 0.5936974033584108, 0.19200563236867452, 0.4518160016635735, 0.3606454055614212, 0.7112860677073558, -0.18892120148464242, 0.25843477883320654, 0.42994063678565997, 0.4762840960725466, 0.26040280571079943, 0.5025015876453678, 0.4962005033979847, -0.07146664733675312, -0.3215493959206559, 0.5388561523951664, 0.0958317424809072, -0.025648586182229316, -0.1821783765759697, -0.3069664951369002, 0.8055499348818377, 0.22981772755166574, 0.4833937256069717, 0.4244673818737772, 0.07872221061544415, 0.11491031979064159, -0.0544119564406802, 0.07331484104538899, 0.3202213992275815, 0.7365171544030786, 0.11382056420250997, -0.40443803013419544, -0.40443803013419544, -0.40443803013419544, -0.40443803013419544, -0.40443803013419544, -0.40443803013419544, 