"[[1.0, 0.03997746641232802, -0.4679679148299676, -0.003363888909895696, -0.21409223577830705, 0.18362553132455894, -0.5389362564679054, -0.5696668180919346, -0.3715851175633136, -0.4022722879572853, -0.3868944244249817, 0.17566734577634846, -0.7783041708843417, -0.8360479974740214, 0.3675003345795791, -0.32198838622208803, 0.4040231634888516, -0.13047433522917018, -0.05166497816599924, 0.5509503767664183, -0.6011093305289623, 0.5802725118292382, 0.6042465805884868, 0.264426784936745, 0.2124579373969605, 0.9162656854244294, 0.6176285467032806, 0.21335843775874208, 0.3392147840195687, 0.42902422994353506, 0.13743576599159113, -0.07481823162955648, 0.3175089990616975, -0.7817312017936175, -0.6587186921424077, -0.287465615255605, -0.4557127219283619, -0.6143598669077603, 0.06444713763396326, -0.4755821749021649, -0.9792179042017901, 0.4210772627079986, -0.8432847173789955, -0.3445064936434097, 0.757234265024434, 0.2877492842892665, -0.757737547278241, 0.829547866581489, -0.25163229983739677, 0.7252656521322686, 0.6943734553996992, -0.8118340381587514, 0.9463974163323604, 0.47278864153997757, 0.8013114503764892, 0.4220050222958658, 0.73603850567148, 0.7693657135671323, 0.020676640365655863, 0.42359033798248025], [0.03997746641232802, 1.0, -0.47912920228756595, 0.9787415454722913, 0.648208129415854, 0.9505182037544834, -0.06902511697593217, -0.20539432944277336, 0.29078158706669033, 0.6835981356993187, 0.8999781246974975, 0.8021734708987109, 0.33585497488349914, 0.4373879177435559, 0.17524462175087985, 0.37044512488785564, -0.24928410444725202, 0.2561264762989658, -0.8975767041597369, 0.7881967280385155, -0.5379426377382681, 0.18379058290473382, 0.41599105955115845, -0.40753520461593107, -0.18778393626527023, 0.41812515282858664, 0.17570974154092522, 0.1844492693476718, -0.4125897477202136, 0.16281652629997434, 0.04373709197554354, -0.042426518939779445, -0.9204757524326175, -0.3785536407646317, -0.6526048931889115, -0.5021719457653404, -0.8440481725016977, -0.6765561771913904, -0.522177524022784, -0.8116668605480453, 0.08729277498026011, -0.5794491156548134, -0.020422483224320942, -0.09092703273013547, -0.3270480806732088, 0.4832676222004596, 0.46780490579310796, 0.2946832099300938, -0.2949567547453209, 0.11515985146109886, -0.6177622830091494, -0.6096074468181167, -0.20989674593028318, -0.3738959778014479, 0.5033554098956773, -0.46661808780916414, -0.47770969167073396, 0.05556140150176292, -0.5591076760908436, -0.8264782531691526], [-0.4679679148299676, -0.47912920228756595, 1.0, -0.444540432995141, 0.33179529773126726, -0.3579331543835287, 0.907316873330298, 0.922793857226004, 0.6927539216554829, 0.30425574755702334, -0.21737949904433362, -0.019770719661493352, 0.5781446554764699, -0.02554978658617535, -0.9319352171809228, 0.6230573424445331, 0.5040969058242039, 0.5992268854400696, 0.7156709695027285, -0.8584772698956096, 0.3435102489491617, -0.9456472880555411, -0.9830815550787015, -0.5597043634624632, -0.6498129004946216, -0.5187932004025586, -0.940156557227565, -0.896488319882661, -0.5892831139013484, -0.9347905359711428, -0.7144513584945869, -0.2026185583240303, 0.3636781009155219, 0.24481626785084654, 0.7254560363528305, 0.07537820146331486, 0.6925701063407841, 0.3057886032446524, 0.7036110193266161, 0.47953006353674965, 0.5160246356253763, 0.5926641054850466, 0.08795166393359599, 0.7336544436245248, -0.5505661650075475, -0.8365445039425317, 0.40198307532484434, -0.8656461910241857, 0.7065111626155518, -0.8135822390380383, 0.2097768366921362, 0.6746745663871112, -0.2342680443787717, 0.4090802828878337, -0.6503416361617924, 0.601559634161959, 0.21224147199205556, 0.10784861625656939, 0.8718345815980801, 0.3653658698844917], [-0.003363888909895696, 0.9787415454722913, -0.444540432995141, 1.0, 0.6214156308821408, 0.8917335821471791, -0.048265978535992016, -0.2236069470265516, 0.2964224000082627, 0.7109431034092955, 0.919056998901879, 0.7610031761943699, 0.37294566488342973, 0.4436417898281553, 0.17156498851621116, 0.40106386697531526, -0.34445314634962454, 0.18473296850956045, -0.8270631405847055, 0.7531496831794022, -0.6169726505665851, 0.1630893314823647, 0.3932358893698603, -0.36766052424570095, -0.11081642948351988, 0.36347468576561437, 0.1472681605918007, 0.19564053847574703, -0.44639503466599284, 0.15777688253121958, 0.13650989996129548, -0.2286605518893403, -0.8905116541382383, -0.26846405767782633, -0.5344501878834804, -0.33639302136096316, -0.7463462976120754, -0.5921224737902424, -0.40125748127543326, -0.7060154892537616, 0.13590153075296585, -0.5864106299594936, 0.08532091689403809, 0.052247329736225034, -0.3033573869236743, 0.5634970720837628, 0.5347409141649068, 0.2782398105461181, -0.41422294218530853, 0.15157127143170923, -0.6412445522838528, -0.5475325167769876, -0.21211890846544468, -0.27888109855018883, 0.5310213526801919, -0.4830762328082059, -0.5231345072602649, 0.03797466027025875, -0.5334314577060173, -0.7799233556048577], [-0.21409223577830705, 0.648208129415854, 0.33179529773126726, 0.6214156308821408, 1.0, 0.7580632539420742, 0.6859026199795956, 0.5757723426483026, 0.9082026291474466, 0.9449893621147074, 0.6933046415554935, 0.9042157721077774, 0.7632555797474674, 0.3143015354636459, -0.6330154282330418, 0.918492771090829, 0.3371906433995773, 0.8737085885946201, -0.35004393241456055, 0.14930122058856599, -0.29400403292299715, -0.5917958910753325, -0.3711606990684251, -0.9570051416583212, -0.8389246162422195, 0.14134982124294238, -0.5841031012010649, -0.6238771046888529, -0.9271585076438789, -0.6386447601380301, -0.6726632207241945, -0.11854749169463008, -0.6221729450697193, -0.37590336210319686, -0.20371541349614697, -0.6322033511210614, -0.3958463714143774, -0.5962273488320917, 0.026828686956792858, -0.5711401508166216, 0.3966231323474061, 0.005013203951281464, -0.1438891421981625, 0.4421658381783389, -0.7735543650690762, -0.2811554198207973, 0.7213640673114864, -0.36056158979523656, 0.3945624502773991, -0.5585374418784794, -0.34474811965307506, -0.18972966890645337, -0.30008505191098367, -0.01014712069013246, 0.0333518523112597, 0.14215727356977237, -0.16922204996368628, 0.2938402768542989, 0.2061642484120152, -0.5141856218422776], [0.18362553132455894, 0.9505182037544834, -0.3579331543835287, 0.8917335821471791, 0.7580632539420742, 1.0, 0.045579941904555166, -0.06954435404837667, 0.41853267965157415, 0.6963648009038699, 0.7837095114831936, 0.9249434503177149, 0.30767517789014476, 0.24997901733271188, 0.004243576893384948, 0.47373179073520877, 0.06132109565044308, 0.47750154637813325, -0.8162646284718824, 0.7489299081204223, -0.5502505370137596, 0.07520969251796605, 0.31878320870969135, -0.5679258757898675, -0.40451345383283543, 0.5602427041862809, 0.08380663853683334, -0.02541703252695049, -0.5017679568683349, 0.0062350660624104215, -0.20871822516056704, 0.03409588392426066, -0.8206100496969166, -0.6129414906569619, -0.7400113733041622, -0.7215325224773033, -0.8869453331154935, -0.8498666953343217, -0.4347659378018318, -0.9267298668931467, -0.033471445651961584, -0.3341255490879407, -0.2893353911281973, -0.08494656468214012, -0.34653752400997706, 0.26998183109658647, 0.3760230151634756, 0.2735629536062195, -0.06624339867727125, 0.028051409182732856, -0.4074588157908783, -0.6990347976006035, -0.06108714981633234, -0.24291989550868154, 0.5149376974740845, -0.20322674889783476, -0.2291255885938812, 0.29212751946866344, -0.3548368789623988, -0.7083854660416455], [-0.5389362564679054, -0.06902511697593217, 0.907316873330298, -0.048265978535992016, 0.6859026199795956, 0.045579941904555166, 1.0, 0.9647551754352202, 0.9229114198535481, 0.6674013047813694, 0.1867115115138832, 0.3505004539311527, 0.8270085314437869, 0.21028750731666523, -0.9745626547714059, 0.8738708901224741, 0.4510942619086563, 0.8096449746130118, 0.3692626207679409, -0.6101910213591677, 0.1804036720784501, -0.9915953015070562, -0.926608619199718, -0.8342557201857885, -0.8395203896633989, -0.4143393147919414, -0.989089289004889, -0.9272363654793965, -0.8557119394340749, -0.9859740436861948, -0.8048849363531154, -0.19858456366329857, -0.041315082433821315, 0.10784303098720449, 0.509882600180301, -0.17389619724756367, 0.3802406017199731, 0.03648899896988789, 0.5122712217704843, 0.1565684758446776, 0.6492154071731511, 0.3757853928283704, 0.10223773969103689, 0.7585642429443197, -0.8054669312833083, -0.7417754864338679, 0.6835417041011228, -0.8634057795602526, 0.6912817752177672, -0.8959780356190312, -0.07766231568469317, 0.4932266374582457, -0.40094202684021685, 0.23973252586646732, -0.5357771980560662, 0.4400636555035923, -0.006906341576909281, 0.11514181594393902, 0.7072108477147361, -0.0046885954795652385], [-0.5696668180919346, -0.20539432944277336, 0.922793857226004, -0.2236069470265516, 0.5757723426483026, -0.06954435404837667, 0.9647551754352202, 1.0, 0.833136046814279, 0.5172730883534996, 0.05106329741730942, 0.2144659570747245, 0.7526651205321216, 0.2136819598951365, -0.9566991017169848, 0.7429081984373918, 0.5060842239913179, 0.7896539713326345, 0.4113159921244054, -0.7106532286637699, 0.40688129524436534, -0.9804579348894653, -0.9590733190030598, -0.7697576036323404, -0.8435564959339206, -0.4946600496542255, -0.9729707117687967, -0.9127686896276674, -0.7181869138617762, -0.9709218924878056, -0.8572465374570624, 0.034590023035721895, 0.04037414521980154, 0.13322415148138256, 0.5208053651097337, -0.22219577824968306, 0.43125939039061856, 0.12376263447790214, 0.4136366979454239, 0.2158087015597394, 0.6417280589172404, 0.3935901076952517, 0.08255766495508288, 0.5935009993325155, -0.7972471601240796, -0.8745148329205024, 0.5660969781920933, -0.9153378993778503, 0.8358955786024402, -0.9607054619097846, -0.028479432707735564, 0.57705483664125, -0.4415084961734581, 0.12078452506492121, -0.6940001887940557, 0.44421219152684477, 0.03224249695330683, 0.024126258399380984, 0.7049217900593215, 0.028338513167190493], [-0.3715851175633136, 0.29078158706669033, 0.6927539216554829, 0.2964224000082627, 0.9082026291474466, 0.41853267965157415, 0.9229114198535481, 0.833136046814279, 1.0, 0.867473492132451, 0.44625004872342977, 0.6818577868573201, 0.8442581876766276, 0.22812106853813885, -0.8890075862079145, 0.9853720705097987, 0.4541670712468149, 0.9133900067672008, 0.055469615558023655, -0.2587581581485465, -0.10671997659758548, -0.866144214524212, -0.7116811042564364, -0.9687567506209045, -0.9060085921585666, -0.12180676282607905, -0.8597104448194568, -0.8636896034021357, -0.9783423212257405, -0.8945216907415083, -0.8011018880683825, -0.23137626404965106, -0.31513507646997097, -0.16112673497032604, 0.1818622141224555, -0.41329137587710396, 0.014672915649245333, -0.3115613229217784, 0.3571902665266641, -0.21056327526680096, 0.5352635765915633, 0.2595858941271232, -0.05041119633736235, 0.6950741571651525, -0.8235900834064904, -0.5526115502344013, 0.7446209570086884, -0.6496122345207676, 0.5740005966932182, -0.7666549360566683, -0.1784354686978813, 0.15411433188776547, -0.3267589113064684, 0.19782419734810452, -0.23985788910286687, 0.36701626805568976, -0.047202988157971415, 0.2747311361364959, 0.5414865712107323, -0.22533716846240504], [-0.4022722879572853, 0.6835981356993187, 0.30425574755702334, 0.7109431034092955, 0.9449893621147074, 0.6963648009038699, 0.6674013047813694, 0.5172730883534996, 0.867473492132451, 1.0, 0.8251847104699734, 0.8069201623956905, 0.869197791248637, 0.5030636496957437, -0.5538560559327013, 0.9076792199337146, 0.04895765862712931, 0.7058608681693884, -0.3685813921451184, 0.12748905269948163, -0.3082237755899535, -0.5773482327981021, -0.3615626613398555, -0.8606258611291755, -0.6745597363845572, -0.03897567579049621, -0.5879147806489202, -0.49966027719586803, -0.9292820954394037, -0.5739219177757606, -0.46526914903605787, -0.2860005928990328, -0.7065082889370724, -0.11086543703054241, -0.037927312100744404, -0.3773935392117316, -0.28992805074554706, -0.40447237735463437, 0.03848242356654519, -0.41370214374031766, 0.575737606356925, -0.19271532703774397, 0.1517555573461603, 0.5576845914808842, -0.8078272928683263, -0.10711007808190498, 0.8876345966886998, -0.41213336620662044, 0.18646181034949083, -0.5307993439942904, -0.5528534539093837, -0.048386915367613303, -0.46548027940990533, -0.06869394676988327, -0.001783024814184353, -0.07051631527942859, -0.4153060085598539, 0.08334269591234889, 0.08483526082850401, -0.6040457674231674], [-0.3868944244249817, 0.8999781246974975, -0.21737949904433362, 0.919056998901879, 0.6933046415554935, 0.7837095114831936, 0.1867115115138832, 0.05106329741730942, 0.44625004872342977, 0.8251847104699734, 1.0, 0.6680824948793759, 0.6570510897049284, 0.7374174669262038, -0.012763363707781306, 0.512136333617599, -0.41971899214128827, 0.27877138725660267, -0.7655430896236277, 0.4820738205346665, -0.3023775369115742, -0.09573956430856967, 0.11174067262009069, -0.4875355310268863, -0.2450006864090386, -0.005232000370762213, -0.12141959441662076, 0.06408720235414611, -0.558886034613093, -0.04900499277129611, 0.007893584629385497, -0.11129985995133906, -0.9627687383536152, 0.00808893492705598, -0.276152701961327, -0.2778137856733778, -0.5465174785441114, -0.34820101963014993, -0.4314326009067546, -0.512243835045604, 0.5033905097554207, -0.690741985458541, 0.3618342527902745, 0.14547518013735705, -0.6093669474069152, 0.35395293635774205, 0.7819504713498395, -0.0821495117164317, -0.21440098314326983, -0.1831375038948031, -0.8547313358949928, -0.2062843439763462, -0.5729209022771202, -0.47280220204374546, 0.15559369995826178, -0.5890086079916761, -0.7494478564346685, -0.24906278769772738, -0.4905208661037981, -0.906664154770934], [0.17566734577634846, 0.8021734708987109, -0.019770719661493352, 0.7610031761943699, 0.9042157721077774, 0.9249434503177149, 0.3505004539311527, 0.2144659570747245, 0.6818577868573201, 0.8069201623956905, 0.6680824948793759, 1.0, 0.4408585614269339, 0.08777481728334602, -0.3370904309543248, 0.728656504625889, 0.33852839601984663, 0.7250020803158534, -0.5384714308106275, 0.516998892862125, -0.5846547234624015, -0.23017187104376036, 0.017384848650265128, -0.7878430995946877, -0.6509617313837679, 0.5341555928717863, -0.2136841579534825, -0.3790641181702923, -0.7411735473274907, -0.32420751051210406, -0.48035976248013856, -0.13476680963815602, -0.6391274696648022, -0.6655239305303249, -0.5592962522194094, -0.736792378472074, -0.6967789822086203, -0.866377195455788, -0.09509629321902824, -0.8353708336161483, 0.01214784055804441, -0.009674140564648548, -0.4038967603132133, 0.21651989919276737, -0.452904786371668, 0.0025370677327273272, 0.4500986823343729, 0.06943244351021471, 0.1506628588074489, -0.17207653676963552, -0.20876381197629978, -0.5890792935203601, 0.022064547560706305, 0.0524557397367964, 0.43287604668560753, 0.13089349205660272, -0.016521798051317482, 0.5101621266194787, 0.02265502313678891, -0.4911244506715098], [-0.7783041708843417, 0.33585497488349914, 0.5781446554764699, 0.37294566488342973, 0.7632555797474674, 0.30767517789014476, 0.8270085314437869, 0.7526651205321216, 0.8442581876766276, 0.869197791248637, 0.6570510897049284, 0.4408585614269339, 1.0, 0.6859410915820443, -0.685386931389508, 0.8320019847311222, -0.04272845557478222, 0.6278860625957623, -0.09294307863688966, -0.3127728750139853, 0.14153601892364298, -0.7946023748494317, -0.6736027109051475, -0.7746376688080425, -0.6540241338185522, -0.516456567493057, -0.8158152529486029, -0.5781947209050458, -0.8468777779627694, -0.7257494095097319, -0.5008173527265272, -0.16115476279841223, -0.5306350932367527, 0.3038042712434956, 0.3821837390516778, -0.12357829255983588, 0.12803357086922673, 0.05651095801910366, 0.10715505167936645, 0.017871042021911365, 0.8881293963304931, -0.20098151314698165, 0.47123023490651805, 0.6225645446115873, -0.9547543902414892, -0.35844644746832, 0.966664200240515, -0.7851034649468687, 0.3750460339783006, -0.8127773410974517, -0.6194191076008919, 0.4416450455790889, -0.758329177459584, -0.19175608802316124, -0.47701025129860786, -0.1202677054913659, -0.5463431201420343, -0.2646932954394716, 0.1997489341599361, -0.5139117224524381], [-0.8360479974740214, 0.4373879177435559, -0.02554978658617535, 0.4436417898281553, 0.3143015354636459, 0.24997901733271188, 0.21028750731666523, 0.2136819598951365, 0.22812106853813885, 0.5030636496957437, 0.7374174669262038, 0.08777481728334602, 0.6859410915820443, 1.0, -0.0009434131732775075, 0.21351024042278, -0.6218853856928317, 0.037769016820040635, -0.49954667598881763, -0.015360562343177175, 0.3749730194761709, -0.20492049507864918, -0.1454540882361246, -0.2205197702008932, -0.08668729277075493, -0.6124165941773057, -0.2441338047409234, 0.14144266153791507, -0.254226162486062, -0.06649079408890612, 0.07564987571817428, 0.22214336863844386, -0.7458910110361736, 0.5546297114563282, 0.17449037479885698, 0.04031216462051046, -0.07164750791027563, 0.2828964151489375, -0.5252163701181198, 0.02875724249703171, 0.8339803504640901, -0.8115278359566429, 0.7828355457697929, 0.005881462196110743, -0.6997109898477785, 0.10188556873297072, 0.7516946900597244, -0.4580711783005158, -0.018707975046479586, -0.44779186509081037, -0.9642950330451356, 0.38931107443979185, -0.9567468503950465, -0.7869702653438886, -0.4612507656617377, -0.7769740930534703, -0.9554151646803097, -0.8053697423190731, -0.5047974925514105, -0.8351963529118895], [0.3675003345795791, 0.17524462175087985, -0.9319352171809228, 0.17156498851621116, -0.6330154282330418, 0.004243576893384948, -0.9745626547714059, -0.9566991017169848, -0.8890075862079145, -0.5538560559327013, -0.012763363707781306, -0.3370904309543248, -0.685386931389508, -0.0009434131732775075, 1.0, -0.8298527805054192, -0.6303997765766198, -0.8427068674021836, -0.47284025767744176, 0.6273108833222744, -0.15422636355644048, 0.9699601559451888, 0.9204467635648076, 0.8149001246890315, 0.8673920227212987, 0.28995889324575574, 0.9562547845061012, 0.9862757966831516, 0.8007729654561958, 0.9976679266717576, 0.8766411351451787, 0.17293880564531539, -0.11880296009259284, 0.03502731859014652, -0.4563831508043017, 0.23902812273576546, -0.3860659460416431, 0.03581239253072033, -0.5948794416443395, -0.13307369421259296, -0.47545873309543785, -0.5647946194201721, 0.09388676880406521, -0.720596657977016, 0.6848823797317363, 0.8234576530173792, -0.5102317077383784, 0.7924657817402418, -0.7658057258388449, 0.8442653669493139, -0.13897818928420858, -0.4173537438595398, 0.21205306525329248, -0.37506037611078513, 0.4793239697234766, -0.6245456522288786, -0.21475400520328836, -0.28503203056823634, -0.8289178888899942, -0.16526004182359388], [-0.32198838622208803, 0.37044512488785564, 0.6230573424445331, 0.40106386697531526, 0.918492771090829, 0.47373179073520877, 0.8738708901224741, 0.7429081984373918, 0.9853720705097987, 0.9076792199337146, 0.512136333617599, 0.728656504625889, 0.8320019847311222, 0.21351024042278, -0.8298527805054192, 1.0, 0.37981256227550353, 0.859078748988858, 0.012444005257942647, -0.16280620818971214, -0.25439027473252973, -0.8041921860801788, -0.6300846645778562, -0.94133485500973, -0.8355855494916877, -0.05421049728716487, -0.8016325536978006, -0.8041613067987607, -0.9983531548385218, -0.8332326248880895, -0.7041119930193629, -0.36767110494756006, -0.3558616650888671, -0.17014415946111394, 0.15250799199781118, -0.35571595902538533, -0.030501786692421984, -0.35337021887843845, 0.3881700500652523, -0.24334810322945377, 0.4997622972312634, 0.22072617426747543, -0.03390573719581913, 0.7489478875466882, -0.7692538275575753, -0.4164510293586714, 0.7700918632709183, -0.5614461382305511, 0.4306783650643311, -0.6632265291618833, -0.20454456818323652, 0.07937191267619903, -0.27722079067490424, 0.2563831754385768, -0.11076987839827668, 0.33023550100203614, -0.07512056505645037, 0.3142492424366744, 0.49427253328797227, -0.23977195737501922], [0.4040231634888516, -0.24928410444725202, 0.5040969058242039, -0.34445314634962454, 0.3371906433995773, 0.06132109565044308, 0.4510942619086563, 0.5060842239913179, 0.4541670712468149, 0.04895765862712931, -0.41971899214128827, 0.33852839601984663, -0.04272845557478222, -0.6218853856928317, -0.6303997765766198, 0.37981256227550353, 1.0, 0.7101217774208249, 0.39112785649246673, -0.24275137087238763, -0.03275266463698845, -0.43939630147616193, -0.4165178315343401, -0.5205787472352204, -0.6988888696916291, 0.3731552515676462, -0.3889200104691566, -0.7456949200368577, -0.3316625257966561, -0.584281284074611, -0.8205293036760135, 0.13546978567671286, 0.40440721048855033, -0.6636734564913398, -0.13779211259212154, -0.5931696878275261, 0.0007622676953977781, -0.4628691578679702, 0.4203912611178038, -0.2450815824481165, -0.32930205972513793, 0.8566114414811722, -0.8043402471152514, 0.1532028674700341, -0.0773463631916953, -0.7286858987048856, -0.25093010846902564, -0.1538145077509261, 0.7401483401791121, -0.3272743993393037, 0.7080917807806244, -0.17947710805397166, 0.470423730307985, 0.5190132747703811, -0.0179973441200032, 0.9057225670173639, 0.8142050866585354, 0.7595046187689788, 0.7612764689441583, 0.46804714410929804], [-0.13047433522917018, 0.2561264762989658, 0.5992268854400696, 0.18473296850956045, 0.8737085885946201, 0.47750154637813325, 0.8096449746130118, 0.7896539713326345, 0.9133900067672008, 0.7058608681693884, 0.27877138725660267, 0.7250020803158534, 0.6278860625957623, 0.037769016820040635, -0.8427068674021836, 0.859078748988858, 0.7101217774208249, 1.0, 0.0014063807471980105, -0.169689690462417, -0.03812759429370116, -0.7542886237899595, -0.6090883805635503, -0.9674342862877481, -0.9929386958855124, 0.09590578596393062, -0.7275881877698558, -0.8698820250041042, -0.8401958444871658, -0.8341688718985063, -0.9451599061793838, 0.06794376121328027, -0.23879082372195293, -0.4544776343079804, -0.07717492306994922, -0.7058037565324806, -0.16087856381098664, -0.5101955078748808, 0.21243791848862037, -0.40818433881025706, 0.2806470534998331, 0.3952261535553778, -0.374929745316386, 0.41019648155379584, -0.7131576419510357, -0.681744785897161, 0.47008411554667506, -0.5073819080543458, 0.7599047527518747, -0.7181700731692331, 0.030946777334891706, -0.041800068238022625, -0.14323870347821654, 0.1545283706731897, -0.18847429305121643, 0.5108758427860973, 0.19649397823685444, 0.43843766370750425, 0.5536287192610119, -0.16461460986725895], [-0.05166497816599924, -0.8975767041597369, 0.7156709695027285, -0.8270631405847055, -0.35004393241456055, -0.8162646284718824, 0.3692626207679409, 0.4113159921244054, 0.055469615558023655, -0.3685813921451184, -0.7655430896236277, -0.5384714308106275, -0.09294307863688966, -0.49954667598881763, -0.47284025767744176, 0.012444005257942647, 0.39112785649246673, 0.0014063807471980105, 1.0, -0.8294763528239895, 0.2704368068870997, -0.45211061016238374, -0.6180679502618847, 0.11212451311167781, -0.043032075735709885, -0.3573550515503783, -0.444128654184476, -0.48265529983675526, 0.0317276238529588, -0.45232211512161813, -0.22495307755939176, -0.311094975384151, 0.8903225275603425, 0.30048425204426965, 0.7498749431015401, 0.4905251349305184, 0.885427436035594, 0.5353671595794276, 0.8386119804780529, 0.7668766183562986, 0.003094025944638479, 0.7589828445814618, -0.02899614195342437, 0.4957562606075553, 0.1679286396820242, -0.54771460437619, -0.22249199288858623, -0.41871429528950954, 0.32482873115571054, -0.23939165095498494, 0.6493655090991993, 0.5919960647097595, 0.2591422723523127, 0.6720348294154292, -0.40612180888889227, 0.6784395943545519, 0.5432624474180151, 0.18686654193927688, 0.8181829971809901, 0.8761965117571926], [0.5509503767664183, 0.7881967280385155, -0.8584772698956096, 0.7531496831794022, 0.14930122058856599, 0.7489299081204223, -0.6101910213591677, -0.7106532286637699, -0.2587581581485465, 0.12748905269948163, 0.4820738205346665, 0.516998892862125, -0.3127728750139853, -0.015360562343177175, 0.6273108833222744, -0.16280620818971214, -0.24275137087238763, -0.169689690462417, -0.8294763528239895, 1.0, -0.6668224052250049, 0.705910340357892, 0.862016163693292, 0.1057560670820139, 0.2586126763587666, 0.7589478002298019, 0.7100869728259361, 0.5683869534643259, 0.12929255951329588, 0.6416163906557449, 0.39619203365441713, 0.011170236426208291, -0.5730468544925316, -0.5639620592600665, -0.8877610577654709, -0.3885025913416147, -0.9183722544338877, -0.7087487594806692, -0.564490365259811, -0.8123451564690334, -0.49180928842608385, -0.4502436813668871, -0.3126958475047319, -0.463964193856786, 0.30804056184531337, 0.7474123772340707, -0.14946435931794078, 0.8171796209995678, -0.5774993224282108, 0.6658563280736538, -0.21714653541795936, -0.9002908602690516, 0.2953014629891113, -0.2205256305711223, 0.8393842069063984, -0.3910455268863746, -0.1280759173210726, 0.23624625478143135, -0.6878826937837914, -0.48268644629118085], [-0.6011093305289623, -0.5379426377382681, 0.3435102489491617, -0.6169726505665851, -0.29400403292299715, -0.5502505370137596, 0.1804036720784501, 0.40688129524436534, -0.10671997659758548, -0.3082237755899535, -0.3023775369115742, -0.5846547234624015, 0.14153601892364298, 0.3749730194761709, -0.15422636355644048, -0.25439027473252973, -0.03275266463698845, -0.03812759429370116, 0.2704368068870997, -0.6668224052250049, 1.0, -0.28426392797941413, -0.45020667680612214, 0.11113465558613744, -0.07900117882757618, -0.7501821967817621, -0.28919707964223695, -0.08513064454138353, 0.2691298110927385, -0.19177146533418155, -0.20536881684600794, 0.6742317287537537, 0.19453700973532317, 0.531731700049165, 0.4638673161765473, 0.09985361793086966, 0.49688240408314877, 0.6570707476667157, -0.22710431403722553, 0.5280922424386342, 0.46651602793374336, -0.08978999029042956, 0.38846176468612903, -0.2618411805821699, -0.3096068764287523, -0.5674285356421938, -0.0025232218989204025, -0.6024938059423057, 0.5525712209118557, -0.5545067654993368, -0.13476540256508263, 0.7329997756281977, -0.5637373432817754, -0.5126335622721498, -0.9101445621053879, -0.14517861520683928, -0.2059449511079885, -0.6558018679048403, 0.05652375301892809, -0.0062583737041157494], [0.5802725118292382, 0.18379058290473382, -0.9456472880555411, 0.1630893314823647, -0.5917958910753325, 0.07520969251796605, -0.9915953015070562, -0.9804579348894653, -0.866144214524212, -0.5773482327981021, -0.09573956430856967, -0.23017187104376036, -0.7946023748494317, -0.20492049507864918, 0.9699601559451888, -0.8041921860801788, -0.43939630147616193, -0.7542886237899595, -0.45211061016238374, 0.705910340357892, -0.28426392797941413, 1.0, 0.967151930601926, 0.7657094954906427, 0.7969170565925157, 0.49967535846294964, 0.9984311644442694, 0.9170944767824478, 0.7828557586518925, 0.9834187508065577, 0.787832806253067, 0.15856761450481638, -0.04419714919072848, -0.18918464317321204, -0.5934667011170474, 0.1034318316555658, -0.48121301695486474, -0.14777534462350572, -0.5302088555952129, -0.265780013489171, -0.6678896891294235, -0.39638812898381093, -0.14638103243494216, -0.7388657398485927, 0.780161781808938, 0.7887960684076339, -0.638417208703238, 0.9091153332794379, -0.7203436101868261, 0.9172413226346537, 0.046292595866537, -0.589072873823359, 0.42058807308784973, -0.2288134371448829, 0.6256482862857012, -0.4450003069950652, -0.0037595681719280183, -0.051466366514756334, -0.7325150954880217, -0.0587998008012629], [0.6042465805884868, 0.41599105955115845, -0.9830815550787015, 0.3932358893698603, -0.3711606990684251, 0.31878320870969135, -0.926608619199718, -0.9590733190030598, -0.7116811042564364, -0.3615626613398555, 0.11174067262009069, 0.017384848650265128, -0.6736027109051475, -0.1454540882361246, 0.9204467635648076, -0.6300846645778562, -0.4165178315343401, -0.6090883805635503, -0.6180679502618847, 0.862016163693292, -0.45020667680612214, 0.967151930601926, 1.0, 0.5896498503545142, 0.6719692732314191, 0.6215840283338588, 0.9664409659435217, 0.8638600142989955, 0.6021245723797444, 0.9346865892300442, 0.7177630139674599, 0.09857668691289878, -0.23943771784909829, -0.323188093626267, -0.7309304019466909, -0.04743285323572222, -0.6653085235066927, -0.3501789237594908, -0.5731882001259412, -0.47128487642383843, -0.6451443663624676, -0.4519593584589927, -0.20106841163568068, -0.6807222432442501, 0.6681319858120305, 0.8437666731052412, -0.49920196325925525, 0.9410258699482773, -0.7372821254581228, 0.898192415819344, -0.0536131422679651, -0.7371143649561755, 0.4015141301135172, -0.23782172080571962, 0.7507691213150194, -0.46628573957763897, -0.05973336953825559, 0.04131839581199459, -0.7728866210175727, -0.21608101532898294], [0.264426784936745, -0.40753520461593107, -0.5597043634624632, -0.36766052424570095, -0.9570051416583212, -0.5679258757898675, -0.8342557201857885, -0.7697576036323404, -0.9687567506209045, -0.8606258611291755, -0.4875355310268863, -0.7878430995946877, -0.7746376688080425, -0.2205197702008932, 0.8149001246890315, -0.94133485500973, -0.5205787472352204, -0.9674342862877481, 0.11212451311167781, 0.1057560670820139, 0.11113465558613744, 0.7657094954906427, 0.5896498503545142, 1.0, 0.954678163195215, -0.022567538433894585, 0.7511766930516256, 0.8111219595175541, 0.9351641216618115, 0.8173388629210554, 0.8481382321201276, 0.05053841266120762, 0.4142936199550047, 0.33744171042040194, 0.03898429143985582, 0.6235333656188969, 0.19068277298511183, 0.4809542445031805, -0.17421909121067114, 0.41224004412896886, -0.4310242653470848, -0.2143815054145337, 0.19185273980280393, -0.5039625272480643, 0.8134839327553332, 0.5438110333416186, -0.6650309160246226, 0.538466964210411, -0.6236340131227718, 0.7257608151268768, 0.1818334864029454, 0.014096449676440859, 0.28997209352179576, -0.08079139499079369, 0.1666102894650543, -0.3387368631142522, 0.017826025506375798, -0.322568896027716, -0.4372432880446939, 0.32915487044736225], [0.2124579373969605, -0.18778393626527023, -0.6498129004946216, -0.11081642948351988, -0.8389246162422195, -0.40451345383283543, -0.8395203896633989, -0.8435564959339206, -0.9060085921585666, -0.6745597363845572, -0.2450006864090386, -0.6509617313837679, -0.6540241338185522, -0.08668729277075493, 0.8673920227212987, -0.8355855494916877, -0.6988888696916291, -0.9929386958855124, -0.043032075735709885, 0.2586126763587666, -0.07900117882757618, 0.7969170565925157, 0.6719692732314191, 0.954678163195215, 1.0, 0.004654654847961348, 0.7715858632633329, 0.8842371910796147, 0.8151274755304182, 0.8637373537613362, 0.9659597345768918, -0.13246492621402095, 0.21285942451712148, 0.37729750212685587, 0.005757440805065905, 0.6785919502116344, 0.08827485674390245, 0.42064478478383394, -0.1982625994502274, 0.33209937781857124, -0.3471323894110594, -0.38478254659164635, 0.31565232251827946, -0.39569505022128393, 0.7541241596541459, 0.7480259450498732, -0.48057984155590283, 0.5883889324168132, -0.8204334243653135, 0.7883870180934737, -0.010767280601599705, -0.05757181383010712, 0.21605237416715095, -0.10093910634225844, 0.3014358632662446, -0.49307800748008335, -0.16583744896377972, -0.355758275490051, -0.5664340105073542, 0.16174920635060597], [0.9162656854244294, 0.41812515282858664, -0.5187932004025586, 0.36347468576561437, 0.14134982124294238, 0.5602427041862809, -0.4143393147919414, -0.4946600496542255, -0.12180676282607905, -0.03897567579049621, -0.005232000370762213, 0.5341555928717863, -0.516456567493057, -0.6124165941773057, 0.28995889324575574, -0.05421049728716487, 0.3731552515676462, 0.09590578596393062, -0.3573550515503783, 0.7589478002298019, -0.7501821967817621, 0.49967535846294964, 0.6215840283338588, -0.022567538433894585, 0.004654654847961348, 1.0, 0.5343832294499163, 0.1483185790743119, 0.05768121867692577, 0.34335126845824804, 0.023282817378696086, -0.08359238473333752, -0.058357168488474276, -0.9062924615798185, -0.8391465818605384, -0.524150217945305, -0.7307656956925392, -0.8645312770418712, -0.08957534206423112, -0.7695659042107601, -0.8329271419989779, 0.23680940127904437, -0.8278806175520854, -0.2890926097465778, 0.49186447306910863, 0.3488274854226804, -0.4705926443442401, 0.8003456635585913, -0.24149357446642417, 0.6166720399621843, 0.4270782108115775, -0.9632247011835702, 0.7799410328362492, 0.3296379533696645, 0.8906895918279925, 0.2916377269291083, 0.534846630325545, 0.7844161100422932, -0.10285822117099963, 0.08260107987387333], [0.6176285467032806, 0.17570974154092522, -0.940156557227565, 0.1472681605918007, -0.5841031012010649, 0.08380663853683334, -0.989089289004889, -0.9729707117687967, -0.8597104448194568, -0.5879147806489202, -0.12141959441662076, -0.2136841579534825, -0.8158152529486029, -0.2441338047409234, 0.9562547845061012, -0.8016325536978006, -0.3889200104691566, -0.7275881877698558, -0.444128654184476, 0.7100869728259361, -0.28919707964223695, 0.9984311644442694, 0.9664409659435217, 0.7511766930516256, 0.7715858632633329, 0.5343832294499163, 1.0, 0.895104499576477, 0.7826325357448589, 0.9726417119841531, 0.7549739512596827, 0.17808727244411704, -0.024697865966364363, -0.23584425877427995, -0.6201559155321077, 0.06448702013848118, -0.4969182969222381, -0.18137520802991358, -0.5242712759926431, -0.2908601170783185, -0.7031121272365428, -0.3573099141772864, -0.19946562854390892, -0.7530998672485993, 0.7915703748213094, 0.7620578662103871, -0.669108046636048, 0.9214458230247631, -0.6895169617051358, 0.9174699335124059, 0.08748205253829178, -0.6154037764303024, 0.4560656917396224, -0.20943394131409, 0.6375381999809222, -0.403706272601283, 0.043397167351324484, -0.009220746171279659, -0.7076156377812697, -0.03673205738076413], [0.21335843775874208, 0.1844492693476718, -0.896488319882661, 0.19564053847574703, -0.6238771046888529, -0.02541703252695049, -0.9272363654793965, -0.9127686896276674, -0.8636896034021357, -0.49966027719586803, 0.06408720235414611, -0.3790641181702923, -0.5781947209050458, 0.14144266153791507, 0.9862757966831516, -0.8041613067987607, -0.7456949200368577, -0.8698820250041042, -0.48265529983675526, 0.5683869534643259, -0.08513064454138353, 0.9170944767824478, 0.8638600142989955, 0.8111219595175541, 0.8842371910796147, 0.1483185790743119, 0.895104499576477, 1.0, 0.7698579640347237, 0.9734211717997405, 0.9119426550312109, 0.15621860765282014, -0.1809833338993132, 0.18052130860068893, -0.3545630580636465, 0.3225603840052793, -0.3203832684989707, 0.1455719383189209, -0.6147504737573788, -0.050933333361447675, -0.3269686605764792, -0.6667977640020242, 0.255475200215713, -0.670083398265447, 0.5929821894007682, 0.8347826834097293, -0.391194087611213, 0.6932912402612886, -0.7857371938123867, 0.7724542856600211, -0.2700760866571361, -0.29924457424524453, 0.06465929137011972, -0.45476645822674344, 0.3818139149447589, -0.7298543945266223, -0.35858402897920727, -0.42562351729542813, -0.871026801779907, -0.24242260702697993], [0.3392147840195687, -0.4125897477202136, -0.5892831139013484, -0.44639503466599284, -0.9271585076438789, -0.5017679568683349, -0.8557119394340749, -0.7181869138617762, -0.9783423212257405, -0.9292820954394037, -0.558886034613093, -0.7411735473274907, -0.8468777779627694, -0.254226162486062, 0.8007729654561958, -0.9983531548385218, -0.3316625257966561, -0.8401958444871658, 0.0317276238529588, 0.12929255951329588, 0.2691298110927385, 0.7828557586518925, 0.6021245723797444, 0.9351641216618115, 0.8151274755304182, 0.05768121867692577, 0.7826325357448589, 0.7698579640347237, 1.0, 0.806519318743173, 0.67114833778471, 0.374416577049264, 0.4024061274737156, 0.1544181178664178, -0.13860010556882907, 0.34804882570227336, 0.05663026505698954, 0.35566171975941796, -0.3548825183452704, 0.25883377454286993, -0.5182020630887705, -0.16745485662025938, 0.0008777830061728054, -0.7412719079833483, 0.7790281621990153, 0.3731389987326924, -0.7973285734395099, 0.5482380969402534, -0.3928997960260272, 0.6487784036775289, 0.25411690611887305, -0.06881384614972919, 0.3049513106894559, -0.2229232474176659, 0.0958494371451849, -0.2787273984493046, 0.12438402139512883, -0.28446716768962, -0.4465406793228104, 0.28598071498991384], [0.42902422994353506, 0.16281652629997434, -0.9347905359711428, 0.15777688253121958, -0.6386447601380301, 0.0062350660624104215, -0.9859740436861948, -0.9709218924878056, -0.8945216907415083, -0.5739219177757606, -0.04900499277129611, -0.32420751051210406, -0.7257494095097319, -0.06649079408890612, 0.9976679266717576, -0.8332326248880895, -0.584281284074611, -0.8341688718985063, -0.45232211512161813, 0.6416163906557449, -0.19177146533418155, 0.9834187508065577, 0.9346865892300442, 0.8173388629210554, 0.8637373537613362, 0.34335126845824804, 0.9726417119841531, 0.9734211717997405, 0.806519318743173, 1.0, 0.8655110209551964, 0.15643165321778896, -0.08209158792585014, -0.015817280954684154, -0.4816795702362149, 0.22213661291440934, -0.39721833119466265, -0.000739408612927539, -0.5643303230306196, -0.15268477521352852, -0.5335389485291198, -0.5128432666158775, 0.03323285933254205, -0.7201026401724087, 0.7257948219828813, 0.8201020310685531, -0.5541267315241392, 0.8282189130396219, -0.7646176935761497, 0.8745655899857308, -0.07885441027122808, -0.4574160746382392, 0.277826798418068, -0.3228932369895976, 0.5211537293357416, -0.5723249109985196, -0.1516335310813055, -0.2217483300632077, -0.7981902106375292, -0.1197912054066037], [0.13743576599159113, 0.04373709197554354, -0.7144513584945869, 0.13650989996129548, -0.6726632207241945, -0.20871822516056704, -0.8048849363531154, -0.8572465374570624, -0.8011018880683825, -0.46526914903605787, 0.007893584629385497, -0.48035976248013856, -0.5008173527265272, 0.07564987571817428, 0.8766411351451787, -0.7041119930193629, -0.8205293036760135, -0.9451599061793838, -0.22495307755939176, 0.39619203365441713, -0.20536881684600794, 0.787832806253067, 0.7177630139674599, 0.8481382321201276, 0.9659597345768918, 0.023282817378696086, 0.7549739512596827, 0.9119426550312109, 0.67114833778471, 0.8655110209551964, 1.0, -0.21961547497820333, -0.018461009172296095, 0.38077868389068614, -0.05771647099202992, 0.6427997259472094, -0.044229912287868434, 0.32964759665100085, -0.2728949016932489, 0.2099206286917359, -0.2390460961851295, -0.5510243956544292, 0.4082592813453645, -0.3283829018455007, 0.6304897125234297, 0.8752648173607512, -0.28513124193572015, 0.5941719634192999, -0.9211295351175321, 0.7790194004483116, -0.21447661471000545, -0.12530674743299186, 0.10228908246539947, -0.17805839569760495, 0.3817924696385212, -0.6353074899063915, -0.3466342734334025, -0.3955708178783688, -0.6861366136571889, -0.04570650268181664], [-0.07481823162955648, -0.042426518939779445, -0.2026185583240303, -0.2286605518893403, -0.11854749169463008, 0.03409588392426066, -0.19858456366329857, 0.034590023035721895, -0.23137626404965106, -0.2860005928990328, -0.11129985995133906, -0.13476680963815602, -0.16115476279841223, 0.22214336863844386, 0.17293880564531539, -0.36767110494756006, 0.13546978567671286, 0.06794376121328027, -0.311094975384151, 0.011170236426208291, 0.6742317287537537, 0.15856761450481638, 0.09857668691289878, 0.05053841266120762, -0.13246492621402095, -0.08359238473333752, 0.17808727244411704, 0.15621860765282014, 0.374416577049264, 0.15643165321778896, -0.21961547497820333, 1.0, -0.13921126002413664, -0.13789810141110337, -0.3395812465072561, -0.5146776681909802, -0.2620455604369134, -0.024069538423709735, -0.7139789372498073, -0.21390384573003218, -0.019270001931363634, -0.21533675697181298, -0.13984004785090365, -0.7814418653691555, -0.12726505465827231, -0.3196308087540669, -0.28037560408190587, -0.04247292239090883, 0.4785045235879427, -0.20603204911427042, -0.09466852650484592, -0.0009808934573394268, -0.2579969053702107, -0.706151446937874, -0.3896101755608783, -0.21090788625855295, -0.05666226104383032, -0.32918071869330046, -0.30565377056794585, -0.29556733475011643], [0.3175089990616975, -0.9204757524326175, 0.3636781009155219, -0.8905116541382383, -0.6221729450697193, -0.8206100496969166, -0.041315082433821315, 0.04037414521980154, -0.31513507646997097, -0.7065082889370724, -0.9627687383536152, -0.6391274696648022, -0.5306350932367527, -0.7458910110361736, -0.11880296009259284, -0.3558616650888671, 0.40440721048855033, -0.238