"[[1.0, 0.7942494741745963, 0.48189595641081495, 0.6484304371335166, 0.5002863359085561, 0.5900578839807359, 0.5524956131464704, 0.439538747604323, 0.6140214917161871, 0.5188306961556203, 0.625878802481179, 0.6238917363633734, 0.44133085635955194, 0.4282366302764061, 0.6255572875911242, 0.48075205607093907, 0.5443013429413642, 0.4554800757746017, 0.5522109543086637, 0.675120560389592, 0.4557598694004412, 0.5790480366804454, 0.5403294781311109, 0.5480370434543957, 0.6356342595687285, 0.6425078810181829, 0.6668943291622124, 0.5893893935804742, 0.4261781808503361, 0.495699677417321, 0.39379759831902605, 0.42242620708213874, 0.37965144423439345, 0.4110981787873411, 0.49601480553341326, 0.44572907847760623, 0.5566511433414829, 0.39268885046963287, 0.4184473158588251, 0.558789004041228, 0.5190244523292544, 0.57857444742234, 0.38973137001690994, 0.4073367631654926, 0.5366220901872685, 0.5227859171734381, 0.6168845631614694, 0.48541640283148446, 0.3614991634904925, 0.36947149898996356, 0.4833748539687902, 0.5778928226109022, 0.5999030434443469, 0.5589144310292122, 0.5194680853584666, 0.4227985156599513, 0.5189692473388801, 0.5045992827225021, 0.4622580790331051, 0.5789571398987404, 0.5474600911239149, 0.5044906144727557, 0.5394444327844425, 0.3797837795080974, 0.39339691607575333, 0.31669473089776, 0.38285357399384845, 0.48810871056370353, 0.3237644086876805, 0.3986451452060108, 0.4741452702096449, 0.4854454080347329, 0.2709161360080832, 0.49085361024006546, 0.41426560831533255, 0.4097858427637253, 0.38206327387848915, 0.42698794970049836, 0.36859358185183355, 0.4867936054578942, 0.5127417692938412, 0.435670866476624, 0.5223883716276023, 0.4347572799040864, 0.4529724649225365, 0.36983005830588556, 0.4671733870508673, 0.5221685043018796, 0.5395173283680887, 0.38733290599772396, 0.5937340636816087, 0.40933327452090684, 0.3667103221631469], [0.7942494741745963, 1.0, 0.48387157138550163, 0.6839319916634481, 0.5795943316524413, 0.6190250056834261, 0.5588615912606718, 0.41363151751296645, 0.596536297894203, 0.4378793244801351, 0.5801821166154717, 0.6603231824943863, 0.4562860252991596, 0.5174749444146101, 0.5844864687380041, 0.5716626197085357, 0.5261026928606175, 0.46091721171307676, 0.4485202810401925, 0.5909810813802624, 0.3869619641762724, 0.5247522399736038, 0.5645596099248018, 0.4922779599970796, 0.6010517966964766, 0.6114693191452768, 0.587520334572734, 0.5506026367648373, 0.41692793478599544, 0.4762632371169455, 0.40943623833315046, 0.4221591104172966, 0.481199237567952, 0.43755702881276726, 0.5013585471139547, 0.4740114790343124, 0.5393894818533962, 0.45459673159679204, 0.4569561783403189, 0.49565211124596165, 0.5661196211092943, 0.44791532088944674, 0.5576158417689018, 0.5037226006257097, 0.38425201470568826, 0.43092227950203144, 0.4894708521908281, 0.3599411132316991, 0.4625194051642728, 0.4657817078288021, 0.401290175297059, 0.537335010752088, 0.5378986293887158, 0.6016302618542699, 0.46428183430588454, 0.44568542636359465, 0.4984647425410519, 0.38178716843083715, 0.4412114367203531, 0.5972864735177534, 0.5116035511798988, 0.47564743846470814, 0.586935833483873, 0.502420212185044, 0.45820003820061894, 0.42618627955770594, 0.4482286005684025, 0.49206026043805196, 0.2988293464784879, 0.48509732254977544, 0.3926923714077848, 0.42569716229872445, 0.37122204178103924, 0.5379353984424327, 0.35635213851498504, 0.46172850306821966, 0.47344381087414966, 0.5960924677853596, 0.4654535815736802, 0.3944328182538749, 0.4669539703932616, 0.370000693239668, 0.4736568484255771, 0.36928248180683965, 0.535620299361949, 0.4145840989798508, 0.5640442002820418, 0.45339383232289077, 0.6099052277330126, 0.5812072749317929, 0.6116653236029792, 0.44632082288402564, 0.3658083071117283], [0.48189595641081495, 0.48387157138550163, 1.0, 0.4492163710052096, 0.5571559820501452, 0.7233722133007606, 0.5250206493426234, 0.5955134710633776, 0.7409200577112489, 0.49393685362425965, 0.560781474683423, 0.5891816883450053, 0.48136380556458114, 0.37495202158675267, 0.5618173519267565, 0.776562606226394, 0.4877201089171693, 0.6448144655535675, 0.5349573796136506, 0.45882845053142607, 0.5625350444226505, 0.592829034694552, 0.5880221668399912, 0.3825142183189595, 0.5749434303714722, 0.4688427282117946, 0.3685878800291541, 0.46889714889998024, 0.39688607377910956, 0.37261683567419157, 0.4642110500761454, 0.5627922395141491, 0.43326994702098975, 0.44666669598878106, 0.39477716830406695, 0.5613641289664552, 0.4873556698548841, 0.42548813687981646, 0.46201230903441437, 0.4395151695111995, 0.44043069171265437, 0.47439548461405057, 0.4366916147186046, 0.5566989977653336, 0.42948911232344056, 0.5186911010124908, 0.5625490508839462, 0.4420091371758299, 0.3867855717118174, 0.4955823276899418, 0.531247400709572, 0.5593187586739753, 0.49449283929916465, 0.334502387693311, 0.5270146423659307, 0.42206884378202225, 0.4005513745375817, 0.3816105351547251, 0.5048558845626716, 0.4215588694987885, 0.38372204972010193, 0.42539138753908645, 0.3884907500514382, 0.4778196970517471, 0.4874343445667566, 0.6430411277220045, 0.5685762464282769, 0.4852407733239609, 0.4459935542957847, 0.49674745452381, 0.5915820152445297, 0.5391541566074121, 0.48594637354194004, 0.3769321465894069, 0.4359587006801171, 0.47337188903647565, 0.5048318910015843, 0.4927018711257697, 0.5836562712729938, 0.44779154275933164, 0.48895408199510626, 0.6448605183135224, 0.5359214496694468, 0.5405921721291734, 0.5461697854856749, 0.4850972384711889, 0.524806918568467, 0.46432716570210397, 0.4550499655844863, 0.4861333514080053, 0.49411553383880624, 0.4354755829138288, 0.5530605189287152], [0.6484304371335166, 0.6839319916634481, 0.4492163710052096, 1.0, 0.41656594041693484, 0.669947661054831, 0.34104427825275474, 0.4740277135421287, 0.5067848483361473, 0.5287019651798583, 0.7837610723970445, 0.5729708245256201, 0.5001214646844403, 0.5927681821682143, 0.5714189251300915, 0.43749317783670505, 0.5804784309575146, 0.43241462046333723, 0.5486884666153269, 0.527265492022269, 0.5852316028940292, 0.42889886931299026, 0.41359739102001114, 0.5053842253625307, 0.41973250560387576, 0.5290063900816093, 0.48995953424543703, 0.50563692557397, 0.4118886587956072, 0.4589138866875663, 0.4813090512804121, 0.49401396926446584, 0.6004672325333521, 0.5698484944779462, 0.5338229582876333, 0.5193838195123588, 0.5151018821244902, 0.48885732147803806, 0.5520019086558858, 0.3649580719482374, 0.5054838028535092, 0.4989862906681296, 0.4378084995443263, 0.48454958953877036, 0.5316696539083121, 0.5065639536944299, 0.5679053219616628, 0.42327868227784204, 0.47477685484582055, 0.47713882227944404, 0.4889026500149738, 0.4907166079644062, 0.534729011417094, 0.5771327730822347, 0.470741277261131, 0.5293960005383724, 0.5450250928984388, 0.423608095285544, 0.49227141334148516, 0.5022415909353442, 0.5259152832123221, 0.589441051442312, 0.7396994661250152, 0.5060265588092683, 0.47152443700015445, 0.36745472288345515, 0.4744207062876402, 0.4542269166293268, 0.2945800264229167, 0.5309436508029612, 0.33110405337729387, 0.4879578949321769, 0.3929382958848613, 0.5176601392401838, 0.35682243075156217, 0.43818829131082027, 0.3834036083392708, 0.43491457053904214, 0.44270758182899217, 0.43256920537093846, 0.4164257275754524, 0.5177409694247607, 0.544214596341698, 0.37384422129078465, 0.546609364105478, 0.33749200590427453, 0.4894542361800881, 0.39697516169591407, 0.4804607512047794, 0.4643778795316288, 0.5326717702914144, 0.5285711429363957, 0.444289160032561], [0.5002863359085561, 0.5795943316524413, 0.5571559820501452, 0.41656594041693484, 1.0, 0.4059739431562669, 0.7758918423712192, 0.4302335246417981, 0.5017879221557257, 0.7596174853358479, 0.5245480491243446, 0.5102629996473487, 0.6801556494137095, 0.4524432952356402, 0.3622502290118451, 0.6005748266962263, 0.4916262215037629, 0.6457595750634859, 0.40456711015308067, 0.472021477677397, 0.6244581107219088, 0.49500326979919684, 0.5815955730180778, 0.564039372731802, 0.569446357214767, 0.44248778797242516, 0.5592911803762995, 0.39400364765803353, 0.4124199645406945, 0.47295948727922976, 0.5191962207062868, 0.5984202811914439, 0.42557191302944775, 0.5193215300542766, 0.42927980544463107, 0.6525406026127606, 0.41338449497245755, 0.5557995759107388, 0.3796075731934716, 0.6720159598481209, 0.5068460372489755, 0.4538127148266837, 0.40979591996408293, 0.6173493246002686, 0.47358270980443284, 0.3960370198052692, 0.39735324057650123, 0.3731928003388272, 0.27945013002309893, 0.3863187151569851, 0.4451261436877818, 0.4699796744368475, 0.4370458694167846, 0.5319162840433156, 0.5028924843537662, 0.44995356999010083, 0.4075633627269132, 0.4422111212140193, 0.4413513857041075, 0.4960812322020951, 0.5256629661042168, 0.33780121176309796, 0.4068416240589514, 0.5824662472507411, 0.6700354711921285, 0.5875879145666336, 0.7292985551805078, 0.5285436712894753, 0.6170381679846018, 0.4922429811369655, 0.7486718990967403, 0.5739819471377972, 0.6399485299878854, 0.3883611225571082, 0.5842871458025722, 0.4228318684750948, 0.4771733837898853, 0.5595272782452712, 0.49005765184358063, 0.45216140011885964, 0.31616349051965553, 0.489786245912222, 0.5936024251282832, 0.4755328054188124, 0.4768984176844526, 0.3773306609131065, 0.4877798769253877, 0.42775526805802155, 0.4076361686455626, 0.41608362929267917, 0.4262784847509655, 0.4081170208688184, 0.39718194980972277], [0.5900578839807359, 0.6190250056834261, 0.7233722133007606, 0.669947661054831, 0.4059739431562669, 1.0, 0.2621869053750171, 0.620852384748502, 0.5636095022157204, 0.4624032558615946, 0.5986779744061662, 0.5651327674829445, 0.4517860452419835, 0.3646210316805819, 0.48636973380882953, 0.46324227213774993, 0.5273774791975508, 0.5885902185093045, 0.5396793429946696, 0.5786119409462052, 0.527626007191113, 0.5178280093487688, 0.5136248814101443, 0.3987792878185432, 0.6290783987959072, 0.635904137798071, 0.5146652884705727, 0.592300388143341, 0.4774341358684886, 0.5181529053320166, 0.39739759601311386, 0.4865413693301819, 0.5304885300019434, 0.36702082336605435, 0.4624331665211632, 0.4880496288173064, 0.5358491386609778, 0.4046006513897018, 0.5336849114649904, 0.35849130143623287, 0.4876485463082476, 0.5195921291512176, 0.38497017956913615, 0.4194010617941837, 0.4100700380579775, 0.4816376301604286, 0.6110294268569338, 0.4325807259503649, 0.4955201334893692, 0.5383421353556276, 0.5382408109155554, 0.551544013700423, 0.46370046160314893, 0.40417952139888613, 0.5681418565849903, 0.41102222266907684, 0.3559335467277891, 0.32536386376192494, 0.452082431697286, 0.5173490985242685, 0.47980781576771814, 0.5084420904807385, 0.5891368514847732, 0.42663134861593477, 0.40448018681359155, 0.47655612087237875, 0.6130090180092822, 0.4688457704999518, 0.2620245755520214, 0.5782530776471754, 0.3823777732113932, 0.5913013404184853, 0.4541947294800922, 0.5414831138039081, 0.4158214830762902, 0.584892790027672, 0.5762109717157045, 0.45666064702966336, 0.5023308783553811, 0.37790810962258947, 0.565333344108206, 0.6394476483993821, 0.5239805679151119, 0.4775356163642871, 0.5936529050823032, 0.4090954001554967, 0.4686528088393518, 0.4406875306783421, 0.4972516678346717, 0.5657408210635564, 0.5030487439661737, 0.3968599364312101, 0.575241715449718], [0.5524956131464704, 0.5588615912606718, 0.5250206493426234, 0.34104427825275474, 0.7758918423712192, 0.2621869053750171, 1.0, 0.4400678977580067, 0.6579812332618904, 0.6930078116649994, 0.47909214052874693, 0.48862893283527864, 0.7067998372956928, 0.5000712303063174, 0.4424616020828297, 0.6700421158838128, 0.4464506106699626, 0.6131918883639647, 0.4466923752320333, 0.37050033446020214, 0.5008599042678834, 0.43130278825934587, 0.523837351431234, 0.5412557378192121, 0.43630850267443433, 0.40116290645665187, 0.48149655957437243, 0.4041573091097199, 0.3660568281235985, 0.45157357814319254, 0.3952886364404352, 0.6681022370566189, 0.3766553486801312, 0.5866515848542426, 0.48625084170485944, 0.5620046717323689, 0.4761999073472106, 0.5437719706491584, 0.38898283661939437, 0.799352813328875, 0.5255899788535292, 0.5624035250743901, 0.4514790289959668, 0.6755709860743031, 0.5174725331563249, 0.43062305316549376, 0.45635958295342405, 0.4253540848421309, 0.31319768430694594, 0.4730423082164541, 0.3833330887205382, 0.6287705313644427, 0.49443564934267237, 0.44382478571460715, 0.392327987684999, 0.48870033180586314, 0.5535240257401285, 0.5494396347245636, 0.40939446471999397, 0.45907683827256107, 0.46862312588780963, 0.3194723421476542, 0.41439555613675727, 0.5262310747987184, 0.7541484070354101, 0.537556377878226, 0.6641960649373764, 0.47874420809403306, 0.7270330251576869, 0.5051688912423968, 0.7774718885768759, 0.5933221844947583, 0.6010314011652735, 0.36785209866546187, 0.6381441319543182, 0.4042091050569885, 0.4864556885357286, 0.5754900903390676, 0.47816103993595604, 0.5336785071977387, 0.5153221417187089, 0.3060046132027784, 0.5037612498600114, 0.3959519065670136, 0.4355519487367081, 0.4970974529774628, 0.4376969669970716, 0.45815467791622533, 0.4073569449753198, 0.3975297698255862, 0.4737099592794707, 0.4020079982049545, 0.3362477377044135], [0.439538747604323, 0.41363151751296645, 0.5955134710633776, 0.4740277135421287, 0.4302335246417981, 0.620852384748502, 0.4400678977580067, 1.0, 0.594612342973462, 0.5047561828791862, 0.4748946222795064, 0.6152528688096812, 0.43737134230728814, 0.5584002068954683, 0.5445892732941997, 0.4834973392840505, 0.6138464281719874, 0.5677054282019637, 0.5913753422476139, 0.5733509439417871, 0.394820749524456, 0.5330963548432013, 0.5304458167292541, 0.6131167351064456, 0.6289720111064332, 0.5881987564228459, 0.5843475502890746, 0.6365417206972576, 0.6269137529604443, 0.4856614413153588, 0.5708852014525762, 0.5113506692985381, 0.4546530567439723, 0.5831447127350897, 0.4884622860595986, 0.364405824333065, 0.5327563578990797, 0.41737225235412334, 0.43391635519046634, 0.4409502722637505, 0.3556615802979326, 0.5409374727245089, 0.44304316897747875, 0.3817055347061643, 0.5186995761378137, 0.4418030871507802, 0.34138936371018525, 0.46688276344326374, 0.45122742477423816, 0.5532606643729834, 0.43448951067501496, 0.4987731532506112, 0.4884325023297176, 0.3534577291664728, 0.6162835983469401, 0.34703905963518844, 0.419088727355333, 0.4530674421581672, 0.5435120703599465, 0.3500036850925543, 0.392746934766494, 0.40654911572615027, 0.48514817442103475, 0.6247118864339772, 0.50832227595493, 0.657457851539353, 0.5037154426295244, 0.43702963416289187, 0.6009190229406568, 0.7295005317034176, 0.46209884934800594, 0.43687041106680313, 0.575817756125405, 0.47591208293845755, 0.5442335559363701, 0.6079806583361196, 0.6141581436146415, 0.4120458389229238, 0.6100380104029385, 0.6267617675868724, 0.5316827718760871, 0.48089932092752974, 0.43617977891832405, 0.37699012577987656, 0.42925309981327053, 0.388098554380204, 0.4586821577925758, 0.3521575487071773, 0.4698042458241598, 0.5242730662981148, 0.3100563424004551, 0.37361417528583496, 0.5636678458342834], [0.6140214917161871, 0.596536297894203, 0.7409200577112489, 0.5067848483361473, 0.5017879221557257, 0.5636095022157204, 0.6579812332618904, 0.594612342973462, 1.0, 0.5719100037937914, 0.5206222926367868, 0.5866304492327366, 0.5658807442298488, 0.533995913316835, 0.5686030737664983, 0.7044576718777439, 0.5388825050804606, 0.6105689306492977, 0.5035738993932162, 0.5070248274167826, 0.41186828110946083, 0.5333482395988279, 0.5846437601381249, 0.5270830147196707, 0.5010849499451311, 0.41892819768162093, 0.5236474564965974, 0.5014171206923703, 0.4731161961125133, 0.26308987494670644, 0.4732265030919729, 0.5945528896795074, 0.35227879095105186, 0.46843243953614766, 0.4374281579332552, 0.41412577831271047, 0.48754160808862723, 0.4186087526613942, 0.3403126661108501, 0.5901517690889734, 0.4389970855708413, 0.481247863549328, 0.4654899591822409, 0.5292452487707203, 0.4388632571963236, 0.5795447595272402, 0.5923990809398715, 0.3598195224025773, 0.39820961736774174, 0.4331257742280987, 0.46449102453310986, 0.5542661090745602, 0.42867451583025706, 0.3513298940906454, 0.45576160284452216, 0.4265098637991168, 0.48311786616722563, 0.47151590900499607, 0.46881693858602924, 0.4068998420572091, 0.3987898277398827, 0.432902476177911, 0.45209576452074773, 0.46737837000551996, 0.5380722856579603, 0.5147119807254301, 0.4908931885168365, 0.3971844340077052, 0.47544975145782686, 0.4863264208070731, 0.4572993810630046, 0.5066382936416571, 0.46150794450657995, 0.4895988120693583, 0.4138969006235561, 0.5564632705371045, 0.5736693521759024, 0.42588575215061286, 0.425597892232785, 0.423244081912723, 0.5830643953242238, 0.4365256876883866, 0.5469140124021407, 0.4746150369829638, 0.5433708508626534, 0.4463736562141003, 0.6460836395455385, 0.4592226179332738, 0.44769952659399814, 0.5995928356572771, 0.5000398618347675, 0.457108542184095, 0.5799741944996585], [0.5188306961556203, 0.4378793244801351, 0.49393685362425965, 0.5287019651798583, 0.7596174853358479, 0.4624032558615946, 0.6930078116649994, 0.5047561828791862, 0.5719100037937914, 1.0, 0.5889010400655688, 0.5300786218089464, 0.7604259826229463, 0.5068613977165197, 0.3945345445229257, 0.5747911554699802, 0.4849766245374386, 0.6418970293151771, 0.4642127456637207, 0.3814505819458678, 0.6964412200769275, 0.4130598803146015, 0.4585967625113898, 0.6077681026678492, 0.5042707763136529, 0.4345029940547187, 0.5625202998013293, 0.5044287631518755, 0.4938607613333321, 0.5201200654952027, 0.49389496536800415, 0.5868806040081015, 0.5691870917982502, 0.5215703135003377, 0.49872566705595556, 0.518516160248309, 0.292699568359713, 0.45246857501060844, 0.3539208190271519, 0.6103937131978837, 0.44144044894846746, 0.5425195070828653, 0.34062826422812664, 0.4544429067478104, 0.4454057314644376, 0.36320500720526316, 0.445977297710878, 0.37955867726205117, 0.3023613211605459, 0.3267704418565178, 0.4599979095729355, 0.6164503283297402, 0.5073482730095895, 0.42009894548889093, 0.471978580817523, 0.3792283375948613, 0.34422206115541476, 0.46534319229438637, 0.3567893041621759, 0.33761523564293483, 0.6004917197846861, 0.43153933874957184, 0.545705906856373, 0.3940373112008162, 0.5989953765856987, 0.5323575651793555, 0.6670325170663869, 0.4080787904729063, 0.6525767731002959, 0.47625013991582066, 0.7050398921171046, 0.6392524894018561, 0.5936559786984847, 0.45828490648372766, 0.7263443041311083, 0.5066810907112826, 0.5571113948958525, 0.4089822389022705, 0.48619571002320094, 0.5055835560249744, 0.49518278496175383, 0.4636064027405338, 0.6385657882338626, 0.4862172949285062, 0.43695325370771176, 0.4605606125250118, 0.5085496196820303, 0.4443929919503642, 0.3722773333604472, 0.38866526015018077, 0.5081391209835515, 0.47731136084378867, 0.5666093364588973], [0.625878802481179, 0.5801821166154717, 0.560781474683423, 0.7837610723970445, 0.5245480491243446, 0.5986779744061662, 0.47909214052874693, 0.4748946222795064, 0.5206222926367868, 0.5889010400655688, 1.0, 0.4840791251000085, 0.6208542789288436, 0.5709345901133415, 0.6504647414161893, 0.5380292069581796, 0.5728460850047353, 0.589980362956566, 0.4706724811902313, 0.5225481189328554, 0.5984470292937939, 0.593304512983104, 0.5179189285475592, 0.5694245134566828, 0.49616386798677925, 0.5348563109541413, 0.5560491889950121, 0.5885256661197467, 0.41352220495418623, 0.5383594765282763, 0.533665431981934, 0.6391319764168807, 0.49593513110343945, 0.5192996174309376, 0.4162904145961137, 0.5149690725383869, 0.4637871064869127, 0.5048717013518673, 0.41265800029849187, 0.34813085432270496, 0.39983886203134367, 0.5446997367056172, 0.3721951394761598, 0.5862472357232127, 0.4086418248215684, 0.44358987335739297, 0.6943153870669095, 0.44376019877721096, 0.4086208306008505, 0.5121996184745894, 0.47390199478521067, 0.4213630999138389, 0.5246091385759541, 0.4815304366087636, 0.49093865822571214, 0.3329517413052696, 0.4285962791542559, 0.4359193526824279, 0.46740971388185615, 0.3887688938604674, 0.45955222171419474, 0.5106403751924359, 0.6853917581932462, 0.5350103822437295, 0.5506073335251748, 0.4780562949334204, 0.5072700717187488, 0.42695167959063896, 0.40350410828280736, 0.5369690896910436, 0.4405686541763283, 0.49950621877527157, 0.40519511158059807, 0.4766065718606256, 0.4970167651239069, 0.36510964737977813, 0.39909192478459543, 0.5455036346592359, 0.4815311363032486, 0.4557447762871569, 0.3813318004966506, 0.531357517228467, 0.42591788885763204, 0.3929195732943622, 0.5044568037532092, 0.40822725770873014, 0.3569877263554382, 0.5019019572918926, 0.4802455869777591, 0.3196107024060273, 0.49108433512264327, 0.4896072689658745, 0.4447631576734705], [0.6238917363633734, 0.6603231824943863, 0.5891816883450053, 0.5729708245256201, 0.5102629996473487, 0.5651327674829445, 0.48862893283527864, 0.6152528688096812, 0.5866304492327366, 0.5300786218089464, 0.4840791251000085, 1.0, 0.4496346239797876, 0.41403317567127895, 0.5975213909565387, 0.6379006228276256, 0.46791399188484406, 0.5319064908221058, 0.5410466935569355, 0.5364261147774562, 0.5706642661395945, 0.47883887724010454, 0.46913274713899444, 0.5166604806030344, 0.46543648236559054, 0.6026092308236324, 0.5269000063234435, 0.5352244062871665, 0.6983358646332278, 0.48400009021720003, 0.5728756428690516, 0.35172851414227047, 0.6086773435872759, 0.5640415669207897, 0.4634029131005999, 0.39144316310262894, 0.567632390237095, 0.4222468303969511, 0.39159568211496654, 0.45102383849869376, 0.5031911867095851, 0.47439765093160136, 0.5683530764030235, 0.4666258352258008, 0.4782728416554224, 0.41616497743526804, 0.4036307460478715, 0.406194395483237, 0.44597464930403485, 0.46069016671100016, 0.5547382570129544, 0.5416417398402105, 0.4519670760193689, 0.46129721848447347, 0.4468331867843105, 0.4613183416613583, 0.5102716825517093, 0.45632382493550283, 0.5091834639575622, 0.5019107323746803, 0.4742499032980735, 0.5446904661694508, 0.44888308757083684, 0.3993160468085125, 0.4604609253994041, 0.509814078633622, 0.39105980473535085, 0.38098692365351816, 0.4171224353648777, 0.4412402464112989, 0.3710554572539799, 0.4759605396485431, 0.39543324102815647, 0.468193678368767, 0.40497038550642184, 0.44666837087534117, 0.5047606873443996, 0.42817484879195833, 0.37437680104365456, 0.4217704520056821, 0.3158359066417775, 0.4979430202881312, 0.5469289509255983, 0.49644750960996986, 0.5333600567760504, 0.4498686348108668, 0.5063963248433985, 0.47715061614263343, 0.5579727192910657, 0.5782831558270487, 0.5196133105787458, 0.5077095142420669, 0.45067572172806336], [0.44133085635955194, 0.4562860252991596, 0.48136380556458114, 0.5001214646844403, 0.6801556494137095, 0.4517860452419835, 0.7067998372956928, 0.43737134230728814, 0.5658807442298488, 0.7604259826229463, 0.6208542789288436, 0.4496346239797876, 1.0, 0.6502083063009422, 0.4233551857775858, 0.6507987185913076, 0.5588539797264463, 0.7074380240419383, 0.5191119041341086, 0.40643347333592283, 0.5547710081748183, 0.4375072876379731, 0.39077063689444047, 0.6162000573020737, 0.5116415498832965, 0.5366280245362878, 0.49511449730246093, 0.5257010074726292, 0.5295993298963193, 0.5535581709632837, 0.5296277454030669, 0.6380674555717649, 0.4040308367769223, 0.46913670154787757, 0.4060461749229145, 0.4864234699498817, 0.35002437830856015, 0.49841826128310107, 0.275908762554561, 0.589406008505539, 0.5104734748973072, 0.45833891958371686, 0.4606343559575079, 0.6443180200544079, 0.4376309765285499, 0.33892072092507763, 0.5220737423487518, 0.34975146114925026, 0.35916611915539476, 0.4620479941110115, 0.39552157941893207, 0.4597192960606581, 0.5583357876093932, 0.3797535018723748, 0.4658888934883173, 0.4583646059165156, 0.36563210080524744, 0.3290569726908842, 0.4085694852639886, 0.41278437154481806, 0.39654643073384355, 0.4948421092035745, 0.4671159081784112, 0.510716720950787, 0.805480193609529, 0.4813062812150659, 0.7105197888764239, 0.4131303139134819, 0.6340552853661064, 0.5657980176480878, 0.6171209206135781, 0.7777910512583768, 0.5276326270325941, 0.5001860173324915, 0.6115810762558456, 0.4490044332242046, 0.6080312495108353, 0.5601386121369722, 0.4010949505708785, 0.4651310334476071, 0.5148625084503542, 0.45073618609816524, 0.6060728973532701, 0.4463830553892092, 0.3688929544357683, 0.43544297934187826, 0.43263136532247803, 0.4533249258532124, 0.33682900765990265, 0.3112783754338252, 0.5297758046431349, 0.4392821420273225, 0.49301802919069826], [0.4282366302764061, 0.5174749444146101, 0.37495202158675267, 0.5927681821682143, 0.4524432952356402, 0.3646210316805819, 0.5000712303063174, 0.5584002068954683, 0.533995913316835, 0.5068613977165197, 0.5709345901133415, 0.41403317567127895, 0.6502083063009422, 1.0, 0.5503643488297989, 0.557357665734783, 0.5687785106786667, 0.5024822969864788, 0.4555657799797055, 0.5686599501147935, 0.3443178731951959, 0.6393780841613028, 0.5012851518622896, 0.6571027295309468, 0.4885046272798518, 0.5612032782568981, 0.5487973426880022, 0.5743255794940791, 0.5350387138895935, 0.4702644025024929, 0.6834283621375243, 0.45745563027172964, 0.42025640645531137, 0.4585904523937112, 0.4334638595983402, 0.41789158168864415, 0.4438421258870916, 0.4706307422017951, 0.48520169920221845, 0.44347243536257785, 0.4386913291936867, 0.3618200464988218, 0.5591740238926834, 0.586851108039582, 0.44928943704105984, 0.440077368279189, 0.401847592146935, 0.4037323414431394, 0.5642138917638766, 0.36099083896584505, 0.475488528607082, 0.4942303886974805, 0.5402145947908379, 0.4428096800094917, 0.41860737266927617, 0.5067260791862612, 0.4774492333314274, 0.4764319519053165, 0.5466788662736962, 0.46101498295030874, 0.4832441609924082, 0.5111038315894967, 0.4630807763078424, 0.6580331956723391, 0.6144774051656989, 0.5808995769398988, 0.4474459452645698, 0.40013260965719954, 0.5403766697116694, 0.6394099614928264, 0.4179689709455423, 0.5303493367769738, 0.37468861348455595, 0.595027134911051, 0.4973242136416741, 0.46489462548170746, 0.6603798302854372, 0.5197533307721192, 0.5173521907514864, 0.5443543606954582, 0.47868226094221045, 0.39862104123100384, 0.5086267620870888, 0.4082623307762021, 0.3669038118437725, 0.5013945879169399, 0.4934394437225994, 0.3694968435408106, 0.4690667902191049, 0.40701117749666726, 0.47636252591765293, 0.5345277019823268, 0.503101685636659], [0.6255572875911242, 0.5844864687380041, 0.5618173519267565, 0.5714189251300915, 0.3622502290118451, 0.48636973380882953, 0.4424616020828297, 0.5445892732941997, 0.5686030737664983, 0.3945345445229257, 0.6504647414161893, 0.5975213909565387, 0.4233551857775858, 0.5503643488297989, 1.0, 0.5589124129746519, 0.4600061195463454, 0.43380631718543405, 0.5500467797697804, 0.6129720878314133, 0.431416309888103, 0.5769628997046155, 0.6288896684913363, 0.5546709775134968, 0.5859203540005766, 0.6072267031848919, 0.5875294196087191, 0.49163553103569124, 0.5298440886699851, 0.6443720270409417, 0.5034118469156483, 0.43179548025606873, 0.38943624528239584, 0.4334573816138526, 0.41999776634598884, 0.3975985387368107, 0.4398096216120848, 0.3471207965470856, 0.3855384443285721, 0.3930041353045921, 0.43421920171489126, 0.45114007299900183, 0.43865210117717546, 0.41762147001572836, 0.43342822851919194, 0.45271921208570975, 0.4866098702055871, 0.42972251022906816, 0.4813885964068859, 0.39097370052720504, 0.46444306601115104, 0.38016879748050747, 0.4780246271262716, 0.429425822629825, 0.5744111352724717, 0.5538106238138236, 0.5900554127316981, 0.5444547746922319, 0.5108644181959808, 0.462835981275324, 0.5046102093283663, 0.5565570351955221, 0.5698454913769389, 0.48849511993613215, 0.4668810518052511, 0.49428061059794803, 0.3657022126401457, 0.440905094601856, 0.36391302512851864, 0.4638980517444542, 0.37809798133684513, 0.33651890487771285, 0.3239140906614538, 0.4988544270652334, 0.40861819820979595, 0.502542827538524, 0.48368509774853985, 0.5908243994324831, 0.5199801827585291, 0.5288954264696691, 0.5011117876433928, 0.4314203220677024, 0.3943146394690211, 0.537059771670036, 0.6008071699051014, 0.5393675094569791, 0.5729288576584777, 0.5713119568272311, 0.5596855521726394, 0.5142720542202432, 0.5806484637971396, 0.5463733346229717, 0.5320711525524244], [0.48075205607093907, 0.5716626197085357, 0.776562606226394, 0.43749317783670505, 0.6005748266962263, 0.46324227213774993, 0.6700421158838128, 0.4834973392840505, 0.7044576718777439, 0.5747911554699802, 0.5380292069581796, 0.6379006228276256, 0.6507987185913076, 0.557357665734783, 0.5589124129746519, 1.0, 0.48217612920967456, 0.6268867914522057, 0.5609867546642144, 0.3257048300254719, 0.409173158238488, 0.6059113342340414, 0.5071930568158962, 0.4507827346841693, 0.5395620248553902, 0.4075346000595128, 0.47674968742851787, 0.5642926268034703, 0.46310073750769565, 0.4163212391042004, 0.5200677420668177, 0.5345210403084717, 0.4445994414496993, 0.4417226381084821, 0.4486470210005933, 0.5508397131665483, 0.3606991555780673, 0.42025621877997865, 0.3984244894272151, 0.4935688139498804, 0.4868426637722133, 0.3944130019040658, 0.6169902120395614, 0.6011206511176662, 0.4252246860211756, 0.35234712268132906, 0.49578977000975377, 0.37034201131640554, 0.41796952075776406, 0.484897136115954, 0.501022583100815, 0.55841990563145, 0.5669396120286491, 0.48971613260878477, 0.45800993049421923, 0.5393904697849586, 0.426789601973089, 0.35937388948501925, 0.587745188255505, 0.4097389807471209, 0.3351919432940619, 0.43882663913561526, 0.40192766778928557, 0.4002416925816916, 0.5830634240066093, 0.5345677869623221, 0.4608355030186613, 0.3860851834348964, 0.5071523669573059, 0.4346188528662065, 0.6214428205877265, 0.5357800675780764, 0.43969386687830814, 0.37230149239907706, 0.5162863567307288, 0.4761692598310805, 0.47224750821183215, 0.5710823098301603, 0.48766249405058826, 0.44073701726572156, 0.5382790575396201, 0.4519889741413703, 0.5210715878748615, 0.430127518032822, 0.47848405987871057, 0.4586558535774955, 0.5520984119462291, 0.5479420363691472, 0.5158507758871812, 0.41649683442826113, 0.46879437253502154, 0.472615286136832, 0.47388832021257943], [0.5443013429413642, 0.5261026928606175, 0.4877201089171693, 0.5804784309575146, 0.4916262215037629, 0.5273774791975508, 0.4464506106699626, 0.6138464281719874, 0.5388825050804606, 0.4849766245374386, 0.5728460850047353, 0.46791399188484406, 0.5588539797264463, 0.5687785106786667, 0.4600061195463454, 0.48217612920967456, 1.0, 0.45745025339772094, 0.6608235123650865, 0.6028910024280599, 0.484028067611194, 0.5885417211654036, 0.526380137394328, 0.5694481850253776, 0.6054011392459283, 0.6699946042294465, 0.520133776984407, 0.6739191311200534, 0.463536021178407, 0.5686379421006386, 0.6212283409654595, 0.4435363898204956, 0.3208211958413073, 0.47509150284716384, 0.3753989637601397, 0.4127782553100551, 0.5110629661943795, 0.5005968372119729, 0.4869414425989005, 0.35058557882354446, 0.37544072244552007, 0.5043144887418993, 0.5285219522276574, 0.33299363687179184, 0.47536207707751, 0.4681807319502487, 0.4961376477538526, 0.46511792412402375, 0.41948581624118586, 0.4844598089225871, 0.38939639148750005, 0.4457707506917842, 0.5311966761084237, 0.4657892995560705, 0.6131084118777391, 0.40787549523631283, 0.5397904645421947, 0.5048521520116789, 0.6379118633632809, 0.4409268220784067, 0.45516179113870814, 0.556598611099347, 0.4676311086491107, 0.4618818340821983, 0.3495581789387341, 0.4689137094536422, 0.44297995932029766, 0.4440776295802694, 0.3439882433724656, 0.5726144582795829, 0.4164457738523879, 0.5949698011721664, 0.5399528884283582, 0.5295508844622343, 0.4146188229332728, 0.5285524286005397, 0.5467140980554694, 0.38141516994093116, 0.5968558911512056, 0.42217177822235974, 0.5055044283148703, 0.4933875658896921, 0.32654182043135427, 0.43681035723980977, 0.40319937671400863, 0.45011969212125236, 0.48536679560113405, 0.46647044572200114, 0.55973369483535, 0.4669951259071444, 0.45153478510793266, 0.4431245360831889, 0.4701032176116211], [0.4554800757746017, 0.46091721171307676, 0.6448144655535675, 0.43241462046333723, 0.6457595750634859, 0.5885902185093045, 0.6131918883639647, 0.5677054282019637, 0.6105689306492977, 0.6418970293151771, 0.589980362956566, 0.5319064908221058, 0.7074380240419383, 0.5024822969864788, 0.43380631718543405, 0.6268867914522057, 0.45745025339772094, 1.0, 0.49590227094590167, 0.4898615292744667, 0.6993158368288811, 0.4519072389971772, 0.3726195294902527, 0.45057695285512533, 0.5450702618981753, 0.36882903488863317, 0.5248635371056508, 0.6401805764282515, 0.44752833065128317, 0.44659054201682247, 0.43855875836911906, 0.6632462956605434, 0.4045844802518872, 0.4774081891303308, 0.40121086249163274, 0.43671706929494414, 0.5144287539539998, 0.4193412640150309, 0.3406860005433602, 0.5607412179857836, 0.42035656111339237, 0.5076791296813572, 0.4424849030011466, 0.6025475306817709, 0.4035670943127886, 0.4323242546736278, 0.5235039104117432, 0.3647476834015463, 0.41130158979219134, 0.465871659975423, 0.3673126247677424, 0.49749501954752395, 0.44363008933392956, 0.44365756889985253, 0.48868398493165555, 0.45090486202158975, 0.447669623502549, 0.39720139939585275, 0.41012786660145184, 0.34970606472960253, 0.4238497215522862, 0.4483904671666412, 0.4812725218119053, 0.46978342450148625, 0.7795522764522371, 0.5273011815194562, 0.550388899256633, 0.4427564789465487, 0.5461727207773704, 0.5394734849446691, 0.5778937576649582, 0.5484114445284518, 0.4601621861872759, 0.41559977790782865, 0.5557209587733942, 0.49589279138852016, 0.5147450107921929, 0.5052585073175109, 0.5012894180932719, 0.5059029802140423, 0.4340160631682448, 0.6347567320384535, 0.6949907245274234, 0.5360913430126518, 0.4220611757793252, 0.56570438209623, 0.45367631038075984, 0.3880494486014967, 0.5304120046885292, 0.41585470476234954, 0.4579512433182169, 0.467177688683433, 0.5967772824433926], [0.5522109543086637, 0.4485202810401925, 0.5349573796136506, 0.5486884666153269, 0.40456711015308067, 0.5396793429946696, 0.4466923752320333, 0.5913753422476139, 0.5035738993932162, 0.4642127456637207, 0.4706724811902313, 0.5410466935569355, 0.5191119041341086, 0.4555657799797055, 0.5500467797697804, 0.5609867546642144, 0.6608235123650865, 0.49590227094590167, 1.0, 0.5856941140899004, 0.47689394481215086, 0.5882707098814997, 0.4780738954601509, 0.604815277146581, 0.6769542405198219, 0.5553627603964801, 0.4965002125256358, 0.611650562271249, 0.4821780366291478, 0.44543607926956585, 0.4543077181538393, 0.38100040650900746, 0.4417570584716557, 0.5591794811032661, 0.40923089306668714, 0.2940034395955524, 0.38112146245433587, 0.40236931645474283, 0.5199730203556452, 0.44382149383022096, 0.3464466239623738, 0.5732842877290076, 0.5020765746474041, 0.30616513646927423, 0.4548831449809625, 0.3420289258693745, 0.546522844340591, 0.4404887026715828, 0.49763373304019587, 0.521310077254815, 0.34329042098186147, 0.43331214790281003, 0.49511995582575863, 0.5430375716018476, 0.47837387457287806, 0.5508262087109256, 0.5408079675631224, 0.415624659900069, 0.6527719290360326, 0.48959991808737635, 0.5139296999135969, 0.5229763837014045, 0.39248564266404684, 0.41482460967631773, 0.4676420530804535, 0.4929252595887539, 0.4819706240599635, 0.5962910297778632, 0.45108481462674, 0.5112383703579977, 0.5802474073000985, 0.5521782646090605, 0.6005184499234621, 0.4857685416496189, 0.5364654113040761, 0.5729283147667594, 0.44069717291276944, 0.5041316235371743, 0.5782223488039223, 0.47180812415332984, 0.5955795138860753, 0.5964144147630159, 0.515096323128948, 0.5578155159401126, 0.460313103062607, 0.42264626784739645, 0.557465741912162, 0.43342688135761576, 0.48150415687737147, 0.36749493124644594, 0.4322552391010285, 0.3460490182618934, 0.4463967024722071], [0.675120560389592, 0.5909810813802624, 0.45882845053142607, 0.527265492022269, 0.472021477677397, 0.5786119409462052, 0.37050033446020214, 0.5733509439417871, 0.5070248274167826, 0.3814505819458678, 0.5225481189328554, 0.5364261147774562, 0.40643347333592283, 0.5686599501147935, 0.6129720878314133, 0.3257048300254719, 0.6028910024280599, 0.4898615292744667, 0.5856941140899004, 1.0, 0.42955785714753514, 0.5567937835812992, 0.596267101817196, 0.5617332406980035, 0.6295448816672112, 0.618647580267528, 0.566447605503551, 0.5101802690191612, 0.5908393323677874, 0.5688882609019694, 0.5527513767287283, 0.37648622302108803, 0.3226807544957193, 0.430214104885678, 0.38022352685851235, 0.3965553990980457, 0.5009477625348895, 0.3948763230314424, 0.4300526839602772, 0.3955974741245871, 0.3388726685637047, 0.44379513563646256, 0.4703986412424134, 0.3292365072564728, 0.44111896372538206, 0.4111542277838609, 0.5225120702376529, 0.4602601358933841, 0.5035503112784315, 0.45481999952077545, 0.6229680385541616, 0.40566214001686296, 0.4922746515989357, 0.5262577000639219, 0.4744445997818517, 0.4588668369758593, 0.5739090338010102, 0.5985310031410455, 0.45895083578249174, 0.5407353081621051, 0.5793197407657306, 0.5162284498078773, 0.3541237094008286, 0.5556599923165937, 0.4533447239113787, 0.4464026013828525, 0.41571062626731115, 0.5816142354311301, 0.351264800746657, 0.5443272165873755, 0.4164902460741654, 0.48214226190666365, 0.49166291139104945, 0.5836716527242791, 0.3411901541185657, 0.5488191045453761, 0.5243689801643092, 0.4536800988800198, 0.5221828387974266, 0.44660548978200654, 0.45846104453273395, 0.5435911867136067, 0.6118480873593113, 0.5686632483783514, 0.4712420905915621, 0.4506766317065384, 0.4743356063786326, 0.43659467025649346, 0.4859650400388452, 0.5651765766094219, 0.4733795580435989, 0.48383739668414194, 0.5109670027248133], [0.4557598694004412, 0.3869619641762724, 0.5625350444226505, 0.5852316028940292, 0.6244581107219088, 0.527626007191113, 0.5008599042678834, 0.394820749524456, 0.41186828110946083, 0.6964412200769275, 0.5984470292937939, 0.5706642661395945, 0.5547710081748183, 0.3443178731951959, 0.431416309888103, 0.409173158238488, 0.484028067611194, 0.6993158368288811, 0.47689394481215086, 0.42955785714753514, 1.0, 0.3972430049647303, 0.40324433491590195, 0.45057440454153297, 0.4079367875119422, 0.393686331444139, 0.4081391785717322, 0.5132966368984028, 0.5097790063123777, 0.4982787964531643, 0.4817932211100554, 0.5513507689042425, 0.584383956360145, 0.5801219675717257, 0.3869912202818704, 0.4672890585456718, 0.4690162699305047, 0.4592393017231339, 0.48946365638955613, 0.4954905109006521, 0.48257267931348613, 0.551080210325281, 0.29984114895976444, 0.4695806701226398, 0.4997210071952257, 0.4896213973163426, 0.44860582110918945, 0.47942159683815355, 0.341370908859846, 0.3970051097541939, 0.4749899098400101, 0.5266907107711252, 0.43976943362889465, 0.4510357727626506, 0.4904487830123613, 0.45210865662933164, 0.6077323053791988, 0.4811130095930951, 0.34814661832897265, 0.4764771925499627, 0.59294652576328, 0.5874215870667535, 0.6030513356539857, 0.3720614144611656, 0.5689410775515295, 0.49624046885711504, 0.5742093328881734, 0.545421147908117, 0.49653114365445905, 0.45783941344729184, 0.5422477053191423, 0.5118668911895126, 0.4978071424304128, 0.49008558746492503, 0.49380530516004595, 0.3531728221144147, 0.4143667313082866, 0.47899611708156886, 0.48311306977967916, 0.476678934610379, 0.2904749318123847, 0.7265102950363107, 0.65024962926481, 0.6744062667884666, 0.5059673565183325, 0.6468546200115267, 0.5317463293439377, 0.4807787404810223, 0.5180362330988959, 0.42414575048515946, 0.6344062076629952, 0.5655706626541677, 0.641612923748071], [0.5790480366804454, 0.5247522399736038, 0.592829034694552, 0.42889886931299026, 0.49500326979919684, 0.5178280093487688, 0.43130278825934587, 0.5330963548432013, 0.5333482395988279, 0.4130598803146015, 0.593304512983104, 0.47883887724010454, 0.4375072876379731, 0.6393780841613028, 0.5769628997046155, 0.6059113342340414, 0.5885417211654036, 0.4519072389971772, 0.5882707098814997, 0.5567937835812992, 0.3972430049647303, 1.0, 0.7715929330618909, 0.6524175684571749, 0.696541611741789, 0.6375259935945333, 0.6721209031165278, 0.7256991239232224, 0.5378992251414041, 0.48980605787535725, 0.6772585253078794, 0.34535437440740546, 0.3473487378315072, 0.34570942275237737, 0.2955398386414243, 0.3632902842402166, 0.4049806779876024, 0.37748596311326077, 0.4945050294473915, 0.45132762814200433, 0.41589090005396023, 0.47221835158672787, 0.399971128422399, 0.49643107981351464, 0.3486811146794091, 0.495986273