"[[1.0, 0.4075704220261278, 0.4148286417792628, 0.6659213152054608, 0.7029226461304174, 0.7689608235025528, 0.6266898676990492, 0.8172404700509729, 0.3147637968456134, 0.8071066399556571, 0.9620826585643211, 0.5907334679537662, 0.3362727888726036, -0.14382446721557485, 0.11163302534352071, 0.7250084564446772, 0.5369973379699318, 0.7940004870469005, 0.5517409712821012, 0.444137208175851, 0.9137915078477648, 0.8233889108528555, 0.8069732852145901, 0.6801675076459286, 0.7107738111957628, 0.6902195536336694, 0.6363066971592527, 0.8491195190732701, 0.6986273298168052, 0.879583377424369, 0.8975714408085549, 0.7577711663431007, 0.9363252307790473, 0.7604978510927219, 0.49509640492073137, 0.5342336213524996, 0.9197064506476891, 0.4500485282605978, 0.8168903048919802, 0.6662602256233392, 0.8856393513463776, 0.5966612693545559, 0.8279308600836942, 0.9068832900579018, 0.8137131404624512, 0.7001328996113314, 0.8333474893564946, 0.48495294897407915, 0.37383904970724147, -0.1151935219067417, 0.3541661215906474, 0.9437044094176645, 0.92935081919676, 0.8491059213559002, 0.6603122830525175, 0.8387836466076407, 0.8260755014333698, 0.7429638815709909, 0.6944005177114674, 0.8776268011247413, 0.9481047277578679, 0.794920659461299, -0.9063658672249564, -0.9063658672249564, -0.9063658672249564, -0.9063658672249564, -0.9063658672249564, -0.9063658672249564, -0.9063658672249564, -0.9063658672249564, -0.9063658672249564, -0.9063658672249564, -0.9063658672249564, -0.9063658672249564, -0.9063658672249564, -0.9063658672249564, -0.9063658672249564, -0.9063658672249564, -0.9063658672249564, -0.9063658672249564, -0.9063658672249564, -0.9063658672249564, -0.9063658672249564, -0.9063658672249564, -0.9063658672249564, -0.9063658672249564, -0.9063658672249564, -0.9063658672249564, -0.9063658672249564, -0.9063658672249564, -0.9063658672249564, -0.9063658672249564, -0.9063658672249564], [0.4075704220261278, 1.0, 0.4605388918829576, 0.10090822260042043, 0.892355690627683, 0.6989692130702826, 0.5720083837513058, 0.5375522124252322, -0.05890307861540345, 0.27303871629526455, 0.2979311849694275, -0.04313418408598535, 0.9339096565893025, 0.7900826924413108, -0.115313617075814, 0.9034839743259574, 0.9246913602626341, 0.629304895900896, 0.7988892150963639, 0.9971069549183709, 0.5794476270386321, 0.09793177305095624, 0.6857410656281915, -0.16868699356770844, 0.8069290785358154, 0.4914775517697598, -0.26196736668728904, 0.40617914915745623, 0.5343880281944188, 0.31328085784590565, 0.4684916464270126, 0.8576682370028607, 0.5606529870192474, 0.8697080658765078, 0.9704756758787393, 0.9616173790882445, 0.6988187363540175, 0.986473522858961, 0.7514039477136047, 0.9024822277132105, 0.6329290678547472, 0.9642864428598906, 0.7732222827837406, 0.39524960207009596, 0.6081888008928362, 0.22861683530186128, 0.31720831191219456, 0.9943460350474805, 0.9638890245206729, 0.8410892624588473, 0.9071059476092552, 0.3556320423434347, 0.6045736413182914, 0.3549692243630693, 0.8873535099067626, 0.43724204011565737, 0.6212860230823422, 0.14963126102853574, 0.8050885750839536, 0.67558390387307, 0.4093873535950566, 0.3811360372056576, -0.7385122922388561, -0.7385122922388561, -0.7385122922388561, -0.7385122922388561, -0.7385122922388561, -0.7385122922388561, -0.7385122922388561, -0.7385122922388561, -0.7385122922388561, -0.7385122922388561, -0.7385122922388561, -0.7385122922388561, -0.7385122922388561, -0.7385122922388561, -0.7385122922388561, -0.7385122922388561, -0.7385122922388561, -0.7385122922388561, -0.7385122922388561, -0.7385122922388561, -0.7385122922388561, -0.7385122922388561, -0.7385122922388561, -0.7385122922388561, -0.7385122922388561, -0.7385122922388561, -0.7385122922388561, -0.7385122922388561, -0.7385122922388561, -0.7385122922388561, -0.7385122922388563], [0.4148286417792628, 0.4605388918829576, 1.0, -0.3984074624438503, 0.6982998047317764, 0.051386753699278254, -0.1552600075599142, -0.018813446772926845, 0.8258456288253672, -0.18177337136825655, 0.5800714683394547, -0.4490247464347341, 0.38450705534403307, 0.23772000384524739, -0.3250727997139444, 0.5312660000449708, 0.42023431098566966, 0.024056036500394784, -0.019958864216217842, 0.4151344777662227, 0.5359506260067309, -0.12611282710747496, 0.26225772529188873, -0.22637339269465429, 0.23615166597259496, -0.14892277213048932, -0.23140070635764043, 0.17484997766665134, -0.03851687955559524, 0.08733119604365736, 0.15010030944221475, 0.46684040033722163, 0.6986459271273064, 0.6038997148802885, 0.34593046868601807, 0.6526590272077877, 0.6118978109645429, 0.4609994552964263, 0.21017411475841985, 0.7317481712157301, 0.3447092699394241, 0.39548012693258716, 0.6727681960990766, 0.6845201228592159, 0.040629081473737116, -0.3353688353077584, 0.2092788332819585, 0.5086517726954918, 0.4242612077955994, 0.36101775886712784, 0.2608037709385844, 0.6329865757766278, 0.3614433605014191, 0.25392769770447643, 0.4565338480446415, 0.04855577136312417, 0.24263365377710766, -0.016500130273814806, 0.2749205866676465, 0.20505874189313267, 0.3385966248960952, -0.11318907786098231, -0.4488390627034198, -0.4488390627034198, -0.4488390627034198, -0.4488390627034198, -0.4488390627034198, -0.4488390627034198, -0.4488390627034198, -0.4488390627034198, -0.4488390627034198, -0.4488390627034198, -0.4488390627034198, -0.4488390627034198, -0.4488390627034198, -0.4488390627034198, -0.4488390627034198, -0.4488390627034198, -0.4488390627034198, -0.4488390627034198, -0.4488390627034198, -0.4488390627034198, -0.4488390627034198, -0.4488390627034198, -0.4488390627034198, -0.4488390627034198, -0.4488390627034198, -0.4488390627034198, -0.4488390627034198, -0.4488390627034198, -0.4488390627034198, -0.4488390627034198, -0.44883906270341956], [0.6659213152054608, 0.10090822260042043, -0.3984074624438503, 1.0, 0.18202171444243798, 0.771889788421282, 0.8064065200593978, 0.8703646539433081, -0.39018601488392957, 0.9682395947208763, 0.47803597668386777, 0.9619532483975339, 0.09837430906687394, -0.2612560878320034, 0.39732087088746193, 0.3387688733550338, 0.26348600183728443, 0.8193128322671073, 0.6346151332564979, 0.1749526488195664, 0.48635958601083307, 0.9169836074168646, 0.6218595317158203, 0.833752311557771, 0.5625745090203506, 0.8389769427250405, 0.7862502432004573, 0.7092437079911389, 0.7548508215684815, 0.807523849929349, 0.7877306792252758, 0.43209909231604926, 0.37761452183361355, 0.31809855079748495, 0.2771391330612799, 0.06140995165001428, 0.4445066240675204, 0.13694864398753526, 0.6878743014834746, 0.1170769059676181, 0.6422810375273309, 0.33616417839088286, 0.31762241118069756, 0.35096805290717825, 0.8141203876538928, 0.9908212195242564, 0.6820088446656069, 0.13418964934507516, 0.08851305180656255, -0.33740265470022246, 0.2189731514111325, 0.4174679903467631, 0.6536817314533696, 0.6363992232403023, 0.3334292888272743, 0.8116231945291759, 0.650545542337257, 0.741381192523871, 0.5118933993145776, 0.7459629177237896, 0.671941522052794, 0.9031204393706637, -0.5783238920952498, -0.5783238920952498, -0.5783238920952498, -0.5783238920952498, -0.5783238920952498, -0.5783238920952498, -0.5783238920952498, -0.5783238920952498, -0.5783238920952498, -0.5783238920952498, -0.5783238920952498, -0.5783238920952498, -0.5783238920952498, -0.5783238920952498, -0.5783238920952498, -0.5783238920952498, -0.5783238920952498, -0.5783238920952498, -0.5783238920952498, -0.5783238920952498, -0.5783238920952498, -0.5783238920952498, -0.5783238920952498, -0.5783238920952498, -0.5783238920952498, -0.5783238920952498, -0.5783238920952498, -0.5783238920952498, -0.5783238920952498, -0.5783238920952498, -0.5783238920952503], [0.7029226461304174, 0.892355690627683, 0.6982998047317764, 0.18202171444243798, 1.0, 0.7026487652627275, 0.5669996394600517, 0.627144680230216, 0.3182541355531008, 0.38544796088532274, 0.6621108574017337, 0.07918322938562217, 0.8470277002417376, 0.5550229569433135, -0.01832947151309927, 0.9359679700230596, 0.9155618598761186, 0.6872862649051917, 0.7014265345695886, 0.8905838761015795, 0.7781905662112086, 0.2768477694608056, 0.7299104847034413, 0.01814174979421579, 0.7754941324096927, 0.46221508285197144, -0.05790517099147463, 0.5329871463041002, 0.5092725925343836, 0.473549262697213, 0.6015398108478496, 0.9497315133498143, 0.8569950915942545, 0.9875037474997534, 0.8543193054019435, 0.9738842441260727, 0.9021267681722577, 0.8801663552583763, 0.7886708376690511, 0.995868864783908, 0.8264873305019743, 0.9068129459988296, 0.9702661176327958, 0.763167982086432, 0.6462888937998901, 0.2866096938713599, 0.5963593966748578, 0.921734675670296, 0.81788426952879, 0.6098947421478806, 0.8061141398395176, 0.6930221267867898, 0.7612141584631706, 0.5166088673033158, 0.8670418788792231, 0.5273936273505673, 0.6868273467496979, 0.27289647157668107, 0.7719187727835826, 0.7649428733986684, 0.6306491311600781, 0.44562502886271504, -0.9022036811578584, -0.9022036811578584, -0.9022036811578584, -0.9022036811578584, -0.9022036811578584, -0.9022036811578584, -0.9022036811578584, -0.9022036811578584, -0.9022036811578584, -0.9022036811578584, -0.9022036811578584, -0.9022036811578584, -0.9022036811578584, -0.9022036811578584, -0.9022036811578584, -0.9022036811578584, -0.9022036811578584, -0.9022036811578584, -0.9022036811578584, -0.9022036811578584, -0.9022036811578584, -0.9022036811578584, -0.9022036811578584, -0.9022036811578584, -0.9022036811578584, -0.9022036811578584, -0.9022036811578584, -0.9022036811578584, -0.9022036811578584, -0.9022036811578584, -0.9022036811578584], [0.7689608235025528, 0.6989692130702826, 0.051386753699278254, 0.771889788421282, 0.7026487652627275, 1.0, 0.89162012985919, 0.946408227091213, -0.2875409105500011, 0.876060547270741, 0.5800740023537493, 0.6303148156615425, 0.6152338419948506, 0.25209303646831216, 0.10806459444732275, 0.8437376419260234, 0.737850453754202, 0.9670916423906888, 0.9259182240765664, 0.7489448510630569, 0.77932407951077, 0.7558090156868043, 0.9273844373624125, 0.5431096727637681, 0.9450146600016608, 0.9389918893062569, 0.453392524581128, 0.8311753000401243, 0.9214654138257323, 0.8315567167190075, 0.9065861919996722, 0.8367013453101154, 0.6638454028520423, 0.77627476210981, 0.8204076720589084, 0.6510370011038156, 0.8004466548612338, 0.7342867299786028, 0.9857737087292214, 0.6693747163763251, 0.8436979640225072, 0.8563011078057152, 0.7220281714385858, 0.5233854976983324, 0.9873194391312103, 0.8491638723161078, 0.6558764568081995, 0.7295120867406931, 0.6935607932696092, 0.2531347829168178, 0.6768382418900891, 0.5853625671832726, 0.8973424179808737, 0.7576270007519708, 0.8399822795847022, 0.9049497190312535, 0.9124867604600717, 0.6994434564009425, 0.9158343426227119, 0.9792983934324465, 0.8010308566169206, 0.9168942169914188, -0.8897908843838542, -0.8897908843838542, -0.8897908843838542, -0.8897908843838542, -0.8897908843838542, -0.8897908843838542, -0.8897908843838542, -0.8897908843838542, -0.8897908843838542, -0.8897908843838542, -0.8897908843838542, -0.8897908843838542, -0.8897908843838542, -0.8897908843838542, -0.8897908843838542, -0.8897908843838542, -0.8897908843838542, -0.8897908843838542, -0.8897908843838542, -0.8897908843838542, -0.8897908843838542, -0.8897908843838542, -0.8897908843838542, -0.8897908843838542, -0.8897908843838542, -0.8897908843838542, -0.8897908843838542, -0.8897908843838542, -0.8897908843838542, -0.8897908843838542, -0.8897908843838545], [0.6266898676990492, 0.5720083837513058, -0.1552600075599142, 0.8064065200593978, 0.5669996394600517, 0.89162012985919, 1.0, 0.9553933139444963, -0.34374540899224093, 0.8225909446097038, 0.4033438929276535, 0.7776304621108047, 0.6522297575887617, 0.342291814037297, 0.5321803919190995, 0.6151247451369949, 0.7486457362769579, 0.9621539480782908, 0.9377997203021565, 0.6276732009458241, 0.4850847438142726, 0.6311030830128943, 0.6610515572581802, 0.3960131508307514, 0.7148612867826081, 0.7707006850315057, 0.3083320299951051, 0.5456773120868268, 0.6881657489072176, 0.606387480147393, 0.6907193540866474, 0.7931582197540678, 0.48174000098980396, 0.6820330257785305, 0.644776818298189, 0.5270566955625646, 0.5829773743784421, 0.5410128266728238, 0.8255737691535331, 0.5041096205539932, 0.8505556564532462, 0.6989180262345558, 0.6241641230241962, 0.4364842661241495, 0.841005854308385, 0.8516199917679924, 0.7799298530644948, 0.5690722817680084, 0.4665349369568037, 0.24788895228977448, 0.7461130109929027, 0.35069800410026697, 0.6625689788088056, 0.4413139444159726, 0.5676452797629881, 0.6840295069603494, 0.6376593151765365, 0.4199566204781411, 0.6539226541881913, 0.8370286167556982, 0.5478784511775235, 0.7695650659954996, -0.7826479619186215, -0.7826479619186215, -0.7826479619186215, -0.7826479619186215, -0.7826479619186215, -0.7826479619186215, -0.7826479619186215, -0.7826479619186215, -0.7826479619186215, -0.7826479619186215, -0.7826479619186215, -0.7826479619186215, -0.7826479619186215, -0.7826479619186215, -0.7826479619186215, -0.7826479619186215, -0.7826479619186215, -0.7826479619186215, -0.7826479619186215, -0.7826479619186215, -0.7826479619186215, -0.7826479619186215, -0.7826479619186215, -0.7826479619186215, -0.7826479619186215, -0.7826479619186215, -0.7826479619186215, -0.7826479619186215, -0.7826479619186215, -0.7826479619186215, -0.7826479619186217], [0.8172404700509729, 0.5375522124252322, -0.018813446772926845, 0.8703646539433081, 0.627144680230216, 0.946408227091213, 0.9553933139444963, 1.0, -0.1967155831317684, 0.9284523357566147, 0.6321051492764908, 0.8083145842885834, 0.5490751399626369, 0.14715209777711746, 0.390051257396101, 0.701582329904111, 0.6968965993567016, 0.9932801407685872, 0.8824136600671907, 0.5952805901798346, 0.6935281167430074, 0.8043240551462232, 0.8002694437918136, 0.5951174855103218, 0.7976019061894458, 0.8596999614662387, 0.5159007223370735, 0.747209539280248, 0.802992742178025, 0.8021304787417479, 0.8610113475580856, 0.8190338010742727, 0.6659454394309218, 0.7348634740091612, 0.6430394780165712, 0.5352320213327879, 0.7455541934194342, 0.5424595776616088, 0.9099236586144659, 0.5691666380522173, 0.9151806737148445, 0.7135304632549566, 0.7138638924599647, 0.6091679314688716, 0.9351411765046607, 0.9142374297379132, 0.8406838186780013, 0.566126850795523, 0.46860732292959684, 0.09333370213837044, 0.6305968270868846, 0.5909064450024292, 0.8344872058625267, 0.6697462019551165, 0.6568853622301434, 0.8444196463671536, 0.7945819488208684, 0.6352586479938338, 0.7487883502264374, 0.9398021533479751, 0.7658317207695693, 0.8932930799131987, -0.8818484877283552, -0.8818484877283552, -0.8818484877283552, -0.8818484877283552, -0.8818484877283552, -0.8818484877283552, -0.8818484877283552, -0.8818484877283552, -0.8818484877283552, -0.8818484877283552, -0.8818484877283552, -0.8818484877283552, -0.8818484877283552, -0.8818484877283552, -0.8818484877283552, -0.8818484877283552, -0.8818484877283552, -0.8818484877283552, -0.8818484877283552, -0.8818484877283552, -0.8818484877283552, -0.8818484877283552, -0.8818484877283552, -0.8818484877283552, -0.8818484877283552, -0.8818484877283552, -0.8818484877283552, -0.8818484877283552, -0.8818484877283552, -0.8818484877283552, -0.8818484877283552], [0.3147637968456134, -0.05890307861540345, 0.8258456288253672, -0.39018601488392957, 0.3182541355531008, -0.2875409105500011, -0.34374540899224093, -0.1967155831317684, 1.0, -0.2709688474465337, 0.5412800152289172, -0.3091701923357526, -0.020575995368773414, -0.1504575196863145, -0.03375032646864895, 0.06704927397525529, 0.041828286083352983, -0.21239409202748272, -0.38905398413368464, -0.10024168908755349, 0.2495891242537962, -0.1463839596869374, -0.1266523831808004, -0.14419075356737432, -0.21997037720486823, -0.4469800860629767, -0.10190386854366595, -0.07089104205821406, -0.3826229509836214, -0.07675806156972631, -0.08558300107426597, 0.13627127748481327, 0.5188666715967949, 0.2568324863117202, -0.18924323797428122, 0.20612317486419784, 0.31541031624051086, -0.08387671958755538, -0.15879166656019117, 0.3272066128655815, 0.1760513349675863, -0.10156101790195149, 0.4001989487946829, 0.6508080267438417, -0.2633780750310293, -0.4052424068046321, 0.2647760176011905, -0.00824217438993724, -0.14557012496789778, -0.09110810983206497, -0.12511119971208773, 0.5309946080945283, 0.07270429655436583, 0.03100868606114504, -0.046271973113574116, -0.19674970335819153, -0.11416193437146682, -0.1562795789625946, -0.1960746395702877, -0.10050628930715244, 0.15085196159477277, -0.31299655479422506, -0.1694220083911966, -0.1694220083911966, -0.1694220083911966, -0.1694220083911966, -0.1694220083911966, -0.1694220083911966, -0.1694220083911966, -0.1694220083911966, -0.1694220083911966, -0.1694220083911966, -0.1694220083911966, -0.1694220083911966, -0.1694220083911966, -0.1694220083911966, -0.1694220083911966, -0.1694220083911966, -0.1694220083911966, -0.1694220083911966, -0.1694220083911966, -0.1694220083911966, -0.1694220083911966, -0.1694220083911966, -0.1694220083911966, -0.1694220083911966, -0.1694220083911966, -0.1694220083911966, -0.1694220083911966, -0.1694220083911966, -0.1694220083911966, -0.1694220083911966, -0.16942200839119614], [0.8071066399556571, 0.27303871629526455, -0.18177337136825655, 0.9682395947208763, 0.38544796088532274, 0.876060547270741, 0.8225909446097038, 0.9284523357566147, -0.2709688474465337, 1.0, 0.638234487936875, 0.8855649407510333, 0.21714790531248185, -0.19644780998121258, 0.25550605359023937, 0.5438863405760983, 0.3973070427261658, 0.8921551634562003, 0.7044677607687305, 0.3409265393347074, 0.6875324484459588, 0.9589827132548179, 0.7878981719031032, 0.8444267384416326, 0.723750480426198, 0.9140639852205416, 0.7876343524814065, 0.8488276857051673, 0.8617815019970851, 0.9164392866247992, 0.914514884670408, 0.5848549098527027, 0.5728492945834441, 0.500296335894012, 0.44616021325390565, 0.2572243427445229, 0.6469237741680929, 0.32423268917385006, 0.8286950091020124, 0.3311212891649473, 0.7549957225733349, 0.5094763106643792, 0.5037275310804442, 0.5096967826329892, 0.919883662189597, 0.9846670549464693, 0.726254218992347, 0.3215046523194707, 0.2751103152314617, -0.23112427868813312, 0.313563501454032, 0.6011715819326471, 0.8220759868831169, 0.7888985735760629, 0.5361913061871829, 0.9230106552768684, 0.8117229262792778, 0.8336743917325121, 0.6844749005202134, 0.8780178690359218, 0.8274467685589881, 0.9724071136732908, -0.738219730674035, -0.738219730674035, -0.738219730674035, -0.738219730674035, -0.738219730674035, -0.738219730674035, -0.738219730674035, -0.738219730674035, -0.738219730674035, -0.738219730674035, -0.738219730674035, -0.738219730674035, -0.738219730674035, -0.738219730674035, -0.738219730674035, -0.738219730674035, -0.738219730674035, -0.738219730674035, -0.738219730674035, -0.738219730674035, -0.738219730674035, -0.738219730674035, -0.738219730674035, -0.738219730674035, -0.738219730674035, -0.738219730674035, -0.738219730674035, -0.738219730674035, -0.738219730674035, -0.738219730674035, -0.738219730674035], [0.9620826585643211, 0.2979311849694275, 0.5800714683394547, 0.47803597668386777, 0.6621108574017337, 0.5800740023537493, 0.4033438929276535, 0.6321051492764908, 0.5412800152289172, 0.638234487936875, 1.0, 0.4180865321556988, 0.2140323062487577, -0.24329652129958457, 0.007983652532258523, 0.6389301613934643, 0.4133156323749809, 0.6037534735756297, 0.3295027310952586, 0.319097661207958, 0.8894610728776415, 0.7118459110933059, 0.6882794525205967, 0.6106017807133236, 0.5632668524846646, 0.49967652191400636, 0.5888107210751482, 0.7645112844368018, 0.5337016583655894, 0.7840588927325374, 0.784090640704321, 0.6486371062751806, 0.9530263514655809, 0.6907304756066059, 0.3559586011554736, 0.47751786948542196, 0.8853954944992515, 0.34463794681401694, 0.6613696614452044, 0.6374816062607167, 0.7776837923530867, 0.4639542546837905, 0.7937558158495065, 0.9514851022552115, 0.6406216756662457, 0.5018529741221784, 0.7518966755165214, 0.386493624410002, 0.2709789858206253, -0.186680730993126, 0.19920230769964464, 0.9893077667355896, 0.8449862904670014, 0.8000820379981607, 0.5643995630568301, 0.70814582679019, 0.7149446416798204, 0.6676262240794603, 0.5616315125305831, 0.7313251007994738, 0.8995006776317713, 0.6291239249494924, -0.8109288651434947, -0.8109288651434947, -0.8109288651434947, -0.8109288651434947, -0.8109288651434947, -0.8109288651434947, -0.8109288651434947, -0.8109288651434947, -0.8109288651434947, -0.8109288651434947, -0.8109288651434947, -0.8109288651434947, -0.8109288651434947, -0.8109288651434947, -0.8109288651434947, -0.8109288651434947, -0.8109288651434947, -0.8109288651434947, -0.8109288651434947, -0.8109288651434947, -0.8109288651434947, -0.8109288651434947, -0.8109288651434947, -0.8109288651434947, -0.8109288651434947, -0.8109288651434947, -0.8109288651434947, -0.8109288651434947, -0.8109288651434947, -0.8109288651434947, -0.8109288651434945], [0.5907334679537662, -0.04313418408598535, -0.4490247464347341, 0.9619532483975339, 0.07918322938562217, 0.6303148156615425, 0.7776304621108047, 0.8083145842885834, -0.3091701923357526, 0.8855649407510333, 0.4180865321556988, 1.0, 0.04593920764089521, -0.2865144140608735, 0.6133027979714127, 0.1612404094087414, 0.203455654432945, 0.7423564891497401, 0.5373278968368171, 0.02916584183727433, 0.31668799769441636, 0.8242172752413771, 0.4190725086581726, 0.7500651124385733, 0.3602121632085731, 0.6654800246159904, 0.7151098348061101, 0.5221370471388598, 0.5526273817077914, 0.6562682377290634, 0.6291068216719979, 0.35770972909529797, 0.29431884281316956, 0.23044343263602451, 0.09590614039844036, -0.05099981215331795, 0.31196653273418606, -0.042462618064834645, 0.5300991134887891, -1.15707970262946e-05, 0.6120662556433007, 0.17304021833482408, 0.24978927398238016, 0.34152559791914294, 0.662113042447989, 0.9257885409865324, 0.7427818671507327, -0.021477662560684063, -0.11218256873035659, -0.40793661316227015, 0.17315061055377112, 0.32348709011545873, 0.4928086892342538, 0.44844906993212064, 0.12348636686995274, 0.6412058426211609, 0.44920517249108094, 0.5670841631139233, 0.29647486164045356, 0.6082358366355591, 0.5238427543453125, 0.761384032497233, -0.48264816946237477, -0.48264816946237477, -0.48264816946237477, -0.48264816946237477, -0.48264816946237477, -0.48264816946237477, -0.48264816946237477, -0.48264816946237477, -0.48264816946237477, -0.48264816946237477, -0.48264816946237477, -0.48264816946237477, -0.48264816946237477, -0.48264816946237477, -0.48264816946237477, -0.48264816946237477, -0.48264816946237477, -0.48264816946237477, -0.48264816946237477, -0.48264816946237477, -0.48264816946237477, -0.48264816946237477, -0.48264816946237477, -0.48264816946237477, -0.48264816946237477, -0.48264816946237477, -0.48264816946237477, -0.48264816946237477, -0.48264816946237477, -0.48264816946237477, -0.482648169462375], [0.3362727888726036, 0.9339096565893025, 0.38450705534403307, 0.09837430906687394, 0.8470277002417376, 0.6152338419948506, 0.6522297575887617, 0.5490751399626369, -0.020575995368773414, 0.21714790531248185, 0.2140323062487577, 0.04593920764089521, 1.0, 0.8822605377881685, 0.21711187291461398, 0.7623607520612756, 0.9745349254667233, 0.6321229225393287, 0.8072487198349854, 0.9318559898038878, 0.3878191485607847, -0.011614602534491425, 0.48857637136514165, -0.3068540256199337, 0.6358567814316957, 0.3374579804008462, -0.3986582822731035, 0.18685437570145558, 0.33552933521077843, 0.13797481834678937, 0.3062764959599644, 0.8690450184213417, 0.48138869658344885, 0.8513015787546944, 0.8527882583825781, 0.9190354904847438, 0.579371725598863, 0.8644276130283847, 0.6393084480518628, 0.8346279455938785, 0.6787403759070102, 0.8684250672016608, 0.7602076855683075, 0.3969341619928326, 0.49230646149346213, 0.20430130775243227, 0.4517028429247698, 0.9054449608501822, 0.8086030213815777, 0.8638920004169222, 0.9889517478638763, 0.22677549371337735, 0.44642031315470154, 0.11759407893674356, 0.7007935727252746, 0.26016629437765104, 0.41570032063108164, -0.08270640342024405, 0.6105423690495672, 0.5796963195241059, 0.23514530823470103, 0.2508065239770767, -0.6966381649607318, -0.6966381649607318, -0.6966381649607318, -0.6966381649607318, -0.6966381649607318, -0.6966381649607318, -0.6966381649607318, -0.6966381649607318, -0.6966381649607318, -0.6966381649607318, -0.6966381649607318, -0.6966381649607318, -0.6966381649607318, -0.6966381649607318, -0.6966381649607318, -0.6966381649607318, -0.6966381649607318, -0.6966381649607318, -0.6966381649607318, -0.6966381649607318, -0.6966381649607318, -0.6966381649607318, -0.6966381649607318, -0.6966381649607318, -0.6966381649607318, -0.6966381649607318, -0.6966381649607318, -0.6966381649607318, -0.6966381649607318, -0.6966381649607318, -0.6966381649607318], [-0.14382446721557485, 0.7900826924413108, 0.23772000384524739, -0.2612560878320034, 0.5550229569433135, 0.25209303646831216, 0.342291814037297, 0.14715209777711746, -0.1504575196863145, -0.19644780998121258, -0.24329652129958457, -0.2865144140608735, 0.8822605377881685, 1.0, 0.12769667960270903, 0.4550543677462455, 0.7542573225179112, 0.24863343003104943, 0.5550432224674525, 0.7667978830409197, -0.03013404431818545, -0.4371200935550499, 0.11860134081118123, -0.6734382494491928, 0.3192068565588677, -0.0007556544590971992, -0.746899699032515, -0.2207466387783692, 0.001439265923748878, -0.29511432235743285, -0.12680914492155426, 0.5344849938451739, 0.05443904940461586, 0.5231346267159239, 0.6587044078572093, 0.7156175318030028, 0.16466328133675012, 0.6998650466720645, 0.26181741936996583, 0.5644279041104792, 0.26092929449663216, 0.6227915131940882, 0.3956367624123742, -0.025537343498959864, 0.10246404854827129, -0.1637754544232215, 0.03772760421381294, 0.7241281757357686, 0.6821031600702142, 0.9770384768785422, 0.8545342163757699, -0.2144648919370189, 0.012398979730620208, -0.2880644089240083, 0.4245424628018484, -0.14788386376381113, 0.03231100097754824, -0.45488716695345, 0.3048932544348679, 0.16646103030564818, -0.2178382267127057, -0.14593766364823946, -0.2805378499546647, -0.2805378499546647, -0.2805378499546647, -0.2805378499546647, -0.2805378499546647, -0.2805378499546647, -0.2805378499546647, -0.2805378499546647, -0.2805378499546647, -0.2805378499546647, -0.2805378499546647, -0.2805378499546647, -0.2805378499546647, -0.2805378499546647, -0.2805378499546647, -0.2805378499546647, -0.2805378499546647, -0.2805378499546647, -0.2805378499546647, -0.2805378499546647, -0.2805378499546647, -0.2805378499546647, -0.2805378499546647, -0.2805378499546647, -0.2805378499546647, -0.2805378499546647, -0.2805378499546647, -0.2805378499546647, -0.2805378499546647, -0.2805378499546647, -0.2805378499546647], [0.11163302534352071, -0.115313617075814, -0.3250727997139444, 0.39732087088746193, -0.01832947151309927, 0.10806459444732275, 0.5321803919190995, 0.390051257396101, -0.03375032646864895, 0.25550605359023937, 0.007983652532258523, 0.6133027979714127, 0.21711187291461398, 0.12769667960270903, 1.0, -0.20257099437093107, 0.24665634621768595, 0.34744448843839193, 0.2808956090474628, -0.08382588902654708, -0.2662342847608825, 0.10113464784204107, -0.2349089602232055, -0.008432317111658483, -0.195460010605764, -0.04861419240952691, -0.02411144370734908, -0.2557718294648992, -0.193935047421941, -0.10530677398652988, -0.0790975742083031, 0.22207071830686254, -0.019824058508312925, 0.10374689935806691, -0.1766686588881523, -0.06434486983898169, -0.09831423815080464, -0.24226664740291337, 0.006492487487022802, -0.10163777970737531, 0.3948572609199631, -0.09441059240535576, 0.12069300148535367, 0.17545095528665777, 0.04438433058870905, 0.33958067353131893, 0.634095005665862, -0.15738108027732833, -0.34836169975473874, -0.07619114153656281, 0.30319146874922565, -0.13010484202136685, -0.11787820386172188, -0.32876249393658097, -0.32309568710224057, -0.11056006008978736, -0.24452832940394686, -0.2808416993766314, -0.27488329909473874, 0.07247897362865507, -0.15047928964269297, 0.04079850690639819, -0.14837992680995682, -0.14837992680995682, -0.14837992680995682, -0.14837992680995682, -0.14837992680995682, -0.14837992680995682, -0.14837992680995682, -0.14837992680995682, -0.14837992680995682, -0.14837992680995682, -0.14837992680995682, -0.14837992680995682, -0.14837992680995682, -0.14837992680995682, -0.14837992680995682, -0.14837992680995682, -0.14837992680995682, -0.14837992680995682, -0.14837992680995682, -0.14837992680995682, -0.14837992680995682, -0.14837992680995682, -0.14837992680995682, -0.14837992680995682, -0.14837992680995682, -0.14837992680995682, -0.14837992680995682, -0.14837992680995682, -0.14837992680995682, -0.14837992680995682, -0.14837992680995704], [0.7250084564446772, 0.9034839743259574, 0.5312660000449708, 0.3387688733550338, 0.9359679700230596, 0.8437376419260234, 0.6151247451369949, 0.701582329904111, 0.06704927397525529, 0.5438863405760983, 0.6389301613934643, 0.1612404094087414, 0.7623607520612756, 0.4550543677462455, -0.20257099437093107, 1.0, 0.8444618518843603, 0.7614849477778802, 0.7813194667791347, 0.9155987005179071, 0.8719062425305124, 0.4534993536056191, 0.9064142778460315, 0.2217914582484921, 0.9404332474530024, 0.7001746284717262, 0.1375730283777975, 0.7366883896159803, 0.7563525253774571, 0.6612335205337458, 0.771690772103318, 0.904835225068685, 0.8121011745533174, 0.9294931452484096, 0.9431576201509132, 0.9158170896018847, 0.922853792819695, 0.9387780532131051, 0.9143840258243339, 0.9396842967283164, 0.7800001016553666, 0.9687430018399502, 0.8858173171507362, 0.6431893210237394, 0.8135151863615299, 0.4536406703480105, 0.4916769857251815, 0.9419418027941073, 0.9087305041486518, 0.5372806780299691, 0.7425390606063825, 0.6947701346987077, 0.8789278290574445, 0.7096290156316275, 0.9851206199240378, 0.7332494245172058, 0.8726926627869486, 0.5190261703948015, 0.9443110159370848, 0.8771076473605244, 0.7565263506083096, 0.6524936759534841, -0.9066773519757048, -0.9066773519757048, -0.9066773519757048, -0.9066773519757048, -0.9066773519757048, -0.9066773519757048, -0.9066773519757048, -0.9066773519757048, -0.9066773519757048, -0.9066773519757048, -0.9066773519757048, -0.9066773519757048, -0.9066773519757048, -0.9066773519757048, -0.9066773519757048, -0.9066773519757048, -0.9066773519757048, -0.9066773519757048, -0.9066773519757048, -0.9066773519757048, -0.9066773519757048, -0.9066773519757048, -0.9066773519757048, -0.9066773519757048, -0.9066773519757048, -0.9066773519757048, -0.9066773519757048, -0.9066773519757048, -0.9066773519757048, -0.9066773519757048, -0.9066773519757048], [0.5369973379699318, 0.9246913602626341, 0.42023431098566966, 0.26348600183728443, 0.9155618598761186, 0.737850453754202, 0.7486457362769579, 0.6968965993567016, 0.041828286083352983, 0.3973070427261658, 0.4133156323749809, 0.203455654432945, 0.9745349254667233, 0.7542573225179112, 0.24665634621768595, 0.8444618518843603, 1.0, 0.7641334860631568, 0.8622325948014302, 0.9330892607485276, 0.552945737647167, 0.1922133569109734, 0.6230628759336656, -0.10721197172088615, 0.7331194947067617, 0.4705120090415126, -0.20027308202156813, 0.3639705941246256, 0.46601059464400896, 0.33198599228778847, 0.4865353366269427, 0.9573311633537491, 0.6440537556148517, 0.937325973420753, 0.8739607008293538, 0.9393917244842129, 0.7279213893428348, 0.8701938800817892, 0.7661476225647986, 0.8934028924162102, 0.8231170453623776, 0.9131392341748317, 0.8710119308543891, 0.5652889240164192, 0.6374230989186092, 0.36441521490225737, 0.6140937839579518, 0.9161435167762546, 0.800414214805608, 0.7385310964099422, 0.9728399087683675, 0.41668832172813075, 0.6152324201145909, 0.29905445222374505, 0.7727173904689145, 0.4322709649710841, 0.5625179294073994, 0.0997671953806567, 0.7042529725203874, 0.7287190769900351, 0.43017571282273714, 0.41915611896404126, -0.8375151680601696, -0.8375151680601696, -0.8375151680601696, -0.8375151680601696, -0.8375151680601696, -0.8375151680601696, -0.8375151680601696, -0.8375151680601696, -0.8375151680601696, -0.8375151680601696, -0.8375151680601696, -0.8375151680601696, -0.8375151680601696, -0.8375151680601696, -0.8375151680601696, -0.8375151680601696, -0.8375151680601696, -0.8375151680601696, -0.8375151680601696, -0.8375151680601696, -0.8375151680601696, -0.8375151680601696, -0.8375151680601696, -0.8375151680601696, -0.8375151680601696, -0.8375151680601696, -0.8375151680601696, -0.8375151680601696, -0.8375151680601696, -0.8375151680601696, -0.8375151680601696], [0.7940004870469005, 0.629304895900896, 0.024056036500394784, 0.8193128322671073, 0.6872862649051917, 0.9670916423906888, 0.9621539480782908, 0.9932801407685872, -0.21239409202748272, 0.8921551634562003, 0.6037534735756297, 0.7423564891497401, 0.6321229225393287, 0.24863343003104943, 0.34744448843839193, 0.7614849477778802, 0.7641334860631568, 1.0, 0.9265178284849381, 0.6827347855420604, 0.704059846418485, 0.7505079720358772, 0.8256229943282489, 0.5220139127262049, 0.8426645360007613, 0.862042470186042, 0.4357257988169201, 0.7368618346761376, 0.8136940658119513, 0.7752153893282661, 0.8508498251198089, 0.8635128439340427, 0.6714792253241184, 0.7846650005343002, 0.7240399332514094, 0.6156577336285355, 0.7676668227516755, 0.631567373594154, 0.9372137866139897, 0.6350534476558825, 0.9200989630308751, 0.7858120672905312, 0.7486852871012367, 0.5949354274169046, 0.9431258940879326, 0.8769828781473957, 0.8078996382939923, 0.6529721077183596, 0.5619085492505685, 0.2037312860600815, 0.7058671257536381, 0.5734915226697194, 0.8414169198533565, 0.6561204696971806, 0.7204489513464022, 0.8339140894843327, 0.8110930957672488, 0.6011399465949719, 0.7967709104814327, 0.9529188272744232, 0.7495515043639017, 0.8746236956768006, -0.9027676091222063, -0.9027676091222063, -0.9027676091222063, -0.9027676091222063, -0.9027676091222063, -0.9027676091222063, -0.9027676091222063, -0.9027676091222063, -0.9027676091222063, -0.9027676091222063, -0.9027676091222063, -0.9027676091222063, -0.9027676091222063, -0.9027676091222063, -0.9027676091222063, -0.9027676091222063, -0.9027676091222063, -0.9027676091222063, -0.9027676091222063, -0.9027676091222063, -0.9027676091222063, -0.9027676091222063, -0.9027676091222063, -0.9027676091222063, -0.9027676091222063, -0.9027676091222063, -0.9027676091222063, -0.9027676091222063, -0.9027676091222063, -0.9027676091222063, -0.9027676091222063], [0.5517409712821012, 0.7988892150963639, -0.019958864216217842, 0.6346151332564979, 0.7014265345695886, 0.9259182240765664, 0.9377997203021565, 0.8824136600671907, -0.38905398413368464, 0.7044677607687305, 0.3295027310952586, 0.5373278968368171, 0.8072487198349854, 0.5550432224674525, 0.2808956090474628, 0.7813194667791347, 0.8622325948014302, 0.9265178284849381, 1.0, 0.84052488782143, 0.5463599777859849, 0.4953061756036867, 0.7567306154393718, 0.23343802514800882, 0.8505572585823082, 0.7900691251888908, 0.1315212734580784, 0.5627384031977871, 0.7480779248338171, 0.5626004766469316, 0.6810129141273905, 0.8574618283531673, 0.48944394352993004, 0.7749674330567612, 0.8586969007997783, 0.7163548123062915, 0.6435091810006958, 0.7819428580228732, 0.8886874703742844, 0.6643674810434371, 0.7976720939118671, 0.8789688410339448, 0.6783272752609643, 0.36709149841467004, 0.8559940269588694, 0.7203090106568972, 0.6030794953603876, 0.790569867307263, 0.734369201126873, 0.5116019597334907, 0.8716875888267581, 0.3232465710305218, 0.6952953830444027, 0.46073776998015314, 0.7625404634423566, 0.6800901854877505, 0.7145747362352182, 0.38825863626536217, 0.8082089985517831, 0.8568653703523179, 0.5318241428458963, 0.7253686946427155, -0.8043918507334971, -0.8043918507334971, -0.8043918507334971, -0.8043918507334971, -0.8043918507334971, -0.8043918507334971, -0.8043918507334971, -0.8043918507334971, -0.8043918507334971, -0.8043918507334971, -0.8043918507334971, -0.8043918507334971, -0.8043918507334971, -0.8043918507334971, -0.8043918507334971, -0.8043918507334971, -0.8043918507334971, -0.8043918507334971, -0.8043918507334971, -0.8043918507334971, -0.8043918507334971, -0.8043918507334971, -0.8043918507334971, -0.8043918507334971, -0.8043918507334971, -0.8043918507334971, -0.8043918507334971, -0.8043918507334971, -0.8043918507334971, -0.8043918507334971, -0.8043918507334973], [0.444137208175851, 0.9971069549183709, 0.4151344777662227, 0.1749526488195664, 0.8905838761015795, 0.7489448510630569, 0.6276732009458241, 0.5952805901798346, -0.10024168908755349, 0.3409265393347074, 0.319097661207958, 0.02916584183727433, 0.9318559898038878, 0.7667978830409197, -0.08382588902654708, 0.9155987005179071, 0.9330892607485276, 0.6827347855420604, 0.84052488782143, 1.0, 0.6019812856809077, 0.1618110326902814, 0.722240388151544, -0.10804706557306276, 0.8396804773659367, 0.550172508964953, -0.20428460537533666, 0.4506017923235235, 0.5855313831527348, 0.36585315871322666, 0.5183198881762227, 0.87671393112673, 0.572538788914264, 0.8787029547175869, 0.98170211487113, 0.9525160992951083, 0.7167254529341917, 0.9862047046456158, 0.7928713004828519, 0.8958217792099377, 0.6684615632495554, 0.9784752922883725, 0.7810335663366086, 0.40555039379163205, 0.6614302944863049, 0.3007878830511561, 0.3580078402646103, 0.992883509775718, 0.9612119805915281, 0.810627326200684, 0.9153703532083644, 0.37185941465524863, 0.6413458930041613, 0.39320512509778816, 0.9006755382974547, 0.49063446748431405, 0.6601852900866498, 0.2001315753118842, 0.8338271269816347, 0.7210754570391852, 0.4481334858310373, 0.44352921239596876, -0.7680255790902892, -0.7680255790902892, -0.7680255790902892, -0.7680255790902892, -0.7680255790902892, -0.7680255790902892, -0.7680255790902892, -0.7680255790902892, -0.7680255790902892, -0.7680255790902892, -0.7680255790902892, -0.7680255790902892, -0.7680255790902892, -0.7680255790902892, -0.7680255790902892, -0.7680255790902892, -0.7680255790902892, -0.7680255790902892, -0.7680255790902892, -0.7680255790902892, -0.7680255790902892, -0.7680255790902892, -0.7680255790902892, -0.7680255790902892, -0.7680255790902892, -0.7680255790902892, -0.7680255790902892, -0.7680255790902892, -0.7680255790902892, -0.7680255790902892, -0.7680255790902892], [0.9137915078477648, 0.5794476270386321, 0.5359506260067309, 0.48635958601083307, 0.7781905662112086, 0.77932407951077, 0.4850847438142726, 0.6935281167430074, 0.2495891242537962, 0.6875324484459588, 0.8894610728776415, 0.31668799769441636, 0.3878191485607847, -0.03013404431818545, -0.2662342847608825, 0.8719062425305124, 0.552945737647167, 0.704059846418485, 0.5463599777859849, 0.6019812856809077, 1.0, 0.7210554691646073, 0.9246306943224853, 0.5848495421254735, 0.8492896307422397, 0.7325191906228861, 0.5335577915252672, 0.9189775249919778, 0.7957897857665963, 0.8779833277516768, 0.9122383693123354, 0.7436211395306673, 0.9225925660516998, 0.7852579394726692, 0.6778916359695807, 0.659417237968952, 0.9656700114474484, 0.6598195733393561, 0.8622281251832133, 0.775858090012089, 0.7573181138597816, 0.7360070325443384, 0.818054631257893, 0.7955227643834416, 0.8247327961800495, 0.5596145311618745, 0.5698674448001075, 0.660414427194002, 0.6267289502889042, 0.0730565055653466, 0.3726628585573767, 0.9313409524364388, 0.9725590559965622, 0.9320470343530267, 0.8568931720424695, 0.8689042439056047, 0.9333770197484766, 0.7911284762183509, 0.8611343148344527, 0.8784132285976582, 0.9640718741366641, 0.7713135697390255, -0.8798789517686392, -0.8798789517686392, -0.8798789517686392, -0.8798789517686392, -0.8798789517686392, -0.8798789517686392, -0.8798789517686392, -0.8798789517686392, -0.8798789517686392, -0.8798789517686392, -0.8798789517686392, -0.8798789517686392, -0.8798789517686392, -0.8798789517686392, -0.8798789517686392, -0.8798789517686392, -0.8798789517686392, -0.8798789517686392, -0.8798789517686392, -0.8798789517686392, -0.8798789517686392, -0.8798789517686392, -0.8798789517686392, -0.8798789517686392, -0.8798789517686392, -0.8798789517686392, -0.8798789517686392, -0.8798789517686392, -0.8798789517686392, -0.8798789517686392, -0.8798789517686392], [0.8233889108528555, 0.09793177305095624, -0.12611282710747496, 0.9169836074168646, 0.2768477694608056, 0.7558090156868043, 0.6311030830128943, 0.8043240551