"[[1.0, 0.561769641808282, 0.6849892628653503, 0.711042413359989, 0.6089414623349102, 0.5586824323977897, 0.6774474147655987, 0.5921074230630624, 0.6992871525294971, 0.7260893104032743, 0.7121317679195498, 0.6299567308547992, 0.6184726060174938, 0.5423110807137258, 0.4998913790762267, 0.7277429642927684, 0.5028736294312257, 0.6088505567475191, 0.6142988009539354, 0.5395679369416636, 0.6532800451813713, 0.6554197545242937, 0.5310282052381212, 0.7074504494622571, 0.6404799065735974, 0.610385130189752, 0.5248744046989808, 0.5086911579462249, 0.557111246405395, 0.6220183663663733, 0.6199299903573366, 0.12343675779231544, 0.7018226012468022, 0.6859669878483065, 0.5918582892538014, 0.6988649191957045, 0.7450690783369491, 0.6597095742761158, 0.6364288421276832, 0.666720213085882, 0.6713593542985149, 0.7021319539211119, 0.49823808307035344, 0.7141847376232915, 0.5367192009359872, 0.4387023257907585, 0.6618240397454578, 0.5147171144821491, 0.7272749920255691, 0.5927147412897686, 0.712571571728397, 0.6771621019755311, 0.6692370892503708, 0.6804141811898601, 0.5905569156757972, 0.6329946022878481, 0.560388589124389, 0.6778948637367438, 0.6511159081700011, 0.6995493951818412], [0.561769641808282, 1.0, 0.5604481353352588, 0.7196005050536446, 0.6767976721159089, 0.6105753508921956, 0.6304278488508137, 0.48114125320308765, 0.5825892737883497, 0.5484154706789599, 0.6169785324207209, 0.7373658044532249, 0.6089934730513146, 0.4984802006365876, 0.46513831829921926, 0.6442586522323871, 0.41339837031715065, 0.5140942846234609, 0.506569860152551, 0.4860298898675477, 0.4964478591127752, 0.5400363773332388, 0.5327650262807244, 0.49556868538500376, 0.6051185758500909, 0.5738389380174477, 0.47472223020720705, 0.5235210511285617, 0.4104236618079251, 0.5169854226969922, 0.5192767052246787, 0.0975558070742476, 0.5505506158119817, 0.5661477123114373, 0.566057298376316, 0.5381357031903914, 0.5733913461159664, 0.6095827552115665, 0.6304072337722304, 0.6248581271434223, 0.523344471912231, 0.5946975550369246, 0.524347901093707, 0.7119540780577216, 0.4089297342204492, 0.496442295207566, 0.5726407040708384, 0.4312458477074209, 0.46285569361124757, 0.37516596514421163, 0.5919634250862592, 0.5707361440945001, 0.423718039454138, 0.5909023522687478, 0.46493403642536757, 0.5324162280606763, 0.42656689207268383, 0.5167281612571302, 0.5512249896574257, 0.45903907139304356], [0.6849892628653503, 0.5604481353352588, 1.0, 0.521206024538972, 0.5644852941719251, 0.6291495993984672, 0.6497921520525365, 0.7318054704083853, 0.7819031332727062, 0.6247971998174123, 0.6201920761739926, 0.5214370323853702, 0.6691954385951318, 0.4332822165353718, 0.41250336846295976, 0.6939144419453461, 0.5838566124168807, 0.6681844001858795, 0.6352602830454243, 0.48442755718712416, 0.5408687319222911, 0.5001849666221859, 0.5212282309255436, 0.5247802460903777, 0.540817220239506, 0.4960423677905412, 0.4826311097670588, 0.5581472294548357, 0.5759324905830867, 0.5407484106420385, 0.5583144719089401, 0.10533333708408188, 0.6445959594136939, 0.658196731611784, 0.6599111873981646, 0.6075453823509276, 0.7045944162069341, 0.7183052163608723, 0.6158974790321781, 0.6236035045748761, 0.6353343587479352, 0.5719336593126835, 0.5487826365605039, 0.6981345578990991, 0.4457520405825679, 0.4611208947662634, 0.6898756371933362, 0.45066954049361097, 0.6488475241568564, 0.4568191596303879, 0.6465016658567938, 0.6714353389126115, 0.5937697462459186, 0.662660203554905, 0.5353730823036634, 0.6160150730030027, 0.5245703174762392, 0.6143251675205189, 0.7088528116317185, 0.6626561844607393], [0.711042413359989, 0.7196005050536446, 0.521206024538972, 1.0, 0.6536752290994005, 0.7221154577273192, 0.5063721535463968, 0.5053821868327288, 0.6381532964248366, 0.6861936231534844, 0.7180707214471344, 0.6034972977477311, 0.6083436411834443, 0.5049830122542885, 0.44673452791188706, 0.5989699992161756, 0.44833224897031065, 0.4965161198068313, 0.4932680462276271, 0.5022921361360705, 0.48618191296096536, 0.5493797835034175, 0.5186131701780042, 0.5701276388985084, 0.5212647350188251, 0.4823804908524103, 0.45296086365697175, 0.5306901023101425, 0.4462157504059511, 0.5879181448610423, 0.5787628645216488, 0.052743557368125527, 0.5314664112939558, 0.5528062680474025, 0.5039240263124677, 0.5861595959503363, 0.6389861028829052, 0.5783996055838159, 0.6323843301345136, 0.5593125229440902, 0.5092841259410816, 0.5744567002589369, 0.5284263634698235, 0.6340518947972988, 0.43160149288011773, 0.5082566550390508, 0.6263043669918774, 0.5295496176858113, 0.5409343521270451, 0.5451361676302015, 0.5094406727191754, 0.5490858585196964, 0.5358048530062247, 0.5996895134983098, 0.5368480123393862, 0.4786482533503187, 0.4664501895550599, 0.5269464593974784, 0.5407018684688338, 0.6043469548104029], [0.6089414623349102, 0.6767976721159089, 0.5644852941719251, 0.6536752290994005, 1.0, 0.5166027445583753, 0.8035102078785002, 0.6002030872203797, 0.6408765997518481, 0.7662191057223798, 0.6327302096171028, 0.6109445330398469, 0.7094463600011574, 0.5789603269641959, 0.41168407142030916, 0.6239932266057772, 0.5581013937805843, 0.6930031867428529, 0.49253387239449564, 0.5122203929334169, 0.5303039166409341, 0.6144223523390051, 0.4973216887985512, 0.49910035480012693, 0.528608855377322, 0.5936253954584562, 0.47449576667220084, 0.5453826202101238, 0.45644160365336806, 0.44036324243165414, 0.534535793368078, 0.1020745900190918, 0.5562946206971776, 0.44047718605976105, 0.6089370588933817, 0.5303203048954329, 0.6264762788681834, 0.5578295953095039, 0.605264790421262, 0.677376574677747, 0.582839931625564, 0.6782099760797115, 0.5296897782963623, 0.6963780793487125, 0.3674786282677833, 0.5844389499358444, 0.7036838912847417, 0.42874806291386225, 0.6315760660893822, 0.4456679295515342, 0.5492300961665341, 0.566066183096794, 0.5205261884272347, 0.6918774129900468, 0.6277776843892867, 0.6725425112706167, 0.5132061192690774, 0.6190249108823854, 0.6163129620607983, 0.4564701515798083], [0.5586824323977897, 0.6105753508921956, 0.6291495993984672, 0.7221154577273192, 0.5166027445583753, 1.0, 0.43649396881913605, 0.6676741768203079, 0.6491981956911741, 0.6129763788867534, 0.6342840616494032, 0.6294356738733927, 0.6301239121332592, 0.4527410086776653, 0.4715148776629621, 0.6718460221335644, 0.42864598584931146, 0.5823627907659401, 0.5313362292811553, 0.46535436826662757, 0.4776860917626844, 0.45728346943364107, 0.49602703582360164, 0.5382756664117853, 0.4838918336352227, 0.42312991603566874, 0.44819145313351316, 0.5982746718809981, 0.5085777127995587, 0.6048739743151571, 0.5128071994941591, 0.09402403894992772, 0.43932841450324855, 0.5434407001963028, 0.47034745720997995, 0.5430533529131333, 0.5651064983501243, 0.5484613668851547, 0.5297278138075129, 0.5171537031001331, 0.48436440374704737, 0.39085564672931783, 0.40794011691531384, 0.5709599166586733, 0.4183193128114958, 0.48911486842898044, 0.6549196924423045, 0.5048815630723092, 0.5588412240367071, 0.4800879833854208, 0.46906057906473597, 0.4897446122811867, 0.41295194763060405, 0.58625518073859, 0.4950045166338133, 0.5082476120188084, 0.40445295575421636, 0.5932980318092793, 0.5358209164817956, 0.5401762590193238], [0.6774474147655987, 0.6304278488508137, 0.6497921520525365, 0.5063721535463968, 0.8035102078785002, 0.43649396881913605, 1.0, 0.6922774043097405, 0.7038647719703546, 0.718676005824704, 0.535449949575776, 0.5587432459802285, 0.7828059434570442, 0.6167196699794953, 0.4997035277370847, 0.7213004056082817, 0.5095306235279522, 0.6579054758858038, 0.5759148753232854, 0.550436115333237, 0.5756149974153645, 0.6794090147114993, 0.5605248030342481, 0.5504800848294933, 0.6006794605983271, 0.6949307359341039, 0.4884309288982718, 0.5245556073738763, 0.4944546234013931, 0.49927737355669266, 0.6043446612076291, 0.12912973400259609, 0.6893993324695152, 0.5607058163023101, 0.6694158910683949, 0.7216904337554576, 0.7355848484279313, 0.589805833940429, 0.5939995138788073, 0.638223802027372, 0.6316129477119611, 0.7102638426902009, 0.6276171288810364, 0.7397913086425075, 0.3864607933397739, 0.5573628357453593, 0.5936145360155, 0.4693255016672768, 0.5761587806544868, 0.46768800184309334, 0.7284871366121962, 0.6885197388380231, 0.6670976709457154, 0.7185757034736571, 0.6434807920017723, 0.706487403571329, 0.5943011465045083, 0.6336860204044034, 0.7271558704016662, 0.5351535076396348], [0.5921074230630624, 0.48114125320308765, 0.7318054704083853, 0.5053821868327288, 0.6002030872203797, 0.6676741768203079, 0.6922774043097405, 1.0, 0.7302387172917012, 0.6653310609645119, 0.587560161550236, 0.5052104011559579, 0.7238528561283374, 0.6563754069309975, 0.4144183606227111, 0.6698494948158613, 0.6268713622545261, 0.6488810347112747, 0.6049272275858293, 0.6040249194154721, 0.5252239012095886, 0.5147764021863258, 0.5347875021188789, 0.5426539219795055, 0.5936831943368718, 0.5500490724935657, 0.45916525472690406, 0.5170522854494787, 0.53195164701063, 0.5454167295004502, 0.49447101682214867, 0.10911830810335332, 0.6153504845966824, 0.6392283004351235, 0.7255017987698007, 0.6702876378507506, 0.7466570734539691, 0.5700952943146012, 0.6469198702545467, 0.6621090814246099, 0.59698740662977, 0.5707110060273665, 0.5831226846203839, 0.6266877086180281, 0.4475628378154304, 0.4352213520418383, 0.6487485228027596, 0.45460158114052907, 0.5989727242629138, 0.39747324138051265, 0.5695091646287922, 0.6740211703330533, 0.49176892854013987, 0.6614887308492581, 0.4916348151390778, 0.6102297044811266, 0.5207859520907008, 0.5445144555332181, 0.6903916567261388, 0.5714582154735325], [0.6992871525294971, 0.5825892737883497, 0.7819031332727062, 0.6381532964248366, 0.6408765997518481, 0.6491981956911741, 0.7038647719703546, 0.7302387172917012, 1.0, 0.7722379576051128, 0.5689386898543923, 0.6121377954879847, 0.6842622574719409, 0.5285916560138978, 0.49164799998885056, 0.7273194499857889, 0.590464860727844, 0.6017398033037118, 0.5270497678152808, 0.5018434021484106, 0.5734525299563719, 0.5521527726873647, 0.5584968287433514, 0.5287346396405492, 0.5504651062879778, 0.5353577994352273, 0.5119124556214527, 0.5056214666035421, 0.496054342534634, 0.4795275393829561, 0.5445752623519934, 0.10513592195379418, 0.5890300351865926, 0.655575375390141, 0.5713345002057901, 0.6180112118367309, 0.7036038791596619, 0.6374075932507428, 0.596542434044633, 0.6318952717590782, 0.6353375779432247, 0.5620927367711428, 0.5579997608299947, 0.6923214044156417, 0.3950174863757765, 0.41979302802414264, 0.6420481646951762, 0.522401016485358, 0.5554099299383357, 0.4341739775550082, 0.651674819203065, 0.7309506289941796, 0.6622477216208892, 0.7681969332350574, 0.5964034523482794, 0.6213464078910599, 0.5009646252210889, 0.6198781168921242, 0.6886231238067271, 0.6018963781243987], [0.7260893104032743, 0.5484154706789599, 0.6247971998174123, 0.6861936231534844, 0.7662191057223798, 0.6129763788867534, 0.718676005824704, 0.6653310609645119, 0.7722379576051128, 1.0, 0.7539157951943258, 0.6233696214152653, 0.6604415117850579, 0.625537557329278, 0.5594266391495621, 0.7111986832643703, 0.5027234200254528, 0.687409449351769, 0.518006221441307, 0.55567415487828, 0.5184426857638956, 0.5804212493521508, 0.5506176621822441, 0.5972606690869977, 0.5841065270588136, 0.5357688475124208, 0.4846193907053111, 0.5475896195914352, 0.5100110474927774, 0.5246237314170481, 0.6721021124047167, 0.09531548849253868, 0.614718190803229, 0.620249669730809, 0.6656777589148946, 0.612538827574361, 0.7212701272675697, 0.6455022527320664, 0.5904402700408802, 0.7206433039372164, 0.6894014169004298, 0.6276119551241265, 0.6230877493997996, 0.6422208122583035, 0.40260935973071366, 0.5063122420989058, 0.6582580039354096, 0.4554641929343375, 0.6128699457079593, 0.5469261632054367, 0.535421011702393, 0.6377120955110203, 0.6297286973015321, 0.6656895106518574, 0.7308350497235175, 0.6803387827030911, 0.5796867007643463, 0.6958489645105869, 0.6759248003001447, 0.5756167236486921], [0.7121317679195498, 0.6169785324207209, 0.6201920761739926, 0.7180707214471344, 0.6327302096171028, 0.6342840616494032, 0.535449949575776, 0.587560161550236, 0.5689386898543923, 0.7539157951943258, 1.0, 0.5947103891054826, 0.6422139984244141, 0.6086780242620253, 0.4643743500050347, 0.5671846646352906, 0.4650801210930684, 0.6902118323498889, 0.4342429204020155, 0.4826012523615537, 0.49065059227018315, 0.46973197021585933, 0.5314207475308196, 0.5725083247031026, 0.5151448080948132, 0.4964217156961541, 0.4966106565740689, 0.4861852036881137, 0.5244721818436454, 0.61770704713537, 0.5880480801582338, 0.07327092103017918, 0.5049626770786216, 0.6566688572930681, 0.6115967710789113, 0.6481458347638355, 0.5967605119142516, 0.6303206107875083, 0.6098290539511295, 0.5872170545912293, 0.6489340774157124, 0.5883896009766425, 0.5583834352309816, 0.7277102183017351, 0.4106708557635612, 0.5650312644256603, 0.7228240252379741, 0.38252744452045584, 0.5564404243736977, 0.5111169147023791, 0.5128507733972452, 0.58674696313006, 0.4221803970737368, 0.5707933187051193, 0.5631576133963186, 0.5137482588102403, 0.4763915829349943, 0.5744196796640638, 0.550156203673264, 0.5781784960166255], [0.6299567308547992, 0.7373658044532249, 0.5214370323853702, 0.6034972977477311, 0.6109445330398469, 0.6294356738733927, 0.5587432459802285, 0.5052104011559579, 0.6121377954879847, 0.6233696214152653, 0.5947103891054826, 1.0, 0.6342457680936214, 0.47303478422027, 0.4662584658856237, 0.7136295139484133, 0.46027572625877133, 0.566908773052274, 0.5536123676667609, 0.5765603573103415, 0.5035334677870259, 0.47901088101938827, 0.43333403961379235, 0.47904417115876763, 0.5309682760644012, 0.5198606602652331, 0.43511279689128113, 0.4987195745936499, 0.42375315529737634, 0.4820315927048674, 0.4440707897960009, 0.0745935953249881, 0.5987015068413833, 0.5262176852791098, 0.5171572223326887, 0.4828954131060228, 0.5487398264206996, 0.5316560335696134, 0.7100952226296697, 0.5556368690738775, 0.6240088394408612, 0.5322821875141956, 0.4676575528674076, 0.6581953391681511, 0.40391303151662994, 0.4279082572070849, 0.6341237880275329, 0.47223398027762964, 0.5242116647504809, 0.41850772564095295, 0.510038918611752, 0.5164608363362903, 0.48163253015073426, 0.6315690912267823, 0.5005872833199223, 0.5893782285244602, 0.486978199524007, 0.5709483074136759, 0.5328804966170511, 0.4615070035259632], [0.6184726060174938, 0.6089934730513146, 0.6691954385951318, 0.6083436411834443, 0.7094463600011574, 0.6301239121332592, 0.7828059434570442, 0.7238528561283374, 0.6842622574719409, 0.6604415117850579, 0.6422139984244141, 0.6342457680936214, 1.0, 0.662126837433603, 0.44673470689442607, 0.7358332452215325, 0.5451766116014353, 0.6815934396833734, 0.5532636755057452, 0.574150188057258, 0.5997835430729256, 0.5778328630950581, 0.6221579185667503, 0.5722411306724677, 0.634159823136767, 0.6058651242829743, 0.4841310868459383, 0.5990500128055726, 0.5414842133379664, 0.6153135348821376, 0.6882616352977461, 0.12408419112696734, 0.6656878991888582, 0.6290594384186077, 0.6195508065646104, 0.7164165350742424, 0.6696156229106695, 0.6968317174828026, 0.7190274190058414, 0.6136442482103728, 0.6964371746832556, 0.6747211772262418, 0.6593187437733209, 0.7460521877395234, 0.44163621983806456, 0.477478105001236, 0.7590654631948737, 0.4650012952355266, 0.5842866786886385, 0.450699115016008, 0.6434621563024414, 0.7132078885322929, 0.5290150631962983, 0.7213686873748315, 0.5692766269324898, 0.6438819150727543, 0.6246386587202095, 0.5898774478389135, 0.705627603715111, 0.684939135343615], [0.5423110807137258, 0.4984802006365876, 0.4332822165353718, 0.5049830122542885, 0.5789603269641959, 0.4527410086776653, 0.6167196699794953, 0.6563754069309975, 0.5285916560138978, 0.625537557329278, 0.6086780242620253, 0.47303478422027, 0.662126837433603, 1.0, 0.5622683214473082, 0.5981081152090064, 0.38036294759602085, 0.4939633585094745, 0.4541257754130369, 0.5575675736486357, 0.5391315575061253, 0.49969478352682883, 0.4720580783418986, 0.4691493447007562, 0.5352700702826493, 0.5426102907188997, 0.39117438835651597, 0.5508994733350564, 0.3763528291794124, 0.4050780021330068, 0.4706847700254376, 0.18764491510979142, 0.4711559940396993, 0.49661267410300614, 0.5923903961831006, 0.6023744367014148, 0.5450756865443908, 0.508811295349056, 0.513911705015756, 0.5281423118010394, 0.550310636458075, 0.5280294050223748, 0.7153398211757453, 0.5549982805001654, 0.3895937805372064, 0.4032535181692638, 0.5978564230200853, 0.3596009356845895, 0.6044731886620265, 0.39839204327642275, 0.46745734719040144, 0.6917356651480845, 0.4000276456853311, 0.5472378761396095, 0.4294031706921484, 0.5424222687705398, 0.4414857211313359, 0.3340724708268932, 0.5583888989655811, 0.42755741499507804], [0.4998913790762267, 0.46513831829921926, 0.41250336846295976, 0.44673452791188706, 0.41168407142030916, 0.4715148776629621, 0.4997035277370847, 0.4144183606227111, 0.49164799998885056, 0.5594266391495621, 0.4643743500050347, 0.4662584658856237, 0.44673470689442607, 0.5622683214473082, 1.0, 0.47192809554980575, 0.3349730909259121, 0.37100985127351027, 0.43559634322033136, 0.46869456921418107, 0.505153714885345, 0.44593614886929434, 0.38754153502417754, 0.5729455698552065, 0.48543506797406777, 0.4133204978078491, 0.40640364595542544, 0.43911725617472674, 0.42496664548210383, 0.53945514919998, 0.5291397150286187, 0.10752544514948703, 0.5228693623522966, 0.44281981920978075, 0.5303457538783538, 0.4319151694538035, 0.5394742863654732, 0.5013887001292486, 0.4294371681687963, 0.4945129953066778, 0.41603054185072486, 0.453050402650097, 0.41566524756387424, 0.5292847855820203, 0.35419900573971363, 0.37252330191224137, 0.4093894878284303, 0.39700420341746867, 0.4731705028267066, 0.4007602029493722, 0.39618818328556715, 0.476649022923764, 0.4669982814255268, 0.4020518188325579, 0.42149133689718055, 0.458360188328625, 0.4469411302053037, 0.2974384580852011, 0.43603822271119497, 0.37889269080845356], [0.7277429642927684, 0.6442586522323871, 0.6939144419453461, 0.5989699992161756, 0.6239932266057772, 0.6718460221335644, 0.7213004056082817, 0.6698494948158613, 0.7273194499857889, 0.7111986832643703, 0.5671846646352906, 0.7136295139484133, 0.7358332452215325, 0.5981081152090064, 0.47192809554980575, 1.0, 0.5368304227500639, 0.5823331642754683, 0.6180672621924226, 0.4739340509615334, 0.5686857853155417, 0.5760205471212647, 0.5940896069672505, 0.5833173492492449, 0.6024763947300252, 0.7645484644342261, 0.4944835819491348, 0.5382440729760496, 0.5293554711805307, 0.5544017926710056, 0.6642086307039687, 0.11782075061300423, 0.6623256193093522, 0.6920190512952664, 0.6572223816313775, 0.6542443818739112, 0.7215180987368855, 0.6555890909462673, 0.6343029501562942, 0.6331168407386302, 0.7189496009456618, 0.6898754499729789, 0.631697632185912, 0.7063807318749504, 0.4569100562781798, 0.5389100653173804, 0.7325319808834541, 0.48707405224908906, 0.7084751188629449, 0.556594659571352, 0.6394085252556363, 0.6889624555386609, 0.6476909801383454, 0.7104088988463438, 0.6844630433801435, 0.7295706136729384, 0.5922740767496587, 0.7344645540465631, 0.7835163386411964, 0.6085365838440265], [0.5028736294312257, 0.41339837031715065, 0.5838566124168807, 0.44833224897031065, 0.5581013937805843, 0.42864598584931146, 0.5095306235279522, 0.6268713622545261, 0.590464860727844, 0.5027234200254528, 0.4650801210930684, 0.46027572625877133, 0.5451766116014353, 0.38036294759602085, 0.3349730909259121, 0.5368304227500639, 1.0, 0.49041033042342264, 0.542982333562261, 0.34895591303293627, 0.40009081008083247, 0.4691804084105302, 0.4003698177206927, 0.4378923564871593, 0.3848320743217306, 0.5322054667982243, 0.4150214666039851, 0.41165845604523565, 0.41178185589535043, 0.37604807845136423, 0.39900512284569634, 0.05529998432855421, 0.5079808177100523, 0.5397424371137188, 0.49452325814501497, 0.4625414286891325, 0.4665538049419595, 0.49442086375184247, 0.4608246076775684, 0.5970058926750711, 0.5614550673118194, 0.45252008215885997, 0.37703420176043867, 0.4348595937855494, 0.32338995493343836, 0.3676391320658008, 0.5538014484044866, 0.35432748341305453, 0.5550237603331274, 0.30834046342333954, 0.5024773013702675, 0.47861840706077285, 0.4370542684511034, 0.49640057000845816, 0.41244200850712787, 0.5065688350798222, 0.4530605414336142, 0.5082951930150608, 0.4879597608017878, 0.4876779250378942], [0.6088505567475191, 0.5140942846234609, 0.6681844001858795, 0.4965161198068313, 0.6930031867428529, 0.5823627907659401, 0.6579054758858038, 0.6488810347112747, 0.6017398033037118, 0.687409449351769, 0.6902118323498889, 0.566908773052274, 0.6815934396833734, 0.4939633585094745, 0.37100985127351027, 0.5823331642754683, 0.49041033042342264, 1.0, 0.4800493987192759, 0.4814386853672694, 0.4960639964041983, 0.41552650757235465, 0.39115661703423, 0.412601967289397, 0.4742168308886321, 0.4863961516879811, 0.3951507266234905, 0.4484509524317364, 0.4282184898925473, 0.5747771418744195, 0.4006907758042314, 0.1724983691436528, 0.5516475142956576, 0.544580266962846, 0.5630035477416532, 0.5132537027454998, 0.6114835841747523, 0.5837465441656865, 0.5725682740378172, 0.6182039731986648, 0.5552241810648815, 0.6302841295500047, 0.38773363957165885, 0.6736584866766273, 0.3419647087630524, 0.4379746712532583, 0.6038503860886856, 0.3977887569990789, 0.6198884528941155, 0.39119373790585454, 0.5326578672773625, 0.6129936168753543, 0.5221122403206095, 0.6184472599835193, 0.5036321235580473, 0.6671329971511326, 0.5462260575524583, 0.6705596259170322, 0.580092587211497, 0.6125667975180578], [0.6142988009539354, 0.506569860152551, 0.6352602830454243, 0.4932680462276271, 0.49253387239449564, 0.5313362292811553, 0.5759148753232854, 0.6049272275858293, 0.5270497678152808, 0.518006221441307, 0.4342429204020155, 0.5536123676667609, 0.5532636755057452, 0.4541257754130369, 0.43559634322033136, 0.6180672621924226, 0.542982333562261, 0.4800493987192759, 1.0, 0.49564528443357814, 0.5602280273847777, 0.47572652862585607, 0.39944885880175907, 0.5885479040012845, 0.5976705464365174, 0.5922921213962904, 0.42550029733792294, 0.6068543641316333, 0.44295006127097025, 0.4754373641236094, 0.47036174981071954, 0.03515142168757024, 0.7565751385086291, 0.6154951399376939, 0.6444312420972655, 0.5257675757381494, 0.6032384885062144, 0.6670867264997735, 0.6744194358562929, 0.6690347957609077, 0.5929227433991997, 0.6121099931576816, 0.5644866409619006, 0.5878788598377869, 0.5340703562401047, 0.4538571535494025, 0.6253973979564329, 0.4508503802057944, 0.6089668393204909, 0.43984385332377984, 0.7152310550965777, 0.6474852927322567, 0.5203910089065297, 0.736372656219263, 0.43123704877123115, 0.6770124642764533, 0.6313021109066745, 0.48905037137311835, 0.6279019526497212, 0.61994773884742], [0.5395679369416636, 0.4860298898675477, 0.48442755718712416, 0.5022921361360705, 0.5122203929334169, 0.46535436826662757, 0.550436115333237, 0.6040249194154721, 0.5018434021484106, 0.55567415487828, 0.4826012523615537, 0.5765603573103415, 0.574150188057258, 0.5575675736486357, 0.46869456921418107, 0.4739340509615334, 0.34895591303293627, 0.4814386853672694, 0.49564528443357814, 1.0, 0.46022407130043885, 0.44343293918115423, 0.4348345872393198, 0.4748408291397448, 0.4910746310076961, 0.4445980088865833, 0.35510354640890407, 0.48861566376176935, 0.38539565175292023, 0.47088170686967556, 0.45607460469939354, 0.058042886444365394, 0.5234802976443934, 0.4287704378006816, 0.5451072546142721, 0.4842411857363489, 0.57636270005425, 0.5187952431828715, 0.5214963452397445, 0.5095226176918206, 0.37120070655126125, 0.5170012783612816, 0.4738361486186864, 0.5806034492461136, 0.32037032896005757, 0.42146301854312274, 0.46322346258041847, 0.4014382137023167, 0.3930895556247286, 0.4257487523313457, 0.44485045378183563, 0.6179492126961021, 0.48676240236661816, 0.5355386594264328, 0.40918451792036703, 0.45673650906369057, 0.5387743614741075, 0.4382812086311604, 0.5274886887272898, 0.4966541197456078], [0.6532800451813713, 0.4964478591127752, 0.5408687319222911, 0.48618191296096536, 0.5303039166409341, 0.4776860917626844, 0.5756149974153645, 0.5252239012095886, 0.5734525299563719, 0.5184426857638956, 0.49065059227018315, 0.5035334677870259, 0.5997835430729256, 0.5391315575061253, 0.505153714885345, 0.5686857853155417, 0.40009081008083247, 0.4960639964041983, 0.5602280273847777, 0.46022407130043885, 1.0, 0.4900694358794426, 0.4149878811236358, 0.5224988946704634, 0.5986779103755608, 0.4687882435850037, 0.4196821603811167, 0.5186579079329223, 0.6743737105837003, 0.6197689272777186, 0.5017204163775083, 0.26924815847086603, 0.5840545367044803, 0.49753327593114915, 0.5922524393229492, 0.6078847165692862, 0.5998669384509598, 0.6543815218581894, 0.5210753453588431, 0.597622711996586, 0.574762370408708, 0.6194042593604813, 0.4798868465309243, 0.5893388298765806, 0.40171772678292794, 0.3569822327595349, 0.5745688647831886, 0.446453353116955, 0.5513855459353206, 0.32167990690222115, 0.5389812057611141, 0.7293574456395399, 0.40952724519077477, 0.560868937738674, 0.4022556768034571, 0.565996955843774, 0.47604596447752956, 0.4579754343311532, 0.48875068644090214, 0.49364567645067803], [0.6554197545242937, 0.5400363773332388, 0.5001849666221859, 0.5493797835034175, 0.6144223523390051, 0.45728346943364107, 0.6794090147114993, 0.5147764021863258, 0.5521527726873647, 0.5804212493521508, 0.46973197021585933, 0.47901088101938827, 0.5778328630950581, 0.49969478352682883, 0.44593614886929434, 0.5760205471212647, 0.4691804084105302, 0.41552650757235465, 0.47572652862585607, 0.44343293918115423, 0.4900694358794426, 1.0, 0.5925405848977366, 0.6420368368576514, 0.589801503153272, 0.5796119176487149, 0.6082591727148021, 0.5812363065046448, 0.4994156562838685, 0.5412704446177335, 0.615224701745543, 0.14090720043594995, 0.5576371423564414, 0.5252025370970675, 0.5735236818350778, 0.5886917002691333, 0.6239591323927864, 0.5285826292648417, 0.5276518385177571, 0.6105416455013678, 0.4623950884903232, 0.551282295544493, 0.5738873423340464, 0.6260753704088075, 0.4830663262307211, 0.5803543683855453, 0.5766237469369618, 0.518316337969162, 0.4549639566128876, 0.5204731586782751, 0.4903237708157414, 0.5511305975974006, 0.5618222428828882, 0.6558375663372191, 0.6337735249951743, 0.5955163300059313, 0.48858255113878246, 0.6298972681470639, 0.5628820336145108, 0.4925168212322033], [0.5310282052381212, 0.5327650262807244, 0.5212282309255436, 0.5186131701780042, 0.4973216887985512, 0.49602703582360164, 0.5605248030342481, 0.5347875021188789, 0.5584968287433514, 0.5506176621822441, 0.5314207475308196, 0.43333403961379235, 0.6221579185667503, 0.4720580783418986, 0.38754153502417754, 0.5940896069672505, 0.4003698177206927, 0.39115661703423, 0.39944885880175907, 0.4348345872393198, 0.4149878811236358, 0.5925405848977366, 1.0, 0.5622805388644597, 0.5398998215874053, 0.5585059625070012, 0.651593753011447, 0.5181913403315707, 0.4841107708186674, 0.5645112038963507, 0.6452671694624545, 0.08967423424358134, 0.6366146702909973, 0.5302856802835805, 0.5653297667312175, 0.5329209903768991, 0.6064795476283249, 0.556643952187603, 0.4985151937849225, 0.5605526749220214, 0.4954966332509658, 0.435825295011252, 0.563097148528002, 0.6297140268295991, 0.39378901277990186, 0.41684147039530206, 0.4987595549691687, 0.45390612303598266, 0.43279004618593775, 0.43030370373657045, 0.4786422759386667, 0.45421401816384455, 0.5416588971522993, 0.5926796328897282, 0.579781772711951, 0.5490412090246424, 0.4704940954642378, 0.519015894827792, 0.5941785647973821, 0.4911489410640322], [0.7074504494622571, 0.49556868538500376, 0.5247802460903777, 0.5701276388985084, 0.49910035480012693, 0.5382756664117853, 0.5504800848294933, 0.5426539219795055, 0.5287346396405492, 0.5972606690869977, 0.5725083247031026, 0.47904417115876763, 0.5722411306724677, 0.4691493447007562, 0.5729455698552065, 0.5833173492492449, 0.4378923564871593, 0.412601967289397, 0.5885479040012845, 0.4748408291397448, 0.5224988946704634, 0.6420368368576514, 0.5622805388644597, 1.0, 0.6297904593386915, 0.5721614373769142, 0.6879808111267236, 0.645016867333524, 0.6055280786807604, 0.5931538177491302, 0.6714477784705789, 0.1322912794490405, 0.6668601652892563, 0.6133743972799303, 0.574667071436464, 0.6721877196711971, 0.7709474475165435, 0.644817973947591, 0.6379152266011434, 0.7200377337439181, 0.5685368589476405, 0.6187021051244694, 0.5809571675857899, 0.6525118225168854, 0.5314359289885214, 0.49914536522146535, 0.6016754873812039, 0.5523472476771686, 0.6074649268386325, 0.4787544359225251, 0.6065042367335727, 0.6326950401593007, 0.5636800145906969, 0.6154738864266664, 0.5675343852319619, 0.5782696235601916, 0.5175243558608883, 0.5974254767935052, 0.6092477330528974, 0.6258470191997206], [0.6404799065735974, 0.6051185758500909, 0.540817220239506, 0.5212647350188251, 0.528608855377322, 0.4838918336352227, 0.6006794605983271, 0.5936831943368718, 0.5504651062879778, 0.5841065270588136, 0.5151448080948132, 0.5309682760644012, 0.634159823136767, 0.5352700702826493, 0.48543506797406777, 0.6024763947300252, 0.3848320743217306, 0.4742168308886321, 0.5976705464365174, 0.4910746310076961, 0.5986779103755608, 0.589801503153272, 0.5398998215874053, 0.6297904593386915, 1.0, 0.5710622891002995, 0.5075395495081939, 0.5566618447577419, 0.5098209560460855, 0.6430975626471407, 0.5756967654268035, 0.08214000495811014, 0.6604323057822067, 0.5407008735769421, 0.555476813297553, 0.6147949604785578, 0.5372118366960177, 0.6734323584822515, 0.6982089230416725, 0.6554646019213142, 0.562667948094922, 0.665177290806726, 0.5679632035194356, 0.5756232635651651, 0.5124772994364224, 0.4038129473298294, 0.5766387383602993, 0.5216900093736001, 0.4693405518144681, 0.38580573557237763, 0.6245305808006368, 0.6600547357467618, 0.5413259443141674, 0.6645180508942353, 0.4409645535547688, 0.5980140625542434, 0.477922815282933, 0.5126727523393233, 0.5363325716286153, 0.5750830448636506], [0.610385130189752, 0.5738389380174477, 0.4960423677905412, 0.4823804908524103, 0.5936253954584562, 0.42312991603566874, 0.6949307359341039, 0.5500490724935657, 0.5353577994352273, 0.5357688475124208, 0.4964217156961541, 0.5198606602652331, 0.6058651242829743, 0.5426102907188997, 0.4133204978078491, 0.7645484644342261, 0.5322054667982243, 0.4863961516879811, 0.5922921213962904, 0.4445980088865833, 0.4687882435850037, 0.5796119176487149, 0.5585059625070012, 0.5721614373769142, 0.5710622891002995, 1.0, 0.534508887305058, 0.5714302232561209, 0.5145503669187964, 0.5364846068138442, 0.5916611986356156, 0.0802279888098486, 0.6052196406369914, 0.5747597699430184, 0.5692554196990388, 0.6199615033398737, 0.601991466770492, 0.6071232670694238, 0.6120366223261567, 0.5781233181530034, 0.6388575276040193, 0.707297095872142, 0.5404140996014206, 0.6639125062519777, 0.49831616526476363, 0.5791643748485911, 0.6074851994641135, 0.5070280707251814, 0.49290343222480915, 0.466453737458251, 0.6005859733659056, 0.6713759542773059, 0.5378145794136203, 0.7234004929862764, 0.4721632755108729, 0.6364530272971612, 0.5289595128679329, 0.6922691678178606, 0.6824498441766135, 0.48684347083788004], [0.5248744046989808, 0.47472223020720705, 0.4826311097670588, 0.45296086365697175, 0.47449576667220084, 0.44819145313351316, 0.4884309288982718, 0.45916525472690406, 0.5119124556214527, 0.4846193907053111, 0.4966106565740689, 0.43511279689128113, 0.4841310868459383, 0.39117438835651597, 0.40640364595542544, 0.4944835819491348, 0.4150214666039851, 0.3951507266234905, 0.42550029733792294, 0.35510354640890407, 0.4196821603811167, 0.6082591727148021, 0.651593753011447, 0.6879808111267236, 0.5075395495081939, 0.534508887305058, 1.0, 0.5610625640052326, 0.5370018972792304, 0.5993659131876207, 0.6433435198652836, 0.12127126198989002, 0.54145798904902, 0.49762640488541376, 0.5279540065658855, 0.5459694706168632, 0.5736375538089135, 0.5193760200639511, 0.4809298167614333, 0.6167216393653608, 0.4483027134535662, 0.44529744886374156, 0.46853753720391766, 0.579183305766337, 0.48740123890182474, 0.4703288646469195, 0.49611672930290074, 0.44215682307577864, 0.41149949940589114, 0.38422603263897837, 0.3374014789883468, 0.4410923975285498, 0.4873609164524242, 0.5523470987393854, 0.5855481022430181, 0.5531069443736859, 0.3918328946035662, 0.4864021653260071, 0.4545765282749348, 0.4681383140416693], [0.5086911579462249, 0.5235210511285617, 0.5581472294548357, 0.5306901023101425, 0.5453826202101238, 0.5982746718809981, 0.5245556073738763, 0.5170522854494787, 0.5056214666035421, 0.5475896195914352, 0.4861852036881137, 0.4987195745936499, 0.5990500128055726, 0.5508994733350564, 0.43911725617472674, 0.5382440729760496, 0.41165845604523565, 0.4484509524317364, 0.6068543641316333, 0.48861566376176935, 0.5186579079329223, 0.5812363065046448, 0.5181913403315707, 0.645016867333524, 0.5566618447577419, 0.5714302232561209, 0.5610625640052326, 1.0, 0.5233606035551733, 0.5448076926967442, 0.5141753518991234, 0.09786319844829228, 0.5994457113508334, 0.5171032153434119, 0.5496363663793907, 0.5403656076774978, 0.5294134312225072, 0.6457340775235634, 0.5662477820423348, 0.6659407628917502, 0.5003220215573935, 0.5003625956701196, 0.5956709489391165, 0.5142949151074074, 0.5079282258540193, 0.5302785030797369, 0.6477851584105734, 0.5053366169055825, 0.4931028555706176, 0.47608403870101634, 0.5394254590691249, 0.6584803257329477, 0.5023620386343872, 0.6315777657580484, 0.48790086945676725, 0.5829517958448699, 0.39882281389370733, 0.46282655634765146, 0.5213790948162902, 0.5377223488258441], [0.557111246405395, 0.4104236618079251, 0.5759324905830867, 0.4462157504059511, 0.45644160365336806, 0.5085777127995587, 0.4944546234013931, 0.53195164701063, 0.496054342534634, 0.5100110474927774, 0.5244721818436454, 0.42375315529737634, 0.5414842133379664, 0.3763528291794124, 0.42496664548210383, 0.5293554711805307, 0.41178185589535043, 0.4282184898925473, 0.44295006127097025, 0.38539565175292023, 0.6743737105837003, 0.4994156562838685, 0.4841107708186674, 0.6055280786807604, 0.5098209560460855, 0.5145503669187964, 0.5370018972792304, 0.5233606035551733, 1.0, 0.6091777158465266, 0.6657061921126758, 0.16135686947591243, 0.6365901949219944, 0.4950202738867113, 0.477486726443733, 0.5868402441151701, 0.6440794427496351, 0.643512537254231, 0.5008414490604755, 0.6250801482414327, 0.5572817426330144, 0.47671504771338447, 0.4632124189764071, 0.569308805727066, 0.4340341016592857, 0.43717901397876024, 0.6717804680812287, 0.4252816391697266, 0.5006731030771484, 0.4381497145963029, 0.46754239194479785, 0.577357565973301, 0.4868216255880231, 0.55946691486821, 0.5247002932551549, 0.5600465803154878, 0.4809425942528851, 0.5454289558486465, 0.45689370747421365, 0.5144856372501756], [0.6220183663663733, 0.5169854226969922, 0.5407484106420385, 0.5879181448610423, 0.44036324243165414, 0.6048739743151571, 0.49927737355669266, 0.5454167295004502, 0.4795275393829561, 0.5246237314170481, 0.61770704713537, 0.4820315927048674, 0.6153135348821376, 0.4050780021330068, 0.53945514919998, 0.5544017926710056, 0.37604807845136423, 0.5747771418744195, 0.4754373641236094, 0.47088170686967556, 0.6197689272777186, 0.5412704446177335, 0.5645112038963507, 0.5931538177491302, 0.6430975626471407, 0.5364846068138442, 0.5993659131876207, 0.5448076926967442, 0.6091777158465266, 1.0, 0.683602881588676, 0.0968927945350353, 0.5988578333837348, 0.5722338101193015, 0.5289588543300107, 0.6411206202871725, 0.593640879308907, 0.6261748433302411, 0.6411671212876177, 0.5790802034834398, 0.47284162843080835, 0.5587996521707842, 0.4376324172273909, 0.5805928876397944, 0.4976020255584541, 0.49220774824211033, 0.5652560662511956, 0.5460338899059645, 0.49550613987722425, 0.4091349279152481, 0.5065784908516047, 0.6143267822547985, 0.41104860169449753, 0.5493814201481826, 0.5069728100533483, 0.5178778644360653, 0.40515647859745063, 0.4940454327930175, 0.49060943421017233, 0.5710928559399576], [0.6199299903573366, 0.5192767052246787, 0.5583144719089401, 0.5787628645216488, 0.534535793368078, 0.5128071994941591, 0.6043446612076291, 0.49447101682214867, 0.5445752623519934, 0.6721021124047167, 0.5880480801582338, 0.4440707897960009, 0.6882616352977461, 0.4706847700254376, 0.5291397150286187, 0.6642086307039687, 0.39900512284569634, 0.4006907758042314, 0.47036174981071954, 0.45607460469939354, 0.5017204163775083, 0.615224701745543, 0.6452671694624545, 0.6714477784705789, 0.5756967654268035, 0.5916611986356156, 0.6433435198652836, 0.5141753518991234, 0.6657061921126758, 0.683602881588676, 1.0, 0.060784681923049755, 0.6565914883963165, 0.6243222188582328, 0.6267996012135754, 0.6530722595713079, 0.669801392721649, 0.713726828319238, 0.5612570972664981, 0.6743250772372488, 0.525531660107477, 0.5460140930831071, 0.5630897345120339, 0.615808877705324, 0.44467419228410865, 0.5298401393524064, 0.6315852375233443, 0.5057644342173294, 0.501888298441567, 0.571083799104478, 0.4841695468445638, 0.5447886999612055, 0.5500216163681989, 0.5773420871022004, 0.6648177080615237, 0.5099642160020201, 0.5587801922645158, 0.5700342372006452, 0.5710506670902614, 0.535651468211418], [0.12343675779231544, 0.0975558070742476, 0.10533333708408188, 0.052743557368125527, 0.1020745900190918, 0.09402403894992772, 0.12912973400259609, 0.10911830810335332, 0.10513592195379418, 0.09531548849253868, 0.07327092103017918, 0.0745935953249881, 0.12408419112696734, 0.18764491510979142, 0.10752544514948703, 0.11782075061300423, 0.05529998432855421, 0.1724983691436528, 0.03515142168757024, 0.058042886444365394, 0.26924815847086603, 0.14090720043594995, 0.08967423424358134, 0.1322912794490405, 0.08214000495811014, 0.0802279888098486, 0.12127126198989002, 0.09786319844829228, 0.16135686947591243, 0.0968927945350353, 0.060784681923049755, 1.0, 0.049959820598641125, 0.14705649044813396, 0.09235392495558015, 0.06439283354182446, 0.13740605635208747, 0.13397935066753375, 0.05094991829836504, 0.11485094695287157, 0.14859121269952147, 0.07191400844414697, 0.11211724873587792, 0.09163594572908973, 0.010618725559589093, 0.03475837419005967, 0.10733347101798418, 0.015993775592762605, 0.18454792333997894, 0.025793791879052397, 0.05214585852877063, 0.15587017998287978, 0.028158635247317987, 0.03649360749218089, 0.05850615873861953, 0.06599257041032969, 0.049984781529300304, 0.03496113891959096, 0.08009714785400979, 0.03864696981544424], [0.7018226012468022, 0.5505506158119817, 0.6445959594136939, 0.5314664112939558, 0.5562946206971776, 0.43932841450324855, 0.6893993324695152, 0.6153504845966824, 0.5890300351865926, 0.614718190803229, 0.5049626770786216, 0.5987015068413833, 0.6656878991888582, 0.4711559940396993, 0.5228693623522966, 0.6623256193093522, 0.5079808177100523, 0.5516475142956576, 0.7565751385086291, 0.5234802976443934, 0.5840545367044803, 0.5576371423564414, 0.6366146702909973, 0.6668601652892563, 0.6604323057822067, 0.6052196406369914, 0.54145798904902, 0.5994457113508334, 0.6365901949219944, 0.5988578333837348, 0.6565914883963165, 0.049959820598641125, 1.0, 0.6073399008865599, 0.713986551269305, 0.5942099073958699, 0.7396364247505132, 0.7367305510428989, 0.7080985375871337, 0.8206790017239854, 0.554268024667175, 0.6996345284033232, 0.5480048252564268, 0.648378407091578, 0.48456560356085376, 0.44093878370028206, 0.6391926517576858, 0.47314922551226013, 0.5957041105082266, 0.4540474740160686, 0.7171493363255961, 0.661049805079471, 0.6672629140339512, 0.7111585354379375, 0.5415428344840154, 0.7465526637771278, 0.6711463204680483, 0.5134858852646185, 0.6905635011335741, 0.7285619637876088], [0.6859669878483065, 0.5661477123114373, 0.658196731611784, 0.5528062680474025, 0.44047718605976105, 0.5434407001963028, 0.5607058163023101, 0.6392283004351235, 0.655575375390141, 0.620249669730809, 0.6566688572930681, 0.5262176852791098, 0.6290594384186077, 0.49661267410300614, 0.44281981920978075, 0.6920190512952664, 0.5397424371137188, 0.544580266962846, 0.6154951399376939, 0.4287704378006816, 0.49753327593114915, 0.5252025370970675, 0.5302856802835805, 0.6133743972799303, 0.5407008735769421, 0.5747597699430184, 0.49762640488541376, 0.5171032153434119, 0.4950202738867113, 0.5722338101193015, 0.6243222188582328, 0.14705649044813396, 0.6073399008865599, 1.0,