"[[1.0, 0.9837494783015629, 0.9722596376174404, 0.9840937078522914, 0.978644735532769, 0.9909508749629893, 0.9812714292367963, 0.9608931892464906, 0.31229688059410377, 0.9872939322496781, 0.9966840338375974, 0.9762041516588095, 0.9779278714016492, 0.8784782583224586, 0.25887391732431575, 0.9901547931909804, 0.961098707805546, 0.9920380373075179, 0.9795038853643029, 0.9769448224369298, 0.9916584826301389, 0.9085694938966608, 0.9325956379811658, 0.9031848013197121, 0.9536732490678861, 0.9130246233449809, 0.5198198618669035, 0.9423231241510195, 0.9508993208920292, 0.9595261790518443, 0.9826560027003981, 0.9953426832701593, 0.9965007323204389, 0.9995057038162374, 0.979535872504398, 0.992182239244229, 0.996754742118044, 0.9753609768987537, 0.9859084386137611, 0.9909885656208584, 0.994488560691392, 0.9811010042740458, 0.9981682565491586, 0.993542756966968, 0.9779623092978436, 0.9272344463236146, 0.9887175339525657, 0.9821822313422138, 0.9621887648735559, 0.9077506638816063, 0.9114221437273634, 0.9915877628874601, 0.9763178588796757, 0.9686541086906315, 0.9601930176732225, 0.8838278340409553, 0.8895774189035532, 0.9227171266270108, 0.9463395492821055, 0.9188532944521215, 0.9512171116871179, 0.9432127713070398, 0.3497453422482657, 0.3497453422482657, 0.3497453422482657, 0.3497453422482657, 0.3497453422482657, 0.3497453422482657, 0.3497453422482657, 0.3497453422482657, 0.3497453422482657, 0.3497453422482657, 0.3497453422482657, 0.3497453422482657, 0.3497453422482657, 0.3497453422482657, 0.3497453422482657, 0.3497453422482657, 0.3497453422482657, 0.3497453422482657, 0.3497453422482657, 0.3497453422482657, 0.3497453422482657, 0.3497453422482657, 0.3497453422482657, 0.3497453422482657, 0.3497453422482657, 0.3497453422482657, 0.3497453422482657, 0.3497453422482657, 0.3497453422482657, 0.3497453422482657, 0.3497453422482657], [0.9837494783015629, 1.0, 0.9608513273566972, 0.9904222482929463, 0.9836464027089484, 0.9958941393047747, 0.9806268573728564, 0.9443045901556162, 0.18426554618945223, 0.9845363746212756, 0.9709171789747385, 0.9678629314634647, 0.9867615729689913, 0.9231483911487595, 0.16965719678760083, 0.9983476249289718, 0.9314050067268609, 0.9911324648041223, 0.9795824487291545, 0.9990369341545322, 0.9892994052813888, 0.8841431039824873, 0.9584109804538351, 0.8977168902197046, 0.976107753594482, 0.9152936155497753, 0.471019032137477, 0.9435228421107152, 0.9779008757574068, 0.9556617425131725, 0.9796016265973606, 0.9891912975945283, 0.9810802399606525, 0.987176765539467, 0.997788047554553, 0.99312274741089, 0.9865105550933421, 0.9986758201730156, 0.9908772747671564, 0.9879221307282019, 0.9784025240887779, 0.9988469006191756, 0.981923998329361, 0.9662494538585037, 0.9838355625564406, 0.9272942253612713, 0.9699766438269277, 0.9976725802801844, 0.9941294441261287, 0.9587207325514718, 0.8865937785358707, 0.969412050485658, 0.9629869643062225, 0.9700676053186035, 0.9805890776462929, 0.8798655609022329, 0.9015505943669953, 0.9355975167728828, 0.9682583683673512, 0.9002125052435588, 0.9309838138653587, 0.9402279606037468, 0.4354712410833048, 0.4354712410833048, 0.4354712410833048, 0.4354712410833048, 0.4354712410833048, 0.4354712410833048, 0.4354712410833048, 0.4354712410833048, 0.4354712410833048, 0.4354712410833048, 0.4354712410833048, 0.4354712410833048, 0.4354712410833048, 0.4354712410833048, 0.4354712410833048, 0.4354712410833048, 0.4354712410833048, 0.4354712410833048, 0.4354712410833048, 0.4354712410833048, 0.4354712410833048, 0.4354712410833048, 0.4354712410833048, 0.4354712410833048, 0.4354712410833048, 0.4354712410833048, 0.4354712410833048, 0.4354712410833048, 0.4354712410833048, 0.4354712410833048, 0.4354712410833048], [0.9722596376174404, 0.9608513273566972, 1.0, 0.9695265971412259, 0.9877259684424163, 0.9596567697817185, 0.931231750269815, 0.8697733922146721, 0.4327953407469277, 0.9314732326840959, 0.9777083681687, 0.9165629382088173, 0.9582558693701937, 0.8784855018387487, 0.1521772420235381, 0.9742677068866635, 0.8733072167001971, 0.9555213729165388, 0.9137602796580324, 0.9554270023364444, 0.974158739797678, 0.7959509718946944, 0.8811610530287411, 0.7953916551883176, 0.8962654690358164, 0.806532721452388, 0.3490359626315973, 0.8749202493105533, 0.8907014695943316, 0.8885066805519225, 0.9253035147436981, 0.9693174905034571, 0.9883363113954757, 0.9749949120813056, 0.9441111586811534, 0.9854122094129076, 0.9766870884996892, 0.9597892751192516, 0.9341905305433675, 0.9911327096322361, 0.9584086124499984, 0.9481738832641226, 0.9822921371857865, 0.9850130219286805, 0.9154043567883343, 0.8188986179779025, 0.9598929521307666, 0.9570956621571098, 0.9475327139505251, 0.857053603593687, 0.7901935358082974, 0.9848965618657414, 0.9163909587367466, 0.9254294793357377, 0.9278695168573863, 0.7782244083955395, 0.8115939245668021, 0.8508023166818814, 0.8895973343010295, 0.8178298232751968, 0.8905093821424411, 0.8514627334730837, 0.48638472483364337, 0.48638472483364337, 0.48638472483364337, 0.48638472483364337, 0.48638472483364337, 0.48638472483364337, 0.48638472483364337, 0.48638472483364337, 0.48638472483364337, 0.48638472483364337, 0.48638472483364337, 0.48638472483364337, 0.48638472483364337, 0.48638472483364337, 0.48638472483364337, 0.48638472483364337, 0.48638472483364337, 0.48638472483364337, 0.48638472483364337, 0.48638472483364337, 0.48638472483364337, 0.48638472483364337, 0.48638472483364337, 0.48638472483364337, 0.48638472483364337, 0.48638472483364337, 0.48638472483364337, 0.48638472483364337, 0.48638472483364337, 0.48638472483364337, 0.48638472483364337], [0.9840937078522914, 0.9904222482929463, 0.9695265971412259, 1.0, 0.9943232034784867, 0.9956100002696714, 0.9880501957257928, 0.934998506270801, 0.22433518810953834, 0.9817975263445832, 0.9707103300305376, 0.9786039882404887, 0.9989429782911758, 0.9489945844409586, 0.27032372522028225, 0.9934275642672658, 0.9166926472769101, 0.9944114502059248, 0.9729896943666001, 0.9912784832643702, 0.9751700000836802, 0.8497053198212362, 0.9111227327051533, 0.8530137776369595, 0.9406144567182189, 0.8751628380398154, 0.3956264024769607, 0.8995828134647611, 0.9455626729377155, 0.9214208061849919, 0.9580003094476602, 0.9959101466017477, 0.9853292590796888, 0.9891349349894552, 0.9811298534594655, 0.9895619269343794, 0.9781643206398205, 0.9856977613025083, 0.9769057721949215, 0.98676637538559, 0.988978428679909, 0.9849956999430571, 0.9883300308607832, 0.9778771756418148, 0.9657269566488681, 0.9108278361111416, 0.9888134400004644, 0.9798697686492701, 0.9738237364680572, 0.915671181308312, 0.8694843323300665, 0.9654944580894859, 0.9371783361379682, 0.9360321595849406, 0.9452823740413868, 0.8262916545717867, 0.8407927918974123, 0.8848701783712427, 0.9274017948341422, 0.8610944349993632, 0.8942453988853536, 0.9069260304337489, 0.4956936677255198, 0.4956936677255198, 0.4956936677255198, 0.4956936677255198, 0.4956936677255198, 0.4956936677255198, 0.4956936677255198, 0.4956936677255198, 0.4956936677255198, 0.4956936677255198, 0.4956936677255198, 0.4956936677255198, 0.4956936677255198, 0.4956936677255198, 0.4956936677255198, 0.4956936677255198, 0.4956936677255198, 0.4956936677255198, 0.4956936677255198, 0.4956936677255198, 0.4956936677255198, 0.4956936677255198, 0.4956936677255198, 0.4956936677255198, 0.4956936677255198, 0.4956936677255198, 0.4956936677255198, 0.4956936677255198, 0.4956936677255198, 0.4956936677255198, 0.4956936677255199], [0.978644735532769, 0.9836464027089484, 0.9877259684424163, 0.9943232034784867, 1.0, 0.9846118347995874, 0.9670829833100855, 0.9012471257146013, 0.2978831956130368, 0.9609950873829304, 0.9713817695207483, 0.9535870909890345, 0.9896582977317719, 0.9386316887975127, 0.2116991774901088, 0.990406428845656, 0.8883338108946848, 0.9811014763908559, 0.9477931728769519, 0.9835938996163938, 0.9756358803843679, 0.8130382506929451, 0.8979334261331573, 0.817673019359604, 0.922342191502958, 0.8379200109028714, 0.34369538409519784, 0.8824891917178512, 0.9242948661443465, 0.9011968274324627, 0.9411869268467611, 0.9877978785169758, 0.9881790905556768, 0.9841093763216141, 0.9696804693123089, 0.991960719425247, 0.9774454041306616, 0.9819452832183428, 0.9594332501431757, 0.9926417626533154, 0.9769013270472949, 0.9741543655730266, 0.9870846555926901, 0.9809097655802554, 0.9438473490087637, 0.8672865510663341, 0.9786450936228996, 0.9742196450798672, 0.9706653105792074, 0.8969746442888644, 0.8244391556737144, 0.972321296939225, 0.9220523556583701, 0.9282273776291234, 0.9394757591659025, 0.7938385786257726, 0.8205128630432593, 0.8650170448353889, 0.9108451841245796, 0.830159757153599, 0.8826236519664936, 0.8762231897260637, 0.5323965714070259, 0.5323965714070259, 0.5323965714070259, 0.5323965714070259, 0.5323965714070259, 0.5323965714070259, 0.5323965714070259, 0.5323965714070259, 0.5323965714070259, 0.5323965714070259, 0.5323965714070259, 0.5323965714070259, 0.5323965714070259, 0.5323965714070259, 0.5323965714070259, 0.5323965714070259, 0.5323965714070259, 0.5323965714070259, 0.5323965714070259, 0.5323965714070259, 0.5323965714070259, 0.5323965714070259, 0.5323965714070259, 0.5323965714070259, 0.5323965714070259, 0.5323965714070259, 0.5323965714070259, 0.5323965714070259, 0.5323965714070259, 0.5323965714070259, 0.5323965714070259], [0.9909508749629893, 0.9958941393047747, 0.9596567697817185, 0.9956100002696714, 0.9846118347995874, 1.0, 0.9934192293284215, 0.9602711084745961, 0.1994445609535911, 0.9939123396847187, 0.9775981985064923, 0.9856060390469893, 0.9938929260901118, 0.9269724779206839, 0.256076661427318, 0.99638541489222, 0.9462146497530337, 0.9990658425021139, 0.9887005993386121, 0.994563110681643, 0.9849291635347424, 0.8937225654452624, 0.9403193915793753, 0.8980769996065003, 0.965592861205819, 0.9163086363632154, 0.47748620764864014, 0.9345532817419242, 0.9687604958457947, 0.9530321320916869, 0.9801114951801881, 0.9974702614359956, 0.9859298482507344, 0.9938311787851646, 0.9925266376538157, 0.9911145520809572, 0.9868307710415526, 0.9901857505257421, 0.9925883216671925, 0.9863067314611873, 0.9923608042774343, 0.9945166869897755, 0.9895942770929795, 0.9767874195702222, 0.9856675240052037, 0.9406469641072636, 0.9869067093013085, 0.9901265689850399, 0.9804289432000122, 0.938374254605908, 0.9065479887060943, 0.9710870581168883, 0.9637097785164049, 0.9607730055992519, 0.9652022126101872, 0.8751926173966914, 0.8848465633070408, 0.9223261095472326, 0.9550716732588722, 0.9040646848369503, 0.9277092038048982, 0.9423124103114933, 0.4212426728526256, 0.4212426728526256, 0.4212426728526256, 0.4212426728526256, 0.4212426728526256, 0.4212426728526256, 0.4212426728526256, 0.4212426728526256, 0.4212426728526256, 0.4212426728526256, 0.4212426728526256, 0.4212426728526256, 0.4212426728526256, 0.4212426728526256, 0.4212426728526256, 0.4212426728526256, 0.4212426728526256, 0.4212426728526256, 0.4212426728526256, 0.4212426728526256, 0.4212426728526256, 0.4212426728526256, 0.4212426728526256, 0.4212426728526256, 0.4212426728526256, 0.4212426728526256, 0.4212426728526256, 0.4212426728526256, 0.4212426728526256, 0.4212426728526256, 0.4212426728526256], [0.9812714292367963, 0.9806268573728564, 0.931231750269815, 0.9880501957257928, 0.9670829833100855, 0.9934192293284215, 1.0, 0.973833892333118, 0.15379894566855734, 0.9962945883990663, 0.9629111108493187, 0.9981377713773131, 0.9906393137975289, 0.9285708567100485, 0.3561382433507232, 0.9801526971810812, 0.9537507504939593, 0.9966340200074351, 0.9934878249999681, 0.9804519542384197, 0.9626422920643053, 0.9013648561646437, 0.9156245459762545, 0.8986000067502087, 0.9504377759112252, 0.9195887055962492, 0.4914054181810612, 0.9170311126817617, 0.9573136494106906, 0.9425885458462007, 0.9711714962319131, 0.992012187036373, 0.9700512518571757, 0.98405320983607, 0.9786299402405885, 0.9710085560896016, 0.9686680088781977, 0.9701755663287294, 0.9865696556352439, 0.96432183694015, 0.9931350071298386, 0.9812169541534852, 0.9784798349222452, 0.9649098726735563, 0.9821344990756516, 0.9594476300910009, 0.9896061352707526, 0.9705486001163492, 0.9562813413631885, 0.918611182074222, 0.9290918436803353, 0.9488696745140043, 0.9525434485558747, 0.9381382298827514, 0.9385346653055914, 0.8695715995333297, 0.8633065564317582, 0.9038460556027138, 0.9362922623849611, 0.903718413238295, 0.9098659878149312, 0.9422497376229132, 0.39762722379376336, 0.39762722379376336, 0.39762722379376336, 0.39762722379376336, 0.39762722379376336, 0.39762722379376336, 0.39762722379376336, 0.39762722379376336, 0.39762722379376336, 0.39762722379376336, 0.39762722379376336, 0.39762722379376336, 0.39762722379376336, 0.39762722379376336, 0.39762722379376336, 0.39762722379376336, 0.39762722379376336, 0.39762722379376336, 0.39762722379376336, 0.39762722379376336, 0.39762722379376336, 0.39762722379376336, 0.39762722379376336, 0.39762722379376336, 0.39762722379376336, 0.39762722379376336, 0.39762722379376336, 0.39762722379376336, 0.39762722379376336, 0.39762722379376336, 0.39762722379376336], [0.9608931892464906, 0.9443045901556162, 0.8697733922146721, 0.934998506270801, 0.9012471257146013, 0.9602711084745961, 0.973833892333118, 1.0, 0.12768554068613602, 0.9849452743787372, 0.9455530484523761, 0.9797954852562467, 0.936142674657933, 0.8274052354051165, 0.3658065168901017, 0.9409455281595794, 0.9933655973171607, 0.9670025049919454, 0.9897451906531021, 0.9374918297834189, 0.9415004775593354, 0.9732266955408443, 0.9286675274443543, 0.964446281730197, 0.9562222231621389, 0.9738323760895448, 0.6733408699796686, 0.9532387087820761, 0.9581314014791892, 0.9738270320813901, 0.9803521388488351, 0.9568923054484094, 0.9345497465121564, 0.9573685509023443, 0.9550811469722296, 0.9307411883820277, 0.9486542530043303, 0.9284623393345444, 0.9787597891281157, 0.9208652077943068, 0.9670028453859173, 0.9537426594515974, 0.9455202494984025, 0.931055108716295, 0.9841664999953266, 0.9915156662732312, 0.9533309354777485, 0.9444564871278316, 0.9157486565258184, 0.9093717245457575, 0.9881299438259317, 0.926161502825973, 0.9753742441834005, 0.9496351261882474, 0.9316466038494892, 0.943071450942869, 0.9169281419152817, 0.9416749187422911, 0.9479185072450893, 0.9692353596045756, 0.9506046896515634, 0.9839610797053107, 0.18122139624025968, 0.18122139624025968, 0.18122139624025968, 0.18122139624025968, 0.18122139624025968, 0.18122139624025968, 0.18122139624025968, 0.18122139624025968, 0.18122139624025968, 0.18122139624025968, 0.18122139624025968, 0.18122139624025968, 0.18122139624025968, 0.18122139624025968, 0.18122139624025968, 0.18122139624025968, 0.18122139624025968, 0.18122139624025968, 0.18122139624025968, 0.18122139624025968, 0.18122139624025968, 0.18122139624025968, 0.18122139624025968, 0.18122139624025968, 0.18122139624025968, 0.18122139624025968, 0.18122139624025968, 0.18122139624025968, 0.18122139624025968, 0.18122139624025968, 0.18122139624025968], [0.31229688059410377, 0.18426554618945223, 0.4327953407469277, 0.22433518810953834, 0.2978831956130368, 0.1994445609535911, 0.15379894566855734, 0.12768554068613602, 1.0, 0.16537792043639388, 0.3834809767871048, 0.15433172655836958, 0.1908654790954083, 0.02555801353976961, 0.017407568679841168, 0.23769292006072473, 0.20881101531865354, 0.2058970391583489, 0.12617278215274697, 0.15552718850871872, 0.2986906602855549, 0.12567621492820769, 0.10013571555675849, 0.065769000053996, 0.08528411593394425, 0.028530860384599177, 0.011245629756168829, 0.1663908994910679, 0.04914493546280274, 0.1688336176801647, 0.19221039747926938, 0.25747758127309284, 0.3593687303898122, 0.3005465616216876, 0.14774142177413896, 0.2977255005467091, 0.3203105252633325, 0.17575783569849923, 0.15939015412541058, 0.3330161692033753, 0.26769500320975603, 0.15343292684589493, 0.33710026348047895, 0.4012379339875828, 0.12700901217366967, -0.00150961266063665, 0.28636675734473427, 0.19454372219667393, 0.14568329702090832, -0.03178610711627439, 0.07376559408099459, 0.407841667383531, 0.23816952848029538, 0.22966537631215278, 0.17184491474137709, 0.07383438147878274, 0.09493054827205638, 0.10263652581624316, 0.09633555315538045, 0.14410446931375986, 0.2787612308095493, 0.09579853161869234, 0.014333377874918174, 0.014333377874918174, 0.014333377874918174, 0.014333377874918174, 0.014333377874918174, 0.014333377874918174, 0.014333377874918174, 0.014333377874918174, 0.014333377874918174, 0.014333377874918174, 0.014333377874918174, 0.014333377874918174, 0.014333377874918174, 0.014333377874918174, 0.014333377874918174, 0.014333377874918174, 0.014333377874918174, 0.014333377874918174, 0.014333377874918174, 0.014333377874918174, 0.014333377874918174, 0.014333377874918174, 0.014333377874918174, 0.014333377874918174, 0.014333377874918174, 0.014333377874918174, 0.014333377874918174, 0.014333377874918174, 0.014333377874918174, 0.014333377874918174, 0.014333377874918174], [0.9872939322496781, 0.9845363746212756, 0.9314732326840959, 0.9817975263445832, 0.9609950873829304, 0.9939123396847187, 0.9962945883990663, 0.9849452743787372, 0.16537792043639388, 1.0, 0.9721391039492024, 0.9940475602249662, 0.981777510543097, 0.9006940600747253, 0.31001206659578606, 0.9832842501493255, 0.9722584003263286, 0.9961834968158011, 0.9987906262336059, 0.9815203882132942, 0.9749516273365618, 0.9311900313396112, 0.9418806877068038, 0.9303127263521197, 0.9694693503162289, 0.9460926175505601, 0.5536417206242433, 0.9474379611434673, 0.9728529436786753, 0.9677158332998793, 0.9878120426269047, 0.9909155148430223, 0.9736316717075085, 0.9879646728730875, 0.9865207358625603, 0.975435236302924, 0.9791505993499179, 0.9746140748014661, 0.9959183824644724, 0.9683718624146359, 0.9919021130780225, 0.987391017749019, 0.9806328090257618, 0.9667063474017077, 0.9937855079087797, 0.9703670321197466, 0.9836151387439583, 0.980237602057651, 0.963339398195297, 0.9349791448620801, 0.9469781944936533, 0.9599241791939551, 0.97482262840369, 0.962351778452584, 0.9586148832901028, 0.906940800784282, 0.9018605923147401, 0.9355143899842419, 0.9591324617633322, 0.9354482029750737, 0.9414469889684246, 0.965958426147122, 0.33687075159886304, 0.33687075159886304, 0.33687075159886304, 0.33687075159886304, 0.33687075159886304, 0.33687075159886304, 0.33687075159886304, 0.33687075159886304, 0.33687075159886304, 0.33687075159886304, 0.33687075159886304, 0.33687075159886304, 0.33687075159886304, 0.33687075159886304, 0.33687075159886304, 0.33687075159886304, 0.33687075159886304, 0.33687075159886304, 0.33687075159886304, 0.33687075159886304, 0.33687075159886304, 0.33687075159886304, 0.33687075159886304, 0.33687075159886304, 0.33687075159886304, 0.33687075159886304, 0.33687075159886304, 0.33687075159886304, 0.33687075159886304, 0.33687075159886304, 0.33687075159886304], [0.9966840338375974, 0.9709171789747385, 0.9777083681687, 0.9707103300305376, 0.9713817695207483, 0.9775981985064923, 0.9629111108493187, 0.9455530484523761, 0.3834809767871048, 0.9721391039492024, 1.0, 0.957657336570103, 0.961219634319143, 0.8461050779335616, 0.23390173742925924, 0.9809202338550971, 0.9543958538019031, 0.97866246453956, 0.9620505984284029, 0.9612192243865628, 0.9900845742393787, 0.9007476655936361, 0.9224128281485131, 0.8919437744798568, 0.9390896134438017, 0.8969596300105952, 0.5246657184144451, 0.9378104505235075, 0.9324400775692122, 0.9527332521874236, 0.9741975503213842, 0.9856453961973428, 0.9962908680867496, 0.9946651545472452, 0.9652975595654419, 0.9879420256355982, 0.9958964335606232, 0.9625037158003965, 0.9724822396760529, 0.9893774867193005, 0.9852722533940904, 0.966675358503567, 0.9955963861535527, 0.9958116135684744, 0.9629704810101742, 0.9029433968363534, 0.9794793100175587, 0.9721679951292495, 0.9484692244498566, 0.8851122266991852, 0.8952468855356633, 0.9977639001059413, 0.9733461538621163, 0.9663643398183999, 0.9526988173850585, 0.8757931121636583, 0.8839974375257132, 0.914451703775906, 0.9341477356374668, 0.9130478454985845, 0.9552182200301679, 0.9305544137075404, 0.32252498042312283, 0.32252498042312283, 0.32252498042312283, 0.32252498042312283, 0.32252498042312283, 0.32252498042312283, 0.32252498042312283, 0.32252498042312283, 0.32252498042312283, 0.32252498042312283, 0.32252498042312283, 0.32252498042312283, 0.32252498042312283, 0.32252498042312283, 0.32252498042312283, 0.32252498042312283, 0.32252498042312283, 0.32252498042312283, 0.32252498042312283, 0.32252498042312283, 0.32252498042312283, 0.32252498042312283, 0.32252498042312283, 0.32252498042312283, 0.32252498042312283, 0.32252498042312283, 0.32252498042312283, 0.32252498042312283, 0.32252498042312283, 0.32252498042312283, 0.32252498042312294], [0.9762041516588095, 0.9678629314634647, 0.9165629382088173, 0.9786039882404887, 0.9535870909890345, 0.9856060390469893, 0.9981377713773131, 0.9797954852562467, 0.15433172655836958, 0.9940475602249662, 0.957657336570103, 1.0, 0.9822941955522371, 0.9143096983344234, 0.40502244290844536, 0.9680739091013895, 0.960263533708155, 0.9913696290627413, 0.9921163196341838, 0.9668799937133183, 0.9509726366719894, 0.9090551353140215, 0.9009273652563973, 0.9005909678170789, 0.9391933057689712, 0.9207374140293897, 0.5121869108808601, 0.9098315351791362, 0.9464439013455505, 0.9383522549138357, 0.9660688339705731, 0.9861412230127823, 0.9618230677965652, 0.9780173057689041, 0.9667711387975382, 0.9585688828961816, 0.9597002126831872, 0.9543867014148602, 0.980363134690663, 0.9516394610489484, 0.9914761226870779, 0.9694265462081053, 0.9722117741872129, 0.9599892882861201, 0.9772453083732455, 0.9652084546983521, 0.9884911798149841, 0.9569267535812827, 0.9378255690366353, 0.9007516977410691, 0.9414503794832093, 0.9401085028408396, 0.9489556730186255, 0.9276431333520123, 0.9227670439493264, 0.8696204326308877, 0.8541703633015919, 0.8947004782434116, 0.9241736371054913, 0.9073090277881432, 0.9059871231647199, 0.9422136332519175, 0.36340911311157686, 0.36340911311157686, 0.36340911311157686, 0.36340911311157686, 0.36340911311157686, 0.36340911311157686, 0.36340911311157686, 0.36340911311157686, 0.36340911311157686, 0.36340911311157686, 0.36340911311157686, 0.36340911311157686, 0.36340911311157686, 0.36340911311157686, 0.36340911311157686, 0.36340911311157686, 0.36340911311157686, 0.36340911311157686, 0.36340911311157686, 0.36340911311157686, 0.36340911311157686, 0.36340911311157686, 0.36340911311157686, 0.36340911311157686, 0.36340911311157686, 0.36340911311157686, 0.36340911311157686, 0.36340911311157686, 0.36340911311157686, 0.36340911311157686, 0.363409113111577], [0.9779278714016492, 0.9867615729689913, 0.9582558693701937, 0.9989429782911758, 0.9896582977317719, 0.9938929260901118, 0.9906393137975289, 0.936142674657933, 0.1908654790954083, 0.981777510543097, 0.961219634319143, 0.9822941955522371, 1.0, 0.9586160660662163, 0.29878506978443076, 0.9884975751282638, 0.9131944361537461, 0.9934819169748711, 0.9739642243808848, 0.9891074258096813, 0.9656992722222061, 0.8455478414226612, 0.9027471302848672, 0.8486157133004383, 0.9359519034475353, 0.8733326836046955, 0.3865812855252453, 0.89000891000488, 0.9431803018704006, 0.9142646894503421, 0.9524918334970824, 0.9933491099623883, 0.9774405239187598, 0.9836937854151137, 0.977712946040309, 0.9822175677408899, 0.9693186636649314, 0.9812521660385292, 0.9743110310751031, 0.9783101149528884, 0.987297897656669, 0.9819267249186036, 0.9821422690743573, 0.9700554730135084, 0.9638214434657351, 0.9159254730596843, 0.9880300250514515, 0.973932915362127, 0.9687475575002655, 0.9134094599412703, 0.8718322658790612, 0.9536606671289438, 0.9289062850039428, 0.925482787881793, 0.9362839810440096, 0.8192946600949707, 0.830235553380469, 0.876312168073642, 0.9209689108308374, 0.8547079026892268, 0.8816725744010672, 0.9036145038280952, 0.5059358065943375, 0.5059358065943375, 0.5059358065943375, 0.5059358065943375, 0.5059358065943375, 0.5059358065943375, 0.5059358065943375, 0.5059358065943375, 0.5059358065943375, 0.5059358065943375, 0.5059358065943375, 0.5059358065943375, 0.5059358065943375, 0.5059358065943375, 0.5059358065943375, 0.5059358065943375, 0.5059358065943375, 0.5059358065943375, 0.5059358065943375, 0.5059358065943375, 0.5059358065943375, 0.5059358065943375, 0.5059358065943373, 0.5059358065943373, 0.5059358065943373, 0.5059358065943373, 0.5059358065943373, 0.5059358065943373, 0.5059358065943373, 0.5059358065943373, 0.5059358065943375], [0.8784782583224586, 0.9231483911487595, 0.8784855018387487, 0.9489945844409586, 0.9386316887975127, 0.9269724779206839, 0.9285708567100485, 0.8274052354051165, 0.02555801353976961, 0.9006940600747253, 0.8461050779335616, 0.9143096983344234, 0.9586160660662163, 1.0, 0.3011310284317965, 0.9187935940247645, 0.7758153761803314, 0.9231868285992468, 0.8924098850845567, 0.9377304151213852, 0.8655924629488531, 0.6912371111765796, 0.8013188829269711, 0.7079357737101181, 0.8460803603315354, 0.7507618297450983, 0.1644043640499292, 0.7558388539349146, 0.8655233212351426, 0.78602875407072, 0.8424602171914628, 0.9194948726213695, 0.8845820514695791, 0.8926390770990512, 0.9072495998563586, 0.9028386659587061, 0.8656722682927006, 0.9235906463194217, 0.8878112240450433, 0.8962080492547095, 0.9046090543056236, 0.91474797934875, 0.8915656601702291, 0.8704724677233856, 0.8734983419704581, 0.8252381906265679, 0.9140103341496679, 0.8967639373660281, 0.9140936935795639, 0.8590696816025754, 0.7436651323842, 0.8381849578215085, 0.7972090527116569, 0.8036566926130465, 0.8418576624929891, 0.6687044007693237, 0.6914014758522778, 0.7514331652866799, 0.8226083083169412, 0.7007881126027211, 0.7245435782170593, 0.7804128496924753, 0.6970088944868125, 0.6970088944868125, 0.6970088944868125, 0.6970088944868125, 0.6970088944868125, 0.6970088944868125, 0.6970088944868125, 0.6970088944868125, 0.6970088944868125, 0.6970088944868125, 0.6970088944868125, 0.6970088944868125, 0.6970088944868125, 0.6970088944868125, 0.6970088944868125, 0.6970088944868125, 0.6970088944868125, 0.6970088944868125, 0.6970088944868125, 0.6970088944868125, 0.6970088944868125, 0.6970088944868125, 0.6970088944868125, 0.6970088944868125, 0.6970088944868125, 0.6970088944868125, 0.6970088944868125, 0.6970088944868125, 0.6970088944868125, 0.6970088944868125, 0.6970088944868126], [0.25887391732431575, 0.16965719678760083, 0.1521772420235381, 0.27032372522028225, 0.2116991774901088, 0.256076661427318, 0.3561382433507232, 0.3658065168901017, 0.017407568679841168, 0.31001206659578606, 0.23390173742925924, 0.40502244290844536, 0.29878506978443076, 0.3011310284317965, 1.0, 0.1834113402455273, 0.3271177706638049, 0.29492697075195884, 0.31079850610213255, 0.174148644416532, 0.1338178029668563, 0.26063203090202536, -0.000685590953244164, 0.17570676981805988, 0.09456789586270165, 0.19997693613328726, 0.10355056452888178, 0.0741010916704794, 0.12003549986859041, 0.14960439808672887, 0.19513578248918695, 0.289994279423601, 0.22867701851290234, 0.2587354503825139, 0.1582557045703783, 0.16964247314459246, 0.18068085894014696, 0.12436328903833815, 0.22543307035298765, 0.16685072991598027, 0.344989880411664, 0.1694476746906396, 0.26397834680690835, 0.27941258695173676, 0.22757768502116604, 0.3567759486006086, 0.3767588213642018, 0.1240338010937505, 0.07068989966788553, 0.01118376172668889, 0.3936799307647336, 0.17476006053681203, 0.17811272281323187, 0.07433178678179886, 0.028601339349486943, 0.11012885345877099, -0.015166848996029714, 0.03659807075106847, 0.05796780026278703, 0.19926464746812933, 0.10956624892982436, 0.20933689922802712, 0.03507100722834011, 0.03507100722834011, 0.03507100722834011, 0.03507100722834011, 0.03507100722834011, 0.03507100722834011, 0.03507100722834011, 0.03507100722834011, 0.03507100722834011, 0.03507100722834011, 0.03507100722834011, 0.03507100722834011, 0.03507100722834011, 0.03507100722834011, 0.03507100722834011, 0.03507100722834011, 0.03507100722834011, 0.03507100722834011, 0.03507100722834011, 0.03507100722834011, 0.03507100722834011, 0.03507100722834011, 0.03507100722834011, 0.03507100722834011, 0.03507100722834011, 0.03507100722834011, 0.03507100722834011, 0.03507100722834011, 0.03507100722834011, 0.03507100722834011, 0.03507100722834022], [0.9901547931909804, 0.9983476249289718, 0.9742677068866635, 0.9934275642672658, 0.990406428845656, 0.99638541489222, 0.9801526971810812, 0.9409455281595794, 0.23769292006072473, 0.9832842501493255, 0.9809202338550971, 0.9680739091013895, 0.9884975751282638, 0.9187935940247645, 0.1834113402455273, 1.0, 0.931538192663001, 0.99252647754265, 0.9759480643154766, 0.9961675331583414, 0.9929089821775866, 0.8780557965501646, 0.9480254008511894, 0.8870162541512272, 0.966440813382296, 0.9031336032629573, 0.45815586840668177, 0.9372439121531139, 0.9668297906954061, 0.9507319029096474, 0.9772196168093444, 0.9936043144654264, 0.9902681263352064, 0.9931417820248835, 0.9934474483062774, 0.9979862271251789, 0.992052838857491, 0.9960807084128777, 0.9877004994786721, 0.994898819509902, 0.9840505176253455, 0.9951443610556976, 0.9903291627393641, 0.9787166739600273, 0.9786136788015855, 0.9167104194656726, 0.9777154554484333, 0.9954698861607686, 0.989049215892566, 0.9421918572052734, 0.8802642270799793, 0.9800612537362536, 0.9625585774378668, 0.9678793004861669, 0.9750910043684037, 0.8685312612133832, 0.8898650557346901, 0.9252737934947926, 0.9584987379095333, 0.8941698179347093, 0.9314624077204497, 0.9320411550771314, 0.4388780792229583, 0.4388780792229583, 0.4388780792229583, 0.4388780792229583, 0.4388780792229583, 0.4388780792229583, 0.4388780792229583, 0.4388780792229583, 0.4388780792229583, 0.4388780792229583, 0.4388780792229583, 0.4388780792229583, 0.4388780792229583, 0.4388780792229583, 0.4388780792229583, 0.4388780792229583, 0.4388780792229583, 0.4388780792229583, 0.4388780792229583, 0.4388780792229583, 0.4388780792229583, 0.4388780792229583, 0.4388780792229583, 0.4388780792229583, 0.4388780792229583, 0.4388780792229583, 0.4388780792229583, 0.4388780792229583, 0.4388780792229583, 0.4388780792229583, 0.4388780792229583], [0.961098707805546, 0.9314050067268609, 0.8733072167001971, 0.9166926472769101, 0.8883338108946848, 0.9462146497530337, 0.9537507504939593, 0.9933655973171607, 0.20881101531865354, 0.9722584003263286, 0.9543958538019031, 0.960263533708155, 0.9131944361537461, 0.7758153761803314, 0.3271177706638049, 0.931538192663001, 1.0, 0.9530579993493206, 0.9757798557438876, 0.9197708041589422, 0.9453105595736697, 0.9852651600272856, 0.9304654147947375, 0.9724974034262648, 0.9503269575563095, 0.9737453468416505, 0.7195033298841573, 0.9652236662388286, 0.9463425944234246, 0.981280120006619, 0.9811276302720483, 0.9462567113852969, 0.9357872406934234, 0.9545529967400045, 0.9431806550992865, 0.9271610152013332, 0.9528951013483572, 0.9150330987354521, 0.970001354439304, 0.9197418913407672, 0.9578852202661368, 0.940705301257394, 0.944014694028146, 0.934724903640623, 0.9754012487299236, 0.9753630494569645, 0.9416553834205936, 0.9375007110248734, 0.9021768411994536, 0.8918160294936606, 0.9860107139114181, 0.9380809663757692, 0.9853983869394153, 0.9596435316137745, 0.9325426312345506, 0.9570906058061448, 0.9317831152352777, 0.9499285174351453, 0.9464056605599979, 0.9833875784852374, 0.9729761915550199, 0.9855882279500411, 0.11052083310024474, 0.11052083310024474, 0.11052083310024474, 0.11052083310024474, 0.11052083310024474, 0.11052083310024474, 0.11052083310024474, 0.11052083310024474, 0.11052083310024474, 0.11052083310024474, 0.11052083310024474, 0.11052083310024474, 0.11052083310024474, 0.11052083310024474, 0.11052083310024474, 0.11052083310024474, 0.11052083310024474, 0.11052083310024474, 0.11052083310024474, 0.11052083310024474, 0.11052083310024474, 0.11052083310024474, 0.11052083310024474, 0.11052083310024474, 0.11052083310024474, 0.11052083310024474, 0.11052083310024474, 0.11052083310024474, 0.11052083310024474, 0.11052083310024474, 0.11052083310024463], [0.9920380373075179, 0.9911324648041223, 0.9555213729165388, 0.9944114502059248, 0.9811014763908559, 0.9990658425021139, 0.9966340200074351, 0.9670025049919454, 0.2058970391583489, 0.9961834968158011, 0.97866246453956, 0.9913696290627413, 0.9934819169748711, 0.9231868285992468, 0.29492697075195884, 0.99252647754265, 0.9530579993493206, 1.0, 0.9911251388367757, 0.989348693133525, 0.9807767169896191, 0.8994873893405124, 0.9312175445597994, 0.8993909907228829, 0.9595574171591092, 0.9173936705128645, 0.4867650565601511, 0.9305417293114456, 0.9631072035223267, 0.9516490122059907, 0.979250813011653, 0.9983974350467748, 0.9854186984527229, 0.9944077656486899, 0.9877172532127665, 0.9872611304767307, 0.9848511081883605, 0.9832406552039202, 0.9915464785086038, 0.9825473544770768, 0.9962153715872496, 0.9899741054172145, 0.9904241356098519, 0.9789568450043087, 0.9850469681713283, 0.9463402378329343, 0.9917268117978995, 0.9842393396703135, 0.9711727651428746, 0.9272547176077338, 0.9164035252585816, 0.9697234483002776, 0.9635545867129799, 0.9556614997321171, 0.9565621188393812, 0.8745894918086715, 0.8780530713978758, 0.9164005813653537, 0.9480924466761218, 0.9070039409389232, 0.9265602114582439, 0.9434082686113735, 0.4056367530564202, 0.4056367530564202, 0.4056367530564202, 0.4056367530564202, 0.4056367530564202, 0.4056367530564202, 0.4056367530564202, 0.4056367530564202, 0.4056367530564202, 0.4056367530564202, 0.4056367530564202, 0.4056367530564202, 0.4056367530564202, 0.4056367530564202, 0.4056367530564202, 0.4056367530564202, 0.4056367530564202, 0.4056367530564202, 0.4056367530564202, 0.4056367530564202, 0.4056367530564202, 0.4056367530564202, 0.4056367530564202, 0.4056367530564202, 0.4056367530564202, 0.4056367530564202, 0.4056367530564202, 0.4056367530564202, 0.4056367530564202, 0.4056367530564202, 0.4056367530564202], [0.9795038853643029, 0.9795824487291545, 0.9137602796580324, 0.9729896943666001, 0.9477931728769519, 0.9887005993386121, 0.9934878249999681, 0.9897451906531021, 0.12617278215274697, 0.9987906262336059, 0.9620505984284029, 0.9921163196341838, 0.9739642243808848, 0.8924098850845567, 0.31079850610213255, 0.9759480643154766, 0.9757798557438876, 0.9911251388367757, 1.0, 0.9767438621221306, 0.9677274667970635, 0.9417823093445618, 0.9464334298854373, 0.9425064529701784, 0.9736402587165087, 0.9582305331293061, 0.5803159658545659, 0.9524159525108189, 0.9776931789921905, 0.9719556795085571, 0.9883971823431287, 0.9832168125065975, 0.9621184716083175, 0.979801694082405, 0.9845982923946497, 0.9657160770774973, 0.9712091892564213, 0.969300692589061, 0.9955250409041873, 0.9568937936377467, 0.9848813434974835, 0.9847365731014094, 0.9702490654227369, 0.953708957931692, 0.9958374235454811, 0.9806184532764585, 0.9744772282259762, 0.976281585753622, 0.9593171853835024, 0.9414665529119254, 0.9576845321291213, 0.9482780101570476, 0.9754100719792647, 0.961912191681199, 0.9580090635541063, 0.9197887751894436, 0.9115811848589207, 0.9430486488492645, 0.9636475361598705, 0.9446933318024763, 0.9427431638567111, 0.9741161020017812, 0.31075167648812596, 0.31075167648812596, 0.31075167648812596, 0.31075167648812596, 0.31075167648812596, 0.31075167648812596, 0.31075167648812596, 0.31075167648812596, 0.31075167648812596, 0.31075167648812596, 0.31075167648812596, 0.31075167648812596, 0.31075167648812596, 0.31075167648812596, 0.31075167648812596, 0.31075167648812596, 0.31075167648812596, 0.31075167648812596, 0.31075167648812596, 0.31075167648812596, 0.31075167648812596, 0.31075167648812596, 0.31075167648812596, 0.31075167648812596, 0.31075167648812596, 0.31075167648812596, 0.31075167648812596, 0.31075167648812596, 0.31075167648812596, 0.31075167648812596, 0.31075167648812607], [0.9769448224369298, 0.9990369341545322, 0.9554270023364444, 0.9912784832643702, 0.9835938996163938, 0.994563110681643, 0.9804519542384197, 0.9374918297834189, 0.15552718850871872, 0.9815203882132942, 0.9612192243865628, 0.9668799937133183, 0.9891074258096813, 0.9377304151213852, 0.174148644416532, 0.9961675331583414, 0.9197708041589422, 0.989348693133525, 0.9767438621221306, 1.0, 0.9822009115095811, 0.8701398521154873, 0.9519216741533795, 0.88593956949177, 0.9717666142197698, 0.9065450813125021, 0.44426631669553873, 0.9320456441647096, 0.9756195052562402, 0.9453156567789053, 0.971972851695895, 0.9865036242752648, 0.9747486549240097, 0.9816627210726151, 0.9960797643537257, 0.9890674061604894, 0.9788658251436889, 0.9984696458557857, 0.98696583334517, 0.9831755402573588, 0.9744622903290304, 0.9975977966231792, 0.9761797708351263, 0.958683345017638, 0.9795679542316824, 0.9237722115306733, 0.9671292219237975, 0.9945887480897568, 0.9943727903365407, 0.9598189175419221, 0.8770216853606403, 0.9593080207187942, 0.9517967991980378, 0.9600936738370914, 0.974836525894941, 0.8663014757389461, 0.8893201885429766, 0.9257097158724038, 0.9624768744609361, 0.8861001592299594, 0.9154643518219248, 0.9311482849934835, 0.46605510033969133, 0.46605510033969133, 0.46605510033969133, 0.46605510033969133, 0.46605510033969133, 0.46605510033969133, 0.46605510033969133, 0.46605510033969133, 0.46605510033969133, 0.46605510033969133, 0.46605510033969133, 0.46605510033969133, 0.46605510033969133, 0.46605510033969133, 0.46605510033969133, 0.46605510033969133, 0.46605510033969133, 0.46605510033969133, 0.46605510033969133, 0.46605510033969133, 0.46605510033969133, 0.46605510033969133, 0.46605510033969133, 0.46605510033969133, 0.46605510033969133, 0.46605510033969133, 0.46605510033969133, 0.46605510033969133, 0.46605510033969133, 0.46605510033969133, 0.46605510033969144], [0.9916584826301389, 0.9892994052813888, 0.974158739797678, 0.9751700000836802, 0.9756358803843679, 0.9849291635347424, 0.9626422920643053, 0.9415004775593354, 0.2986906602855549, 0.9749516273365618, 0.9900845742393787, 0.9509726366719894, 0.9656992722222061, 0.8655924629488531, 0.1338178029668563, 0.9929089821775866, 0.9453105595736697, 0.9807767169896191, 0.9677274667970635, 0.9822009115095811, 1.0, 0.902077796484556, 0.9615707223657974, 0.9090431246606275, 0.9708687527886953, 0.9166218408179659, 0.5252074191120686, 0.9605198998309971, 0.9653149403239617, 0.9681091288816399, 0.9851624542347206, 0.983682580833364, 0.9908822420856321, 0.9913389251900458, 0.9874020006256857, 0.9955483647544145, 0.9985682440108945, 0.9867890235861407, 0.9849716158476047, 0.9938967405417592, 0.9753584824508932, 0.9873567369757802, 0.9884023257455272, 0.9801884532473141, 0.9772872535017038, 0.9107564557323224, 0.964637061619959, 0.9936720808555329, 0.9809943771412903, 0.9368558986779846, 0.8882279767356486, 0.9921227614833564, 0.9800742061184565, 0.9860397258267363, 0.9844028242698761, 0.8977142326174742, 0.9196707796895364, 0.9466446314364034, 0.968010285571237, 0.9204158515454498, 0.9626409275159048, 0.9449737110050866, 0.3536711913321571, 0.3536711913321571, 0.3536711913321571, 0.3536711913321571, 0.3536711913321571, 0.3536711913321571, 0.3536711913321571, 0.3536711913321571, 0.3536711913321571, 0.3536711913321571, 0.3536711913321571, 0.3536711913321571, 0.3536711913321571, 0.3536711913321571, 0.3536711913321571, 0.3536711913321571, 0.3536711913321571, 0.3536711913321571, 0.3536711913321571, 0.3536711913321571, 0.3536711913321571, 0.3536711913321571, 0.3536711913321571, 0.3536711913321571, 0.3536711913321571, 0.3536711913321571, 0.3536711913321571, 0.3536711913321571, 0.3536711913321571, 0.3536711913321571, 0.3536711913321571], [0.9085694938966608, 0.8841431039824873, 0.7959509718946944, 0.8497053198212362, 0.8130382506929451, 0.8937225654452624, 0.9013648561646437, 0.9732266955408443, 0.12567621492820769, 0.9311900313396112, 0.9007476655936361, 0.9090551353140215, 0.8455478414226612, 0.6912371111765796, 0.26063203090202536, 0.8780557965501646, 0.9852651600272856, 0.8994873893405124, 0.9417823093445618, 0.8701398521154873, 0.902077796484556, 1.0, 0.9302792973551642, 0.9936075112680623, 0.9400274629658939, 0.9886646392191877, 0.8190526281817755, 0.9691718742749605, 0.9336679733151665, 0.9767421109848455, 0.9586532048373985, 0.8863621141867787, 0.8732872199960376, 0.899050978979741, 0.9067477355939149, 0.8700628975135102, 0.9055889557077865, 0.8683350123636504, 0.9374187542158013, 0.85861808549596, 0.8987851168284795, 0.9007649108339028, 0.8819974443849745, 0.8668649892241067, 0.9