"[[1.0, 0.19391447798285621, 0.2412943399963331, 0.23143892050361803, 0.13927533993106467, 0.2268230381049693, 0.20886254139449034, 0.1644323657031499, 0.29801644652886095, 0.2120446993254368, 0.2699251233988631, 0.2071005517105584, 0.16636495054114653, 0.15015156397335128, 0.11271805023988712, 0.23799196295979919, 0.09298542018711309, 0.17961038869323553, 0.13311779577643623, 0.13128178012611114, 0.15146121887792874, 0.14348166101465876, 0.06708159444846651, 0.17396257841304474, 0.1532059632494278, 0.15871422581408723, 0.10300176673430816, 0.12096806697717921, 0.14101396838025915, 0.13153910120154255, 0.08515440020012499, 0.05980611861806717, 0.10812131635410627, 0.21411265513320943, 0.13462531655866083, 0.17950139617310845, 0.23307545926746664, 0.1674611237653384, 0.1456275650774499, 0.18440283303888128, 0.1388325286355272, 0.1213245012420684, 0.13588635274779293, 0.15284398080123318, 0.0660183845737079, 0.06732319874834647, 0.21587253378210847, 0.07288924220285509, 0.18636764867780986, 0.07678908091121361, 0.10357247870586073, 0.1808400904444858, 0.10429863587636756, 0.11009170705694216, 0.1011482670240822, 0.09378215502322829, 0.08546305275984378, 0.10426758015782989, 0.13952571039884654, 0.12568310779989833], [0.19391447798285621, 1.0, 0.18726636693917176, 0.3891414979698582, 0.1450688332944694, 0.3034125495634492, 0.1988738046042019, 0.1441597682312431, 0.3109759500865126, 0.13806659969975643, 0.20751488327568202, 0.23972998969994652, 0.1659011784630643, 0.12056067163313455, 0.07904275087150603, 0.3155914701695621, 0.06487457406358732, 0.156801169428057, 0.10452807238094897, 0.08313646212927484, 0.09739193069881946, 0.09002255585058361, 0.10016924649393744, 0.08386388300854686, 0.13459011731161952, 0.10943458809381468, 0.06213420440161321, 0.0890014654962401, 0.1474214939632138, 0.08903244327210358, 0.0714285454449134, 0.038283690783277424, 0.09490991902684043, 0.13548439602287643, 0.10157586152565334, 0.1728480130859178, 0.15555272996854141, 0.14840961114589235, 0.09817020441334112, 0.14240769796806985, 0.1420669967067163, 0.13890771589124273, 0.11441686372499904, 0.17872886433592516, 0.09740837360896504, 0.07325913430490072, 0.18736177957777134, 0.05994458636742961, 0.1353886935916997, 0.04494704429962726, 0.1437761955097041, 0.1517767185755614, 0.08240900347113289, 0.09683880845908055, 0.10067557335953858, 0.09198485773632004, 0.09107827049304573, 0.12413690473278649, 0.1317890178580493, 0.11494171664493857], [0.2412943399963331, 0.18726636693917176, 1.0, 0.18095936523376888, 0.16957403255269332, 0.2048268090934332, 0.24080949797277462, 0.15387937118878692, 0.32502735514556513, 0.23875816214749035, 0.20626022972196978, 0.12899578543225854, 0.21366115285784804, 0.10792307915977983, 0.0709589372647067, 0.3132842791713033, 0.10691724584416573, 0.2677851937150263, 0.15542143737537928, 0.07637259398279861, 0.12402032244688321, 0.09188094434911831, 0.08374099737785512, 0.10518740454514619, 0.13130047375262144, 0.09117413057188206, 0.0938951939383652, 0.1258442732935281, 0.15572010366187694, 0.10946021041535825, 0.09355897492470278, 0.11733260759917474, 0.14971302183405077, 0.2856724940089267, 0.1355627007456499, 0.1319495907867151, 0.22568102922806244, 0.3133595719281461, 0.114745341483246, 0.15259867335553134, 0.23485038070012865, 0.1348554057574296, 0.19081372615905956, 0.25396560010828106, 0.070682894425671, 0.09471819219696131, 0.32529075366326676, 0.09637506811636576, 0.20620359027301993, 0.061713015663103166, 0.16682030671428616, 0.2748670814929015, 0.15322888777587274, 0.10688553795132671, 0.14985072928116383, 0.11417461879127166, 0.11412555803522295, 0.13815253596383303, 0.18726224305452188, 0.16363100109619477], [0.23143892050361803, 0.3891414979698582, 0.18095936523376888, 1.0, 0.12214620901488826, 0.38521408843017135, 0.1785508103863629, 0.13607706384185825, 0.33314101224748616, 0.1917606586197136, 0.2195220286394628, 0.24561382770069118, 0.1514527491926062, 0.10217225411174224, 0.05332825490696158, 0.3127620331174652, 0.09038885980094202, 0.12523378767709625, 0.09899261013516192, 0.0887164429553936, 0.13828401884587727, 0.143475095250579, 0.04693188075264376, 0.07568884593160963, 0.1012638120574928, 0.0775316472939176, 0.0987783207974331, 0.052993684529146656, 0.10072694440789409, 0.11163344481393589, 0.10757418469567948, 0.0297412010807937, 0.09424850734157175, 0.16404080276172517, 0.22916550857930917, 0.1341414833797192, 0.20170204683127224, 0.13801663685399568, 0.10072045228706294, 0.15165082266893504, 0.1029517697987884, 0.1222776448943057, 0.11867009836971831, 0.14277900436176494, 0.04879728867147726, 0.055746441134931324, 0.16980953352442785, 0.06094001031233154, 0.1201261158590996, 0.1167656965960131, 0.08489191641048632, 0.13833224139071643, 0.13197213397197438, 0.07909811106231601, 0.15873699422681464, 0.11811634040382746, 0.07717435783644322, 0.10889950056437991, 0.09426355011103171, 0.11180082705748329], [0.13927533993106467, 0.1450688332944694, 0.16957403255269332, 0.12214620901488826, 1.0, 0.1491223139164598, 0.60106381279801, 0.38687115402983263, 0.20144595639731178, 0.3771920153616035, 0.19133407262662094, 0.10529141411542675, 0.42107943467309505, 0.32813960088243244, 0.053955712210334905, 0.14764804197915682, 0.052700310068191314, 0.507999942284481, 0.12224021624949044, 0.2197274353625125, 0.12516230882956292, 0.08874433938031367, 0.09093243292113162, 0.10069151936777188, 0.10930696686753438, 0.1228933991894362, 0.08484759337324954, 0.11975354235262436, 0.1544212544667214, 0.10204650415184258, 0.08612751258690166, 0.08274497594953789, 0.11479643997188349, 0.13762265642608296, 0.3699637853057356, 0.11445357415859592, 0.19514611786615643, 0.13317522806320137, 0.13247436224364129, 0.17665193072359764, 0.14848583255032965, 0.13099423575862035, 0.14957414216960374, 0.2099240843630945, 0.07409243532704113, 0.12318553846229185, 0.2663059478583215, 0.04976587226034057, 0.1787993539978152, 0.06779027600772236, 0.10309943876836347, 0.19094037401009, 0.08438338962541636, 0.12843824261297077, 0.16770695602372565, 0.1377570238439645, 0.09591639008150343, 0.12816252613750512, 0.14249590377937849, 0.15636282758803044], [0.2268230381049693, 0.3034125495634492, 0.2048268090934332, 0.38521408843017135, 0.1491223139164598, 1.0, 0.17500938231927532, 0.1474772376439405, 0.32977872178806955, 0.2511241448991257, 0.21906310573923615, 0.2792736792446374, 0.23208952035720498, 0.16467622227130707, 0.10500961452910129, 0.33727999072111325, 0.07144516224793374, 0.1532475034094094, 0.09787045311888143, 0.1909283201057682, 0.1470082215843731, 0.11507731898919271, 0.08967426177932947, 0.1195201088296497, 0.11976819625865165, 0.08408282560885083, 0.09120725147557751, 0.11679466308031838, 0.1388133808966634, 0.11289771844093988, 0.08677160286051078, 0.0952926847570782, 0.07743387350349351, 0.17959579106810697, 0.14593213187178444, 0.16363055827092032, 0.1654834446843434, 0.170750697725069, 0.12003584094930153, 0.1767072789255857, 0.12872340203527421, 0.10934409099953979, 0.11963258539620092, 0.16621717749998077, 0.07421288146374927, 0.08050039562041245, 0.1872679062861946, 0.04304237242412334, 0.14791756419562896, 0.07914906443995773, 0.12882088233655442, 0.15953272292042975, 0.06870174468770196, 0.12436856233884552, 0.12070423898140625, 0.11964909587178685, 0.07439392298650105, 0.15262809608813677, 0.12209172331959128, 0.14808432369998858], [0.20886254139449034, 0.1988738046042019, 0.24080949797277462, 0.1785508103863629, 0.60106381279801, 0.17500938231927532, 1.0, 0.42147616507279073, 0.2248361589136716, 0.3602930101023756, 0.1758876715710268, 0.11489029686639995, 0.42785555292085387, 0.3666387348746043, 0.08547312616662295, 0.20902802032222345, 0.09496855692506057, 0.48348313573940527, 0.11600314743221851, 0.21839611907830436, 0.1630682300791011, 0.14035528212899373, 0.08884149630520333, 0.11124458117417124, 0.1185343015963245, 0.11918785521885111, 0.10232726788646529, 0.11612354750696152, 0.13266311426380772, 0.11723566497261995, 0.11471604737979668, 0.08947367541101636, 0.12976088361281946, 0.16351661465828438, 0.4063185630490571, 0.17777029018987733, 0.20777991850923416, 0.18641680694099683, 0.09450497766778965, 0.15049632488540032, 0.17684104321833805, 0.1511167733662675, 0.19162594431822588, 0.19276148540594118, 0.04374693812121899, 0.09833681733881894, 0.22700984221930842, 0.04781556035424761, 0.19197780730342073, 0.08669396669123453, 0.10789395130895596, 0.2237722980203255, 0.09978366419177631, 0.10488331919003446, 0.18659235090734227, 0.17718445852754205, 0.10123922446829958, 0.09324683724617844, 0.1472749572905807, 0.1409086112514324], [0.1644323657031499, 0.1441597682312431, 0.15387937118878692, 0.13607706384185825, 0.38687115402983263, 0.1474772376439405, 0.42147616507279073, 1.0, 0.1913752801624109, 0.332449537405636, 0.10383579125181563, 0.10979827069393155, 0.31210593878525406, 0.3523676282034376, 0.05968581654791538, 0.16799646986796601, 0.1330108366957754, 0.2884082765797211, 0.15047554090237658, 0.1940252568219505, 0.12263729812126645, 0.10459810170617823, 0.09158549705005559, 0.1210683131238307, 0.16052655615012612, 0.11162076967521573, 0.05355461893639091, 0.08998698166133612, 0.11037276622072623, 0.08923575537896589, 0.06931401922620095, 0.04956555767755355, 0.13570986194855084, 0.20732302001839875, 0.3646498978767101, 0.16133463422567618, 0.23271321941640533, 0.14671026075363525, 0.15810300539924538, 0.19665352705768613, 0.2225958721333583, 0.12472190636129354, 0.26784169185772533, 0.1377446973880354, 0.06609231188926867, 0.06462925774585493, 0.19493503206595864, 0.09114064970933855, 0.17108322526943143, 0.034603422762986, 0.0985635336256393, 0.218307040504234, 0.08668594763972914, 0.0999038636573153, 0.07827507114340326, 0.0907819246435172, 0.0707097199156489, 0.0703558940516189, 0.14199469215774385, 0.08297140563652039], [0.29801644652886095, 0.3109759500865126, 0.32502735514556513, 0.33314101224748616, 0.20144595639731178, 0.32977872178806955, 0.2248361589136716, 0.1913752801624109, 1.0, 0.312448471544424, 0.22626394351768764, 0.22949158245347423, 0.2344369412392049, 0.1530683470102715, 0.13058024462204543, 0.4393381876867307, 0.13285992389040557, 0.22540708128095388, 0.11197464462050344, 0.1244712738983752, 0.16241494352754993, 0.10257891389947782, 0.12437253378360746, 0.12961183111940677, 0.13466541879142924, 0.128882792175406, 0.08390992276424225, 0.15032767065201114, 0.15674014746435572, 0.1287242527910576, 0.10760011662723634, 0.077373390789924, 0.1406412370111082, 0.27373973483797864, 0.17398024695686654, 0.1870730888836598, 0.2692890301185418, 0.21885963635647687, 0.13716949623182573, 0.2079369073470193, 0.2163141151917991, 0.12550743703834355, 0.1981950446116474, 0.22057378534901817, 0.06030916630634575, 0.1048342996101912, 0.2844102065498446, 0.07730033540562875, 0.23543729233520871, 0.09010846309426979, 0.13420394143900916, 0.298546264171613, 0.12839086369526487, 0.1553390118243978, 0.16179144527602352, 0.12094656061636044, 0.10392307975105763, 0.18407941289758656, 0.19368597943011434, 0.15640226081806818], [0.2120446993254368, 0.13806659969975643, 0.23875816214749035, 0.1917606586197136, 0.3771920153616035, 0.2511241448991257, 0.3602930101023756, 0.332449537405636, 0.312448471544424, 1.0, 0.23418579281724872, 0.1919967332410426, 0.3348636406765304, 0.2835485547595926, 0.11004585146715906, 0.24798446298985732, 0.10319980957629382, 0.38489616660779347, 0.2001388270136305, 0.2783738868851944, 0.17483783707533385, 0.1121246824200921, 0.09404434004843965, 0.13042492494830282, 0.17270268653075616, 0.1289333045251868, 0.08621652387233958, 0.1267618161158789, 0.1357968204522827, 0.12500630447761207, 0.14406790978562434, 0.05474291188277347, 0.16257134281754226, 0.2702837376697992, 0.3257010533272735, 0.16600897095726985, 0.2638312066239852, 0.2297974909387248, 0.14637341336807264, 0.25988687096250396, 0.20858825784760882, 0.17901648932205283, 0.2796328785323108, 0.17021629765425472, 0.07047783406703523, 0.10043001888763126, 0.2960804644299292, 0.0854833568110821, 0.21464016875055114, 0.09262421914001884, 0.1575045193525927, 0.28481200963258313, 0.10759287123591144, 0.1565903886724639, 0.21907693714388565, 0.1950566599541389, 0.15409020578482147, 0.19101255883696866, 0.17890337700258363, 0.19157425440107767], [0.2699251233988631, 0.20751488327568202, 0.20626022972196978, 0.2195220286394628, 0.19133407262662094, 0.21906310573923615, 0.1758876715710268, 0.10383579125181563, 0.22626394351768764, 0.23418579281724872, 1.0, 0.1715708451385164, 0.19821664192933275, 0.10935578058420059, 0.05770599831940404, 0.22891233642504427, 0.05209639642119901, 0.19558568295745593, 0.0959838769750948, 0.07107403613242314, 0.1264629911210785, 0.08708014261305153, 0.07395444888329006, 0.11621620010498068, 0.10883695671027949, 0.10958286929989347, 0.08473021964853444, 0.08975916858082433, 0.17013872667550156, 0.10304265513219113, 0.1235968284076513, 0.030634303259038598, 0.12476290304232285, 0.158453460349802, 0.15781964597013232, 0.1484300522104025, 0.18546162322450732, 0.1810234870339179, 0.13692035167290628, 0.18788720271981962, 0.12128583204831, 0.13134063492974968, 0.15992579323678635, 0.18623331592945302, 0.08867855315662254, 0.12257340823398288, 0.26943996432856854, 0.07301534306237034, 0.15073574247306576, 0.07001274889031839, 0.10378229839306674, 0.16130170629052099, 0.09261266093797937, 0.1062569964310851, 0.12483065935019622, 0.0861701735902034, 0.10391889965667866, 0.11971071285793078, 0.0855397934941462, 0.12207385101281065], [0.2071005517105584, 0.23972998969994652, 0.12899578543225854, 0.24561382770069118, 0.10529141411542675, 0.2792736792446374, 0.11489029686639995, 0.10979827069393155, 0.22949158245347423, 0.1919967332410426, 0.1715708451385164, 1.0, 0.12334271081416759, 0.10749813486397652, 0.11312314629822628, 0.26420999619181806, 0.07791393810809188, 0.14479290083861618, 0.07918561430163684, 0.3122764865988932, 0.06871363946149978, 0.06365627219600234, 0.06481129982067624, 0.08624819981267995, 0.10122944705234449, 0.13667352736735894, 0.049366230356400864, 0.07024646628116604, 0.0848556739003119, 0.06515314226353697, 0.06003102774690572, 0.019917246299837266, 0.08738565151265765, 0.11187852716516677, 0.06847672513893821, 0.15637037126948505, 0.11368404458188575, 0.11237381478907671, 0.10014924321217233, 0.15967725230951446, 0.1752921102754743, 0.10924954049065305, 0.11910773755367132, 0.11115017989021014, 0.06196161885358353, 0.07053614157264732, 0.17832244907895145, 0.07920541132396053, 0.09862351884279308, 0.07146233388146384, 0.06345093880502406, 0.09493739197985274, 0.06524143074887223, 0.07409837724084944, 0.0724686184883756, 0.059028707757457055, 0.05576251681602373, 0.10538081399161403, 0.09263914906177106, 0.12131148284745685], [0.16636495054114653, 0.1659011784630643, 0.21366115285784804, 0.1514527491926062, 0.42107943467309505, 0.23208952035720498, 0.42785555292085387, 0.31210593878525406, 0.2344369412392049, 0.3348636406765304, 0.19821664192933275, 0.12334271081416759, 1.0, 0.309773348690524, 0.0878135361403436, 0.2779227167696713, 0.09713973168335299, 0.42652550785933907, 0.12058581374859145, 0.15554822695487336, 0.15831871336326886, 0.0996494158680522, 0.08332354455536672, 0.1288653616062163, 0.14597386380303612, 0.1286919813143098, 0.0786645323715246, 0.12445157964156017, 0.1659482331731571, 0.14744905943542397, 0.13714506495181333, 0.12423902857280478, 0.1624979085368199, 0.24707753178448466, 0.2859026001635667, 0.15170535979942068, 0.2280255954833037, 0.19340438277723604, 0.1674979443716067, 0.2051839455154265, 0.23475774315981968, 0.14507236404089774, 0.2477834974200691, 0.23210675998266028, 0.061970462532386916, 0.11420185018846629, 0.3123240672311607, 0.046899851573626083, 0.19060844304285118, 0.058249917892824854, 0.1451756626105266, 0.28250375384661064, 0.08739946025042478, 0.1592373033063691, 0.19133323565836613, 0.22216592892837972, 0.16356250251843274, 0.12415057704943755, 0.14322894431681066, 0.21291216173973848], [0.15015156397335128, 0.12056067163313455, 0.10792307915977983, 0.10217225411174224, 0.32813960088243244, 0.16467622227130707, 0.3666387348746043, 0.3523676282034376, 0.1530683470102715, 0.2835485547595926, 0.10935578058420059, 0.10749813486397652, 0.309773348690524, 1.0, 0.1263922863254624, 0.21425988206080993, 0.10153373669209609, 0.2772023697994499, 0.1511211177850872, 0.21217914824108963, 0.1528028275917519, 0.07483080039061918, 0.06590095989227773, 0.0903943513638159, 0.13743013331169218, 0.13257528161321286, 0.07259162759406534, 0.08448695403528728, 0.07319898305501327, 0.053158370319527304, 0.05911314796123546, 0.06544285630101421, 0.06705034478026028, 0.15661447187556876, 0.2541908484046864, 0.15421095220149683, 0.1759194226016636, 0.12468955267715987, 0.09631332325224806, 0.1252007813003122, 0.15531837719390595, 0.10165934153603051, 0.3106743091803601, 0.12590871370652867, 0.06362752547820172, 0.07698049265098617, 0.15757647607552516, 0.04777967860838728, 0.18962300906046536, 0.06478589661203893, 0.1015296302599652, 0.25195250631441235, 0.0596088888869285, 0.12139096931851245, 0.10851708425172713, 0.15570605164879525, 0.11978306428527441, 0.04294243152244448, 0.10801948025106778, 0.08838974976410707], [0.11271805023988712, 0.07904275087150603, 0.0709589372647067, 0.05332825490696158, 0.053955712210334905, 0.10500961452910129, 0.08547312616662295, 0.05968581654791538, 0.13058024462204543, 0.11004585146715906, 0.05770599831940404, 0.11312314629822628, 0.0878135361403436, 0.1263922863254624, 1.0, 0.08528710522729965, 0.050575702850133464, 0.08591918947816501, 0.06795280405975146, 0.11215120306975301, 0.08457716499747092, 0.05312953004851617, 0.059307462916844966, 0.10072369570020623, 0.0764906248036501, 0.10409564437802765, 0.07179727913692668, 0.067966453988203, 0.12598444900367833, 0.11006092341617169, 0.07619808236636838, 0.019784727308593264, 0.057745514952010746, 0.07783728108338561, 0.048293923927874016, 0.0751913448950845, 0.11925998655931003, 0.09145589192360604, 0.053331324698859595, 0.06375786726572596, 0.067111558769121, 0.06182703187505878, 0.06053348578648876, 0.0730116645854445, 0.09175557016826585, 0.07708870343701502, 0.07999585631254369, 0.056591136602932024, 0.08646264687173555, 0.051544937178992, 0.04050074583636143, 0.09253343501685096, 0.04734078242871942, 0.07530271506458541, 0.057050443548066765, 0.0540417335760528, 0.06742786169458193, 0.09449167462636254, 0.08898652948334651, 0.08888560367479936], [0.23799196295979919, 0.3155914701695621, 0.3132842791713033, 0.3127620331174652, 0.14764804197915682, 0.33727999072111325, 0.20902802032222345, 0.16799646986796601, 0.4393381876867307, 0.24798446298985732, 0.22891233642504427, 0.26420999619181806, 0.2779227167696713, 0.21425988206080993, 0.08528710522729965, 1.0, 0.10073754640798871, 0.20754369534589268, 0.13085100143978678, 0.0936344806048739, 0.1469689133824662, 0.07825177215850854, 0.10519551789680381, 0.1278415087070197, 0.13884189997196883, 0.170635181802135, 0.0800725773259896, 0.09449689672169415, 0.17967164444527495, 0.10664152165352825, 0.14036645428406336, 0.13991890600031875, 0.14825256943660736, 0.28660582339836127, 0.2174835387571672, 0.18286703128958182, 0.2489263994838431, 0.2211275847409877, 0.11708167138869607, 0.2153321332643935, 0.23929677508551106, 0.14666429860740038, 0.26681360620929584, 0.23077238207628037, 0.0656375330516269, 0.09333883542113841, 0.3252697910571616, 0.053131271025446014, 0.20748977269919355, 0.06870403969262828, 0.14777766793354008, 0.26940008299514107, 0.12077166222492297, 0.11318464321137212, 0.17767394721886254, 0.17366333358809505, 0.10574148823343832, 0.150441310247995, 0.22310332383921117, 0.13758318671381176], [0.09298542018711309, 0.06487457406358732, 0.10691724584416573, 0.09038885980094202, 0.052700310068191314, 0.07144516224793374, 0.09496855692506057, 0.1330108366957754, 0.13285992389040557, 0.10319980957629382, 0.05209639642119901, 0.07791393810809188, 0.09713973168335299, 0.10153373669209609, 0.050575702850133464, 0.10073754640798871, 1.0, 0.0777265760604069, 0.07480903408278827, 0.04741182710141367, 0.03295894949709721, 0.15919439948167624, 0.06913858611061263, 0.09488393305705611, 0.0787297669717052, 0.12943332878064484, 0.13594008956972226, 0.037676876629576084, 0.08488056419282464, 0.11419357239544292, 0.06574929312861211, 0.012984221640635063, 0.08786308077154625, 0.14519572602259312, 0.07438079258642549, 0.07066158144160117, 0.08849000956885056, 0.10655083662687193, 0.07449225728946252, 0.10293365777394348, 0.0867603074999701, 0.06673319037828818, 0.08393329693156171, 0.08408542841174271, 0.03495435060077823, 0.05077375472813328, 0.11269423140670598, 0.06398069957758312, 0.10621115046449181, 0.05330935285826899, 0.07526710433038741, 0.10262674444500686, 0.08409156140120178, 0.09810022601153989, 0.055198747211376076, 0.08339118459035744, 0.04857473128638168, 0.07534845445520011, 0.06291147757303117, 0.06432447073928205], [0.17961038869323553, 0.156801169428057, 0.2677851937150263, 0.12523378767709625, 0.507999942284481, 0.1532475034094094, 0.48348313573940527, 0.2884082765797211, 0.22540708128095388, 0.38489616660779347, 0.19558568295745593, 0.14479290083861618, 0.42652550785933907, 0.2772023697994499, 0.08591918947816501, 0.20754369534589268, 0.0777265760604069, 1.0, 0.10958698585411597, 0.14419165811289836, 0.12973889592051435, 0.071816288999346, 0.05700896961439739, 0.11527463710309926, 0.1232964189196597, 0.1218952055124698, 0.06955518584185005, 0.11837208606408867, 0.16412229984740556, 0.08515233976096104, 0.09411202283117948, 0.14701837989373046, 0.15412083794113396, 0.28292177503889393, 0.31515676876002197, 0.13767475590942646, 0.2551491299784565, 0.19807209630797562, 0.14355657515253673, 0.2454406685892192, 0.22763600217875013, 0.1341842382496674, 0.17194409935846755, 0.2393377627283303, 0.046149939556190844, 0.09210449307192792, 0.27567777751272793, 0.071027270962855, 0.25666981409357015, 0.053699394473968876, 0.08322267426300478, 0.24479147816705793, 0.12463439789008068, 0.11450891769508031, 0.1425391190102625, 0.14668549633765604, 0.1094516348232708, 0.12085261815297688, 0.12120655607081232, 0.1928001565674612], [0.13311779577643623, 0.10452807238094897, 0.15542143737537928, 0.09899261013516192, 0.12224021624949044, 0.09787045311888143, 0.11600314743221851, 0.15047554090237658, 0.11197464462050344, 0.2001388270136305, 0.0959838769750948, 0.07918561430163684, 0.12058581374859145, 0.1511211177850872, 0.06795280405975146, 0.13085100143978678, 0.07480903408278827, 0.10958698585411597, 1.0, 0.1548584295371831, 0.09619469314433504, 0.10760847859087008, 0.07856523531199588, 0.11562927043550375, 0.13560669641639733, 0.09414911039392693, 0.06644575579339373, 0.08571004324341192, 0.09660535353839617, 0.08630771464696574, 0.09267601190359298, 0.019697706688480143, 0.14584098977646154, 0.1479681062148398, 0.13604600167261371, 0.1427634553688908, 0.1560055347789454, 0.18458699433239145, 0.1254563066670077, 0.1605813594328429, 0.1465318675056334, 0.17239408699658199, 0.1926329361508634, 0.15277920982835047, 0.09241967069838541, 0.06696055808322365, 0.18373531668966903, 0.04565573995463457, 0.13789739467948858, 0.06476641851489384, 0.13241083527864195, 0.1880733414624579, 0.07021278288379729, 0.09682429200171516, 0.07583891792426256, 0.09105761165293191, 0.17651614732241339, 0.1260648653857177, 0.18484154891078508, 0.14475113824749486], [0.13128178012611114, 0.08313646212927484, 0.07637259398279861, 0.0887164429553936, 0.2197274353625125, 0.1909283201057682, 0.21839611907830436, 0.1940252568219505, 0.1244712738983752, 0.2783738868851944, 0.07107403613242314, 0.3122764865988932, 0.15554822695487336, 0.21217914824108963, 0.11215120306975301, 0.0936344806048739, 0.04741182710141367, 0.14419165811289836, 0.1548584295371831, 1.0, 0.0644988901364737, 0.05415218060420657, 0.07433433242828358, 0.08395665017321496, 0.1287281751652648, 0.140462008277227, 0.056084771612791906, 0.10611106872373743, 0.08574651545164025, 0.058870335929555595, 0.06301648372973523, 0.018905498706121016, 0.09981995140971112, 0.06431377910863878, 0.1567864567259264, 0.07191977261259075, 0.10106836386729012, 0.0947628853018585, 0.09353420371638133, 0.17855274861803871, 0.0726899817113672, 0.057475532204432245, 0.11677803151020028, 0.09680793238991714, 0.03292302594903218, 0.06059013904817612, 0.11017860619323305, 0.04051918805810195, 0.07894211895108028, 0.04103071711468265, 0.07668782813204533, 0.10927570611414039, 0.0447567955533158, 0.07127343755736715, 0.0784987136841998, 0.0722257668362356, 0.05345149379682057, 0.07087316033197344, 0.10501956820174418, 0.12943975959569443], [0.15146121887792874, 0.09739193069881946, 0.12402032244688321, 0.13828401884587727, 0.12516230882956292, 0.1470082215843731, 0.1630682300791011, 0.12263729812126645, 0.16241494352754993, 0.17483783707533385, 0.1264629911210785, 0.06871363946149978, 0.15831871336326886, 0.1528028275917519, 0.08457716499747092, 0.1469689133824662, 0.03295894949709721, 0.12973889592051435, 0.09619469314433504, 0.0644988901364737, 1.0, 0.06299071000886447, 0.13126892239481036, 0.14393983947294198, 0.11916996356818266, 0.07319745401781708, 0.1662051239942821, 0.08560367720750128, 0.3372923820396547, 0.2071546666330012, 0.1543233739997556, 0.284439353889963, 0.11808913571516133, 0.1331506574821838, 0.22880848909536555, 0.13009142768902882, 0.2688645928034118, 0.23429735409646546, 0.07895865920802325, 0.1299470589884053, 0.20528722509489783, 0.0924628057359036, 0.16808877978521863, 0.15248370368332753, 0.03863141577783247, 0.04280784054870179, 0.1936930745628076, 0.032248815476837334, 0.15473405570596743, 0.02291792918253266, 0.06951703076647786, 0.25176773005884967, 0.03899080220838613, 0.06116633331222798, 0.08682955873379838, 0.06590648839965796, 0.06269534753536443, 0.056003791258519287, 0.05970608939569322, 0.07577147722407518], [0.14348166101465876, 0.09002255585058361, 0.09188094434911831, 0.143475095250579, 0.08874433938031367, 0.11507731898919271, 0.14035528212899373, 0.10459810170617823, 0.10257891389947782, 0.1121246824200921, 0.08708014261305153, 0.06365627219600234, 0.0996494158680522, 0.07483080039061918, 0.05312953004851617, 0.07825177215850854, 0.15919439948167624, 0.071816288999346, 0.10760847859087008, 0.05415218060420657, 0.06299071000886447, 1.0, 0.10018059070680074, 0.14453167914100207, 0.13086166371682295, 0.06282389875973093, 0.17769881050526903, 0.1047566423987667, 0.09430147355156449, 0.1945973511359611, 0.12442982004631054, 0.14754425025528883, 0.10478532482478864, 0.11522066607767711, 0.12072674319458465, 0.10009556821331445, 0.12422215613420529, 0.11947502583526792, 0.11582510139400326, 0.16789274975767599, 0.06610380677078742, 0.08530094541668831, 0.1211515902046556, 0.09482674639889366, 0.08081997265636565, 0.06777928597727834, 0.120960023461822, 0.08837371315648301, 0.08131333522926043, 0.08810490444725627, 0.08254434323935889, 0.09817223728640156, 0.10044256919596084, 0.09461174187291521, 0.14127849603015075, 0.12345022958328344, 0.06269733854901904, 0.09206532020339553, 0.08752711460020612, 0.10886020037812816], [0.06708159444846651, 0.10016924649393744, 0.08374099737785512, 0.04693188075264376, 0.09093243292113162, 0.08967426177932947, 0.08884149630520333, 0.09158549705005559, 0.12437253378360746, 0.09404434004843965, 0.07395444888329006, 0.06481129982067624, 0.08332354455536672, 0.06590095989227773, 0.059307462916844966, 0.10519551789680381, 0.06913858611061263, 0.05700896961439739, 0.07856523531199588, 0.07433433242828358, 0.13126892239481036, 0.10018059070680074, 1.0, 0.09342080288758459, 0.11373224823953088, 0.1343039920795407, 0.13868519455480932, 0.13422315182331446, 0.1663553884864677, 0.13447776194892458, 0.11960764347290198, 0.0296539190975601, 0.16226324983424167, 0.10565657967552544, 0.09011361447861954, 0.09608398133143514, 0.0955907829932785, 0.12108264702775051, 0.06434052080247932, 0.1280557931559001, 0.07242808595881223, 0.07877714740404618, 0.10148231740060487, 0.10364530897250657, 0.07377494941146745, 0.05613420914809153, 0.08929439425071717, 0.08959644288093671, 0.0882284533389952, 0.04130751704417768, 0.07590909384917022, 0.09702255264835336, 0.05529674568239884, 0.12374854028470994, 0.08010710106160512, 0.06649149126354326, 0.07457615466233003, 0.07252941336806273, 0.10616636377021993, 0.06076287252970303], [0.17396257841304474, 0.08386388300854686, 0.10518740454514619, 0.07568884593160963, 0.10069151936777188, 0.1195201088296497, 0.11124458117417124, 0.1210683131238307, 0.12961183111940677, 0.13042492494830282, 0.11621620010498068, 0.08624819981267995, 0.1288653616062163, 0.0903943513638159, 0.10072369570020623, 0.1278415087070197, 0.09488393305705611, 0.11527463710309926, 0.11562927043550375, 0.08395665017321496, 0.14393983947294198, 0.14453167914100207, 0.09342080288758459, 1.0, 0.1851838299691556, 0.13731581843838492, 0.11950052467805028, 0.14907906329131015, 0.21467715849278157, 0.11299721674623064, 0.1136329023385716, 0.05520287339424368, 0.11048266790951178, 0.1417483506259528, 0.1319895306985277, 0.1389930867207645, 0.20776280051472296, 0.1664470286563573, 0.13790201976757566, 0.1658229325776147, 0.1110463405310238, 0.13463630788296066, 0.1454920950194697, 0.14868377450879167, 0.05869528588156403, 0.0734145454593188, 0.16548343023931666, 0.09524503325595746, 0.13153511657554917, 0.06029344282168092, 0.10768123488635029, 0.1759459714704017, 0.10165807830546458, 0.1398401233894111, 0.10770540977581189, 0.08456516912187872, 0.0969056971443153, 0.12113229939227743, 0.09831896607953261, 0.0874664028536275], [0.1532059632494278, 0.13459011731161952, 0.13130047375262144, 0.1012638120574928, 0.10930696686753438, 0.11976819625865165, 0.1185343015963245, 0.16052655615012612, 0.13466541879142924, 0.17270268653075616, 0.10883695671027949, 0.10122944705234449, 0.14597386380303612, 0.13743013331169218, 0.0764906248036501, 0.13884189997196883, 0.0787297669717052, 0.1232964189196597, 0.13560669641639733, 0.1287281751652648, 0.11916996356818266, 0.13086166371682295, 0.11373224823953088, 0.1851838299691556, 1.0, 0.173206923011736, 0.1025236794899671, 0.14906819923031867, 0.16042990550259373, 0.13655589349516073, 0.15720223632132402, 0.029892527936153268, 0.1501484524337079, 0.12606533170864664, 0.1690606006990456, 0.1257618680216993, 0.16107444472592802, 0.1779098882956056, 0.1435964776417571, 0.17121968020217626, 0.15153773810835602, 0.1760983372091518, 0.1738672091429162, 0.13565674826718344, 0.05508151625256308, 0.06441826294647313, 0.17944899709226025, 0.08901650993305643, 0.13106757247411172, 0.0488061129351417, 0.15264999660348666, 0.16835674545276524, 0.08982236465716786, 0.13151006228545747, 0.07099452729143063, 0.13454233058414644, 0.0825299958550263, 0.09939082553955148, 0.10853233943155305, 0.11227543789283134], [0.15871422581408723, 0.10943458809381468, 0.09117413057188206, 0.0775316472939176, 0.1228933991894362, 0.08408282560885083, 0.11918785521885111, 0.11162076967521573, 0.128882792175406, 0.1289333045251868, 0.10958286929989347, 0.13667352736735894, 0.1286919813143098, 0.13257528161321286, 0.10409564437802765, 0.170635181802135, 0.12943332878064484, 0.1218952055124698, 0.09414911039392693, 0.140462008277227, 0.07319745401781708, 0.06282389875973093, 0.1343039920795407, 0.13731581843838492, 0.173206923011736, 1.0, 0.12229124033139627, 0.1349639599247492, 0.15403302950523423, 0.14203696885028638, 0.14665533830447097, 0.019611751217319395, 0.1499517198654433, 0.11500607309972, 0.11240187112489752, 0.18183774053500734, 0.18778868183261377, 0.14834682180657233, 0.15068663375795244, 0.10625534844307394, 0.14361514470442505, 0.1254671445832971, 0.11622461288454522, 0.1267317516377945, 0.07792944959426529, 0.12661549516005732, 0.17814740000449814, 0.0748424235121723, 0.1253212981734807, 0.05223154558777798, 0.10290182330165876, 0.16502902755351978, 0.11466587293023855, 0.11345016145506936, 0.06890584809726652, 0.07994385325956144, 0.089011894710735, 0.1197158991006333, 0.1392192033193398, 0.1628626537637563], [0.10300176673430816, 0.06213420440161321, 0.0938951939383652, 0.0987783207974331, 0.08484759337324954, 0.09120725147557751, 0.10232726788646529, 0.05355461893639091, 0.08390992276424225, 0.08621652387233958, 0.08473021964853444, 0.049366230356400864, 0.0786645323715246, 0.07259162759406534, 0.07179727913692668, 0.0800725773259896, 0.13594008956972226, 0.06955518584185005, 0.06644575579339373, 0.056084771612791906, 0.1662051239942821, 0.17769881050526903, 0.13868519455480932, 0.11950052467805028, 0.1025236794899671, 0.12229124033139627, 1.0, 0.12171219401727373, 0.1380424336578725, 0.18162836459782428, 0.1998250024522037, 0.05533862198551309, 0.1281532630567247, 0.07799435791997267, 0.10582734865689969, 0.09767647930203416, 0.07490831487324501, 0.12744867630814238, 0.06153806979139609, 0.12367923683394233, 0.04901382258842035, 0.05663859532993443, 0.07744058276540722, 0.10139056421313408, 0.07699557341740504, 0.06186833867628683, 0.10126654156012871, 0.05706277453473241, 0.06226212323354785, 0.11625904144697519, 0.06125842248255453, 0.07474202018023868, 0.1363063734355372, 0.07487747705222503, 0.1324471461414951, 0.14139695274129294, 0.05839192365804469, 0.06908700510924493, 0.07647904464182476, 0.10104410425159649], [0.12096806697717921, 0.0890014654962401, 0.1258442732935281, 0.052993684529146656, 0.11975354235262436, 0.11679466308031838, 0.11612354750696152, 0.08998698166133612, 0.15032767065201114, 0.1267618161158789, 0.08975916858082433, 0.07024646628116604, 0.12445157964156017, 0.08448695403528728, 0.067966453988203, 0.09449689672169415, 0.037676876629576084, 0.11837208606408867, 0.08571004324341192, 0.10611106872373743, 0.08560367720750128, 0.1047566423987667, 0.13422315182331446, 0.14907906329131015, 0.14906819923031867, 0.1349639599247492, 0.12171219401727373, 1.0, 0.15239540955025344, 0.13898200920560577, 0.09335883268255396, 0.02993803164735742, 0.13968543088545193, 0.1377555325356472, 0.10054990888746085, 0.11447982485780428, 0.13635092664150583, 0.16872951988274665, 0.12635010632294785, 0.14384185541416272, 0.09898378292972176, 0.10512362806469877, 0.11746116287784014, 0.14321424310515607, 0.06979018150896732, 0.09562325404406957, 0.16271880602868705, 0.12313933555907741, 0.11517623452096026, 0.09923502458645939, 0.1405737871499, 0.18194946193086303, 0.10081763964045032, 0.1461382008730645, 0.10730294064592794, 0.09820512891389055, 0.07359985742603214, 0.10830076474920247, 0.0947395306190032, 0.13041707571878414], [0.14101396838025915, 0.1474214939632138, 0.15572010366187694, 0.10072694440789409, 0.1544212544667214, 0.1388133808966634, 0.13266311426380772, 0.11037276622072623, 0.15674014746435572, 0.1357968204522827, 0.17013872667550156, 0.0848556739003119, 0.1659482331731571, 0.07319898305501327, 0.12598444900367833, 0.17967164444527495, 0.08488056419282464, 0.16412229984740556, 0.09660535353839617, 0.08574651545164025, 0.3372923820396547, 0.09430147355156449, 0.1663553884864677, 0.21467715849278157, 0.16042990550259373, 0.15403302950523423, 0.1380424336578725, 0.15239540955025344, 1.0, 0.21308633746690642, 0.2353965452603941, 0.09267125842028345, 0.1835779840050049, 0.12248368996065606, 0.15597391010994088, 0.119055900187237, 0.24902969724579227, 0.2789800043424242, 0.15820062786482514, 0.22290013022420485, 0.18871091886060132, 0.12445239973998556, 0.14846926028128382, 0.23687812722108292, 0.09637766612548959, 0.10614220649397188, 0.25340924654528196, 0.03664932212483618, 0.1504386213526624, 0.058379937979425534, 0.12623190338284618, 0.2574674264520127, 0.08035741932370088, 0.11266422505816398, 0.1325494564019265, 0.09900704541315342, 0.12547093469271242, 0.15004547491114673, 0.11682180076761073, 0.10421332395778438], [0.13153910120154255, 0.08903244327210358, 0.10946021041535825, 0.11163344481393589, 0.10204650415184258, 0.11289771844093988, 0.11723566497261995, 0.08923575537896589, 0.1287242527910576, 0.12500630447761207, 0.10304265513219113, 0.06515314226353697, 0.14744905943542397, 0.053158370319527304, 0.11006092341617169, 0.10664152165352825, 0.11419357239544292, 0.08515233976096104, 0.08630771464696574, 0.058870335929555595, 0.2071546666330012, 0.1945973511359611, 0.13447776194892458, 0.11299721674623064, 0.13655589349516073, 0.14203696885028638, 0.18162836459782428, 0.13898200920560577, 0.21308633746690642, 1.0, 0.19839206243442786, 0.0630961085414079, 0.15608269497429972, 0.08760893201208741, 0.14123668185648353, 0.11624956088664185, 0.12796839095049084, 0.15052863822185747, 0.10503445378212661, 0.13550872516352197, 0.07100840117860785, 0.10759239218750727, 0.07538958464529855, 0.12356890511763519, 0.06867984812617722, 0.08364115969025976, 0.14189812124569356, 0.12333264692525225, 0.06558749990096757, 0.09638332799124283, 0.09856314149690393, 0.12723007023301292, 0.11064229661095581, 0.11177484943796345, 0.10625288061919602, 0.08671986399699327, 0.07474272294209705, 0.08649452910068456, 0.09024755675100637, 0.12583234522787312], [0.08515440020012499, 0.0714285454449134, 0.09355897492470278, 0.10757418469567948, 0.08612751258690166, 0.08677160286051078, 0.11471604737979668, 0.06931401922620095, 0.10760011662723634, 0.14406790978562434, 0.1235968284076513, 0.06003102774690572, 0.13714506495181333, 0.05911314796123546, 0.07619808236636838, 0.14036645428406336, 0.06574929312861211, 0.09411202283117948, 0.09267601190359298, 0.06301648372973523, 0.1543233739997556, 0.12442982004631054, 0.11960764347290198, 0.1136329023385716, 0.15720223632132402, 0.14665533830447097, 0.1998250024522037, 0.09335883268255396, 0.2353965452603941, 0.19839206243442786, 1.0, 0.09383803504492882, 0.16274823857411136, 0.13485145617045335, 0.16117384667633183, 0.10793428812912553, 0.1395070703250174, 0.16963302771162725, 0.1341546087668113, 0.1567402859509609, 0.08008959283892647, 0.10248632388315371, 0.11043132800191557, 0.12076741661104418, 0.08961403148258273, 0.0782870873502628, 0.16690588803331674, 0.060159689621474555, 0.0915000022784056, 0.10767835221666633, 0.09648889004373074, 0.11691251688923976, 0.12246728209652191, 0.0931641829730745, 0.16129737716408654, 0.09913104304335807, 0.06736984449137251, 0.10273862217744945, 0.057330697461096425, 0.09201884628339652], [0.05980611861806717, 0.038283690783277424, 0.11733260759917474, 0.0297412010807937, 0.08274497594953789, 0.0952926847570782, 0.08947367541101636, 0.04956555767755355, 0.077373390789924, 0.05474291188277347, 0.030634303259038598, 0.019917246299837266, 0.12423902857280478, 0.06544285630101421, 0.019784727308593264, 0.13991890600031875, 0.012984221640635063, 0.14701837989373046, 0.019697706688480143, 0.018905498706121016, 0.284439353889963, 0.14754425025528883, 0.0296539190975601, 0.05520287339424368, 0.029892527936153268, 0.019611751217319395, 0.05533862198551309, 0.02993803164735742, 0.09267125842028345, 0.0630961085414079, 0.09383803504492882, 1.0, 0.015826203464511357, 0.224159872388908, 0.13319490422937086, 0.023496484464086365, 0.1114343641995208, 0.1009458339931899, 0.014643357035036275, 0.10608117317973331, 0.126607230048153, 0.03168181258784886, 0.08071924344195314, 0.08113658968594917, 0.001998002544741584, 0.006842151673949304, 0.10292290404350835, 0.0020898682837509064, 0.08314280845546496, 0.005193847911734717, 0.012799281683936514, 0.11363352665317128, 0.007492085414794847, 0.005830053888126074, 0.012933606322260038, 0.07819834372605905, 0.0064214177965578045, 0.006351590769095861, 0.029740516236597014, 0.039088788838643196], [0.10812131635410627, 0.09490991902684043, 0.14971302183405077, 0.09424850734157175, 0.11479643997188349, 0.07743387350349351, 0.12976088361281946, 0.13570986194855084, 0.1406412370111082, 0.16257134281754226, 0.12476290304232285, 0.08738565151265765, 0.1624979085368199, 0.06705034478026028, 0.057745514952010746, 0.14825256943660736, 0.08786308077154625, 0.15412083794113396, 0.14584098977646154, 0.09981995140971112, 0.11808913571516133, 0.10478532482478864, 0.16226324983424167, 0.11048266790951178, 0.1501484524337079, 0.1499517198654433, 0.1281532630567247, 0.13968543