"[[1.0, 0.931177188875884, 0.8536292130151177, 0.9076018364408927, 0.8514914494471733, 0.879440866961811, 0.882001454075636, 0.835260313219572, 0.8918442848789256, 0.8790933076005167, 0.8979391117622374, 0.8695458689986332, 0.8662534057938993, 0.815140889439486, 0.7776214018627947, 0.8777863746181802, 0.7552014235903579, 0.8424695839370575, 0.858190771483292, 0.8768690283052039, 0.8477564309660302, 0.8686229245962713, 0.8443692841764315, 0.8592493418529887, 0.8611505837731772, 0.879354798692775, 0.8409888879152114, 0.8543550956958397, 0.8184186066576191, 0.8283878229737565, 0.8230035662763401, 0.8664082971570779, 0.845434107807161, 0.8865071840036276, 0.8784907176815162, 0.873489882830698, 0.8889182025159378, 0.858765301609206, 0.8227980830770514, 0.8817782099775293, 0.8629316288297646, 0.9069011558180615, 0.8131681099844486, 0.8578073141147151, 0.8392513619937813, 0.8364734477860549, 0.8853511733271158, 0.845556010821314, 0.8177927147865252, 0.8167491422864779, 0.8182920372546214, 0.9022799592025867, 0.8459893338934721, 0.8888467282917654, 0.8096535868890152, 0.8113189315803244, 0.8578430475673267, 0.8501839350034995, 0.8279797002625817, 0.8542112646075974, 0.8489311781750192, 0.8481151347093088, 0.881880660473839, 0.8807347733819009, 0.8824787463895227, 0.8621927182659648, 0.8593624926780843, 0.9044139314506954, 0.8466773419558673, 0.8601818424948917, 0.8928727480292445, 0.8957228996278952, 0.861070056419923, 0.8370350360360619, 0.8817724798760394, 0.8119245660761878, 0.8424212377757054, 0.8721659691660704, 0.867741534263716, 0.8653145072720686, 0.8775527502120946, 0.8637978923687412, 0.8703419511149892, 0.8604084278156499, 0.8535942157706192, 0.8471077435024896, 0.8335636138292013, 0.8530023465564727, 0.851042104128412, 0.8354661967281927, 0.8654655925444654, 0.8709411196491419, 0.8194217489643092], [0.931177188875884, 1.0, 0.821992204821427, 0.894354339504492, 0.8583491181226208, 0.8648534684901862, 0.860027861030773, 0.7937905551700023, 0.8623373361976299, 0.8234349316106915, 0.8534010548373956, 0.8646574310558519, 0.8376570691612821, 0.8090421803935399, 0.7755649912603152, 0.8692265912875012, 0.740694442431529, 0.817445003959401, 0.781739619570966, 0.8189623061215572, 0.7908213689565935, 0.805682055702198, 0.8243252219292321, 0.818598753472305, 0.8419747322929366, 0.8545832785120315, 0.8118431157619683, 0.8258138594992654, 0.7847649051885086, 0.8030731818007566, 0.7882570831273454, 0.8313843595652619, 0.8347014170670823, 0.8521261409002026, 0.8498159495298125, 0.8497554209303082, 0.8577758715324807, 0.8381487861726351, 0.8017037508824814, 0.830236464063719, 0.8435681622386487, 0.8417395720418455, 0.8394126441050129, 0.8432529840352545, 0.7601727538159313, 0.7896400936947173, 0.8189094053096913, 0.7605396176839281, 0.8175039948007221, 0.8030002219285757, 0.7487165037211054, 0.8515489471939138, 0.8046145213240259, 0.8708008050625669, 0.7820219035793747, 0.7827900088219186, 0.8176114868954959, 0.7792672160430533, 0.7976212607739226, 0.8426368403204718, 0.8158565819975249, 0.8112469263486507, 0.8678214549893977, 0.8690898322967435, 0.8558937104444255, 0.8476796652380576, 0.8377302196347906, 0.8617722866313973, 0.7908179198718315, 0.8497118777773585, 0.8328150568557644, 0.8346917100007067, 0.8307962700325096, 0.8214465170822188, 0.8256902906301585, 0.8063313667420853, 0.8358615801881457, 0.8803321176108188, 0.8473293660703582, 0.7929824672700818, 0.8292181351759507, 0.8006227751840882, 0.8240916335431285, 0.8083178666239805, 0.8502518537473497, 0.8210422973414635, 0.8418815254108618, 0.8013057724290702, 0.8468173310520511, 0.860774141793625, 0.8596455777813574, 0.8409110498881095, 0.7862076584600698], [0.8536292130151177, 0.821992204821427, 1.0, 0.8179635453304319, 0.8536400913358811, 0.9084156644254524, 0.8546507459637976, 0.871433700678757, 0.9142722003778407, 0.8487316412434962, 0.8580676274585699, 0.8525744885010449, 0.8502795138323409, 0.7699300925107766, 0.7896389171093738, 0.9317687168619769, 0.7544956799054425, 0.8940588240506744, 0.8274123549803033, 0.7909598091324026, 0.8581718573356198, 0.8531772487757288, 0.8656325728706176, 0.7815386539972522, 0.8539211419642252, 0.8200438208927678, 0.7370861759790903, 0.8165316755477268, 0.7932318496173669, 0.7875418758951371, 0.8169051358510999, 0.8750596213911919, 0.8286904189736974, 0.8529012575388787, 0.8291751895118765, 0.8742907036299621, 0.8488519649432984, 0.8303673956977313, 0.8144515108598636, 0.8178696273933497, 0.8060187279376438, 0.8594290906118637, 0.8048621046754199, 0.8617052070720621, 0.7882975802095679, 0.8325007143066587, 0.8508799743362166, 0.8093064868710771, 0.8070679670095336, 0.8117600417443351, 0.8140385563653427, 0.8639510064498552, 0.7943829700629358, 0.7979086563019033, 0.8290111753547688, 0.7726891779520089, 0.7948588203581894, 0.7857846376070954, 0.8249179666555481, 0.7739042351719801, 0.7818602662941314, 0.800464429125529, 0.8271194634216057, 0.8693194929363927, 0.8695340236590134, 0.9062316821320151, 0.8807543232661383, 0.8628221334015179, 0.835008395799151, 0.8632245505095676, 0.8822109998289706, 0.8705631403900737, 0.8590281097782297, 0.7797157249684245, 0.8502290821225664, 0.8252466361461237, 0.8568119422176537, 0.8573562519679587, 0.8812730830490659, 0.8191705226412016, 0.8615225198354113, 0.8879380820817397, 0.8540316490053366, 0.8643387827600147, 0.8611083953311209, 0.8561007116986827, 0.846131670696222, 0.8177849895179217, 0.8084337007625378, 0.8417324462530615, 0.8217552832861059, 0.8443247938835816, 0.8638462971976764], [0.9076018364408927, 0.894354339504492, 0.8179635453304319, 1.0, 0.8158045870929478, 0.8934536520310682, 0.8064132646939419, 0.8294381752063986, 0.8435692834649068, 0.8692097743909075, 0.9292625443379983, 0.8565588843622435, 0.8680192557869537, 0.8461829203209239, 0.8110685791384499, 0.8322080018172977, 0.7977471321950137, 0.8299040140134062, 0.8349086278933233, 0.8212222419424728, 0.8738888208941198, 0.8070958927655503, 0.8041040423122132, 0.8410915655185458, 0.8006163251915208, 0.8507596360646552, 0.790300498743898, 0.8322643300248358, 0.8109692581043015, 0.8262754288885683, 0.8336435751823099, 0.8628420443789531, 0.8862133024053691, 0.896479233733996, 0.8744882208236123, 0.8757718940000438, 0.8732468077644568, 0.8588634463426938, 0.8445635796517114, 0.8027708112532735, 0.8322395323648157, 0.8785118365967988, 0.8109452164467212, 0.85303599635215, 0.8392477176172952, 0.82918843273927, 0.8663140039655266, 0.8089830852078237, 0.847359275284824, 0.8193688149311074, 0.7999060807812559, 0.8510312494059382, 0.8133097885684114, 0.8758389930486425, 0.8133931899704347, 0.8267257202447121, 0.8423987049120938, 0.811047109279515, 0.8272256853278384, 0.8102032914359186, 0.8353179295972903, 0.8660246487382663, 0.9292277573003302, 0.87786696459035, 0.8744347131865119, 0.8508250923211507, 0.8630913438601533, 0.8650447922041742, 0.8076641014359218, 0.8778441926596412, 0.8298248721092792, 0.8687868797065195, 0.847110679058525, 0.8320481740427963, 0.8416777025834579, 0.8255929762923024, 0.833986644580879, 0.849233166338567, 0.846982857315294, 0.8137474663852228, 0.8377163571625204, 0.861140925892854, 0.8585068590964576, 0.8281221172568298, 0.8681039461207807, 0.824847572451989, 0.8342429291973752, 0.7983704744288362, 0.8256979293904277, 0.8488588116260154, 0.8523076008577758, 0.8769398092776435, 0.8274610774950565], [0.8514914494471733, 0.8583491181226208, 0.8536400913358811, 0.8158045870929478, 1.0, 0.806262514905281, 0.9305362228999678, 0.8138460025777243, 0.8328115010253845, 0.9226593064026273, 0.8452029968771352, 0.8177010908493042, 0.9031762025927639, 0.7918537160390172, 0.6905429979898694, 0.8765102137975973, 0.7693202839459115, 0.8773320949963503, 0.7728614149051658, 0.79585520317765, 0.8651424354279578, 0.8257315848889313, 0.8582029994918201, 0.8559049234827518, 0.8514694933605141, 0.8004930950046418, 0.8098910634235923, 0.7916207898407284, 0.7998664718806893, 0.8038242779997702, 0.8285330278301065, 0.8806073129492151, 0.8210219926827202, 0.8652262313942449, 0.824855819165919, 0.8992074301861736, 0.8180880729708975, 0.8607733729278538, 0.7770212432745067, 0.8888036024526457, 0.8205226556465258, 0.8458563062305615, 0.7820800279586788, 0.8824640321363734, 0.7902944560471086, 0.7751624674761337, 0.7842627424703161, 0.7878270755868972, 0.7561467436230425, 0.7696881222963424, 0.7726062633144608, 0.8325871627572228, 0.7643511519957614, 0.8503083672201797, 0.789029978288101, 0.7787290065826884, 0.7936481650770333, 0.8000111635640346, 0.7836105075707833, 0.7971971934404822, 0.8260547532769493, 0.7748092609004595, 0.8316901166093236, 0.8846411467774734, 0.9097700408533009, 0.885500164370554, 0.9180897881497694, 0.8687830531499421, 0.8845432442618726, 0.8577045732792952, 0.926484144898835, 0.8761512175938169, 0.9026452024590437, 0.7786942770418315, 0.8799009196121457, 0.8044985594044083, 0.8455408052596506, 0.8741152144194986, 0.8463831772344488, 0.827688198806673, 0.8046476143526914, 0.8357093404159999, 0.864776879613165, 0.838377882263612, 0.8394011738683458, 0.8163532805710516, 0.8400316208125451, 0.7971937413114124, 0.7840955374003887, 0.8165383615372191, 0.7950120298605677, 0.8146794957011162, 0.8095839513979284], [0.879440866961811, 0.8648534684901862, 0.9084156644254524, 0.8934536520310682, 0.806262514905281, 1.0, 0.7700829910228142, 0.8676100601976977, 0.8572600069503244, 0.8427360488548864, 0.8599844903625176, 0.8387413854661985, 0.8432171943397784, 0.7621678231389156, 0.7262781340464828, 0.8408794422376082, 0.7480885756650439, 0.8717322407782948, 0.8271051957179163, 0.8168457446949076, 0.8467350109751999, 0.8089468035692717, 0.816482082391548, 0.7863996139775145, 0.8501179694497674, 0.8673821129656771, 0.7714367432921153, 0.8283975518351822, 0.8074555414978581, 0.8214723819667098, 0.791835890639069, 0.8528251119818753, 0.856453971047908, 0.8414053738411387, 0.8484470075656824, 0.8627748646982897, 0.8678064744009507, 0.8259469677941166, 0.8337345547127474, 0.7899309612686021, 0.8284580702698127, 0.8625308178855953, 0.7829315866851464, 0.8282292032983634, 0.7803051197386501, 0.8083094277022097, 0.8707486188668792, 0.7945630821331227, 0.8377889997183716, 0.8411253595266635, 0.8154604273532334, 0.866929665907316, 0.7818344197655078, 0.8225583468471378, 0.8235641114924026, 0.7703398235950325, 0.7687607727292383, 0.7662976991801322, 0.8095560285582601, 0.8115565034124423, 0.8086847963427191, 0.8324821057967737, 0.8759502799370086, 0.8582760414088948, 0.8505298678628296, 0.8670160314005579, 0.8920246976763093, 0.8694269489316021, 0.7947449771634818, 0.8755950899611243, 0.8368176859116083, 0.8846415001312509, 0.8647891362749105, 0.8322611585416531, 0.8517406994395027, 0.8506286398927938, 0.8698324571336535, 0.8438686370319921, 0.8727592686768904, 0.7912771382087979, 0.8620917781050165, 0.8986206328557442, 0.8528040812977634, 0.8464155852318935, 0.8667071018726373, 0.8262253059504754, 0.8156374930167907, 0.799574470399155, 0.813625966464917, 0.8650955989696991, 0.8196674584362802, 0.835083085931779, 0.8664956922377833], [0.882001454075636, 0.860027861030773, 0.8546507459637976, 0.8064132646939419, 0.9305362228999678, 0.7700829910228142, 1.0, 0.8374869894603126, 0.8991824797297201, 0.9159959212612041, 0.8482982797997402, 0.8323213923028909, 0.9241437388387554, 0.8272621367377762, 0.7516186871810264, 0.9092208023883691, 0.7598572051938872, 0.8790438453556878, 0.8100810850499509, 0.77742245280995, 0.8453579909257398, 0.8187861838656006, 0.8590535043452427, 0.8523562984510844, 0.8194938000073779, 0.8099858350249278, 0.7948840206898262, 0.8034618421791013, 0.7945030954696599, 0.8196794101845696, 0.8032323610058016, 0.9092819729737176, 0.8255654322433794, 0.8904262654335114, 0.8660699406119547, 0.8871787481813869, 0.8543226950852982, 0.8693886153756641, 0.7952983670607332, 0.9367198184494774, 0.8477696832749995, 0.8876994086134603, 0.816233049575545, 0.9071660304726469, 0.826028720493333, 0.8115031694237025, 0.8191553131185116, 0.8176822558549324, 0.7888714435965166, 0.8192491625204904, 0.7596023076571965, 0.8895583338641166, 0.8043639563685945, 0.8387139800771082, 0.7749736126213593, 0.8070623529308876, 0.8554910025516997, 0.8503031676793289, 0.797093260365838, 0.8006158926120257, 0.8226597293915562, 0.7867341379003924, 0.8547772216548384, 0.8932587791132294, 0.9401676945074167, 0.8903024485897221, 0.9174876632425257, 0.8694399821535765, 0.9259331997809137, 0.8768122780334016, 0.9354698167965441, 0.8951832904492731, 0.9039031912968136, 0.7933198857062493, 0.9070408166137389, 0.814067036914094, 0.8662363347831418, 0.8904726006198695, 0.8644251618157031, 0.8630218952132972, 0.8840132838033925, 0.8014781594781415, 0.8524263789094328, 0.8329377920616052, 0.8419912030535546, 0.8684549218241928, 0.8374352032333754, 0.8298446506566799, 0.8043662149307628, 0.8326220177072114, 0.8286118696057807, 0.8422665135156209, 0.8114492344300084], [0.835260313219572, 0.7937905551700023, 0.871433700678757, 0.8294381752063986, 0.8138460025777243, 0.8676100601976977, 0.8374869894603126, 1.0, 0.8716307994179471, 0.8561442120665654, 0.8268886178929895, 0.8658235344381201, 0.8459112705528802, 0.838577876933339, 0.761676861517232, 0.8554902703007587, 0.7965836961607696, 0.8664859691928335, 0.8506040432290292, 0.8237859207208683, 0.8126607320140209, 0.8204959562533136, 0.8307020249524655, 0.8665842272960962, 0.8547112538806995, 0.8561766452633635, 0.809411990251651, 0.8642646948344685, 0.868640303455346, 0.8203536250957084, 0.8501079581513022, 0.8684203319449957, 0.8366860148956887, 0.9023888578575414, 0.85898266883335, 0.8275378408124071, 0.8699639769002803, 0.837232326928977, 0.8100378212952195, 0.8273922121179628, 0.7808382228897041, 0.8805448170400186, 0.8114044309201647, 0.8214104061815544, 0.818020497508696, 0.8002951314315951, 0.7767896876940459, 0.8156279705130183, 0.8315849219982491, 0.8483784044998478, 0.7797160046904541, 0.8530828278932219, 0.792585325823923, 0.8025087182125565, 0.8502197208252738, 0.7499994686773173, 0.8016437497768262, 0.8194546250296167, 0.8423817433426555, 0.7523494077573899, 0.7847124418445174, 0.8071594079632849, 0.8474874629373162, 0.904975385896698, 0.8792322211450523, 0.9170406758961746, 0.8690660403020394, 0.8618728800980476, 0.8947705332094489, 0.9247670598321742, 0.8637681306105867, 0.8506450709093418, 0.8973208967980825, 0.8153014256496148, 0.88722257981581, 0.8594201086845985, 0.8870567172641626, 0.8321008138107793, 0.8985584966261352, 0.8734818885248531, 0.8590065021069744, 0.8440737761365488, 0.8260510339145155, 0.8178479034347225, 0.823975513877923, 0.8323093108933591, 0.8152607287210871, 0.7800319453297484, 0.8080844297514682, 0.8513131869096555, 0.7621407828198828, 0.8275152027469308, 0.8620743545301693], [0.8918442848789256, 0.8623373361976299, 0.9142722003778407, 0.8435692834649068, 0.8328115010253845, 0.8572600069503244, 0.8991824797297201, 0.8716307994179471, 1.0, 0.8709015070979418, 0.852509055756861, 0.8596743396431173, 0.8836508248216624, 0.8259410798346545, 0.7992192770930685, 0.9085215436350023, 0.7765506860932577, 0.8820273273032213, 0.8265461829972057, 0.823053195025241, 0.810141519815319, 0.8496748522592594, 0.8706615809760834, 0.8318346274162796, 0.8258817150221837, 0.8102228901293955, 0.8156434323978728, 0.8342998256199984, 0.8230068096547719, 0.7503126174988608, 0.8256983235495309, 0.8917420709168373, 0.8127026357004268, 0.8669399638227503, 0.8492587549246531, 0.8381717433202183, 0.8566333280836242, 0.8332317105814729, 0.7769767369171193, 0.8770142622268948, 0.8112868667215984, 0.8740521680363597, 0.8111796547083694, 0.8590141945347818, 0.797071658188435, 0.8545356042732986, 0.864529280959704, 0.7872684346037027, 0.8140703424146205, 0.8049976477283496, 0.7864653984992558, 0.8714776974070937, 0.773470239354985, 0.8034648171175522, 0.7952357333941918, 0.7857747250314269, 0.8233746551714843, 0.8221745022598317, 0.8106353938718694, 0.7746686590337539, 0.7873038275398343, 0.814435916813797, 0.8434002002174243, 0.8728752143758838, 0.8889299883587166, 0.879023853520433, 0.8705015869653263, 0.848818014839483, 0.8494756350386623, 0.8670774308617082, 0.852489928981234, 0.8760732923390591, 0.8632498228194622, 0.8323941471554286, 0.8476855269737696, 0.8513695055297721, 0.8832113421068583, 0.8482244952149298, 0.8415124720613507, 0.8158433529157441, 0.8883605255094138, 0.8365562767642957, 0.8604866016955259, 0.8504653499301413, 0.8648170007478275, 0.852283349895091, 0.8823951859740541, 0.8235689751618765, 0.8119687073129522, 0.8782136210420616, 0.8328976616998998, 0.8584361942645942, 0.8650439524881051], [0.8790933076005167, 0.8234349316106915, 0.8487316412434962, 0.8692097743909075, 0.9226593064026273, 0.8427360488548864, 0.9159959212612041, 0.8561442120665654, 0.8709015070979418, 1.0, 0.8844378763678318, 0.8455302920624681, 0.9408498106255102, 0.8290630493316093, 0.7231536531833015, 0.8842551005321371, 0.7675330018984642, 0.8942325791473773, 0.821101146879466, 0.7860058878282228, 0.9034572888492438, 0.8188209151339758, 0.8353567804507278, 0.8748741771217314, 0.83636899844706, 0.8256658485495825, 0.8288442093739201, 0.8486226369334835, 0.8443091512162029, 0.8401868921025315, 0.8420230962783466, 0.8981639294936532, 0.8862226624725642, 0.891002023896937, 0.870262064981299, 0.8780460662799097, 0.8125426832040192, 0.8535303073783003, 0.7919320712263547, 0.8896800147921435, 0.8198822844880366, 0.8969214318740333, 0.7807856282864958, 0.8571477512423, 0.802961120384325, 0.7839796147257874, 0.8269880116685967, 0.8142551122784557, 0.7926340753406127, 0.7790821833150412, 0.7969831543160049, 0.9006542868686149, 0.8126795053804312, 0.8408577423217801, 0.7971009581113669, 0.7800573421923858, 0.793872915183591, 0.8288812897800857, 0.77767294593729, 0.760398007576712, 0.8657548882426187, 0.8240384598762569, 0.8851261312215797, 0.8662945270868092, 0.9135815576329857, 0.8928855311487687, 0.9225191177966171, 0.8637439681184456, 0.9116515349017615, 0.8727667888955593, 0.9284608025175599, 0.9173111646854117, 0.9091838769342648, 0.8285488558162983, 0.9342769607873417, 0.8483595009159697, 0.8879172244117195, 0.8561864154249845, 0.8680143617988465, 0.8626836290310269, 0.8792812865188082, 0.8545652662185556, 0.8991614577163564, 0.8640565987550886, 0.847345960031261, 0.8658708375773532, 0.8543010901447324, 0.8280464628781241, 0.7967400476561479, 0.8299923084160747, 0.8411188343616995, 0.8665844199465569, 0.8758848418942793], [0.8979391117622374, 0.8534010548373956, 0.8580676274585699, 0.9292625443379983, 0.8452029968771352, 0.8599844903625176, 0.8482982797997402, 0.8268886178929895, 0.852509055756861, 0.8844378763678318, 1.0, 0.8148841906674451, 0.8954172233766742, 0.8393861921327503, 0.8078179331743156, 0.871528339775187, 0.7754158471395582, 0.8756440649030878, 0.8044295933953061, 0.8125948433067051, 0.8780873646215601, 0.8514004656390626, 0.8322824298394003, 0.8499166172365786, 0.8054824419730238, 0.8333276298990147, 0.8079656039115316, 0.8591234111438241, 0.801112829245203, 0.8383683286388006, 0.8428342399215965, 0.9057071836054567, 0.851307514583083, 0.8830095969418322, 0.8385455950521571, 0.8672432048410423, 0.8474951457511506, 0.8648630600009162, 0.8051725705287843, 0.7950395108707742, 0.7931792756258883, 0.8859236276411702, 0.7904320083278014, 0.8751105606358314, 0.7805017162745161, 0.8026960195792371, 0.8981134957417993, 0.8094446618698516, 0.8154014712657393, 0.8269784744663498, 0.7935841757411802, 0.8291278447598314, 0.8069607931260543, 0.8420758720665404, 0.8112641784534158, 0.7489890022304586, 0.812405099227183, 0.8153428754753054, 0.8119722126051183, 0.7694795856532194, 0.804039247066541, 0.8322749715237758, 0.9068931884708002, 0.8847336110547936, 0.8894620010244868, 0.872782011966935, 0.8649229339740802, 0.8569616530626956, 0.8342638952995034, 0.8762113120767778, 0.8585103372460696, 0.8703186962979679, 0.851349027110623, 0.8108527357588242, 0.8747145820119782, 0.7873525775322443, 0.8279230961017858, 0.8732857485575769, 0.8597657178462654, 0.8210910867502366, 0.8303562857021141, 0.8575028187938966, 0.8217947162654657, 0.8278836056368963, 0.8482382078403865, 0.84262831184393, 0.7776079193577203, 0.8332418002988066, 0.8117358582781375, 0.7901810063566587, 0.8252185786319085, 0.8652005814003452, 0.8251471691522746], [0.8695458689986332, 0.8646574310558519, 0.8525744885010449, 0.8565588843622435, 0.8177010908493042, 0.8387413854661985, 0.8323213923028909, 0.8658235344381201, 0.8596743396431173, 0.8455302920624681, 0.8148841906674451, 1.0, 0.8264677989239189, 0.7685646328617866, 0.783436713306946, 0.8828119896866589, 0.7368719817205942, 0.8291088452471, 0.8182864231132434, 0.8083404181700362, 0.8530115076105091, 0.8052188574794217, 0.794872413770118, 0.8196385091037581, 0.7837529902920228, 0.8407744805812158, 0.7600836627244958, 0.8183693263078933, 0.8837162869056814, 0.7880329292340733, 0.8309397656000763, 0.7983384741049938, 0.8721181163216364, 0.8737016461511347, 0.8293562085668045, 0.8215822773477074, 0.858988478613883, 0.8162667900031375, 0.7690311654998025, 0.8096342638426346, 0.813651165835813, 0.8424695206480532, 0.8400574706488813, 0.8323808430423675, 0.7760539159372353, 0.7737622464287113, 0.7758030154741091, 0.782021472731748, 0.8020047585928165, 0.8016450776500963, 0.8132647277274552, 0.8479284283540164, 0.7647404178235504, 0.8169250930585455, 0.747291760547526, 0.7754006811235243, 0.8185659883124303, 0.7977312453610694, 0.8025116751186749, 0.8009229233290687, 0.7938040916428781, 0.84056361789776, 0.8303834941042404, 0.8316340957405226, 0.8492272879282662, 0.8579314667297284, 0.8236958632125042, 0.8202319657457696, 0.8288586056304328, 0.8261962753665864, 0.8136426889417767, 0.8441145101314222, 0.8366181034489538, 0.79272880985489, 0.8265645138361091, 0.796422410834811, 0.8415672243934432, 0.8198807795087677, 0.8049150234896238, 0.8021195098704826, 0.7900566279734569, 0.832286221556069, 0.8443701959956942, 0.8336732763582979, 0.8436072083002297, 0.8243108081082882, 0.825112877078075, 0.8086548317030398, 0.8258007924822994, 0.8604423017932317, 0.8198352193763931, 0.8363348701775599, 0.810161624638895], [0.8662534057938993, 0.8376570691612821, 0.8502795138323409, 0.8680192557869537, 0.9031762025927639, 0.8432171943397784, 0.9241437388387554, 0.8459112705528802, 0.8836508248216624, 0.9408498106255102, 0.8954172233766742, 0.8264677989239189, 1.0, 0.88790720479535, 0.7521014529372207, 0.9103916198070927, 0.813067610333958, 0.9205534364330892, 0.84170414755896, 0.799813446051995, 0.8698835378776677, 0.839973071731676, 0.8301526252471003, 0.884516180566143, 0.8478566623969612, 0.8562891207080306, 0.8115469591937665, 0.8663585099367292, 0.8566505139719034, 0.8554826934847931, 0.854398219174044, 0.9152167959968354, 0.8465799968617659, 0.8852080077920802, 0.8571292766461902, 0.8865004394328475, 0.8384100569805615, 0.8717753498639955, 0.7811020179658228, 0.8834243088577146, 0.8507767580419074, 0.8796614169145961, 0.8305702361277152, 0.9116852135182925, 0.8103634660252206, 0.7868435894763861, 0.8530302896951005, 0.812611601798322, 0.8215904558032449, 0.8310713549693571, 0.7845915072086621, 0.863247379511066, 0.8364753692964032, 0.8382251772483289, 0.8095787305062274, 0.8086212437387357, 0.8115870725586954, 0.7948271134227229, 0.8031825220471642, 0.7965825225148964, 0.8086252330142512, 0.8575807860432361, 0.8823727101987797, 0.8955530150562202, 0.957357388822865, 0.8883918747516157, 0.9346574425748491, 0.8706359385173793, 0.9114790064024889, 0.9019390796144668, 0.9112285451645914, 0.9480580318933023, 0.9022949674008778, 0.8510282159843583, 0.9145984660896767, 0.8420612510527408, 0.9085145061904262, 0.902066075730679, 0.8623584619127791, 0.8536527008610411, 0.8895007548302782, 0.8605213375717151, 0.8908579002391219, 0.8614723548525862, 0.8330462233053828, 0.8668860831704923, 0.843809116914422, 0.8390325024699914, 0.7962932392641109, 0.8249787043232101, 0.8540935145247375, 0.8612092564638609, 0.8711863300258114], [0.815140889439486, 0.8090421803935399, 0.7699300925107766, 0.8461829203209239, 0.7918537160390172, 0.7621678231389156, 0.8272621367377762, 0.838577876933339, 0.8259410798346545, 0.8290630493316093, 0.8393861921327503, 0.7685646328617866, 0.88790720479535, 1.0, 0.7697865433088198, 0.8460737546450493, 0.7661341888211569, 0.8234367432787104, 0.7832652263881724, 0.8099820114107245, 0.7618744629447348, 0.8515072815155998, 0.8076780708305416, 0.8687292531167434, 0.7924493032403196, 0.8471533912249256, 0.7935344083255533, 0.8320363646417583, 0.8227362406937146, 0.8087509813701694, 0.8784527285651164, 0.8218981517138997, 0.8013872492637863, 0.835004983592326, 0.8173844146614369, 0.8075045157098943, 0.81714306523917, 0.8218266519826415, 0.8006630177814992, 0.7998095530318898, 0.7844492431166227, 0.8049498665556953, 0.8263839412141084, 0.8558347769099091, 0.7728953963887706, 0.7807903551443518, 0.7744442728887271, 0.7671554900451288, 0.8458772680364088, 0.746557943914987, 0.7674724226368586, 0.8223818373013486, 0.7938678100226058, 0.8033961765438337, 0.7494096420977092, 0.7909896189538831, 0.7977073825212512, 0.7988035778415039, 0.8287357519512202, 0.7703027768337233, 0.7921501968851987, 0.8103464229177116, 0.8152246191825044, 0.8979754098437689, 0.8840980709007589, 0.8721391561527212, 0.8300625680207945, 0.8200062766453204, 0.8480253923593158, 0.882318748746524, 0.8137375791524545, 0.8522336956099079, 0.8063391965627584, 0.8418048424047935, 0.843288595324541, 0.790973485024757, 0.8854738116564473, 0.8385620258116182, 0.8407173804389512, 0.8302911881380333, 0.8313029602908493, 0.7924336504444285, 0.8235487328943808, 0.80519343224149, 0.7801804205061017, 0.8405297679121939, 0.804837809495228, 0.7549453983897031, 0.7885884821140904, 0.7945984473771794, 0.8020369304646844, 0.8496749404979569, 0.8188963813116006], [0.7776214018627947, 0.7755649912603152, 0.7896389171093738, 0.8110685791384499, 0.6905429979898694, 0.7262781340464828, 0.7516186871810264, 0.761676861517232, 0.7992192770930685, 0.7231536531833015, 0.8078179331743156, 0.783436713306946, 0.7521014529372207, 0.7697865433088198, 1.0, 0.7910230246878597, 0.6616062400414795, 0.7095729842320144, 0.773405295492742, 0.7656571838611795, 0.7301050807963364, 0.7686974247462399, 0.7771092907539049, 0.776016027473493, 0.7683775864260287, 0.7552790177063513, 0.6937278986907415, 0.688944132986306, 0.7470314885792366, 0.7808539136709325, 0.7369516638733814, 0.744486210898584, 0.7409499069521288, 0.7738272188385198, 0.7446441513376953, 0.7623807545123475, 0.7337753169702866, 0.7127363476137651, 0.684282093069302, 0.7175761957816713, 0.7246737253757423, 0.7505117451030414, 0.7200709071184713, 0.7463485837296338, 0.6929204692905714, 0.7273605187956937, 0.7404492493906047, 0.7049413363323106, 0.7395255317270417, 0.7103475396265856, 0.7154079073776423, 0.7185296498553589, 0.7227012654979362, 0.7296153584558553, 0.7155611027001028, 0.756749952344745, 0.7837101165527128, 0.774476048032779, 0.7509085593438152, 0.7220024888367199, 0.7465752889035332, 0.7999033898526888, 0.794221137742513, 0.7912187620386899, 0.7827038461055278, 0.7880222023611311, 0.7445168381543767, 0.7665883496979173, 0.7452743462330929, 0.7533911716834534, 0.7402794865536211, 0.721092858572701, 0.7531028114899583, 0.7226256793363703, 0.7490604427719257, 0.7426583965749018, 0.7566046878016388, 0.8158338433516906, 0.777614286890407, 0.7803466285330773, 0.7645518916976035, 0.7523118294019973, 0.7206732264520213, 0.7803364621996087, 0.802914964371227, 0.7694226947293161, 0.7889157035060722, 0.7725618289826406, 0.7566555159390547, 0.773855023678554, 0.7862341568696503, 0.7875682379579145, 0.7637781429350968], [0.8777863746181802, 0.8692265912875012, 0.9317687168619769, 0.8322080018172977, 0.8765102137975973, 0.8408794422376082, 0.9092208023883691, 0.8554902703007587, 0.9085215436350023, 0.8842551005321371, 0.871528339775187, 0.8828119896866589, 0.9103916198070927, 0.8460737546450493, 0.7910230246878597, 1.0, 0.7620182608258289, 0.8980851451762548, 0.8502294961010006, 0.7713191271768337, 0.8259440128370148, 0.8722345776932947, 0.8504695704858476, 0.8303735855068697, 0.8557314119087287, 0.8228565724687849, 0.7972724412424952, 0.8742515690436428, 0.838711967671916, 0.8262331853253798, 0.8476881795076692, 0.8818371868674182, 0.843598552860066, 0.868402225653909, 0.8577006805225846, 0.8808322503421627, 0.8338304373920411, 0.8472736753655451, 0.8086564844597728, 0.8524981671748941, 0.8378506592991419, 0.8641036482931591, 0.8812488767148219, 0.8883154022230025, 0.7967966718096959, 0.787024829601386, 0.8428721145311908, 0.8088369732711786, 0.8359382503830568, 0.825701889514348, 0.8180443397191484, 0.8744698230732503, 0.8295499203691312, 0.8582228971321788, 0.8173669559214141, 0.8325174079073969, 0.8244555371063742, 0.8003347668767116, 0.8628331920040833, 0.7827537511523112, 0.784825612704923, 0.822755930486925, 0.8507164179663419, 0.8681809836112976, 0.9075496858523036, 0.8956368213471286, 0.8669986524410712, 0.8609614357735619, 0.8695262684821959, 0.8679340189119318, 0.9071984800506573, 0.8881986488927736, 0.8669512942595063, 0.7991463022165861, 0.8877110328091113, 0.8402460611437048, 0.8639520969099421, 0.8915683348929027, 0.8697131986090675, 0.8347370265272411, 0.8881619555181858, 0.8433881759731601, 0.859826273182951, 0.8492856475987425, 0.8621337616458256, 0.8710289413818706, 0.866976667296132, 0.8597413362047999, 0.8513173071976795, 0.8389767753992201, 0.8306196017065339, 0.8701552517890151, 0.8497510272354516], [0.7552014235903579, 0.740694442431529, 0.7544956799054425, 0.7977471321950137, 0.7693202839459115, 0.7480885756650439, 0.7598572051938872, 0.7965836961607696, 0.7765506860932577, 0.7675330018984642, 0.7754158471395582, 0.7368719817205942, 0.813067610333958, 0.7661341888211569, 0.6616062400414795, 0.7620182608258289, 1.0, 0.7483509131926857, 0.8175959825594303, 0.7706287729535901, 0.7616123494426086, 0.770588047006772, 0.7312518688080891, 0.7762993133516636, 0.7855733889679974, 0.8150129416657266, 0.701771332967784, 0.8213585319888628, 0.726022983916734, 0.7598085670854655, 0.8014641800186788, 0.760445206854619, 0.7216304081958114, 0.7854179274451976, 0.736446110262006, 0.7686897855039584, 0.7781662985309314, 0.7831918980641457, 0.7439596900528949, 0.702743180239693, 0.6871254784530585, 0.7842511749538847, 0.7709201477334133, 0.7192571821628275, 0.7311113577881956, 0.7522351613009712, 0.7570555063549376, 0.7247805952438624, 0.7279784608407676, 0.7528533799626234, 0.6663224584981002, 0.7502039275920289, 0.7562853254451457, 0.7479133061954515, 0.7793912740707469, 0.696594389671831, 0.7578027320379673, 0.7639725183407858, 0.8336193509401697, 0.7212278613171924, 0.7342444377492167, 0.792243425929781, 0.749548639989412, 0.7847158782064454, 0.7517326068615784, 0.7849791241788829, 0.7780360170856178, 0.7591144853448657, 0.7337864974083025, 0.8027443881316196, 0.7583551592310447, 0.8188970627096561, 0.8129500711176048, 0.7451799875434021, 0.7603505469367247, 0.775737214326796, 0.7966672462318743, 0.735469991375123, 0.8031552740572065, 0.7292524358615814, 0.7721774917545405, 0.777306632681992, 0.7083047480664406, 0.7512035137395832, 0.7255060650944586, 0.7493852217801609, 0.7438737949004595, 0.7308222608892421, 0.7607391019522411, 0.7502726790980224, 0.7318839252663684, 0.7588901771353342, 0.7400793490213048], [0.8424695839370575, 0.817445003959401, 0.8940588240506744, 0.8299040140134062, 0.8773320949963503, 0.8717322407782948, 0.8790438453556878, 0.8664859691928335, 0.8820273273032213, 0.8942325791473773, 0.8756440649030878, 0.8291088452471, 0.9205534364330892, 0.8234367432787104, 0.7095729842320144, 0.8980851451762548, 0.7483509131926857, 1.0, 0.825334698488504, 0.7955962873892559, 0.8990702911875246, 0.8069538128944062, 0.7889662112597591, 0.8151763204024534, 0.8327952734204318, 0.7724791438825154, 0.7778200568020746, 0.8672428295745884, 0.8066815215626877, 0.793231679145911, 0.8026900992074762, 0.9030400372775056, 0.8156084205902168, 0.8615888251919515, 0.8262742365265976, 0.8375501523041029, 0.8463101299718022, 0.8224929100802719, 0.76387113162356, 0.8539434986425598, 0.8099674632102383, 0.8547818887253684, 0.7958812571055411, 0.8825818601099198, 0.7639012834710488, 0.7883356505201614, 0.8311893200012908, 0.7823526197389539, 0.7998003361347926, 0.8131118731907467, 0.7446352431135741, 0.843593571326587, 0.7709301423463363, 0.8297218892217355, 0.777781537012395, 0.7752433443565923, 0.8144690544675308, 0.78294088207426, 0.7789522220334391, 0.7384682921915031, 0.7891757289507053, 0.8185621370984087, 0.8648264217735455, 0.8702648587453431, 0.9408919503985494, 0.8737747680249617, 0.8790979112844366, 0.8617023808732033, 0.874347664038624, 0.8713227404165698, 0.8790158748309507, 0.8741251346926349, 0.8693768575108762, 0.8014406910730643, 0.8780161745134847, 0.8148703341541175, 0.8502042941648118, 0.8596031469006754, 0.8703021681375038, 0.8495465606342776, 0.8410821351915666, 0.889337876649932, 0.902895909972189, 0.858740697438958, 0.8215327628859272, 0.8712429205953842, 0.8386657567069361, 0.7865622366292873, 0.8329251290469996, 0.8203295328778273, 0.8031749753363179, 0.842794448813088, 0.8874734707974603], [0.858190771483292, 0.781739619570966, 0.8274123549803033, 0.8349086278933233, 0.7728614149051658, 0.8271051957179163, 0.8100810850499509, 0.8506040432290292, 0.8265461829972057, 0.821101146879466, 0.8044295933953061, 0.8182864231132434, 0.84170414755896, 0.7832652263881724, 0.773405295492742, 0.8502294961010006, 0.8175959825594303, 0.825334698488504, 1.0, 0.8170566318056616, 0.8163462633670344, 0.8465317317385357, 0.812801354877784, 0.8431514696414237, 0.8626504441272418, 0.8334250428243049, 0.7772188537483191, 0.8516371866515076, 0.7968125731315743, 0.7860938833983788, 0.7946863032870339, 0.8023563727657224, 0.8120830163734282, 0.8678468875367782, 0.8128732627313766, 0.7821562918730568, 0.8033343665923862, 0.8010588588098346, 0.8245465534384558, 0.7979373325094761, 0.7486450529450652, 0.8635238748976222, 0.8048190819281668, 0.770529697018159, 0.7813140198869222, 0.7363192132661875, 0.8265081696847696, 0.7827244625843827, 0.8203750183545805, 0.8139477120343588, 0.7043961707854668, 0.8097989669529633, 0.7793055248233092, 0.8396171123858696, 0.7787346799463071, 0.8152334659593672, 0.8267666580157247, 0.7768302490743788, 0.8675446463390235, 0.7925011379914357, 0.7985319392863348, 0.816018213711365, 0.80179210922178, 0.8325489745635697, 0.8448163202567893, 0.8499392194626971, 0.8459830456324107, 0.8730801444993768, 0.8234343035460675, 0.8434846725192765, 0.8644990175218837, 0.8599777291651964, 0.8755611039470397, 0.7926524103378165, 0.8572700826097914, 0.8375731282129757, 0.8217225005291612, 0.8397833414376344, 0.869312942152856, 0.80212201953471, 0.8751020197210616, 0.8660420691397082, 0.8286216636841985, 0.8563161758494569, 0.8097299588581848, 0.8199899573787974, 0.8265427582538455, 0.7882182198163523, 0.7930500507355001, 0.783942948894073, 0.7848310536754108, 0.7920612266365128, 0.8077819242357064], [0.8768690283052039, 0.8189623061215572, 0.7909598091324026, 0.8212222419424728, 0.79585520317765, 0.8168457446949076, 0.77742245280995, 0.8237859207208683, 0.823053195025241, 0.7860058878282228, 0.8125948433067051, 0.8083404181700362, 0.799813446051995, 0.8099820114107245, 0.7656571838611795, 0.7713191271768337, 0.7706287729535901, 0.7955962873892559, 0.8170566318056616, 1.0, 0.7920513148296576, 0.801390036599356, 0.8147742268766565, 0.8231809491642709, 0.8180340643752587, 0.8247135621797947, 0.7619550415234764, 0.7825143449329064, 0.8288552097615519, 0.8097731114970128, 0.8157837236862404, 0.7947435029177384, 0.759309473995917, 0.8257754760342501, 0.7883027392607336, 0.8044038979950832, 0.8245521627047707, 0.7962973170494494, 0.7735806341037379, 0.7729551314469345, 0.725729960049353, 0.8188977526806344, 0.793083286742541, 0.7662254678916516, 0.7517823090237472, 0.7577222945467594, 0.8115629961674296, 0.7725393620692265, 0.8058919329819376, 0.7875700310460931, 0.8310095113673315, 0.7855141951923659, 0.7634261427762854, 0.8174054670322792, 0.7551048692450921, 0.7699388145159878, 0.829522133739597, 0.8507459887228199, 0.7785696499408523, 0.8093910419612265, 0.8203303483456497, 0.8154232063153304, 0.7606453946366789, 0.8583595133787603, 0.8312040975291397, 0.8296431096105101, 0.8057462878008341, 0.8694076022389714, 0.7918226243423664, 0.8429733381067509, 0.8230961143976845, 0.8324719407065274, 0.8498269994760497, 0.8245479401339212, 0.7946578344358406, 0.8180547020705821, 0.8323701997437118, 0.8046607664920293, 0.836396940628301, 0.783536882202833, 0.7979351366177594, 0.8346661413495713, 0.8605441416169396, 0.8493022385762448, 0.7990815290283331, 0.8098074486346374, 0.778465491413076, 0.7724095135209104, 0.7710677762880213, 0.8302986547885653, 0.7942397848162872, 0.8224743167857078, 0.8059589737490629], [0.8477564309660302, 0.7908213689565935, 0.8581718573356198, 0.8738888208941198, 0.8651424354279578, 0.8467350109751999, 0.8453579909257398, 0.8126607320140209, 0.810141519815319, 0.9034572888492438, 0.8780873646215601, 0.8530115076105091, 0.8698835378776677, 0.7618744629447348, 0.7301050807963364, 0.8259440128370148, 0.7616123494426086, 0.8990702911875246, 0.8163462633670344, 0.7920513148296576, 1.0, 0.8010247512944235, 0.80431285387726, 0.8113143665628941, 0.7931644781343503, 0.7939616421261734, 0.7391479657050457, 0.8414086567486705, 0.833442406613372, 0.8251316401249045, 0.8173873786083101, 0.8686401536302465, 0.8733438056183846, 0.8855829302787646, 0.8227624380856766, 0.8476147539080601, 0.8397103244506279, 0.8368427259399246, 0.8249274597966862, 0.8345983252946989, 0.8215549198485164, 0.8807991209069038, 0.7535909359282295, 0.8435166828887658, 0.804055207555677, 0.813821363496795, 0.8047539091931969, 0.8334750545693057, 0.7852532873939189, 0.7850857778878678, 0.7929525986611492, 0.8549789147573987, 0.7702052436824871, 0.8267635838269392, 0.7943641219757609, 0.7820594915625886, 0.8722000276469798, 0.8162734215853531, 0.7542745599984506, 0.7964733727669158, 0.8523508197450169, 0.8590370243925405, 0.8964506519030087, 0.8445295749246404, 0.8899878773166287, 0.8686121426232585, 0.8841037097002464, 0.8770752962677983, 0.8560236954400819, 0.8558887128929769, 0.8703496130094435, 0.870163763805218, 0.869641042555632, 0.8267656671361651, 0.8625920673141225, 0.7773599669698597, 0.8290330683204775, 0.8556356569095567, 0.8521733652990273, 0.8382274496687496, 0.8103302539199977, 0.9115422884924052, 0.8853429832037241, 0.9017422272559164, 0.8539234883677465, 0.9028438813706317, 0.8519693607628765, 0.8271737726820716, 0.8364653693991628, 0.8240278528591007, 0.872809895567467, 0.872298637929865, 0.8848257054520874], [0.8686229245962713, 0.805682055702198, 0.8531772487757288, 0.8070958927655503, 0.8257315848889313, 0.8089468035692717, 0.8187861838656006, 0.8204959562533136, 0.8496748522592594, 0.8188209151339758, 0.8514004656390626, 0.8052188574794217, 0.839973071731676, 0.8515072815155998, 0.7686974247462399, 0.8722345776932947, 0.770588047006772, 0.8069538128944062, 0.8465317317385357, 0.801390036599356, 0.8010247512944235, 1.0, 0.9056814179655892, 0.8728827306438581, 0.8575115199774219, 0.864431726081252, 0.8400292516567922, 0.8777413008796451, 0.8267234126566104, 0.7958278590107095, 0.8901376483285985, 0.7987967524243015, 0.798257637384949, 0.8203507418835718, 0.788156264842035, 0.8116051618200883, 0.8145872265353523, 0.8067425934767665, 0.8072147978439903, 0.8170586152656734, 0.7812029249860107, 0.8457255225907006, 0.7758936463487454, 0.8427556539323025, 0.742368472498956, 0.8242088562220664, 0.8298825276258556, 0.8130642796237268, 0.8013931946598041, 0.767700392118164, 0.7903754841650534, 0.8164556776695541, 0.7700742319071607, 0.8149535621980863, 0.7735789392327175, 0.7824361187592386, 0.7647884072185067, 0.7892716437359852, 0.8898216192774122, 0.7934736751434048, 0.7859760329807186, 0.8296102005595873, 0.8107152231305058, 0.8784522011013418, 0.8445032408447605, 0.8863211297344409, 0.8473282581127646, 0.8726408884378647, 0.8541997109326043, 0.8325967900773397, 0.8499355359612167, 0.8454389178153905, 0.8405120610002723, 0.8506510195436234, 0.849338939060474, 