"[[0.9134011664286802, 0.0006290083076833687, 0.0006088598790275626, 0.08536096538460884], [0.9980725174882934, 0.0006466457907595116, 0.000636677059557707, 0.000644159661389373], [0.997481924677045, 0.0008369901446535721, 0.0008262430213948388, 0.0008548421569067066], [0.9976660552939117, 0.000780979401170112, 0.0007682367736126922, 0.000784728531305385], [0.9977108619013298, 0.0007685071233298765, 0.0007395463526287759, 0.0007810846227117189], [0.8827643811047131, 0.11579045849913727, 0.0007185956655454717, 0.0007265647306041044], [0.9974972369766261, 0.0008428461336494821, 0.0008251029749117799, 0.0008348139148127844], [0.7587591542287231, 0.23993820704951999, 0.0006441970843420352, 0.0006584416374148457], [0.9975727207541455, 0.0008122591495349517, 0.0007985742593507204, 0.0008164458369687652], [0.997518451847812, 0.0008339706453437763, 0.0008126247950523475, 0.0008349527117920419], [0.9980793427068402, 0.0006411490499489909, 0.0006349166441059022, 0.0006445915991047372], [0.9979262188723997, 0.0006978128697381988, 0.0006804150801164371, 0.0006955531777456351], [0.9976680471694787, 0.0007672102592627075, 0.000748969224878529, 0.0008157733463800057], [0.801727460915881, 0.19680971358614127, 0.0007250104683701235, 0.000737815029607637], [0.0006750638452248456, 0.998051460878244, 0.0006310825935767913, 0.0006423926829543937], [0.997701768943766, 0.000769923688585867, 0.0007513595831953767, 0.0007769477844528132], [0.0006737243754344073, 0.9980526742341328, 0.0006321275032708074, 0.0006414738871619038], [0.9977780077855657, 0.0007408116274246925, 0.0007311697778327949, 0.0007500108091769545], [0.8136292797579809, 0.18499161268714845, 0.0006831625494647551, 0.0006959450054059029], [0.9982104254168759, 0.0006028920635554965, 0.0005901319005680166, 0.000596550619000568], [0.9977447464260978, 0.0007443039012783483, 0.0007456978777043504, 0.000765251794919675], [0.9980157590721345, 0.0006677735242643799, 0.0006509091741308452, 0.000665558229470307], [0.9983180305859741, 0.0005612018555795454, 0.0005547324739158188, 0.0005660350845304956], [0.9980827460361918, 0.000637937615485235, 0.0006307309779708879, 0.0006485853703520519], [0.9981433611214424, 0.0006205143588781737, 0.0006121677770450647, 0.0006239567426343605], [0.9982310942935423, 0.0005917700824399632, 0.0005879477914151373, 0.0005891878326026632], [0.9981871478897039, 0.0006045110269723303, 0.0005973779787304919, 0.0006109631045931702], [0.9238344559441054, 0.03607701991785055, 0.0005849495768608939, 0.039503574561183086], [0.9980891842627662, 0.0006449718554214328, 0.00063079781865429, 0.0006350460631580932], [0.9981549123177513, 0.0006196412902050356, 0.0006095207994509912, 0.0006159255925925564], [0.8762788740150248, 0.12229148602495701, 0.000707214238037083, 0.0007224257219810004], [0.9967535679603433, 0.0010927190253503575, 0.001077549150000375, 0.0010761638643059723], [0.8198928383471769, 0.17884508624824744, 0.0006225537259842185, 0.0006395216785915207], [0.9975478693926583, 0.0008100924018372629, 0.0008004611298486891, 0.0008415770756558633], [0.9967114813026758, 0.0010945957668628227, 0.001073173253707829, 0.001120749676753497], [0.9981207235584155, 0.0006274872843484643, 0.0006212764827000826, 0.0006305126745359297], [0.9974076102927408, 0.0008735755609843861, 0.0008512842188660508, 0.0008675299274088111], [0.8323080812367997, 0.16618747490830335, 0.0007425803942162356, 0.0007618634606807937], [0.9980130229382242, 0.0006622598006825369, 0.0006633628783535462, 0.000661354382739734], [0.9976140062187522, 0.0008077729068607212, 0.0007803032952650144, 0.0007979175791221041], [0.8260971144578378, 0.000794888844120553, 0.0007815975876086496, 0.172326399110433], [0.8337471639573634, 0.16502648579823534, 0.0006057972406557342, 0.000620553003745534], [0.8179873842464805, 0.18036216180539674, 0.0008054292214417761, 0.0008450247266809281], [0.9974156088178766, 0.0008702261678532368, 0.0008432894918524942, 0.0008708755224177679], [0.0006901017728927417, 0.9979861702358787, 0.000654601494955391, 0.000669126496273078], [0.21877638259582086, 0.0007358096341194478, 0.7797431106154907, 0.0007446971545688965], [0.7508354078397842, 0.0007810373071715828, 0.0007682883053043303, 0.24761526654773983], [0.0006594575100948304, 0.0006374542123930883, 0.0006304471174368408, 0.9980726411600752], [0.8000545207333803, 0.19863728464497044, 0.0006467709087936981, 0.0006614237128555118], [0.0007090630454191125, 0.0006833052151980397, 0.000671038884583649, 0.9979365928547992], [0.8079234663365363, 0.1909444233286778, 0.0005554432072928995, 0.0005766671274929787], [0.9975570872880211, 0.0008189893044879165, 0.0008038918502192775, 0.0008200315572717997], [0.000646695982604617, 0.0006118747529111629, 0.0006022948209974528, 0.9981391344434868], [0.45933818970328305, 0.0006570722272402478, 0.0006423960238615708, 0.5393623420456153], [0.7677804116816621, 0.0006217011771685601, 0.0006107366193201949, 0.23098715052184904], [0.9980213229132182, 0.000667413865638984, 0.0006489559670386377, 0.0006623072541041348], [0.5957363695376557, 0.0006396606416361918, 0.0006365931733210675, 0.4029873766473869], [0.882200532277363, 0.0006834918604363287, 0.0006571275536902205, 0.11645884830851057], [0.8998637499656897, 0.00066319857526675, 0.0006393080984916671, 0.09883374336055183], [0.528388253615232, 0.0006582368110043515, 0.0006368906391419798, 0.4703166189346216]]"