"[[0.0004115226342176628, 0.0004115226342176628, 0.0004115226342176628, 0.8763631747787529, 0.0004115226342176628, 0.0004115226342176628, 0.0004115226343061073, 0.0004115226342176628, 0.0004115226342176628, 0.0004115226342176628, 0.0004115226342176628, 0.0004115226342176628, 0.0004115226342176628, 0.0004115226342176628, 0.0004115226342176628, 0.00041152263421791353, 0.0004115226342176628, 0.05568096402073907, 0.0004115226342176628, 0.022453845476324726, 0.0004115226342176628, 0.0004115226342176628, 0.00041152263421766905, 0.034802427234435655, 0.0004115226342176999, 0.0004115226342176628, 0.0004115226342176628, 0.0004115226342176628, 0.0004115226342176628, 0.0004115226342176628], [0.0004115226341800972, 0.0004115226341800972, 0.0004115226341800972, 0.8528985558584786, 0.025887822366805095, 0.0004115226341800972, 0.01188944605613957, 0.00041152263418097243, 0.0004115226341800972, 0.0004115226341800972, 0.0004115226341800972, 0.0004115226341800972, 0.0004115226341800972, 0.000411522634180098, 0.0004115226341800972, 0.0004115226341800972, 0.0004115226341800972, 0.06766823586411648, 0.0004115226341800972, 0.00041152263418010464, 0.0004115226341805196, 0.0004115226341800978, 0.0004115226341801666, 0.03136787399995672, 0.0004115226341801609, 0.0004115226341800972, 0.0004115226341800972, 0.0004115226341800972, 0.0004115226341800972, 0.0004115226341800972], [0.0004115226353044173, 0.0004115226353044173, 0.0004115226353044173, 0.8775099017581613, 0.0004115226353044173, 0.0004115226353044173, 0.0004115226353044173, 0.0004115226353044173, 0.0004115226353044173, 0.0004115226353044173, 0.0004115226353044173, 0.0004115226353044173, 0.0004115226353044173, 0.0004115226353044173, 0.0004115226353044173, 0.0004115226353044173, 0.0004115226353044173, 0.09862178537915882, 0.0004115226353044173, 0.0004115226353044173, 0.0004115226353044173, 0.0004115226353044173, 0.0004115226353044173, 0.012757201709460896, 0.0004115226353044173, 0.0004115226353044173, 0.0004115226353044173, 0.0004115226353044173, 0.0004115226353044173, 0.0004115226353044173], [0.0004115226350600412, 0.0004115226350600169, 0.0004115226350600169, 0.8810678951966089, 0.0004115226350600169, 0.0004115226350600169, 0.010205832450098361, 0.0004115226350600169, 0.0004115226350600169, 0.0004115226350600169, 0.0004115226350600169, 0.0004115226350600169, 0.0004115226350600169, 0.0004115226350600181, 0.0004115226350600169, 0.0004115226350601489, 0.0004115226350600169, 0.06352233129407105, 0.0004115226350600169, 0.000411522635060017, 0.00041152263514463816, 0.0004115226350600169, 0.012506128503895571, 0.02240974667874098, 0.0004115226350601521, 0.0004115226350600169, 0.0004115226350600169, 0.0004115226350600169, 0.0004115226350600169, 0.0004115226350600169], [0.00041152263898874006, 0.00041152263898874006, 0.00041152263898874006, 0.876779561634736, 0.00041152263907008076, 0.00041152263898874006, 0.0014856080393276514, 0.00041152263898874006, 0.00041152263898874006, 0.00041152263898874006, 0.00041152263898874006, 0.00041152263898874006, 0.00041152263898874006, 0.00041152263898874006, 0.00041152263898874006, 0.00041152263898874006, 0.00041152263898874006, 0.05211616461590662, 0.00041152263898874006, 0.0004115226389888148, 0.00041152263898874006, 0.00041152263898874006, 0.00041152263898874006, 0.0589190770962412, 0.00041152263898874006, 0.00041152263898874006, 0.00041152263898874006, 0.00041152263898874006, 0.00041152263898874006, 0.00041152263898874006], [0.0004115226340125271, 0.0004115226340125271, 0.0004115226340125271, 0.9562324299445563, 0.0004115226340125271, 0.0004115226340125271, 0.0004115226340125271, 0.0004115226340125271, 0.0004115226340125271, 0.0004115226340125271, 0.0004115226340125271, 0.0004115226340125271, 0.0004115226340125271, 0.0004115226340125271, 0.0004115226340125271, 0.0004115226340125271, 0.0004115226340125271, 0.032244936302645334, 0.0004115226340125271, 0.0004115226340125271, 0.0004115226340125271, 0.0004115226340125271, 0.0004115226340125271, 0.00041152263446052177, 0.0004115226340125271, 0.0004115226340125271, 0.0004115226340125271, 0.0004115226340125271, 0.0004115226340125271, 0.0004115226340125271], [0.0004115226571483722, 0.0004115226571483722, 0.0004115226571483722, 0.8972594126545287, 0.0004115226572548091, 0.0004115226571483722, 0.0004115226572045379, 0.0004115226571483722, 0.0004115226571483722, 0.0004115226571483722, 0.0004115226571483722, 0.0004115226571483722, 0.0004115226571483722, 0.00041152265715861815, 0.0004115226571483722, 0.00041152265714938384, 0.0004115226571483722, 0.05600996117434083, 0.0004115226571483722, 0.0004115226571483722, 0.0004115226571483722, 0.0004115226571483722, 0.0004115226571499012, 0.03561951442794805, 0.0004115226571483722, 0.0004115226571483722, 0.0004115226571483722, 0.0004115226571495532, 0.0004115226571483722, 0.0004115226571483722], [0.00041152263393562285, 0.00041152263393562285, 0.00041152263393562285, 0.9291253075158851, 0.0004115226339607109, 0.00041152263393562285, 0.00041152263393562285, 0.00041152263393562285, 0.00041152263393562285, 0.00041152263393562285, 0.00041152263393562285, 0.00041152263393562285, 0.00041152263393562285, 0.0004115226339361664, 0.00041152263393562285, 0.00041152263393562285, 0.00041152263393562285, 0.05582472187897899, 0.00041152263393562285, 0.00041152263393562285, 0.00041152263393562285, 0.00041152263393562285, 0.00041152263393562285, 0.003938859488848865, 0.00041152263393562285, 0.00041152263393562285, 0.00041152263393562285, 0.00041152263393562285, 0.00041152263393562285, 0.00041152263393562285], [0.00041152263746008927, 0.00041152263746008927, 0.00041152263746008927, 0.8855951970242364, 0.0004115226374601778, 0.00041152263746027954, 0.021467580997087354, 0.00041152263747095086, 0.00041152263746008927, 0.00041152263746008927, 0.00041152263746008927, 0.00041152263746008927, 0.00041152263746008927, 0.00041152263746008927, 0.00041152263746008927, 0.00041152263746171264, 0.00041152263746008927, 0.05588998892046813, 0.00041152263746590504, 0.0004115226374602342, 0.00041152263746018744, 0.00041152263746008927, 0.00041152263746008927, 0.026347644484226856, 0.00041152263746008927, 0.00041152263746008927, 0.00041152263746008927, 0.00041152263746020495, 0.00041152263746008927, 0.00041152263746008927], [0.00041152263496902397, 0.00041152263496902397, 0.00041152263496902397, 0.8760961253785569, 0.00041152263497014823, 0.00041152263496902397, 0.00041152263496902397, 0.00041152263496902397, 0.00041152263496902397, 0.00041152263496902397, 0.00041152263496902397, 0.00041152263496902397, 0.00041152263496902397, 0.00041152263497021204, 0.00041152263496902397, 0.00041152263496902397, 0.00041152263496902397, 0.10497383072395892, 0.00041152263496902397, 0.00041152263496902397, 0.00041152263496902397, 0.00041152263496902397, 0.00041152263496902397, 0.007818932753318448, 0.00041152263496902397, 0.00041152263496902397, 0.00041152263496902397, 0.00041152263496902397, 0.00041152263496902397, 0.00041152263496902397], [0.00041152263387945267, 0.00041152263387945267, 0.00041152263387945267, 0.8426712007175785, 0.00041152263387945267, 0.00041152263387945267, 0.00041152263387945267, 0.00041152263387945267, 0.00041152263387945267, 0.00041152263387945267, 0.00041152263387945267, 0.00041152263387945267, 0.00041152263387945267, 0.00041152263387945294, 0.00041152263387945267, 0.00041152263387945267, 0.00041152263387945267, 0.055859282147710396, 0.00041152263387945267, 0.00041152263387945267, 0.00041152263387945267, 0.00041152263387945267, 0.00041152263387945267, 0.09035840601996616, 0.00041152263387945267, 0.00041152263387945267, 0.00041152263387945267, 0.00041152263387945267, 0.00041152263387945267, 0.00041152263387945267], [0.0004115226340469142, 0.0004115226340469142, 0.0004115226340469142, 0.8751865052627954, 0.0004115226340520639, 0.0004115226340469142, 0.048907421824155986, 0.00041152263404736186, 0.0004115226340469142, 0.0004115226340469142, 0.0004115226340469142, 0.0004115226340469142, 0.0004115226340469142, 0.0004115226340469142, 0.0004115226340469142, 0.0004115226340469437, 0.0004115226340469142, 0.042744316206711, 0.0004115226340469142, 0.0004115226340701949, 0.00041152263404692634, 0.0004115226340469142, 0.000411522634046917, 0.022462168221089058, 0.0004115226340469142, 0.0004115226340469142, 0.0004115226340469142, 0.0004115226340469142, 0.0004115226340469142, 0.0004115226340469142], [0.0004115226954760259, 0.0004115226954760259, 0.0004115226954760259, 0.8891479413627154, 0.00041152269547602735, 0.0004115226954760622, 0.0054412446813953165, 0.0004115227805359103, 0.0004115226954760259, 0.0004115226954760259, 0.0004115226954760259, 0.0004115226954760259, 0.0004115226954760259, 0.000411522695477718, 0.0004115226954761947, 0.01458603369916504, 0.00041152269547602637, 0.052233308664500724, 0.0004115226954760259, 0.00041152269547617285, 0.0004115226963016856, 0.0004115226954760259, 0.0004115226955132274, 0.02830340411939844, 0.00041152269547603163, 0.0004115226954760259, 0.0004115226954760259, 0.0004115226954760274, 0.0004115226954760259, 0.0004115226954760259], [0.0004115226339968678, 0.0004115226339968678, 0.0004115226339968678, 0.9242795722593173, 0.008640408116518738, 0.0004115226339968678, 0.0004115226356347945, 0.0004115226339968678, 0.0004115226339968678, 0.0004115226339968678, 0.0004115226339968678, 0.0004115226339968678, 0.0004115226339968678, 0.0004115226339968678, 0.0004115226339968678, 0.0004115226339968678, 0.0004115226339968678, 0.048767262409709126, 0.0004115226339968678, 0.0004115226339968678, 0.0004115226339968678, 0.0004115226339968678, 0.0004115226339968678, 0.00761316872889868, 0.0004115226339968678, 0.0004115226339968678, 0.0004115226339968678, 0.0004115226339968678, 0.0004115226339968678, 0.0004115226339968678], [0.0004115226337579344, 0.0004115226337579343, 0.0004115226337579343, 0.7118405778937306, 0.00041152263375793583, 0.0004115226337579343, 0.00041152263375805645, 0.0004115226337579343, 0.0004115226337579343, 0.0004115226337579343, 0.0004115226337579343, 0.0004115226337579343, 0.0004115226337579343, 0.00041152263375793464, 0.0004115226337579343, 0.0004115226337579344, 0.0004115226337579343, 0.11153648986016318, 0.0004115226337579343, 0.0004115226337579356, 0.12625874803450543, 0.0004115226337579343, 0.00041152263375794494, 0.039664595733894664, 0.00041152263375793447, 0.0004115226337579343, 0.0004115226337579343, 0.0004115226337579346, 0.0004115226337579343, 0.0004115226337579343], [0.00041152271412499996, 0.00041152271412499996, 0.00041152271412499996, 0.8815167195227472, 0.0004115227141455658, 0.00041152271412499996, 0.0017833622482401315, 0.0022405120088077354, 0.00041152271412499996, 0.00041152271412499996, 0.00041152271412499996, 0.00041152271412499996, 0.00041152271412499996, 0.00041152271413517704, 0.00041152271412499996, 0.0004115227141345915, 0.00041152271412595856, 0.060779010752936256, 0.00041152271412499996, 0.003154905598985876, 0.0004115227141366688, 0.011385260723331547, 0.0004115227141257052, 0.02967520672002299, 0.0004115227141250379, 0.00041152271412499996, 0.00041152271412499996, 0.00041152271412499996, 0.00041152271412499996, 0.00041152271412499996], [0.0004115226337620711, 0.0004115226337620711, 0.000411522633762071, 0.7751057981675162, 0.0004115226337620742, 0.000411522633762071, 0.00041152263376261617, 0.11449558189938419, 0.000411522633762071, 0.000411522633762071, 0.000411522633762071, 0.000411522633762071, 0.000411522633762071, 0.0004115226337620716, 0.000411522633762071, 0.0004115226337620715, 0.000411522633762071, 0.07295996778351777, 0.000411522633762071, 0.000411522633762071, 0.000411522633762071, 0.000411522633762071, 0.0004115226337620714, 0.02673906367176767, 0.0004115226337620711, 0.000411522633762071, 0.000411522633762071, 0.0004115226337620711, 0.000411522633762071, 0.000411522633762071], [0.00041152269622251437, 0.00041152269622191817, 0.0004115226962219172, 0.8656859498377191, 0.0004115226962219231, 0.0004115226962219771, 0.0017842378417150598, 0.0004115227344636512, 0.0004115226962219172, 0.0004115226962219172, 0.0004115226962219172, 0.0004115226962219172, 0.0004115226962219172, 0.01641404782592591, 0.0004115226962219172, 0.00041152269622209614, 0.00041152269622247935, 0.08073481233294637, 0.0004115226962219172, 0.000411522696222913, 0.00041152269726341833, 0.0004115226962219172, 0.00041152269622387184, 0.02509288471685823, 0.0004115226962219172, 0.0004115226962219172, 0.0004115226962219172, 0.0004115226962219235, 0.0004115226962219172, 0.0004115226962219172], [0.00041152263401220466, 0.00041152263401220466, 0.00041152263401220466, 0.9757201612928782, 0.00041152263401220466, 0.00041152263401220466, 0.00041152263401220466, 0.00041152263401220466, 0.00041152263401220466, 0.00041152263401220466, 0.00041152263401220466, 0.00041152263401220466, 0.00041152263401220466, 0.00041152263401220466, 0.00041152263401220466, 0.00041152263401220466, 0.00041152263401220466, 0.012757204940068271, 0.00041152263401220466, 0.00041152263401220466, 0.00041152263401268626, 0.00041152263401220466, 0.00041152263401220466, 0.0004115226487237818, 0.00041152263401220466, 0.00041152263401220466, 0.00041152263401220466, 0.00041152263401220466, 0.00041152263401220466, 0.00041152263401220466], [0.00041152263376882827, 0.00041152263376882827, 0.00041152263376882827, 0.8127560462113012, 0.00041152263376882827, 0.00041152263376882827, 0.00041152263376882827, 0.00041152263376882827, 0.00041152263376882827, 0.00041152263376882827, 0.00041152263376882827, 0.00041152263376882827, 0.00041152263376882827, 0.00041152263376883027, 0.00041152263376882827, 0.00041152263376882827, 0.00041152263376882827, 0.07956402224022557, 0.00041152263376882827, 0.00041152263376882827, 0.00041152263376883266, 0.00041152263376882827, 0.00041152263376882827, 0.09656882043671523, 0.00041152263376882827, 0.00041152263376882827, 0.00041152263376882827, 0.00041152263376882827, 0.00041152263376882827, 0.00041152263376882827], [0.0004115226915374514, 0.00041152269153745224, 0.0004115226915374514, 0.8771325864110618, 0.00041152269155974057, 0.0004115226915392421, 0.009107081419070356, 0.0004115226916154466, 0.0004115226915374514, 0.0004115226915374514, 0.0004115226915374514, 0.0004115226915374514, 0.0004115226915374514, 0.01824402317661635, 0.00041152269153756977, 0.0004115226915412136, 0.00041152269153745306, 0.06469794245508267, 0.0004115226915374514, 0.0004115226915399426, 0.0004115226915374517, 0.00041152269153747696, 0.0004115226915451527, 0.020530299249612662, 0.00041152269153859526, 0.0004115226915374514, 0.0004115226915374514, 0.0004115226915399844, 0.0004115226915374514, 0.0004115226915374514], [0.00041152263376692717, 0.00041152263376692717, 0.00041152263376692717, 0.9674896991265899, 0.00041152263376692717, 0.00041152263376692717, 0.00041152263376692717, 0.00041152263376692717, 0.00041152263376692717, 0.00041152263376692717, 0.00041152263376692717, 0.00041152263376692717, 0.00041152263376692717, 0.00041152263376692717, 0.00041152263376692717, 0.00041152263376692717, 0.00041152263376692717, 0.02098766712793632, 0.00041152263376692717, 0.00041152263376692717, 0.00041152263376692717, 0.00041152263376692717, 0.00041152263376692717, 0.00041152263376692717, 0.00041152263376692717, 0.00041152263376692717, 0.00041152263376692717, 0.00041152263376692717, 0.00041152263376692717, 0.00041152263376692717], [0.00041152263379342074, 0.00041152263379342074, 0.00041152263379342074, 0.8153550972046295, 0.05951150558441407, 0.00041152263379342074, 0.00041152263379342366, 0.00041152263379342074, 0.00041152263379342074, 0.00041152263379342074, 0.00041152263379342074, 0.00041152263379342074, 0.00041152263379342074, 0.0004115226337934417, 0.00041152263379342074, 0.0004115226337934208, 0.00041152263379342074, 0.09918830661018263, 0.00041152263379342074, 0.00041152263379345055, 0.00041152263379342074, 0.00041152263379342074, 0.00041152263379346877, 0.015245502122145088, 0.0004115226337934255, 0.00041152263379342074, 0.00041152263379342074, 0.0004115226337934209, 0.00041152263379342074, 0.00041152263379342074], [0.0004115226338060726, 0.0004115226338060726, 0.0004115226338060726, 0.8411260207862041, 0.034897441802444515, 0.0004115226338060726, 0.000411522633807407, 0.00041152263380617323, 0.0004115226338060726, 0.0004115226338060726, 0.0004115226338060726, 0.0004115226338060726, 0.0004115226338060726, 0.0004115226338061029, 0.0004115226338060726, 0.0004115226338060726, 0.00041152263380607327, 0.08937804497710786, 0.0004115226338060726, 0.0004115226338070617, 0.0004115226338060732, 0.0004115226338060726, 0.000411522633806083, 0.023898903955283095, 0.0004115226338060726, 0.0004115226338060726, 0.0004115226338060726, 0.00041152263380618364, 0.0004115226338060726, 0.0004115226338060726], [0.0004115226337789389, 0.0004115226337789389, 0.0004115226337789389, 0.763807881117265, 0.0004115226337789865, 0.0004115226337789389, 0.0004115226339626877, 0.0004115226337789389, 0.0004115226337789389, 0.0004115226337789389, 0.0004115226337789389, 0.0004115226337789389, 0.0004115226337789389, 0.0004115226337789389, 0.0004115226337789389, 0.0004115226337789389, 0.0004115226337789389, 0.2098546703828843, 0.0004115226337789389, 0.004115226276039494, 0.0004115226337789389, 0.0004115226337789389, 0.0004115226337894516, 0.01152263374536447, 0.0004115226337789389, 0.0004115226337789389, 0.0004115226337789389, 0.0004115226337789389, 0.0004115226337789389, 0.0004115226337789389], [0.0004115226338003269, 0.0004115226338003269, 0.0004115226338003269, 0.9078924831621753, 0.0004115226338003883, 0.0004115226338003269, 0.0004115226338003269, 0.0004115226338003269, 0.0004115226338003269, 0.0004115226338003269, 0.0004115226338003269, 0.0004115226338003269, 0.0004115226338003269, 0.03243669733463648, 0.0004115226338003269, 0.00041152263380032705, 0.0004115226338003269, 0.048559708390574365, 0.0004115226338003269, 0.0004115226338003269, 0.00041152263380107954, 0.0004115226338003269, 0.0004115226338003269, 0.0004115226338049724, 0.0004115226338003269, 0.0004115226338003269, 0.0004115226338003269, 0.0004115226338003269, 0.0004115226338003269, 0.0004115226338003269], [0.00041152263386672787, 0.00041152263386672787, 0.00041152263386672787, 0.8124772903429384, 0.0004115226338668176, 0.00041152263386672787, 0.00041152263575691233, 0.00041152263386672787, 0.00041152263386672787, 0.00041152263386672787, 0.00041152263386672787, 0.00041152263386672787, 0.00041152263386672787, 0.0004115226338667315, 0.00041152263386672787, 0.00041152263386672787, 0.00041152263386672787, 0.09506740191337812, 0.008641975144945144, 0.00041152263386672787, 0.018243986236955795, 0.00041152263386672787, 0.0004115226338667519, 0.038873470256214314, 0.00041152263386672787, 0.00041152263386672787, 0.00041152263386672787, 0.016819332890876833, 0.00041152263386672787, 0.00041152263386672787], [0.00041152263376103323, 0.00041152263376103323, 0.00041152263376103323, 0.7152250990716713, 0.00041152263376103323, 0.00041152263376103323, 0.00041152263376103323, 0.00041152263376103323, 0.00041152263376103323, 0.00041152263376103323, 0.00041152263376103323, 0.00041152263376103323, 0.00041152263376103323, 0.00041152263376103323, 0.00041152263376103323, 0.00041152263376103323, 0.00041152263376103323, 0.273252267183013, 0.00041152263376103323, 0.00041152263376103323, 0.00041152263376103323, 0.00041152263376103323, 0.00041152263376103323, 0.0004115226337679856, 0.00041152263376103323, 0.00041152263376103323, 0.00041152263376103323, 0.00041152263376103323, 0.00041152263376103323, 0.00041152263376103323], [0.0004115226339966566, 0.0004115226339966566, 0.0004115226339966566, 0.8008457087358051, 0.0004115226339966566, 0.0004115226339966566, 0.0014403286932205828, 0.0004115226339966566, 0.0004115226339966566, 0.0004115226339966566, 0.0004115226339966566, 0.0004115226339966566, 0.0004115226339966566, 0.0004115226339966566, 0.0004115226339966566, 0.0004115226339966566, 0.0004115226339966566, 0.1721995592602976, 0.0004115226339966566, 0.0004115226339966566, 0.0004115226339966566, 0.0004115226339966566, 0.0004115226339966566, 0.014814814826763958, 0.0004115226339966566, 0.0004115226339966566, 0.0004115226339966566, 0.0004115226339966566, 0.0004115226339966566, 0.0004115226339966566], [0.00041152263380364145, 0.00041152263380364145, 0.00041152263380364145, 0.9712200759512021, 0.00041152263380364145, 0.00041152263380364145, 0.00041152263380364145, 0.00041152263380364145, 0.00041152263380364145, 0.00041152263380364145, 0.00041152263380364145, 0.00041152263380364145, 0.00041152263380364145, 0.00041152263380364145, 0.00041152263380364145, 0.00041152263380364145, 0.00041152263380364145, 0.01725729030229605, 0.00041152263380364145, 0.00041152263380364145, 0.00041152263380364145, 0.00041152263380364145, 0.00041152263380364145, 0.00041152263380364145, 0.00041152263380364145, 0.00041152263380364145, 0.00041152263380364145, 0.00041152263380364145, 0.00041152263380364145, 0.00041152263380364145], [0.0004115226338370233, 0.0004115226338370233, 0.0004115226338370233, 0.8500213211349881, 0.029555569028994266, 0.0004115226338370233, 0.0004115226338390583, 0.0004115226338370239, 0.0004115226338370233, 0.0004115226338370233, 0.0004115226338370233, 0.0004115226338370233, 0.0004115226338370233, 0.0004115226338370233, 0.0004115226338370233, 0.00041152263383704827, 0.0004115226338370233, 0.08349884198675346, 0.0004115226338370233, 0.0004115226338370233, 0.0004115226338382066, 0.0004115226338370233, 0.00041152263383703466, 0.026224679369498606, 0.0004115226338370289, 0.0004115226338370233, 0.0004115226338370233, 0.0004115226338370233, 0.0004115226338370233, 0.0004115226338370233], [0.00041152265643624303, 0.00041152265643624303, 0.00041152265643624303, 0.8836519760278218, 0.0004115226564479309, 0.00041152265643624303, 0.019598149681470167, 0.00041152265643624303, 0.00041152265643624303, 0.00041152265643624303, 0.00041152265643624303, 0.00041152265643624303, 0.00041152265643624303, 0.0004115226564464541, 0.00041152265643624303, 0.00041152265643624303, 0.00041152265643624303, 0.06138817006772243, 0.00041152265643624303, 0.00041152265643624314, 0.0004115226564362463, 0.00041152265643624303, 0.0004115226564371634, 0.02466211515562066, 0.00041152265643624303, 0.00041152265643624303, 0.00041152265643624303, 0.00041152265643624303, 0.00041152265643624303, 0.00041152265643624303], [0.00041152264609114304, 0.00041152264609114304, 0.00041152264609114304, 0.9384751652607903, 0.00041152264617592765, 0.00041152264609114304, 0.0004115226461014831, 0.00041152264609114304, 0.00041152264609114304, 0.00041152264609114304, 0.00041152264609114304, 0.00041152264609114304, 0.00041152264609114304, 0.00041152264609114304, 0.00041152264609114304, 0.00041152264609114304, 0.00041152264609114304, 0.03552458063315119, 0.00041152264609114304, 0.0004115226460921811, 0.00041152264609114304, 0.00041152264609114304, 0.00041152264609114304, 0.008716332426478261, 0.006584332881114542, 0.00041152264609114304, 0.00041152264609114304, 0.00041152264609114304, 0.00041152264609114304, 0.00041152264609114304], [0.0004115227019543762, 0.00041152270195462734, 0.0004115227019543762, 0.9051998843203256, 0.00041152270836504457, 0.0004115227019543762, 0.0031550073089577167, 0.0004115227019543762, 0.0004115227019543762, 0.0004115227019543762, 0.0004115227019543762, 0.0004115227019543762, 0.0004115227019543762, 0.0004115227019544292, 0.0004115227019543762, 0.0004115227019665194, 0.0004115227019543762, 0.045785652529595246, 0.0004115227019554476, 0.011383399260968164, 0.0004115227019543838, 0.0004115227019543762, 0.00041152270195472893, 0.024187989024869395, 0.0004115227019543762, 0.0004115227019543762, 0.0004115227019543762, 0.0004115227019543762, 0.0004115227019543762, 0.0004115227019543762], [0.00041152263566309355, 0.00041152263566309355, 0.00041152263566309355, 0.9225556143397979, 0.00041152263566309355, 0.00041152263566309355, 0.00041152263566309355, 0.00041152263566309355, 0.00041152263566309355, 0.00041152263566309355, 0.00041152263566309355, 0.00041152263566309355, 0.00041152263566309355, 0.00041152263566309355, 0.00041152263566309355, 0.00041152263566309355, 0.00041152263566309355, 0.05419394554046529, 0.00041152263566309355, 0.00041152263566927627, 0.0004115226356636917, 0.00041152263566309355, 0.00041152263566309355, 0.012139328956826867, 0.00041152263566309355, 0.00041152263566309355, 0.00041152263566309355, 0.00041152263566309355, 0.00041152263566309355, 0.00041152263566309355], [0.00041152263464517663, 0.00041152263464517663, 0.00041152263464517663, 0.8698547058007791, 0.00041152263464580026, 0.00041152263464517663, 0.0004115226346469031, 0.00041152263464517663, 0.00041152263464517663, 0.00041152263464517663, 0.00041152263464517663, 0.00041152263464517663, 0.00041152263464517663, 0.00041152263464517815, 0.00041152263464517663, 0.00041152263464517663, 0.00041152263464517663, 0.05216329846842129, 0.00041152263464517663, 0.00041152263464517663, 0.00041152263464517663, 0.00041152263464517663, 0.00041152263464517663, 0.06687088459537699, 0.00041152263464517663, 0.00041152263464517663, 0.00041152263464517663, 0.00041152263464581403, 0.00041152263464517663, 0.00041152263464517663], [0.00041152263475070376, 0.00041152263475070376, 0.00041152263475070376, 0.8844437878469528, 0.00041152263475070376, 0.00041152263475070376, 0.02650111940571546, 0.0004115226347536427, 0.00041152263475070376, 0.00041152263475070376, 0.00041152263475070376, 0.00041152263475070376, 0.00041152263475070376, 0.00041152263475070376, 0.00041152263475070376, 0.00041152263475070376, 0.00041152263475070376, 0.051019980129830465, 0.00041152263475070376, 0.0004115226347508096, 0.0033164293933123814, 0.00041152263475070376, 0.00041152263475071574, 0.024430617355418516, 0.00041152263475070376, 0.00041152263475070376, 0.00041152263475070376, 0.00041152263475070376, 0.00041152263475070376, 0.00041152263475070376], [0.0004115226348799672, 0.0004115226348799672, 0.0004115226348799672, 0.9515371508440493, 0.0004115226348799672, 0.0004115226348799672, 0.0004115226348799672, 0.0004115226348799672, 0.0004115226348799672, 0.0004115226348799672, 0.0004115226348799672, 0.0004115226348799672, 0.0004115226348799672, 0.0004115226348799672, 0.0004115226348799672, 0.0004115226348874807, 0.0004115226348799672, 0.03385379562888228, 0.0004115226348799672, 0.0004115226348799672, 0.0004115226348846003, 0.0004115226348799672, 0.0004115226348799672, 0.0034979423852974025, 0.0004115226348799672, 0.0004115226348799672, 0.0004115226348799672, 0.0004115226348799672, 0.0004115226348799672, 0.0004115226348799672], [0.0004115226345800427, 0.00041152263458002643, 0.00041152263458002643, 0.9000730633566421, 0.00041152263458009154, 0.00041152263458002643, 0.00041152263481410633, 0.00041152263458002643, 0.00041152263458002643, 0.00041152263458002643, 0.00041152263458002643, 0.00041152263458002643, 0.00041152263458002643, 0.00041152263458002643, 0.00041152263458002643, 0.00041152263458004785, 0.00041152263458002643, 0.0513691566268028, 0.00041152263458002643, 0.020471773676660806, 0.0004115226345800566, 0.00041152263458002643, 0.0004115226346235029, 0.017386417840536184, 0.00041152263458003397, 0.00041152263458002643, 0.00041152263458002643, 0.0004115226345800266, 0.00041152263458002643, 0.00041152263458002643], [0.0004115227038689043, 0.00041152270386919106, 0.0004115227038689043, 0.8733796768886095, 0.0004115227039322123, 0.00041152270386896604, 0.007266167432297058, 0.0004115227038689043, 0.0004115227038689043, 0.0004115227038689043, 0.0004115227038689043, 0.0004115227038689043, 0.0004115227038689043, 0.0004115227038690254, 0.00041152270386919166, 0.00041152270387364334, 0.0004115227038689043, 0.06252014068071395, 0.0004115227038689043, 0.010469242663499686, 0.00041152270386924435, 0.0004115227038689043, 0.0004115227038689408, 0.03607670473808765, 0.00041152270386947436, 0.0004115227038689043, 0.0004115227038689043, 0.0004115227038689043, 0.0004115227038689043, 0.0004115227038689043], [0.0004115226346638007, 0.0004115226346638007, 0.0004115226346638007, 0.9175704707335655, 0.00041152263467860486, 0.0004115226346638007, 0.0004115226346638007, 0.0004115226346638007, 0.0004115226346638007, 0.0004115226346638007, 0.0004115226346638007, 0.0004115226346638007, 0.0004115226346638007, 0.0004115226346638007, 0.0004115226346638007, 0.0004115226346638007, 0.0004115226346638007, 0.045443877647442295, 0.0004115226346638007, 0.0004115226346652518, 0.0004115226346671519, 0.0004115226346638007, 0.0004115226346638007, 0.025874540483050282, 0.0004115226346638007, 0.0004115226346638007, 0.0004115226346638007, 0.0004115226346638007, 0.0004115226346638007, 0.0004115226346638007], [0.00041152263406390874, 0.00041152263406390874, 0.00041152263406390874, 0.9432759762448926, 0.00041152263406390874, 0.00041152263406390874, 0.0004115226340699365, 0.00041152263406390874, 0.00041152263406390874, 0.00041152263406390874, 0.00041152263406390874, 0.00041152263406390874, 0.00041152263406390874, 0.00041152263406390874, 0.00041152263406390874, 0.00041152263406390874, 0.00041152263406390874, 0.03285571102712005, 0.00041152263406390874, 0.00041152263406390874, 0.0004115226340644601, 0.00041152263406390874, 0.00041152263406390874, 0.01275720160825547, 0.00041152263406390874, 0.00041152263406390874, 0.00041152263406390874, 0.00041152263406390874, 0.00041152263406390874, 0.00041152263406390874], [0.00041152263471533286, 0.00041152263471533286, 0.00041152263471533286, 0.8774824012288567, 0.0004115226347158573, 0.00041152263471533286, 0.006428079951967915, 0.00041152263471533286, 0.00041152263471533286, 0.00041152263471533286, 0.00041152263471533286, 0.00041152263471533286, 0.00041152263471533286, 0.00041152263471533286, 0.00041152263471533286, 0.0004115226347153346, 0.00041152263471533286, 0.09062459463028416, 0.00041152263471533286, 0.00041152263471533297, 0.00041152265438767967, 0.00041152263471533286, 0.00041152263471533286, 0.01476533566662001, 0.00041152263471533286, 0.00041152263471533286, 0.00041152263471533286, 0.00041152263471533286, 0.00041152263471533286, 0.00041152263471533286], [0.0004115226519770714, 0.0004115226519770714, 0.0004115226519770714, 0.8686805056776934, 0.00041152265217556783, 0.0004115226519770714, 0.00041152349595669196, 0.00041152265197727826, 0.0004115226519770714, 0.0004115226519770714, 0.0004115226519770714, 0.0004115226519770714, 0.0004115226519770714, 0.0004115226519858401, 0.0004115226519770714, 0.00041152265199780123, 0.0004115226519770714, 0.05258165274398234, 0.0004115226519770714, 0.0004115226519770714, 0.0004115226519772977, 0.0004115226519770714, 0.00041152265197819235, 0.06762672913073428, 0.0004115226519770714, 0.0004115226519770714, 0.0004115226519770714, 0.0004115226519770714, 0.0004115226519770714, 0.0004115226519770714], [0.0004115226340305594, 0.0004115226340305594, 0.0004115226340305594, 0.8617602497465261, 0.0004115226340306658, 0.0004115226340305594, 0.00041152263403135644, 0.0004115226340305594, 0.0004115226340305594, 0.0004115226340305594, 0.0004115226340305594, 0.0004115226340305594, 0.0004115226340305594, 0.0004115226340305594, 0.0004115226340305594, 0.0004115226340309211, 0.0004115226340305594, 0.05181584756523662, 0.0004115226340305594, 0.0004115226340306587, 0.00041152263403098824, 0.0004115226340305594, 0.023203544786663133, 0.05252076941677811, 0.0004115226340305594, 0.0004115226340305594, 0.0004115226340305594, 0.0004115226340305594, 0.0004115226340305594, 0.0004115226340305594], [0.0004115226382795945, 0.00041152263827961297, 0.0004115226382795945, 0.8605539007177613, 0.00041152263828152675, 0.0004115226382798793, 0.00041152263829629553, 0.00041152263829125844, 0.0004115226382795945, 0.0004115226382795945, 0.0004115226382795945, 0.0004115226382795945, 0.0004115226382795945, 0.0004115226382795945, 0.0004115226382795945, 0.014058012965402267, 0.0004115226382795945, 0.07270011123806595, 0.0004115226382795945, 0.0004115226382801334, 0.01085960837780473, 0.0004115226382795945, 0.00041152263838691836, 0.03154030074383736, 0.00041152263827977386, 0.0004115226382795945, 0.0004115226382795945, 0.0004115226382797122, 0.0004115226382795945, 0.0004115226382795945], [0.0004115226402376094, 0.00041152264023762533, 0.0004115226402376094, 0.8834224693829583, 0.00041152264024494516, 0.0004115226402376094, 0.00041152264023766984, 0.00041152264024775596, 0.0004115226402376094, 0.0004115226402376094, 0.0004115226402376094, 0.0004115226402376094, 0.0004115226402376094, 0.0004115226402380931, 0.0004115226402376094, 0.0004115226402422118, 0.018930024704815796, 0.06431414609633294, 0.0004115226402376094, 0.0004115226402376094, 0.0004115226403519084, 0.00041152264023761634, 0.00041152264023767336, 0.022633771169578033, 0.0004115226402376094, 0.0004115226402376094, 0.0004115226402376094, 0.0004115226402378118, 0.0004115226402376094, 0.0004115226402376094], [0.00041152263382055045, 0.00041152263382055045, 0.00041152263382055045, 0.8073803389620214, 0.00041152263382072604, 0.00041152263382055045, 0.0004115226338205517, 0.00041152263382055045, 0.00041152263382055045, 0.00041152263382055045, 0.00041152263382055045, 0.00041152263382055045, 0.00041152263382055045, 0.00041152263382055067, 0.00041152263382055045, 0.00041152263382055045, 0.00041152263382055045, 0.07768600024462344, 0.00041152263382055045, 0.00041152263382055045, 0.00895853118092263, 0.00041152263382055045, 0.00041152263382055045, 0.09527554113309833, 0.00041152263382055045, 0.00041152263382055045, 0.00041152263382055045, 0.00041152263382055045, 0.00041152263382055045, 0.00041152263382055045], [0.0004115226365435457, 0.00041152263654355115, 0.0004115226365435457, 0.879673199406385, 0.00041152263654358216, 0.0004115226365435457, 0.010013717478957422, 0.0004115226365435457, 0.0004115226365435457, 0.0004115226365435457, 0.0004115226365435457, 0.0004115226365435457, 0.0004115226365435457, 0.0004115226365435457, 0.0004115226365435512, 0.0004115226365435807, 0.0004115226365435457, 0.04501834565781693, 0.025788744715545042, 0.00041152263654355457, 0.00041152263654363957, 0.0004115226365435457, 0.00041152263654381467, 0.02921792682770664, 0.0004115226365435457, 0.0004115226365435457, 0.0004115226365435457, 0.0004115226365435807, 0.0004115226365435457, 0.0004115226365435457], [0.000411522634450561, 0.000411522634450561, 0.000411522634450561, 0.9684579715020623, 0.000411522634450561, 0.000411522634450561, 0.000411522634450561, 0.000411522634450561, 0.000411522634450561, 0.000411522634450561, 0.000411522634450561, 0.000411522634450561, 0.000411522634450561, 0.000411522634450561, 0.000411522634450561, 0.000411522634450561, 0.000411522634450561, 0.020019394733262783, 0.000411522634450561, 0.000411522634450561, 0.00041152263445215834, 0.000411522634450561, 0.000411522634450561, 0.0004115226345085748, 0.000411522634450561, 0.000411522634450561, 0.000411522634450561, 0.000411522634450561, 0.000411522634450561, 0.000411522634450561], [0.00041152263444911704, 0.00041152263444910333, 0.00041152263444910333, 0.8793784376797846, 0.0004115226344497052, 0.00041152263444910333, 0.006305328898864527, 0.0004115226344501071, 0.00041152263444910333, 0.00041152263444910333, 0.00041152263444910333, 0.00041152263444910333, 0.00041152263444910333, 0.0004115226344491037, 0.00041152263444910333, 0.0004115226344491274, 0.00041152263444910333, 0.05725223502285827, 0.00041152263444932185, 0.0004115226344491098, 0.0004115226344566878, 0.00041152263444910333, 0.030720235942564126, 0.016055696594691457, 0.00041152263444910333, 0.00041152263444910333, 0.00041152263444910333, 0.00041152263444912734, 0.00041152263444910333, 0.00041152263444910333], [0.00041152266532034146, 0.00041152266532034146, 0.00041152266532034146, 0.8813414636847344, 0.0004115226653203458, 0.00041152266532034146, 0.02282068182930524, 0.00041152266532079015, 0.00041152266532034146, 0.00041152266532034146, 0.00041152266532034146, 0.00041152266532034146, 0.00041152266532034146, 0.00041152266532040483, 0.00041152266532034146, 0.00041152266532034146, 0.0004115226653205435, 0.059106810178239905, 0.00041152266532034146, 0.00041152266532034146, 0.00041152266582079774, 0.00041152266532034146, 0.0004115226653206449, 0.026031455008890172, 0.00041152266532034146, 0.00041152266532034146, 0.00041152266532034146, 0.00041152266532034146, 0.00041152266532034146, 0.00041152266532034146], [0.00041152263436154994, 0.00041152263436154994, 0.00041152263436154994, 0.876245719892778, 0.0004115226343661427, 0.00041152263436155053, 0.005438689023046175, 0.00041152263436154994, 0.00041152263436154994, 0.00041152263436154994, 0.00041152263436154994, 0.00041152263436154994, 0.00041152263436154994, 0.00041152263436155053, 0.00041152263436154994, 0.00041152263436156734, 0.00041152263436154994, 0.06790385089197046, 0.00041152263436154994, 0.0004115226343703763, 0.00041152263436337454, 0.00041152263436154994, 0.00041152263436161575, 0.02099708350426353, 0.00041152263436154994, 0.00041152263436154994, 0.00041152263436154994, 0.01912659082888817, 0.00041152263436154994, 0.00041152263436154994], [0.0004115226362210933, 0.0004115226362211036, 0.0004115226362210933, 0.8668795154154527, 0.00041152263622109793, 0.0004115226362210933, 0.00041152263707401783, 0.00041152263622324764, 0.0004115226362210933, 0.0004115226362210933, 0.0004115226362210933, 0.0004115226362210933, 0.0004115226362210933, 0.00041152263622119654, 0.00041152263622109674, 0.0004115226362211667, 0.00041152263622110016, 0.05576038565678411, 0.0004115226362210933, 0.0004115226362212077, 0.00041152263622126577, 0.0004115226362210933, 0.04018608860694671, 0.026474421778211445, 0.0004115226362210933, 0.0004115226362210933, 0.0004115226362210933, 0.00041152263622231305, 0.0004115226362210933, 0.0004115226362210933], [0.0004115226338197833, 0.0004115226338197833, 0.0004115226338197833, 0.9703483495005756, 0.0004115226338197833, 0.0004115226338197833, 0.0004115226338197833, 0.0004115226338197833, 0.0004115226338197833, 0.0004115226338197833, 0.0004115226338197833, 0.0004115226338197833, 0.0004115226338197833, 0.0004115226338197833, 0.0004115226338197833, 0.0004115226338197833, 0.0004115226338197833, 0.011956177246193226, 0.0004115226338197833, 0.0004115226338197833, 0.0004115226338197833, 0.0004115226338197833, 0.0004115226338197833, 0.006584362140097209, 0.0004115226338197833, 0.0004115226338197833, 0.0004115226338197833, 0.0004115226338197833, 0.0004115226338197833, 0.0004115226338197833], [0.0004115226348015344, 0.0004115226348015344, 0.0004115226348015344, 0.8586145868531218, 0.00041152263480153647, 0.0004115226348015344, 0.011429263606632038, 0.00041152263480236963, 0.0004115226348015344, 0.0004115226348015344, 0.0004115226348015344, 0.0004115226348015344, 0.0004115226348015344, 0.0004115226348015347, 0.0004115226348015344, 0.0004115226348015425, 0.0004115226348015344, 0.04190051829377678, 0.0004115226348015344, 0.00041152263480164603, 0.000411522634808019, 0.0004115226348015344, 0.05034709813680812, 0.027420467239615425, 0.00041152263480153474, 0.0004115226348015344, 0.0004115226348015344, 0.00041152263480162185, 0.0004115226348015344, 0.0004115226348015344], [0.0004115226347195763, 0.0004115226347195763, 0.0004115226347195763, 0.8744055433216229, 0.0004115226347195763, 0.016037400885227263, 0.005134656387239779, 0.0004115226347195763, 0.0004115226347195763, 0.0004115226347195763, 0.0004115226347195763, 0.0004115226347195763, 0.0004115226347195763, 0.0004115226347195851, 0.0004115226347195763, 0.00041152263471958635, 0.0004115226347195764, 0.049052268705025485, 0.0004115226347195763, 0.0004115226347195763, 0.007818416480695482, 0.0004115226347195763, 0.00041152263471957675, 0.03767517098691945, 0.0004115226347195763, 0.0004115226347195763, 0.0004115226347195763, 0.00041152263471959903, 0.0004115226347195763, 0.0004115226347195763], [0.000411522634570173, 0.000411522634570173, 0.000411522634570173, 0.8551649340926091, 0.000411522634570173, 0.000411522634570173, 0.00041152263457614396, 0.000411522634570173, 0.000411522634570173, 0.000411522634570173, 0.000411522634570173, 0.000411522634570173, 0.000411522634570173, 0.000411522634570173, 0.00041152263457017