"[[0.00038557085434340766, 0.0003855708543434304, 0.0003855708543434028, 0.00038557085434380963, 0.00038557085434341915, 0.00038557085434344246, 0.0003855708543434331, 0.0003855708543434291, 0.031371255293476584, 0.0003855708543434239, 0.0003855708543434608, 0.000385570854343402, 0.00038557085435498184, 0.06488881265485207, 0.0003855708543441567, 0.00038557085434339845, 0.00038557085434339845, 0.00038557085434339845, 0.34719371341491634, 0.0003855708543434159, 0.00038557085434339893, 0.00038557085434339845, 0.024871478548204613, 0.0003855708543434137, 0.00038557085434344236, 0.000385570854343472, 0.0003855708543433993, 0.00038557085434339845, 0.383033841422562, 0.1393871981617336], [0.00039980301570268834, 0.00039980301570290106, 0.000399803015702674, 0.00039980301570281986, 0.00039980301570267436, 0.0003998030157026773, 0.16771263433085645, 0.00039980301570268065, 0.0003998030157031262, 0.0003998030157026749, 0.00039980301570278023, 0.0003998030157026698, 0.03324937590928112, 0.07767899885635696, 0.00039980301570267804, 0.0003998030157026855, 0.00039980301570267013, 0.0003998030157026698, 0.3224676507417922, 0.0003998030157026698, 0.00039980301570267354, 0.0003998030157026707, 0.0003998030157027675, 0.0003998030157030374, 0.0003998030157029001, 0.0003998030157028648, 0.0003998030157026698, 0.00039980301570268645, 0.3888962647691447, 0.0003998030157026816], [0.0005520301290578313, 0.0005520301290579567, 0.0005520301290578331, 0.0005520301290578828, 0.0005520301290578333, 0.09283789829433109, 0.0005520301290589534, 0.0005520301290578431, 0.0005520301290588437, 0.000552030129057991, 0.0005520301290578871, 0.000552030129057844, 0.03953477235605529, 0.026592834501511, 0.0005520301290578718, 0.0005520301290579199, 0.0005520301290578313, 0.0005520301290578319, 0.48160729177853434, 0.0005520301290578313, 0.0005520301290579079, 0.0005520301290578313, 0.0005520301290631907, 0.0005520301290587239, 0.0005520301290580397, 0.009079998306654903, 0.0005520301290578444, 0.0005520301290580041, 0.3370984816655158, 0.0005520301290579865], [0.0004962999833021395, 0.0004962999833021395, 0.0004962999833021395, 0.0004962999833021395, 0.0004962999833021395, 0.0004962999833021395, 0.0004962999833021395, 0.0004962999833021395, 0.0004962999833027904, 0.0004962999833021395, 0.0004962999833021395, 0.0004962999833021395, 0.000496299983302191, 0.01308499756990385, 0.0004962999833021395, 0.0004962999833021395, 0.0004962999833021395, 0.0004962999833021395, 0.2634339296926563, 0.0004962999833021395, 0.0004962999833021395, 0.0004962999833021395, 0.0004962999833021395, 0.0004962999833021395, 0.0004962999833021395, 0.0004962999833021395, 0.0004962999833021395, 0.0004962999833021395, 0.7100809731882813, 0.0004962999833021395], [0.000534348253826204, 0.0005343482538263109, 0.0005343482538261416, 0.0005343482538265048, 0.0005343482538261164, 0.0005343482538269335, 0.01231023648283132, 0.0005343482538267958, 0.0005343482538276657, 0.0005343482538261815, 0.014531299264243765, 0.0005343482538261018, 0.05318842306206349, 0.015377221274968395, 0.0005343482538270954, 0.0005343482538262812, 0.0005343482538260838, 0.0005343482538261319, 0.44636585229065345, 0.0005343482538260838, 0.0005343482538260839, 0.0005343482538261645, 0.026499480833537783, 0.0005343482538265836, 0.0288481654010839, 0.11339828668131857, 0.0005343482538260841, 0.0005343482538260838, 0.27825972137894567, 0.0005343482538260838], [0.00040345607109267445, 0.0004034560710927242, 0.00040345607109267597, 0.0004034560710928793, 0.0004034560710926752, 0.0004034560710928163, 0.00040345607109277675, 0.00040345607109267467, 0.03809927539265797, 0.00040345607109273094, 0.00040345607109270985, 0.00040345607109268296, 0.00040345607109407275, 0.03187059641544151, 0.00040345607109267635, 0.00040345607109267505, 0.0004034560710927158, 0.0004034560710926791, 0.36377775346796043, 0.00040345607109275626, 0.0004034560710926761, 0.00040345607109267445, 0.20944469450435987, 0.000403456071093057, 0.0004034560710927958, 0.00040345607109272015, 0.00040345607109267445, 0.0004034560710926749, 0.34672127844226075, 0.0004034560710927064], [0.0006052989848615171, 0.0006052989848658686, 0.0006052989848615296, 0.02048296416623463, 0.06390145257735179, 0.0006052989848629399, 0.008235668385340664, 0.000605298984861556, 0.02462880694180916, 0.0006052989848638868, 0.000605298984869546, 0.0006052989848615147, 0.013289803545180263, 0.0195604349580966, 0.0006052989848616258, 0.0006052989848618855, 0.0006052989848616526, 0.0006052989848616135, 0.4056008851102656, 0.0006052989848615147, 0.0006052989848615299, 0.0006052989848615147, 0.0006052989848772929, 0.0006052989848635174, 0.01836437001728891, 0.0006052989848619254, 0.0006052989848616064, 0.0006052989848616398, 0.413224335616305, 0.0006052989848617799], [0.0004145899708751674, 0.00041458997087537346, 0.00041458997087517164, 0.0004145899708754202, 0.0004145899708751674, 0.0004145899708752922, 0.022624026183134593, 0.000414589970875345, 0.00041458997087592196, 0.00041458997087543456, 0.0004145899708752494, 0.0004145899708751766, 0.00041458997087897106, 0.04140532949504212, 0.0004145899708754344, 0.0004145899708751674, 0.0004145899708751674, 0.00041458997087516773, 0.43003974307129383, 0.0004145899708751674, 0.00041458997087517137, 0.00041458997087516833, 0.00041458997087563193, 0.0004145899708757162, 0.0004145899708752473, 0.16119646400516793, 0.0004145899708751674, 0.0004145899708751944, 0.3343696879734753, 0.00041458997087521305], [0.0005303559039629242, 0.0005303559039631178, 0.0005303559039629244, 0.0005303559039630282, 0.0005303559039629268, 0.0005303559039633033, 0.0005303559039629542, 0.0005303559039636546, 0.0005303559039639149, 0.0005303559039629242, 0.0005303559039635814, 0.0005303559039629242, 0.1877290400338045, 0.0005303559527600574, 0.0005303559039630623, 0.0005303559039629577, 0.0005303559039629242, 0.0005303559039629242, 0.4106299604818512, 0.0005303559039629825, 0.0005303559039629652, 0.0005303559039629242, 0.0005303559039637367, 0.0005303559039638705, 0.0005303559039642522, 0.0005303559039630849, 0.0005303559039629242, 0.0005303559039630133, 0.38732139002854155, 0.0005303559039629242], [0.0005499542970890775, 0.0005499542970890775, 0.0005499542970890775, 0.0005499542970890775, 0.0005499542970890775, 0.0005499542970890775, 0.0005499542970890775, 0.0005499542970890775, 0.0005499542970890775, 0.0005499542970890775, 0.0005499542970890775, 0.0005499542970890775, 0.0005499542971169448, 0.0005499542971488174, 0.0005499542970890775, 0.0005499542970890775, 0.0005499542970890775, 0.0005499542970890775, 0.7186512701356127, 0.0005499542970890775, 0.0005499542970890775, 0.0005499542970890775, 0.000549954297089515, 0.0005499542970894683, 0.0005499542970898332, 0.0005499542970890775, 0.0005499542970890775, 0.0005499542970890775, 0.2659500095458039, 0.0005499542970890775], [0.00041579302338752, 0.00041579302338752, 0.00041579302338752, 0.00041579302338752376, 0.00041579302338752013, 0.00041579302338752566, 0.00041579302338765056, 0.0004157930233875966, 0.00041579302338797555, 0.00041579302338752, 0.0004157930233875697, 0.00041579302338752013, 0.019196225698579896, 0.029952176118958427, 0.00041579302338753526, 0.00041579302338752, 0.00041579302338752073, 0.00041579302338753553, 0.2787186469951987, 0.05856907372375045, 0.00041579302338752, 0.00041579302338752, 0.0004157930233885921, 0.0004157930233875691, 0.0004157930233875433, 0.00041579302338753336, 0.00041579302338752, 0.00041579302338752, 0.6031690518788226, 0.00041579302338752], [0.0004127601708189952, 0.00041276017081899423, 0.0004127601708189927, 0.000412760170819, 0.00041276017081900247, 0.00041276017081900865, 0.0004127601708190329, 0.0004127601708190477, 0.27468657199322793, 0.00041276017081899905, 0.0004127601708189995, 0.00041276017081899184, 0.0004127601708197041, 0.03886788882532809, 0.00041276017081904405, 0.00041276017081899174, 0.00041276017081899174, 0.00041276017081899174, 0.36886087272314133, 0.0004127601708189933, 0.00041276017081899656, 0.00041276017081899174, 0.0004127601708194372, 0.00041276017081926083, 0.0004127601708190455, 0.0004127601708190565, 0.00041276017081899835, 0.0004127601708189999, 0.30685290201700716, 0.00041276017081899174], [0.0005490925444228659, 0.0005490925444226905, 0.000549092544422887, 0.0005490925444230048, 0.0005490925444227116, 0.0005490925444229284, 0.0005490925444227699, 0.11694275758994076, 0.0005490925444247863, 0.000549092544423281, 0.0005490925444297383, 0.000549092544422915, 0.054829834321931635, 0.021196289381260666, 0.0005490925444275463, 0.0005490925444226906, 0.0005490925444226905, 0.0005490925444226905, 0.4577277108128222, 0.0005490925444226905, 0.0005490925444227167, 0.0005490925444227605, 0.022274530146657413, 0.0005490925444227795, 0.0005490925444441591, 0.0005490925444271688, 0.0005490925444228019, 0.0005490925444226917, 0.3138506566812004, 0.000549092544423019], [0.00047421276977268576, 0.000474212769772853, 0.00047421276977267866, 0.0004742127697726862, 0.0004742127697726737, 0.00047421276977273807, 0.00047421276977280583, 0.00047421276977277, 0.0004742127697727388, 0.0004742127697726756, 0.00047421276977267193, 0.0004742127697726796, 0.03667652284771751, 0.04026410374377678, 0.0004742127697726697, 0.0004742127697726839, 0.0004742127697726697, 0.0004742127697726697, 0.42213456220858436, 0.0004742127697726697, 0.0004742127697726697, 0.0004742127697726697, 0.13504679865912947, 0.0004742127697726756, 0.00047421276977361763, 0.000474212769772699, 0.0004742127697726697, 0.0004742127697726697, 0.35402269329647346, 0.0004742127697726697], [0.0002881260946666261, 0.0002881260946666261, 0.0002881260946666261, 0.0002881260946666261, 0.0002881260946666261, 0.0002881260946666261, 0.0002881260946666261, 0.0002881260946666261, 0.0002881260946666261, 0.0002881260946666261, 0.0002881260946666261, 0.0002881260946666261, 0.0002881260946666261, 0.0002881260946666261, 0.0002881260946666261, 0.0002881260946666261, 0.0002881260946666261, 0.0002881260946666261, 0.04911231183819307, 0.0002881260946666261, 0.0002881260946666261, 0.0002881260946666261, 0.0002881260946666261, 0.0002881260946666261, 0.0002881260946666261, 0.0002881260946666261, 0.0002881260946666261, 0.0002881260946666261, 0.9428201575111415, 0.0002881260946666261], [0.0005381986692286824, 0.0005381986692337897, 0.0005381986692287019, 0.0005381986692301718, 0.0005381986692296146, 0.0005381986692437365, 0.0005381986692363934, 0.0005381986692315901, 0.013058217829251963, 0.0005381986692318676, 0.013048747899317096, 0.0005381986692288149, 0.06106656715112606, 0.009668867876503976, 0.000538198669233644, 0.000538198669228934, 0.0005381986692286793, 0.0005381986692286793, 0.47977083587474884, 0.0005381986692287129, 0.0005381986692286802, 0.0005381986692286798, 0.018689685640217817, 0.000538198669228764, 0.020365059775790763, 0.0005381986692293401, 0.06757738141212197, 0.0005381986692287266, 0.305452464487076, 0.0005381986692291702], [0.00029724379428494195, 0.00029724379428494195, 0.00029724379428494195, 0.00029724379428494195, 0.00029724379428494195, 0.00029724379428494195, 0.00029724379428494195, 0.00029724379428494195, 0.00029724379428494195, 0.00029724379428494195, 0.00029724379428494195, 0.00029724379428494195, 0.00029724379428494195, 0.00029724379428494195, 0.00029724379428494715, 0.00029724379428494195, 0.00029724379428494195, 0.00029724379428494195, 0.9322129069514545, 0.00029724379428494195, 0.00029724379428494195, 0.00029724379428494195, 0.00029724379428494195, 0.00029724379428494195, 0.00029724379428494195, 0.00029724379428494195, 0.00029724379428494195, 0.00029724379428494195, 0.05946426680856728, 0.00029724379428494195], [0.0005495809741025154, 0.000549580974102916, 0.0005495809741026082, 0.000549580974104834, 0.0005495809741025384, 0.000549580974102537, 0.0005495809741063501, 0.000549580974102991, 0.0005495809741065244, 0.0005495809741026955, 0.0005495809741088583, 0.0005495809741025346, 0.026596827902847134, 0.01756740444825738, 0.0005495809741033077, 0.0005495809741028122, 0.0005495809741025115, 0.0005495809741025115, 0.5298546629879077, 0.0005495809741025115, 0.0005495809741025115, 0.10721593285327005, 0.018583203247866973, 0.0005495809741049339, 0.022082671141153604, 0.0005495809741035189, 0.0005495809741025115, 0.0005495809741025115, 0.2654589350143173, 0.0005495809741025115], [0.00046281562397593423, 0.11147961764363801, 0.0004628156239759326, 0.00046281562397619167, 0.00046281562397599375, 0.0004628156239759678, 0.0004628156239763959, 0.00046281562397599424, 0.0004628156239779501, 0.0004628156239759631, 0.00046281562397595136, 0.000462815623975947, 0.02956063174917401, 0.04243106076638001, 0.00046281562397632, 0.000462815623975961, 0.0004628156239759336, 0.0004628156239759326, 0.37629967487008353, 0.0004628156239759326, 0.0004628156239759351, 0.00046281562397593374, 0.00046281562397877375, 0.00046281562397652637, 0.0004628156239765472, 0.0004628156239759749, 0.0004628156239759326, 0.0611547489240039, 0.3679666910712908, 0.0004628156239759326], [0.00036036596090898804, 0.0003603659609090662, 0.0003603659609089834, 0.0003603659609089996, 0.00036036596090898565, 0.0003603659609090031, 0.2121333506833342, 0.0003603659609089987, 0.0003603659609102739, 0.00036036596090899313, 0.0003603659609089984, 0.0003603659609089841, 0.0003603659609105929, 0.03959094489578088, 0.00036036596090898516, 0.0003603659609089882, 0.0003603659609090049, 0.00036036596090898495, 0.3816822649659187, 0.0003603659609089872, 0.0003603659609089834, 0.00036036596090898386, 0.00036036596090914297, 0.00036036596090916866, 0.00036036596090917013, 0.00036036596090901075, 0.0003603659609089834, 0.00036036596090898413, 0.35722392447132895, 0.0003603659609089834], [0.0005597533934657517, 0.0005597533934668843, 0.000559753393465718, 0.0005597533934785297, 0.0005597533934657231, 0.000559753393465973, 0.0005597533934657531, 0.0005597533934657878, 0.0005597533934658526, 0.10344727945027012, 0.0005597533934723635, 0.0005597533934658726, 0.04826188292532938, 0.03782879898802358, 0.0005597533934657393, 0.000559753393465718, 0.000559753393465718, 0.000559753393465718, 0.4903210041828895, 0.000559753393465718, 0.000559753393465718, 0.000559753393465718, 0.020787795519479853, 0.0005597533934666352, 0.02172338438904727, 0.0005597533934659787, 0.0005597533934658402, 0.000559753393465718, 0.2647555264952259, 0.0005597533934660917], [0.00037248533320678306, 0.00037248533320678864, 0.00037248533320678376, 0.0003724853332067913, 0.0003724853332067864, 0.000372485333206798, 0.0003724853332067913, 0.0003724853332067881, 0.00037248533320685743, 0.0003724853332067843, 0.00037248533320679146, 0.000372485333206783, 0.0003724853332075869, 0.00037248533320694444, 0.000372485333206823, 0.0003724853332067886, 0.00037248533320678723, 0.0003724853332067836, 0.316443898792795, 0.00037248533320678707, 0.0003724853332067836, 0.000372485333206783, 0.29903329254944516, 0.00037248533320679336, 0.0003724853332068583, 0.00037248533320680355, 0.000372485333206783, 0.0003724853332067843, 0.37446570466117557, 0.000372485333206783], [0.0003373728455015353, 0.00033737284550166137, 0.00033737284550153023, 0.0003373728455015728, 0.0003373728455015316, 0.23701689885504773, 0.00033737284550170756, 0.00033737284550156184, 0.05762210027184725, 0.000337372845501534, 0.0003373728455015382, 0.00033737284550153354, 0.0003373728455022781, 0.02800518217899046, 0.0003373728455015612, 0.00033737284550153376, 0.0003373728455015364, 0.0003373728455015285, 0.35292622968137105, 0.0003373728455015285, 0.0003373728455015285, 0.0003373728455015287, 0.00033737284550161925, 0.00033737284550180226, 0.00033737284550158265, 0.0003373728455015457, 0.0003373728455015285, 0.0003373728455015316, 0.31599526787520366, 0.0003373728455015305], [0.00041409411358889686, 0.000414094113588902, 0.00041409411358889306, 0.0004140941135888951, 0.0004140941135888938, 0.00041409411358889425, 0.0004140941135888961, 0.000414094113588895, 0.0004140941135900765, 0.00041409411358889496, 0.00041409411358891545, 0.00041409411358889306, 0.00041409411359068595, 0.00041409411359170993, 0.01475357029243077, 0.0004140941135888932, 0.0004140941135889017, 0.00041409411358889306, 0.38063314610939675, 0.00041409411358889306, 0.0004140941135888988, 0.00041409411358889306, 0.0004140941135894791, 0.00041409411358945956, 0.24439714280940147, 0.0004140941135889109, 0.00041409411358889306, 0.0004140941135889188, 0.3494496938354527, 0.0004140941135889211], [0.0003815547329471423, 0.0003815547329471423, 0.0003815547329471423, 0.0003815547329471423, 0.0003815547329471423, 0.0003815547329471423, 0.0003815547329471423, 0.0003815547329471423, 0.0003815547329471423, 0.0003815547329471423, 0.0003815547329471423, 0.0003815547329471423, 0.0003815547329471423, 0.0003815547329471423, 0.0003815547329471683, 0.0003815547329471423, 0.0003815547329471423, 0.0003815547329471423, 0.20678910459099156, 0.0003815547329471423, 0.0003815547329471423, 0.0003815547329471423, 0.0003815547329471985, 0.0003815547329471423, 0.0003815547329471423, 0.0003815547329471423, 0.0003815547329471423, 0.0003815547329471423, 0.7825273628864883, 0.0003815547329471423], [0.00036106943839999545, 0.0003610694384000006, 0.000361069438399997, 0.00036106943840016333, 0.0003610694384000033, 0.0003610694384001686, 0.00036106943840033095, 0.00036106943839999534, 0.00036106943840042685, 0.00036106943840000184, 0.00036106943839999843, 0.0003610694383999951, 0.0003610694385354318, 0.06627864843427343, 0.0003610694384000927, 0.0003610694383999951, 0.017146421714000094, 0.0003610694383999958, 0.340370811524238, 0.0003610694383999951, 0.00036106943839999664, 0.00036106943839999545, 0.0003610694384002061, 0.18879084716375324, 0.0003610694384001198, 0.0003610694384000821, 0.0003610694383999951, 0.00036106943839999957, 0.3783865352035984, 0.0003610694383999951], [0.00031624588634761904, 0.00031624588634767786, 0.00031624588634761937, 0.00031624588634763124, 0.00031624588634761834, 0.0003162458863476318, 0.00031624588634768854, 0.00031624588634761834, 0.00031624588634802714, 0.0003162458863476294, 0.00031624588634761997, 0.00031624588634761834, 0.0003162458863476794, 0.06335636548563031, 0.0003162458863476341, 0.00031624588634761926, 0.00031624588634761834, 0.00031624588634761915, 0.33999919541236034, 0.00031624588634761834, 0.0003162458863476203, 0.00031624588634761845, 0.0003162458863476446, 0.2622660548487352, 0.0003162458863476886, 0.0003162458863476198, 0.00031624588634761834, 0.00031624588634763395, 0.32615599120823535, 0.00031624588634761834], [0.00034078011280682524, 0.00034078011280682513, 0.00034078011280682524, 0.0003407801128068365, 0.0003407801128068226, 0.0003407801128068229, 0.00034078011280685685, 0.0003407801128068433, 0.24396713926440258, 0.00034078011280682367, 0.00034078011280683034, 0.0003407801128068226, 0.000340780112806882, 0.06848232972227213, 0.0003407801128068437, 0.00034078011280682524, 0.0003407801128068226, 0.0003407801128068226, 0.36551697220111573, 0.0003407801128068226, 0.0003407801128068248, 0.0003407801128068227, 0.0003407801128068707, 0.0003407801128068698, 0.0003407801129026978, 0.00034078011280683066, 0.0003407801128068226, 0.0003407801128068313, 0.313173275879136, 0.0003407801128068269], [0.00040383367294645077, 0.02564187791243598, 0.00040383367294645077, 0.0004038336729464561, 0.00040383367294645256, 0.00040383367294645174, 0.0004038336729464974, 0.00040383367294645104, 0.0004038336729481199, 0.00040383367294654157, 0.0004038336729464587, 0.00040383367294645077, 0.0004038336729556531, 0.024333330172357562, 0.0004038336729465035, 0.0004038336729464521, 0.00040383367294645077, 0.000403833672946451, 0.6424854941333824, 0.00040383367294645077, 0.00040383367294645077, 0.00040383367294645077, 0.0004038336729464935, 0.0004038336729466733, 0.00040383367294664137, 0.0004038336729464561, 0.00040383367294645077, 0.00040383367294645077, 0.2970396222852048, 0.00040383367294645077], [0.0003679920026794182, 0.00036799200267941527, 0.00036799200267941527, 0.00036799200267941527, 0.00036799200267941527, 0.00036799200267941527, 0.00036799200267941527, 0.0003679920026794156, 0.0003679920026794956, 0.00036799200267941527, 0.0003679920026794156, 0.00036799200267941527, 0.00036799200267943896, 0.36221144371261527, 0.00036799200267943283, 0.0003679920026794156, 0.00036799200267941527, 0.00036799200267941527, 0.3408613315463972, 0.00036799200267941527, 0.00036799200267941527, 0.00036799200267941527, 0.00036799200267941597, 0.00036799200267942475, 0.000367992002679422, 0.00036799200267941527, 0.00036799200267941527, 0.00036799200267941527, 0.2869914406686434, 0.00036799200267941527], [0.0004528558803379829, 0.0004528558803379873, 0.0004528558803379679, 0.0004528558803379782, 0.0004528558803379796, 0.0004528558803380237, 0.0004528558803381025, 0.2350090720257596, 0.00045285588033866557, 0.0004528558803379761, 0.0004528558803380369, 0.0004528558803379689, 0.0004528558803398082, 0.00045285588152550906, 0.00045285588033800513, 0.0004528558803379712, 0.0004528558803379679, 0.0004528558803379679, 0.39757342535501067, 0.0004528558803379743, 0.00045285588033796827, 0.0004528558803379679, 0.0004528558803383852, 0.0004528558803379679, 0.000452855880338377, 0.0004528558803380282, 0.0004528558803379703, 0.0004528558803379729, 0.35519039384891327, 0.0004528558803379679], [0.0005527551216916541, 0.0005527551216911935, 0.000552755121691054, 0.015050913131389917, 0.0005527551216915351, 0.00055275512169254, 0.06914604753991832, 0.0005527551216911969, 0.000552755121755403, 0.0005527551216910618, 0.0005527551217028655, 0.0005527551216913734, 0.04412353339998854, 0.031123091991016906, 0.0005527551216941147, 0.0005527551216910582, 0.000552755121691054, 0.0005527551216910595, 0.4579022197791197, 0.000552755121691054, 0.000552755121691054, 0.0005527551216911081, 0.02377651307956316, 0.0005527551216925836, 0.015509273465933919, 0.0005527551216924516, 0.0005527551216910853, 0.0005527551216915098, 0.3312077949357793, 0.0005527551216922573], [0.0005786478096890834, 0.0005786478096890321, 0.0005786478096890148, 0.12664108749750053, 0.0005786478096892655, 0.0005786478098646591, 0.0005786478096890152, 0.0005786478096896434, 0.0005786478096893096, 0.0005786478096890575, 0.0005786478096891671, 0.0005786478096890312, 0.015982372595297816, 0.0323237012711413, 0.0005786478096895392, 0.0005786478096890151, 0.0005786478096890148, 0.0005786478096890154, 0.4359728732021042, 0.0005786478096890148, 0.0005786478096890153, 0.0005786478096890148, 0.0005786478096896286, 0.00057864780968912, 0.0005786478096894334, 0.0005786478096890981, 0.0005786478096890428, 0.0005786478096890148, 0.3746137701915519, 0.0005786478096890148], [0.0006057571361205236, 0.0006057571361210475, 0.0006057571361204247, 0.007729442389345503, 0.0006057571361208206, 0.0006057571361205882, 0.000605757136121523, 0.0745801792284939, 0.0006057571361205781, 0.0006057571361232915, 0.013958401168893672, 0.0006057571361206117, 0.0631997348883731, 0.019362245547648094, 0.0006057571361220355, 0.0006057571361204277, 0.0006057571361204247, 0.0006057571361204392, 0.44421058466869173, 0.0006057571361204247, 0.0006057571361204247, 0.0006057571361205449, 0.013290499502846843, 0.0006057571361205267, 0.016538803345620953, 0.0006057571361210422, 0.0006057571361204684, 0.0006057571361204247, 0.3344092094015493, 0.0006057571361204323], [0.0005479371972297383, 0.0005479371972297529, 0.0005479371972297383, 0.000547937197230313, 0.0005479371972297383, 0.0005479371972297383, 0.0005479371972297383, 0.0005479371972300353, 0.0005479371972304143, 0.0005479371972297383, 0.0005479371972297522, 0.0005479371972297383, 0.025757471831225384, 0.025256062340848925, 0.0005479371972298356, 0.0005479371972297466, 0.0005479371972297383, 0.0005479371972297383, 0.5968365391376086, 0.0005479371972297383, 0.0005479371972297383, 0.0005479371972297383, 0.0005479371972303232, 0.0005479371972298399, 0.010273094890413953, 0.0005479371972299419, 0.0005479371972297383, 0.0005479371972297383, 0.3281784018691569, 0.000547937197229866], [0.0005080453226198788, 0.0005080453226198757, 0.0005080453226198482, 0.1578667990472532, 0.0005080453226198554, 0.0005080453226199687, 0.0005080453226200062, 0.0005080453226198333, 0.020592355698097583, 0.000508045322619914, 0.0005080453226198708, 0.0005080453226198459, 0.0005080453314353301, 0.07254830193154514, 0.0005080453226198863, 0.0005080453226198547, 0.0005080453226199739, 0.0005080453226198606, 0.3422156183736737, 0.0005080453226198332, 0.0005080453226198564, 0.0005080453226198333, 0.000508045322620491, 0.0005080453226204477, 0.0005080453226202886, 0.0005080453226200126, 0.0005080453226198332, 0.0005080453226198587, 0.3940757918751162, 0.0005080453226199173], [0.0004683980748095998, 0.0004683980748095998, 0.0004683980748095998, 0.0004683980748095998, 0.0004683980748095998, 0.00046839807481050726, 0.0004683980748095998, 0.0004683980748095998, 0.0004683980748095998, 0.0004683980748095998, 0.0004683980748095998, 0.0004683980748095998, 0.00046839807482318175, 0.0004683980749967932, 0.0004683980748098972, 0.0004683980748095998, 0.0004683980748095998, 0.0004683980748095998, 0.25817027281205385, 0.0004683980748095998, 0.0004683980748095998, 0.0004683980748095998, 0.0004683980748095998, 0.0004683980748095998, 0.00046839807480960135, 0.0004683980748095998, 0.0004683980748095998, 0.0004683980748095998, 0.7287145810930752, 0.0004683980748095998], [0.0005857222572793534, 0.0005857222572793885, 0.0005857222572793534, 0.0005857222572794113, 0.0005857222572794056, 0.0005857222572793534, 0.0005857222572800171, 0.000585722257279559, 0.003230919461051542, 0.0005857222572793534, 0.0005857222572793588, 0.0005857222572793534, 0.0005857222573404537, 0.02465003075620243, 0.0005857222572795827, 0.0005857222572793555, 0.0005857222572793534, 0.0005857222572793534, 0.30787063007160775, 0.0005857222572793534, 0.0005857222572793669, 0.0005857222572793534, 0.010709923519235847, 0.0005857222572801064, 0.0005857222572820004, 0.0005857222572793534, 0.0005857222572793534, 0.0005857222572793534, 0.6388954397598526, 0.0005857222572793534], [0.0005334060599777596, 0.0005334060599785786, 0.000533406059977755, 0.0005334060599779517, 0.15399293268863137, 0.0005334060599778519, 0.0005334060599780623, 0.000533406059978011, 0.0005334060599781204, 0.0005334060599778135, 0.0005334060599781381, 0.0005334060599777501, 0.0005334060652005797, 0.04500573913987482, 0.000533406059978156, 0.0005334060599778127, 0.0005334060599778601, 0.0005334060599777466, 0.39582263666410855, 0.0005334060599777466, 0.000533406059977766, 0.0005334060599777466, 0.0005334060599798832, 0.0005334060599777466, 0.0005334060599780588, 0.00053340605997785, 0.0005334060599777486, 0.0005334060599777943, 0.39131013394273506, 0.0005334060599778034], [0.0005512483797067846, 0.07122834409394649, 0.0005512483797067737, 0.0005512483797099954, 0.000551248379707163, 0.0005512483797070442, 0.0005512483797069295, 0.0005512483797068553, 0.0005512483797089388, 0.0005512483797107206, 0.0005512483797086631, 0.0005512483797067744, 0.05476824382678532, 0.020852974968431096, 0.000551248379707235, 0.0005512483797067754, 0.0005512483797067737, 0.0005512483797067737, 0.5158418615571996, 0.0005512483797067737, 0.0005512483797067737, 0.0005512483797068146, 0.002122795572243009, 0.0005512483797068537, 0.03311290048995994, 0.0005512483797086051, 0.0005512483797070703, 0.0005512483797067737, 0.2893941667581634, 0.0005512483797074269], [0.0005232109170624599, 0.0005232109170624599, 0.0005232109170624599, 0.0005232109170624599, 0.0005232109170624599, 0.0005232109170626105, 0.0005232109170624599, 0.0005232109170624599, 0.0005232109170624599, 0.0005232109170624599, 0.0005232109170624599, 0.0005232109170624599, 0.0005232109170632843, 0.0005232109170625176, 0.0005232109170625019, 0.0005232109170624599, 0.0005232109170624599, 0.0005232109170624599, 0.2343470403021849, 0.0005232109170624599, 0.0005232109170624599, 0.0005232109170624599, 0.0005232109170624599, 0.0005232109170624599, 0.0005232109170625164, 0.0005232109170624599, 0.0005232109170624599, 0.0005232109170624599, 0.7510030540200652, 0.0005232109170624599], [0.0005378476384565435, 0.0005378476384569747, 0.0005378476384565338, 0.0005378476384614638, 0.0005378476384576516, 0.05341351982490484, 0.0005378476384565331, 0.0005378476384566035, 0.0005378476384585242, 0.0005378476384565383, 0.0005378476384571928, 0.0005378476384565575, 0.03467337772443764, 0.027632501871359523, 0.0005378476384601196, 0.0005378476384565338, 0.0005378476384565331, 0.000537847638456771, 0.4169033006393788, 0.0005378476384565331, 0.0005378476384565368, 0.0005378476384565331, 0.017232471590872267, 0.0005378476384567296, 0.0005378476384592093, 0.0005378476384565839, 0.0005378476384565331, 0.0005378476384568082, 0.4372364850260736, 0.0005378476384567726], [0.0005624452289285752, 0.0005624452289285654, 0.0005624452289284733, 0.0005624452289300045, 0.0005624452289287458, 0.0005624452289285169, 0.0005624452289284777, 0.0005624452289284867, 0.08331324793990721, 0.0005624452289284841, 0.0005624452289302784, 0.0005624452289284733, 0.02805477837372252, 0.009493219772486383, 0.0005624452289284739, 0.0005624452289285679, 0.0005624452289284739, 0.0005624452289284733, 0.4420459726778081, 0.0005624452289284733, 0.0005624452289284738, 0.0005624452289284733, 0.020643578369602705, 0.0005624452289284733, 0.0005624452289344459, 0.0005624452289288728, 0.0005624452289284733, 0.0005624452289287883, 0.4029505173721791, 0.0005624452289284733], [0.0005427089081846133, 0.0005427089081847183, 0.000542708908184612, 0.0005427089081846171, 0.0005427089081846416, 0.0005427089081853871, 0.0005427089081846251, 0.0005427089082137742, 0.0005427089081849198, 0.0005427089081846407, 0.0005427089081846217, 0.000542708908184612, 0.18583125537687542, 0.0005427270556543443, 0.0005427089081847686, 0.000542708908184612, 0.000542708908184612, 0.000542708908184612, 0.42395844555042417, 0.000542708908184612, 0.0005427089081846244, 0.000542708908184612, 0.016490549347697097, 0.0005427089081853562, 0.03527871244906266, 0.0005427089081849314, 0.000542708908184612, 0.000542708908184612, 0.32487329642382395, 0.0005427089081846176], [0.00046059569545783195, 0.0004605956954578283, 0.00046059569545782794, 0.00046059569545783016, 0.00046059569545783894, 0.0004605956954578783, 0.00046059569545784426, 0.00046059569545789034, 0.00046059569545787787, 0.00046059569545783146, 0.0004605956954580031, 0.0004605956954578227, 0.0004605956954609379, 0.0711361738625558, 0.00046059569545787396, 0.0004605956954578414, 0.0004605956954578555, 0.0004605956954578227, 0.35456468530491464, 0.0004605956954578227, 0.00046059569545783396, 0.00046059569545782344, 0.0004605956954580678, 0.0004605956954580279, 0.000460595695458155, 0.22636519536547411, 0.0004605956954578323, 0.0004605956954578227, 0.33595845738514774, 0.0004605956954578227], [0.0005058279214392819, 0.0005058279214428349, 0.0005058279214392905, 0.0005058279214395618, 0.0005058279214393553, 0.000505827921439248, 0.000505827921439312, 0.0005058279214397284, 0.01705289293995529, 0.0005058279214409548, 0.0005058279214394773, 0.0005058279214392382, 0.0005058279214670109, 0.032464794061626764, 0.0005058279214392408, 0.0005058279214392326, 0.000505827921439214, 0.0005058279214392778, 0.4750645981726194, 0.000505827921439214, 0.0005058279214392168, 0.000505827921439214, 0.09538538751509151, 0.0005058279214426225, 0.0005058279214403794, 0.0005058279214396133, 0.000505827921439214, 0.0005058279214392906, 0.3673866292746867, 0.0005058279214393813], [0.0005202792342997183, 0.0005202792342999742, 0.0005202792342997386, 0.0005202792342999827, 0.0005202792342997269, 0.0005202792343001491, 0.0005202792342998043, 0.0005202792342998807, 0.0005202792343044964, 0.15444715080797558, 0.0005202792342998514, 0.0005202792342997505, 0.01632644462512981, 0.04364244102538396, 0.00052027923430028, 0.0005202792342997199, 0.0005202792342997193, 0.0005202792342997904, 0.42716893671999245, 0.0005202792342997183, 0.0005202792342997431, 0.0005202792342997183, 0.0005202792495074218, 0.0005202792342999069, 0.0005202792343002073, 0.0005202792343005941, 0.0005202792342997422, 0.0005202792342997205, 0.3454080459488091, 0.0005202792342998557], [0.00040506049799270084, 0.00040506049799270084, 0.00040506049799270084, 0.00040506049799270084, 0.00040506049799270084, 0.00040506049799270084, 0.00040506049799270084, 0.00040506049799270084, 0.00040506049799270084, 0.00040506049799270084, 0.00040506049799270084, 0.00040506049799270084, 0.00040506049799270084, 0.00040506049799270084, 0.0004050604979927139, 0.00040506049799270084, 0.00040506049799270084, 0.00040506049799270084, 0.7523230670053868, 0.00040506049799270084, 0.00040506049799270084, 0.00040506049799270084, 0.00040506049799270084, 0.00040506049799270084, 0.00040506049799270084, 0.00040506049799270084, 0.00040506049799270084, 0.00040506049799270084, 0.23633523905081766, 0.00040506049799270084], [0.00046705868092763406, 0.0004670586809276342, 0.00046705868092763406, 0.0004670586809276342, 0.0004670586809276342, 0.0004670586809276348, 0.00046705868092763406, 0.00046705868092763406, 0.000467058680927636, 0.00046705868092763406, 0.00046705868092763406, 0.00046705868092763406, 0.26960316052737204, 0.00046705868093257206, 0.00046705868092789774, 0.00046705868092763406, 0.0004670586809276567, 0.00046705868092763406, 0.3644385435974035, 0.00046705868092763406, 0.00046705868092763406, 0.00046705868092763406, 0.00046705868092794886, 0.00046705868092763406, 0.00046705868092848603, 0.00046705868092787524, 0.00046705868092763406, 0.0004670586809276341, 0.3533477114901717, 0.00046705868092763433], [0.0005624931146844008, 0.0005624931146851327, 0.0005624931146844096, 0.000562493114685102, 0.0005624931146847387, 0.0005624931146846842, 0.0005624931146849526, 0.0005624931146848265, 0.0005624931146848832, 0.0005624931146844008, 0.0005624931146845922, 0.0005624931146844111, 0.0005624931146890827, 0.01178781769507324, 0.0005624931146848631, 0.19743498681345592, 0.0005624931146844008, 0.0005624931146844329, 0.4047240696535971, 0.0005624931146844008, 0.0005624931146844015, 0.0005624931146844052, 0.0005624931146876926, 0.0005624931146845125, 0.0005624931146862727, 0.0005624931146851284, 0.0005624931146844035, 0.0005624931146844678, 0.3714283048560645, 0.0005624931146844008], [0.0004986817151618557, 0.0004986817151618678, 0.0004986817151618288, 0.0004986817151618512, 0.0004986817151618451, 0.0004986817151619041, 0.0004986817151619424, 0.0004986817151619135, 0.0004986817151645834, 0.000498681715161839, 0.0004986817151618288, 0.0004986817151618288, 0.0004986817151819429, 0.04122585045490993, 0.0004986817151622491, 0.0004986817151620133, 0.0004986817151618288, 0.0004986817151618357, 0.3433597639820482, 0.0004986817151618288, 0.0004986817151618311, 0.0004986817151618288, 0.000498681715162316, 0.0004986817151622251, 0.2336824636532542, 0.0073485482296536744, 0.0004986817151618288, 0.000498681715161857, 0.36191633080106356, 0.0004986817151618288], [0.0005619206599570011, 0.0005619206599564632, 0.0005619206599564542, 0.0005619206599567098, 0.0005619206599564561, 0.0005619206599567424, 0.0005619206599573092, 0.0005619206599577107, 0.0005619206599704915, 0.0005619206599564542, 0.0005619206599568278, 0.0005619206599564573, 0.04052507552483558, 0.017063693970362524, 0.0005619206599564866, 0.0005619206599564545, 0.0005619206599564544, 0.0005619206599564566, 0.43529001820540336, 0.0005619206599564542, 0.000561920659956459, 0.0005619206599564542, 0.0005619206599580175, 0.0005619206599564542, 0.16256363406771174, 0.0005619206599595224, 0.0005619206599564542, 0.0005619206599564556, 0.3305095617327531, 0.0005619206599565253], [0.0005206072010693703, 0.0005206072010693853, 0.0005206072010693695, 0.0005206072010695408, 0.0005206072010693955, 0.0005206072010695913, 0.0005206072010695411, 0.0005206072010696518, 0.0005206072010694534, 0.0005206072010693699, 0.000520607201069686, 0.0005206072010693712, 0.0005206072010721351, 0.0005206072010784428, 0.0005206072010698266, 0.0005206072010693857, 0.0005206072010693695, 0.0005206072010693761, 0.42445080889008985, 0.0005206072010693695, 0.0005206072010693695, 0.0005206072010693695, 0.0005206072010698138, 0.0005206072010694888, 0.23152439812443082, 0.0005206072010695321, 0.0005206072010693695, 0.000520607201069375, 0.32996839855659194, 0.0005206072010693935], [0.000456181695790494, 0.00045618169579046447, 0.00045618169579041785, 0.00045618169579041124, 0.0004561816957904105, 0.00045618169579053934, 0.00045618169579049917, 0.0004561816957904772, 0.000456181695790617, 0.0004561816957905237, 0.00045618169579051294, 0.0004561816957904137, 0.03003687988516427, 0.01728289922064204, 0.0004561816957908563, 0.0004561816957904267, 0.0004561816957904081, 0.0004561816957904081, 0.3877690641127405, 0.00045618169579044387, 0.0004561816957904082, 0.0004561816957904081, 0.2290740604050093, 0.0004561816957904081, 0.033131743718377946, 0.0004561816957904082, 0.0004561816957904081, 0.00045618169579041357, 0.29175699195909505, 0.0004561816957904494], [0.0003232029726628861, 0.0003232029726628908, 0.00032320297266288375, 0.00032320297266289014, 0.00032320297266288597, 0.0003232029726629224, 0.0003232029726628877, 0.000323202972662905, 0.0003232029726629343, 0.00032320297266289047, 0.00032320297266290256, 0.0003232029726628838, 0.0003232029726648657, 0.011186080882734612, 0.4309578632300253, 0.00032320297266288445, 0.0003232029726628832, 0.00032320297266288326, 0.3035364128305593, 0.0003232029726628832, 0.0003232029726628832, 0.0003232029726628833, 0.00032320297266293324, 0.00032320297266289654, 0.00032320297266303564, 0.00032320297266288874, 0.00032320297266288326, 0.0003232029726628854, 0.24591636576744363, 0.0003232029726628857], [0.07366937960025766, 0.00046083268402544034, 0.00046083268402544034, 0.000460832684025491, 0.00046083268402544034, 0.00046083268402544734, 0.00046083268402564005, 0.00046083268402544034, 0.00046083268402544034, 0.00046083268402544034, 0.00046083268402556497, 0.00046083268402544034, 0.00046083268402602733, 0.00046083268403411, 0.00046083268402544034, 0.00046083268402544034, 0.00046083268402544034, 0.00046083268402545905, 0.7343035310616627, 0.00046083268402544034, 0.00046083268402544034, 0.00046083268402544034, 0.0004608326840254903, 0.00046083268402610284, 0.00046083268402603866, 0.00046083268402544235, 0.00046083268402544034, 0.00046083268402547547, 0.17958460686938174, 0.00046083268402544034], [0.0004429255357062693, 0.00044292553570638983, 0.00044292553570625826, 0.00044292553570635617, 0.00044292553570630526, 0.0004429255357063011, 0.00044292553570624986, 0.0004429255357062897, 0.0004429255357064626, 0.00044292553570630944, 0.17424691201496173, 0.00044292553570624184, 0.009964108431539383, 0.03839908575267326, 0.00044292553570659876, 0.000442925535706252, 0.00044292553570624184, 0.00044292553570625187, 0.3945211675808289, 0.0004429255357062817, 0.00044292553570624195, 0.00044292553570624184, 0.000442925535707553, 0.0004429255357063817, 0.000442925535706305, 0.00044292553570639, 0.00044292553570624184, 0.000442925535706261, 0.37179558782733796, 0.0004429255357063025], [0.0004744623113701504, 0.00047446231137013734, 0.00047446231137011246, 0.0004744623113701346, 0.0004744623113701331, 0.00047446231137012444, 0.0004744623113701172, 0.0004744623113702402, 0.0004744623113701497, 0.0004744623113701139, 0.0004744623113703512, 0.00047446231137011246, 0.03419680481994507, 0.000474462311371568, 0.00047446231137064204, 0.0004744623113701249, 0.00047446231137011246, 0.00047446231137011246, 0.3791707225277006, 0.00047446231137011246, 0.00047446231137011316, 0.00047446231137011246, 0.0004744623113707571, 0.00047446231137011246, 0.31644456244347574, 0.00047446231137016184, 0.00047446231137011246, 0.00047446231137016374, 0.2578518901132523, 0.00047446231137011246], [0.00046560130911987857, 0.00046560130912005096, 0.00046560130911987857, 0.00046560130911987857, 0.00046560130911987857, 0.00046560130911987857, 0.00046560130911988366, 0.00046560130912003816, 0.00046560130911989055, 0.00046560