"[[0.6658736643142825, 0.03393146445686276, 0.0003855708543423408, 0.0003855708543423191, 0.0003855708543423128, 0.0003855708543423128, 0.03016634724727565, 0.0003855708543423128, 0.0003855708543423128, 0.0003855708543423128, 0.0003855708543423129, 0.0003855708543423128, 0.00038557085434231473, 0.03013090446361168, 0.0003855708543423128, 0.0003855708543423128, 0.00038557085434231625, 0.0003855708543423128, 0.0003855708543423128, 0.00038557085434234184, 0.00038557085434231386, 0.0003855708543423128, 0.00038557085434241816, 0.0003855708543423128, 0.00038557085434231956, 0.0003855708543423128, 0.2302583481594097, 0.0003855708543423128, 0.0003855708543423128, 0.0003855708543423174], [0.32686552540191094, 0.18163495758562986, 0.00039980301570283677, 0.00039980301570274196, 0.00039980301570258957, 0.0003998030157026216, 0.08793948016950588, 0.00039980301570258957, 0.00039980301570258957, 0.00039980301570258957, 0.00039980301570258957, 0.00039980301570258957, 0.00039980301570261066, 0.030851345420277936, 0.00039980301570258957, 0.00039980301570259906, 0.00039980301570259044, 0.0003998030157025926, 0.0003998030157025926, 0.0003998030157026827, 0.00039980301570259434, 0.00039980301570258957, 0.00039980301570258957, 0.00039980301570258957, 0.0003998030157026758, 0.0003998030157026233, 0.36271361603010965, 0.00039980301570259526, 0.00039980301570283883, 0.0003998030157025978], [0.39038872855133516, 0.0005520301290547913, 0.0005520301290549733, 0.0005520301290547476, 0.0005520301290547464, 0.0005520301290547464, 0.10747020641081839, 0.0005520301290547464, 0.0005520301290547464, 0.0005520301290547464, 0.0005520301290547485, 0.0005520301290547464, 0.0005520301290547632, 0.16937701185976523, 0.0005520301290547464, 0.0005520301290547464, 0.0005520301290547492, 0.0005520301290547464, 0.0005520301290547464, 0.0005520301290551611, 0.00055203012905477, 0.0005520301290547464, 0.0005520301290547465, 0.0005520301290547464, 0.0005520301290547546, 0.0005520301290547464, 0.31841126982265716, 0.0005520301290547464, 0.0005520301290547464, 0.0005520301290547464], [0.3338529405473944, 0.0004962999833038162, 0.0004962999833035823, 0.018027040235849907, 0.0004962999833035751, 0.0004962999833038969, 0.3147492784870901, 0.0004962999833035751, 0.0004962999833035751, 0.0004962999833035751, 0.0004962999833036839, 0.0004962999833035751, 0.0004962999833035751, 0.007189811764900473, 0.0004962999833035751, 0.0004962999833035751, 0.0004962999833035751, 0.0004962999833035761, 0.0004962999833038132, 0.000496299983308026, 0.0004962999833035751, 0.0004962999833035751, 0.0004962999833048206, 0.0004962999833035751, 0.0004962999833035751, 0.0004962999833035751, 0.31377342938216923, 0.0004962999833035751, 0.0004962999833036026, 0.0004962999833035751], [0.7712351375893596, 0.0005343482538229874, 0.0005343482538235033, 0.0005343482538225975, 0.0005343482538225975, 0.0005343482538225975, 0.02014333719310665, 0.0005343482538225975, 0.0005343482538225975, 0.0005343482538225975, 0.0005343482538231796, 0.0005343482538225975, 0.0005343482538225975, 0.013768385186845566, 0.0005343482538225975, 0.0005343482538225975, 0.0005343482538228647, 0.0005343482538225975, 0.0005343482538225975, 0.0005343482538225975, 0.0005343482538225975, 0.0005343482538225975, 0.0005343482538234044, 0.0005343482538225975, 0.0005343482538225975, 0.0005343482538225975, 0.18096008543129777, 0.0005343482538225975, 0.0005343482538225975, 0.0005343482538225975], [0.33748959376605936, 0.0004034560710929733, 0.00040345607109266366, 0.0004034560710925602, 0.00040345607109255893, 0.00040345607109262865, 0.09743254044327726, 0.00040345607109255893, 0.00040345607109255893, 0.00040345607109256506, 0.0004034560710925617, 0.00040345607109255893, 0.14391723676111307, 0.0752415808442226, 0.00040345607109255893, 0.00040345607109257205, 0.0004034560710926151, 0.00040345607109255893, 0.0004034560710925689, 0.000403456071092739, 0.00040345607109257205, 0.00040345607109255893, 0.00040345607109259135, 0.00040345607109255893, 0.00040345607109270253, 0.00040345607109261336, 0.33583264640801247, 0.00040345607109255893, 0.00040345607109269836, 0.0004034560710925663], [0.4397267068411557, 0.010580248861874482, 0.0006052989848606016, 0.0006052989848606524, 0.0006052989848604393, 0.0006052989848604393, 0.10237226240787514, 0.0006052989848604393, 0.0006052989848604393, 0.0006052989848604393, 0.0006052989848609692, 0.0006052989848604393, 0.0006052989848605223, 0.02507487894598495, 0.0006052989848604393, 0.0006052989848607588, 0.0006052989848604393, 0.0006052989848604393, 0.0006052989848618088, 0.07338725698533241, 0.0006052989848604393, 0.0006052989848604393, 0.0006052989848633791, 0.0006052989848604393, 0.000605298984862341, 0.0006052989848604568, 0.32114854504656176, 0.0006052989848604393, 0.013788224259417127, 0.0006052989848612808], [0.3023597962366186, 0.0004145899708742748, 0.0004145899708741392, 0.0004145899708741228, 0.0004145899708741228, 0.0004145899708741228, 0.3235591534247234, 0.0004145899708741228, 0.0004145899708741228, 0.0004145899708741228, 0.0004145899708741795, 0.0004145899708741228, 0.0004145899708741228, 0.03524651774323147, 0.0004145899708741228, 0.0004145899708741228, 0.0004145899708741228, 0.0004145899708741228, 0.0004145899708741228, 0.0004145899708741228, 0.0004145899708741228, 0.0004145899708741228, 0.0004145899708742196, 0.0004145899708741228, 0.0004145899708741228, 0.0004145899708741228, 0.32805519335269906, 0.0004145899708741228, 0.0004145899708741255, 0.0004145899708741228], [0.4252606394150283, 0.000530355903961624, 0.0005303559039606622, 0.0966289801551544, 0.0005303559039598844, 0.0005303559039598844, 0.11352208968423352, 0.0005303559039598844, 0.0005303559039598844, 0.0005303559039599331, 0.0005303559039599664, 0.0005303559039598844, 0.0005303559039598922, 0.03982150102387349, 0.0005303559039598844, 0.0005303559039599426, 0.0005303559039599367, 0.0005303559039598844, 0.0005303559039599654, 0.0005303559039610963, 0.0005303559039598844, 0.0005303559039598844, 0.0005303559039598932, 0.0005303559039598844, 0.0005303559039602142, 0.0005303559039601244, 0.31150789212270863, 0.0005303559039598844, 0.0005303559039598844, 0.0005303559039598844], [0.399639642040653, 0.0005499542970861035, 0.0005499542970878915, 0.0005499542970870213, 0.0005499542970858451, 0.0005499542970858503, 0.12253675920526046, 0.0005499542970858451, 0.0005499542970858451, 0.0005499542970858451, 0.0005499542970858489, 0.0005499542970858451, 0.08184128761770576, 0.023699277256696922, 0.0005499542970858451, 0.0005499542970858572, 0.0005499542970858476, 0.0005499542970858451, 0.0005499542970861368, 0.023177353825156396, 0.0005499542970859403, 0.0005499542970858451, 0.0005499542970864342, 0.0005499542970858451, 0.000549954297085862, 0.000549954297086, 0.3359067769244621, 0.0005499542970858584, 0.0005499542970862612, 0.0005499542970858451], [0.3623831513630768, 0.00041579302338733576, 0.00041579302338739816, 0.0004157930233873449, 0.00041579302338720067, 0.0004157930233872233, 0.10880000701718377, 0.00041579302338720067, 0.00041579302338720067, 0.00041579302338720067, 0.0004157930233872023, 0.00041579302338720116, 0.0004157930233872481, 0.05411561357764316, 0.00041579302338720067, 0.0004157930233872068, 0.00041579302338720067, 0.00041579302338720067, 0.00041579302338749037, 0.0004157930235626186, 0.0004157930233872068, 0.00041579302338720067, 0.0004157930233872977, 0.00041579302338720067, 0.00041579302338727906, 0.1569385261894897, 0.30736787626775003, 0.0004157930233872505, 0.00041579302338741047, 0.0004157930233872139], [0.28962383023194865, 0.0004127601708191496, 0.00041276017081878975, 0.00041276017081874784, 0.00041276017081874784, 0.00041276017081874784, 0.06791055734521638, 0.00041276017081874784, 0.00041276017081874784, 0.00041276017081874784, 0.00041276017081874915, 0.00041276017081874784, 0.00041276017081874784, 0.32697868537260716, 0.00041276017081874784, 0.00041276017081874784, 0.000412760170818749, 0.00041276017081874784, 0.00041276017081874784, 0.00041276017081874784, 0.00041276017081874784, 0.00041276017081874784, 0.00041276017081874877, 0.00041276017081874784, 0.00041276017081887296, 0.00041276017081874784, 0.30475516260893964, 0.00041276017081878726, 0.0004127601708187728, 0.00041276017081874784], [0.44193558586839377, 0.000549092544423982, 0.0005490925444148259, 0.0005490925444196096, 0.0005490925444148199, 0.0005490925444157092, 0.1083541712639614, 0.0005490925444148199, 0.0005490925444148199, 0.0005490925444149976, 0.0005490925444148205, 0.0005490925444148199, 0.0005490925444180538, 0.032795547439303845, 0.0005490925444148199, 0.0005490925444148199, 0.0005490925444148339, 0.0005490925444148199, 0.0005490925444157234, 0.1022561836385739, 0.00054909254441482, 0.0005490925444148199, 0.0005490925444148248, 0.0005490925444148199, 0.0005490925444148216, 0.0005490925444152658, 0.3009311981793762, 0.0005490925444156727, 0.0005490925444148199, 0.0005490925444148199], [0.41120161373027525, 0.00047421276977288823, 0.00047421276977268034, 0.00047421276977257967, 0.00047421276977257967, 0.00047421276977259425, 0.08661328982015991, 0.00047421276977257967, 0.00047421276977257967, 0.00047421276977258916, 0.00047421276977261333, 0.0004742127697725799, 0.00047421276977259084, 0.00047421276977589966, 0.00047421276977257967, 0.00047421276977264787, 0.15224042698833648, 0.00047421276977257967, 0.0004742127697725887, 0.00047421276977259436, 0.0004742127697726025, 0.00047421276977257967, 0.000474212769772628, 0.00047421276977257967, 0.00047421276977268587, 0.00047421276977257967, 0.33761513744713745, 0.0004742127697726132, 0.00047421276977257967, 0.00047421276977258135], [0.2524753615749129, 0.43594258720966045, 0.00028812609466664414, 0.00028812609466666333, 0.00028812609466663666, 0.0002881260946666403, 0.04419661739401501, 0.00028812609466663666, 0.00028812609466663666, 0.00028812609466663666, 0.00028812609466663666, 0.00028812609466663666, 0.00028812609466663666, 0.0002881260946788964, 0.0002881260946666373, 0.00028812609466663823, 0.0002881260946666386, 0.00028812609466663677, 0.00028812609466664164, 0.000288126094666644, 0.00028812609466663666, 0.00028812609466663666, 0.0002881260946666379, 0.00028812609466663666, 0.0002881260946666382, 0.00028812609466663666, 0.2598941553600668, 0.0002881260946666406, 0.00028812609466663666, 0.0002881260946666375], [0.42386657468365774, 0.0005381986692214079, 0.0005381986692243968, 0.000538198669221951, 0.0005381986692194864, 0.0005381986692194864, 0.10073781243984828, 0.0005381986692194864, 0.0005381986692194864, 0.0005381986692198985, 0.0005381986692196566, 0.0005381986692194864, 0.0005381986692240953, 0.052996758912459266, 0.0005381986692196422, 0.0005381986692194864, 0.0005381986692194867, 0.0005381986692194864, 0.0005381986692337312, 0.0005381986698469179, 0.000538198669219894, 0.0005381986692194864, 0.000538198669220497, 0.0005381986692194864, 0.1243710069496761, 0.0005381986692204909, 0.28457288028320693, 0.0005381986692215129, 0.0005381986692230005, 0.00053819866921981], [0.9375740982159766, 0.0002972598715082695, 0.0002972598715082695, 0.0002972598715082695, 0.00029725987150826954, 0.0002972598715082695, 0.0002973762188890359, 0.00029725987150826954, 0.00029725987150826954, 0.00029725987150826954, 0.0002972598715082695, 0.00029725987150826954, 0.0002972598715082695, 0.0002972598715082695, 0.00029725987150826954, 0.0002972598715082695, 0.0002972598715082695, 0.00029725987150826954, 0.0002972598715082695, 0.0002972598715082695, 0.0002972598715082695, 0.00029725987150826954, 0.0002972598715082695, 0.00029725987150826954, 0.0002972598715082695, 0.00029725987150826954, 0.054102509034411224, 0.00029725987150826954, 0.00029725987150826954, 0.00029725987150826954], [0.4716573304561199, 0.0005495809741070392, 0.0005495809741055792, 0.0005495809741056851, 0.0005495809741054203, 0.0005495809741070189, 0.12277452682523857, 0.0005495809741054203, 0.0005495809741054203, 0.0005495809741054203, 0.000549580974105421, 0.0005495809741054203, 0.07521557292217204, 0.02132138428069422, 0.0005495809741054203, 0.000549580974105721, 0.0005495809741056346, 0.0005495809741054203, 0.0005495809741069266, 0.01892768792532579, 0.03571009909905177, 0.0005495809741054203, 0.0005495809741062663, 0.0005495809741054203, 0.0005495809824042995, 0.0005495809741054203, 0.2417530360786674, 0.0005495809741054518, 0.0005495809741054269, 0.0005495809741055741], [0.3937587079632281, 0.00046281562397537326, 0.00046281562397520055, 0.00046281562397507906, 0.00046281562397497915, 0.0004628156239749965, 0.10619238959506058, 0.00046281562397497915, 0.00046281562397497915, 0.00046281562397497915, 0.0004628156239749931, 0.00046281562397497915, 0.0004628156239750011, 0.030495037404556415, 0.00046281562397497915, 0.0004628156239749905, 0.0004628156239750277, 0.00046281562397497915, 0.15906990082532896, 0.0004628156239753203, 0.00046281562397498734, 0.00046281562397497915, 0.0004628156239751934, 0.00046281562397497915, 0.00046281562397507473, 0.0004628156239749963, 0.29891357361245, 0.00046281562397498013, 0.00046281562397497915, 0.00046281562397499254], [0.3479359790987855, 0.0038994068291548457, 0.000360365960909126, 0.0003603659609090665, 0.0003603659609090648, 0.0003603659609090648, 0.03153511633801448, 0.0003603659609090648, 0.0003603659609090648, 0.0003603659609090648, 0.0003603659609090835, 0.0003603659609090648, 0.00036036596090992663, 0.2585399366730476, 0.0003603659609090648, 0.0003603659609090648, 0.00036036596090906583, 0.0003603659609090648, 0.0003603659609090648, 0.0003603659609090648, 0.00036036596090906485, 0.0003603659609090648, 0.0003603659609090648, 0.0003603659609090648, 0.00036036596090906626, 0.0003603659609090648, 0.34908041203827006, 0.0003603659609090648, 0.0003603659609090648, 0.0003603659609090648], [0.595127420868998, 0.0005597533934670779, 0.000559753393468391, 0.004794112037339192, 0.000559753393467055, 0.0005597533934679494, 0.08275027337671129, 0.000559753393467055, 0.000559753393467055, 0.000559753393467214, 0.000559753393467097, 0.000559753393467055, 0.0005597533934672401, 0.0066808739578463295, 0.000559753393467055, 0.0005597533934673476, 0.000559753393467055, 0.000559753393467055, 0.0005597533934682448, 0.03496071658630288, 0.0005597533934672779, 0.000559753393467055, 0.000559753393467055, 0.000559753393467055, 0.000559753393467055, 0.0005597533934679995, 0.2622525217295868, 0.000559753393467055, 0.0005597533934682193, 0.000559753393467055], [0.36628768793875505, 0.00037248533320694704, 0.00037248533320690834, 0.0003724853332068413, 0.00037248533320684014, 0.00037248533320684957, 0.08233284562287876, 0.00037248533320684014, 0.00037248533320684014, 0.00037248533320684014, 0.0003724853332068516, 0.0003724853332068402, 0.0003724853332068587, 0.00037248533328114783, 0.0003724853332068413, 0.0003724853332068413, 0.0003724853332068448, 0.00037248533320684014, 0.0003724853332068479, 0.0003724853332069134, 0.0003724853332068412, 0.00037248533320684014, 0.24110192768517444, 0.00037248533320684014, 0.00037248533320688345, 0.00037248533320684664, 0.3005929200897393, 0.00037248533320684014, 0.00037248533320684014, 0.00037248533320684486], [0.3034977153538065, 0.00033737284550205916, 0.2955970479191995, 0.00033737284550145, 0.00033737284550143645, 0.00033737284550143927, 0.04929458156104979, 0.00033737284550143645, 0.00033737284550143645, 0.0003373728455014369, 0.0003373728455014386, 0.00033737284550143645, 0.0003373728455014405, 0.00033737284550289665, 0.00033737284550143645, 0.00033737284550143976, 0.00033737284550144984, 0.00033737284550143645, 0.00033737284550144886, 0.00033737284550143645, 0.00033737284550143645, 0.00033737284550143645, 0.000337372845501455, 0.00033737284550143645, 0.00033737284550144333, 0.00033737284550143645, 0.3428389611829048, 0.00033737284550144697, 0.0003373728455014448, 0.0003373728455014401], [0.3486828572817534, 0.0004140941135884423, 0.17472175982654603, 0.0004140941135883943, 0.00041409411358839184, 0.0004140941135884034, 0.10011466662243997, 0.00041409411358839184, 0.00041409411358839184, 0.00041409411358839184, 0.00041409411358839184, 0.00041409411358839184, 0.00041409411358839476, 0.04454377905578971, 0.00041409411358839184, 0.00041409411358839184, 0.00041409411358840447, 0.00041409411358839184, 0.00041409411358841005, 0.0004140941135885716, 0.00041409411358839227, 0.00041409411358839184, 0.0004140941135884727, 0.00041409411358839184, 0.0004140941135884585, 0.0004140941135883925, 0.32158458437376075, 0.00041409411358839585, 0.0004140941135884134, 0.0004140941135883921], [0.3316142514426198, 0.0003815547329474352, 0.0003815547329474433, 0.0003815547329474298, 0.0003815547329473837, 0.0003815547329473837, 0.08060335200881166, 0.0003815547329473837, 0.0003815547329473837, 0.00038155473294739715, 0.0003815547329473844, 0.0003815547329473837, 0.00038155473294741477, 0.00038155473294878086, 0.0003815547329473837, 0.0003815547329473837, 0.0003815547329474245, 0.0003815547329473845, 0.00038155473294739363, 0.0003815547329476191, 0.00038155473294739124, 0.0003815547329473837, 0.0003815547329474535, 0.0003815547329473837, 0.21117306729535787, 0.00038155473294739444, 0.3666889061965767, 0.0003815547329473837, 0.00038155473294739737, 0.0003815547329473903], [0.3182653030091533, 0.00036106943839920246, 0.00036106943839920463, 0.0003610694383991968, 0.0003610694383991596, 0.00036106943839916094, 0.06690240752017969, 0.0003610694383991596, 0.0003610694383991596, 0.00036106943839916224, 0.00036106943839916007, 0.0003610694383991596, 0.0003610694383991646, 0.07161739259578016, 0.0003610694383991596, 0.0003610694383991596, 0.0003610694383991596, 0.0003610694383991596, 0.0003610694383991596, 0.0003610694383991663, 0.0003610694383991602, 0.0003610694383991596, 0.0003610694383991648, 0.0003610694383991596, 0.0003610694383991766, 0.0003610694383991604, 0.3999938910924178, 0.0003610694383991596, 0.13419426982248997, 0.0003610694383991596], [0.2645167025030031, 0.0003162458863571773, 0.0003162458863571773, 0.0003162458863571773, 0.0003162458863571773, 0.0003162458863571773, 0.0013471545127806998, 0.0003162458863571773, 0.0003162458863571773, 0.0003162458863571773, 0.0003162458863571773, 0.0003162458863571773, 0.0003162458863571773, 0.0003162458863571773, 0.0003162458863571773, 0.0003162458863571773, 0.0003162458863571773, 0.0003162458863571773, 0.0003162458863571773, 0.0003162458863571773, 0.0003162458863571773, 0.0003162458863571773, 0.0003162458863571773, 0.0003162458863571773, 0.0003162458863571773, 0.0003162458863571773, 0.7255975040525725, 0.0003162458863571773, 0.0003162458863571773, 0.0003162458863571773], [0.24785320774773525, 0.03186930229350468, 0.00850909575264791, 0.0003407801128071662, 0.0003407801128071591, 0.00034078011280717636, 0.060357498506463325, 0.0003407801128071591, 0.0003407801128071591, 0.0003407801128071617, 0.14411718071294696, 0.0003407801128071591, 0.0003407801128071591, 0.04929124202295579, 0.0003407801128071591, 0.0003407801128071652, 0.000340780112807166, 0.0003407801128071591, 0.0003407801128071614, 0.00878846457610322, 0.0003407801128071591, 0.0003407801128071591, 0.00034078011280732923, 0.0003407801128071591, 0.0003407801128071677, 0.0003407801128071591, 0.4417168459058852, 0.0003407801128071591, 0.0003407801128071591, 0.0003407801128071591], [0.2990561888226773, 0.0004038336729464608, 0.00040383367294577954, 0.00040383367294579325, 0.0004038336729457316, 0.1549087495250038, 0.052902440978541604, 0.0004038336729457316, 0.0004038336729457316, 0.0004038336729457316, 0.00040383367294579667, 0.0004038336729457316, 0.0004038336729458308, 0.06245484700485185, 0.0004038336729457316, 0.0004038336729457412, 0.0004038336729457325, 0.0004038336729457316, 0.00040383367294573997, 0.0004038336729457774, 0.0004038336729457317, 0.0004038336729457316, 0.0004038336729457316, 0.0004038336729457316, 0.0004038336729457368, 0.0004038336729457437, 0.42058193184528075, 0.0004038336729457957, 0.0004038336729459037, 0.0004038336729457316], [0.19525212731529937, 0.1799012203837, 0.00036799200267970605, 0.00036799200267968306, 0.00036799200267968263, 0.00036799200267970583, 0.03757179515951208, 0.00036799200267968263, 0.00036799200267968263, 0.00036799200267968263, 0.00036799200267968263, 0.00036799200267968263, 0.00036799200267968783, 0.0003679920026804185, 0.00036799200267968263, 0.00036799200267968263, 0.0003679920026796832, 0.00036799200267968263, 0.00036799200267968306, 0.00036799200267979837, 0.00036799200267968285, 0.00036799200267968263, 0.00036799200267968263, 0.00036799200267968263, 0.00036799200267968263, 0.00036799200267968263, 0.5777070650718159, 0.00036799200267968263, 0.00036799200267968263, 0.00036799200267968263], [0.34422327328108454, 0.0004528558803378823, 0.000452855880338129, 0.00045285588033777246, 0.00045285588033777246, 0.00045285588033781686, 0.08753610423001641, 0.00045285588033777246, 0.00045285588033777246, 0.00045285588033777246, 0.00045285588033777246, 0.00045285588033777246, 0.00045285588033784375, 0.03762672513159757, 0.00045285588033777246, 0.00045285588033778325, 0.0004528558803377921, 0.00045285588033777246, 0.00045285588033792197, 0.00045285588033836514, 0.00045285588033777615, 0.00045285588033777246, 0.00045285588033777246, 0.00045285588033777246, 0.0004528558803378333, 0.00045285588033778303, 0.37822953719258573, 0.14106296315627007, 0.00045285588033777246, 0.0004528558803377752], [0.45833935504209633, 0.0005527551218352513, 0.0005527551217025339, 0.06587215752013299, 0.0005527551216900511, 0.0005527551216900511, 0.10018765701849139, 0.0005527551216900511, 0.0005527551216900511, 0.0005527551216902787, 0.0005527551216901013, 0.0005527551216900511, 0.004597528645332147, 0.0322381646143795, 0.0005527551216900511, 0.0005527551216903267, 0.0005527551216900603, 0.0005527551216905824, 0.0005527551216933067, 0.022467566220221974, 0.0005527551216907894, 0.0005527551216900511, 0.0005527551216953222, 0.0005527551216900511, 0.0005527551216938113, 0.0005527551216900511, 0.30358420314030116, 0.0005527551216900511, 0.000552755121691728, 0.0005527551216900511], [0.3491516423869099, 0.0005786478096884974, 0.014642193311969889, 0.0005786478096884656, 0.0005786478096883517, 0.0005786478096886039, 0.11451695445076504, 0.0005786478096883517, 0.0005786478096883517, 0.0005786478096883517, 0.0005786478096883517, 0.0005786478096883517, 0.0005786478096883796, 0.035419479837416196, 0.0005786478096883517, 0.0005786478096884111, 0.0005786478096883517, 0.0005786478096883517, 0.0005786478096885385, 0.10783129143350213, 0.000578647809688548, 0.0005786478096883517, 0.000578647809688355, 0.0005786478096883517, 0.0005786478096886351, 0.0005786478096885177, 0.36455089114691425, 0.0005786478096889685, 0.0005786478096883517, 0.0005786478096883517], [0.39268694407483984, 0.0006057571361336409, 0.0006057571361386998, 0.0006057571361332273, 0.0006057571361332171, 0.0006057571361332292, 0.20560576140053788, 0.0006057571361332171, 0.0006057571361332171, 0.0006057571361332717, 0.0006057571361332199, 0.0006057571361332171, 0.0006057571361491095, 0.038372483622661484, 0.0006057571361332171, 0.0006057571361332171, 0.0006057571361338252, 0.0006057571361332171, 0.0006057571361364106, 0.023606470338927717, 0.0006057571361332337, 0.0006057571361332171, 0.0006057571361357697, 0.0006057571361332171, 0.0006057571361334676, 0.0006057571361332305, 0.30603870538193295, 0.0006057571361332536, 0.0006057571361332171, 0.019151463913874428], [0.3875395895728724, 0.0005479371972320716, 0.0005479371972314311, 0.0005479371972310011, 0.0005479371972304594, 0.0005479371972306737, 0.12397916591454264, 0.0005479371972304594, 0.0005479371972304594, 0.0005479371972305276, 0.0005479371972304596, 0.0005479371972304594, 0.08826001485584652, 0.025845806790354888, 0.0005479371972304594, 0.0005479371972304594, 0.0005479371972305511, 0.0005479371972304594, 0.0005479371972304607, 0.0005479371972322719, 0.0005479371972305135, 0.0005479371972304594, 0.0005479371972310052, 0.0005479371972304594, 0.0005479371972308578, 0.000547937197230602, 0.36067699293561456, 0.000547937197231103, 0.0005479371972308599, 0.0005479371972305312], [0.308201135850666, 0.03111135423387048, 0.0005080453226210942, 0.0005080453226208095, 0.0005080453226208089, 0.0005080453226210437, 0.055597115027477974, 0.0005080453226208089, 0.0005080453226208089, 0.0005080453226208466, 0.0005080453226208695, 0.0005080453226208089, 0.008569708662527788, 0.029588465097110873, 0.0005080453226208089, 0.0005080453226208266, 0.0005080453226208089, 0.0005080453226208089, 0.0005080453226208276, 0.0005080453226212376, 0.0005080453226209722, 0.0005080453226208089, 0.0005080453226208089, 0.0005080453226208089, 0.0005080453226208113, 0.0005080453226208089, 0.5495998597627622, 0.0005080453226208607, 0.005647318945304931, 0.0005080453226208358], [0.6112990133512174, 0.018971711302076644, 0.00046839807480218547, 0.00046839807480210594, 0.00046839807480210556, 0.00046839807480210556, 0.07118614512532628, 0.00046839807480210556, 0.00046839807480210556, 0.00046839807480210556, 0.00046839807480210556, 0.00046839807480210556, 0.00046839807480210556, 0.029548960354778914, 0.00046839807480210556, 0.00046839807480210556, 0.0004683980748021106, 0.00046839807480210556, 0.00046839807480210556, 0.00046839807480210556, 0.0004683980748021075, 0.00046839807480210556, 0.00046839807480210556, 0.00046839807480210556, 0.0004683980748021072, 0.00046839807480210556, 0.2572842179965482, 0.00046839807480210556, 0.00046839807480210556, 0.00046839807480210556], [0.5004938358989993, 0.0005857222572773642, 0.0005857222572757354, 0.009384101882650023, 0.0005857222572756961, 0.0005857222572759993, 0.1666480430836458, 0.0005857222572756961, 0.0005857222572756961, 0.0005857222572756961, 0.0005857222572756961, 0.0005857222572756961, 0.0005857222572756961, 0.021533071545631947, 0.0005857222572756961, 0.0005857222572756961, 0.0005857222572756961, 0.0005857222572756961, 0.0005857222572756961, 0.0005857222572759756, 0.0005857222572756961, 0.0005857222572756961, 0.0005857222572756961, 0.0005857222572756961, 0.0005857222572757002, 0.0005857222572756961, 0.2872978911571784, 0.0005857222572756961, 0.000585722257275707, 0.0005857222572756961], [0.4020064525306426, 0.0005334060599758567, 0.0005334060599757372, 0.0005334060599756702, 0.0005334060599756674, 0.0005334060599756674, 0.09077504653076315, 0.0005334060599756674, 0.0005334060599756674, 0.0005334060599756891, 0.0005334060599756674, 0.0005334060599756674, 0.0005334060599756807, 0.028189210909849834, 0.0005334060599756674, 0.0005334060599756692, 0.0005334060599756831, 0.0005334060599756674, 0.0005334060599758397, 0.13139686405400047, 0.000533406059975696, 0.0005334060599756674, 0.0005334060599756746, 0.0005334060599756674, 0.0005334060599757692, 0.0005334060599756674, 0.3342972744753517, 0.0005334060599756691, 0.0005334060599756674, 0.0005334060599756955], [0.663417785708359, 0.0005512483796753148, 0.0005512483796739456, 0.0005512483796727353, 0.0005512483796727335, 0.0005512483796727335, 0.06022802302896391, 0.0005512483796727335, 0.0005512483796727335, 0.0005512483796727335, 0.0005512483796727335, 0.0005512483796727335, 0.0005512483796727335, 0.021974240248716064, 0.0005512483796727335, 0.0005512483796727335, 0.0005512483796727335, 0.0005512483796727335, 0.0005512483796727335, 0.0005512483796727335, 0.0005512483796729348, 0.0005512483796727335, 0.0005512483796729217, 0.0005512483796727335, 0.0005512483796731252, 0.0005512483796727335, 0.24004749314246554, 0.0005512483796727335, 0.0005512483796727335, 0.0005512483796727335], [0.3457251631746534, 0.0005232109170645093, 0.13306958370351002, 0.0005232109170642555, 0.0005232109170642212, 0.0005232109170642212, 0.09711086842314788, 0.0005232109170642212, 0.0005232109170642212, 0.0005232109170642602, 0.0005232109170642214, 0.0005232109170642212, 0.012514202822473912, 0.028595745251617087, 0.0005232109170642354, 0.0005232109170642431, 0.0005232109170642237, 0.0005232109170642293, 0.0005232109170642212, 0.0005232109170642938, 0.0005232109170642481, 0.0005232109170642212, 0.0005232109170642212, 0.0005232109170642212, 0.0005232109170665689, 0.0005232109170642221, 0.37042737461505365, 0.0005232109170642265, 0.0005232109170642212, 0.0005232109170642215], [0.3468396739822068, 0.0005378476384503679, 0.0005378476384504358, 0.000537847638450163, 0.000537847638450163, 0.000537847638450163, 0.0944837667246517, 0.000537847638450163, 0.000537847638450163, 0.000537847638450163, 0.000537847638450163, 0.000537847638450163, 0.000537847638450163, 0.02811630627480652, 0.000537847638450163, 0.000537847638450163, 0.000537847638450163, 0.000537847638450163, 0.0005378476384502329, 0.000537847638450163, 0.0005378476384501644, 0.000537847638450163, 0.0005378476384520711, 0.000537847638450163, 0.000537847638450163, 0.000537847638450163, 0.5165762144186283, 0.000537847638450163, 0.000537847638450163, 0.000537847638450163], [0.37845868644507297, 0.0005624452289334002, 0.0005624452289281312, 0.0005624452289281224, 0.0005624452289281224, 0.0005624452289283904, 0.3280640424386639, 0.0005624452289281224, 0.0005624452289281224, 0.0005624452289281224, 0.0005624452289281512, 0.0005624452289281224, 0.0005624452289281283, 0.0005624452289785228, 0.0005624452289281224, 0.0005624452289281224, 0.0005624452289281224, 0.0005624452289281224, 0.0005624452289284368, 0.0005624452289289107, 0.0005624452289281272, 0.0005624452289281224, 0.0005624452289281224, 0.0005624452289281224, 0.0005624452289281224, 0.0005624452289281224, 0.27829124993514653, 0.0005624452289283658, 0.0005624452289281224, 0.0005624452289281224], [0.408459547232471, 0.0005427089079263917, 0.0005427089079270443, 0.000542708907926257, 0.000542708907926257, 0.000542708907926257, 0.34880612455951315, 0.000542708907926257, 0.000542708907926257, 0.0005427089079263503, 0.000542708907926257, 0.000542708907926257, 0.000542708907926257, 0.013061396355482641, 0.000542708907926257, 0.000542708907926257, 0.000542708907926257, 0.000542708907926257, 0.0005427089079266514, 0.0005427089079264203, 0.000542708907926377, 0.000542708907926257, 0.0005427089079272922, 0.000542708907926257, 0.0005427089079264228, 0.0005427089079265414, 0.21556250024644513, 0.0005427089079269879, 0.0005427089079271005, 0.0005427089079265201], [0.21058528723455988, 0.0004605956954575974, 0.00046059569545758107, 0.00046059569545758107, 0.00046059569545758107, 0.00046059569545758107, 0.013836410475584556, 0.00046059569545758107, 0.00046059569545758107, 0.00046059569545758107, 0.00046059569545758107, 0.00046059569545758107, 0.00046059569545758107, 0.00046059569545759164, 0.00046059569545758107, 0.00046059569545758107, 0.00046059569545758107, 0.00046059569545758107, 0.00046059569545758107, 0.00046059569545758107, 0.00046059569545758107, 0.00046059569545758107, 0.00046059569545758107, 0.00046059569545758107, 0.00046059569545758107, 0.00046059569545758107, 0.7631422185125009, 0.00046059569545758107, 0.00046059569545758107, 0.00046059569545758107], [0.3040775037194636, 0.02605277690986128, 0.0005058279214348228, 0.000505827921434739, 0.000505827921434739, 0.000505827921434739, 0.2930082177731082, 0.000505827921434739, 0.000505827921434739, 0.000505827921434739, 0.0005058279214347454, 0.000505827921434739, 0.0005058279214347417, 0.022192193202677457, 0.000505827921434739, 0.000505827921434739, 0.000505827921434739, 0.000505827921434739, 0.000505827921434748, 0.0005058279214347517, 0.000505827921434739, 0.000505827921434739, 0.000505827921434761, 0.000505827921434739, 0.000505827921434739, 0.000505827921434739, 0.3420236103590206, 0.0005058279214349242, 0.000505827921434739, 0.000505827921434739], [0.3886378985078026, 0.1579032012597312, 0.0005202792342986519, 0.0005202792342990607, 0.0005202792342983713, 0.0005202792342986607, 0.13102033976054803, 0.0005202792342983713, 0.0005202792342983713, 0.0005202792342983713, 0.0005202792342983713, 0.0005202792342983713, 0.0005202792342983958, 0.013029339821207183, 0.0005202792342983713, 0.000520279234298457, 0.0005202792342984152, 0.0005202792342983713, 0.0005202792342983897, 0.0005202792343082201, 0.0005202792342983715, 0.0005202792342983713, 0.0005202792342983722, 0.0005202792342983713, 0.0005202792342983923, 0.0005202792342983713, 0.2964022397932405, 0.0005202792342983713, 0.0005202792342983713, 0.0005202792342983713], [0.2692737147593713, 0.02139046532112708, 0.00040506049799288857, 0.0004050604979928826, 0.0004050604979928826, 0.0004050604979928826, 0.03883490992517572, 0.0004050604979928826, 0.0004050604979928826, 0.0004050604979928826, 0.0004050604979928826, 0.0004050604979928826, 0.0004050604979928826, 0.0004050604979969747, 0.0004050604979928826, 0.0004050604979928826, 0.0004050604979928826, 0.0004050604979928826, 0.0004050604979928826, 0.0004050604979928826, 0.0004050604979928826, 0.0004050604979928826, 0.0004050604979928826, 0.0004050604979928826, 0.0004050604979928826, 0.0004050604979928826, 0.659969337046507, 0.0004050604979928826, 0.0004050604979928826, 0.0004050604979928826], [0.2797650760597627, 0.00046705868092772974, 0.00046705868092768106, 0.00046705868092769776, 0.0004670586809276718, 0.0004670586809277218, 0.4110347165698957, 0.0004670586809276718, 0.0004670586809276718, 0.0004670586809276718, 0.0004670586809276718, 0.0004670586809276718, 0.0004670586809278449, 0.00046705868601360927, 0.0004670586809276718, 0.0004670586809276718, 0.0004670586809276718, 0.0004670586809276718, 0.0004670586809276718, 0.0004670586809276718, 0.0004670586809276718, 0.0004670586809276718, 0.0004670586809276718, 0.0004670586809276718, 0.0004670586809276718, 0.0004670586809276718, 0.29658962298020825, 0.0004670586809276718, 0.0004670586809276748, 0.0004670586809276718], [0.3204049782093641, 0.0005624931146835433, 0.0005624931146862624, 0.0005624931146831143, 0.0005624931146831133, 0.0005624931146831133, 0.09488377804926422, 0.0005624931146831133, 0.0005624931146831133, 0.0005624931146831133, 0.0005624931146831533, 0.0005624931146831143, 0.0005624931146837288, 0.05124276713737163, 0.0005624931146831133, 0.0005624931146831283, 0.0005624931146834791, 0.0005624931146831133, 0.0005624931146832406, 0.0005624931146834206, 0.0005624931146831492, 0.0005624931146831133, 0.0005624931146836324, 0.0005624931146831133, 0.0005624931146835367, 0.0005624931146832015, 0.37864528735703884, 0.0005624931146832086, 0.0005624931146831133, 0.14076086137987706], [0.38013469538887207, 0.0004986817151615072, 0.000498681715161038, 0.0004986817151616963, 0.0004986817151609005, 0.0004986817151609005, 0.06592268980521822, 0.0004986817151609005, 0.0004986817151609005, 0.000498681715160917, 0.0004986817151609185, 0.0004986817151609005, 0.0004986817151609237, 0.048863778617522086, 0.0004986817151609005, 0.0004986817151609066, 0.009775986004784505, 0.0004986817151609005, 0.2042833888619597, 0.0004986817151613625, 0.0004986817151609421, 0.0004986817151609005, 0.0004986817151612648, 0.0004986817151609005, 0.0004986817151609538, 0.0004986817151609239, 0.2790511001577795, 0.0004986817151609012, 0.0004986817151609005, 0.0004986817151609737], [0.43023122475321895, 0.0005619206599714753, 0.0005619206599642249, 0.0005619206599642262, 0.0005619206599642249, 0.0005619206599652106, 0.11619742244365511, 0.0005619206599642249, 0.0005619206599642249, 0.0005619206599644092, 0.0005619206599648296, 0.0005619206599642249, 0.0005619206599643353, 0.03575268599037519, 0.0005619206599642249, 0.0005619206599645936, 0.0005619206599722881, 0.0005619206599642909, 0.0005619206599664267, 0.013066877477123094, 0.0005619206599657596, 0.0005619206599642249, 0.0005619206599651367, 0.0005619206599642249, 0.0005619206599652123, 0.000561920659964611, 0.29784393026223327, 0.0005619206599642249, 0.0005619206599642511, 0.09342176323422936], [0.37086960037227285, 0.0005206072010688842, 0.0005206072010687321, 0.0005206072010686362, 0.0005206072010686345, 0.0005206072010687021, 0.09717345849661085, 0.0005206072010686345, 0.0005206072010686345, 0.0005206072010686345, 0.0005206072010687149, 0.0005206072010686345, 0.0005206072010686432, 0.030259412358160202, 0.0005206072010686345, 0.0005206072010686491, 0.0005206072010686803, 0.0005206072010686345, 0.0005206072010687116, 0.18801973774890895, 0.0005206072010686876, 0.0005206072010686345, 0.0005206072010690826, 0.0005206072010686345, 0.0005206072010687516, 0.0005206072010686346, 0.30066261099732994, 0.0005206072010687021, 0.0005206072010686345, 0.0005206072010686499], [0.35536445863244365, 0.016564633956564222, 0.00045618169579093556, 0.0004561816957909353, 0.00045618169579092965, 0.0004561816957909679, 0.09497093401804053, 0.00045618169579092965, 0.00045618169579092965, 0.00045618169579096207, 0.0004561816957924753, 0.0004561816957909304, 0.0004561816957909346, 0.048100577882359725, 0.00045618169579092965, 0.00045618169579092965, 0.0004561816957909531, 0.0004561816957909352, 0.18707966579041907, 0.0053437156981526665, 0.00045618169579092976, 0.00045618169579092965, 0.0004561816957910421, 0.00045618169579092965, 0.0004561816957909611, 0.0004561816957909621, 0.2820838350188269, 0.00045618169579093024, 0.00045618169579092965, 0.00045618169579094705], [0.28878714576117714, 0.0003232029726627887, 0.000323202972662787, 0.00032320297266278205, 0.000323202972662781, 0.00032320297266278427, 0.06445311270587521, 0.000323202972662781, 0.000323202972662781, 0.000323202972662781, 0.000323202972662781, 0.000323202972662781, 0.000323202972662781, 0.4057775984247745, 0.000323202972662781, 0.000323202972662781, 0.0003232029726627811, 0.000323202972662781, 0.000323202972662781, 0.000323202972662781, 0.000323202972662781, 0.000323202972662781, 0.00032320297266278454, 0.000323202972662781, 0.0003232029726627936, 0.000323202972662781, 0.232578865818941, 0.000323202972662781, 0.000323202972662781, 0.000323202972662781], [0.303539086463074, 0.0004608326840235484, 0.00046083268402338025, 0.00046083268402337575, 0.00046083268402337575, 0.0004608326840234165, 0.17154160585183023, 0.00046083268402337575, 0.00046083268402337575, 0.00046083268402337575, 0.0004608326840233866, 0.00046083268402337575, 0.0004608326840233834, 0.00046083268402823775, 0.0004608326840233809, 0.00046083268402337575, 0.0004608326840234003, 0.00046083268402337575, 0.0004608326840233882, 0.00046083268402347734, 0.25603763266076923, 0.00046083268402337575, 0.00046083268402340394, 0.00046083268402337575, 0.00046083268402350976, 0.00046083268402337575, 0.25690002523971334, 0.00046083268402337575, 0.00046083268402337575, 0.00046083268402337575], [0.7320940480527963, 0.013426067999281865, 0.0004429255357058383, 0.00044292553570582523, 0.00044292553570582523, 0.00044292553570583694, 0.030397572452663623, 0.00044292553570582523, 0.00044292553570582523, 0.00044292553570582523, 0.00044292553570582523, 0.00044292553570582523, 0.00044292553570582523, 0.00044292553570703596, 0.00044292553570582523, 0.00044292553570582523, 0.00044292553570582523, 0.00044292553570582523, 0.00044292553570582523, 0.00044292553570582523, 0.00044292553570582523, 0.00044292553570582523, 0.00044292553570582523, 0.00044292553570582523, 0.00044292553570582523, 0.00044292553570582523, 0.21256624756690579, 0.00044292553570582523, 0.00044292553570582523, 0.00044292553570582523], [0.34813022437317553, 0.0004744623113718147, 0.0004744623113704047, 0.0004744623113703915, 0.0004744623113703915, 0.00047446231137045577, 0.11299058251090185, 0.0004744623113703915, 0.0004744623113703915, 0.0004744623113703915, 0.00047446231137048944, 0.0004744623113703915, 0.0004744623113704331, 0.018701728613260596, 0.0004744623113703915, 0.0004744623113704038, 0.000474462311370506, 0.0004744623113703957, 0.00047446231137051107, 0.0004744623113705891, 0.000474462311370417, 0.0004744623113703915, 0.000474462311370428, 0.0004744623113703915, 0.220612083761034, 0.0004744623113703915, 0.28770382295736613, 0.0004744623113704451, 0.0004744623113703915, 0.00047446231137040476], [0.36510241237162877, 0.22110892418390649, 0.010535514667585238, 0.0004656013091199789, 0.0004656013091198016, 0.0004656013091198016, 0.1040490271926137, 0.0004656013091198016, 0.0004656013091198016, 0.0004656013091198698, 