"[[1.0, 0.035383877901735694, 0.14855905053937835, -0.2226995375106211, -0.13711331146193162, -0.0010715864374555295, 0.09240391093451228, 0.040667579967001766, -0.107176133223432, 0.07452878451278022, 0.20190822939360198, -0.0026249743410082793, -0.041768885904937214, 0.06493893915220406, -0.008778554056647403, -0.11153982653102368, -0.0498604891590686, -0.0640978444557947, 0.16360043802389357, -0.002855419865886999, -0.17908697034812238, -0.04850338482731975, 0.06596861324839665, 0.0020485007713245684, 0.005207495482496771, -0.013310208313685568, -0.03081931022917095, -0.022701031591150445, -0.006113748161798993, 0.08558440780770404, -0.01622801542675112, -0.1505132004293881, -0.0720796416376519, -0.2758729557336146, -0.09547680720704665, -0.03024507085117567, 0.044030072195657355, -0.20472943799195287, -0.05664368390795338, -0.11516090940875201, -0.10919372706762398, 0.0478454808240103, -0.03847574019746336, -0.054173725188241484, 0.07880744457879607, 0.09081921552207606, 0.10240375272451752, 0.04222164545113927, -0.22645653108617259, 0.0017730412302017218, -0.0013632471055753381, -0.17836498823787883, 0.026042617869156404, 0.06831388127246574, -0.0260463950920371, -0.2771954353782293, 0.1632675642285466, -0.12421485975900959, 0.021830191147509836, 0.20450792066625967, -0.1831408986138765, 0.07760558185644195, -0.021727730513253718, -0.07243650743955521, -0.1116325659069799, -0.20265312286117476, -0.31373559057793, -0.199799456681657, -0.16974661991615814, -0.04389819665035488, -0.19867755431133305, -0.1017596123340756, -0.17026623959450227, -0.06273136384870126, -0.12245487601352134, -0.032533710212567346, -0.021873774936237433, 0.06294884587518357, -0.13691284145218563, 0.15467174252554516, 0.039771463611950275, 0.01460096796937349, -0.1470425957207966, 0.08829700324412004, 0.003787882846318924, -0.11406180616175665, -0.1438602452958333, -0.08240093016924677, 0.007911662441777656, 0.03379651296715047, -0.014841272238215852, -0.17952935066588793, 0.030302375798562653], [0.035383877901735694, 1.0, 0.08665638651493268, 0.3048187238090381, 0.0298869908038345, 0.20250649936439857, 0.20621903526164787, -0.029245770128039972, -0.021321826592737514, -0.07957533545236539, 0.05964375357451035, 0.15756525747234096, -0.0813671748902618, -0.22974925947756497, -0.027172484921272444, -0.17879199643626165, -0.0874274678422049, 0.06578352017205225, 0.21731328184036924, -0.021196899027078553, -0.06900950979104414, -0.05041881705794338, 0.13556031810721603, 0.02650762459475786, 0.041694530791312134, -0.050663771767325505, 0.0561866195133518, 0.03257858279737258, -0.10544222956840144, 0.12543804033962735, -0.060099418322345555, -0.21494195005980754, -0.07060744134959762, -0.14301766073067568, 0.017170122652489628, -0.0017407100026214373, 0.4168011968822991, 0.14421794818423772, -0.15439604227250814, -0.22589937814475336, -0.08702006586015587, -0.19933945086706362, 0.051404345310039457, -0.2586811167776628, -0.3237666629660718, -0.23163379753680546, -0.10404342967945546, -0.008393331974385188, 0.09643496604762891, 0.06581804637464539, 0.10675378148401671, 0.07212758238942119, -0.11729884358717957, 0.10694382520890833, -0.017031106065677593, -0.05381099670459255, 0.3213617720466525, -0.3383751160221553, 0.024662963734424115, 0.19636612384032937, 0.017738679414162517, -0.18887186922018584, 0.19162852353388715, -0.3039330009260519, -0.10106398457873378, -0.19894476291147778, -0.30085254701963127, -0.25668373181701165, -0.1629352928001282, -0.20977730836626907, -0.08148865970491093, -0.3008420062156185, -0.2504090675827224, 0.16713552003774768, -0.08764649331734153, -0.28718099344394954, -0.08854203450562181, 0.14394182038202463, -0.08764368332536643, -0.07250763269052052, -0.05823940890270807, -0.0569099253235561, 0.12673403231678848, 0.016683507595327107, -0.08019297892407073, -0.001912191736364699, -0.12893732122885315, -0.18787343202468554, -0.08473622315585927, 0.03213231125643412, 0.27278685953359805, -0.03935434859330633, -0.11602584749051714], [0.14855905053937835, 0.08665638651493268, 1.0, 0.19849522938270026, 0.23268423985553488, 0.05343827188845218, 0.4009303413347405, 0.0648843753561611, 0.573288209306087, 0.6522429133118777, 0.1040544149969822, 0.1463749029140543, 0.3795550675572268, -0.15868693703541492, -0.17680826524112625, 0.2951093248785168, -0.05093182115251005, 0.42955878462308383, 0.06874829531417714, -0.3648634760980247, 0.42447930625902586, -0.1942864328564049, -0.1307931945245584, -0.08713095155171735, -0.04893230949254268, -0.1376987872295954, -0.14476812805071115, -0.1409955799306286, -0.4211187106529368, 0.0395393375280334, -0.1773308458864209, 0.3227427298935328, 0.06560007934793843, 0.23662713671962332, 0.19446972327344025, 0.14565784563613304, -0.12086911618418505, 0.3604559836438319, -0.2260889532003536, 0.27498495554151825, 0.22495334557359392, 0.47545384834191073, 0.02998513825436111, 0.3804462746717192, -0.11095740353893913, 0.06121926855835658, 0.4332162260404815, 0.03641559864506139, -0.006785146481725013, -0.020769355452629146, 0.06733730113309766, 0.4168030512350466, -0.20595398529679665, -0.08080044569759437, -0.03427389399152858, -0.20156385955975686, -0.24632245347576287, -0.2599650123488757, -0.24857409030159872, -0.503432286614014, -0.3083184528961884, -0.20969591754806394, -0.10284450308090087, 0.3389376896259726, 0.31422283679214347, 0.14280081067879746, 0.3696573907422698, -0.10888108139310115, 0.4427363888387734, -0.039092781771141505, 0.41392818668018694, 0.5138606090087471, 0.19742367394488602, -0.37970333799290956, 0.32063848207672896, -0.1186728296624664, -0.1664081127336554, 0.2113970317311189, 0.10361122736857276, 0.020185585508973536, 0.25072028056312134, 0.26298436447519635, 0.36873406549577714, 0.0760971266005388, 0.11228259493829029, 0.4528914857631309, -0.20186560618305105, 0.11501317904961206, -0.055749511174060906, 0.03287801725291195, 0.08060438675529713, 0.23005941096661275, 0.15443654619426583], [-0.2226995375106211, 0.3048187238090381, 0.19849522938270026, 1.0, 0.14682431290939557, -0.01074168425669475, 0.3010744667010494, 0.2517547436974963, 0.27894772585077976, 0.1591912247802213, -0.036032693372153535, -0.29237256221465113, -0.014664191077675026, 0.10716273279337041, 0.0592806798410902, -0.300925075864489, -0.05094972292075184, 0.10997263985791972, 0.14218182804614088, 0.02705317288600917, 0.1332523572844614, 0.0815474911542986, -0.07454469945269704, -0.0677265652399881, -0.05252186871582265, 0.05767994316448222, -0.0869772972644105, 0.1171175557312113, -0.28830809705038263, -0.14572695611006026, 0.109831630431795, 0.043948799981501585, -0.10088035224878622, 0.16527011232747102, 0.035322937901026585, 0.02456647059111705, 0.10905232666455122, 0.18141170788916738, -0.25903696511096586, 0.03171385521151171, 0.22457355521944833, -0.08222172998341959, -0.1432653060411575, 0.07157281781620406, 0.13340539315954913, -0.02352135855578208, -0.26200710651483616, 0.04873242773314912, -0.1437032851925435, -0.08144018385673601, 0.17903488392276923, 0.18644826939235237, -0.22381989226002763, -0.21310080746399662, -0.04838963140598729, 0.006535422716512862, 0.2505099079989468, -0.12160888158825367, -0.3294975124301385, -0.1584720346955506, -0.020509123562500564, -0.06374861063333759, 0.2770806243990033, 0.2469547788338753, -0.03697767517289585, 0.07415663951550733, 0.08866857542791706, -0.3520676848190438, 0.29519417445193163, -0.023060774810144125, 0.15237603497886054, 0.025564513183565007, -0.24373057710663892, -0.052417935961563966, -0.041491267532285825, -0.3766552306055104, -0.2784702677697086, -0.09050067735278255, 0.2620717013347178, 0.13996613526310886, 0.2704218092059443, -0.16289489141278235, 0.14975877085318368, -0.1334963140350478, 0.17123929890620837, 0.22872225447366112, -0.2012356673465403, -0.26999098228313057, -0.23792652487660626, 0.13088485990834786, 0.007200559706158627, 0.20153717597048848, -0.07464879300831173], [-0.13711331146193162, 0.0298869908038345, 0.23268423985553488, 0.14682431290939557, 1.0, -0.061418526293168796, 0.6170884431839245, -0.05306355711388999, 0.2934964556266777, 0.33491290909730487, 0.016707661833486376, -0.1091698378464927, 0.8377190533588866, -0.02082456506547281, -0.10001120362949667, 0.6233766071174158, -0.03749910541871393, 0.8966571651353181, -0.17190321356579785, -0.00978402401611711, 0.7162122106737321, 0.03030766230894122, -0.07531598228159209, -0.02951685855936792, -0.02962467518584133, -0.04535857983301317, 0.0035649774577687365, -0.12227449222280584, -0.11229655896504576, -0.11698552675789009, 0.06960239325077289, 0.7579549505802236, -0.019691410927220376, 0.7049267788499799, -0.053288125320845925, -0.07858202756506572, -0.33626402545627165, 0.005869676706842797, -0.3844985774817806, 0.7611036977424466, -0.06522367165904797, 0.051611246701074864, -0.3291915214221459, 0.5842356325678494, -0.2976809404602645, -0.3952602641675096, 0.007501856414631303, -0.10273709880611115, -0.23698391763422766, -0.14764614768809614, 0.16934941822160066, 0.7102839961783185, 0.19038285950974432, 0.14398329479873206, 0.01645372846964077, -0.058952561321053754, -0.15755351809011575, -0.09960908983269645, 0.02001156032300455, -0.04938238760211666, 0.16062478120301715, 0.08955692059229925, -0.10820149089868947, 0.11035965940897019, 0.8283342049598361, 0.20130127860974967, 0.28277974055411015, 0.19950139231870279, 0.353987272651342, -0.40259810526246254, 0.296904497443363, 0.15910134343403626, 0.4009403355814962, -0.2714306993025519, 0.04315645735640006, -0.08935844094861545, -0.2773783442106439, -0.11294343143540075, -0.04064818043552321, 0.3106339197802468, -0.19751494700614147, -0.0311720961764006, 0.49175625450442595, 0.06471258048761208, -0.3256309328757865, -0.16992112590647168, -0.055824782582429844, -0.21906923598385153, -0.11984969825683844, -0.08830153175760613, -0.3460583225320564, -0.35797723896120015, 0.20548670343967124], [-0.0010715864374555295, 0.20250649936439857, 0.05343827188845218, -0.01074168425669475, -0.061418526293168796, 1.0, -0.2091346934678593, -0.046749280344006605, -0.27005190634890064, -0.032016939379416964, 0.3106986049309032, 0.06729845597010464, -0.05799959506806496, 0.2208229285111959, -0.03546469903042504, -0.05268100216073379, -0.04578522354619552, -0.0478613084266748, -0.1762477057363352, 0.06236873141540833, 0.03246026782649669, 0.02691099131885577, -0.03693740666017398, -0.13092545853605264, -0.01036183197869267, 0.10833535058222143, -0.012183315155085639, -0.02707307775646761, 0.12420344271157735, 0.07488333831948135, -0.23664232687089193, -0.08837713348574949, 0.0981725897007818, -0.23124574595891323, -0.3103342634884225, 0.2837114607053761, 0.08785842031652169, -0.021615090388414693, -0.31497431256372277, -0.07874012737648695, -0.2718465127261811, -0.1279528040383271, -0.05173336863373823, -0.25633145870062246, -0.17922419219082975, -0.11205413669767683, 0.20519346370430935, 0.036848955929057015, 0.03337964870093768, -0.06674080225713541, 0.09563590759233809, -0.06524861273653682, 0.05873827676408183, -0.047733571254352736, 0.03037339625644564, 0.06210442660421378, -0.23035356808453167, -0.21502302964346653, -0.12383221921526566, 0.0018292851344537953, -0.1265292461403451, -0.2197602754833865, 0.2503442271358596, -0.12939819727250312, -0.0392567470439249, -0.18166045360928118, -0.15041511996385482, 0.10991159289465968, -0.5508545045527669, 0.2605973679763046, -0.26155451985988787, 0.15419428345492092, -0.26902473307485053, 0.009842127482707741, -0.2404740963687828, -0.10640494321211302, -0.12578501186631352, -0.14535992511528972, -0.08166374723007697, 0.07876666725272663, 0.11532107815653891, -0.19126745724027794, 0.17376782227526988, 0.09883946855272419, -0.17177299443933247, -0.17466700841182736, 0.0010490226073521791, 0.059542644180544446, -0.05685975924791631, 0.13413432313169182, 0.29049428623465046, -0.21789117466675156, -0.01181090017044717], [0.09240391093451228, 0.20621903526164787, 0.4009303413347405, 0.3010744667010494, 0.6170884431839245, -0.2091346934678593, 1.0, 0.16581720868072514, 0.5437764347735138, 0.3684061909492775, 0.1825141584844021, -0.033157778564814055, 0.5534238544540472, -0.06292330692169168, 0.006466490886169685, 0.37408564983224935, -0.13895548303392702, 0.6339049970162473, -0.10237826359479629, 0.014595555799128856, 0.3077152858889065, -0.11496499424949791, 0.13990040083709732, -0.09101139794243673, -0.03396031856124537, -0.06112487241900544, -0.0021481119925570447, -0.18716182879475918, -0.379562885376278, -0.045166021168290715, -0.10073840310210458, 0.4853625651782929, -0.03389303910574126, 0.4658585582723306, 0.12796496312772554, 0.21368406163047038, 0.05399174703228493, 0.03868160769953588, -0.30224233480732154, 0.5167106682185378, 0.16104118995438244, 0.12884178894942366, -0.16544864999014464, 0.556651162859755, -0.08357015677356672, -0.1997758277982522, 0.018017783565839718, -0.04257489830917205, -0.31025555537739047, -0.04279590396117339, -0.10296969580505566, 0.428120522701699, 0.05230091798825176, 0.001120065607036258, -0.14955492189013242, -0.1411369188537328, 0.16224593232837237, -0.33764659273313846, -0.3384725983838681, -0.017192225892336488, -0.14874881780580163, -0.051376967488736325, -0.03483224434567589, 0.3440602262192397, 0.5682751385676534, 0.06689449860696217, 0.3505882314085701, -0.2569093595065297, 0.5412687575162817, -0.09375026115425289, 0.44724492595744514, 0.17061724402752065, 0.10899830144446487, -0.06829409983287071, 0.13748336072558898, -0.16053074846994875, -0.014193398180749384, 0.24897047376424097, 0.21235582138760822, 0.5221595618591995, -0.2615919303585743, 0.028011376806737265, 0.4503719326333868, 0.1579400116894738, 0.06741662467591358, -0.07160983900244444, -0.1396006520988724, -0.030495937888285196, -0.3038448007796195, -0.2507720651460017, -0.1653251153115487, -0.0723723476962399, -0.1285532101145641], [0.040667579967001766, -0.029245770128039972, 0.0648843753561611, 0.2517547436974963, -0.05306355711388999, -0.046749280344006605, 0.16581720868072514, 1.0, -0.06694493266407053, 0.15092867320335634, 0.017814094483997955, 0.15201456031655636, -0.06368859074485367, 0.10612473458745975, 0.015987330645671594, -0.1596754987537663, 0.04812551817584165, -0.05364295887107895, -0.07201624598037526, 0.034546386127976, -0.08100573219332174, -0.02848119790062187, 0.01281749180870595, -0.0028566215199317124, 0.011302074881850088, 0.03423787093116981, 0.020557513890909873, 0.054969680201022, 0.07106962939621964, -0.004251170489216749, -0.08372304487912174, -0.06073424792770843, -0.11042728308552108, -0.12322283299946979, -0.08001408028251267, -0.2677868844299274, 0.11315589974608264, -0.051510776864366115, -0.22608720184353936, -0.07244978058262008, -0.060774851445592804, -0.009413971389726106, -0.07157400911695211, -0.08413019014441026, -0.047857018823181274, -0.1748617774055028, -0.2642728534554122, -0.021231701649153667, 0.0747827214674377, -0.037723814437092384, 0.015083762182510063, -0.05658853768761696, -0.01486293540211614, -0.18360784973022093, -0.026652078798045986, -0.320803416344579, 0.03223422543797372, -0.11679883987439998, -0.0538104029779527, -0.17778630431916898, -0.018898863503646446, 0.0840156465297297, 0.09130697464260162, 0.043574033797737055, -0.13335310908921594, 0.04089586030223713, 0.17834928071495826, -0.15866090361699636, 0.21040855381179824, 0.3953082511667141, -0.23056315034879926, -0.09157893241216408, -0.16958843667947598, 0.06665691925650485, 0.12028952465979426, -0.07884793153434111, -0.06343798891590247, -0.28316007218777073, 0.107978105871954, -0.016718109912356116, -0.030501588373532673, -0.30656303652300787, -0.18914472835159057, -0.26322514909143857, 0.13034760624225328, -0.08791715540559597, -0.14254329819710376, 0.07834698938864493, -0.05586104593090124, -0.09803819090513954, -0.09397436559051386, -0.19032300767088972, 0.012112376386030244], [-0.107176133223432, -0.021321826592737514, 0.573288209306087, 0.27894772585077976, 0.2934964556266777, -0.27005190634890064, 0.5437764347735138, -0.06694493266407053, 1.0, 0.4885889668013428, 0.06817434906235975, 0.10782730260541817, 0.3022882993070446, -0.16690108125327674, -0.009757573637264594, 0.34625674303833076, -0.025654107467394383, 0.3817485824300242, -0.029624604674120647, -0.05694697378191216, 0.21803095420047303, 0.05606464013754331, -0.03231099143633398, -0.0900462078959734, -0.11668532713167878, 0.03315051326067486, -0.03747259876108466, -0.08504201482784857, -0.50497182910861, -0.2511130562520125, 0.009095137126057806, 0.3604221272808106, -0.0520234127402075, 0.3594755867714491, 0.22156942395122825, 0.05579678643657138, -0.15820236054766035, 0.21570999183037864, -0.11241645484562701, 0.19912834506631305, 0.22943570373234246, 0.37486118654027856, -0.03168709355207633, 0.41026453957804154, 0.00012378690863901198, -0.1896023463198271, 0.1389094506237023, -0.32692159391550013, -0.10094126611437382, 0.08962321883928359, 0.03216587122193859, 0.3725860621836996, -0.0026962013327118672, -0.10184049437843723, -0.04514758905973393, -0.2607050159845825, -0.21143762482570572, -0.2672323636669436, -0.23920099944117523, -0.32928055405999124, -0.4129779373335638, -0.1944022814578843, -0.20205148138906903, 0.3423596703527414, 0.39570569565515723, 0.2342073469550192, 0.3601702955411552, -0.32850846634972575, 0.5000994263715844, -0.09589918095731664, 0.49315497258547814, 0.41769993311396236, 0.23067853037928066, -0.1527932153664826, 0.3190424931206728, 0.027550486401930474, 0.032637825401451104, 0.39596990717307, 0.3480185468670185, 0.047622662890535516, -0.09383363227796915, 0.3149108463774397, 0.32329948797288144, 0.0441757056818991, 0.2591005690483743, 0.3596895255106338, 0.0016271804565509695, 0.11767250895122328, -0.11401127507302222, 0.18786342870406147, -0.00029889371028635203, 0.514373296635788, -0.08490768542649363], [0.07452878451278022, -0.07957533545236539, 0.6522429133118777, 0.1591912247802213, 0.33491290909730487, -0.032016939379416964, 0.3684061909492775, 0.15092867320335634, 0.4885889668013428, 1.0, -0.02181228020811532, -0.021993782549536656, 0.5305390458752918, 0.24137300407083517, -0.12605788506800475, 0.2529291141637029, -0.01671289706672252, 0.5586185962994179, 0.2626813149924436, -0.1676668725240389, 0.32961599410084963, -0.20805322466570608, -0.2847709489364654, 0.15209403541574718, -0.1863110459390913, -0.12881348809568616, 0.016624276260929327, -0.1343103382118489, -0.08072656921156884, -0.12195317144122875, -0.0695992627915909, 0.2190812034642784, 0.04408848993219161, 0.32798526619009505, 0.049163859274712784, -0.11200749007543864, -0.26257908439655075, 0.1476583700119477, -0.23773821645740112, 0.20148310523717317, 0.04443713099390245, 0.3242328245531376, 0.114988604016514, 0.29406728492247003, -0.22415995262794186, -0.15915275736885137, 0.310403473674042, -0.24788986118438006, -0.13886556720450405, -0.038598177492656705, -0.015434829305259523, 0.30672757825369823, 0.046376518590975246, -0.18949639068665602, -0.1461678221976972, -0.3795804127546343, -0.44351229322372276, -0.3848527044937222, -0.2678709623752411, -0.4240672488305053, -0.30610226763602677, -0.17518976314877177, -0.08856217547183953, 0.5253444246813641, 0.4901833848923156, 0.44675249768622116, 0.5573854712540043, 0.056316873455825256, 0.4426145777390519, 0.11285814222165802, 0.41274669435791744, 0.5624106079681636, 0.2554307903614279, -0.14881999840415494, 0.55209553740231, -0.08344567256724988, -0.09339761539420866, 0.25909107008642795, 0.4677698446647025, 0.0774839215041726, 0.1761021361400399, 0.4688533569916149, 0.4928487630267876, -0.002304812713131099, -0.1954131256478, 0.36771013345205095, -0.0011193345645381658, -0.05898581079620646, -0.07336108942391073, -0.11133872813530554, -0.003966993429342036, 0.29822051404837757, 0.2499194040946936], [0.20190822939360198, 0.05964375357451035, 0.1040544149969822, -0.036032693372153535, 0.016707661833486376, 0.3106986049309032, 0.1825141584844021, 0.017814094483997955, 0.06817434906235975, -0.02181228020811532, 1.0, 0.2838414915673949, -0.06149902678256369, -0.14999734330522863, -0.030843966047863436, 0.23996021757427521, 0.016594099313476107, -0.05816158073372035, -0.16552126471299555, -0.0023171629558893514, -0.17181638524569398, 0.057826433119472775, -0.06471438076464708, -0.003381638554979194, -0.09768429947092172, -0.03597243704565689, 0.03656602893733041, 0.0012432502183454819, -0.15262516922942337, -0.11913501549216665, 0.08204207263777308, -0.032444147088376285, -0.08051246306028936, -0.07052337273665743, -0.44914407870169537, 0.21771691295376994, -0.12152685019070764, -0.29473546953795937, -0.2767274231135535, 0.021532643084075542, -0.2820913014304389, -0.0711166343210432, -0.17733629056931788, 0.03130026826758814, -0.008076973327543646, -0.0417619551742785, 0.0997141270569476, 0.060344679401653556, -0.0495814255134821, -0.2410675047355948, -0.24202819630461336, -0.045914497270506116, -0.04832902958396312, 0.12319725308658236, 0.016110663200337383, -0.15958698307837382, 0.13555487831607727, -0.01602287961722304, -0.16052442145603374, 0.019028973631666557, -0.01772812816111924, -0.05060976258537764, 0.18713201764421505, 0.01030917421682609, 0.06499629935953755, -0.17884832532105732, -0.13897813756065158, -0.16781561203358342, -0.2182290617594338, 0.340420792551712, 0.07070374668418022, 0.09999483949084298, -0.13981669637306227, 0.039719852524774946, -0.03784637376333011, -0.08743011594603134, 0.07724947816838978, 0.27117755361671025, -0.18919677159222847, 0.36628443284412526, 0.1072055034888525, -0.0576712150481129, -0.1073980540970556, -0.2604942516489368, -0.07664486863859032, -0.03312545270540035, 0.1298253653136172, -0.005546785601614257, -0.12711903394120494, -0.18357568050908313, -0.2995863342847269, -0.02683307468318752, -0.24007790174769594], [-0.0026249743410082793, 0.15756525747234096, 0.1463749029140543, -0.29237256221465113, -0.1091698378464927, 0.06729845597010464, -0.033157778564814055, 0.15201456031655636, 0.10782730260541817, -0.021993782549536656, 0.2838414915673949, 1.0, -0.12362971659059507, -0.22271309325941213, 0.05326641296396473, 0.16786411350284136, -0.00918459256902704, -0.18388911314219025, 0.000542380482811522, -0.021008135002696493, -0.1286264432412203, -0.04890375696613769, 0.024384623135991323, 0.0010590248752203602, -0.0424253106913246, 0.06417845158202151, 0.012858597470189359, 0.00035620223522125904, 0.18482492622750957, 0.04664029799114999, 0.04637204092629821, -0.1414187068241881, 0.08293901595702646, -0.19685637088816632, -0.0810003458313604, -0.006114494960429262, -0.03299311009747985, 0.028190492270232292, -0.025816837440270746, -0.20570781679691708, -0.23844586446055582, -0.22622020778361573, 0.08272782614838281, -0.24542792826242987, 0.03913110863721447, -0.15512815373668598, 0.016888412130432684, -0.05669694019375049, 0.056537845716614576, -0.1072852079912161, 0.034283377733860254, 0.0009093780940104823, 0.09252436349730597, 0.017838035326865787, -0.04675934607326249, 0.03232369564993842, -0.12339683122466161, -0.03658493428312104, -0.06398465655516739, -0.07799412673064854, 0.07044715440378002, -0.14503718129895304, -0.26311769090304415, -0.03724125604952877, -0.1150436458371944, -0.12973041191306622, -0.12211694069806955, -0.14413503468498612, -0.04562886193058535, 0.0647048610049995, -0.1097338158719312, 0.005020434142924746, -0.07002758332071446, -0.11561205319326384, 0.12998058025015857, -0.19597901451895905, -0.11821763701832744, -0.010339871124859235, -0.017697057908195646, 0.03404076784629195, -0.21676198408018665, 0.22562715440854975, 0.04654249755653117, 0.11065086310350858, 0.05611719490200329, -0.05536324420757599, -0.15075596299627048, 0.05043098671899593, -0.023731885345756876, -0.0020188866197559108, 0.15948278133525173, 0.09054212333365286, -0.14355259608675697], [-0.041768885904937214, -0.0813671748902618, 0.3795550675572268, -0.014664191077675026, 0.8377190533588866, -0.05799959506806496, 0.5534238544540472, -0.06368859074485367, 0.3022882993070446, 0.5305390458752918, -0.06149902678256369, -0.12362971659059507, 1.0, 0.1706832963054239, -0.17268403728914206, 0.7348247013508167, 0.02542380005517786, 0.8817202422392135, -0.03353785469041326, -0.20182497300604485, 0.6703991097671779, -0.05036788047982976, -0.06331256055928858, 0.024328364512897993, -0.12010480255786504, -0.17468397828181303, -0.17904804460753998, -0.21282692941722625, -0.11880961998688178, -0.04793078552085994, -0.041712202781301055, 0.7210072506561941, -0.054169309669990895, 0.729626425349403, -0.033890856043859774, -0.1334442226798005, -0.28086192710100866, -0.01150691188642683, -0.3462366375918471, 0.7191429975657412, -0.08127972699415786, 0.15993157709113537, -0.0796096704574516, 0.6516534122387724, -0.3589870054819988, -0.3360369589687924, 0.11317135567107472, -0.020672726654602513, -0.09288330903775632, -0.1844200628774022, -0.09857021209376926, 0.58760586085576, 0.1270359439731813, 0.011997002694645764, -0.04534085433510393, -0.04734213226741124, -0.3190881323833663, -0.18632329699207473, -0.11130549323522754, -0.33256603351223557, 0.06577816025968963, 0.08921896837916143, -0.19546750469875973, 0.3002931484697984, 0.9249281782422498, 0.35496728708301994, 0.3569737556550656, 0.3303047548501076, 0.3736994561477063, -0.2371447407249585, 0.3867353205061015, 0.3253112323750367, 0.562745617389377, -0.16498564724061437, 0.27905367281904825, 0.07891841097258923, -0.0611735032448002, 0.027140363398404754, 0.10379548780506143, 0.31351335162472616, -0.2638081413519693, 0.1496216190195906, 0.537378362841016, 0.04614921794814564, -0.3807787754996803, 0.03054246887248091, 0.10561659532395284, -0.2190842434021345, -0.05931168486435512, 0.019898355901798115, -0.30397132915354574, -0.26019156721750947, 0.25981125095650226], [0.06493893915220406, -0.22974925947756497, -0.15868693703541492, 0.10716273279337041, -0.02082456506547281, 0.2208229285111959, -0.06292330692169168, 0.10612473458745975, -0.16690108125327674, 0.24137300407083517, -0.14999734330522863, -0.22271309325941213, 0.1706832963054239, 1.0, -0.0011064903604613985, -0.018860810260855176, 0.013780374152264296, 0.01145842645113715, 0.21323360396800684, 0.06168332199002524, -0.2648667694422824, 0.039568328201269876, 0.03817865092820183, 0.04252280691650778, -0.02748710191206749, 0.039469666887146815, 0.006504641574019754, -0.0017778926789742133, 0.004240616086754301, 0.02338649743972776, 0.12574885015915793, -0.19208768279914956, -0.020682819477811476, -0.059184718312206064, -0.006381657683061315, -0.14895361400096085, 0.02074977126833466, -0.05480163714892661, -0.05826993512219403, -0.10886321719127645, -0.08662549994386204, -0.10440317175530578, 0.2748403429055629, -0.06646520727483551, -0.03549324911684848, -0.188172435878049, -0.14841364728167838, -0.05154126614183441, 0.015600920957391184, -0.08069082342724232, 0.10605532208752833, -0.17638075028708666, 0.36709389419422034, -0.16433869962608272, -0.04280432277859214, 0.2662919465051705, -0.27260281563217426, -0.004118833687704271, -0.18778135240431615, -0.1482789548263468, -0.16803743660717552, 0.14734172895004494, -0.14068459103103104, 0.3660022199076912, 0.04883439432014369, -0.031906263296599846, 0.08177820657854873, -0.015191366913465787, -0.12864451560914536, 0.11494896185385395, -0.19696778358305034, 0.26620858679239146, -0.2342578885419797, 0.10500880458484485, 0.14256157163300576, -0.2687285258517691, -0.21107520116104128, -0.18572630272014035, 0.42162252995731264, 0.04050337172151319, -0.013112382050406435, -0.01774621017340383, 0.03797517196391609, -0.0712837704916145, -0.3964847051152085, -0.07108522083039692, 0.09904014416324103, -0.12665321478951874, 0.049610021988621966, -0.07757183728772543, -0.242257338716781, 0.01839951042575294, -0.17516556711268927], [-0.008778554056647403, -0.027172484921272444, -0.17680826524112625, 0.0592806798410902, -0.10001120362949667, -0.03546469903042504, 0.006466490886169685, 0.015987330645671594, -0.009757573637264594, -0.12605788506800475, -0.030843966047863436, 0.05326641296396473, -0.17268403728914206, -0.0011064903604613985, 1.0, -0.06286396439618258, 0.02403687573549773, -0.14114621850293352, -0.024517509136559035, 0.055933166245569765, -0.2166456085368429, 0.008723517807156966, 0.029481748828266596, -0.03400353616941598, -0.02539006322064763, -0.00021077098644872727, 0.04309514225416755, 0.008561192629136793, 0.018598056931834805, 0.012671658860288981, -0.023629710667543602, -0.07241151535851853, -0.1801927262150378, -0.20304340807690235, -0.25313442635965466, -0.006447780406904524, -0.06889352316163144, -0.1550424102128245, -0.2245200681222308, -0.060317207177718046, -0.1704937256476109, -0.08923746298743751, -0.14819655427326106, -0.10077612569740224, -0.08060827030626738, 0.09787019879693892, 0.014149293011468056, 0.008748174431131073, -0.06562969905221672, -0.15374229038665033, -0.025247942908658505, -0.17674358931266454, -0.03306413962075605, -0.03431265176275189, -0.005721094111244884, 0.016280810314835303, 0.15449014875516232, -0.035004647416352785, 0.027345388080713073, 0.07076287761833289, -0.02812743565994036, -0.10114223982248993, -0.01648949483713702, -0.09091850982998784, -0.2091399044652995, -0.1279955263361472, -0.12147752120713817, -0.19945655904612614, -0.12703747409615085, -0.044972225746681804, -0.15752715881691537, -0.2599965580931045, -0.28587812684813785, -0.05006774861747898, -0.12367143916615797, -0.026300775290184264, 0.025923097384296878, -0.08443341514409242, -0.05280335586161744, 0.11834239050330342, 0.036583527136625826, -0.018447769527668134, 0.005684546566843918, 0.17153517250433725, 0.2059036278429225, -0.10501749952095629, -0.02863505729356164, -0.02747427009096426, -0.015016540030389658, -0.029095334775882442, 0.0737099396546268, -0.03134573389572748, -0.004680156011677594], [-0.11153982653102368, -0.17879199643626165, 0.2951093248785168, -0.300925075864489, 0.6233766071174158, -0.05268100216073379, 0.37408564983224935, -0.1596754987537663, 0.34625674303833076, 0.2529291141637029, 0.23996021757427521, 0.16786411350284136, 0.7348247013508167, -0.018860810260855176, -0.06286396439618258, 1.0, -0.03141448194542984, 0.6445484359228639, -0.0877649555678861, -0.25502139646974187, 0.4835086754695479, -0.008314770992744691, -0.07073736636069339, -0.23223536789195154, -0.023726424620802877, -0.2720057822652602, -0.26300255730815647, -0.14646211767906614, -0.21325468303911244, -0.22197913620581344, 0.056097945535676486, 0.6416828302682342, 0.07194962780211167, 0.6397929425713842, -0.06761885594165618, -0.09986420470405699, -0.3067684259160737, -0.11856110106479512, -0.15500284674135845, 0.5672188911684934, -0.21229405020070602, 0.2528796413064911, -0.00031628969415642416, 0.6085384060051082, -0.34890139390796127, -0.2966697514152965, 0.23427955605156914, -0.11623441221001207, 0.16140510613675263, -0.14673037057515326, -0.07342097285567739, 0.5718200801071194, 0.2395224012709316, 0.22141298448513447, 0.041590933862931556, 0.08058214423131493, -0.33108195512261873, 0.04535159548270473, 0.09074164426016751, -0.19575982787622004, 0.06351863125696489, 0.18013306009197239, -0.22897610727765905, 0.1516579556983868, 0.7659185347501046, 0.24743854463324433, 0.2685718460280574, 0.2944800509343891, 0.27689109817488433, -0.18636427442327763, 0.3011271922850076, 0.23506506574455832, 0.5420271685348418, -0.15192144348910452, 0.3181980144724048, 0.23707240107960093, 0.047069103530103185, 0.1790129051515219, -0.05324137548731667, 0.15105503401721765, -0.2931686808877214, 0.22700965222708636, 0.33473769035014067, -0.0450882256305305, -0.4021595233015729, 0.013737257336164821, 0.2771585462589088, 0.04379217955971548, 0.011694714370669046, -0.06084562765969115, -0.37270127036219103, -0.1523761663141101, 0.12695298257786236], [-0.0498604891590686, -0.0874274678422049, -0.05093182115251005, -0.05094972292075184, -0.03749910541871393, -0.04578522354619552, -0.13895548303392702, 0.04812551817584165, -0.025654107467394383, -0.01671289706672252, 0.016594099313476107, -0.00918459256902704, 0.02542380005517786, 0.013780374152264296, 0.02403687573549773, -0.03141448194542984, 1.0, -0.037133537934770366, 0.05606426012493826, 0.0170704519552054, -0.07016567191118361, 0.013832061720138178, -0.014468553936069384, 0.011311587160464542, -0.018744535761157755, -0.032221707076391715, -0.004129074728182358, -0.01941773190172902, -0.023130982876704342, 0.012228384532553482, -0.015004088173564245, -0.06370984162116722, -0.11900076700914619, -0.048566014052332074, -0.02308077690273147, -0.02625299520942881, -0.01671070629656657, 0.022672882681515794, -0.01436799509374831, -0.08302283238559616, -0.08058002487732252, -0.11431948216200705, -0.07203223288397909, -0.09217432191489827, -0.02559101978654188, -0.10134100788298861, -0.06815729741602405, -0.05854234702746641, -0.14725919931007359, -0.05282095609943083, -0.10083932593690426, -0.050513046791650584, -0.010005874234401135, -0.023650805907975858, 0.024940002387373372, -0.05706192872809934, -0.02434099006181567, 0.025828539743420142, 0.10869844580183552, -0.06961384236215395, -0.033843707094683984, 0.018337976458247196, -0.04388750475808134, -0.21367385774092407, -0.06478559237933235, -0.16422030293440182, -0.010992343610001676, 0.13893024109781282, -0.24442437461163058, -0.04059764629828133, 0.01034241252627921, 0.1488152688295019, 0.10579032818175982, -0.0020519479362286486, -0.12259231685851346, -0.0694606542682521, 0.05113714614558451, -0.22928378202027377, -0.054120501550808164, -0.18229928849492394, -0.017047926275141068, 0.0491176823481434, -0.1479544750559907, -0.14753965412698467, 0.0027618649874250334, -0.07584390250513628, -0.0004106207975997922, -0.06086641914601265, 0.05002586100940343, 0.00341127878055858, -0.04888499978217897, -0.10708526414428654, -0.05191392308841558], [-0.0640978444557947, 0.06578352017205225, 0.42955878462308383, 0.10997263985791972, 0.8966571651353181, -0.0478613084266748, 0.6339049970162473, -0.05364295887107895, 0.3817485824300242, 0.5586185962994179, -0.05816158073372035, -0.18388911314219025, 0.8817202422392135, 0.01145842645113715, -0.14114621850293352, 0.6445484359228639, -0.037133537934770366, 1.0, -0.06083291582814132, -0.17823824955703094, 0.7413710682944823, -0.1916960210853369, -0.11541174164886381, -0.008989570712891304, -0.06626895616340911, -0.11477999029179187, -0.05438915236855291, -0.051183393935822386, -0.128144555828128, -0.1684116269625715, -0.049688409171939174, 0.7558728539742342, -0.020146868986131494, 0.7284425693474855, 0.019141864575031975, -0.004047707133786327, -0.283809065429641, 0.038074938495272326, -0.38945053071763414, 0.7289492069943796, -0.04055547551082728, 0.21964417491972466, -0.23125419818351345, 0.6663538146045785, -0.3896210897515302, -0.33856746694858497, 0.169229260156048, -0.10531037416459621, -0.17296194858197644, -0.09020910570489082, 0.0735875669996886, 0.7333720087616732, 0.11826558688062017, 0.10901450683075697, -0.0019362602970653953, -0.10639300594086132, -0.2101135792721971, -0.21687176151838505, -0.002051647014898128, -0.11299790677546162, -0.07848229531414419, 0.08012018161311729, -0.12497204058772526, 0.10049771427817256, 0.8719722601241302, 0.22790080430471882, 0.4027698179118988, 0.16276667367687248, 0.3981368119318217, -0.32871026766664047, 0.36421368861586734, 0.25183533580390816, 0.41874416217617694, -0.17997717667724356, 0.15034942766380976, -0.044720809164778164, -0.18384375171085976, 0.010730907231171871, -0.0030572180059667, 0.24697122081079192, -0.1742548009236864, 0.14857948339812999, 0.6463323206911685, 0.14395803025774812, -0.30487036837463677, -0.042331220653330615, 0.03447846133268884, -0.06878161037649555, -0.1515032928621356, -0.06630775013134116, -0.19518861042915447, -0.25309741236813754, 0.2972479840591211], [0.16360043802389357, 0.21731328184036924, 0.06874829531417714, 0.14218182804614088, -0.17190321356579785, -0.1762477057363352, -0.10237826359479629, -0.07201624598037526, -0.029624604674120647, 0.2626813149924436, -0.16552126471299555, 0.000542380482811522, -0.03353785469041326, 0.21323360396800684, -0.024517509136559035, -0.0877649555678861, 0.05606426012493826, -0.06083291582814132, 1.0, -0.055873415206903365, -0.20300765475880622, 0.06519177349626659, -0.031306543324600256, -0.12527132190034718, 0.04645561662867559, 0.004081316914166355, 0.044901422972305705, 0.10186247921949831, 0.061418186746606374, -0.11668522459146957, -0.050913801225454636, -0.48815061356385736, -0.14916577539648257, -0.0569002875429554, -0.10342725554990073, -0.2887972834951187, 0.009554791248172156, -0.08707681553908575, 0.35784199114344406, -0.47161459129781025, -0.271292367486865, 0.009754157256198881, 0.34920888102021663, -0.2305885395527747, -0.19971867142669475, -0.0023295774933342894, -0.10745199923224691, -0.03752879021372424, 0.06073924812222031, -0.24213508858194732, -0.13475422351670163, -0.12481052854655839, -0.1359468416234999, -0.1579253085695218, -0.01192634126985892, -0.010582843832505073, -0.03138554664449278, -0.07383791006137264, -0.08693141219042899, -0.0299323419324391, 0.036012212627707485, 0.16378686424855837, 0.05924932810202477, 0.1550474551835943, -0.16673755956630298, 0.2641997380511687, -0.0037106416039862644, 0.03790976804508972, -0.022422310608824825, -0.18294867332017062, 0.14532659339244858, 0.0414892604569036, 0.007102277647552668, -0.13820773454849178, 0.44994201452374205, 0.0057048899424790855, 0.04548391570967414, 0.10757896375555165, 0.2988197784857539, -0.18272978874464418, 0.09687260085332716, 0.4607100078687978, -0.06683024470382048, 0.04363439531822311, -0.20307303297089363, 0.3982462826663433, 0.07388173550761934, -0.24210268801788182, -0.17168774733510084, -0.19344252265254447, 0.08648249306997702, 0.14979900291853765, -0.010308475682222484], [-0.002855419865886999, -0.021196899027078553, -0.3648634760980247, 0.02705317288600917, -0.00978402401611711, 0.06236873141540833, 0.014595555799128856, 0.034546386127976, -0.05694697378191216, -0.1676668725240389, -0.0023171629558893514, -0.021008135002696493, -0.20182497300604485, 0.06168332199002524, 0.055933166245569765, -0.25502139646974187, 0.0170704519552054, -0.17823824955703094, -0.055873415206903365, 1.0, -0.16121771346060765, 0.008152053040733742, 0.11847942722948546, 0.0038286003402208113, 0.048755576413059276, 0.1075016681297577, 0.06847191529820063, 0.11113476966184843, 0.07981880029597332, 0.07037232876144695, -0.04975687475306101, -0.29167393370139383, -0.2506079904584344, -0.3288602925956212, -0.13695274549400516, -0.10431348536228602, -0.15085911093824667, -0.057325936876809536, -0.008101387969525753, -0.23803803011658942, -0.14446680955170055, -0.11847789726333868, -0.13515484576144443, -0.342472120362167, -0.13476964205476416, -0.0899544780035586, -0.15674476891753075, -0.062109272814263816, -0.21171395077767974, 0.005872974879118642, 0.12152225668662042, -0.22991331194148512, -0.048444244177010765, -0.09309058966872197, -0.0023128297641799023, -0.1820545083210221, 0.011474117558211594, 0.04055944501910358, -0.04155140050874073, 0.17014072368279964, 0.0056324502146998245, -0.021475705100416853, -0.030291572507452624, -0.02965750300430714, -0.14052613473863107, -0.15494324914761615, -0.16467046628675597, -0.07402621404549059, -0.16044559091029753, 0.1874453944756409, -0.09741444202362226, 0.0631637886421218, -0.1688710241228073, -0.001615770673087713, -0.06028948273345214, -0.08116701713541286, -0.01402877437465433, 0.028660238822362016, 0.058342822249860316, 0.1664585599427726, -0.11831963615347707, -0.12844261462278905, -0.07093158310862413, 0.058114671844364696, 0.19273471764269878, -0.044404830531384, -0.09852637177149504, -0.057399588333895135, 0.003059697472553413, -0.04314603932341976, 0.013360511263545094, 0.00023247584931185283, -0.18133830807162443], [-0.17908697034812238, -0.06900950979104414, 0.42447930625902586, 0.1332523572844614, 0.7162122106737321, 0.03246026782649669, 0.3077152858889065, -0.08100573219332174, 0.21803095420047303, 0.32961599410084963, -0.17181638524569398, -0.1286264432412203, 0.6703991097671779, -0.26486676944228