"[[1.0, 0.979408702366668, 0.6289362677901621, 0.8372360577631117, 0.6086097412513272, 0.9889378986357672, 0.8083470962584391, 0.9632272819798144, 0.6794412793239755, 0.6759863484844248, 0.9337944722493449, 0.9868246998496653, 0.6017376406762414, 0.9474267010298217, 0.1885064550506106, 0.6035466060700448, 0.0, 0.6044100518226257, 0.8418649275754106, 0.7845625095941444, 0.6044228789599929, 0.9580227153286663, 0.7796461964511086, 0.9283364837586029, 0.918075976133928, 0.7740402442986837, 0.7804025343818023, 0.7740402442986837, 0.8825783985119564, 0.7956764588143718, 0.9710419512562708, 0.6083680016935883, 0.6054527673518948, 0.601538492166509, 0.6303865012801854, 0.888122816292952, 0.7933481635839896, 0.7318429356884936, 0.7243029277088983, 0.6112380988722794, 0.6043936018294845, 0.6785102230771023, 0.6041635704502492, 0.6089742235447781, 0.6332289610787935, 0.7679905551226993, 0.6185040924733595, 0.8959626373361069, 0.6040642532737354, 0.6193312246429165, 0.74710975930908, 0.6035581426804303, 0.7634734662577833, 0.6116259705739144, 0.040285673600609195, 0.6200720644539736, 0.8113970973881742, 0.5867395281979827, 0.5734716292083933, 0.9500087372966849, 0.61325510778544, 0.5733838647574235, 0.94998897094169, 0.7194787797171519, 0.6044217995050273, 0.6044050643958866, 0.7240427488711276, 0.5885529160724521, 0.6322888311549861, 0.9658153518810294, 0.6059423725351013, 0.7661908451503933, 0.5961127393197987, 0.9807216414168214, 0.6415065138550131, 0.5963742783751065, 0.9550137189319947, 0.7084122881886509, 0.6333425218530455, 0.8955460264335877, 0.7165898714681633, 0.6565169874090848, 0.7239175621572179, 0.9706134280224501, 0.9585030156324269, 0.6099771652638615, 0.5872225540429883, 0.9950924022728858, 0.5868703104837948, 0.6015531030086196, 0.9748766825427393, 0.6792141901163766, 0.6092902605471758], [0.979408702366668, 1.0, 0.5130522377955182, 0.7342671495891242, 0.4908212638690511, 0.9941698273884765, 0.701559527723602, 0.9831376633408597, 0.5580092265741736, 0.5642641628904637, 0.8711312401449648, 0.9665140636083399, 0.48300204103615574, 0.915807341585711, 0.057156427617525596, 0.48247105702061777, 0.0, 0.48514712878027755, 0.7655729255228039, 0.8740516315991637, 0.4851574248513726, 0.966435909969905, 0.8739336303106778, 0.9701661830277512, 0.9219619478334729, 0.8725568267417241, 0.8740612293414695, 0.8725568267417241, 0.9456439307264928, 0.889754891114366, 0.9567004615621216, 0.485838183402558, 0.485465107645636, 0.4828421887514258, 0.5151978215098242, 0.7958889633986129, 0.6973797507519223, 0.6328389777059721, 0.628725522060903, 0.486986327511403, 0.4851339247196951, 0.5618083455528795, 0.48494928341065524, 0.4863599837540058, 0.5055833690739266, 0.6314488980349967, 0.48828751106778845, 0.788191785942179, 0.48486956361963096, 0.5036575145772068, 0.636938829516499, 0.48446331938122555, 0.6717455105957357, 0.4811888855787603, 0.03233645572137278, 0.4882541415310313, 0.6835171220611581, 0.4557446915377137, 0.4739029191150569, 0.874315763772477, 0.48924415934348575, 0.46376024913892144, 0.9014463383549668, 0.6103427744449825, 0.48515655839576755, 0.4851431254786196, 0.6175648398728205, 0.4724189422508227, 0.5089524486474359, 0.9300893140941826, 0.48687069178018505, 0.674456441259688, 0.4784870520241078, 0.9925333713334485, 0.527206644619231, 0.47869698387643855, 0.9001925937424121, 0.604378488072921, 0.5078945834881778, 0.797689544328166, 0.5816419181707553, 0.5273612709622415, 0.6031333934850948, 0.9030559100070693, 0.8851146589665078, 0.48669636811755945, 0.4713510888673682, 0.9844194765459772, 0.531513061214468, 0.48028678218922294, 0.9100141725999152, 0.5522728757160236, 0.4791400599670119], [0.6289362677901621, 0.5130522377955182, 1.0, 0.9448335464421791, 0.998055954579234, 0.6024261656935095, 0.9607229092289308, 0.49063218135146136, 0.9951252752300156, 0.9975518748641006, 0.8619993293151474, 0.5258848564869498, 0.9979893770906431, 0.8000153733511606, 0.0, 0.9956343241054579, 0.03992033239326198, 0.9989062048019942, 0.9305781530578507, 0.03379105976286734, 0.9986673220506361, 0.5850299876643487, 0.03269348169635078, 0.42642459498128993, 0.6132696587759645, 0.03271004325620086, 0.032688265026939334, 0.03271004325620086, 0.20752768621522155, 0.06929640204390952, 0.7287408322594056, 0.9990422071146726, 0.9986521504330115, 0.9977968999976001, 0.9991566316471575, 0.9078942276193771, 0.9716007005706198, 0.9855638914513409, 0.9707185939579603, 0.9982320013321963, 0.9990118626182513, 0.9969792764931578, 0.9994081069152467, 0.998970911783181, 0.9926175918453626, 0.9221973443809564, 0.9948980507071041, 0.8117865562766281, 0.9994497525690417, 0.9960247744070633, 0.9851857557683819, 0.999373190256211, 0.9745619174751818, 0.985185018715142, 0.10639420769645136, 0.9943332436432656, 0.6831262005863127, 0.9333246344335683, 0.8552535475585467, 0.8180381389088428, 0.973245733668097, 0.944526814120172, 0.8330713290856862, 0.9916249094959172, 0.9987409852944306, 0.9989443824453759, 0.9911978991821415, 0.9815336869597875, 0.997867678839332, 0.7921155714571213, 0.9987296561709399, 0.9757139725835265, 0.9915337380940704, 0.6027245834810421, 0.9994408797340998, 0.9918619364512609, 0.8295291833897445, 0.9931600103743705, 0.9976419953205365, 0.885593932211563, 0.9664623686555215, 0.992997684056755, 0.9851543469218431, 0.7019847198181328, 0.6779032974030286, 0.9981871497683337, 0.9797035423668259, 0.6515193471680139, 0.6844997247530578, 0.9884492863877539, 0.737935909266074, 0.9905949206984316, 0.9816528776295552], [0.8372360577631117, 0.7342671495891242, 0.9448335464421791, 1.0, 0.9342741241114207, 0.8006682047512489, 0.998578231013266, 0.7099375898202779, 0.968419718133827, 0.962991206542242, 0.968591098544737, 0.7704388462562328, 0.9317764128913584, 0.9178485046908901, 0.16675559757113412, 0.9319418925221407, 0.0, 0.9359145779377572, 0.9731370034799767, 0.32049612008312667, 0.9359344404546345, 0.7688051284803016, 0.31534109037166336, 0.6419009492405263, 0.7673355321739371, 0.3101923497598935, 0.31606988976731687, 0.3101923497598935, 0.4842676349291497, 0.34429260095045877, 0.8768475175579806, 0.9387392838186848, 0.9368393991738407, 0.9314680361645467, 0.9436087026894352, 0.9947629181195287, 0.9914833626109434, 0.9708648301173801, 0.9541675705747023, 0.9416475934264076, 0.9358891055149517, 0.9657835662639565, 0.9355329073998472, 0.939724787746055, 0.947868156850081, 0.9759378845091757, 0.9468764403472624, 0.951366805723592, 0.9353791171161505, 0.9359181555364358, 0.9869425874554819, 0.9345954169098177, 0.9738817315682322, 0.9341288659464883, 0.06238140661485436, 0.9475872464575301, 0.8483536867352712, 0.8883246421369143, 0.8124952721220283, 0.9584992439659262, 0.9219908707790011, 0.8754349768126837, 0.9518790389902297, 0.9778246504465168, 0.9359327689443154, 0.9359068550261717, 0.9778255700666043, 0.911360180690107, 0.9506408377766803, 0.9270603517049897, 0.9365420303893436, 0.9762164088484722, 0.9230663870354324, 0.7926084544173511, 0.9499266124337167, 0.9234713740369301, 0.9549772447658887, 0.9705489002480377, 0.9512754221445711, 0.9884858205998094, 0.9762147743075554, 0.9614457101464176, 0.9832254742099378, 0.8958580621923594, 0.8797843728086101, 0.9406549165590544, 0.909300146755272, 0.8421708135960496, 0.6867411400004809, 0.9255261700213431, 0.9172857667951869, 0.9699123025337756, 0.9302808056527951], [0.6086097412513272, 0.4908212638690511, 0.998055954579234, 0.9342741241114207, 1.0, 0.581217136028383, 0.9511808355772517, 0.4789320024782372, 0.991848506699862, 0.992293533869641, 0.850848611573735, 0.5050871436928837, 0.9999521468961956, 0.7900439189823668, 0.0, 0.9993649295869805, 0.09755447160441166, 0.9958024076018949, 0.9288211728171535, 0.011996490686469685, 0.9951879709067792, 0.5780695930954012, 0.009162017529072863, 0.41643217575992186, 0.6143918093261798, 0.009166658738689604, 0.009160555610240428, 0.009166658738689604, 0.18384790962862196, 0.045641297800142366, 0.7148271903660844, 0.9985716627522985, 0.9951728521469823, 0.9999579851077763, 0.9994811862360004, 0.8953234584793803, 0.9621296838585583, 0.9846429839911709, 0.9756563441235209, 0.9952612623553742, 0.9960999415699072, 0.9945012656903963, 0.9976183017991556, 0.9967793384253183, 0.9954171271122026, 0.9145142437141441, 0.9914318316826939, 0.7988425425266922, 0.9979575577949974, 0.9993711218148256, 0.9782580172318518, 0.9989806620909161, 0.9734185737862594, 0.9916957666273573, 0.1636682830613223, 0.992487382038293, 0.675279722185182, 0.9506504084416754, 0.8820301925183708, 0.8057238952634502, 0.9839839034457674, 0.9620222027909462, 0.8166789198925039, 0.9847216313691166, 0.9953705650793084, 0.9959076292520228, 0.9845150894488025, 0.9912659584567414, 0.9938095476138273, 0.7745143133478278, 0.9952040590009374, 0.9734893813614885, 0.997626470085837, 0.5825583629171983, 0.9954289355096274, 0.9978031107927415, 0.8155972020717744, 0.9863660325580084, 0.9961105491337919, 0.8728661398304677, 0.9638811544494854, 0.9907648817866046, 0.9785198262387416, 0.6847438188288, 0.6610070742936477, 0.9947094715419167, 0.989974717033466, 0.6311263775459977, 0.7178952476089687, 0.9955988572911211, 0.720763848204412, 0.9853946809319981, 0.9894822896004482], [0.9889378986357672, 0.9941698273884765, 0.6024261656935095, 0.8006682047512489, 0.581217136028383, 1.0, 0.7723400037209225, 0.9746445128607601, 0.6432441391812647, 0.6498440846497203, 0.9175129586867918, 0.9634566893205377, 0.573953315338257, 0.9514990675209809, 0.04845625715586954, 0.5729124290145419, 0.0, 0.5765023319423879, 0.8277728263804842, 0.8167142689781537, 0.57651456680609, 0.970884592066616, 0.8167775847008817, 0.9547422454598361, 0.9326510848788675, 0.8156487880226578, 0.8168736547499952, 0.8156487880226578, 0.9051080556912272, 0.8362339969468444, 0.980777516618655, 0.5768096411487245, 0.5767729053084079, 0.5737633622097189, 0.6041115993062072, 0.8532387392659412, 0.7702680928085378, 0.7116193457758789, 0.7054340467787437, 0.5779351013873903, 0.5764866415027967, 0.6470811821599588, 0.57626723147454, 0.5774369747947217, 0.5937291905900288, 0.7013384938693524, 0.5785446629761333, 0.8329450327004139, 0.5761725001184191, 0.592745899490224, 0.7155375951402688, 0.5756897584161902, 0.7463604725059789, 0.569783202568431, 0.038425543560345665, 0.578237945215292, 0.7181248441027396, 0.538417368180046, 0.5450392469874344, 0.9143189599689724, 0.5754698274643402, 0.5479915110523351, 0.9426344276566989, 0.6918559535798707, 0.5765135371933247, 0.576497574802534, 0.698537533814616, 0.5613773754491346, 0.598305226076743, 0.9642090367600666, 0.578115857335588, 0.7491154656871667, 0.5685881352934242, 0.9986496400606879, 0.6156672838156567, 0.568837598178471, 0.9405756361187662, 0.6867085033011284, 0.5969972577342475, 0.8517824364944022, 0.6607728304003886, 0.6143050782766731, 0.6839327044379522, 0.9262410783641646, 0.9062623997696408, 0.5777398236700166, 0.5601084408740051, 0.9968849750093337, 0.5765282656101041, 0.5696257105348261, 0.9375034398527885, 0.6373412712506507, 0.5673126061356542], [0.8083470962584391, 0.701559527723602, 0.9607229092289308, 0.998578231013266, 0.9511808355772517, 0.7723400037209225, 1.0, 0.6763405924480003, 0.9801379514091973, 0.9757798535094281, 0.9571549103925153, 0.7355987478069782, 0.9491092472922019, 0.9030501442138289, 0.14567972268452034, 0.948768587511364, 0.0, 0.9533243901719954, 0.9715865896131322, 0.2734267250115887, 0.9533446221699102, 0.7410232315612819, 0.2689090681091233, 0.6076711942384999, 0.7436402966811514, 0.2644077339607759, 0.26954680555097155, 0.2644077339607759, 0.44045900837983665, 0.29917696546485706, 0.856785021785986, 0.9555632815923539, 0.9541331435885462, 0.9487951341648279, 0.9592738823447545, 0.9879766608177851, 0.9953312014035708, 0.9794340955479567, 0.9622025216550774, 0.9582289377057912, 0.9532984439131064, 0.9779329978598005, 0.9529356198275891, 0.9565761565672668, 0.9620457421020742, 0.9757977741776157, 0.9623915106236385, 0.9366727972327545, 0.95277896874866, 0.9519874154094781, 0.9940279981356706, 0.9519806902103279, 0.979907559069015, 0.9490016664639417, 0.06354182082537485, 0.9627837782809259, 0.8295914780451833, 0.9009411650706268, 0.8222130349146315, 0.9422491705725995, 0.9361267693594593, 0.890998053408808, 0.9384247483595761, 0.987360798282876, 0.9533429195662826, 0.9533165235993923, 0.9871553933011404, 0.9283132338827793, 0.9658099952976535, 0.9105417207182352, 0.9538622312032339, 0.9821769655937277, 0.9402371981936835, 0.765220592702426, 0.9650767045128439, 0.9406497187327706, 0.9404455752799302, 0.98126715501754, 0.9661131348392125, 0.9793522567751485, 0.982548032823606, 0.9741436635439219, 0.9913156477394094, 0.8710576685350709, 0.8538659764349539, 0.9574032408770691, 0.9262148793524037, 0.815732550296621, 0.6863259178740777, 0.9418411379964375, 0.8947536224231986, 0.9811081993088396, 0.9450373429784769], [0.9632272819798144, 0.9831376633408597, 0.49063218135146136, 0.7099375898202779, 0.4789320024782372, 0.9746445128607601, 0.6763405924480003, 1.0, 0.5373604332015548, 0.5361064975334588, 0.8594232963515851, 0.9566100711168736, 0.4705379169734659, 0.9126068508575865, 0.08547264743004857, 0.47615979296186883, 0.17897664443768846, 0.4568668989712046, 0.7690340495511035, 0.8763834369637102, 0.45571055688126005, 0.9901881670105962, 0.8700299742085682, 0.993054092192017, 0.9650180011833348, 0.867749777086745, 0.8702904952721735, 0.867749777086745, 0.9384559842902751, 0.8838716326863358, 0.9485779685784385, 0.4665142941159829, 0.4561747695050946, 0.4710000539247152, 0.500138023208011, 0.7729511967336179, 0.6691428316063788, 0.6243396583492833, 0.6390886009911668, 0.4602287375510703, 0.45745005310685916, 0.5431056805649923, 0.46075711742281067, 0.46166016625740613, 0.5000847675932031, 0.6134295682885759, 0.4614096514441436, 0.7744628089938452, 0.4616046578866364, 0.4973442821321852, 0.6117799212781461, 0.4646289203702272, 0.666264193946062, 0.48607747883157904, 0.20895243603490798, 0.46682809266654735, 0.690044362822567, 0.4969680192017061, 0.5484701603910305, 0.8653762790321506, 0.5083068662184055, 0.5016958894484139, 0.8763999804789672, 0.581785485917626, 0.45604799704750754, 0.45707124747583316, 0.5900299403452217, 0.4844888275711282, 0.4808800449534547, 0.9055940713494739, 0.45741443682728344, 0.6657279664744651, 0.47902157095976605, 0.9749913399001668, 0.49946842886776377, 0.47875279016071093, 0.8841968606129458, 0.5745472454957273, 0.4880962385001739, 0.7773782794496429, 0.5704724549775728, 0.5083842018428114, 0.5772529209861564, 0.8903648360115705, 0.8748076494679606, 0.45814164174733474, 0.4851355123813932, 0.9648430474901766, 0.6405369719842495, 0.48524864822182645, 0.8946053905895498, 0.5262880509525323, 0.4882587375688623], [0.6794412793239755, 0.5580092265741736, 0.9951252752300156, 0.968419718133827, 0.991848506699862, 0.6432441391812647, 0.9801379514091973, 0.5373604332015548, 1.0, 0.9970748782576397, 0.8910796384827916, 0.5889561149229251, 0.991337119741614, 0.8252517385363592, 0.08514065594815512, 0.9906977367650366, 0.036627734838706405, 0.992514351114689, 0.9447907042870219, 0.08873330500259013, 0.9922967840794268, 0.6233671998744078, 0.08486572769211043, 0.46755495930143554, 0.6448797793188585, 0.08219835795763109, 0.08524998077185864, 0.08219835795763109, 0.26300536615530623, 0.11851792955130835, 0.7588838677213475, 0.9947589334633447, 0.9927510149807801, 0.9911354775276343, 0.9943574775854337, 0.9382205090424478, 0.9825515084156128, 0.9883165023018843, 0.9732210474012469, 0.995130512373489, 0.9926092259728717, 0.9993207595742069, 0.992943864731003, 0.9947467750491804, 0.9949546798151374, 0.9555812079466657, 0.9959418234779205, 0.8637450831671951, 0.9929695875686004, 0.9905729269961592, 0.9948918385184538, 0.9928357028620985, 0.9795923716466782, 0.9871945766116558, 0.10268432610784262, 0.9964637911911333, 0.7516049882861242, 0.9400507195262054, 0.8570476804819069, 0.861349026728617, 0.9743385742385295, 0.9380870697248213, 0.8615734267030533, 0.99636488796004, 0.9923642359087191, 0.9925487527884573, 0.9953713945614786, 0.9745808647320189, 0.9970844261367189, 0.8224382153645492, 0.9924563539906671, 0.9808959084812389, 0.9847066744808357, 0.63943659540779, 0.9954625891302307, 0.9850406886211099, 0.86217728020566, 0.9938960741833625, 0.9981030111426842, 0.9225962864246211, 0.986442968544604, 0.9988024037154132, 0.9967668610982592, 0.7602628472297013, 0.7406866353747856, 0.9944595774339343, 0.9727343923322194, 0.6936424460717968, 0.6917806436976909, 0.9844839161952877, 0.7904931149073791, 0.9985421755024008, 0.9837736178757223], [0.6759863484844248, 0.5642641628904637, 0.9975518748641006, 0.962991206542242, 0.992293533869641, 0.6498440846497203, 0.9757798535094281, 0.5361064975334588, 0.9970748782576397, 1.0, 0.8896996950405902, 0.5772198664838515, 0.9917952079140172, 0.8301200487062796, 0.015621700311603148, 0.9887616632067558, 0.006482162343114606, 0.9956291041795072, 0.9442239056295514, 0.09306696638670708, 0.9956080025184249, 0.6233777049229291, 0.09253000858830751, 0.4711826389509942, 0.643359533950969, 0.09207958173234809, 0.09258823199403321, 0.09207958173234809, 0.2666494349296905, 0.12851389212869802, 0.765493205165998, 0.9946583624370514, 0.9956789861057844, 0.9914893453808554, 0.9955840968854826, 0.9319575813361394, 0.9848498752995736, 0.9895324508379766, 0.9716071377101307, 0.9954857820971958, 0.9956235775083216, 0.9982234593038396, 0.9953707252524454, 0.9955740483175838, 0.9885011995522724, 0.9361836355575204, 0.9932062521013292, 0.841522661610482, 0.9952405377615015, 0.9902378094711543, 0.9937382551753736, 0.9945302229810022, 0.9810556877548952, 0.9780508752221155, 0.07282648534568337, 0.9919242603106314, 0.7111706461073363, 0.9211241866673765, 0.8399289359245886, 0.8498505311884312, 0.9643090850542099, 0.9302900559430665, 0.8657147822689455, 0.9980284516211994, 0.9956184752940096, 0.9956284261378083, 0.9977318551507579, 0.9709425784525347, 0.9970848557884132, 0.8280751288496138, 0.995786978443216, 0.9829223196137827, 0.9829907045775061, 0.6488551435905789, 0.9989315624154732, 0.9834046363579297, 0.8614808459367228, 0.9985796170182251, 0.9956091769187898, 0.9114288549748353, 0.9721587739710039, 0.9931756296218522, 0.9923019886666931, 0.7431446033700064, 0.7193749583949515, 0.9956136734018439, 0.9688109499031252, 0.6969624599034302, 0.6734204058670643, 0.9799214055311256, 0.7775609380134878, 0.993936663570605, 0.9738050913043522], [0.9337944722493449, 0.8711312401449648, 0.8619993293151474, 0.968591098544737, 0.850848611573735, 0.9175129586867918, 0.9571549103925153, 0.8594232963515851, 0.8910796384827916, 0.8896996950405902, 1.0, 0.8766723183904869, 0.8461270342934727, 0.9862774596814666, 0.1035382822408848, 0.8474543541337417, 0.07097277597046547, 0.8436349276861219, 0.9773557668382811, 0.5303512181360883, 0.8431904421162558, 0.902389691668586, 0.5257844688192913, 0.8115090384741886, 0.8956854933123135, 0.5227547871664554, 0.5261843250522289, 0.5227547871664554, 0.6702259898111705, 0.5533124400863116, 0.9679479632170109, 0.848182363878774, 0.8437483481935137, 0.8460920163279774, 0.8647420497509516, 0.985018269290447, 0.954108839182097, 0.9271362653114751, 0.9211055157547356, 0.8471544947857435, 0.8438481460516942, 0.8928218058056538, 0.8449074282178786, 0.8469731270386167, 0.863801767690118, 0.9093151687683646, 0.8489951801527765, 0.9425716905010256, 0.8451346615531176, 0.8586248108851025, 0.9298007386790447, 0.8457792018712625, 0.9439507692596084, 0.848943223862597, 0.12701483787101475, 0.850982988895936, 0.8279587958450226, 0.8180299448234437, 0.7865674798523117, 0.9870860870517711, 0.849347449668247, 0.8180299671118095, 0.9947873341072201, 0.9146827137470233, 0.8433230700968993, 0.8437104951310733, 0.9181406528026881, 0.8372080796403369, 0.8600938777088499, 0.987179954255163, 0.8442158058397059, 0.9453044164003935, 0.8433260180906514, 0.9142258544970409, 0.8684464928891936, 0.843506094333414, 0.9976810965673794, 0.9089944805146051, 0.8626395316171013, 0.9784903247296768, 0.9007744629572088, 0.8745908870940745, 0.9129587391992545, 0.9435183180140168, 0.9236395136961956, 0.8459953713363771, 0.8360063738040939, 0.9426167607995944, 0.7291017623597006, 0.8458620122360562, 0.9635930847748466, 0.8861744014937617, 0.846995010113702], [0.9868246998496653, 0.9665140636083399, 0.5258848564869498, 0.7704388462562328, 0.5050871436928837, 0.9634566893205377, 0.7355987478069782, 0.9566100711168736, 0.5889561149229251, 0.5772198664838515, 0.8766723183904869, 1.0, 0.49785167973642264, 0.888380536975084, 0.30769599839499584, 0.5025440573395908, 0.0, 0.5000627170527497, 0.7630047369735895, 0.8278571602217285, 0.5000733296710285, 0.9332440356415713, 0.8188553976946746, 0.9194754466853647, 0.8840915293095128, 0.8094750382336924, 0.8201623571424823, 0.8094750382336924, 0.9103121689052185, 0.8272622751686021, 0.9226806894256834, 0.5073435316901581, 0.5017617907093156, 0.4976869128789332, 0.5277451792955719, 0.8314851901441291, 0.7078540061046872, 0.6369086958851617, 0.631114088710418, 0.5115804748267809, 0.5000491070404064, 0.5842573310747449, 0.4998587890333499, 0.5077883683848847, 0.5419101795885382, 0.7207401571685382, 0.5248941226449068, 0.8778638214675502, 0.4997766183001072, 0.5168042456983977, 0.6611430155449348, 0.49935788430047545, 0.6713133903050683, 0.5217460180181502, 0.033330622709320634, 0.5282734396387214, 0.8311140999215298, 0.5099686415527055, 0.4965051057161298, 0.9163226627178788, 0.5233152928107708, 0.47675971542421713, 0.892595201373803, 0.6268345996287993, 0.5000724365767104, 0.5000585906717294, 0.6304147923102085, 0.48694320925503165, 0.5350749061322161, 0.9131118364008559, 0.5016626389218066, 0.6739181011751082, 0.4931978798087504, 0.9495730757975739, 0.5390199730432882, 0.4934142659032872, 0.9041718046232692, 0.6101666004547569, 0.5382945848063693, 0.8500775680128864, 0.649150356290753, 0.5686888944450077, 0.6418354719223561, 0.9657187143413497, 0.9625583080477832, 0.509373423567256, 0.4858425252920311, 0.9680411840489114, 0.5301168512300172, 0.5030346341628418, 0.9587922055824533, 0.5933865295308767, 0.5200939644336919], [0.6017376406762414, 0.48300204103615574, 0.9979893770906431, 0.9317764128913584, 0.9999521468961956, 0.573953315338257, 0.9491092472922019, 0.4705379169734659, 0.991337119741614, 0.9917952079140172, 0.8461270342934727, 0.49785167973642264, 1.0, 0.7842341874347183, 0.0, 0.9993079862919272, 0.09415710011799583, 0.9961496470396036, 0.9251902906026114, 0.002754800905925392, 0.9955573516866669, 0.5701332382810457, 0.0, 0.407632957938455, 0.6066470743653686, 0.0, 0.0, 0.0, 0.1749310860981349, 0.03649434044403177, 0.7083163389243692, 0.9987634022939693, 0.9955422273152875, 0.9999940939496662, 0.9992392223853206, 0.8919736968034279, 0.9601048034497079, 0.9829344900400518, 0.9735337352060756, 0.9956005326172769, 0.9964358659734148, 0.9938804686664958, 0.997888018080698, 0.9970727117441558, 0.9951633182395765, 0.9131040973815523, 0.9917998183082343, 0.7951798330762535, 0.9982097037838401, 0.9990622718847687, 0.9769325370534617, 0.9991678482440847, 0.971168988390637, 0.9914729108964011, 0.160303086019574, 0.9927595762497706, 0.6719588349798592, 0.9497802972158692, 0.8797804956311548, 0.8008725609794923, 0.983305227995793, 0.9609960510590351, 0.8117021843737644, 0.9837374307365174, 0.9957335243918849, 0.996250915277256, 0.9834158636778328, 0.9908522375210161, 0.9939507971605156, 0.7689929479456642, 0.9955554304810122, 0.9712815739979384, 0.9974293446032974, 0.5752163448833106, 0.9953135263134693, 0.9976149902968399, 0.8104948305333723, 0.9854273146796763, 0.9961157817511042, 0.8694161765294589, 0.9629653100214881, 0.9905786311817723, 0.9776296896177541, 0.6792072713336824, 0.6555637827565041, 0.9950786747187045, 0.9895288676677454, 0.6242674235494926, 0.7134225040208746, 0.9953167514506287, 0.715316636628193, 0.9850758792009634, 0.9891809727718862], [0.9474267010298217, 0.915807341585711, 0.8000153733511606, 0.9178485046908901, 0.7900439189823668, 0.9514990675209809, 0.9030501442138289, 0.9126068508575865, 0.8252517385363592, 0.8301200487062796, 0.9862774596814666, 0.888380536975084, 0.7842341874347183, 1.0, 0.0, 0.785308875737175, 0.1263611354223857, 0.7765896852329861, 0.9577459995062555, 0.6202717989164739, 0.7757829200369438, 0.9511272079064463, 0.6179051724820463, 0.8827393366258591, 0.9468484815007863, 0.6182181851367027, 0.6178065776905103, 0.6182181851367027, 0.7420602270562845, 0.6462407063125459, 0.9928530952741508, 0.7810420993088664, 0.7757711344487278, 0.7844108652616504, 0.8055663945730515, 0.9433004848326136, 0.9087434413428525, 0.8848139359807351, 0.8867912868522624, 0.7762816774634297, 0.7769890466390018, 0.8317597834918039, 0.7791511016082493, 0.7781458787427592, 0.7964389150033764, 0.8294833657089559, 0.7728548815753543, 0.8865581346662849, 0.7796748753466126, 0.8014010212713278, 0.8729118694471922, 0.7814298759852606, 0.9088634756933148, 0.7817199943158657, 0.17778722078571663, 0.7750871578539064, 0.7545886255122115, 0.7589850806860924, 0.7618287886366913, 0.9613890303273491, 0.791560873177511, 0.7768713256412259, 0.9884671311814446, 0.8575648329897309, 0.7760203487419977, 0.7767302128640762, 0.8636886270950269, 0.7841794570581032, 0.7898764562215027, 0.9908484194138899, 0.7769959588303984, 0.9093119527759697, 0.7859983970387929, 0.9544495160950481, 0.8063804349182002, 0.7860051003045763, 0.9885446540409293, 0.8558565023884165, 0.7930778969467441, 0.9319160000052791, 0.8254122101146582, 0.8021645137539194, 0.8463087044821536, 0.9196606027842755, 0.8943555341550853, 0.7754099134840504, 0.7836366626164766, 0.9646600476738928, 0.7469842688165278, 0.7866474671333106, 0.9426772055118292, 0.8137654432087709, 0.7811322073622561], [0.1885064550506106, 0.057156427617525596, 0.0, 0.16675559757113412, 0.0, 0.04845625715586954, 0.14567972268452034, 0.08547264743004857, 0.08514065594815512, 0.015621700311603148, 0.1035382822408848, 0.30769599839499584, 0.0, 0.0, 1.0, 0.021061328991026418, 0.0, 0.0, 0.028072318723931455, 0.0667344805980552, 0.0, 0.03604009460744673, 0.03181779493398129, 0.0, 0.0, 0.0, 0.03648492193294928, 0.0, 0.09522048035689279, 0.0, 0.0, 0.02640265483840476, 0.005512122656425533, 0.0, 0.0, 0.18983683244325866, 0.04979443864609434, 0.004002603028261831, 0.0, 0.03867643645690133, 0.0, 0.0526529248612605, 0.0, 0.026028809438037537, 0.0921387720231236, 0.34983005857606086, 0.08680067507302602, 0.41907197874807434, 0.0, 0.0, 0.0834594931569953, 0.0, 0.0, 0.10355734884827772, 0.0, 0.10052235900190232, 0.642122939338703, 0.16163657756679006, 0.059952276470597976, 0.2562658959014199, 0.08347701792125872, 0.0, 0.06110115396958338, 0.04405576842314951, 0.0, 0.0, 0.03201210812973665, 0.0, 0.051075530096795774, 0.045744118887444674, 0.0, 0.0, 0.0, 0.0, 0.0, 0.0, 0.11213547904620669, 0.0, 0.06794689579250257, 0.26073070863664816, 0.2414540209479148, 0.11740834787096444, 0.1304247648172575, 0.36849042728310555, 0.42609792737183083, 0.03100636904438958, 0.0, 0.09205547656253799, 0.018096270187130448, 0.03283768596516523, 0.30882576096867487, 0.12398783935644908, 0.10540539841549368], [0.6035466060700448, 0.48247105702061777, 0.9956343241054579, 0.9319418925221407, 0.9993649295869805, 0.5729124290145419, 0.948768587511364, 0.47615979296186883, 0.9906977367650366, 0.9887616632067558, 0.8474543541337417, 0.5025440573395908, 0.9993079862919272, 0.785308875737175, 0.021061328991026418, 1.0, 0.12461464847517334, 0.9927724568274601, 0.9278465734448778, 0.0050514293320909065, 0.9919816579990482, 0.5762042271544999, 0.000670125046873582, 0.41281897573732496, 0.6154031579693612, 0.0, 0.0007684209440417256, 0.0, 0.17630826470419048, 0.03636326554157787, 0.7085204233321157, 0.9973367942608637, 0.992082680577825, 0.9994074549845645, 0.9981361680863694, 0.8927682553456232, 0.9577051799656802, 0.9831035016727492, 0.9768252063761129, 0.9931095657265386, 0.9931601226091774, 0.9930508780155848, 0.9952059332743749, 0.9947267840666817, 0.9971625028023557, 0.9171924328897676, 0.9900657579402039, 0.8011500381439317, 0.9956851806456869, 0.9994322462461662, 0.9755604898396097, 0.9972259134051507, 0.9718101323816281, 0.9953930766603433, 0.19045458124413273, 0.9921737401949053, 0.684762530601406, 0.9607420185054127, 0.8947008479188612, 0.805103356739799, 0.989304469125709, 0.9687992528051639, 0.8100737056264744, 0.981132063102181, 0.9922153998440715, 0.992909169719347, 0.9807952470500793, 0.9943040132406855, 0.9914565921974229, 0.7671944262645806, 0.9919797436936921, 0.9713744317136636, 0.9989360306150996, 0.5737264824790248, 0.992066798424368, 0.999040831989802, 0.8112265240854052, 0.9818880045407501, 0.9952998874508278, 0.8717848730421464, 0.9664616164403993, 0.990716351571158, 0.9768653047002575, 0.6845286945710748, 0.6621834156443428, 0.9921577356105392, 0.993269257308841, 0.6239640840563571, 0.733403007292102, 0.9981063240058933, 0.7192517504927878, 0.9841491799708912, 0.9938446404293657], [0.0, 0.0, 0.03992033239326198, 0.0, 0.09755447160441166, 0.0, 0.0, 0.17897664443768846, 0.036627734838706405, 0.006482162343114606, 0.07097277597046547, 0.0, 0.09415710011799583, 0.1263611354223857, 0.0, 0.12461464847517334, 1.0, 0.006514890474204282, 0.17495940915200114, 0.029257495212502094, 0.0, 0.2389830098718202, 0.0, 0.21594205613756934, 0.35508002101189984, 0.0, 0.0, 0.0, 0.0, 0.0, 0.08923669220875063, 0.052102216304224847, 0.0, 0.09757814382479357, 0.08072104685479042, 0.0, 0.0, 0.11738862973575859, 0.22042225450810649, 0.00877734527769447, 0.009842457437881813, 0.0529664277365931, 0.029289121783780736, 0.022308527363434583, 0.11796759807121893, 0.0, 0.0, 0.0, 0.03444298767456755, 0.12853265012519377, 0.012306408752971953, 0.053472562954073766, 0.13408493698735346, 0.17210615135770924, 0.9977763183695714, 0.0280127989267982, 0.05498081400411059, 0.3561766351859882, 0.5460998210970401, 0.05552554132733267, 0.2523984044009102, 0.3654650877930887, 0.0, 0.0, 0.0018899339238770407, 0.007677661318309714, 0.007704040771066123, 0.2276474953822063, 0.0, 0.0, 0.0, 0.11629409560254134, 0.16525354716960095, 0.018707577186328428, 0.010653752562457486, 0.1626500190050273, 0.04159619828502825, 0.0, 0.04321226498520658, 0.0, 0.06070966537067102, 0.0397053911270443, 0.0, 0.0, 0.0, 0.0, 0.2368650349879673, 0.0, 0.7196366976915315, 0.18420726522861808, 0.0, 0.0, 0.19471797856116668], [0.6044100518226257, 0.48514712878027755, 0.9989062048019942, 0.9359145779377572, 0.9958024076018949, 0.5765023319423879, 0.9533243901719954, 0.4568668989712046, 0.992514351114689, 0.9956291041795072, 0.8436349276861219, 0.5000627170527497, 0.9961496470396036, 0.7765896852329861, 0.0, 0.9927724568274601, 0.006514890474204282, 1.0, 0.9138922142795622, 0.0001906093768589967, 0.9999787778758653, 0.5516203555987127, 0.0, 0.3904273811005736, 0.5780728088877177, 0.0, 0.0, 0.0, 0.17570798246082941, 0.03665641752811266, 0.7036038660932035, 0.998610926293983, 0.9999635863347829, 0.995842456364173, 0.9965686745957033, 0.8959350917511335, 0.9643687793172516, 0.9769625692409685, 0.9584468844356135, 0.9992492142536289, 0.9999944632786949, 0.9936302040094346, 0.9997405840452457, 0.9995363705754231, 0.9891947234132609, 0.917159335749073, 0.9962045567029445, 0.7987113513088588, 0.9996098470363982, 0.9921806304653422, 0.9801875405396546, 0.9988964952105903, 0.9636745320595352, 0.9807204650300801, 0.07315045930400632, 0.9947017594713734, 0.6701014782945491, 0.9226333718886445, 0.835597983039706, 0.7995397614574388, 0.9654459421707662, 0.9330809920222155, 0.8153070809573107, 0.9881063628047546, 0.9999893046995708, 0.999999323947938, 0.9871049468887526, 0.9752060435042782, 0.998365088389338, 0.7724081661182742, 0.9999768481378353, 0.9653542858602597, 0.9873067950942837, 0.5761235745170039, 0.9987956961786832, 0.9877225329387428, 0.8104313882049196, 0.989803751787287, 0.9967343997099135, 0.8732773899951698, 0.9618958738827751, 0.9914814744181165, 0.9819714962506826, 0.6822237372482588, 0.6584752442336946, 0.999497975028486, 0.9730650963539327, 0.627039892991729, 0.6532194469062303, 0.9835157480440452, 0.7184934698918909, 0.989450755528548, 0.9764271420418787], [0.8418649275754106, 0.7655729255228039, 0.9305781530578507, 0.9731370034799767, 0.9288211728171535, 0.8277728263804842, 0.9715865896131322, 0.7690340495511035, 0.9447907042870219, 0.9442239056295514, 0.9773557668382811, 0.7630047369735895, 0.9251902906026114, 0.9577459995062555, 0.028072318723931455, 0.9278465734448778, 0.17495940915200114, 0.9138922142795622, 1.0, 0.37404775045245453, 0.91277174384676, 0.8391152902117578, 0.3687406799407189, 0.7224715285943039, 0.8587228750905707, 0.3680338214153551, 0.3688130021766489, 0.3680338214153551, 0.523666751432105, 0.401246117806467, 0.9169850749482568, 0.9210702997692252, 0.9129126152070901, 0.9254880894316159, 0.9367780374974812, 0.970908231890153, 0.97726460023391, 0.9787755528276779, 0.9814640884900734, 0.9146750245105983, 0.9144495614033553, 0.9498377545341955, 0.9175045554558587, 0.9168690313134003, 0.9342109652655614, 0.9172137200295225, 0.911763364509371, 0.8997211324525706, 0.9182562885366008, 0.9369475780317363, 0.9652032738619196, 0.9208213867502865, 0.9886041652405541, 0.9271881429169457, 0.2354079339562859, 0.9155113421142576, 0.7747451572975944, 0.9069074238710184, 0.884881454770314, 0.9454469290675674, 0.933366901829104, 0.9186282566402469, 0.957823689059627, 0.9573405630531828, 0.9131007754259775, 0.9140881201960331, 0.9609421913440505, 0.9286347241668418, 0.9218679406064809, 0.9394650569904504, 0.9134930123794237, 0.9879065295759035, 0.9291348146137168, 0.8298090276593147, 0.9314846111345152, 0.929074267164837, 0.9611301997834649, 0.9558522552072314, 0.9276948846583487, 0.9559036230537734, 0.9377980613282182, 0.931784524786114, 0.9502977124789524, 0.8654778037124295, 0.841321210672417, 0.9132032919537889, 0.9282383676556508, 0.8596214338369602, 0.8094241035415769, 0.9305681468176362, 0.8938607078043839, 0.9341163100516346, 0.9271428002775767], [0.7845625095941444, 0.8740516315991637, 0.03379105976286734, 0.32049612008312667, 0.011996490686469685, 0.8167142689781537, 0.2734267250115887, 0.8763834369637102, 0.08873330500259013, 0.09306696638670708, 0.5303512181360883, 0.8278571602217285, 0.002754800905925392, 0.6202717989164739, 0.0667344805980552, 0.0050514293320909065, 0.029257495212502094, 0.0001906093768589967, 0.37404775045245453, 1.0, 0.0, 0.8066504725206921, 0.9989600965414401, 0.8994961107881356, 0.7449125494379947, 0.9973417208124796, 0.9991124965934122, 0.9973417208124796, 0.9835755656018947, 0.9966714065944803, 0.7062671979760333, 0.003286347801132239, 0.00036784864246930393, 0.0028548920757986984, 0.03888089980747922, 0.41313361397274173, 0.2623898787138965, 0.18542948889679645, 0.19437680312166328, 0.002837855035775605, 0.00028796565136812724, 0.092948383171221, 0.000856926340367381, 0.0023897107109668303, 0.03333439358917578, 0.2136315714795749, 0.005792597966558954, 0.45857312807184913, 0.001007715546992971, 0.029695188083292523, 0.18498472449315495, 0.0015644732546290507, 0.23781216828062335, 0.01194624078689177, 0.0291924358578457, 0.00752789174697277, 0.4123701382600944, 0.02120756924832612, 0.09632831997533942, 0.5581509042866116, 0.03223505861547671, 0.02465405399597742, 0.5783184731811915, 0.14973391176152429, 5.5294732729804785e-05, 0.00022462913926368788, 0.15878047052678024, 0.006660395506282946, 0.028164553405117476, 0.6348258091762266, 0.001959352436877282, 0.23939448922944007, 0.004834904865163581, 0.815600711075548, 0.04906897744080441, 0.004758732152353007, 0.5810281915319809, 0.14191352119395972, 0.029303794256978155, 0.4278561081603045, 0.1337363131651811, 0.0544216198270272, 0.14501688309840133, 0.65439144439049, 0.6471350601766339, 0.002069193933408986, 0.006930077627169573, 0.777605032649911, 0.26896112751897916, 0.009663469531851598, 0.6421475910271566, 0.08272609600444791, 0.0127311348410305], [0.6044228789599929, 0.4851574248513726, 0.9986673220506361, 0.9359344404546345, 0.9951879709067792, 0.57651456680609, 0.9533446221699102, 0.45571055688126005, 0.9922967840794268, 0.9956080025184249, 0.8431904421162558, 0.5000733296710285, 0.9955573516866669, 0.7757829200369438, 0.0, 0.9919816579990482, 0.0, 0.9999787778758653, 0.91277174384676, 0.0, 1.0, 0.5500750812258594, 0.0, 0.3890287982735119, 0.5757717205401737, 0.0, 0.0, 0.0, 0.17571171143658149, 0.03665719547166546, 0.7030374187645555, 0.9982926719523046, 0.9999848081365139, 0.9952278662937991, 0.996063924408731, 0.8959541058003858, 0.9643892457055382, 0.9762185126057802, 0.9570311678236604, 0.9992132362378269, 0.9999515618426642, 0.9933062136016896, 0.9995709816441927, 0.999412242613684, 0.9884471543805328, 0.9171788002314253, 0.9962256987283891, 0.7987283020200342, 0.9994066642763844, 0.9913642931835099, 0.9801281660361058, 0.9985693190816162, 0.9628214164964425, 0.9796200019213335, 0.06665147035785146, 0.9945403654135812, 0.6697574979898923, 0.9203324515304687, 0.8320578605524802, 0.7991949792522278, 0.9638220485613886, 0.9307197788537795, 0.8153243838725953, 0.9881273329656757, 0.9999982140732868, 0.9999705263239919, 0.9870757037500356, 0.9737436099129012, 0.9983862762668273, 0.7724245586081417, 0.9999980702210159, 0.9646171137887438, 0.9862511166776261, 0.5760139209395307, 0.9987474836906777, 0.9866838254059223, 0.8101775872182764, 0.9898247579711722, 0.9964740238318234, 0.8732959231896581, 0.961520762575141, 0.9912438344433907, 0.981992336213941, 0.6822382157923638, 0.6584892187736368, 0.9995191869487464, 0.9715425647907296, 0.6270532003925868, 0.6485448561389959, 0.9823365051537825, 0.7185087181730998, 0.9894717542209438, 0.9751792711137395], [0.9580227153286663, 0.966435909969905, 0.5850299876643487, 0.7688051284803016, 0.5780695930954012, 0.970884592066616, 0.7410232315612819, 0.9901881670105962, 0.6233671998744078, 0.6233777049229291, 0.902389691668586, 0.9332440356415713, 0.5701332382810457, 0.9511272079064463, 0.03604009460744673, 0.5762042271544999, 0.2389830098718202, 0.5516203555987127, 0.8391152902117578, 0.8066504725206921, 0.5500750812258594, 1.0, 0.8001202616618295, 0.9814918112315226, 0.9903031410383996, 0.7993782819089195, 0.8001609787594758, 0.7993782819089195, 0.8833377949926857, 0.8190052288630053, 0.9720362618327896, 0.5625390212629843, 0.5502653819823436, 0.5707695678987548, 0.5964713706204526, 0.8206599942980354, 0.7399254973636306, 0.710848136033552, 0.7297419785896554, 0.5531338409076096, 0.5524006167055687, 0.6313892619477633, 0.5568386913993315, 0.556021210303628, 0.5942562025046112, 0.6696409122490983, 0.5511272366889292, 0.7995989404796958, 0.5579799908929435, 0.596828762651317, 0.6886072053633764, 0.562067133343796, 0.7491323530210081, 0.5837272148460627, 0.2751149007137018, 0.5573892906183241, 0.6995815443425939, 0.5971975099007125, 0.6515587039641595, 0.8944763735133389, 0.6089548075854664, 0.6104959400640952, 0.9109509351088287, 0.662788595034678, 0.5505257609296645, 0.5518936991017612, 0.6713316315454821, 0.5900359789522216, 0.5708703773113788, 0.9329118962968792, 0.5516444581510159, 0.7475538546612972, 0.5820049532101257, 0.9745942442187991, 0.5910115599814295, 0.5816207765019346, 0.9183665653676661, 0.6582228867321921, 0.5797508952053398, 0.8187595334385219, 0.6449714524083842, 0.5953872002852749, 0.6541261632984056, 0.8933533297054865, 0.8734683951809253, 0.5509280704214298, 0.5910280742364588, 0.9665775060950794, 0.7271127195413696, 0.5872339517046581, 0.9045323118396986, 0.6084260961787125, 0.5867549258913987], [0.7796461964511086, 0.8739336303106778, 0.03269348169635078, 0.31534109037166336, 0.009162017529072863, 0.8167775847008817, 0.2689090681091233, 0.8700299742085682, 0.08486572769211043, 0.09253000858830751, 0.5257844688192913, 0.8188553976946746, 0.0, 0.6179051724820463, 0.03181779493398129, 0.000670125046873582, 0.0, 0.0, 0.3687406799407189, 0.9989600965414401, 0.0, 0.8001202616618295, 1.0, 0.8951053983535793, 0.736108679967538, 0.9994936857857277, 0.9999890962455028, 0.9994936857857277, 0.9823593326641066, 0.9988219252302413, 0.7051746357237224, 0.0008400742573611009, 0.0001753835883331334, 0.0, 0.036598001679583825, 0.4073692244908784, 0.2612102107359324, 0.182247348