"[[1.0, 0.9186844933502802, 0.2313650510687575, 0.8326369459347276, -0.7380095026591027, 0.9836714268336134, 0.6927489962047165, 0.5533484273465442, -0.1071398763400837, 0.0885577991298856, 0.8327771423255114, 0.8899141332381422, -0.5076214806684107, -0.2839176774736343, 0.3019937114579856, -0.566987920081234, -0.4762718707960485, -0.43176207842263237, -0.19430315193343972, 0.12897971602400005, -0.42137435837416604, -0.37036837989696414, 0.3482879383328379, -0.07898826839116446, -0.37789234150948836, 0.2702286991940026, 0.1481268669398249, 0.16236772525030663, 0.6045010768417429, 0.6323114660492787, 0.09511383689335007, -0.4463956898445911, -0.03596450406344465, -0.5359886508813116, -0.3588299366072756, 0.804387782969135, 0.7044029478581373, -0.17332509899876314, -0.6832515353054278, -0.4214159184260988, -0.0729411278733576, -0.260435969981641, -0.14934351189641593, -0.3338247425726628, -0.13253183452000994, 0.7470495296496282, 0.1567082088307964, 0.964341888402842, -0.5020952975721005, -0.44604228322239736, -0.41414189119386746, -0.504424726579717, -0.9433521130607105, -0.4745899589434073, -0.6105985536238627, -0.41484038547623614, 0.5317497431310294, -0.6535194863399452, -0.8979803514493658, 0.22393927098680244, -0.7671804990540703, -0.880664954696663, 0.9663376593454814, 0.21422266269461587, -0.46030433232749135, -0.498372869762959, 0.001549334772762534, -0.7407175814441547, -0.006949649889128384, 0.6267547918373245, 0.113013955848134, -0.12120940969615202, -0.6311929656699045, 0.49053416476327416, -0.13827152016256772, -0.7034337493927478, 0.6229890483431082, 0.43036776230283, -0.21157563736200924, 0.9091665737352075, 0.3139943964357784, -0.012162062477455216, 0.32599244018670026, 0.7733660603168928, 0.695659996659892, -0.031993714124304296, -0.9085611480828337, 0.9263755046145747, -0.897814646401009, -0.8943841020918102, 0.9269714558707046, -0.01789936175550655, -0.7983722113118741], [0.9186844933502802, 1.0, 0.1064657883485034, 0.6705125370248933, -0.6668417225129195, 0.9281533051940208, 0.6583056648694463, 0.29891302402778086, -0.30897784747756596, -0.2112115631783147, 0.5575143436851928, 0.8363983375831366, -0.6021334710001791, -0.45013819998206217, 0.22329151303228456, -0.6153388585845947, -0.697789091030038, -0.42902272363524063, -0.46155776370152446, 0.24326988872895516, -0.3919077850331425, -0.5643161303380984, 0.5989642103381866, -0.15915228240733614, -0.29361773714572337, 0.47854252904000194, 0.22989843405782906, 0.17710477927580048, 0.5093361288008614, 0.6798875059488937, -0.04100834395488695, -0.39556145789288766, -0.05727655613790339, -0.4846059133975358, -0.25999849632318517, 0.8501980775536243, 0.7427615434465844, 0.0418119922032103, -0.4343762088014098, -0.3562423878725527, 0.03902659414232312, -0.3373292997605464, -0.26147886282749155, -0.2945318722901984, 0.16927016313968712, 0.6611759905174244, 0.07717204477945327, 0.8846495831035189, -0.4215794384827971, -0.28586286320201637, -0.12243165985702809, -0.4154776287878583, -0.8528953946319402, -0.34862172898572075, -0.2552260988881567, -0.15161548346085274, 0.6737122958736068, -0.44753886938474463, -0.764006180531053, 0.4782429247668545, -0.5523441889873166, -0.7207611685859603, 0.8176418329675571, -0.018470712873640105, -0.5200104638935117, -0.6232374946017301, -0.23497658758355833, -0.7871423913789894, -0.12607707881509422, 0.3708061464324929, -0.14268396444332665, -0.37462945699005235, -0.7595564284146927, 0.26985381120837837, -0.3482573071313182, -0.7737181278227707, 0.3440658550408743, 0.2802472453868958, -0.4739817017920185, 0.8491239713158264, 0.020337539048574937, -0.3385207223058464, 0.29336976014529714, 0.9232393555322898, 0.7271060634761266, -0.28096181422653754, -0.9848861916716702, 0.934199222398099, -0.8659787170836843, -0.8733604734481675, 0.9836395660737779, -0.020374304563950174, -0.7692253769085058], [0.2313650510687575, 0.1064657883485034, 1.0, 0.7239718299669975, 0.40458959014830476, 0.1391416100406273, 0.7523353474236787, -0.23179672146875996, 0.898638539859034, 0.7997432788587335, 0.4405827710291116, -0.07247193400556062, 0.7135954376191325, -0.42433585305411814, -0.3038642594535119, 0.6304756216640205, -0.42250707105272145, 0.760195239553132, -0.12826226037436061, -0.9221041751281835, 0.7192990929281572, -0.49198080656161824, -0.6787820995149416, -0.4416379460509281, -0.41933856308945106, -0.6900176236338051, -0.9271181142039508, -0.5984853778606594, -0.5141257512767456, -0.5212997384918236, -0.3264098872504084, 0.6631099789162963, 0.9403643420819333, 0.651971010255396, 0.7220190908347468, 0.4590167269255718, 0.6582711732706579, 0.6015312660729425, 0.010964195260608989, 0.6190559563902689, 0.8086095419938253, 0.7359910623390967, 0.9206163763460667, 0.7434159443349739, 0.35709300116677956, 0.5977324639159414, 0.9299991853468079, 0.47030670672244823, 0.6586208867597232, 0.5504268900951641, -0.11305414595710483, 0.585312206258446, -0.14418284039378748, 0.2339874302559679, -0.4945296284969596, 0.1305948264147907, -0.031158038196118953, -0.13083524374448152, -0.32073830938385717, -0.2907745964436692, -0.1743049035209734, -0.11752804648348425, 0.445277495328537, 0.8618614929462113, 0.7552486935346497, 0.6641136229354477, 0.7483407605445033, 0.4528067257685857, 0.9558343708155232, 0.21840289852846295, 0.892803868168152, 0.46210607316266583, 0.5375643881789394, 0.11996839291550143, 0.66435777146103, 0.39901306655697955, 0.2611837730555129, 0.8412446010408121, 0.7563369548396686, 0.49294907040231606, 0.6777627351451744, 0.74212205504215, 0.8543290090097005, -0.12708280960094864, -0.3119742193702173, 0.8672873821494087, 0.04985036353730443, -0.044823128152279956, -0.5773558808790311, 0.22506290023209274, 0.10737025952357049, 0.8861793774181922, 0.3281800709334224], [0.8326369459347276, 0.6705125370248933, 0.7239718299669975, 1.0, -0.3092104735743524, 0.7655181453810909, 0.8885505390031294, 0.3183392827333078, 0.4552874227980027, 0.5602739339081829, 0.8763602524185786, 0.5885176668898521, 0.054170826749635914, -0.3837264807719709, 0.06681875775776058, -0.04172540815584003, -0.4998737865749687, 0.10798457589353871, -0.13922334749530219, -0.431740411537497, 0.08728751294351089, -0.4722488281652719, -0.1829767200683836, -0.2729318026995877, -0.5069281718082548, -0.2337494477163875, -0.41296588100210485, -0.21308628104322214, 0.16438208179399427, 0.14504278598828835, -0.07779852406073307, 0.035027838103685593, 0.48284291476246755, -0.03331294388474104, 0.1142594510372884, 0.7895206528261955, 0.8286814555499267, 0.1501672535606976, -0.5263636367234106, 0.025495581024136738, 0.35456672383215215, 0.23109080437271368, 0.41577658738463785, 0.1582958916099999, 0.02692328302449909, 0.8562629529726599, 0.6249535898160355, 0.93526280755065, -0.013602011077107568, -0.05281239862206899, -0.4150333540819622, -0.055746867022697044, -0.7499587036355906, -0.23091029931284712, -0.7709473776363807, -0.27855010316996887, 0.31721916547314755, -0.5687517009363767, -0.821853168587952, -0.060937516061234875, -0.6727911058943106, -0.707661564490097, 0.9400015581212139, 0.663525212426519, 0.10049477386832228, 0.040855944542670164, 0.45693756313759626, -0.2570635782730173, 0.5342900147786337, 0.609312067332342, 0.6162949466097711, 0.2231047450456961, -0.11729434547730855, 0.45392735281538155, 0.30908995496186464, -0.25561613784972437, 0.635249513887842, 0.7813307693477071, 0.3213690100717941, 0.9052661610727984, 0.6484623882299855, 0.4669789084547924, 0.6901148546945297, 0.42964212926669265, 0.3064865122494118, 0.5011482574263205, -0.5813132358772641, 0.6122395271179331, -0.9351872656491049, -0.5012676791392867, 0.683064451492337, 0.4624459132914259, -0.3814137821334429], [-0.7380095026591027, -0.6668417225129195, 0.40458959014830476, -0.3092104735743524, 1.0, -0.8107242405274282, -0.025619630915113767, -0.8486533815184951, 0.6072817113258228, 0.2386108307160396, -0.5244265231481533, -0.7416526600538051, 0.8564387076046563, -0.2949153793729322, -0.28610049603720245, 0.9421308817728022, 0.07227520404931942, 0.8903542044955256, -0.21510429528049224, -0.7038421628763138, 0.9186444000462657, -0.2252887535043009, -0.5930304895477496, -0.4810626891092, -0.13497582095174487, -0.6894671464894413, -0.6977371418673322, -0.7166742882543788, -0.9806610680762944, -0.9506377143870335, -0.5797154160049989, 0.9332385965995817, 0.6545830428326224, 0.9475930130372247, 0.8135702135270824, -0.2590891216996125, -0.06411531032068551, 0.6956787460532768, 0.6063992227409212, 0.9180605021509585, 0.6510928831031682, 0.5402492974007532, 0.6540490743821155, 0.8817710047594908, 0.5649089902672596, -0.15348134820060988, 0.5354675508835022, -0.5540454426381993, 0.9209534397799115, 0.757415083591377, 0.5863845612823791, 0.951999340407455, 0.6712519381217144, 0.8139484403147892, 0.3916550602788923, 0.7235401076394696, -0.21714348693075447, 0.739577645243729, 0.7233393061247662, -0.07928675016533493, 0.7765360003157757, 0.8531921396947204, -0.6038315755225967, 0.17109123363479095, 0.8480504000405612, 0.7339329880901017, 0.24578161315755787, 0.9515536634918597, 0.5359200461872508, -0.6693187054225243, 0.31441884442226886, 0.10965707111285417, 0.779836965658547, -0.6402506107470467, 0.3035467649457816, 0.7297264100325738, -0.6364697315816885, -0.005736269350398171, 0.508808524762913, -0.405140920775483, -0.09377741881129364, 0.32585191373464184, 0.3923026579797615, -0.5895971314165414, -0.6488095940014578, 0.43249404720500273, 0.7555300952354939, -0.8705360529578496, 0.38241837129089795, 0.9345976686615313, -0.642780245045744, 0.6852659709144454, 0.9856209890805688], [0.9836714268336134, 0.9281533051940208, 0.1391416100406273, 0.7655181453810909, -0.8107242405274282, 1.0, 0.588458750058741, 0.6057499404028471, -0.21601520050872303, 0.029925800687126913, 0.7580310918244783, 0.8469062340782076, -0.5807217846149233, -0.17162904030564508, 0.19660590759149332, -0.6682031562924724, -0.5075843534888782, -0.5075725246301763, -0.12234739611994461, 0.24080112580503021, -0.5205365342934574, -0.28899966014441913, 0.41915740883517427, 0.07242145006088319, -0.20966734683065225, 0.41488973127637285, 0.23220093609954895, 0.3246794748444981, 0.6872979516347705, 0.7400797300444096, 0.23224414942367533, -0.5505395233275754, -0.12058582451774136, -0.6081111103011403, -0.39767006256386384, 0.724821809449105, 0.6177157558169986, -0.22309604516092563, -0.6007826031328318, -0.5365735025970728, -0.1237087576867062, -0.2544728537524348, -0.22162760058448483, -0.4425622278508774, -0.16556093535308292, 0.6225123823010824, 0.02105161229171848, 0.9319681910189601, -0.5611524823497853, -0.4373739708716511, -0.4718430519514918, -0.5997387719097831, -0.8848286773838994, -0.5968467093549417, -0.5501757113151595, -0.48902810785369044, 0.4483775270903124, -0.7249350261418663, -0.9288312905707441, 0.17546979768151638, -0.814688212128853, -0.9227440247095684, 0.9262510051918587, 0.18054450432315206, -0.5244543587607036, -0.5318370478532906, -0.008916773191621763, -0.8168816900959994, -0.07133629522929663, 0.6766331863690171, 0.04476568806054426, -0.08733705680258352, -0.6673609049976017, 0.5737620462440942, -0.12956443783789506, -0.6940659711754171, 0.6592620252987272, 0.4224344513282605, -0.2805235338641463, 0.8313944036098615, 0.3052388629487105, -0.10152899370941504, 0.1876032435768945, 0.7642577999474646, 0.6536387984605226, -0.10394601568747008, -0.9246562007166941, 0.9747748668652477, -0.8498414520365991, -0.9284883260524333, 0.9085007977466517, -0.1383438921337321, -0.874012790700986], [0.6927489962047165, 0.6583056648694463, 0.7523353474236787, 0.8885505390031294, -0.025619630915113767, 0.588458750058741, 1.0, -0.10369723969346079, 0.4656684638307407, 0.34841344712772626, 0.6626683673415672, 0.5442243893039181, 0.14090314527133974, -0.7615790606352877, 0.17493796369164272, 0.1569914719159211, -0.6270440463831588, 0.2965317064903832, -0.5518132952428414, -0.5426322072453513, 0.3512324554198235, -0.8085417482287309, -0.08627883108351941, -0.6566814384017432, -0.7253372075989433, -0.3257528127840581, -0.5033262800278289, -0.5378325288609602, -0.15300416934224859, -0.07426249951591402, -0.5074628607991514, 0.3343497330075733, 0.6287596819002766, 0.2089907120230422, 0.32334470712324237, 0.9283436596433966, 0.9811319718600433, 0.48996810153606973, -0.37258764240723496, 0.3606940119463409, 0.5768859238613697, 0.1539862143292846, 0.4500481517247721, 0.44454631671657907, 0.4228429698730102, 0.9510384419649904, 0.7969060962596043, 0.8310427693603192, 0.22999801738198822, 0.13314348525522446, 0.048099208693754614, 0.2715093390994392, -0.6919441828028632, 0.19069242265424768, -0.4616278452722522, 0.18621438883031272, 0.5927199959926639, -0.14799900949133016, -0.5379080758401016, 0.29068214702625705, -0.2814009836879481, -0.3763468122062077, 0.7783778035867746, 0.4606932912231644, 0.20152095767509504, 0.014144222009443985, 0.22168228926204947, -0.0912458214513312, 0.5326351869707381, 0.1811293628066124, 0.4679815980920847, -0.10786287075232126, -0.1299161771935613, 0.0074666915260173106, 0.07541768797909398, -0.29233676511595585, 0.21045720160564763, 0.5952638350567638, 0.19607320266100836, 0.9190159308564907, 0.3230584757738495, 0.29864677066524525, 0.9035300388428047, 0.5421808491912756, 0.3686384536374634, 0.38007795683370005, -0.5523533681005672, 0.4432005230386902, -0.9183792813486749, -0.33490566908452823, 0.7010063941390023, 0.7002827722743977, -0.13067865972604076], [0.5533484273465442, 0.29891302402778086, -0.23179672146875996, 0.3183392827333078, -0.8486533815184951, 0.6057499404028471, -0.10369723969346079, 1.0, -0.25649162792142755, 0.19352374823980134, 0.6316686786962606, 0.49502423572292775, -0.5215840777790777, 0.6047967262667862, 0.181388725453429, -0.6774103923499424, 0.2768254563156778, -0.697829219666708, 0.6427942994522683, 0.4561268293076719, -0.7841055923184754, 0.5679267240627146, 0.11267718169206953, 0.6400450243603103, 0.19165764094608606, 0.3325718363258354, 0.4670806168581245, 0.6640753223247122, 0.8919716702655365, 0.6865144525447724, 0.7632928386542772, -0.8293843654387762, -0.534186117541821, -0.7978183549807096, -0.7480215359371147, -0.03374225178992907, -0.16385949428101898, -0.8601865534794606, -0.6564484684025389, -0.8535874262434, -0.68628730666881, -0.25124968239145473, -0.37782860908060667, -0.7895778408565746, -0.8770537275021619, 0.037499733113270484, -0.4348745617852925, 0.40274119792021124, -0.8095286438142058, -0.7373839765040398, -0.8816661449431318, -0.8842090698271368, -0.4764385772603763, -0.870425959889447, -0.6868545011163532, -0.9576360133664612, -0.18642689199497187, -0.8625802993351228, -0.6803168513469315, -0.3867653516528413, -0.8665254836565921, -0.826323697484272, 0.5311832441332077, 0.16143032239145572, -0.5604979386675704, -0.3452993141906475, 0.15614326339135354, -0.6449744212232362, -0.2850054043011705, 0.8631906424687319, 0.06136724436536156, 0.33878218590156073, -0.365423925475886, 0.8386089194054305, 0.10816904263280402, -0.3578104215466287, 0.8582795489920522, 0.17932190501167422, -0.04364585640608376, 0.22042665643729453, 0.46205686343136865, 0.14359743222105859, -0.4167445832908121, 0.1341112763947785, 0.32055232873914985, -0.026188612983314874, -0.3787270499599633, 0.5966003264478636, -0.19648034792759317, -0.6721943487474253, 0.2860080444506067, -0.62505080019408, -0.7749261195443169], [-0.1071398763400837, -0.30897784747756596, 0.898638539859034, 0.4552874227980027, 0.6072817113258228, -0.21601520050872303, 0.4656684638307407, -0.25649162792142755, 1.0, 0.8815184527695668, 0.29799176678820816, -0.32598388125240385, 0.8965217242157512, -0.20711801904540939, -0.2506529180481296, 0.8335144312401744, -0.011441587584458901, 0.8431930861780604, 0.10267508422361449, -0.9698286214406029, 0.8005811982013729, -0.1950213788644828, -0.9138463060850017, -0.3791013774916676, -0.3727006353066167, -0.9097654279338792, -0.9423415062958675, -0.6713568746683176, -0.640238199192988, -0.7688259230034664, -0.299192686866079, 0.7507784057701035, 0.871358738054395, 0.7548246274272797, 0.696549906551588, 0.10773358494623275, 0.3218634534463629, 0.45390847860600847, 0.04128465871283182, 0.7012309354394134, 0.662666353933337, 0.7653559577307483, 0.9509902173510855, 0.7877546586776811, 0.1636239159493713, 0.36250442139803163, 0.8620019251014305, 0.11595396268464064, 0.7202974272075239, 0.5136612761235674, -0.10778656171148926, 0.6752110001490813, 0.12842832317183317, 0.35875823916489424, -0.47126473509354505, 0.12724030955504584, -0.26882440678800323, 0.03188155896714551, -0.013508417522014593, -0.4721565684625406, 0.016678845890703564, 0.14051896262268593, 0.14580565007373125, 0.8270563457209995, 0.8851672160738366, 0.848448492837652, 0.798235597255896, 0.7312520742875419, 0.9284199092074611, 0.09876275890153796, 0.9266797011089032, 0.5870103813130021, 0.7945323593130006, 0.021833954099761077, 0.7492354562926932, 0.6374160675280042, 0.16002659926604346, 0.6585161552861614, 0.9358702592426548, 0.16901289815341436, 0.6618522671912296, 0.9064260645556481, 0.705583945105647, -0.48824396106977797, -0.5151580307186716, 0.9560689885552472, 0.43764172041419647, -0.4124803523828855, -0.20733821964451993, 0.5245169309098567, -0.2777650004927241, 0.8275455793600506, 0.5954459037323097], [0.0885577991298856, -0.2112115631783147, 0.7997432788587335, 0.5602739339081829, 0.2386108307160396, 0.029925800687126913, 0.34841344712772626, 0.19352374823980134, 0.8815184527695668, 1.0, 0.5019957486476428, -0.21823828317662564, 0.7009077100545487, 0.16255539230397797, -0.34592692479516307, 0.5282193517975581, 0.05937784126518575, 0.564349746713867, 0.47583388453727693, -0.7609375211423788, 0.44988885215828645, 0.12023231545600288, -0.8928789729848539, 0.03446254450584485, -0.1223480489901132, -0.7007244703809592, -0.7616804829464365, -0.27118255902908617, -0.2450407514561177, -0.4425710201768054, 0.15744493571188456, 0.3682649390110766, 0.6532140399369118, 0.42768831170113053, 0.4264525961842368, 0.005332948476063137, 0.18405951919622954, 0.0918183136068752, -0.11817391135265631, 0.28784753021509135, 0.3986808776916585, 0.7686647073192645, 0.8238282065673971, 0.42076484604871056, -0.22130963571749462, 0.2637288920804668, 0.6172039940804428, 0.2573885140898182, 0.4010225750920302, 0.28618552538373154, -0.563087602073981, 0.2716032279129663, 0.022789411507331714, -0.11575980009577536, -0.7390031127860912, -0.35039965941968854, -0.48917100084461174, -0.4158175354057836, -0.3391200436332713, -0.7568346246836708, -0.4035394363777889, -0.240036494065774, 0.3341417583763475, 0.9581696263139817, 0.6838258034320701, 0.7714616899788704, 0.9533567091418058, 0.4584715779869909, 0.8473784097596592, 0.535470732797235, 0.9838538278925758, 0.8479389473184695, 0.6983301026624952, 0.48175790624099935, 0.9029452865719886, 0.5833983456743319, 0.5848529145727761, 0.8092732890894674, 0.9491592796338446, 0.18231493743573712, 0.9286183277422446, 0.9669723186251579, 0.44465290755628395, -0.5067440622356614, -0.5034234839447258, 0.9756857931359303, 0.3150101593899095, -0.1540538761174628, -0.2548037323060375, 0.2682893304490622, -0.21788511812730826, 0.5191571541137754, 0.25174117585564815], [0.8327771423255114, 0.5575143436851928, 0.4405827710291116, 0.8763602524185786, -0.5244265231481533, 0.7580310918244783, 0.6626683673415672, 0.6316686786962606, 0.29799176678820816, 0.5019957486476428, 1.0, 0.7301898296860696, -0.1523837299831532, -0.12930402977048883, 0.38337030108436887, -0.22775511409226268, -0.07653650844689674, -0.20630766051621063, 0.10181668163578128, -0.1847330866338459, -0.21149624980011983, -0.13512024063896844, -0.13842704265339112, -0.11809665507166822, -0.5352551297084176, -0.2101074307951678, -0.1093736216816994, -0.07349729998137522, 0.44276453053110765, 0.27495665368254363, 0.08910717724044104, -0.25255283522132177, 0.12038634210896382, -0.34561849002989087, -0.2999616297278078, 0.6128458523094508, 0.5664755601753735, -0.2990330159533974, -0.8469297290260074, -0.24394364755347486, -0.09666141996365862, -0.06471654479175726, 0.13304809027972353, -0.1509008889184238, -0.3973290658239621, 0.7709121241672663, 0.3693048897275455, 0.8315361276181674, -0.36632527510037294, -0.48340461439457005, -0.5883550348825728, -0.3497096306376366, -0.8355467274933672, -0.3654277387819673, -0.9246786251207297, -0.5291693829994335, 0.28582787147360156, -0.6484880644067044, -0.7842996200339585, -0.10730380720691213, -0.7628561660213697, -0.7819685532522864, 0.9184135212103977, 0.49510221445618785, -0.16473754800523865, -0.14779421303928109, 0.32196679522884986, -0.38464497782037554, 0.23748312524387083, 0.7105684553179523, 0.4814456591820382, 0.20087380003696553, -0.24238507396818032, 0.5384907236137682, 0.17057064682807532, -0.4079837751039348, 0.7485653700470625, 0.529878849417397, 0.25166105198484434, 0.8103147982733274, 0.6057846087630777, 0.4850341594632601, 0.4341654315638006, 0.3790296860980511, 0.4804021502568374, 0.3722695610432989, -0.5424279373768508, 0.6064853901902378, -0.7477019185532108, -0.620568253945913, 0.6164787676701571, 0.14005877519736776, -0.5200274545906776], [0.8899141332381422, 0.8363983375831366, -0.07247193400556062, 0.5885176668898521, -0.7416526600538051, 0.8469062340782076, 0.5442243893039181, 0.49502423572292775, -0.32598388125240385, -0.21823828317662564, 0.7301898296860696, 1.0, -0.69385780801912, -0.35621251515621144, 0.682263066514897, -0.6376055458258407, -0.21630664729470372, -0.6216381742015424, -0.3361001002481192, 0.3388174831887971, -0.5322251985290423, -0.3387692560268998, 0.5495332080516999, -0.22592254348289842, -0.5441474752538427, 0.2988699424969995, 0.42032673736847626, 0.0769955403308149, 0.6380517212524297, 0.6317959425753883, -0.08767629252592402, -0.5138580001795943, -0.30666838529688945, -0.6711879852226801, -0.603601674566856, 0.7532598608303142, 0.5720260594164496, -0.3188563828130928, -0.8302800170081364, -0.43946756422753697, -0.33676391107967807, -0.6461722141848709, -0.45059976000748936, -0.43451860836293443, -0.18371271015246893, 0.7139517460136574, -0.0018242599224251865, 0.7742774797878359, -0.6676032939380705, -0.7060768873244139, -0.1693666825988691, -0.5469839177998239, -0.9755483160234872, -0.27433869246626275, -0.44011723422356264, -0.2566514224638454, 0.7534100299450619, -0.3756060474338345, -0.6268029452215229, 0.5160950911966194, -0.5201070853971188, -0.6804752655332007, 0.7963261224413021, -0.17456607584753336, -0.6839902071553163, -0.7579773355634449, -0.38147274705129464, -0.7779791075880422, -0.348338812707252, 0.3489489541711551, -0.2112442376675383, -0.4662096252784642, -0.8192974640370383, 0.19148549210222554, -0.517646538268508, -0.9193904162567699, 0.35250282723382775, -0.0007446601549891962, -0.46053772310452, 0.8186949925605359, -0.05327819523307009, -0.22000282604781285, 0.21499336311946138, 0.864224227458799, 0.9393961216841004, -0.3307771828480528, -0.8878067487719628, 0.8164409639376802, -0.6999039145768595, -0.9038778738310107, 0.9059829577235475, -0.17502730088183815, -0.7622769262209714], [-0.5076214806684107, -0.6021334710001791, 0.7135954376191325, 0.054170826749635914, 0.8564387076046563, -0.5807217846149233, 0.14090314527133974, -0.5215840777790777, 0.8965217242157512, 0.7009077100545487, -0.1523837299831532, -0.69385780801912, 1.0, -0.10040657335364123, -0.45623911668394546, 0.9582936787480423, 0.053914834413651636, 0.9551944202382787, 0.11429589164956444, -0.9060815955850465, 0.9044297405816588, -0.08732507199930728, -0.9012705793450282, -0.28881952159361735, -0.1011455480169936, -0.8394838415547232, -0.9152581112921276, -0.6252788263377496, -0.8446762689138345, -0.9129453091192357, -0.3015359980268062, 0.8685369896136137, 0.8268298892779969, 0.924926626374684, 0.8420711951611434, -0.21205982588256012, 0.031477737805062356, 0.5700919972910671, 0.434132538839346, 0.8084938532291025, 0.7032222201000754, 0.835911772009741, 0.9199978481084506, 0.8579934516006221, 0.3079481515161695, -0.014707938492257933, 0.6939715790727866, -0.2801986608521094, 0.897542048094164, 0.7430795781369464, 0.11698320997825573, 0.8337074101209804, 0.5386005564006839, 0.5027088357194046, -0.07919922960335235, 0.331936282929022, -0.4576895131186176, 0.30128943591145174, 0.3407969574402123, -0.48630364923330593, 0.34511820442127905, 0.49229049393955926, -0.2824530363849407, 0.6427248954746099, 0.990699735940532, 0.9614293922670955, 0.7030160422433406, 0.9342525369440967, 0.8485321780889716, -0.19328878136282324, 0.7485401884647371, 0.5560522645171787, 0.9518388432472853, -0.1872450907592378, 0.7261626545577454, 0.8708664302252994, -0.14780523310939242, 0.44404497562378653, 0.871057760550424, -0.22790428534315188, 0.4330489272246265, 0.7325239854579922, 0.4926683569478115, -0.7151654930473157, -0.7807326166454831, 0.8303091049250064, 0.7255067595313355, -0.7129426486232124, 0.1558157785013592, 0.8340838222192036, -0.6007511041194813, 0.7612624264422229, 0.8480976924597416], [-0.2839176774736343, -0.45013819998206217, -0.42433585305411814, -0.3837264807719709, -0.2949153793729322, -0.17162904030564508, -0.7615790606352877, 0.6047967262667862, -0.20711801904540939, 0.16255539230397797, -0.12930402977048883, -0.35621251515621144, -0.10040657335364123, 1.0, -0.3310675462541155, -0.27803576401184404, 0.5585327931917752, -0.3437591256188752, 0.9411986773820624, 0.39473122545569095, -0.4932935126067055, 0.9658381233570216, -0.17995009072983903, 0.9293465478159723, 0.7628232242978386, 0.25101023154806934, 0.3361157392478542, 0.7360477847801071, 0.45347852206133066, 0.263778825059789, 0.9001505375620705, -0.5382025232072025, -0.5008279512549059, -0.36981320048882305, -0.39599701631549267, -0.794937275511101, -0.8180873957259693, -0.7153920838322967, 0.07402105890715949, -0.6138249895503909, -0.5862527880243023, 0.1170638110562856, -0.222214982187239, -0.5882656318327415, -0.7825683849891014, -0.7306893798869911, -0.6637684914632938, -0.3932142078388503, -0.38530671303386765, -0.2522292813377094, -0.6786247679232331, -0.5423595200786075, 0.41004298854096866, -0.6710936527035845, -0.15708526127480993, -0.7413532131298095, -0.8155092277822398, -0.48091035423908934, -0.04093995372105974, -0.7381383992836437, -0.3496179032018918, -0.189027472625662, -0.28206943878530333, 0.07950467150013796, -0.15667898602047758, 0.13841444921746393, 0.28064443423441465, -0.08043561115346476, -0.22849081085881884, 0.4805875826035977, 0.004807822318638411, 0.604562203202294, 0.20377512557689714, 0.6176388238375943, 0.37272120344159665, 0.33397270402195334, 0.46118914000325006, -0.04458439683978499, 0.15082256257413107, -0.6143983070519217, 0.3147134658311329, 0.12955713788869583, -0.8111442184271551, -0.5729281879688941, -0.4107782627106724, 0.028508368909661463, 0.37622320811408494, -0.10559041145468395, 0.5570611988862701, 0.06106667640100982, -0.5231419111966429, -0.6877703181492643, -0.1867127489881386], [0.3019937114579856, 0.22329151303228456, -0.3038642594535119, 0.06681875775776058, -0.28610049603720245, 0.19660590759149332, 0.17493796369164272, 0.181388725453429, -0.2506529180481296, -0.34592692479516307, 0.38337030108436887, 0.682263066514897, -0.45623911668394546, -0.3310675462541155, 1.0, -0.2530113420867308, 0.3895612640981535, -0.4630093032200455, -0.3331664665775478, 0.2744069128269282, -0.2941325808920081, -0.1300497727085712, 0.3534294489560822, -0.4557909386127803, -0.7117384666073046, -0.07358516452001718, 0.4444057319401016, -0.2806184038085746, 0.27840191229681277, 0.14296352056633854, -0.40467356027769186, -0.22720800760816084, -0.4132829119748227, -0.43194728190100173, -0.6125749167146732, 0.3471716317297304, 0.16144618055764037, -0.3754726444539913, -0.7788436975091222, -0.11645927424089342, -0.508740729436385, -0.8144007537066829, -0.5010833811786353, -0.2278730846857342, -0.23438941148898573, 0.4583811694616957, -0.03408385133827041, 0.1549083697581889, -0.49954153036612836, -0.7602390313181568, 0.22112976835881115, -0.23244642065688925, -0.5940871743550042, 0.25056449010545, -0.1698845124079671, 0.08990372658444779, 0.6979380176047663, 0.22297157287734726, 0.07936437812410824, 0.6042807422874912, 0.0822406201193544, -0.04188234690196779, 0.22900235831697446, -0.4965612408256921, -0.5283951531992317, -0.6232702876803002, -0.6085498799224509, -0.3002321156201324, -0.5173808827734245, -0.19036500732435524, -0.37315606755717257, -0.6390844909652911, -0.5461851737819918, -0.34482726060834157, -0.6983133236048156, -0.7068864477575842, -0.1536007690112826, -0.5389677506148529, -0.3776099417869263, 0.36072857951370807, -0.4164453765479157, -0.16127759311398204, 0.11667197338867974, 0.47457595151826093, 0.8083864038059431, -0.3901590343872794, -0.3274600026338781, 0.15828873419897338, -0.10960310795102157, -0.39406791661402174, 0.3835189978024681, -0.15888844112233813, -0.21988281278719257], [-0.566987920081234, -0.6153388585845947, 0.6304756216640205, -0.04172540815584003, 0.9421308817728022, -0.6682031562924724, 0.1569914719159211, -0.6774103923499424, 0.8335144312401744, 0.5282193517975581, -0.22775511409226268, -0.6376055458258407, 0.9582936787480423, -0.27803576401184404, -0.2530113420867308, 1.0, 0.10246942140804294, 0.948080277346963, -0.09180611407711625, -0.8795415589919879, 0.9559286954425302, -0.2093768745155784, -0.7970893206027234, -0.4976898368241134, -0.2730638553261522, -0.8764514388442155, -0.8534853729393423, -0.7873686987420552, -0.9353783906477822, -0.98751255513931, -0.5321906972980379, 0.9481460042240233, 0.7868677763400659, 0.9527620643011473, 0.8168516950869139, -0.15179714338582118, 0.06448920415134729, 0.6316478242617362, 0.3987964338687271, 0.9209021361318376, 0.6844501865264968, 0.6585254494620991, 0.8268473004634467, 0.9244625770128042, 0.42156450860010497, 0.04383675903634432, 0.7179735016116104, -0.35595507131648074, 0.9131344938210684, 0.6943794625153125, 0.36055413566659, 0.9289118121541216, 0.5120868361030867, 0.7251714889618587, 0.06113304821960097, 0.5463731396001446, -0.2564878993985391, 0.5395288821961215, 0.5184363776143474, -0.24721043917854946, 0.5552645669611617, 0.6612985135856448, -0.36830102152213495, 0.4413312367527469, 0.939391533492982, 0.8484528625452105, 0.4838368209818926, 0.9690192280041765, 0.7307861673368589, -0.43101745783906575, 0.5925022710111519, 0.3090250743937212, 0.8673692250719981, -0.4479650118668592, 0.5021368634670889, 0.7585919586262372, -0.37949838655495927, 0.2334988562120115, 0.7427145848449344, -0.22127926946801835, 0.1976323120788791, 0.6138226610928849, 0.5528708972558657, -0.6229812410050686, -0.6444135365910948, 0.6897493519841069, 0.7225701221805453, -0.7945397368540723, 0.20474869426691056, 0.8685169564053702, -0.5761918672226569, 0.8005727664191653, 0.936789655051355], [-0.4762718707960485, -0.697789091030038, -0.42250707105272145, -0.4998737865749687, 0.07227520404931942, -0.5075843534888782, -0.6270440463831588, 0.2768254563156778, -0.011441587584458901, 0.05937784126518575, -0.07653650844689674, -0.21630664729470372, 0.053914834413651636, 0.5585327931917752, 0.3895612640981535, 0.10246942140804294, 1.0, -0.194151960749803, 0.5653418061271717, 0.17637099779361276, -0.18123884032812865, 0.7531319074917653, -0.28874458492535005, 0.241264736645167, 0.03639505583757385, -0.28799562921110944, 0.2785393984035194, 0.03480783573631219, 0.0982953110549486, -0.2207802545547497, 0.20383474947320446, -0.16123320380247352, -0.45586788087141494, -0.16449054850648248, -0.44669039808952316, -0.669878218168704, -0.7335978753050116, -0.6540407277470064, -0.2766699458783872, -0.1510236790572157, -0.653116131842236, -0.251348209497658, -0.23640911476267212, -0.24361665330877313, -0.6944654617622903, -0.41494362915398897, -0.3480560569066884, -0.6014551082624482, -0.26277585985509955, -0.4793849974235558, -0.16564337928294393, -0.16466392391558693, 0.2985154345588026, 0.04238533729602323, -0.12177356709341347, -0.2541524542163045, -0.36634641354738307, 0.1494567427395177, 0.46949096266772306, -0.3026600728874296, 0.17888834662972375, 0.2892648790733132, -0.4423285794458274, -0.21450014457755873, -0.07914457848031087, 0.07362119282360102, -0.06210353983732175, 0.2665005793866424, -0.3317778647060059, -0.06706735457785773, -0.08417832208416032, 0.15517777137898747, 0.23896859419728367, -0.0536564632344434, -0.016565649329041587, 0.18525371921432865, -0.028887556605758924, -0.5057576188628141, 0.18563115806360342, -0.5497999315721709, -0.0630627213216246, 0.25158226364624925, -0.4623654778474675, -0.5597784580757084, -0.11391605531887206, -0.0009229751922057439, 0.5853947577789564, -0.523974888902496, 0.7067099284240895, 0.30374130819822964, -0.6088318473217589, -0.4014856518140508, 0.2394028327023957], [-0.43176207842263237, -0.42902272363524063, 0.760195239553132, 0.10798457589353871, 0.8903542044955256, -0.5075725246301763, 0.2965317064903832, -0.697829219666708, 0.8431930861780604, 0.564349746713867, -0.20630766051621063, -0.6216381742015424, 0.9551944202382787, -0.3437591256188752, -0.4630093032200455, 0.948080277346963, -0.194151960749803, 1.0, -0.1574965060604372, -0.9218692520578673, 0.9779290890367344, -0.3546051997175781, -0.7487700479573671, -0.45921810550172015, -0.18233252721564197, -0.7609931253113869, -0.9430307262118036, -0.7108039806805659, -0.9255424464941473, -0.8899906803233419, -0.48070252065909624, 0.953549687901325, 0.9160214783639417, 0.9857737491573801, 0.9518473842095305, -0.01446166490619194, 0.23056993151540128, 0.7871688128517612, 0.5169692926470546, 0.9087333338046195, 0.8678317710775918, 0.8016669527641145, 0.9183936248758467, 0.9551284392984406, 0.5711370933610382, 0.1031658610264955, 0.7802726845722294, -0.18149509021113674, 0.9800944280624819, 0.8573387591422877, 0.3132672513378141, 0.9320456048690923, 0.4655177157785806, 0.6169756540397464, 0.06458068096778535, 0.5320555574404849, -0.2531825309157667, 0.4074737505652133, 0.33059146314214183, -0.26428556952966087, 0.4317425016933638, 0.5251557311226241, -0.23626083681938947, 0.5674460337321171, 0.9780737269558796, 0.8733381376065932, 0.5816784847577829, 0.8810918549537842, 0.857199020117358, -0.325652693485607, 0.6606766025606773, 0.3661640502681608, 0.8369512196980204, -0.3293966134550881, 0.5949017304424827, 0.7630586162388165, -0.2894727539969333, 0.4456408162462635, 0.730333679082094, -0.09924121388423446, 0.2964179672650862, 0.5720127252724315, 0.6302034396392092, -0.5156725389737544, -0.6835881792490031, 0.7306737040770173, 0.5726115125684199, -0.6248140462572178, 0.012234133354076415, 0.7804332864838373, -0.4341577092070332, 0.8780457828476441, 0.8374117459981102], [-0.19430315193343972, -0.46155776370152446, -0.12826226037436061, -0.13922334749530219, -0.21510429528049224, -0.12234739611994461, -0.5518132952428414, 0.6427942994522683, 0.10267508422361449, 0.47583388453727693, 0.10181668163578128, -0.3361001002481192, 0.11429589164956444, 0.9411986773820624, -0.3331664665775478, -0.09180611407711625, 0.5653418061271717, -0.1574965060604372, 1.0, 0.11453369997546792, -0.319762459889706, 0.9127332258722445, -0.450050599129199, 0.820405659244157, 0.5865007692902576, -0.026552516040915686, 0.07637377632252451, 0.5515459634766281, 0.35638993942559494, 0.09972666246510409, 0.8435054100204795, -0.38410571411165884, -0.2624345031227322, -0.2280816761683826, -0.2680279034778501, -0.6887774419961556, -0.6635908100176999, -0.6573071111284876, -0.05032343585831711, -0.47179264269587273, -0.44081739778441564, 0.30613711713910674, 0.04490828958353199, -0.4104894059974986, -0.8177737815517316, -0.5275074168295615, -0.3884230802891748, -0.2475554971214109, -0.2578264645704884, -0.20083284792181022, -0.8049443184112826, -0.42337901418121593, 0.3231059474766782, -0.6354079151275749, -0.4278586734786891, -0.7981981577198818, -0.8541980203261033, -0.5725115334521766, -0.15708578699231723, -0.8897748114907968, -0.46158878263956526, -0.2681357376995219, -0.11151896619623325, 0.3717503504190348, 0.0503303508698657, 0.3428205962887354, 0.5425129100782722, 0.05863644159736703, 0.0469615595709737, 0.6179314378762545, 0.3233380214263146, 0.797605308743399, 0.3827139651604934, 0.7090779339870027, 0.5996135885091441, 0.4454613952347162, 0.6212339043353202, 0.20223953287618768, 0.4421625647066566, -0.45827002532866645, 0.5843629901967838, 0.4501736601020141, -0.5702421068144061, -0.6575965462680573, -0.4778008621775598, 0.3396648384319053, 0.42159900384492066, -0.13171295869466837, 0.402981540788781, 0.11042094669509361, -0.5159730767146842, -0.4580457754849716, -0.10565831133194958], [0.12897971602400005, 0.24326988872895516, -0.9221041751281835, -0.431740411537497, -0.7038421628763138, 0.24080112580503021, -0.5426322072453513, 0.4561268293076719, -0.9698286214406029, -0.7609375211423788, -0.1847330866338459, 0.3388174831887971, -0.9060815955850465, 0.39473122545569095, 0.2744069128269282, -0.8795415589919879, 0.17637099779361276, -0.9218692520578673, 0.11453369997546792, 1.0, -0.9042897372916556, 0.3930295108575791, 0.818711320169007, 0.5255839837551728, 0.41931772673218515, 0.8754454277998202, 0.9823269458460605, 0.7675111554794217, 0.7653167827383466, 0.810459979157833, 0.46738697409959795, -0.8668387244063163, -0.9534661898798804, -0.856032152563079, -0.8212306087257264, -0.20939375590444698, -0.4334683197545717, -0.6541065200241221, -0.16443355909979562, -0.8288471088912175, -0.8095240137339847, -0.7568795530387151, -0.9654909648414207, -0.904446991595145, -0.3985828490419514, -0.4046956558081365, -0.9286069714328857, -0.11704094258741282, -0.835956055122302, -0.6467346578399604, -0.09787907178473731, -0.8070890961201478, -0.1445646742709954, -0.5041814858912681, 0.30028946032076265, -0.3367959668180398, 0.13638050115308797, -0.18323565907735984, -0.058396928210362464, 0.3001785722538397, -0.1597867745049184, -0.24757911964777346, -0.1030208371334862, -0.7454179241129908, -0.9170608334266683, -0.8180383858357603, -0.694766054337496, -0.754724661259834, -0.9386432848676893, 0.07105654987907084, -0.8455196653036303, -0.4338831474802183, -0.7534783210807667, 0.1465720415078815, -0.6483336980599319, -0.605713296647409, 0.01646219288907602, -0.621288674767106, -0.838539636523056, -0.20326285712173786, -0.5185156674342446, -0.776626086012254, -0.8011381067819405, 0.3858865634305204, 0.48969526690735177, -0.8778310019759887, -0.3882165816119132, 0.4214981384095571, 0.2528778496368156, -0.5584412273521506, 0.21632027684480137, -0.933994298274643, -0.659980389629935], [-0.42137435837416604, -0.3919077850331425, 0.7192990929281572, 0.08728751294351089, 0.9186444000462657, -0.5205365342934574, 0.3512324554198235, -0.7841055923184754, 0.8005811982013729, 0.44988885215828645, -0.21149624980011983, -0.5322251985290423, 0.9044297405816588, -0.4932935126067055, -0.2941325808920081, 0.9559286954425302, -0.18123884032812865, 0.9779290890367344, -0.319762459889706, -0.9042897372916556, 1.0, -0.4665217949706395, -0.6616259805499136, -0.6235101388375441, -0.3371060811122619, -0.7841693395628533, -0.8971807994990937, -0.8300708166930852, -0.9649723918887587, -0.9184858119996548, -0.6504986993903541, 0.9947858578746308, 0.8915046720757552, 0.9830136270999768, 0.9177513650122336, 0.07576038794325757, 0.2966085209158309, 0.8253764722423379, 0.4500185044985714, 0.97551739311051, 0.8539264663803845, 0.6607912161450411, 0.8492225666799157, 0.9931033415964821, 0.6474094283757788, 0.1926458348196669, 0.8152769329771458, -0.18357582939310002, 0.9693240403275535, 0.7984325461475921, 0.46993087554565827, 0.9807631012592709, 0.3934962676358621, 0.760285275777641, 0.1286440461308841, 0.6690157851996943, -0.07593075148290085, 0.5491094721765841, 0.41346736881933177, -0.07845713875278415, 0.5456693524905202, 0.6034686244537565, -0.2447798498835796, 0.43699067679171877, 0.9221619601052358, 0.7692345714001526, 0.4258698048688503, 0.8732317825716835, 0.7772054288256888, -0.4666807070650978, 0.559994499899956, 0.18097413118213912, 0.7466271348624436, -0.49636181667705914, 0.42699440056306526, 0.6457426809826287, -0.4253613893432857, 0.31779119170948233, 0.6328148653844149, -0.041959176672445864, 0.1451034931461197, 0.4932772226