"[[1.0, 0.9821374325758118, 0.130340695046546, 0.7038170781458837, -0.7290608884671474, 0.9759692604969528, 0.6575721307424867, 0.4482068465803921, -0.18294249140487784, -0.09415973111403342, 0.7929035079651056, 0.8949267123587515, -0.5696869264577851, -0.4234578245088987, 0.28329107603086157, -0.557892837796488, -0.5510766753374412, -0.46118824997645547, -0.5045798742187879, 0.31410322431779947, -0.42047337906828286, -0.39565907935327194, 0.4017212357594713, -0.30712711945162674, -0.43446533332733805, 0.36864289947653983, 0.20211344163501688, 0.19725409434364594, 0.6362794645059985, 0.6820935806783954, -0.09794087818604647, -0.4561850828120133, -0.047219786733893265, -0.5564776988472424, -0.39174833766035566, 0.8342427511063677, 0.7218111639122298, -0.19049022695801332, -0.4880416561124348, -0.4525163512939496, -0.11082572019403791, -0.35601475669334337, -0.19800448511015922, -0.39609611561228064, -0.17499014539495583, 0.7465457627331983, 0.12221052348991968, 0.9157204093859618, -0.4820502119642365, -0.358856775858005, -0.23577836623226212, -0.4803508168603059, -0.826174477562259, -0.39148912918318013, -0.45484909415041974, -0.3030272747882006, 0.5418782094195603, -0.5817665834007313, -0.8571120829720789, 0.42792450878871824, -0.7249231672703087, -0.7836047408219464, 0.9070257262945222, 0.04661392462379954, -0.4904015798719694, -0.5801102166613519, -0.15912776408070695, -0.7376614774475616, -0.11848981480123588, 0.5391754700041793, -0.019448331988132006, -0.2457246309604244, -0.6894658187708722, 0.4926887621270706, -0.26792033593740383, -0.7611260448048696, 0.571008433797187, 0.37040010481899466, -0.3067067674916679, 0.9081982009696316, -0.02259629624579018, -0.1690864006250703, 0.3381839582252313, 0.8376724311210105, 0.7628200743504905, -0.26327595689225225, -0.9417876879228122, 0.970040089213224, -0.8913238399281829, -0.9018814717130359, 0.9870478746861238, -0.06608449765750013, -0.8113708275754079], [0.9821374325758118, 1.0, 0.1358638364763194, 0.7406139854269124, -0.71256558855052, 0.9638176246113098, 0.6276526606925479, 0.32203585720637373, -0.25724294394563607, -0.16313449059260465, 0.6944409628125049, 0.8094658031094389, -0.5797958979359135, -0.4488094796512412, 0.16456617346718527, -0.572451971506583, -0.688475317194843, -0.44221907576707165, -0.5498978238425538, 0.2746418561391022, -0.38756937969351846, -0.47010604128071276, 0.4576602488044932, -0.28544946658890824, -0.3776824449818752, 0.41810464804289893, 0.1873374272089624, 0.1960573127825238, 0.5905508786231027, 0.6745068019016222, -0.07683700677345384, -0.42291709938573385, 0.014809324620799313, -0.5003197291902843, -0.27522466319249306, 0.860571566792875, 0.7755946359883912, -0.0456758019738146, -0.316296694918645, -0.4174613835552152, 0.022223021248102937, -0.3112977329897775, -0.14498059044561917, -0.3521128858571718, -0.015055145621609478, 0.7575283216973567, 0.12499443943873034, 0.9573940216125887, -0.37250380967196084, -0.22117254584074053, -0.1135187262678028, -0.4388113371599158, -0.7355175257576603, -0.35574211144267287, -0.3213693266621671, -0.19445313472168468, 0.5727100986730225, -0.5234752355142103, -0.8318066262337354, 0.4835017107755284, -0.6628796226700231, -0.7420353553909536, 0.9258565838864402, 0.026232202302301943, -0.48517680841036714, -0.5850573161025623, -0.21005563393216153, -0.739376264873747, -0.10988156266422111, 0.4533374753853725, -0.0672546759996262, -0.29320253235915894, -0.7035009754814117, 0.4293152646739522, -0.2911201999653834, -0.7597902474396876, 0.474801082291739, 0.37758292374881597, -0.35986774731862026, 0.8850428310475841, -0.07225289017799996, -0.2749199833252447, 0.3240162980636223, 0.8672161536633483, 0.7055573583098517, -0.26806630467394044, -0.9722315669372623, 0.9507044388691104, -0.8812814660259971, -0.865133944005116, 0.9697660439459178, -0.01880460917160698, -0.8196338745833252], [0.130340695046546, 0.1358638364763194, 1.0, 0.6888308362888417, 0.5001957706279064, 0.23880413664732414, 0.7473296225015563, -0.1924875488852631, 0.842500218850203, 0.7947783404152339, 0.47196623678743255, 0.0022521797934348387, 0.7274953111875048, -0.4410942448050288, -0.3233129151487759, 0.6623995174855288, -0.39133004553651296, 0.8055215830679675, -0.28216369594801827, -0.8700697346323489, 0.7708473863130445, -0.4224889619024488, -0.7532715343663066, -0.5361874191362392, -0.4485861583152979, -0.7303337386242508, -0.937556664827849, -0.6078141936056132, -0.5378951110799415, -0.5595540729878969, -0.35399960051098267, 0.6807774343295537, 0.9346117975603824, 0.6725694740961078, 0.6695543465993921, 0.41752916374146176, 0.6010365336056115, 0.5523449990154911, -0.014779048935566585, 0.6196472765089992, 0.7078962971378875, 0.7671798694905497, 0.9195034548293921, 0.7140148137136637, 0.13412833476302866, 0.5576230967812672, 0.9169896355148591, 0.3649412814553066, 0.6000250607565039, 0.5965445434586826, -0.03819592973693875, 0.6516408611169918, 0.0640454871845314, 0.2711619583889724, -0.4979245820073386, 0.11866181103772155, -0.15143217491645933, -0.1627733851329849, -0.3244470354398725, -0.26871862408956426, -0.1455674330458736, -0.08514293876582779, 0.42343113101556495, 0.8759398857703076, 0.7980673220293739, 0.7001408234078422, 0.7465018015625968, 0.5208983624585659, 0.9613991984530446, 0.2278095474058628, 0.9023602852195126, 0.4898152785467831, 0.5896362020897238, 0.17247933081631384, 0.6993022440849987, 0.5097414123301258, 0.27400301237833846, 0.8619305189372679, 0.8093591415198087, 0.48103632409601493, 0.6079218947512388, 0.7316173805899775, 0.8547304920581092, -0.1884378489994647, -0.3648561209383061, 0.8767687920074534, 0.08582210498331, -0.05652402565546888, -0.5364440966873687, 0.2765176838332384, 0.14397754733463708, 0.8769591371792537, 0.338534316073012], [0.7038170781458837, 0.7406139854269124, 0.6888308362888417, 1.0, -0.24939491121261814, 0.814414932928964, 0.7394646709826116, 0.1904468035741802, 0.2814173443388702, 0.44385531621615915, 0.7108341565702129, 0.4066079141064085, 0.041432988027555795, -0.3351878513922799, -0.3534914893798937, -0.08283417501396162, -0.7612050427286925, 0.16009258542603733, -0.3225743732596269, -0.30946292875387127, 0.1280202107353723, -0.39002298255552703, -0.1784776196297273, -0.2572496320087301, -0.2555195447030063, -0.026012454905136595, -0.4134137506118103, -0.019334578578803052, 0.15731877258346483, 0.19304438695163895, 0.022814319167392072, 0.014251460980796882, 0.5689871481717488, 0.029111595868172357, 0.258810999729991, 0.7049108701823642, 0.79943146620982, 0.2987763583215184, -0.07790989233801904, -0.042997576156301065, 0.48587753506302434, 0.40491934300317767, 0.5007696265940166, 0.0878669721651737, 0.01930085568434703, 0.6953409304589366, 0.5138072515169109, 0.8953369989414177, 0.11125134962548877, 0.29533073806419174, -0.23845012595190163, -0.009997282594105705, -0.2774675627879244, -0.2954673886720789, -0.5285082876464662, -0.21325395453044194, 0.07207160837269422, -0.6252167962367501, -0.8535738546163603, -0.037173390805950834, -0.6644738967109114, -0.6832576371192032, 0.9319557648636316, 0.6613050337603672, 0.15827830003238863, 0.09297850731991564, 0.4317609603583459, -0.23952411677642238, 0.5443840850857876, 0.5873200625277779, 0.5487874847536955, 0.2950334132213811, -0.0650943924616989, 0.5800694693127036, 0.3872181071997114, -0.13252886374638195, 0.6014251045865411, 0.8909853589882704, 0.2835709206876217, 0.7895451438555118, 0.4998102422017856, 0.2354517482883982, 0.5775134224019075, 0.3561076677745014, 0.08972877536449453, 0.42885503424807614, -0.5884913162935419, 0.6171531403797972, -0.8388789689389686, -0.4146995786395975, 0.6575582953208289, 0.42550052634809576, -0.4363257832023666], [-0.7290608884671474, -0.71256558855052, 0.5001957706279064, -0.24939491121261814, 1.0, -0.7049683206614059, 0.029422696842305807, -0.6698282973723875, 0.6716181775765333, 0.42851921386114167, -0.3954577852591914, -0.6437221833618048, 0.9140385614733729, -0.18760056507376, -0.2025298867440375, 0.9633781864258256, 0.2098402724431312, 0.9118147353675704, -0.01992283915474724, -0.8429430220970615, 0.9195240608598748, -0.17230197819625648, -0.7162681915683469, -0.3409344099883955, -0.1723340018834456, -0.864455034900836, -0.7692737860570169, -0.7716953742432291, -0.9776272284185352, -0.9964182091648088, -0.4404683386857384, 0.9356690216814266, 0.6436006316311097, 0.9481853873055991, 0.7565050218566916, -0.28933732583751115, -0.11426213371737282, 0.584866294292848, 0.34502618071921254, 0.9240881008457552, 0.5506889150194104, 0.6150581337919848, 0.700620047893318, 0.9053949706351401, 0.38444075946700207, -0.11388881455798727, 0.5876236797266766, -0.5556521171763866, 0.8310712071061412, 0.6488700692386388, 0.40675480146305587, 0.9390688230928306, 0.5849883410573198, 0.7587652791431696, 0.17872741872823794, 0.5652128048870512, -0.2752950654195374, 0.6215435014166235, 0.6482023600560558, -0.2590090119751709, 0.7042935050219755, 0.7789740443559292, -0.552942709632593, 0.34371904389549424, 0.8877136115549106, 0.8292114760783652, 0.41062195155226244, 0.9908954007514252, 0.6374053203137878, -0.5305762280934061, 0.4712367420921306, 0.2482196071528472, 0.8618977496813013, -0.5583053748633278, 0.44742766148377655, 0.8626206562990402, -0.5043275443978943, 0.07993164457127055, 0.6660481341077819, -0.37757238148743566, 0.1480807732410111, 0.5370373674918328, 0.3958252957160894, -0.6670474385176237, -0.7069697406455941, 0.6522535715457104, 0.8041221216989519, -0.869905922449862, 0.34277440025386785, 0.9419598618300808, -0.6578694169617703, 0.7122710473624494, 0.9759745452076363], [0.9759692604969528, 0.9638176246113098, 0.23880413664732414, 0.814414932928964, -0.7049683206614059, 1.0, 0.6534904103232191, 0.5045550864949424, -0.09666005613196571, 0.06427315046284487, 0.8295016381383071, 0.8093827999813852, -0.47520472541369907, -0.3122369176841726, 0.09896631370246378, -0.5270049349618549, -0.589986837915669, -0.3804092816391109, -0.3778525669279835, 0.23547723098120155, -0.3783554386590642, -0.3033853955052712, 0.27153661171121535, -0.20503816645308293, -0.32130268801679707, 0.347938315303677, 0.10902748871547163, 0.2589574584809414, 0.6250908943214237, 0.6530805972833943, 0.03990772757909822, -0.44642434949392706, 0.04401809049037486, -0.5057735187857773, -0.30922185184885387, 0.7789786536179549, 0.7093644861386325, -0.16054828752825467, -0.43115848700476356, -0.4655904840665006, -0.03146375028362014, -0.17454918755141513, -0.07249108190715248, -0.3826513934802813, -0.22798124944086728, 0.697577889880355, 0.14747646352331856, 0.9481095591176258, -0.42937213053520806, -0.2628170839182091, -0.35353662632538185, -0.47297856876696076, -0.7107493536161029, -0.49952342270286376, -0.5438296241365848, -0.4071998923578153, 0.3648362055190002, -0.7134580731230691, -0.9451399710705373, 0.24712031871739826, -0.8245982493315895, -0.8711818820780857, 0.9663359919231533, 0.22542628041006896, -0.38648364061805585, -0.44459560946268195, 0.02131638420683979, -0.6967051844568557, 0.017911739351239686, 0.6672332767345494, 0.1291800140529611, -0.047315958097862154, -0.5696477812792862, 0.6364612212647811, -0.0732233146396204, -0.6411175415987915, 0.6885043642794383, 0.5350043321060939, -0.1692410343517221, 0.8899310255483156, 0.1758091892911844, -0.06740238601582305, 0.3352196291294204, 0.7188437808251574, 0.6142425708808021, -0.10379866533126259, -0.895603669685626, 0.9551383707564727, -0.8882607880073374, -0.8594664776684884, 0.9355371239493635, -0.03193743749683797, -0.8091760896260509], [0.6575721307424867, 0.6276526606925479, 0.7473296225015563, 0.7394646709826116, 0.029422696842305807, 0.6534904103232191, 1.0, 0.008777471172068507, 0.5294114263380388, 0.4016342305294861, 0.7839104725726764, 0.6320527543071539, 0.19491970267309922, -0.7805488588877163, 0.23416560923036833, 0.25785090440621383, -0.4850735578432195, 0.32808249360352626, -0.6996520120507181, -0.45187967264427553, 0.37977551189437864, -0.6952712259391891, -0.25768593798031114, -0.8113874596912494, -0.8324804634791616, -0.44419594394175577, -0.5517195244421766, -0.5441422491708283, -0.11799433551203542, -0.09990461795058914, -0.6113563676275382, 0.3401251499121418, 0.6077449110633545, 0.20106309840595027, 0.19662846165506354, 0.8631881629177215, 0.8809297025738657, 0.2732680859136847, -0.43025081744680227, 0.32782827849891394, 0.366964549327659, 0.15717510800455736, 0.4636873007060429, 0.38762758472304926, 0.0537873538352962, 0.9385249977475232, 0.8185628540603607, 0.6957316079266416, 0.14691821130371618, 0.11556345806160118, 0.003746360169538776, 0.3032004373861301, -0.5950649087577369, 0.21957707245770042, -0.5631655303605627, 0.09026159322050664, 0.4330282519723385, -0.22302455256601927, -0.562918008721206, 0.2696440667644284, -0.3366683939526949, -0.3248535301629445, 0.7053840622363214, 0.4846354447670389, 0.2724217497308703, 0.09108924437409815, 0.28040905456484944, 0.021673318670711206, 0.5401507781235637, 0.2777202698689978, 0.5406969592404771, -0.020611249290450218, -0.027981488615012706, 0.1685672908214586, 0.14791408395763717, -0.14053618772001442, 0.3571682290497057, 0.6447724896502944, 0.33962260660997035, 0.9120422221139807, 0.19392074383148972, 0.42584111435510996, 0.92777663062143, 0.44422409672905416, 0.34370261687507864, 0.3598003153513457, -0.45693708921496956, 0.4634795107947557, -0.9196543681316225, -0.29325313239500117, 0.7113822206041297, 0.6551921528805028, -0.10326928197721874], [0.4482068465803921, 0.32203585720637373, -0.1924875488852631, 0.1904468035741802, -0.6698282973723875, 0.5045550864949424, 0.008777471172068507, 1.0, -0.0446118969556899, 0.24321909227559846, 0.6271562071846712, 0.5190772462860173, -0.39445054715090144, 0.4837456169094769, 0.18856594621181932, -0.5374825505857357, 0.3168159843466404, -0.5334683801537428, 0.46978083172006, 0.5751008314696057, -0.6666457790389895, 0.6077807268692104, 0.03601927237578317, 0.39964183941018605, 0.18579200355197278, 0.38012050588569646, 0.417454335095222, 0.667145003502913, 0.7914783197638369, 0.6310407418630517, 0.521248471266528, -0.7378682107410479, -0.5127038880064927, -0.7397278567242065, -0.7698777278258502, -0.07339673069028008, -0.20574575235315806, -0.865820620833951, -0.7034211218730895, -0.7797178671007163, -0.7128672536879286, -0.22602381276166428, -0.44143779202844424, -0.7529147861723127, -0.9326343860255712, -0.12636822975847894, -0.40488030286246923, 0.2262384309403207, -0.8474003643849746, -0.7437330787279683, -0.9326219532379896, -0.771786263336687, -0.4445377336316525, -0.8487107542113488, -0.7277189911460078, -0.9672354493080424, -0.30197717712640904, -0.8536786759285109, -0.6441941454754669, -0.3971530960920089, -0.8516664112519572, -0.804515663868743, 0.35767107419357824, 0.15717513484932233, -0.4197915377727015, -0.2711731069940482, 0.24102516512914784, -0.5654046615549295, -0.2248592761133157, 0.8822940964086021, 0.11029735125421591, 0.39105749770571263, -0.2815119313600958, 0.8576807384047436, 0.15409479604972132, -0.32883103402582603, 0.8764075738037578, 0.19193983719245944, -0.005015936422150924, 0.22995134908704506, 0.449059879425344, 0.19394225311625923, -0.28043054515426125, 0.0702104572026554, 0.35860206496977887, -0.1291039332213597, -0.2954184156932276, 0.577182065807103, -0.1886803279249425, -0.646313080877899, 0.34283611309018824, -0.6177390528675106, -0.5976178375494146], [-0.18294249140487784, -0.25724294394563607, 0.842500218850203, 0.2814173443388702, 0.6716181775765333, -0.09666005613196571, 0.5294114263380388, -0.0446118969556899, 1.0, 0.8998937400232315, 0.3840757990061606, -0.09323165211762108, 0.875817790287896, -0.217195329594023, -0.08307127247035706, 0.8334284427714124, 0.16474842980324278, 0.8432036499942541, 0.0019594254854272686, -0.8030357414575671, 0.7708042333612368, -0.09018998450902815, -0.9431970901449875, -0.4551378186281607, -0.41514487375336784, -0.9142658730883619, -0.8819570337767666, -0.6360235614928396, -0.6068869132902599, -0.7300660246435697, -0.36547353872182065, 0.7051892720929666, 0.7135210077138159, 0.6713204986413546, 0.46245642598272585, 0.039941721052832224, 0.1755550846564511, 0.22645504144194661, -0.2598426040646733, 0.6474117800620557, 0.36099499623304143, 0.6926530077949534, 0.7676600113402494, 0.6887510396262115, -0.1850963293968424, 0.23472380620720412, 0.7899518895733687, -0.08852358740822242, 0.45176392881016336, 0.33131532444956235, -0.22187043647238003, 0.6676478754037464, 0.11269329211752077, 0.3203830800469212, -0.5998850325642713, -0.024013023088117924, -0.37082386678369805, -0.061651478786895364, -0.04366718780840673, -0.49688090659441, -0.010274636548230909, 0.11221025196300449, 0.01774670660948019, 0.806723497484728, 0.8750790511430979, 0.8349171081451944, 0.8315909958239197, 0.7338687413204962, 0.8817427438782299, 0.20225197001508177, 0.9243328499570974, 0.6143872141086603, 0.7957181448244739, 0.11163540126701976, 0.758007973068716, 0.7108042612036906, 0.26003283330221905, 0.617896416536007, 0.9537553100411459, 0.18330780373860123, 0.6502568893136297, 0.9651596999607304, 0.7022941241695314, -0.5152970070234875, -0.440640500737723, 0.8821831313252435, 0.47204977124894987, -0.34249468111262416, -0.20646762746128333, 0.47504119484528784, -0.16246006629660248, 0.7119543098693079, 0.6141064084195971], [-0.09415973111403342, -0.16313449059260465, 0.7947783404152339, 0.44385531621615915, 0.42851921386114167, 0.06427315046284487, 0.4016342305294861, 0.24321909227559846, 0.8998937400232315, 1.0, 0.4716035109353821, -0.12061971099738544, 0.7551507209094975, 0.10947681111412977, -0.3464961162985929, 0.5878349165364893, 0.10974961125377958, 0.6829482316288785, 0.2997687104283572, -0.6424388023755108, 0.5378899120810534, 0.19531257950149428, -0.9325461577554144, -0.10111017668095745, -0.09022951515571109, -0.6608060028934513, -0.7560463203030476, -0.2575046122178133, -0.3362403232331648, -0.48862981412912676, 0.05184745128953294, 0.41925373023539736, 0.6091904563962244, 0.46324563486088, 0.35544228403238076, -0.07201770556845855, 0.08090017123645843, 0.06973310109944297, -0.2267707227505824, 0.32850903590517977, 0.2849897399947596, 0.797642580409769, 0.7210594439050113, 0.41091956876634117, -0.3980822742757626, 0.07689886584603278, 0.5734655854942139, 0.03537216157591483, 0.28136797152674564, 0.28400484907025225, -0.5384602724512795, 0.38043482895387215, 0.2007299502950406, -0.09592163313396496, -0.7414280344881621, -0.3712140955619545, -0.6372001093659247, -0.4294171306028485, -0.30532472609574124, -0.7571245404880222, -0.33571328542336176, -0.2138306800869545, 0.18579789281134795, 0.950293333329307, 0.7670174057225823, 0.816686944282472, 0.9852902614850824, 0.5233399084772237, 0.8653673552145106, 0.534713541313101, 0.9787214232985438, 0.8771236172869288, 0.7571305689684993, 0.4883409364940765, 0.9378837907937536, 0.6840586494469489, 0.55955555030935, 0.7907457685050964, 0.9593265310762686, 0.15495227299285874, 0.9162477746785972, 0.9422301210771143, 0.48158029031559857, -0.5785055699579782, -0.5228906533338007, 0.9214282560107241, 0.3795415300394269, -0.1770912146335326, -0.19143704840920828, 0.3136952880249464, -0.1447921042692104, 0.4906186469405135, 0.35908415943172267], [0.7929035079651056, 0.6944409628125049, 0.47196623678743255, 0.7108341565702129, -0.3954577852591914, 0.8295016381383071, 0.7839104725726764, 0.6271562071846712, 0.3840757990061606, 0.4716035109353821, 1.0, 0.8053496314653587, -0.0901490524718036, -0.300002011320174, 0.27466625131442246, -0.1363873623742713, -0.19809486046145053, -0.07138529878218036, -0.2466118224177345, -0.0013365253737784855, -0.11624667541598699, -0.16209843924482237, -0.18237402070171282, -0.3725215399444497, -0.5190034348001986, -0.1038204813166228, -0.17708569001648122, -0.0005613579629937249, 0.40054311506372864, 0.31652248267870164, -0.13680589133749677, -0.19454834866067472, 0.1660502482882883, -0.2988014329778026, -0.3120695756637708, 0.6275873890241972, 0.5643803566052625, -0.3133922005368568, -0.7561645524523155, -0.23206607364168086, -0.14130693348288492, -0.0007697512670112872, 0.0998821630915584, -0.16539695217492234, -0.531716873348115, 0.6518695128354384, 0.38721718126409677, 0.6938232592964826, -0.4028457815838271, -0.3555858816365911, -0.5799829897174265, -0.24405135977607184, -0.7266011120509477, -0.36731016564304086, -0.8907635437208965, -0.5346507055295238, 0.13841655764356164, -0.7158316582770068, -0.8500336910887878, -0.04684100053375362, -0.8005953705639679, -0.7630291208665252, 0.7836699978203239, 0.48929825760093215, -0.04306930851936319, -0.08997246849004759, 0.3791121510155171, -0.33648139146502576, 0.29199960074413667, 0.7732656646079858, 0.49822786472687963, 0.2399998287191134, -0.19181827942205687, 0.676106998621798, 0.2249065143511868, -0.30791971514888594, 0.8297224996361342, 0.6384720118392535, 0.2668556532784626, 0.8542018265435245, 0.4440850959860929, 0.45103802539720594, 0.5470173488648986, 0.38599449506447003, 0.477113962342935, 0.2115408235066376, -0.5434655138993778, 0.7229212834775645, -0.8367705395428859, -0.6293226963127698, 0.7665649896956486, 0.13098207762707825, -0.4581638279915403], [0.8949267123587515, 0.8094658031094389, 0.0022521797934348387, 0.4066079141064085, -0.6437221833618048, 0.8093827999813852, 0.6320527543071539, 0.5190772462860173, -0.09323165211762108, -0.12061971099738544, 0.8053496314653587, 1.0, -0.5427780214516289, -0.46057288551314013, 0.6628494614334284, -0.44865765999531804, -0.1779082467399109, -0.48481451070053483, -0.5051805020663012, 0.3944228437662205, -0.4293398588309707, -0.32564364616794705, 0.36515263481389404, -0.44056872168636807, -0.6190563761905736, 0.2143307602038883, 0.2729276485375809, 0.06532642006855072, 0.6016084230687143, 0.5927227432358113, -0.30362324098535964, -0.42289759744145194, -0.22685292427400827, -0.5979656627483938, -0.6089543443194412, 0.7286513356580328, 0.5404912397813343, -0.4320820928048179, -0.7820291250387301, -0.39707979210503397, -0.400402683662195, -0.570150909125589, -0.3787724541716828, -0.39555226281036293, -0.3595368407924884, 0.681049442242498, 0.10045322052856664, 0.6578920010416894, -0.636928495193918, -0.6391063731157951, -0.2688996499851699, -0.45584655569185695, -0.9868574747456149, -0.2434333666983508, -0.5239121077992372, -0.3109302456518548, 0.6075643121700822, -0.42874042807206014, -0.6583309449494439, 0.4691257344199157, -0.5930659181536801, -0.6177738021775097, 0.6603368746959877, -0.11295651226854542, -0.5134729953778159, -0.6126174092139636, -0.23584183597415964, -0.6384548716139102, -0.24549878467570552, 0.4496917792344528, -0.08020501159028948, -0.3459730060693047, -0.671756295915753, 0.34942799084148013, -0.3949732364393215, -0.7618852652243226, 0.5094719359941972, 0.12305543729930168, -0.2982886265079985, 0.834804762224294, -0.1527135363612553, -0.048866318216468585, 0.34220456959276313, 0.7811365690716272, 0.9042366857230568, -0.3734016469668848, -0.7795678765246066, 0.8541655684824627, -0.7806931132226564, -0.854426485608389, 0.9178001462544182, -0.14751482067819843, -0.6467688114761436], [-0.5696869264577851, -0.5797958979359135, 0.7274953111875048, 0.041432988027555795, 0.9140385614733729, -0.47520472541369907, 0.19491970267309922, -0.39445054715090144, 0.875817790287896, 0.7551507209094975, -0.0901490524718036, -0.5427780214516289, 1.0, -0.08093268914709495, -0.346765775420407, 0.9528826027006696, 0.16219108820572126, 0.9717224472723465, 0.12129957166418315, -0.9090854881794379, 0.9116648291445099, -0.04495281322281808, -0.9308467780285139, -0.27487113528365725, -0.13993524083681952, -0.9057510770092758, -0.9030461884506802, -0.6623722959566873, -0.8624021600606855, -0.9369026161572922, -0.2737701893111075, 0.8667886365663822, 0.758376523942224, 0.904857355078172, 0.7369039671748924, -0.23753438383354641, -0.03283706892771843, 0.4874875361687645, 0.19113391227558352, 0.8159153204421624, 0.5618723458882052, 0.8268767484512554, 0.8504740482602854, 0.8443665610081696, 0.12924644651570416, -0.04813533179395968, 0.681855621654602, -0.3676545628553405, 0.7523080257107974, 0.6341400796159034, 0.06672165277949571, 0.8534892227969666, 0.5409727805538461, 0.49774869421287504, -0.18260559647893615, 0.25332740657901054, -0.4926950721457253, 0.2524184559069417, 0.3232780391096761, -0.5295337804412323, 0.3576199481354636, 0.46208387530801576, -0.3009559767268495, 0.6858844913825126, 0.9911770553008573, 0.9721327082548684, 0.7420986145121959, 0.9474125249732369, 0.8606076768848404, -0.1469501510318869, 0.7803872028608009, 0.5796418237133492, 0.9649198276721942, -0.18080637906474561, 0.7550253977261753, 0.9361939478299048, -0.12045495573513643, 0.4309158106582235, 0.9084223364596753, -0.20683975297267843, 0.5252941057308638, 0.7924458626155501, 0.49668876522255423, -0.741091303636388, -0.7684532516911919, 0.8952869695153788, 0.742389116647124, -0.70732665622027, 0.16092483718001582, 0.8272643481306338, -0.5440199244378396, 0.7451395694925498, 0.8574558149942327], [-0.4234578245088987, -0.4488094796512412, -0.4410942448050288, -0.3351878513922799, -0.18760056507376, -0.3122369176841726, -0.7805488588877163, 0.4837456169094769, -0.217195329594023, 0.10947681111412977, -0.300002011320174, -0.46057288551314013, -0.08093268914709495, 1.0, -0.41762356503271136, -0.2963042184357034, 0.48998649457100396, -0.27367425509481813, 0.9746421196508216, 0.4015782544429647, -0.43961189120599053, 0.9630915329549199, -0.07603232687733885, 0.9517001552336184, 0.9039364668659537, 0.39509168183402, 0.3894943527178206, 0.7547693277921095, 0.33824343545950697, 0.216619866640953, 0.9002069482176099, -0.49347619086075434, -0.49590745298361205, -0.3173846961696154, -0.2981678730244297, -0.8327152051751039, -0.8195109491211845, -0.5091476427488688, 0.1343485195728219, -0.5423736921511746, -0.43287392712415906, 0.13649993906554037, -0.28697591067484574, -0.5351859632851081, -0.5277581716263264, -0.8864172664371839, -0.7235754290761298, -0.4467585665989844, -0.33639027632521823, -0.2126278644827999, -0.5918943710686411, -0.48425040748193005, 0.509182310249639, -0.6645702936786841, -0.030601360372628728, -0.6356439848140352, -0.8024976026185358, -0.3753998962469156, 0.06409472531234839, -0.7243299678441202, -0.22388689422051322, -0.18242171352841852, -0.3475721981750304, 0.027336806369814615, -0.14112896833052324, 0.11610311932065454, 0.2370708911035181, -0.10542679526734511, -0.23326604912858695, 0.35071525539614967, -0.07347461233839025, 0.5543594616869975, 0.1823301165450124, 0.44681546095508484, 0.3267906544255762, 0.24819401435359567, 0.2715839410498433, -0.13463282582058644, 0.03289021709006923, -0.6764175895797964, 0.4028297492123649, -0.013146707458592699, -0.8178208449094977, -0.5840958625546355, -0.4216858244309556, -0.007453375725703371, 0.38403405082997466, -0.21169742131431057, 0.6731620062893579, 0.09901151119128193, -0.5523202864816166, -0.6682947503549208, -0.08812032376930934], [0.28329107603086157, 0.16456617346718527, -0.3233129151487759, -0.3534914893798937, -0.2025298867440375, 0.09896631370246378, 0.23416560923036833, 0.18856594621181932, -0.08307127247035706, -0.3464961162985929, 0.27466625131442246, 0.6628494614334284, -0.346765775420407, -0.41762356503271136, 1.0, -0.10918195869345415, 0.4070183332545678, -0.3556989933351351, -0.4211052257067245, 0.37834496981661836, -0.25097977407564653, -0.2125924776662147, 0.32622709978940634, -0.5008507713597157, -0.647483226174034, -0.052088729086215535, 0.3438218132242876, -0.22786408027019567, 0.21946264777416358, 0.18590849531978582, -0.5867117270306146, -0.14657718134105235, -0.4426119430478521, -0.3695713760561288, -0.6229524502025894, 0.27085493450095965, 0.03904278654484483, -0.4894014464127925, -0.735537454131624, -0.07279165737559223, -0.6140545216369393, -0.7734551961227127, -0.5634748560059684, -0.17806591883496203, -0.2564915160411607, 0.2858725885932789, -0.023972161016287075, -0.07642430417545865, -0.5142261171428966, -0.7281932404144225, 0.057763892968069386, -0.16547310932908732, -0.7701425292540045, 0.25278245609708305, -0.13497993591537694, 0.04610540455861334, 0.6188168857340731, 0.22322701324925542, 0.10654394117207844, 0.5424154246209688, 0.07923455465518536, 0.08639464791790608, -0.10910720640335758, -0.5253527723238836, -0.4062731367497805, -0.510917137533774, -0.48609601459707186, -0.21394473737035002, -0.4692530624450326, -0.13809327156037665, -0.35106704607584605, -0.5879062028343829, -0.4524772605970342, -0.2648306904136144, -0.6300300569560111, -0.5095562812872547, -0.06498892624468411, -0.503752456480238, -0.34292437175494794, 0.2856619821458488, -0.5432466011103907, -0.05840749389869515, 0.14941840021760622, 0.45300105064964846, 0.7716030598112563, -0.5416140645382104, -0.2111902238306802, 0.2387125210535419, -0.19694603782096687, -0.3609214144876769, 0.3792658887902691, -0.20450856815900775, -0.07907468134546924], [-0.557892837796488, -0.572451971506583, 0.6623995174855288, -0.08283417501396162, 0.9633781864258256, -0.5270049349618549, 0.25785090440621383, -0.5374825505857357, 0.8334284427714124, 0.5878349165364893, -0.1363873623742713, -0.44865765999531804, 0.9528826027006696, -0.2963042184357034, -0.10918195869345415, 1.0, 0.1891514607381517, 0.9540683448555141, -0.09952035680975224, -0.8983453219246458, 0.9521011672050104, -0.23343207100822294, -0.8179562695345632, -0.4865932315416055, -0.3510110033485101, -0.9661397195841324, -0.8698521455905586, -0.8396131858646574, -0.9359411246072, -0.9823674958724269, -0.5307686186509839, 0.950574206463303, 0.7261119797544973, 0.927868477639173, 0.7073745799694879, -0.13155772811578026, 0.03223572832386323, 0.5239691221344327, 0.13369717542447634, 0.9295572077836828, 0.5321259388913447, 0.6406265288679317, 0.7663851753420478, 0.9246253311419208, 0.2524150155396183, 0.06579824641937915, 0.7415310529172539, -0.41092135624337045, 0.7659280347551574, 0.575142413887165, 0.2734741152323621, 0.9395506242555409, 0.4039760337198721, 0.7222628974236178, -0.06508279569509345, 0.4575346942701255, -0.243276168356243, 0.4751735193914792, 0.4649852237225989, -0.28054135277023295, 0.5368100166412048, 0.6290851570061292, -0.3827826828918135, 0.49397342959168733, 0.9352015448768999, 0.8565969912307934, 0.5380763284598226, 0.9705257481080071, 0.7563158003421996, -0.35730879609417254, 0.640235035203576, 0.32103402663796277, 0.8655718582810878, -0.4188429174325796, 0.5296228235463842, 0.831732134504127, -0.31075118361224385, 0.249935658392475, 0.786658311831545, -0.1609701425054908, 0.27104723288340693, 0.7089344996888631, 0.5844701333144686, -0.6018411381416353, -0.6067085695074581, 0.7486111539847224, 0.712673667616397, -0.7306100982593469, 0.13130304127148507, 0.8302949601984106, -0.48575470569159274, 0.7977200081322542, 0.9245410831220554], [-0.5510766753374412, -0.688475317194843, -0.39133004553651296, -0.7612050427286925, 0.2098402724431312, -0.589986837915669, -0.4850735578432195, 0.3168159843466404, 0.16474842980324278, 0.10974961125377958, -0.19809486046145053, -0.1779082467399109, 0.16219108820572126, 0.48998649457100396, 0.4070183332545678, 0.1891514607381517, 1.0, -0.04460211414076287, 0.57263726781016, 0.23397259905656953, -0.11751272992552386, 0.6683934744888906, -0.24655613210405836, 0.2570704093809304, 0.16190426441436212, -0.2008567700581585, 0.21742441749184094, 0.07535822546627657, -0.023702084987287098, -0.2014955732463617, 0.0849582166929923, -0.07318099202310302, -0.500900011475562, -0.1035494751574999, -0.44447213359812476, -0.7233750523106948, -0.8226234945900481, -0.646155506813936, -0.4115513144332965, -0.06575624263107116, -0.6879370700451948, -0.1939958429132711, -0.3693138619314196, -0.16193287455307392, -0.5971554026961767, -0.650760470473347, -0.3555903049305913, -0.8127991223992901, -0.3441494415944548, -0.5277962644763141, -0.35953449902115353, -0.08442448722273355, 0.09844232406794995, -0.005758064921597139, -0.13833809878632453, -0.3102412251888842, -0.4083426094282534, 0.1412633995220568, 0.4883572369137974, -0.4084372693099576, 0.20626583901711126, 0.30716164274219515, -0.7298911323967423, -0.19478482606791014, 0.03246921464885977, 0.15779482694519897, 0.08945235273524821, 0.28438461921403846, -0.24544309484308502, -0.023095110340815017, -0.05347976986836134, 0.20376015719260887, 0.29102318874945343, -0.07057558058432845, 0.054240892493840454, 0.2937366050691561, -0.013617900905456892, -0.4935652052227004, 0.16334896752516848, -0.5803424817707894, 0.047079813983458396, 0.32010492659251644, -0.39526149451823844, -0.5611408218171079, -0.11043801688388699, -0.07922314701099031, 0.6518909778362009, -0.47107584722170404, 0.639921729435344, 0.29572446766844607, -0.551653547144002, -0.41562782047274904, 0.4064753510256568], [-0.46118824997645547, -0.44221907576707165, 0.8055215830679675, 0.16009258542603733, 0.9118147353675704, -0.3804092816391109, 0.32808249360352626, -0.5334683801537428, 0.8432036499942541, 0.6829482316288785, -0.07138529878218036, -0.48481451070053483, 0.9717224472723465, -0.27367425509481813, -0.3556989933351351, 0.9540683448555141, -0.04460211414076287, 1.0, -0.08703473018112429, -0.9801742813529528, 0.9773051403162343, -0.2667575663707866, -0.855225953499962, -0.4189913242737613, -0.2584485077835448, -0.9070322991200412, -0.9607233338664294, -0.764555067266921, -0.9096309541379626, -0.935217175916291, -0.3982956483123876, 0.9385811790890349, 0.8758106883683102, 0.9614162925246573, 0.8447428067029015, -0.04498807350646539, 0.1715192587322133, 0.659326959693455, 0.2691952303220422, 0.8964899052973623, 0.7184232357797337, 0.8191453072889795, 0.9213057146358749, 0.9338098873949634, 0.31566385844149814, 0.1360526841784111, 0.7994310587874783, -0.21657359255350728, 0.8553745393010792, 0.7467147219136783, 0.23125774032066848, 0.9285750096617658, 0.48365801617084014, 0.6004031446677758, -0.10652729812264994, 0.41045273049497, -0.3187729741038634, 0.3172152221229918, 0.28205919375833854, -0.3557495151486574, 0.39424269272090506, 0.474035109857611, -0.18197184495987329, 0.6700345401481785, 0.9878556929065094, 0.9176736543511009, 0.6603604452046702, 0.9190257200503058, 0.8953618967464567, -0.23083201908711626, 0.7554902619033238, 0.44794732201664944, 0.8874283904513015, -0.26519679748771674, 0.6739711486572423, 0.8559821394987968, -0.19830117654189694, 0.4784561823940843, 0.846869743158451, -0.06970758073347572, 0.427695024482325, 0.7069182358588897, 0.6284038847981247, -0.5833858338440772, -0.703439833445898, 0.877992816798592, 0.6076811585073387, -0.6333343468537163, 0.015562700883277047, 0.7870212099951914, -0.4166398303911456, 0.8762489646050303, 0.8172410881957576], [-0.5045798742187879, -0.5498978238425538, -0.28216369594801827, -0.3225743732596269, -0.01992283915474724, -0.3778525669279835, -0.6996520120507181, 0.46978083172006, 0.0019594254854272686, 0.2997687104283572, -0.2466118224177345, -0.5051805020663012, 0.12129957166418315, 0.9746421196508216, -0.4211052257067245, -0.09952035680975224, 0.57263726781016, -0.08703473018112429, 1.0, 0.23315676869422675, -0.2699020253063724, 0.9706090690093195, -0.28919997829710353, 0.8656923358854154, 0.826261200139971, 0.18511999474093344, 0.2073200425724746, 0.6133077454718219, 0.1919955507004023, 0.03818833283071188, 0.8207884600496205, -0.33389556673308096, -0.3624859774871021, -0.16534536319857707, -0.20718232309227602, -0.8658564829117585, -0.8259573850400228, -0.4775368047603754, 0.07596604966821097, -0.39388671563010647, -0.378309181772005, 0.27875847097459916, -0.13561311073860294, -0.38363005968836883, -0.578849076741784, -0.8737438519303313, -0.570525259727882, -0.5164479387526963, -0.24076318160786436, -0.1537402457917283, -0.6386990418603182, -0.332289816254669, 0.5522309903436687, -0.5810087026493789, -0.14684009441102708, -0.6375898525516339, -0.8999755352383063, -0.362677136198861, 0.09657447138786412, -0.8455679915955985, -0.195985794953361, -0.12428193182731362, -0.39305847614660183, 0.18357556740794323, 0.05437075664811397, 0.30776631669179255, 0.41278151368435534, 0.07728014789174609, -0.05627213878875659, 0.37297632157315386, 0.11545351067343412, 0.6886839152263907, 0.3733959075098652, 0.44870541079436055, 0.4878387866966465, 0.4230778996719109, 0.3061526179521792, -0.03577226799963995, 0.24288675996547127, -0.6781908875281313, 0.5341054713339095, 0.20233455265923206, -0.6889731288075005, -0.7276752040711505, -0.5318504165990419, 0.17748982967234717, 0.5274265784752334, -0.3240237646317734, 0.672150869602164, 0.23103894206341258, -0.6274306322720593, -0.5293012987671468, 0.07663212655558738], [0.31410322431779947, 0.2746418561391022, -0.8700697346323489, -0.30946292875387127, -0.8429430220970615, 0.23547723098120155, -0.45187967264427553, 0.5751008314696057, -0.8030357414575671, -0.6424388023755108, -0.0013365253737784855, 0.3944228437662205, -0.9090854881794379, 0.4015782544429647, 0.37834496981661836, -0.8983453219246458, 0.23397259905656953, -0.9801742813529528, 0.23315676869422675, 1.0, -0.9780068971285645, 0.4185692129964198, 0.7812866391588789, 0.5026822398106132, 0.3339561466315376, 0.8618915080322936, 0.9818858217144621, 0.7864874465700709, 0.878694394929012, 0.8700372852070937, 0.4472468492363597, -0.9348872433426472, -0.9513480753471226, -0.9499478388511664, -0.8913582650714846, -0.1313843169729918, -0.3530464728721272, -0.7570379342490265, -0.3006495722887732, -0.8950896513943367, -0.8201624798916787, -0.8101074955663883, -0.9612372092167192, -0.9474318378715987, -0.415488863206237, -0.29692312073503535, -0.8717730062438287, 0.03820930964432123, -0.8855143279863595, -0.8050930281560813, -0.29870081742567045, -0.9255047724077015, -0.4051926982824092, -0.6048243823836408, 0.09797888469727445, -0.46614037820475396, 0.19436360120127294, -0.28622423530768515, -0.17024118287051682, 0.23810471278451195, -0.33974087363581806, -0.3987390416958332, 0.021649182547571533, -0.6837233726615399, -0.9496586645799652, -0.8473466830409526, -0.6151401907947331, -0.8347872938518954, -0.9177893690055008, 0.21968826925282148, -0.7486717465984687, -0.37282174749467867, -0.791137710502718, 0.2523415749436626, -0.6256580912871481, -0.754433644323246, 0.18449900495024496, -0.5597527905827531, -0.7907924404267632, -0.0812920254009104, -0.3911434691431519, -0.6378037641227743, -0.7225365547044764, 0.43011139627683326, 0.6244107361874891, -0.8605558351299849, -0.4461336684646995, 0.505083687680782, 0.14227267046080683, -0.6888572895633223, 0.26491636322161694, -0.9465543953715674, -0.7138828389390328], [-0.42047337906828286, -0.38756937969351846, 0.7708473863130445, 0.1280202107353723, 0.9195240608598748, -0.3783554386590642, 0.37977551189437864, -0.6666457790389895, 0.7708042333612368, 0.5378899120810534, -0.11624667541598699, -0.4293398588309707, 0.9116648291445099, -0.43961189120599053, -0.25097977407564653, 0.9521011672050104, -0.11751272992552386, 0.9773051403162343, -0.2699020253063724, -0.9780068971285645, 1.0, -0.43859668701095567, -0.7381020872444959, -0.5544893907373787, -0.38184819489357835, -0.9042325637799049, -0.9368517711656539, -0.8680202683684914, -0.9508498758678248, -0.9379893461804629, -0.5542139057751605, 0.9875440097597658, 0.8822406631402487, 0.9789011325442696, 0.8655186036023613, 0.06954809489541092, 0.26856412691998854, 0.7444624948890844, 0.296452745603872, 0.9654896694734291, 0.7589611651419594, 0.7068309934244522, 0.8841660367445069, 0.9882749813906638, 0.46445234491563925, 0.24416592871485376, 0.8422092576804712, -0.18548085327091224, 0.8963531375308156, 0.7607180087172974, 0.41221711972019515, 0.9820625897386247, 0.4063755984021531, 0.7431006522094403, 0.01495435588602323, 0.5799893339751523, -0.1226016960891716, 0.46254271544192616, 0.3485415828737488, -0.15233136248937607, 0.5077530627370851, 0.5672110313502738, -0.1869581846931221, 0.5390368746074954, 0.9329373955019532, 0.8164327232001735, 0.4982468488085715, 0.9008034903258001, 0.8269410366006403, -0.3837235288814851, 0.6409845947052191, 0.24973605056434045, 0.7875482223496134, -0.4264689951062641, 0.5074006284211071, 0.7575081027240247, -0.34230707295612217, 0.38158891268142636, 0.7294077315026307