"[[1.0, 0.9698843335183456, 0.8975606279879927, 0.955034825987195, 0.7993483446880827, 0.9949031022675121, 0.9452749298128724, 0.9700968627509571, 0.9021211695524078, 0.896824519840284, 0.984358400287125, 0.9796524571987353, 0.814224184982347, 0.8853134091886937, 0.4139814570369875, 0.815125652852045, 0.2109834108474552, 0.8154443603734105, 0.9266479637778541, 0.735663154711644, 0.7965132113311424, 0.7649803664336287, 0.8439646462224596, 0.7556379187889187, 0.584336875846154, 0.8858792791519529, 0.722619676712238, 0.7580470267125039, 0.9504811217329788, 0.9311292654469724, 0.8917533790748517, 0.7769182684573335, 0.8809848726207834, 0.8092952922557861, 0.8752349039825248, 0.9585852127964027, 0.9443798318182374, 0.9057789334516411, 0.8829474415237182, 0.7582933984743687, 0.8767873489664384, 0.8838860949966043, 0.8761113166633381, 0.8028901002260509, 0.8917461841451106, 0.9415424232296815, 0.8576050362884876, 0.9887470102549839, 0.803444418954461, 0.8821496665450711, 0.8712639818364631, 0.8055177717725452, 0.88557664557981, 0.7163327334268106, 0.5708675762516815, 0.703152437275284, 0.889601995672392, 0.5838682450112327, 0.7044295328661914, 0.9201758923782326, 0.6648961456900965, 0.6796300003274982, 0.9849866631914478, 0.9140909450487762, 0.8160070841327173, 0.8285849257699125, 0.8998265489704177, 0.7829645716962986, 0.8902723568123315, 0.9718493806807177, 0.8888241678825874, 0.8891681837238845, 0.8086889455208524, 0.9498015660781479, 0.8716932133765956, 0.7541744992872371, 0.9748834591008465, 0.9180886012419717, 0.8854348351699509, 0.967181847207933, 0.9096548782747182, 0.8909533141349858, 0.9179334494844141, 0.9733466755400896, 0.94993328587095, 0.8806647642372082, 0.7081289475711907, 0.989446320943932, 0.7059411164783608, 0.762808649339607, 0.9712516771028814, 0.9071074626949847, 0.7180675583636832], [0.9698843335183456, 1.0, 0.8348178119689571, 0.9081800977065085, 0.6967526001092179, 0.9793123134488424, 0.8914033013682516, 0.8855075541771557, 0.8285031252182524, 0.8124706600117199, 0.9656068159872473, 0.9663146383579759, 0.7206592813735172, 0.7481191050576674, 0.4646230657710304, 0.729098176761347, 0.015134912657195465, 0.7318203745337982, 0.8228902296752757, 0.6275196627535479, 0.7232996179489283, 0.5895259130550048, 0.8403833706189143, 0.5803360088749814, 0.3729125422832521, 0.8176396342806314, 0.6246543385792213, 0.6423311135092584, 0.8898844955137819, 0.8972038543112866, 0.7560573327795026, 0.7008129331822275, 0.8111355804050132, 0.7206764456322566, 0.7846839479356572, 0.9481800776204135, 0.9256478653958394, 0.8239299019431267, 0.769979421414666, 0.686477758043232, 0.8075177357356612, 0.7872705778824273, 0.795955625486604, 0.7315086157871495, 0.8209364357124525, 0.9040894010350555, 0.8155094655754966, 0.9616713625236204, 0.7197480469862371, 0.7946547059139923, 0.7926895622375151, 0.7229232109075431, 0.7702993633335585, 0.6447188162569775, 0.38085518816696684, 0.6420890893029775, 0.8830920700869842, 0.48104380485634746, 0.576149611365506, 0.8708140317375386, 0.5492106116830605, 0.5505347760598054, 0.9701600037524747, 0.8352896879780523, 0.7250317350882789, 0.7311753662350741, 0.8061565818077662, 0.6743042426862503, 0.8129328361330188, 0.8969344156603247, 0.8174386467011079, 0.7773274868573522, 0.6979701429144959, 0.8876605191702587, 0.7743371110434119, 0.6304289313362385, 0.908251164394688, 0.8586816888211872, 0.7981439742979209, 0.9567318982557725, 0.8120077389435347, 0.8061879187731702, 0.8688001237297461, 0.9515707067294403, 0.9151793519567734, 0.8058345035426371, 0.5658593813123687, 0.9669451317382447, 0.5430907525764511, 0.6568779594921271, 0.9655165109915795, 0.8414749000423573, 0.6164034179865485], [0.8975606279879927, 0.8348178119689571, 1.0, 0.9829542450811601, 0.9678688656800588, 0.8974376973139475, 0.9875175479558761, 0.8690150349824954, 0.9969258090991469, 0.9950013173983148, 0.946069298337479, 0.8623357900332622, 0.9820622664993609, 0.9008974290823649, 0.27964516428530617, 0.9787835336194909, 0.2999983249547431, 0.9850109766854913, 0.9643246728285266, 0.49303446310577925, 0.9748183160889776, 0.7435525215266874, 0.5530235280844334, 0.7182573280114415, 0.6122411400916421, 0.642516914039543, 0.46645265970420624, 0.5258367230807062, 0.7611994513256369, 0.689955374214299, 0.8815124847122905, 0.9671714630128204, 0.9988491921402602, 0.9802616051611241, 0.991897403946001, 0.9497551736482195, 0.9725926835071947, 0.9886498988875145, 0.9720515813821693, 0.9541545714744135, 0.9987409698580675, 0.9888264038428382, 0.9968946624082795, 0.9780220672290708, 0.9904978844631014, 0.9712619374533092, 0.9892701438691234, 0.9478646767323959, 0.9810264681997756, 0.9939989959450509, 0.9545397895224356, 0.9730074492989164, 0.9681559040636544, 0.8911427221975423, 0.6980835974765823, 0.8823953760660105, 0.8507864561438659, 0.764724900887101, 0.852605163520239, 0.9063508597870994, 0.8353858513902652, 0.8614772673342687, 0.9395473287976409, 0.9949516215723392, 0.9841776889087614, 0.9845248964965072, 0.9889662964528805, 0.9597175438928371, 0.9980355007864998, 0.943910997811755, 0.998615968776248, 0.9706444934352001, 0.972719765134329, 0.8711768221173397, 0.9831615282199065, 0.9487481906940415, 0.9615348643991817, 0.9874506788095173, 0.9939240592283765, 0.9493244184810529, 0.9827164826194402, 0.9928644623314407, 0.9903200790505976, 0.9101566939875332, 0.8907602545089331, 0.9983917745420743, 0.8993534318627163, 0.9109496386205794, 0.8169182854881366, 0.9428715174301644, 0.90837267068749, 0.9935302870401411, 0.9164267745329432], [0.955034825987195, 0.9081800977065085, 0.9829542450811601, 1.0, 0.9328972895831683, 0.9486058005496849, 0.9992571110658924, 0.920951079514008, 0.9858761847496867, 0.9758259242853314, 0.9797516331233923, 0.940575302923207, 0.9417743775650957, 0.9082535527881302, 0.4075725384746379, 0.9468308820819127, 0.3031415081059281, 0.9452253257486377, 0.96781877571445, 0.6018541707099493, 0.9391636206460071, 0.7440115818991513, 0.6925563770781262, 0.7224051609145559, 0.5868182528925779, 0.7453820529029622, 0.5838278675693582, 0.6004552800705552, 0.8505633255260067, 0.796410163945416, 0.8904746914401257, 0.9277201613282213, 0.9773792728235781, 0.9422699093303317, 0.9702362999801032, 0.9867653839580597, 0.9926516334125571, 0.9848981747525896, 0.9561234153147794, 0.9168792757996389, 0.9751809530063512, 0.966452458224846, 0.970732739997857, 0.9427162488944946, 0.9840382575401296, 0.995177586582149, 0.9691955160062932, 0.9846247216885538, 0.939500171783373, 0.968932514159272, 0.9637534234456445, 0.9425920683693222, 0.9535137322300563, 0.876374362356162, 0.6804989472949128, 0.867770291249224, 0.9191433595516024, 0.7541544905341032, 0.8411239455345543, 0.9570940393377759, 0.8205181330808874, 0.8348875410103532, 0.975373836915552, 0.9818575074653825, 0.9417620046803129, 0.94414486006013, 0.9723541509427122, 0.9214524025271895, 0.978263730725532, 0.9639507908175369, 0.9751924419639287, 0.9520747347904017, 0.9300752673060051, 0.8944111929934448, 0.95109774978758, 0.8881337499490205, 0.9811424637671757, 0.9714160512131846, 0.9745954965868066, 0.9869163044568464, 0.9742062804638099, 0.9790643029063855, 0.9941937424670004, 0.970516886652421, 0.9553828770358536, 0.9740775049794247, 0.855843280165842, 0.9706391303408382, 0.8081653897113145, 0.909824684333385, 0.9681823533089247, 0.9900633253484357, 0.8818136628641003], [0.7993483446880827, 0.6967526001092179, 0.9678688656800588, 0.9328972895831683, 1.0, 0.7814042062867164, 0.9459883745891227, 0.809076327799845, 0.9772804859847593, 0.9729235193608893, 0.8485148864123306, 0.7787969228749418, 0.995218016770996, 0.9052578064733077, 0.30115877975700855, 0.9972558817282275, 0.4957516461077701, 0.9924078342083584, 0.9466479736789855, 0.4768310655087935, 0.9906322148876319, 0.7550383941483683, 0.45628149792689854, 0.725278813734746, 0.6702574351371693, 0.5625635052160102, 0.4487881212870277, 0.46069351236393696, 0.6835250582801715, 0.584575111495323, 0.8669613967572046, 0.9905301934600138, 0.9786697680397937, 0.9966343660943545, 0.987481653058627, 0.8775516202529886, 0.9075578749094508, 0.9785558193711564, 0.973102615181483, 0.9848896533433695, 0.9781791468358753, 0.9777629614376235, 0.9795204163635421, 0.9896834830984267, 0.9811402456374587, 0.9291272827315079, 0.9636735339609421, 0.8595737757834978, 0.9932639519652936, 0.9766150988215619, 0.9697380061141835, 0.9957663561057141, 0.9679177818275287, 0.9509648372573425, 0.8303587079995312, 0.9394847395428375, 0.8172815698394592, 0.879921172376596, 0.9439325269900232, 0.8902458067411355, 0.9336105060351496, 0.9562765686225003, 0.8371384616229522, 0.9634862860018166, 0.991600512246302, 0.9894225354660581, 0.9713385861359968, 0.9994654593507616, 0.977659538978133, 0.8761641570565908, 0.9689773551359487, 0.9595274190201024, 0.9930868356486143, 0.763696497212112, 0.962519564957962, 0.97905433375311, 0.8972027724773053, 0.9263999680646482, 0.9833460145525185, 0.8700758407111615, 0.9686793083328721, 0.9841479612313757, 0.9582192104087018, 0.8440918617922305, 0.8486827331349713, 0.9770953277457347, 0.9780064908074493, 0.8303425615209925, 0.9115539914382598, 0.9949874788137709, 0.8293493941900377, 0.9737624251383942, 0.9828177121292314], [0.9949031022675121, 0.9793123134488424, 0.8974376973139475, 0.9486058005496849, 0.7814042062867164, 1.0, 0.9373937827443561, 0.9482444274920686, 0.8941332902878728, 0.891589934815391, 0.9900568721360734, 0.9637959219335167, 0.8055660318342602, 0.8544837758629821, 0.35796011226003877, 0.8023378991512697, 0.11909443170930323, 0.8096894193076901, 0.9082590054103683, 0.6765201464125571, 0.7878485588649372, 0.731124571629753, 0.8107863934943171, 0.7219020465762173, 0.5429989591386771, 0.8533098174248331, 0.6619584980924003, 0.7273451268757658, 0.9227681544960592, 0.9092216712253332, 0.8666032990608217, 0.7671401691744881, 0.8779995558913092, 0.7993349713842829, 0.8646626909773953, 0.9559588116355935, 0.9452533935695719, 0.8907080658813552, 0.8654574443158318, 0.7459635516935251, 0.8748734949701215, 0.8749345865712099, 0.8728479110686689, 0.7956060985582313, 0.8790223216181478, 0.9310960711686284, 0.8595208120337429, 0.9891118543494523, 0.7969132326598122, 0.8774836501593292, 0.8435318338320924, 0.7912418816839586, 0.8676857193159129, 0.6860125235735048, 0.5048582686271043, 0.6751160697517764, 0.8630735684712255, 0.5312997999927952, 0.6556069992385735, 0.8893104143144698, 0.6171365502172516, 0.635830058873765, 0.9919040150783233, 0.9100211867036143, 0.8103734893975327, 0.822041787532619, 0.8909332922376262, 0.7632574934842017, 0.8856529198146795, 0.9663877242235406, 0.8894415408359272, 0.876788389096713, 0.7965430985292866, 0.9579160749168468, 0.8697670901559869, 0.7448786977942706, 0.9694633661033681, 0.9272380102230248, 0.876250354913996, 0.9665365801603317, 0.8957728196295268, 0.8792172829043103, 0.910961225965764, 0.9578802155667154, 0.9235602722896805, 0.8785627717138286, 0.674403107041956, 0.9787514007899495, 0.6506671398455014, 0.7375298670387505, 0.9622556988432716, 0.8970833882605538, 0.6897383670871624], [0.9452749298128724, 0.8914033013682516, 0.9875175479558761, 0.9992571110658924, 0.9459883745891227, 0.9373937827443561, 1.0, 0.9165586042232582, 0.9913155609258104, 0.9820633841318144, 0.9721654186827693, 0.9296662258947557, 0.9534203792505648, 0.9154676503802442, 0.3976264935806417, 0.9579883760961682, 0.3274490181098829, 0.9560428512039433, 0.9727435980517398, 0.5952513137712464, 0.9500641633881473, 0.7528449691558642, 0.6731596047338488, 0.7303694641182349, 0.6027378145272545, 0.7330137724790465, 0.5759168725694904, 0.5928110802983335, 0.8399688360159243, 0.7806566687895888, 0.8956612843242173, 0.9397148421834927, 0.9836423068919419, 0.9538650735681101, 0.9784921903486993, 0.9810227859454961, 0.9894587904684512, 0.990729083758174, 0.9648574059377742, 0.9291890375601456, 0.9815861111341007, 0.9743024259328632, 0.977951285649711, 0.953164916395642, 0.9899070931640006, 0.9942384193027053, 0.9740589247672123, 0.977839583661837, 0.9509127345775777, 0.9762283675974699, 0.9705004581854165, 0.9538905870744588, 0.9620526741847581, 0.8890255952441162, 0.7023998265117177, 0.879840628396817, 0.9135649761636747, 0.7718282819952936, 0.857712241127811, 0.9561216061928016, 0.8376558949701102, 0.8532549688147563, 0.9670077072090911, 0.9865155450297703, 0.9530138712090923, 0.9551438927480259, 0.9789854044791696, 0.9356786244133269, 0.9845439523700972, 0.9618537731106027, 0.9807970438782477, 0.9598876202167802, 0.9430171157033689, 0.8876805547716451, 0.9589492188222487, 0.9038971119833631, 0.9792620357911735, 0.9730591439955817, 0.9819870247145411, 0.9804651163686552, 0.9804987536780803, 0.9860468122545616, 0.9964275139775693, 0.9633112591578684, 0.9502658792542357, 0.9806281799775802, 0.8747848084830181, 0.9621677181557502, 0.825558624743194, 0.9245723844139132, 0.9593970448565837, 0.9945665433739299, 0.8978054795214891], [0.9700968627509571, 0.8855075541771557, 0.8690150349824954, 0.920951079514008, 0.809076327799845, 0.9482444274920686, 0.9165586042232582, 1.0, 0.8868440221874675, 0.8918002218683287, 0.930331494970933, 0.9388288245508448, 0.8123658973611908, 0.954334311770155, 0.3632090428860375, 0.8069670102389168, 0.38881957737217276, 0.802658498129841, 0.9523946307844809, 0.8409629968563751, 0.7734648886293021, 0.8900156047338338, 0.8400201707797392, 0.8843109791919056, 0.7520571790855508, 0.9348495174453727, 0.8214784444038309, 0.8630292257937021, 0.9754175663190874, 0.9396937214715071, 0.962846478825154, 0.7562578826848184, 0.8584445660250087, 0.8024170294752468, 0.8754777181960652, 0.8937678889359019, 0.8815360007397198, 0.9018726625523003, 0.9115730547468204, 0.7340933123586052, 0.8530580079797154, 0.8915803600257564, 0.8638875396992712, 0.7778751625060872, 0.8744031742104449, 0.8992705769426376, 0.8054728781330565, 0.9440798951149986, 0.7902803585737013, 0.8787906740978207, 0.8686142042200774, 0.794142647517261, 0.9176379437757434, 0.7019971635939638, 0.702594630562937, 0.6780081631584393, 0.8356714773213744, 0.6139673720052921, 0.7562852959512093, 0.9030390270092956, 0.7027565743594104, 0.7271270610085568, 0.9281228921352962, 0.9051917441781194, 0.8108726259167305, 0.8314289219958606, 0.9062666982138338, 0.7988425666552903, 0.8767449007877924, 0.975389616160793, 0.8682227767135423, 0.9168581180278464, 0.8258981074839729, 0.9498918579684765, 0.8788385811685215, 0.782715224502661, 0.9669873906741518, 0.889475795058081, 0.8829121676660938, 0.9031528774343723, 0.9231436573913758, 0.8870617483966111, 0.8807186286855498, 0.9311568868087792, 0.9236179553532737, 0.8630926307074396, 0.7633917347335156, 0.9489200662690657, 0.8007703373488392, 0.7777356001230132, 0.9119691226573347, 0.8852427160389965, 0.7292312403952725], [0.9021211695524078, 0.8285031252182524, 0.9969258090991469, 0.9858761847496867, 0.9772804859847593, 0.8941332902878728, 0.9913155609258104, 0.8868440221874675, 1.0, 0.9961433594993043, 0.9410398781493406, 0.8749646634335256, 0.984455068359036, 0.9236947189273726, 0.3224804246913988, 0.9842032049911839, 0.36852550296507913, 0.9850600206319436, 0.9768144273400252, 0.5424975749442053, 0.9766925596846163, 0.7702761305517263, 0.5825388567984514, 0.7452731045416517, 0.6442978722286956, 0.6714280495304331, 0.5172131408713676, 0.5541178565002479, 0.7850359098090167, 0.7103063690854147, 0.9006658070322355, 0.9696807213655628, 0.9976832681836755, 0.9834774277891682, 0.9967028345114525, 0.9501258160020385, 0.9696905261359019, 0.9973530170894287, 0.9829356138366311, 0.9583916346334993, 0.9966892043097918, 0.9927797575925211, 0.9960395186120597, 0.9789067878124538, 0.9969586003321999, 0.9769909429407642, 0.9837778449063002, 0.9469580818010431, 0.9814914705781684, 0.994487650202638, 0.9726085234602604, 0.9794047502727657, 0.9795162468797367, 0.9092369584162328, 0.7457948354200159, 0.8985612940382353, 0.8695834969827394, 0.7998808063369254, 0.8858961262925394, 0.9283944773360491, 0.8672634451720198, 0.890350453534642, 0.9337174543330123, 0.9955061255526161, 0.9842834238009757, 0.9856579016487357, 0.9931589380814463, 0.9703724279905653, 0.9984069290187094, 0.9478010920972038, 0.9949803520364358, 0.9778960037487322, 0.9780578864500667, 0.8660353239364644, 0.9818103131648611, 0.9515975575979617, 0.9649246512236269, 0.9781857352864249, 0.9978187467652779, 0.9484205170195115, 0.9910057383053975, 0.9987441088314946, 0.9927386618492379, 0.9214066151391785, 0.9102297576801179, 0.9966551965418896, 0.9207173722227123, 0.9190018660986597, 0.8563670488599973, 0.9575660613419938, 0.9145857565096341, 0.9981649839219594, 0.9329809572926386], [0.896824519840284, 0.8124706600117199, 0.9950013173983148, 0.9758259242853314, 0.9729235193608893, 0.891589934815391, 0.9820633841318144, 0.8918002218683287, 0.9961433594993043, 1.0, 0.9351517665416326, 0.8528438455539602, 0.9846547183140737, 0.9359162522961366, 0.2452628195492078, 0.9770531757483809, 0.35798909422883685, 0.9831486463180276, 0.9820961480324001, 0.5412974789155359, 0.9664956270917733, 0.8044968253507829, 0.5586764324454166, 0.7813133730700438, 0.688125748550021, 0.6737127556569074, 0.5112303325253905, 0.5832258572789273, 0.7816259105750027, 0.7052926077176318, 0.9201395457083493, 0.9591010400210076, 0.9952624934966637, 0.9798188903308317, 0.9969964815351834, 0.9297388779168935, 0.9535576786096674, 0.9915030986295849, 0.9896529002398071, 0.9431285778599416, 0.994759776482791, 0.998526736540482, 0.9981508747003732, 0.9693457770324986, 0.9869231220859269, 0.9585798554724881, 0.972076881575528, 0.9399352988738857, 0.9783653903418731, 0.9994622751756523, 0.9534305236290097, 0.9689891159133611, 0.9875158883682135, 0.8791005320565711, 0.7455427773408967, 0.8654990083362928, 0.828208289192182, 0.7654063197687941, 0.8676012170960241, 0.9002090381650261, 0.8427658263043276, 0.8747854748023933, 0.9278222017158997, 0.9990901819508078, 0.9861588022774577, 0.9906068907646469, 0.9986787970202695, 0.9667987324640851, 0.9987253029915133, 0.9572325615587026, 0.9974623712184884, 0.9897241270925677, 0.9835747416475713, 0.8882242892783632, 0.9945536033513954, 0.9646138414379949, 0.9689164545294207, 0.9865458307251959, 0.9984561926079827, 0.9306820867577874, 0.9948073696251106, 0.9961325756075675, 0.9798610560390733, 0.898660212519257, 0.8831104499922803, 0.9975340170044236, 0.9198897186676014, 0.9024229535552786, 0.8519051766490421, 0.9473253339352957, 0.8905447849822999, 0.9891252496148832, 0.9169899557361983], [0.984358400287125, 0.9656068159872473, 0.946069298337479, 0.9797516331233923, 0.8485148864123306, 0.9900568721360734, 0.9721654186827693, 0.930331494970933, 0.9410398781493406, 0.9351517665416326, 1.0, 0.9573098187982665, 0.8707918542440231, 0.8657802871666564, 0.3650624723408433, 0.870265737720534, 0.1492458045734938, 0.8769151850701604, 0.9320399476930075, 0.6118592787998314, 0.8620035555805102, 0.7159021950431236, 0.7484842370782926, 0.7005858490364015, 0.533427861415249, 0.7911334173982876, 0.5955926813970336, 0.6507981194581085, 0.881970018738972, 0.8535910304000344, 0.8663355913265499, 0.8447304946550859, 0.931116489278174, 0.8675741048120369, 0.9151510563869981, 0.9822436958465965, 0.9803924788675211, 0.9346546829426947, 0.9033980358855465, 0.8274627029868308, 0.9289598878545884, 0.9189464345328123, 0.9241099363528146, 0.8686415862302931, 0.9301832897807351, 0.9671085028315426, 0.9222071675276988, 0.9985961156402243, 0.867019597897517, 0.9243512973534815, 0.8937717911873542, 0.8619544631485873, 0.9029029403385871, 0.7676072077337346, 0.5491702303405497, 0.7597040956852331, 0.889344343570652, 0.6131802616189983, 0.7205467125167544, 0.9157638813658999, 0.691872191524028, 0.7094053174207936, 0.9997703319187027, 0.9488504739628817, 0.874988110402279, 0.8812878434747728, 0.9305410913126745, 0.8319979353043188, 0.9341321047839329, 0.9695022705892479, 0.937653936442371, 0.9099247828513, 0.8571452361515881, 0.9387511176882197, 0.9120165398135996, 0.8096821058044784, 0.9802604699104971, 0.9608522230402793, 0.9243307941866218, 0.9888273678696936, 0.931264924978112, 0.9270838478218043, 0.9566301503124108, 0.9682150994665175, 0.9364145040704348, 0.9297788105764075, 0.7435485804689356, 0.9814731321038312, 0.6957241964589991, 0.8103737785275686, 0.9738938193743812, 0.9443801727675031, 0.7704798344906598], [0.9796524571987353, 0.9663146383579759, 0.8623357900332622, 0.940575302923207, 0.7787969228749418, 0.9637959219335167, 0.9296662258947557, 0.9388288245508448, 0.8749646634335256, 0.8528438455539602, 0.9573098187982665, 1.0, 0.7792578642689767, 0.8418990214328488, 0.5877686383588061, 0.7971629761004009, 0.2668042606677671, 0.7831016579917559, 0.8881884214467285, 0.7513238599024826, 0.7825886687384723, 0.6853301801346453, 0.8898992368178738, 0.67337616045786, 0.493878085798783, 0.8752649386317367, 0.7497725292440723, 0.697079733112053, 0.9438216166072859, 0.9278700798051225, 0.8318498736269341, 0.7645262758182655, 0.848136089720924, 0.7827732073424981, 0.841092836502512, 0.9644780113775225, 0.9387827099155611, 0.8866481202478016, 0.8404400454568544, 0.7570478788694353, 0.8423776217347945, 0.8381948563788214, 0.8343689069810111, 0.7868885209891268, 0.8796105011113776, 0.9463307986077137, 0.8411169638288847, 0.9666483453753912, 0.7740215632421434, 0.8355653780963679, 0.8866234546352848, 0.7950528037605233, 0.8409046656188591, 0.7566767552408585, 0.577294032522469, 0.7484964143334832, 0.9538125334805054, 0.649063380551004, 0.7321680115780529, 0.9578241879650825, 0.705008480907572, 0.6987195530199263, 0.9576377256813036, 0.8702036430521792, 0.7760531482449188, 0.7830179688249256, 0.8546829465193911, 0.7619886635234312, 0.8528783668225225, 0.9197813751455916, 0.8443800919176474, 0.8339201879130829, 0.7652307301345237, 0.8684198706892174, 0.8085523536092343, 0.6948973534077887, 0.9329078585630229, 0.8582571074866867, 0.8498832341313802, 0.9668422767339783, 0.8708721837959416, 0.8633121219659609, 0.9087793975023811, 0.9924805923368937, 0.9841135562204705, 0.8407679682897774, 0.6910002469780554, 0.9938715124176463, 0.710905036880679, 0.758663391530469, 0.989743926795964, 0.8915802477770074, 0.7278747693506741], [0.814224184982347, 0.7206592813735172, 0.9820622664993609, 0.9417743775650957, 0.995218016770996, 0.8055660318342602, 0.9534203792505648, 0.8123658973611908, 0.984455068359036, 0.9846547183140737, 0.8707918542440231, 0.7792578642689767, 1.0, 0.8993265393480298, 0.24022713276872887, 0.9963625788044008, 0.416964761920223, 0.9989805881781029, 0.9494362268471123, 0.44501421333391566, 0.9916453954654926, 0.7518294629391151, 0.44238823428109697, 0.7228720119114922, 0.6593317249734667, 0.5571545816556668, 0.4142223969323575, 0.46256056250209854, 0.6806169842878914, 0.5867325065702249, 0.8687118896255378, 0.9898798521615019, 0.9896734342441845, 0.9989637302139823, 0.9928231768511605, 0.8872255407468899, 0.920520636841408, 0.9794213643826554, 0.9752678861041145, 0.980167047459417, 0.9900827829662742, 0.9865596662290849, 0.9915458081854018, 0.99224426739298, 0.9821183564047714, 0.9317224182817613, 0.9752351668049555, 0.8771192348943749, 0.9984203550019909, 0.9886303909842173, 0.9550984102320649, 0.9923450463490406, 0.9703187701151851, 0.9260282917824805, 0.7826876254785734, 0.9152381049796741, 0.7995087404912262, 0.8322020137499477, 0.907311078492266, 0.8729815268485362, 0.8947834445414814, 0.9236259864460125, 0.8605962548787083, 0.9767823780906368, 0.9994885155532994, 0.9979705008217742, 0.9807233757295692, 0.9929652633568938, 0.9885027255996344, 0.8933125003267531, 0.9848557294021669, 0.9678682978289793, 0.9965375078079585, 0.7968659132518751, 0.9790736004533238, 0.9856189206085894, 0.9124705500353374, 0.9526628471427051, 0.990320320640981, 0.8825860888083166, 0.9738095765498729, 0.9881880968806029, 0.9641911205668904, 0.8435110939838502, 0.8369978136067127, 0.9898666019330059, 0.9588044894754545, 0.8363148595423731, 0.8745211606710566, 0.9812605685984223, 0.8337963228690648, 0.9778641888197599, 0.963525709919787], [0.8853134091886937, 0.7481191050576674, 0.9008974290823649, 0.9082535527881302, 0.9052578064733077, 0.8544837758629821, 0.9154676503802442, 0.954334311770155, 0.9236947189273726, 0.9359162522961366, 0.8657802871666564, 0.8418990214328488, 0.8993265393480298, 1.0, 0.2657123953875259, 0.8888241066743215, 0.5590747023434588, 0.8836693750276768, 0.9825242864521695, 0.7692155045712382, 0.8543480072125526, 0.9489201076171598, 0.6713276216696955, 0.9363611431518158, 0.86697485311683, 0.8229170884382064, 0.7388390182211794, 0.7905923543589837, 0.8784973744720076, 0.8029622702027566, 0.9938010797830208, 0.8457230942687272, 0.9033021198751856, 0.8885941314056114, 0.9344650056992478, 0.8417488164012729, 0.850995083493031, 0.9400095144323964, 0.9727166031595886, 0.8254466109952472, 0.8993573223713471, 0.9477808519060482, 0.9164425564892162, 0.8554651442842726, 0.9134346084723051, 0.8838960745734162, 0.8403038862329174, 0.8845535238760347, 0.8759035984117219, 0.931631235327291, 0.9108151865707006, 0.8767420427331832, 0.9771263794714219, 0.7914663168886055, 0.8584564204919864, 0.7634142805115863, 0.778874438000366, 0.7386566044850614, 0.8728999292462453, 0.8821482118955379, 0.8241348715463095, 0.8594553887705368, 0.8576257677920274, 0.9368486471092891, 0.8954628451544371, 0.9137535188541033, 0.9526264447546517, 0.9037749619056662, 0.9213283055664527, 0.952355384396464, 0.9087662405923632, 0.9719766027684621, 0.9224880294081065, 0.8935077088851887, 0.9370251112431058, 0.903064603095627, 0.9455839144540369, 0.9003858643679932, 0.9352765477204755, 0.8459608461702819, 0.9654398984352758, 0.9354118528544415, 0.8918832127724216, 0.864033554649166, 0.8705104155844507, 0.9105424508539036, 0.9030021932993483, 0.8728913663790706, 0.9224480488365613, 0.8854158051267915, 0.8338114855226095, 0.9139514446675019, 0.8462351534362226], [0.4139814570369875, 0.4646230657710304, 0.27964516428530617, 0.4075725384746379, 0.30115877975700855, 0.35796011226003877, 0.3976264935806417, 0.3632090428860375, 0.3224804246913988, 0.2452628195492078, 0.3650624723408433, 0.5877686383588061, 0.24022713276872887, 0.2657123953875259, 1.0, 0.3170400232863311, 0.39744971881102986, 0.25007649616248984, 0.29730426800060705, 0.4868376798321321, 0.3214096454616826, 0.05556131935973041, 0.6572042547417312, 0.04094828770089409, -0.07862855731905061, 0.4296748988775163, 0.5320969130026312, 0.147826956136471, 0.47075486247140474, 0.4763325234465988, 0.19613998548761147, 0.31817572061159205, 0.2823983561888379, 0.2748197673699678, 0.27911539422383, 0.49753809600431065, 0.4357097137882112, 0.3645239004874433, 0.2536506321021017, 0.35832999594353676, 0.2725709682162343, 0.2334523556392275, 0.24161574815244669, 0.31492710161566495, 0.3849574807878704, 0.4864454671292965, 0.33710950836627074, 0.39228652123540697, 0.2566427480558109, 0.22535690467393432, 0.5046295357021636, 0.34532505750171216, 0.24640483124748136, 0.5306635770410795, 0.3406317579164908, 0.5438898267193024, 0.7333803698820432, 0.5870948444617548, 0.48488505889334976, 0.6346767694059943, 0.5163346749388361, 0.42938267878414327, 0.3638539645087848, 0.2547693541005317, 0.21757422117391179, 0.20113855041770146, 0.24487476948238407, 0.29179382221321704, 0.26925862808455414, 0.2576025074309187, 0.23453157276855818, 0.19902133136091038, 0.20352131729494993, 0.115598712842087, 0.14707994586981743, 0.10424030357493541, 0.3013788321452522, 0.18019974551524465, 0.2777870634183637, 0.4743108478542083, 0.28171976605196103, 0.3168148418993555, 0.40899491766657303, 0.5747714258860674, 0.6350404054644135, 0.25128547645611743, 0.2797906980168222, 0.5173484529980186, 0.39474309346825853, 0.35788465939176417, 0.5666792353876899, 0.377086236217147, 0.3966330339059143], [0.815125652852045, 0.729098176761347, 0.9787835336194909, 0.9468308820819127, 0.9972558817282275, 0.8023378991512697, 0.9579883760961682, 0.8069670102389168, 0.9842032049911839, 0.9770531757483809, 0.870265737720534, 0.7971629761004009, 0.9963625788044008, 0.8888241066743215, 0.3170400232863311, 1.0, 0.43997963453602884, 0.9967465301658271, 0.942813075492662, 0.4530299744994395, 0.9973719728657937, 0.7228798914261653, 0.4661169250786683, 0.6923876361661181, 0.6237110390385258, 0.5569363075192946, 0.4268965071420121, 0.4386058386949858, 0.6841480678785491, 0.5910702105088366, 0.850858125075266, 0.9961810711976642, 0.987326956966133, 0.9990086860835783, 0.9893195787909594, 0.9010608142624066, 0.9298868254877585, 0.982146097130794, 0.9672166661490204, 0.9911540140498183, 0.9871248747594378, 0.9779095263915734, 0.985195951458658, 0.9971560067911028, 0.9882144813823949, 0.9449897712049068, 0.9804644368846297, 0.8784708355992786, 0.9974291731924236, 0.979951059926473, 0.9720124929777894, 0.9991851671635156, 0.9611981772844127, 0.9535900235940219, 0.7902515527737066, 0.945096868296999, 0.8365414850298606, 0.8679417026598097, 0.9274611213867332, 0.8986415266508163, 0.920425646971488, 0.9404922243751735, 0.8599042830011413, 0.9692197199983332, 0.9938442057338914, 0.9897081173146302, 0.97225271919894, 0.9946384185029058, 0.9839642024503273, 0.8809033296636225, 0.9775205826093243, 0.9544018022814358, 0.9887500189182337, 0.7711314399422768, 0.963039442725599, 0.970794032941456, 0.9048518995169649, 0.9386864502812671, 0.986264158195534, 0.8937182295004107, 0.9677125382828045, 0.9874604518998693, 0.9718713428377957, 0.8617157993987585, 0.86100774316295, 0.9844209848359555, 0.9606309405207414, 0.8481948169481713, 0.8834800525999401, 0.9899085974670967, 0.8521122505340062, 0.9826001514101995, 0.9779768728002899], [0.2109834108474552, 0.015134912657195465, 0.2999983249547431, 0.3031415081059281, 0.4957516461077701, 0.11909443170930323, 0.3274490181098829, 0.38881957737217276, 0.36852550296507913, 0.35798909422883685, 0.1492458045734938, 0.2668042606677671, 0.416964761920223, 0.5590747023434588, 0.39744971881102986, 0.43997963453602884, 1.0, 0.3860054939670787, 0.45080470513968796, 0.5751039773121651, 0.40015728519169835, 0.5736187738455834, 0.2663396682660846, 0.5614892277959925, 0.658393955615549, 0.3586709375982857, 0.5669518770064816, 0.3697380858862659, 0.3574046575355314, 0.25287245183960283, 0.4995749224781514, 0.4145515247464343, 0.3347112595575321, 0.4232893828541485, 0.41199957650197694, 0.21834754969544345, 0.21721888842438775, 0.4257607969235897, 0.47323757458302396, 0.4299658150367287, 0.3272629035914828, 0.40005056113797355, 0.347364949298394, 0.38705281484758425, 0.40318075111381524, 0.3240453617090735, 0.2731693958211443, 0.19836323986634818, 0.39435051309276115, 0.36141019394716545, 0.5152312417951397, 0.44866040532554374, 0.4753534768645169, 0.5503189622611541, 0.885895896007673, 0.5222934150407198, 0.37098557215973615, 0.7312105662005834, 0.7314770580513871, 0.4661581635571974, 0.7160541946164757, 0.7072128957340182, 0.13198291051558564, 0.3371154226417665, 0.3913390254114214, 0.4000816075547937, 0.39093167469727974, 0.5167611709557929, 0.35069879881160615, 0.29347208705792593, 0.3048565236398152, 0.4289635767699672, 0.45728748216271553, 0.14133364497263323, 0.3469545541120769, 0.45386650706724274, 0.29428051098268315, 0.20924979204680483, 0.3953821918218312, 0.19939842599293545, 0.4265700099073636, 0.41032821967840527, 0.3276384644359439, 0.30157311065960135, 0.3970101079122539, 0.33236592771054174, 0.651831038419803, 0.2592898398034902, 0.7938013013858601, 0.5557100883265923, 0.2353705384425675, 0.37310717754945566, 0.577088690686963], [0.8154443603734105, 0.7318203745337982, 0.9850109766854913, 0.9452253257486377, 0.9924078342083584, 0.8096894193076901, 0.9560428512039433, 0.802658498129841, 0.9850600206319436, 0.9831486463180276, 0.8769151850701604, 0.7831016579917559, 0.9989805881781029, 0.8836693750276768, 0.25007649616248984, 0.9967465301658271, 0.3860054939670787, 1.0, 0.9417963408929525, 0.4218179793758311, 0.994990513344612, 0.7253709884830398, 0.43874860396103066, 0.6955829288578254, 0.6259348732577191, 0.5432519607758114, 0.39230704501911706, 0.43808349446378103, 0.6714672897302604, 0.5801702694786481, 0.8521199227614386, 0.9929896084138216, 0.9917712904738446, 0.9990485561933472, 0.990777114705695, 0.8962471049790736, 0.9293717387170591, 0.9779871134502592, 0.9676480052702392, 0.9842241170939598, 0.9924188576560298, 0.9828210408806414, 0.9916577408881228, 0.9958598944474442, 0.9834338173349667, 0.9370567856925079, 0.9831830031316456, 0.881599156697851, 0.9996710910489532, 0.9869480269182606, 0.9541572651787374, 0.9935097342964071, 0.9619683693111848, 0.9289641250424562, 0.7585282559034412, 0.9203006773334208, 0.8075159940026669, 0.8279725557322248, 0.8978152617357462, 0.8740001647745906, 0.8883689163297255, 0.9151555035741715, 0.8671581260465082, 0.9757656798359228, 0.9989710464572228, 0.9957553871328613, 0.9770258762832086, 0.9891588692598794, 0.9887644104094842, 0.8886968717799486, 0.9862954731540002, 0.960099179130109, 0.9918926149055365, 0.7919305154589107, 0.9752185052766064, 0.9790846474877672, 0.9102368779278395, 0.9548094649673005, 0.9886429251134917, 0.8912427754524964, 0.9687686984043242, 0.9868220600310492, 0.968833022582762, 0.8481133015707271, 0.8391001287455333, 0.9909380631475719, 0.9482863329451989, 0.8401606253712278, 0.856477097179159, 0.9780171181264399, 0.8414912486919979, 0.9797765634955203, 0.9615156115657296], [0.9266479637778541, 0.8228902296752757, 0.9643246728285266, 0.96781877571445, 0.9466479736789855, 0.9082590054103683, 0.9727435980517398, 0.9523946307844809, 0.9768144273400252, 0.9820961480324001, 0.9320399476930075, 0.8881884214467285, 0.9494362268471123, 0.9825242864521695, 0.29730426800060705, 0.942813075492662, 0.45080470513968796, 0.9417963408929525, 1.0, 0.6874302296573366, 0.920168804310723, 0.8830645264657976, 0.6644127668820724, 0.8655701343644697, 0.7711940238352515, 0.7862036210012805, 0.6593956878223247, 0.7115281209016645, 0.867951901873455, 0.796715682021671, 0.9718299529591475, 0.910726494970035, 0.9638835328311451, 0.9424664087274305, 0.978511501702138, 0.9184400777271166, 0.9306427285583974, 0.983587564925489, 0.9933388450726306, 0.8930108876500665, 0.961179663098192, 0.9853700214792186, 0.9699519474182404, 0.9224981157729962, 0.9681063197662887, 0.948963140921642, 0.9228356372014713, 0.9439443703647094, 0.9349177093177601, 0.9779147980585104, 0.9522223806872331, 0.9331520286837575, 0.9945650490931682, 0.8476932338110714, 0.8000801963201319, 0.8274319013699076, 0.8413656402970321, 0.759547941514153, 0.8783158998915304, 0.9228562785732102, 0.8409954076810248, 0.8715288074898043, 0.9250041504715981, 0.9841260554708532, 0.9480302924258199, 0.9595218124283235, 0.9895987036944488, 0.9413119426992805, 0.9745345086517357, 0.9787427838767274, 0.9672523426087483, 0.9925568237378969, 0.9584146912229216, 0.9152494279521215, 0.9755344087875324, 0.933145110260568, 0.9820258648968966, 0.9604157165075403, 0.9805826249980654, 0.9212480879129031, 0.9956231964067176, 0.9809847171171028, 0.958140003549805, 0.918059352862216, 0.9129110232122666, 0.9676015901424977, 0.9119016512516929, 0.9243769670161415, 0.8926981693248046, 0.923296234540328, 0.899962557596012, 0.9707780830967959, 0.8875878254603023], [0.735663154711644, 0.6275196627535479, 0.49303446310577925, 0.6018541707099493, 0.4768310655087935, 0.6765201464125571, 0.5952513137712464, 0.8409629968563751, 0.5424975749442053, 0.5412974789155359, 0.6118592787998314, 0.7513238599024826, 0.44501421333391566, 0.7692155045712382, 0.4868376798321321, 0.4530299744994395, 0.5751039773121651, 0.4218179793758311, 0.6874302296573366, 1.0, 0.39755700930803695, 0.7974946310639238, 0.8936770439954427, 0.8079412264506427, 0.7134225329573947, 0.9512638483762839, 0.9979329474905465, 0.9223053911233372, 0.9075406252654417, 0.8966551337899622, 0.7795886973049855, 0.3812926215477196, 0.48594609613279915, 0.4366241064337506, 0.5348038511732539, 0.582143517756958, 0.5357175384234346, 0.589945128137443, 0.6186174830752513, 0.36727650053066285, 0.47519317577739706, 0.5546205570838542, 0.49445911138150456, 0.39774043757262656, 0.5437552609570107, 0.5926615532347856, 0.4066674998027844, 0.6447292350873466, 0.4092229293399029, 0.5211083088618612, 0.6053585294172064, 0.44378586846009926, 0.6311114556292245, 0.4212805166130039, 0.6535256123327179, 0.38818322296180685, 0.6436267832000354, 0.44978243662923734, 0.5740702430365932, 0.705079558458477, 0.5086282169385485, 0.5104192866429974, 0.6106063072235579, 0.5581085703149331, 0.43277875364992846, 0.4638408685619979, 0.5760020047404208, 0.4724182097988233, 0.5165904761744659, 0.7024678916261402, 0.4893873311326249, 0.6124418294109759, 0.47911448795485656, 0.6823962544592046, 0.5197004545262432, 0.4243688394207169, 0.6782867024695635, 0.5052312996834263, 0.5404404664701811, 0.5901730362037915, 0.6191038700323616, 0.5551318679921948, 0.5395017279690485, 0.7018387020353043, 0.7355784727530648, 0.4896108094665643, 0.5025631466727464, 0.7127199158493872, 0.6786012614345288, 0.4714456916099774, 0.6589849062517364, 0.5499917077509741, 0.4309744772325137], [0.7965132113311424, 0.7232996179489283, 0.9748183160889776, 0.9391636206460071, 0.9906322148876319, 0.7878485588649372, 0.9500641633881473, 0.7734648886293021, 0.9766925596846163, 0.9664956270917733, 0.8620035555805102, 0.7825886687384723, 0.9916453954654926, 0.8543480072125526, 0.3214096454616826, 0.9973719728657937, 0.40015728519169835, 0.994990513344612, 0.920168804310723, 0.39755700930803695, 1.0, 0.6723250557957579, 0.4342599664843756, 0.6398898953493296, 0.5685551556443712, 0.5115638653896201, 0.37290942738428856, 0.3798724860842817, 0.6474657175078287, 0.5555090532076387, 0.8132197058481222, 0.9994461803763022, 0.9833105938402995, 0.996252836067464, 0.9795481092086705, 0.8995271008092761, 0.930071573661255, 0.9712905785181406, 0.9479252762051038, 0.9965542900200098, 0.9836853663503226, 0.9647714375879171, 0.9784545979823749, 0.9998486090829731, 0.982390369134753, 0.9406579416484931, 0.9860080692204588, 0.8678395350184839, 0.9966663193365011, 0.9700423688029618, 0.9631345461221618, 0.9981537956965387, 0.9404536546034954, 0.9578323507112988, 0.755671362056033, 0.9528283970743262, 0.8342767577314147, 0.8650357955959445, 0.9129142812698865, 0.8870119900933257, 0.9122047646790602, 0.9293534382991577, 0.8518458215788545, 0.9581556115174047, 0.9897025243241595, 0.9822432181289581, 0.9580983739973391, 0.9873055903118045, 0.9766193956895753, 0.8579342102289551, 0.9717798979288408, 0.9341126843748313, 0.9786889942803625, 0.7446194067313953, 0.9498742691926859, 0.9601942433305068, 0.8861606934261365, 0.9309644083930996, 0.9763822685395709, 0.8909250777503783, 0.9508268249561933, 0.9777527866111557, 0.9689188468140101, 0.8511942489400887, 0.8479142502625968, 0.9788200826352045, 0.9459382660840243, 0.8352315432266438, 0.854530773796851, 0.9842037814010685, 0.8459089693521873, 0.9766377851896775, 0.9759289772623003], [0.7649803664336287, 0.5895259130550048, 0.7435525215266874, 0.7440115818991513, 0.7550383941483683, 0.731124571629753, 0.7528449691558642, 0.8900156047338338, 0.7702761305517263, 0.8044968253507829, 0.7159021950431236, 0.6853301801346453, 0.7518294629391151, 0.9489201076171598, 0.05556131935973041, 0.7228798914261653, 0.5736187738455834, 0.7253709884830398, 0.8830645264657976, 0.7974946310639238, 0.6723250557957579, 1.0, 0.5948736079919829, 0.9989517349974834, 0.9690079910159539, 0.8125986967770181, 0.7586612811840492, 0.8805173899153919, 0.8203279126704186, 0.7500302226088482, 0.9663946595632833, 0.6630741324073542, 0.7455376526136934, 0.729718277345659, 0.795180073540385, 0.649045988993913, 0.6600503318470374, 0.7907544179469478, 0.8687498925987414, 0.6313000705080878, 0.741453753744056, 0.8266085478966817, 0.7737020375346805, 0.6739880957915797, 0.7453835920344211, 0.6980887671830238, 0.646052435397969, 0.7370229525021482, 0.7139219026880237, 0.8014773551489767, 0.7366254472847366, 0.7020149978772472, 0.8792499500661224, 0.5802080164160747, 0.8180042390989855, 0.5406010872660334, 0.5617831909128861, 0.5544765888088523, 0.7300711674805206, 0.7020361097019551, 0.6590491703863081, 0.7140721299330145, 0.7082514770766181, 0.805650619499944, 0.7497465153305047, 0.780777256214427, 0.8328225439