"[[1.0, 0.9553710796691561, 0.9768594028629617, 0.9741702385543369, 0.9346255318965286, 0.9709883610235557, 0.9786108377501512, 0.973924099880012, 0.9675279502548642, 0.9670238711854169, 0.9426771623661816, 0.8504859372545711, 0.9625157320499073, 0.9519869813682384, 0.8114889760593104, 0.9644893042500644, 0.6741740798504683, 0.9054038351905366, 0.942735138043289, 0.9481056787862647, 0.9389146045437369, 0.9525420577571488, 0.8857887729524783, 0.9077326593278656, 0.8433565656773598, 0.8796464487664488, 0.9463023698358138, 0.9217227337150382, 0.9788598827881945, 0.9160038968436168, 0.945875124497784, 0.9711084902418272, 0.965512577390974, 0.9639631850289397, 0.8888157634032472, 0.9771859695721891, 0.9746896267554285, 0.9693764076152765, 0.9710969171527896, 0.9658125194010043, 0.9060833801991348, 0.9798832611367319, 0.981141970035996, 0.904315203432698, 0.9224277978860399, 0.974115654869921, 0.9548508148687105, 0.9263580268187788, 0.9410112698720627, 0.8803001007779458, 0.9286952854062138, 0.9650616322333787, 0.946893397138674, 0.9194479463547682, 0.8451912994210663, 0.8579660348180456, 0.9254701493613212, 0.8080845006601955, 0.8814483783868695, 0.9679477494151474, 0.8325674529523988, 0.8414568561110214, 0.9253007893329916, 0.9637650626148062, 0.9612892929269223, 0.9677419867328876, 0.9700243175612979, 0.9398553442525813, 0.9314842085167663, 0.9824832061975005, 0.9767075855083434, 0.971531551862319, 0.9675869746310533, 0.9526468892781143, 0.9697583511765406, 0.9461675278928359, 0.9332552892887447, 0.9371255763817956, 0.9568449742110342, 0.9351231046303825, 0.9475901845770289, 0.9520373127791504, 0.9419573574251557, 0.9549976925108117, 0.8961506850999559, 0.8947973222727285, 0.9459547420826664, 0.8843459460759913, 0.8660658541114634, 0.9139967181756308, 0.9456918409428499, 0.9499583119276133, 0.9259160405695492], [0.9553710796691561, 1.0, 0.9573426945019743, 0.9494679785330965, 0.9143257740798464, 0.9335025354064383, 0.9578241754888935, 0.9515741562994486, 0.950551353198424, 0.9449131612966515, 0.9161668341492445, 0.8471164771641637, 0.9411699050641797, 0.9368622595438976, 0.7859550125191683, 0.9505102003460759, 0.6657218813928986, 0.8940896259351979, 0.9138797395384193, 0.9208908980838058, 0.9224788188669906, 0.932278154307991, 0.8741638829809046, 0.8750310481942701, 0.8556374802725137, 0.8688309130508884, 0.8805901054805276, 0.9052995503434786, 0.9299166825782472, 0.8950050315666538, 0.9306824656820304, 0.9740158458693798, 0.9426022984229816, 0.9476381453245715, 0.8811578572214706, 0.94877718922812, 0.9432868634348659, 0.9468936285942555, 0.9548968628274781, 0.9457309517213845, 0.8945471455417786, 0.9615750708870785, 0.9465428769726452, 0.8947287596119465, 0.9113745706650848, 0.9572427412486264, 0.9364473242573117, 0.9079320139466748, 0.9108197251931174, 0.8720545015197732, 0.910582054016961, 0.9468636340228778, 0.9220516923602724, 0.889304775494842, 0.8231629488066079, 0.842999280949244, 0.8970874220195317, 0.7942162111702737, 0.8357152583978626, 0.935957968579352, 0.8200583470179142, 0.8305536507098653, 0.88384383379829, 0.9280278806119608, 0.9414318599635585, 0.9475816845648537, 0.9545493460653387, 0.9219256077421947, 0.9185265987199731, 0.9582095671160188, 0.9561837689800972, 0.9557095536188293, 0.9477156344121748, 0.9314300275512051, 0.9528694215694389, 0.9169590144786612, 0.9334145030921148, 0.8954683770603286, 0.9516166968251887, 0.9361056862172199, 0.9299783926101859, 0.936878775484514, 0.9251753889787188, 0.9354584737947493, 0.8509166397663216, 0.8832603680129121, 0.9193803838296484, 0.8908771601120934, 0.8529941895840552, 0.8950684799303514, 0.9332875720885965, 0.932742270504338, 0.9117716864123504], [0.9768594028629617, 0.9573426945019743, 1.0, 0.9822201751021415, 0.9498328181839302, 0.9539504352102852, 0.9892615628525652, 0.9777709667898917, 0.9788396677186564, 0.979451985879601, 0.9335351204776356, 0.8335196136561238, 0.9749370722219968, 0.9706180993367967, 0.8009626306449509, 0.9736686426350885, 0.6847916969754156, 0.9450411801837418, 0.9418267259891439, 0.9533221363561566, 0.9682267659996615, 0.9543783697862757, 0.9285001955306849, 0.8935099910814386, 0.8663667590207047, 0.9229054294413503, 0.8999973673567192, 0.9339495048581682, 0.9557544262841262, 0.9226213884361936, 0.9597184302583832, 0.9815386447009917, 0.9643144384615493, 0.9859941784187598, 0.8740347527816292, 0.9727455264843008, 0.9604011766381806, 0.9784745929027189, 0.9779731142554374, 0.9733696608169353, 0.8888717623258438, 0.9850383164705843, 0.9571949622444008, 0.8928126545417187, 0.956466983869078, 0.9831481398677147, 0.9539363381132775, 0.9254800637853258, 0.9276693723263347, 0.8598193690811318, 0.9326575689049988, 0.9644442726271119, 0.9562427594051844, 0.9079424284243638, 0.8367683607060887, 0.8644565789019538, 0.926253646009209, 0.8195182772646318, 0.8468986388148221, 0.9576216938767583, 0.8469010335924569, 0.854948419806387, 0.8990885343246047, 0.9508064985034519, 0.9759392381491622, 0.9761048869059533, 0.9834930948043918, 0.9462330513979881, 0.9648303677316303, 0.9823411196745062, 0.9874073824007963, 0.9794803027604884, 0.9847795194195854, 0.9423649547503268, 0.9777187903350961, 0.9364614104286293, 0.9550202423820755, 0.9155272580900966, 0.9653772982852962, 0.9520048201722962, 0.9615317330431619, 0.9689820839637702, 0.9710039096890053, 0.9921682835583522, 0.8701486597392867, 0.9356334513412494, 0.9411036605919474, 0.9089721567093365, 0.8817758970142009, 0.9208527372410821, 0.9648814659919569, 0.9594774820698098, 0.9593064888632723], [0.9741702385543369, 0.9494679785330965, 0.9822201751021415, 1.0, 0.9534060407834359, 0.9630870156684761, 0.9859290733129644, 0.975609906745456, 0.9738305985417011, 0.9720623280023002, 0.9483125212614502, 0.8171494938149612, 0.9755191132322176, 0.9656827517745905, 0.8089611768465111, 0.9686933586010726, 0.6984529374711752, 0.9422107953050194, 0.9460831109796216, 0.9516816912702684, 0.9657639283749031, 0.9514319153154314, 0.9254995534365225, 0.9007655724219026, 0.8372702670546208, 0.9206505431784031, 0.8905143802690593, 0.9300637367748135, 0.9467480804196897, 0.9208068634117468, 0.9549918340092163, 0.9784529966982495, 0.9550990154115901, 0.9678949104101511, 0.8602557449208975, 0.9657957088523834, 0.9569358153925267, 0.969548335976229, 0.9689115330263933, 0.9721644356665047, 0.8777186813304035, 0.9789206004206294, 0.9480462150453605, 0.8819690996008234, 0.9515738711879804, 0.9750126772230758, 0.9495891234729543, 0.9191968134998102, 0.9277504748880032, 0.8461912010577661, 0.9296903021993814, 0.9618465768726663, 0.9469126061408722, 0.9074930964798806, 0.8410046302045552, 0.8645588431150785, 0.9230762778865333, 0.8296537837305367, 0.8694736851065357, 0.954161062442587, 0.8548451731352016, 0.8585875020056796, 0.9148309475352912, 0.9607585067264761, 0.9752447737865795, 0.9736659438874152, 0.9772156326059622, 0.9451356616620267, 0.960594286001042, 0.9851229128924023, 0.9844004214803421, 0.9725413487360052, 0.9751106200889081, 0.9326071054191494, 0.9714479907545169, 0.9332716622201178, 0.9341402957421342, 0.9316663892859114, 0.9473365175048244, 0.9296016075623745, 0.9578553207149232, 0.9639484342181903, 0.9677191653271764, 0.9672336103958791, 0.8912485415283679, 0.932928054021738, 0.9396274308196557, 0.884053623711426, 0.8805599470600823, 0.9212728736869034, 0.9567407605734495, 0.9553969748240165, 0.9528399759170108], [0.9346255318965286, 0.9143257740798464, 0.9498328181839302, 0.9534060407834359, 1.0, 0.9111735206069398, 0.9469657665274339, 0.9418970572682321, 0.9464191121315473, 0.9459114018652521, 0.8917872603397616, 0.8026456603800075, 0.9660126232163936, 0.9429892555730035, 0.7746317036378796, 0.9701572734689186, 0.85727807428156, 0.9329072679078518, 0.9034180951103954, 0.916216825766687, 0.9648417245107351, 0.9159553776615341, 0.9062508332526604, 0.8577106504026747, 0.8053728853237935, 0.9029017789844089, 0.8664507919248845, 0.896732703411546, 0.9261254174244398, 0.8865928696535939, 0.9386417404007156, 0.9711237584258368, 0.9254527083883961, 0.9644931188703858, 0.8406581715800653, 0.9298479348076172, 0.9188762416881642, 0.9375943142446822, 0.9401869008995655, 0.9704833498892138, 0.8541032191176281, 0.9433963994627578, 0.9262569033753992, 0.8789018720760432, 0.9291010495588481, 0.9390634649775033, 0.924421568437541, 0.883285858193001, 0.9207761563482525, 0.8252012149881409, 0.9016606911771925, 0.9482941947760146, 0.9187709776864109, 0.9116200149255187, 0.8489440362127822, 0.8731486298591238, 0.8887898041250346, 0.9484528046134856, 0.8331870866108004, 0.9328929704995808, 0.9634621900633451, 0.9641187461862152, 0.8605274510173859, 0.9102504681518331, 0.9662852813122181, 0.9619118366036112, 0.9517996544695075, 0.9559791097634782, 0.9371909315239377, 0.9373782761911245, 0.9523475727634152, 0.9438105425619073, 0.9706664863809427, 0.9046418931391539, 0.9358027716499093, 0.9285582267076535, 0.8987673326986555, 0.8787241994592748, 0.917506321754314, 0.8950625321037899, 0.9224601389088772, 0.9418921653690673, 0.9401582448378182, 0.937711510535987, 0.8363782512706511, 0.9130375899544318, 0.9552170493170499, 0.8496087607479392, 0.8870275773212941, 0.9249806187914797, 0.9248607857936796, 0.9284093680967326, 0.9515705107036645], [0.9709883610235557, 0.9335025354064383, 0.9539504352102852, 0.9630870156684761, 0.9111735206069398, 1.0, 0.9580146920478192, 0.9597495604654319, 0.9416796534517323, 0.9382594218853293, 0.9373337530498562, 0.7908341975448407, 0.9268339194196563, 0.9264903509023035, 0.8369582912283565, 0.9353871404528815, 0.6700849523565149, 0.8549898588029301, 0.9242747511535323, 0.9322615888819923, 0.9020426328826882, 0.9429005670360668, 0.8354454743378057, 0.9310717204918093, 0.8283862391543877, 0.8270000459300979, 0.8880939116445067, 0.9057472412239944, 0.9318148592250883, 0.9050109173761993, 0.920412786747939, 0.9439818142094563, 0.938106228629192, 0.9331630283083308, 0.8356946239879128, 0.9462217626567058, 0.9523857398766244, 0.9350372403248552, 0.939886092333361, 0.9412553996539519, 0.862200044884768, 0.9540570384643627, 0.9366775895527721, 0.8538517101541026, 0.8678659965416735, 0.9568230319276374, 0.9358660702705999, 0.9141633885958684, 0.9157078352811056, 0.834122117724656, 0.9103818672147039, 0.9297699143606388, 0.9227043936269703, 0.8897000645568796, 0.8419223000985683, 0.8453098555930212, 0.9033603483100847, 0.7974908924859281, 0.9594572724569013, 0.9397578535428557, 0.8131054754650703, 0.8193206630753738, 0.9860056074821684, 0.998319615785108, 0.9344060234153122, 0.9431325883085271, 0.9404334910722927, 0.9182529351533975, 0.886186764760803, 0.9745837231600731, 0.9565254114421838, 0.9409295317931101, 0.9368751025017259, 0.9248563112964092, 0.9466883679463298, 0.9149694132643684, 0.9095621034142027, 0.990487452609325, 0.9305379771436664, 0.9077586393238213, 0.9309888186484043, 0.9211540924796513, 0.9025806152284781, 0.936453337681556, 0.9696732810920454, 0.8444226061687337, 0.9102367157007463, 0.8684516293350165, 0.8443029789669492, 0.9083146980366654, 0.9198918347317209, 0.9208121262959715, 0.8765088120390755], [0.9786108377501512, 0.9578241754888935, 0.9892615628525652, 0.9859290733129644, 0.9469657665274339, 0.9580146920478192, 1.0, 0.9796659365863596, 0.9799643807769101, 0.979026917523559, 0.9435328596105653, 0.8317780184930653, 0.9757508736835818, 0.97153769624718, 0.8105006549064067, 0.972552241949593, 0.6753384500592171, 0.9467810176572131, 0.9437903357368711, 0.9549740036022221, 0.9683945031486414, 0.9556832164515934, 0.93101110942349, 0.8967520588821588, 0.8619604006517001, 0.9256716708962984, 0.8961504405582708, 0.9357237884296554, 0.9529382244591467, 0.9243659104758504, 0.9601092251953716, 0.981541475085921, 0.9633437436173122, 0.9717485859416737, 0.8730580571217335, 0.9735608791230217, 0.9644997489936955, 0.9782228296273945, 0.9780259755229007, 0.9732334453407968, 0.8884454189985592, 0.9865739239715989, 0.9554266715900286, 0.8911569586673934, 0.9589218196487408, 0.9857922940342273, 0.9546056103734101, 0.9263118810369041, 0.9377889705560978, 0.8586519128175936, 0.9340276290065428, 0.9655331391548055, 0.9546908299138963, 0.9191928563773785, 0.8362938117035998, 0.8636388074906001, 0.9400903063160241, 0.8123803317762109, 0.8510700344675155, 0.9579572474554094, 0.8405248724339129, 0.8475396970860225, 0.9037153923240432, 0.954815837589946, 0.9784056594016947, 0.9764820722593639, 0.9859058597647912, 0.944994395578205, 0.9669996417451234, 0.9870066981773117, 0.9890881768414178, 0.9803370442974848, 0.9764163795567631, 0.9502070605290687, 0.9810779353687515, 0.9358767113461961, 0.9530292408427163, 0.9204705824909996, 0.9634145006001384, 0.9496141771809736, 0.9633866797822446, 0.9699946171105223, 0.9740412336089771, 0.971523008387281, 0.8757392222445156, 0.9383002554909211, 0.9396001730254825, 0.9057776570210122, 0.8812851142202076, 0.9200261616690066, 0.9657860102840666, 0.9609328883044651, 0.9586616449618948], [0.973924099880012, 0.9515741562994486, 0.9777709667898917, 0.975609906745456, 0.9418970572682321, 0.9597495604654319, 0.9796659365863596, 1.0, 0.9719178567596207, 0.9681041229068542, 0.9324505607722761, 0.8481344153030218, 0.9661846934160024, 0.9585343918235848, 0.8067636937708182, 0.9686778352809101, 0.6861455521796118, 0.922541816324195, 0.9350427250391942, 0.9695621118623721, 0.9518371852366629, 0.9512428015018302, 0.9023799592473463, 0.9437940342664386, 0.8409899618136841, 0.8981604781773449, 0.8858786005471689, 0.9251405904986805, 0.9407821478843723, 0.9153160463845679, 0.9512853226278979, 0.9795976864817773, 0.9615433106330373, 0.9731234348494366, 0.8869081680264094, 0.9661560633206301, 0.9650059848428956, 0.9683473000563921, 0.9785851041110684, 0.9868893510032785, 0.9029839139907292, 0.9817481872469588, 0.9590601066400413, 0.9043522725507112, 0.9368990140776352, 0.9827193959284461, 0.9550817629163939, 0.964865613185032, 0.9336213956200881, 0.8758036765999904, 0.9306286684162359, 0.9663813946448899, 0.9436333967637043, 0.9115130647058733, 0.8428336518965698, 0.8617251806506976, 0.9183064447735725, 0.8190194938233103, 0.8674257741911737, 0.9554221911991849, 0.8438933331408641, 0.8520644580731438, 0.9133117266419758, 0.9573210332866348, 0.9683581194310094, 0.9708510760690605, 0.9751617860210338, 0.9442477031618735, 0.9452799889775985, 0.982971574410181, 0.979784399935099, 0.9749484553300583, 0.970262443734389, 0.94374094852681, 0.9721647603802115, 0.9357471709868448, 0.9345630508614693, 0.9276554658019075, 0.955421781387481, 0.9350662705827558, 0.951684410967753, 0.9588575546094087, 0.9541465119554098, 0.9631044139845224, 0.884245065917404, 0.9120802312001484, 0.9408949134012925, 0.8839611626089605, 0.8732407361505254, 0.916524180183848, 0.9511098923521528, 0.9546518165078237, 0.9378973807357087], [0.9675279502548642, 0.950551353198424, 0.9788396677186564, 0.9738305985417011, 0.9464191121315473, 0.9416796534517323, 0.9799643807769101, 0.9719178567596207, 1.0, 0.9713995416320289, 0.9277051632220259, 0.8557736201632259, 0.9739033574399898, 0.9624388656677876, 0.7933831632969619, 0.9755595985767522, 0.6906347374845402, 0.9385764256273456, 0.9325642957835869, 0.9413560712355782, 0.9609023220084154, 0.9472626939212181, 0.9189997430377137, 0.8840114457681896, 0.8419522229195813, 0.9158010784513496, 0.882897470831306, 0.9254327923132029, 0.9398386486388128, 0.9131832042832111, 0.9544912518044217, 0.9820167570908263, 0.961711507427371, 0.9749157175502108, 0.8926738893437955, 0.9655859545784817, 0.9581193340207048, 0.9722534674865311, 0.9752590398634324, 0.9744669661096519, 0.9055567944937508, 0.982534411094089, 0.9584293731659392, 0.9102647893243508, 0.9525350876465002, 0.9724743500778301, 0.9534170729579039, 0.9185189572234433, 0.9329524501445188, 0.8786049243777544, 0.9301195290616706, 0.9728383789115337, 0.9451770623712336, 0.909733297089641, 0.9137754585748117, 0.861874364687682, 0.9156594986678643, 0.8227564530521603, 0.834600944309573, 0.9534850691449834, 0.8501169544389502, 0.8578580351747741, 0.8855776557859145, 0.9386373844868446, 0.9745219572871, 0.9783972379280307, 0.9788624753115267, 0.9457606373306542, 0.9579557437381052, 0.9739475870505079, 0.9802596815930003, 0.977778664979752, 0.9834569264019616, 0.9406534921104523, 0.9727953293846654, 0.9354164687973461, 0.9372171065598207, 0.9027858577611874, 0.9563195275789487, 0.9377246028863605, 0.9521175319377322, 0.9639925658883373, 0.9637557371546706, 0.9599936014709963, 0.853695434045423, 0.9283234952609974, 0.943478499548144, 0.8852448473034192, 0.9466424962972154, 0.9139300030161686, 0.9548782389489671, 0.9579293795753683, 0.9549179204649347], [0.9670238711854169, 0.9449131612966515, 0.979451985879601, 0.9720623280023002, 0.9459114018652521, 0.9382594218853293, 0.979026917523559, 0.9681041229068542, 0.9713995416320289, 1.0, 0.9212634530225401, 0.8453344032953366, 0.9713255334524482, 0.9611107098854672, 0.7900020082848286, 0.967507031281235, 0.6895163313327789, 0.9461171105133422, 0.9297997951442081, 0.9402729298706523, 0.9670869060594358, 0.9418979368168262, 0.9282280817424793, 0.8789968512385327, 0.827786661298536, 0.9256566677939937, 0.8802031016416549, 0.9232729393377617, 0.9366328224919048, 0.9110157008024952, 0.9519755004326989, 0.9763793237941343, 0.9891626910911921, 0.9685422453500052, 0.8831511517295103, 0.9608186771614908, 0.9518628513456344, 0.9988008042624439, 0.9792661275815996, 0.9689086905028997, 0.8959000720580013, 0.9800871466960861, 0.9562198311515359, 0.901653874604866, 0.9581045476421419, 0.9667496980273727, 0.9475334614969866, 0.9119701282056045, 0.9252592213927833, 0.8672797575509843, 0.926605393643966, 0.9673228572875046, 0.9926423377304889, 0.908651105118027, 0.8337102137399952, 0.8589322981895581, 0.9134365795766095, 0.8208451330367693, 0.8272271018813768, 0.9485236005304678, 0.8482492911364198, 0.8583374836902933, 0.8784661865577739, 0.9333753104338989, 0.9754286698567508, 0.969739716936058, 0.9760228122975642, 0.9441967846847659, 0.9630866857763025, 0.9709699227070194, 0.9780929419258455, 0.9736617353866057, 0.9743548254193979, 0.9316250904058452, 0.9685641682499813, 0.930098664826879, 0.927707314585874, 0.8975762165528992, 0.9454394708511387, 0.926637531347037, 0.9502414749963747, 0.9628925158882089, 0.9665229217302644, 0.9589647366136567, 0.848718824152419, 0.9369906668344723, 0.9393359045840199, 0.8735982921394186, 0.8768980993432625, 0.9130682578141733, 0.9524134840429758, 0.9559240143423413, 0.9766740923168307], [0.9426771623661816, 0.9161668341492445, 0.9335351204776356, 0.9483125212614502, 0.8917872603397616, 0.9373337530498562, 0.9435328596105653, 0.9324505607722761, 0.9277051632220259, 0.9212634530225401, 1.0, 0.8334498695266868, 0.9162172820383763, 0.912115786209809, 0.7826941814734336, 0.9267574774685807, 0.6593306015827666, 0.8597347938777309, 0.8952697134408101, 0.8987886096360406, 0.8923966025807986, 0.9153136847823662, 0.8385977454594677, 0.8690827496431619, 0.8355257427130752, 0.8333957393477376, 0.8511801466979414, 0.884869806895016, 0.900711542536618, 0.8763050056302173, 0.9079612751860856, 0.9308096402388872, 0.9239810747791533, 0.9257263115472558, 0.8662861261518398, 0.927295427561108, 0.9276766858758221, 0.9227651589543131, 0.9328186018226365, 0.9247231396281311, 0.8811793026626101, 0.9403377229266539, 0.9254515990517824, 0.8789082902992782, 0.8828801634467638, 0.9359936842539484, 0.9193697338429332, 0.8921770969106071, 0.8961920829765082, 0.8604818774674983, 0.8925680936320028, 0.9426250760398796, 0.9007976124092343, 0.8739977485097692, 0.8140639102680235, 0.8279644682846101, 0.8776454203670795, 0.7815510636113356, 0.8459589892191114, 0.9174489902611682, 0.8097170131601057, 0.8143434417448514, 0.8870367338660543, 0.9217457415112431, 0.91766328524018, 0.9259356264566169, 0.9304093888080458, 0.903094178925882, 0.8860836173826021, 0.9756506473445992, 0.9335149379865175, 0.9332453800002478, 0.9248741725698455, 0.9152662329351533, 0.9314226371914489, 0.8997470569663539, 0.9090198918225494, 0.8955474952203274, 0.9304771327144985, 0.9128957581692536, 0.9079990601638999, 0.9119004980626135, 0.8940709263209299, 0.9122055424674578, 0.8566159359073717, 0.8485337126752857, 0.9006160072864143, 0.8684773819280316, 0.8330746346069291, 0.8790951288411206, 0.9084440399992971, 0.9105138452878477, 0.8794639457430211], [0.8504859372545711, 0.8471164771641637, 0.8335196136561238, 0.8171494938149612, 0.8026456603800075, 0.7908341975448407, 0.8317780184930653, 0.8481344153030218, 0.8557736201632259, 0.8453344032953366, 0.8334498695266868, 1.0, 0.8421551907185981, 0.813451521809452, 0.6853049393018605, 0.875295441502603, 0.6322177788038454, 0.7532934330734882, 0.7905519807033181, 0.7751376013672886, 0.775893980570719, 0.8318230593183539, 0.7126941648420604, 0.7526321071739575, 0.7191661316309989, 0.7206159273262485, 0.7504527588357713, 0.7887601311136895, 0.7884275590995915, 0.7727616974962603, 0.8318090714883652, 0.8685984474756526, 0.899780787973115, 0.8845216031850676, 0.9961978760279605, 0.850022818547248, 0.8775977681615745, 0.8642781716003374, 0.8916703853031778, 0.8632419981585633, 0.9907485198658601, 0.8890005208573728, 0.927219049177922, 0.988574014174735, 0.7986408424528875, 0.8355173283323918, 0.8820822246491304, 0.821477966804127, 0.8695373997101321, 0.9963299019491244, 0.8370130184743376, 0.9297804753317891, 0.8237857003554596, 0.8452299828386133, 0.7783219240400807, 0.769233586527682, 0.7670112199433042, 0.7330475446410558, 0.6858306455453342, 0.8531180446078411, 0.7601521146718745, 0.7798739705808162, 0.7287074262746103, 0.7751471041284121, 0.8383058473220857, 0.8543107331363147, 0.8602347714936158, 0.8536905109921994, 0.7833697103470094, 0.8479215261191342, 0.8384675447844169, 0.8875941355448067, 0.8599352419980684, 0.8896940880714552, 0.8635372404481373, 0.8555260675820404, 0.7994621546552151, 0.73575795151898, 0.8748250094506174, 0.8338615904281115, 0.8015212410402406, 0.8347458818176834, 0.777181813787596, 0.7976613692970382, 0.6660229508239471, 0.7361807144175471, 0.8710178770003485, 0.7375721329870268, 0.7594897954181934, 0.7871977157540746, 0.8083436837556681, 0.8578701999873425, 0.7903111713150812], [0.9625157320499073, 0.9411699050641797, 0.9749370722219968, 0.9755191132322176, 0.9660126232163936, 0.9268339194196563, 0.9757508736835818, 0.9661846934160024, 0.9739033574399898, 0.9713255334524482, 0.9162172820383763, 0.8421551907185981, 1.0, 0.9634822092864885, 0.8006628582939317, 0.9746855572987734, 0.7333311999777302, 0.9565438198679781, 0.9717033418003321, 0.9386455520049473, 0.9734666651179822, 0.9436527002600573, 0.9366761253598921, 0.8720819305017271, 0.8192852432995075, 0.9347746987002683, 0.8774925160596753, 0.9216570125588639, 0.9364872829081015, 0.9096240321379416, 0.9550844420586513, 0.9821553821788496, 0.954502350623728, 0.9746774179614408, 0.8798807708031826, 0.9576472489776261, 0.9470936153288085, 0.9699358044873572, 0.9693017144476366, 0.9759543886734012, 0.8917085539814997, 0.9762277682379901, 0.9495382963221751, 0.903493372993359, 0.9645246136633903, 0.9650297702312636, 0.9462446175014259, 0.9070595056023953, 0.928821462063433, 0.8623330912590808, 0.9255064039610882, 0.9682511532299067, 0.9432580760927981, 0.9118189145695721, 0.8456685464150386, 0.8663472704742075, 0.9113901311734528, 0.856422384075171, 0.8193598347440849, 0.9486987593076747, 0.8821068511940251, 0.8866286348059418, 0.8672546491289158, 0.9253820125715692, 0.9832513665745404, 0.9745622616987146, 0.9810014807751618, 0.9510469262137891, 0.9688633911362228, 0.9638576991869536, 0.9777385138170529, 0.9730360119448143, 0.9919162045275292, 0.9277496399137962, 0.9710865562060693, 0.9341115827663433, 0.9223399219148599, 0.8881141073511475, 0.9407446994462887, 0.920544749483885, 0.948774372899061, 0.965516109544612, 0.9713658343302158, 0.9595941269969472, 0.8378950176952515, 0.9451234237445041, 0.9493344265447824, 0.8665463911354352, 0.8911527199762503, 0.9166661656129883, 0.9517381512242828, 0.9565025869461339, 0.9679674668932698], [0.9519869813682384, 0.9368622595438976, 0.9706180993367967, 0.9656827517745905, 0.9429892555730035, 0.9264903509023035, 0.97153769624718, 0.9585343918235848, 0.9624388656677876, 0.9611107098854672, 0.912115786209809, 0.813451521809452, 0.9634822092864885, 1.0, 0.7833191179298311, 0.9584804192600549, 0.6936768603569079, 0.945169960133033, 0.9247345286199624, 0.9367666184960541, 0.9622949545550141, 0.9339750390132536, 0.9300746765269557, 0.8708457822156064, 0.8451701308081585, 0.925517695939775, 0.876730924311472, 0.918676439814635, 0.9345102086795861, 0.9064480788752323, 0.9971783355569961, 0.9666388613604299, 0.9405755029424658, 0.9571001211381236, 0.8531250542701161, 0.9528003825530298, 0.9378942167151696, 0.9591596100636148, 0.9583436104652394, 0.9587719682559834, 0.8662871303499824, 0.9653090915901499, 0.9325666652899456, 0.8738926423874824, 0.9529706484918197, 0.963039064632446, 0.9338043438597223, 0.9047700022158895, 0.9100570937391685, 0.8365720552370084, 0.9155828636475032, 0.9466143223845236, 0.9351001520181477, 0.8928226830143827, 0.8224782780372878, 0.8532030390027721, 0.9108864516058544, 0.8206449371638848, 0.8185396637464837, 0.9384616735777057, 0.8473577446478562, 0.8530468621682281, 0.869839821247354, 0.9250006867732427, 0.9636012793952748, 0.9627176948822553, 0.967633020195809, 0.9321317692925452, 0.9599910263652836, 0.9602344833171033, 0.9705518453766891, 0.9615953332642683, 0.9626469280647483, 0.9195847794897085, 0.9588864418743159, 0.9196327609997557, 0.9347987005873921, 0.8884839822408923, 0.9422209985679855, 0.9300492535726119, 0.945775689225943, 0.9558576355594541, 0.9641520792674168, 0.9553103870800477, 0.8429692916223591, 0.9362394720518794, 0.9274812755512949, 0.888607709021692, 0.873541597596625, 0.9060994917329928, 0.9500552333974877, 0.9442429263444809, 0.9539481796642274], [0.8114889760593104, 0.7859550125191683, 0.8009626306449509, 0.8089611768465111, 0.7746317036378796, 0.8369582912283565, 0.8105006549064067, 0.8067636937708182, 0.7933831632969619, 0.7900020082848286, 0.7826941814734336, 0.6853049393018605, 0.8006628582939317, 0.7833191179298311, 1.0, 0.7877436891806506, 0.6137855490426494, 0.7381265277031235, 0.7833696769649052, 0.7889741703839287, 0.768394562329193, 0.7943973276335592, 0.7255778293370709, 0.7921199877920392, 0.7028607602908845, 0.7204826401031124, 0.7534003715206177, 0.7701117854599346, 0.7831594543876089, 0.7705195547153787, 0.7788912191946631, 0.7951026851009868, 0.7884122822794285, 0.786983573807926, 0.7169454459901013, 0.7952007349210606, 0.8009469978204805, 0.7872736707609267, 0.7898293921108788, 0.7939833389824235, 0.7359976411331716, 0.8110345797218962, 0.7864705893441102, 0.7300274102940376, 0.7448804729640305, 0.8274399917462161, 0.789115006507042, 0.7737194330957567, 0.7773218073843251, 0.7155994447606695, 0.77337271346433, 0.7829420533027924, 0.7784530772493506, 0.7593789022399073, 0.7294098411911168, 0.730007432159429, 0.7688928243695252, 0.6987346348377326, 0.8174800670439605, 0.7920374097301142, 0.7075193273893803, 0.7103606022883902, 0.8326910424749951, 0.8385485684284155, 0.8629315013843318, 0.7950228718184051, 0.8576645340896663, 0.7779645685521375, 0.7583187995322989, 0.8128695507696136, 0.80456029205984, 0.7917891266875565, 0.7898414798269862, 0.7784052745431633, 0.8807692162028751, 0.7749600610642062, 0.762582148337474, 0.836352341564625, 0.7776758228468598, 0.7603242379023607, 0.7872651363773735, 0.7798577009458199, 0.7760860753471372, 0.7913479823751699, 0.8248023660408967, 0.7317548162911528, 0.7721520389685874, 0.7324071998874191, 0.7292462168379636, 0.7720713704331071, 0.7774031964766746, 0.7801643720464632, 0.7496022801276325], [0.9644893042500644, 0.9505102003460759, 0.9736686426350885, 0.9686933586010726, 0.9701572734689186, 0.9353871404528815, 0.972552241949593, 0.9686778352809101, 0.9755595985767522, 0.967507031281235, 0.9267574774685807, 0.875295441502603, 0.9746855572987734, 0.9584804192600549, 0.7877436891806506, 1.0, 0.7599435882579288, 0.9256060487599309, 0.9253056466274793, 0.930980182723035, 0.9564782636873328, 0.9567058448852321, 0.8982943267251862, 0.8781039438439289, 0.8476705465818399, 0.8953094018735024, 0.8761883883247984, 0.9182553549995522, 0.9366049046289882, 0.9055094059308637, 0.9556591909698575, 0.9869428666293623, 0.9638452874180627, 0.982753755081029, 0.9084672913212763, 0.965970639243477, 0.9614555858974785, 0.9670179050397913, 0.9762750406972097, 0.9812693414157725, 0.9199031888711089, 0.980201043009342, 0.9660617637797253, 0.9312526869323925, 0.9385291935971347, 0.9707787101377199, 0.9609919213816259, 0.9176456380164879, 0.9416207564944435, 0.8967141877978888, 0.9289246422178485, 0.9807878584110878, 0.940959939122479, 0.9235701378842194, 0.8629974565272693, 0.8736725776567786, 0.907665922299568, 0.8781528914363846, 0.8354386967013452, 0.9619026642562527, 0.9018561894666901, 0.9102579915831788, 0.8784950183575604, 0.930389154394431, 0.9740098812540163, 0.978598562576102, 0.9772688089248058, 0.9612671763891454, 0.9433965417262502, 0.9700306365262383, 0.974640905320755, 0.9776416192732225, 0.9833797988631068, 0.9482045831961403, 0.9693358411218265, 0.9525403076581161, 0.9374578023585423, 0.8935442360686474, 0.9636884427870541, 0.9416312965799704, 0.943762467422258, 0.9607256969901252, 0.9469050380051448, 0.9526056732380647, 0.8422982797206213, 0.9090052233264563, 0.9665489802490357, 0.8868904885967985, 0.8938265299015123, 0.9250339998704251, 0.9483199584409654, 0.9833372978664808, 0.9480068606320866], [0.6741740798504683, 0.6657218813928986, 0.6847916969754156, 0.6984529374711752, 0.85727807428156, 0.6700849523565149, 0.6753384500592171, 0.6861455521796118, 0.6906347374845402, 0.6895163313327789, 0.6593306015827666, 0.6322177788038454, 0.7333311999777302, 0.6936768603569079, 0.6137855490426494, 0.7599435882579288, 1.0, 0.6813879365283493, 0.6592290624660175, 0.6616708212208608, 0.7313830248332095, 0.6746066760197889, 0.6440177324393579, 0.6478637907076872, 0.6207033848523615, 0.6427830781885091, 0.6410348735827742, 0.6552138769002125, 0.6848693933514696, 0.651874899144999, 0.7060749665169996, 0.7423289776784989, 0.680933789452532, 0.7457930364473669, 0.646126345039412, 0.6710182201930567, 0.6712315619052629, 0.6720322150781312, 0.6858923732609251, 0.7549656651614287, 0.6521116526073243, 0.677462171892049, 0.6923268236802036, 0.6984428277655157, 0.6581534122031178, 0.6803071364687157, 0.6935216349349316, 0.6552030617739466, 0.7268657492357088, 0.6425236124745586, 0.6708429660134444, 0.7242287662532991, 0.6747111181198283, 0.7392187559921605, 0.7204486420889815, 0.7251615709724692, 0.651984758337337, 0.9741636372803499, 0.6842803454400248, 0.7044335623801173, 0.9597939067498247, 0.9534179120504412, 0.6539574789972797, 0.6692200821535874, 0.7315439431091952, 0.7309463372209921, 0.6948625202251228, 0.7731398353692711, 0.6651718593190128, 0.6757762089144992, 0.6874793285980968, 0.6867344651809735, 0.7501377143686851, 0.6812851188742778, 0.673439315738441, 0.7327869146730079, 0.6564352690031543, 0.659037602423513, 0.6814567604677425, 0.6573786971894291, 0.6648622100740007, 0.6914350025843288, 0.6644305127158147, 0.682079589116021, 0.6430080980838888, 0.6481519483576209, 0.7800746691251959, 0.6366730763272854, 0.7183355982205961, 0.7507184589160398, 0.6673202844569713, 0.6785843411126802, 0.7139610166220608], [0.9054038351905366, 0.8940896259351979, 0.9450411801837418, 0.9422107953050194, 0.9329072679078518, 0.8549898588029301, 0.9467810176572131, 0.922541816324195, 0.9385764256273456, 0.9461171105133422, 0.8597347938777309, 0.7532934330734882, 0.9565438198679781, 0.945169960133033, 0.7381265277031235, 0.9256060487599309, 0.6813879365283493, 1.0, 0.8964813109005518, 0.9188906644429293, 0.9845260029945232, 0.8882540817085153, 0.9966886879038135, 0.8120310441707075, 0.76747017364896, 0.9965880333204098, 0.8494591895612662, 0.8980185695556573, 0.9061345300864765, 0.8824194707904396, 0.9251229735804507, 0.9416738795218584, 0.8992321893407885, 0.9279035776500562, 0.7949404458329641, 0.9151228343202225, 0.8850806888513396, 0.94252380894852, 0.9232937585946596, 0.9321681279534808, 0.8026067481053182, 0.9301361361381371, 0.8794414790100287, 0.8199984455558249, 0.9959325764241402, 0.9199804593304897, 0.8867187157726074, 0.8538428914889336, 0.8664229124902629, 0.7644105926567233, 0.8844017550881482, 0.9094693236498639, 0.9154650897771888, 0.8564441152607425, 0.781110968784487, 0.8267508845118801, 0.8884948508039021, 0.8010830231019346, 0.7213313895649011, 0.8965962899263454, 0.8314913164666604, 0.8290620107786731, 0.7815733940698351, 0.8589025322737389, 0.9559004524571313, 0.9351688489654559, 0.9458029534730856, 0.9001704432987053, 0.9965595241346332, 0.9126922015688831, 0.9480849081393266, 0.9309033580578294, 0.939348917924415, 0.8557694931893973, 0.9253242843448095, 0.8775902224804009, 0.8804357480514318, 0.8142199763156426, 0.8746112577430109, 0.8662258315319655, 0.9263721397258842, 0.9460588675158096, 0.9930346770596027, 0.9412278762989392, 0.7635120682555214, 0.9984283568737158, 0.8945165154051867, 0.8236184860870673, 0.8663107020462062, 0.8698281023845973, 0.9326874266698706, 0.926093262070054, 0.9887089437195533], [0.942735138043289, 0.9138797395384193, 0.9418267259891439, 0.9460831109796216, 0.9034180951103954, 0.9242747511535323, 0.9437903357368711, 0.9350427250391942, 0.9325642957835869, 0.9297997951442081, 0.8952697134408101, 0.7905519807033181, 0.9717033418003321, 0.9247345286199624, 0.7833696769649052, 0.9253056466274793, 0.6592290624660175, 0.8964813109005518, 1.0, 0.9131533599400374, 0.9193722069912337, 0.9255373818069055, 0.8821582441266648, 0.8683266341225778, 0.8259751246449365, 0.8766399513904778, 0.8585895347314244, 0.8940775032412238, 0.909550450905547, 0.8872452218441628, 0.9144209456206396, 0.9338469514107824, 0.9159603713790974, 0.9241824439072575, 0.8296645834394021, 0.9280838211085934, 0.9194889122220335, 0.9282547641794848, 0.929316952496011, 0.9270828500348177, 0.8457770965946185, 0.9384416139468422, 0.9095661901595198, 0.8467348504609093, 0.9062722543885267, 0.9381458828101276, 0.9111595713049954, 0.8871515511793919, 0.8875839760548165, 0.8181049639360828, 0.8924186960825413, 0.9161896199768192, 0.9077603590938765, 0.8679674321451027, 0.8070456894796163, 0.8292898152219839, 0.8882930668443496, 0.782983901776382, 0.8384290952200211, 0.9149091496008994, 0.8061631625701999, 0.8123008157211256, 0.882501294910977, 0.9232488449320178, 0.929228564159875, 0.9301052776841341, 0.9356691104750683, 0.9016281257770917, 0.9161534004031993, 0.939836368716654, 0.9423161877808635, 0.9319547721915766, 0.9576946847870824, 0.8992667380445734, 0.9323522582901314, 0.8940175544187965, 0.9076478014078196, 0.8961935679733324, 0.917101902592071, 0.9038438577189125, 0.9193003038689407, 0.9222652919812055, 0.9236063659420235, 0.9265469008042823, 0.859776437901205, 0.8887132109543434, 0.8959041962321289, 0.8658988537100232, 0.8432169002226335, 0.8820989237382058, 0.9193071566821145, 0.914575908344573, 0.9067536097522874], [0.9481056787862647, 0.9208908980838058, 0.9533221363561566, 0.9516816912702684, 0.916216825766687, 0.9322615888819923, 0.9549740036022221, 0.9695621118623721, 0.9413560712355782, 0.9402729298706523, 0.8987886096360406, 0.7751376013672886, 0.9386455520049473, 0.9367666184960541, 0.7889741703839287, 0.930980182723035, 0.6616708212208608, 0.9188906644429293, 0.9131533599400374, 1.0, 0.9384571712030164, 0.9201561733432218, 0.9079661850998368, 0.874669909142436, 0.8245027696100071, 0.9017240566422843, 0.8927438574431272, 0.9042523438788855, 0.9365762046367603, 0.8968171768529752, 0.9235458785769287, 0.9418768503556166, 0.918825263619649, 0.9299073357413823, 0.8178804097880636, 0.9366831757952463, 0.9224982191302749, 0.9380080844059446, 0.9500579066433967, 0.9348218737698576, 0.8350236855726365, 0.9443578932806882, 0.9172252404964416, 0.8372992764719123, 0.9251588976846129, 0.9455540577682413, 0.9138789811256993, 0.8907363855311734, 0.8899941759697596, 0.8036078838648926, 0.8985153517656679, 0.9178233701191749, 0.9172056508155818, 0.8710929909344034, 0.8100667988995041, 0.8349742636698492, 0.8990573711293759, 0.7880804063275951, 0.8425555267049221, 0.9216231333454257, 0.8117385646836495, 0.8159198332847759, 0.8882177619398527, 0.9317929146652713, 0.9412029450031673, 0.9386411289296639, 0.9445712573649911, 0.907194843006824, 0.935905085245307, 0.9466128629773287, 0.9536575131215778, 0.9378937152831843, 0.9370398140821738, 0.8978936410937395, 0.9393530297016248, 0.8974812986896434, 0.9118967089992392, 0.9044582170897286, 0.9167033364636196, 0.9045269764187491, 0.930847859749756, 0.9332778924605196, 0.9439010631599385, 0.9401129571553306, 0.8689678809066426, 0.9126076503341549, 0.8998781100225931, 0.8685364465324197, 0.8529285069172718, 0.8894407781330417, 0.9302540946613411, 0.9228198650745776, 0.9249585533906781], [0.9389146045437369, 0.9224788188669906, 0.9682267659996615, 0.9657639283749031, 0.9648417245107351, 0.9020426328826882, 0.9683945031486414, 0.9518371852366629, 0.9609023220084154, 0.9670869060594358, 0.8923966025807986, 0.775893980570719, 0.9734666651179822, 0.9622949545550141, 0.768394562329193, 0.9564782636873328, 0.7313830248332095, 0.9845260029945232, 0.9193722069912337, 0.9384571712030164, 1.0, 0.9194956859999461, 0.9736493763995909, 0.8573332995191991, 0.8137289414901114, 0.9705134202835788, 0.8760784885889692, 0.9239824520868859, 0.9349401044305949, 0.9112572662574729, 0.9464232561653779, 0.9686802580494936, 0.9299245876877777, 0.9556468696341212, 0.8189654067315978, 0.9415752841973982, 0.9181014346309784, 0.9615199368026304, 0.9485371636174375, 0.9630429186182206, 0.8306652679608687, 0.9539902149767543, 0.9131571137347383, 0.8475945046105315, 0.9820572283001269, 0.9520255756962624, 0.9176547779729372, 0.8921535482931635, 0.8991019484832784, 0.7949391676417517, 0.9071340797235148, 0.9369975051411652, 0.94087674971567, 0.8877524821195151, 0.8198745722254135, 0.8645443074866263, 0.9086484106538841, 0.8496934876806852, 0.7859569271271089, 0.9278263319329594, 0.8759066105413256, 0.87668504695373, 0.8374246891572614, 0.9033087140597171, 0.9737744843121308, 0.9642903401699372, 0.9657214472483204, 0.9378706406498325, 0.9876634970747099, 0.9457003644950571, 0.9690622804399358, 0.9530007363923183, 0.9662031935536595, 0.8933335793810028, 0.9489432269968031, 0.9107185062196823, 0.9157831640897764, 0.8633686727991674, 0.9152859149927943, 0.9045259963568779, 0.9450426787035918, 0.9606237391416144, 0.98898531142835, 0.9599274895874415, 0.8167493531942269, 0.9768159531207299, 0.9266989047956646, 0.8648614934165623, 0.8886949860765607, 0.9055984656104027, 0.9501538649125425, 0.9422863304867921, 0.9878203216736389], [0.9525420577571488, 0.932278154307991, 0.9543783697862757, 0.9514319153154314, 0.9159553776615341, 0.9429005670360668, 0.9556832164515934, 0.9512428015018302, 0.9472626939212181, 0.9418979368168262, 0.9153136847823662, 0.8318230593183539, 0.9436527002600573, 0.9339750390132536, 0.7943973276335592, 0.9567058448852321, 0.6746066760197889, 0.8882540817085153, 0.9255373818069055, 0.9201561733432218, 0.9194956859999461, 1.0, 0.8680813018904934, 0.8837992099420715, 0.8454984223291164, 0.86257921261808, 0.8680928169748405, 0.9038245706177385, 0.9206525249836844, 0.8950932685174054, 0.9277446255510742, 0.9508711252411773, 0.9386485592639225, 0.9440709766203217, 0.8682423154067788, 0.944982151451047, 0.9421807554821557, 0.9420191249803004, 0.9494780697402789, 0.9445978125464999, 0.8841656432862717, 0.972646365005376, 0.9376041153961718, 0.8839130101683926, 0.9032931846145406, 0.9546285896636282, 0.9340601535383013, 0.9063080999105473, 0.9106515673662784, 0.8601238999220515, 0.9874540653227839, 0.9414970627959773, 0.9198919037099482, 0.888896980876591, 0.8262454480740449, 0.8436784228651697, 0.8968104928580696, 0.8008522736957169, 0.8582252124357037, 0.9343047240461682, 0.8240165155458252, 0.8330652800278191, 0.9011064115170364, 0.9394345639621031, 0.9401087061257138, 0.9460012990533375, 0.9502896355681392, 0.9212635001563311, 0.9127587471151841, 0.957948109453693, 0.9545995569232737, 0.9507286765734