"[[1.0, 0.9995854745448998, 0.9947973272284452, 0.9977759114710869, 0.9965441169574218, 0.9995978950130444, 0.9973435966601332, 0.9982185940796519, 0.9967879461282597, 0.9964727349491022, 0.989159118931565, 0.997271306269053, 0.9940989742328439, 0.995487900126393, 0.9545441652653683, 0.9952597089182302, 0.9823447658867638, 0.9925599403408835, 0.9995050224712407, 0.9902082769363062, 0.9958278183134407, 0.9950400659788962, 0.9909831882479578, 0.99669964648432, 0.9969053228017781, 0.9637183729378261, 0.9974594944631712, 0.9960301969022303, 0.997824543675292, 0.9935916324473982, 0.9905908509983503, 0.99562155901078, 0.9951798903624604, 0.9950919300676259, 0.9933525542406413, 0.9977594880485361, 0.9968281116295052, 0.9939493869877251, 0.9957266549759758, 0.9957504466951255, 0.9921928830731479, 0.9937374206117988, 0.9956937393677332, 0.9954411579904886, 0.9960071771463862, 0.9975019145453344, 0.9975511185637508, 0.9975834323211278, 0.9946236891865781, 0.9957008018562068, 0.9951972970256693, 0.9957959839696128, 0.995108167327934, 0.9947508311953703, 0.9867164519534058, 0.9924755130642893, 0.9980262939444631, 0.9946829157002912, 0.9926018276547101, 0.9961366042232337, 0.9939269452040547, 0.9909373522853702, 0.9944652072715877, 0.9960720651521051, 0.9955874001066413, 0.9945553171368795, 0.9963964587436035, 0.9962434198214396, 0.9961860518923654, 0.9975644064786567, 0.9963565485435718, 0.9957890810319925, 0.9958980305568055, 0.9889347640518541, 0.9936597218508859, 0.9963270264744585, 0.9978562559987191, 0.9961669019149046, 0.9985987715650727, 0.9977846766378871, 0.9966152799867661, 0.9946655590881577, 0.9962855219971898, 0.9996537411131377, 0.9973163762975311, 0.9957244757868791, 0.9946877529256958, 0.9968660730733424, 0.9922483342134566, 0.9935389291029516, 0.9977536514603238, 0.9947354179000442, 0.995058048419141], [0.9995854745448998, 1.0, 0.9923824867358122, 0.9957426049189025, 0.9939930783097901, 0.9999930982977046, 0.9950807760095534, 0.9965915480294999, 0.9943322562875182, 0.9941850935084385, 0.9870249506938367, 0.9950850282995998, 0.9913779439569501, 0.9930836637329421, 0.9621037301793376, 0.9925010098764482, 0.9804166365844817, 0.9897921332410304, 0.9989010131049588, 0.9902398355304886, 0.9930869215659889, 0.9931377055382847, 0.9890509412020373, 0.9948147256584511, 0.9947206469602569, 0.9617636316000285, 0.9972009102444719, 0.9948985827619352, 0.9955876718988856, 0.9909593959154225, 0.9876550090632934, 0.9930647015017314, 0.9926580534034865, 0.9924246219463517, 0.9906351375757595, 0.9955670522837315, 0.9947662299326455, 0.9912912423421627, 0.993273096823703, 0.9931426872733716, 0.9892976665010476, 0.9909964791000977, 0.9932353284921623, 0.9926061999443759, 0.9940508618694025, 0.9956506546016711, 0.9954867798390967, 0.9956977959035503, 0.9920278486961116, 0.9933340182105258, 0.9925858520002511, 0.9930198744277299, 0.9920393580522447, 0.9923486232628015, 0.984835061613455, 0.9896330228458002, 0.9962265305237629, 0.9922111571291832, 0.9898448933946338, 0.9936916613365456, 0.991128743519706, 0.9880096078690455, 0.9926576908063627, 0.9935024043942774, 0.9930082548822308, 0.9919220636931303, 0.9939541476340188, 0.9936798391200646, 0.9935688703266609, 0.995472800089993, 0.9938888595142877, 0.9932826620629628, 0.9933443985274671, 0.9868061039135224, 0.9909308991415431, 0.9937433072128011, 0.9958197917368548, 0.9936081111933257, 0.9970206566394685, 0.9959082333084369, 0.9943350183298821, 0.9922586707803926, 0.994010216072345, 0.9988686568131678, 0.9950564366191487, 0.9928302899484944, 0.9918812113894578, 0.9942661163408105, 0.9894194710068092, 0.9900713840720067, 0.9957813782475085, 0.9922341998105263, 0.9926010761115163], [0.9947973272284452, 0.9923824867358122, 1.0, 0.998287427122716, 0.9983615520441025, 0.992245027261972, 0.9981982432409325, 0.9958456546941035, 0.9985492330557835, 0.9994687025707998, 0.9825483728039013, 0.9981372540867778, 0.9997933224017607, 0.999570860898061, 0.9251553952679403, 0.9995047545210165, 0.9815028222180446, 0.9995982464026586, 0.9969802877408779, 0.9762645049554353, 0.9989132647174243, 0.9948095073847645, 0.9806478025142894, 0.9978538432149536, 0.9978785340359635, 0.9491719218659297, 0.9892117478295979, 0.9917442890903294, 0.9962688693865592, 0.9997734259288007, 0.999088345524946, 0.9998038569030233, 0.999648412756322, 0.9997326966134881, 0.9997422025689889, 0.998193235518398, 0.9988876832233237, 0.9998107522239762, 0.9992748237805475, 0.9994730090574697, 0.9995558451048231, 0.9997796027531012, 0.9996956728213892, 0.9993493732768023, 0.9981526190427571, 0.9994964148018739, 0.9986603099714307, 0.9993082821778353, 0.9990232774122345, 0.9994771592632222, 0.9993037396014876, 0.9992951498110073, 0.9986990095881797, 0.999024074801616, 0.9890534638006557, 0.9996088756070786, 0.9977771807235446, 0.9992623211740712, 0.9995919990837843, 0.9992638771660843, 0.9991782552266312, 0.9992069042455747, 0.9892010615050086, 0.999343424908571, 0.9996601310232253, 0.9999118987254731, 0.999396674726011, 0.9985649093907739, 0.9987350290738993, 0.9963568221587725, 0.9993832691644502, 0.9994676126633667, 0.9966134078902645, 0.9822026129692174, 0.9997795951058946, 0.9985491172721553, 0.9976758419997576, 0.9989813444390284, 0.9986027280080769, 0.9979064371779122, 0.9989062957646687, 0.9998468507693961, 0.9996974891375225, 0.9969260480985294, 0.9990786717848982, 0.9981701883637208, 0.9995527900770114, 0.995365752667057, 0.9961636165503419, 0.9954226148523162, 0.9956374206560347, 0.9933625873719618, 0.9933231137204246], [0.9977759114710869, 0.9957426049189025, 0.998287427122716, 1.0, 0.9996916016702794, 0.9957949917219668, 0.9998337569686303, 0.9990810408019515, 0.9998605057790686, 0.9992307107155739, 0.9913321863620547, 0.9998067052190212, 0.9980714084516613, 0.9986506788016754, 0.9333125646694733, 0.9984427885333225, 0.984252542097132, 0.9966379683985399, 0.9982110184946889, 0.9870508370452085, 0.9994411547580813, 0.9968770641861338, 0.9895743619713363, 0.9985403482278601, 0.998874190765528, 0.9652602917577338, 0.9947793631849715, 0.9959179764597056, 0.9985867702725062, 0.9973669884025455, 0.9951660135052771, 0.9990812646391236, 0.9986324051587886, 0.9987298899949533, 0.9972705887461051, 0.9989670198685908, 0.9991147960760667, 0.9977732572338794, 0.9989855417269774, 0.9991725999822187, 0.9966290186481611, 0.9977620465547796, 0.9988457085784913, 0.9987173808057664, 0.9980515089288143, 0.9993634607367509, 0.9998088282147137, 0.9994089557659224, 0.9984292127562286, 0.9987644814354965, 0.9982947642560627, 0.9990553890019207, 0.998427362695155, 0.9978353881883976, 0.9909507496619984, 0.9967794121113603, 0.9992268592119499, 0.9977709169739453, 0.9966100061729875, 0.999042827275133, 0.9978300310750843, 0.9954846692670883, 0.9959066185349927, 0.999322636246797, 0.9989966597666602, 0.9984426637159881, 0.9993577999929821, 0.9995905953372416, 0.9995857332136343, 0.9995043200243129, 0.9993551353900546, 0.9991311099271414, 0.999291994902511, 0.9910912737076581, 0.9976588934331178, 0.9995684133881083, 0.9998068633091336, 0.9994839572846591, 0.9995595585750346, 0.9995669067276587, 0.998992557591213, 0.9978754256682825, 0.9988731457380476, 0.9984346190171779, 0.9996228175740866, 0.9982416405428892, 0.9985981631986734, 0.9984120059888197, 0.9973551474601453, 0.9962447694379113, 0.9989786581486039, 0.9979366261061277, 0.9980013939647314], [0.9965441169574218, 0.9939930783097901, 0.9983615520441025, 0.9996916016702794, 1.0, 0.994053498211578, 0.999942725396507, 0.9987023746190004, 0.999944098849405, 0.9994310471242766, 0.991202019485911, 0.999898217658921, 0.9986216607742385, 0.9989661650030974, 0.9265713383089956, 0.9988419033445299, 0.9841537572249824, 0.9972570315776647, 0.9972220084391289, 0.9853722887313218, 0.9998994669328299, 0.9967637738399592, 0.9888183443966793, 0.9984515391097237, 0.9988915252077389, 0.9648391944349548, 0.99337256660036, 0.9952142444878428, 0.998402868737714, 0.9978836000794404, 0.9959378019693712, 0.9992604716812971, 0.999032041303134, 0.9991185810718957, 0.9978375490340611, 0.9988728172330847, 0.9991607367841908, 0.9982970049523523, 0.999317148361174, 0.9995416503269164, 0.9973430672307889, 0.9983425535281237, 0.9991747451778015, 0.9991306777073106, 0.9980345700054614, 0.9990239286399393, 0.9998304752781283, 0.9993308172675484, 0.9986800694432701, 0.9990479970256073, 0.9986665258561345, 0.9994577679163155, 0.9989599443923634, 0.9979669319816395, 0.9884113901074576, 0.9974540655234498, 0.998994000615686, 0.9980169160769653, 0.9972152453872821, 0.9993149057977591, 0.9983939262052139, 0.9962448653630848, 0.995601760188189, 0.9996829822275247, 0.9992936538393148, 0.9987859178359624, 0.9996336160831029, 0.999855472124323, 0.9999648789532538, 0.9994407093953992, 0.9996444372835116, 0.9994932376096113, 0.999610509980258, 0.9909547181055227, 0.9982340169958878, 0.999704704416197, 0.9997498649583498, 0.9998396196862481, 0.9992313286287808, 0.9994442327558268, 0.99912371892493, 0.9982233262680966, 0.9990258252960679, 0.9975072380623183, 0.9997263331118292, 0.9985868522548019, 0.9991566467463082, 0.9984478462214186, 0.9965137169641587, 0.9967829389454328, 0.9987617924143194, 0.9981681559662782, 0.998176391918988], [0.9995978950130444, 0.9999930982977046, 0.992245027261972, 0.9957949917219668, 0.994053498211578, 1.0, 0.9951426017029971, 0.9967121604481772, 0.9943849723710378, 0.99413091648794, 0.9875558061088553, 0.9951518300339636, 0.9912610312181975, 0.9929965523516139, 0.9619144874520918, 0.9923990816304956, 0.9805387375436567, 0.9895959494970219, 0.998826677318052, 0.9907484505157542, 0.993107450061735, 0.9932108725045716, 0.9894681633399323, 0.9947958726731242, 0.9947225715015436, 0.9627654176068603, 0.9973727361767737, 0.9950550142605792, 0.9956346617494333, 0.9907914317835171, 0.9874097991129716, 0.9929926384098132, 0.9925730499997861, 0.9923425224929711, 0.9904666213484997, 0.9955272106005966, 0.9947297914672352, 0.9911492136645779, 0.9932307618000767, 0.9931020858329999, 0.9891144905869368, 0.9908616570952989, 0.9931517227505136, 0.9925347334471752, 0.9939855899423319, 0.9955708555226042, 0.9955107707328795, 0.9956391990076664, 0.9919762748796881, 0.993257802776194, 0.9924875266518809, 0.9929753695119691, 0.9919914459877304, 0.9922359230305946, 0.9849032355396964, 0.9894524395411446, 0.9962372596182134, 0.9920797656683554, 0.9896449575654598, 0.993641569828637, 0.991033489943102, 0.9877768667669038, 0.9930282170046184, 0.9934759935520343, 0.9929414287746656, 0.9918157443406229, 0.9939181801084477, 0.9937243868232878, 0.9936052128949702, 0.9956187388108851, 0.9938545537469807, 0.9932393252813156, 0.9935035866733083, 0.9873434835531587, 0.9907884769512688, 0.9937800704771406, 0.9958989816950164, 0.9936191450419959, 0.9969932161721802, 0.9959524032328537, 0.9942892018793666, 0.9921030514927774, 0.993910227832601, 0.9988128629041312, 0.9950389509783567, 0.9927795771100945, 0.9918123134712353, 0.9943841240677311, 0.9894922703774198, 0.9900693315664381, 0.9959168328515029, 0.9925140991211938, 0.9928794837819033], [0.9973435966601332, 0.9950807760095534, 0.9981982432409325, 0.9998337569686303, 0.999942725396507, 0.9951426017029971, 1.0, 0.9990627745255052, 0.9999211035276433, 0.9993863413382, 0.9915989910051515, 0.9999684711676777, 0.9983461341250941, 0.9988417893939868, 0.930420370409971, 0.9986437662911883, 0.9843536867913109, 0.9969120718628741, 0.9978470827507347, 0.986642084278044, 0.999739304261741, 0.9969527174062669, 0.9895107683023231, 0.9985870348417126, 0.9989732999591956, 0.9656036726983324, 0.9943402323876377, 0.9957758519342602, 0.9986142093425443, 0.9976095440774868, 0.9954845706661554, 0.9991081888295226, 0.9988606333500099, 0.9989119330315347, 0.9975342760032754, 0.998997357170215, 0.9992119800391688, 0.9980301563376593, 0.999202993069537, 0.9993881707325262, 0.9969497754239017, 0.9980464634365616, 0.9990437171100565, 0.9989302537262126, 0.9981089024762072, 0.9991468777364811, 0.9999220454826877, 0.9994433175821565, 0.9985004746203517, 0.9989465217887437, 0.9985028877338341, 0.9992852420042682, 0.9987233214805273, 0.9978477172925508, 0.9885980681138986, 0.9970843736799501, 0.9992230673017428, 0.9978661330420947, 0.9968763676287179, 0.9992300626309736, 0.9981232859345928, 0.9958036765909521, 0.9960292926081166, 0.9995583995414683, 0.9991356387597009, 0.9985539217842015, 0.9995531708707183, 0.999774281822651, 0.9998571078123037, 0.9996324303426202, 0.9995569288672032, 0.9993611611630273, 0.9995913456826299, 0.9913581368865007, 0.9979376935080624, 0.9996340774718404, 0.9999093143962953, 0.9997343610287206, 0.9994996118168179, 0.9996266290993047, 0.999120559146671, 0.9980508633176578, 0.9989727000518004, 0.9981038501331451, 0.9997514881774469, 0.9984544162345808, 0.9989007229429411, 0.9985643644736527, 0.9963534458159004, 0.9965567827766185, 0.9990345160427084, 0.9982507684798252, 0.9982900300949116], [0.9982185940796519, 0.9965915480294999, 0.9958456546941035, 0.9990810408019515, 0.9987023746190004, 0.9967121604481772, 0.9990627745255052, 1.0, 0.9987420451921349, 0.9976948681323957, 0.9934187778254101, 0.9990520000422911, 0.9957754865061295, 0.9967933388593089, 0.9386600554884365, 0.9964669828063001, 0.9840302940724113, 0.9938487358501119, 0.9978503082745438, 0.9907089173865523, 0.998069166745863, 0.9963845677851726, 0.9921183026588077, 0.9975057394832216, 0.9979167415408486, 0.9703202943996793, 0.9963047463224456, 0.9965361854410928, 0.9982702024181392, 0.994839956633617, 0.9919313203314516, 0.99708287909812, 0.9966949394970788, 0.9966988623341091, 0.9946944155104657, 0.9980018592940341, 0.9978342570350441, 0.9953827910028101, 0.9973602003093053, 0.997482282109063, 0.9938021768226631, 0.9953498250970025, 0.9970113066351398, 0.9968813961472665, 0.9966797790925879, 0.9978091011381143, 0.9988914542447088, 0.9981447707260536, 0.9964478802410806, 0.9970027649313433, 0.9963891263526069, 0.9973949662081157, 0.996740993533492, 0.9957478323529468, 0.9880174509577103, 0.9940099181123206, 0.9985670821676546, 0.995622053135903, 0.9938207758640746, 0.9974824127195394, 0.9956877539356741, 0.9923319143966391, 0.9972843233335695, 0.9977913142555124, 0.9971158694656638, 0.9961416910790225, 0.9978627859970999, 0.998395234357031, 0.9983752655297986, 0.9994021596329535, 0.9978578411344938, 0.9974728682674908, 0.9988055958176975, 0.9932215106527956, 0.9952102321515373, 0.9982901212085603, 0.9993102601010851, 0.9981518246771821, 0.9987534784169814, 0.9989200510831328, 0.9976253713917028, 0.9956010598338965, 0.9971039236802679, 0.9981565378574397, 0.9984437993804908, 0.9967924973786194, 0.9966077186348418, 0.998261728657766, 0.9949045972041576, 0.9950142780831319, 0.9990409365176314, 0.9982204677823466, 0.998357816971462], [0.9967879461282597, 0.9943322562875182, 0.9985492330557835, 0.9998605057790686, 0.999944098849405, 0.9943849723710378, 0.9999211035276433, 0.9987420451921349, 1.0, 0.9994436464907033, 0.9910066685812684, 0.9998739376914499, 0.9986017948874597, 0.9989716464861108, 0.927886951855567, 0.9988646765667675, 0.9841392173531903, 0.9972581651166499, 0.9974554747990888, 0.9854645819657921, 0.999835178959077, 0.9967737164749455, 0.9888339464418581, 0.998498709279933, 0.998919196027992, 0.9644816993148819, 0.9935755503212089, 0.9952922403932641, 0.9984655673386519, 0.9978895607282361, 0.9959330137651788, 0.9993709661214178, 0.9990214470869504, 0.9991436903176106, 0.9978357562683038, 0.9989512369951565, 0.999191622106414, 0.9982899245573289, 0.9992994426748477, 0.9995335160866573, 0.9973205118432481, 0.9983220244689545, 0.9991782811613185, 0.9991437544537862, 0.9980899280018707, 0.9992425198401518, 0.9998381278101401, 0.9993943942024526, 0.9987616392837564, 0.9990543171894936, 0.9986758027424157, 0.9994511491578312, 0.9989305412977445, 0.9980863943795146, 0.9898961249671625, 0.9974374009847833, 0.9990596587944773, 0.9980942458279911, 0.9972212359831818, 0.9993164193689783, 0.998362227357564, 0.9962365041099241, 0.9955106004176233, 0.9996570933949022, 0.9993362399267002, 0.9988577409706046, 0.9996269164159585, 0.9998449374334113, 0.9999060933772643, 0.9994131164388441, 0.9996349335603807, 0.999471167170094, 0.9995035603115674, 0.9907575464282474, 0.9982179002173788, 0.9997684975360968, 0.9997497477212455, 0.9997958815430653, 0.9993269116406016, 0.9994687475205004, 0.9991503948384677, 0.9982539479938757, 0.999081875116623, 0.997726664980742, 0.9997449927767674, 0.998597891784438, 0.9991138249695178, 0.9984400328763918, 0.9972322476820686, 0.9967553404628552, 0.9987729508409124, 0.9980219899433068, 0.998043274872364], [0.9964727349491022, 0.9941850935084385, 0.9994687025707998, 0.9992307107155739, 0.9994310471242766, 0.99413091648794, 0.9993863413382, 0.9976948681323957, 0.9994436464907033, 1.0, 0.9868279367095131, 0.9993385077413092, 0.9995425438120883, 0.999659943030016, 0.9286571971441706, 0.9995121464796962, 0.9831530848819554, 0.99881998866813, 0.9979116633422492, 0.9813022688608825, 0.9996441755534763, 0.996167786757413, 0.9849480040849554, 0.9986132976012833, 0.9987813272320452, 0.956599380673354, 0.9920004736605423, 0.9939766713971552, 0.9977348019349618, 0.9992292295819788, 0.9979013918403605, 0.9997845141854462, 0.9997018469867097, 0.9997218467651103, 0.999173313603142, 0.9989926409316786, 0.9994571254119964, 0.9994279348877488, 0.9996399756332606, 0.9998067123451252, 0.9987989429073689, 0.9994095649612275, 0.9998166339495531, 0.9995334577778465, 0.9985740266663558, 0.9996669762790615, 0.9996296611070908, 0.9998139560252365, 0.9990709650112657, 0.9996543327873241, 0.9993588736549442, 0.9996647420450749, 0.9990882607365013, 0.998837289896844, 0.987857158462542, 0.9988915982666453, 0.9988595344970416, 0.9990222512743774, 0.9988033372863274, 0.9996549513227306, 0.9990988046452471, 0.9981064035602288, 0.9925650671007766, 0.9998281854849558, 0.9997735937021113, 0.9996246917029962, 0.9998674376843952, 0.9994285148130563, 0.9996007259049298, 0.9981908560550345, 0.9998597182944281, 0.9998145686986631, 0.9982703096472013, 0.9865272631654805, 0.9993642005199243, 0.9993038988866537, 0.9990676547788103, 0.9996936099853592, 0.9994633783248433, 0.9990881416403942, 0.999421149771399, 0.9994801474853692, 0.9997921414154144, 0.9979834993522698, 0.9997913071212459, 0.9986957656882032, 0.9996447530575262, 0.9971647853511572, 0.9958179806899548, 0.9962898624861212, 0.9975450680766761, 0.9958380329321904, 0.9958401152256935], [0.989159118931565, 0.9870249506938367, 0.9825483728039013, 0.9913321863620547, 0.991202019485911, 0.9875558061088553, 0.9915989910051515, 0.9934187778254101, 0.9910066685812684, 0.9868279367095131, 1.0, 0.9917862517231164, 0.9831058611171903, 0.9849834411750349, 0.9238505145961357, 0.9840345676167417, 0.9785310404317713, 0.9788313298752604, 0.9863190336409293, 0.9965437558210142, 0.9893924112019693, 0.98931635023022, 0.9946055894819389, 0.9876911849488214, 0.9885948107449211, 0.9911100111313658, 0.9919952009162206, 0.9919027817849687, 0.9899899232572967, 0.9806567796275988, 0.9754943173380349, 0.9856649894045024, 0.9849547828895937, 0.9849964504445406, 0.980484935130357, 0.987255935253247, 0.9875033947280374, 0.9819669322859983, 0.9868786625411996, 0.9870028285331105, 0.979189891111696, 0.9821527624455149, 0.9852742345434914, 0.9853342158203788, 0.9854964404763099, 0.9861438411897475, 0.990348303887507, 0.987135597709333, 0.985706670361324, 0.9855127015008748, 0.984126821000818, 0.9866782536763852, 0.9857977326190761, 0.9831305721997466, 0.9808759045281091, 0.9794700743878824, 0.9895245147161759, 0.9824302140975324, 0.9786812488660173, 0.9866922996862627, 0.9836110935913096, 0.9762614531574489, 0.9990459171335819, 0.9877204699244468, 0.9858546454058862, 0.9837788419145297, 0.9875052986478386, 0.990445480954447, 0.990182587301033, 0.9944085112902774, 0.9875455020859814, 0.9869526167333385, 0.994307757402231, 0.9999982712742236, 0.9817878991287198, 0.9900508808469135, 0.9923553021867378, 0.9892163236438164, 0.9886294824240469, 0.990966261306275, 0.9869251968725902, 0.9817662690686818, 0.9848360302529685, 0.9871004941427962, 0.9885773061705129, 0.9856717900572265, 0.9853076712737179, 0.9920943771533023, 0.9878041699670852, 0.98511123561216, 0.993635055140224, 0.9973142841911335, 0.9973697889373865], [0.997271306269053, 0.9950850282995998, 0.9981372540867778, 0.9998067052190212, 0.999898217658921, 0.9951518300339636, 0.9999684711676777, 0.9990520000422911, 0.9998739376914499, 0.9993385077413092, 0.9917862517231164, 1.0, 0.9982909169782576, 0.9987994346248191, 0.9304001391697716, 0.9984451115326731, 0.9850847800414865, 0.9968177846753433, 0.9978203310495659, 0.9868341717803176, 0.9996739171857549, 0.9969723782874916, 0.9890594406658278, 0.9985729270103718, 0.9990129690628862, 0.9659656340305464, 0.9943295230127954, 0.9958308742226264, 0.9982594051730704, 0.9975360265831987, 0.9953807173024504, 0.9990199001177636, 0.9988183582014453, 0.9988231920722178, 0.9974470391099688, 0.9987071997306382, 0.9991903631295079, 0.9979660523875951, 0.9991768548127382, 0.9993146826004609, 0.9968690582887697, 0.9979845191591229, 0.99897532645078, 0.9987043515050188, 0.9980772307903144, 0.999081243897401, 0.9999227750742701, 0.9994075768925181, 0.9984700074823373, 0.9989083952486065, 0.9983441618436414, 0.9991001995797779, 0.998413277116363, 0.9977497708002181, 0.9886158118207209, 0.9970049313533469, 0.9991423451423398, 0.9977409307875772, 0.9967721982626491, 0.9991374489621847, 0.9980298924906423, 0.995704473307116, 0.9961593939865675, 0.9994832312539358, 0.9990493832873755, 0.9985031231895662, 0.9994791253151324, 0.9997401197182876, 0.9998175484366056, 0.9996175689750672, 0.99947867734738, 0.9993252748098468, 0.9996390006192052, 0.9915478366202815, 0.9978730180082918, 0.9995471218756008, 0.9998911996366034, 0.999694821946318, 0.9994607781953937, 0.9996358807103117, 0.9990078392709567, 0.9979832600660602, 0.9988714865277906, 0.9980141701594887, 0.9996487390882155, 0.9980737348270492, 0.998841220704209, 0.998219312919488, 0.9962988119502814, 0.9959614207759105, 0.9989354623929424, 0.9983432652160327, 0.9983539490884009], [0.9940989742328439, 0.9913779439569501, 0.9997933224017607, 0.9980714084516613, 0.9986216607742385, 0.9912610312181975, 0.9983461341250941, 0.9957754865061295, 0.9986017948874597, 0.9995425438120883, 0.9831058611171903, 0.9982909169782576, 1.0, 0.9996781145129825, 0.9210293684208546, 0.999592989965717, 0.9816075093101123, 0.9997550840554255, 0.9963417437030136, 0.9758935296925988, 0.999213793577518, 0.9948504914765893, 0.9805735005961632, 0.9978036048258656, 0.9978881384828007, 0.9501003174014949, 0.9885945258402031, 0.9915366778839362, 0.9961564571857929, 0.999905146533954, 0.9992800344403521, 0.9997545586431098, 0.9998071861518961, 0.9998466197990252, 0.9998996797066003, 0.9980553257512159, 0.9988959494917008, 0.9999764459746002, 0.9994429182080949, 0.9996409434157674, 0.9997851866384475, 0.9999866718213882, 0.9998087712682807, 0.9994717075674232, 0.9980909116171671, 0.9991274627465784, 0.9987240702096193, 0.9992173357405412, 0.9990535348941424, 0.9995782407799678, 0.9994055697912129, 0.9994560405665357, 0.9989146190733339, 0.9989187779732652, 0.9866429222836863, 0.9998182299750605, 0.9976592747721781, 0.999229203788667, 0.9997345125927312, 0.9993738437452899, 0.9994104779603462, 0.9994061697076967, 0.9894725647389766, 0.9995343250474578, 0.9997296851258547, 0.99995106446939, 0.9995281919411332, 0.998753655751763, 0.999011961053076, 0.9964971749457248, 0.9995234955001623, 0.9996503601261215, 0.9970056061429242, 0.9827638676441303, 0.9999747893875177, 0.9985990605873414, 0.997748126229722, 0.9992174831243003, 0.9983980211120662, 0.9979090655966194, 0.998933793408755, 0.9998943995995175, 0.9996713970349124, 0.9963290975220763, 0.9991226735235257, 0.9982572235343009, 0.999812415300672, 0.9954598180350678, 0.9951952141069154, 0.9956257970258428, 0.995657749833136, 0.9938427466087887, 0.9937621502190797], [0.995487900126393, 0.9930836637329421, 0.999570860898061, 0.9986506788016754, 0.9989661650030974, 0.9929965523516139, 0.9988417893939868, 0.9967933388593089, 0.9989716464861108, 0.999659943030016, 0.9849834411750349, 0.9987994346248191, 0.9996781145129825, 1.0, 0.9260058532158865, 0.9994579729655779, 0.982398313110852, 0.9991837624648559, 0.9972990290676028, 0.9788808961304989, 0.9993428706905142, 0.9955295508182388, 0.9828039899858126, 0.9982256638869341, 0.9983176570059982, 0.9534100308309595, 0.9905281837601887, 0.9928774457824733, 0.9969278951341155, 0.9994819613754333, 0.9984626588736858, 0.9996976925909745, 0.9996884000775025, 0.9998961530651759, 0.9994408303067401, 0.9985052881627843, 0.9997342079736867, 0.9996153886902936, 0.999486509910893, 0.9996500005712979, 0.9991731031036855, 0.9996014629719231, 0.9997549359000373, 0.9994004096794226, 0.9983379759549426, 0.9994118168770744, 0.9991741422177935, 0.9995302102113366, 0.9989863859203933, 0.9999691693649286, 0.999305873832792, 0.9994669968264303, 0.9988735080634117, 0.9988236724117352, 0.9872350877772704, 0.9992426896529032, 0.9982900982557413, 0.9997476819349723, 0.9991663973804333, 0.9994610185728185, 0.9991542806934391, 0.9986300577172891, 0.9910675501077941, 0.9996135710594228, 0.9996789565058447, 0.9997043189876148, 0.9997931193762266, 0.9990272281624616, 0.9992362785761764, 0.9973460456830087, 0.9996361331217608, 0.9996709574473404, 0.9975823843178806, 0.9846631177696928, 0.9995738670393223, 0.9988839512222177, 0.9984126122246988, 0.999391186331621, 0.9989855686532476, 0.9985206027973631, 0.9991451938657986, 0.9996308822519276, 0.9996958118798799, 0.9973083142253318, 0.9994287597904397, 0.9983710691529248, 0.9996287578867591, 0.9962538733955908, 0.9953927566832925, 0.9957869892163008, 0.9966189244721486, 0.9947981427912512, 0.9947647233722534], [0.9545441652653683, 0.9621037301793376, 0.9251553952679403, 0.9333125646694733, 0.9265713383089956, 0.9619144874520918, 0.930420370409971, 0.9386600554884365, 0.927886951855567, 0.9286571971441706, 0.9238505145961357, 0.9304001391697716, 0.9210293684208546, 0.9260058532158865, 1.0, 0.9248565725724058, 0.9191326882850979, 0.919091489218237, 0.9503484117170371, 0.9494630039001118, 0.9237638313385416, 0.9315090583686815, 0.9387488275451926, 0.9331694947654886, 0.9320823569543227, 0.902161787834299, 0.954069881526386, 0.941338011461022, 0.9370101718413963, 0.9214844597911174, 0.9150519587326379, 0.9253485409546176, 0.9243753653153882, 0.9234992201518706, 0.920525088789859, 0.9355608351118676, 0.9312536907283127, 0.921567465718161, 0.9257342975169378, 0.9248710482994422, 0.917132458351807, 0.9204322827371765, 0.9260880130244941, 0.9245191237217074, 0.9316315779703074, 0.9347748353583359, 0.9319970216768971, 0.9340795069822364, 0.923049479760495, 0.9266513773945191, 0.925398937105827, 0.9250022507584348, 0.9232547776327583, 0.9261401863524719, 0.9237760658253269, 0.9180064916074889, 0.9368849049327799, 0.9256250645219763, 0.9194078896631708, 0.9273866310222084, 0.9208593969499305, 0.9154928226509472, 0.9324318091851346, 0.9257629922500424, 0.9250653440048664, 0.9224802279178808, 0.9274380685153553, 0.9258207060381988, 0.9251813663013225, 0.9329773239930456, 0.9271992971522309, 0.9253575428023433, 0.9250303118747983, 0.9237071159823905, 0.9204854473033441, 0.9265787214893596, 0.9334067530375961, 0.9256278869015802, 0.9388952598592357, 0.9343879786647047, 0.9301422783270259, 0.9250933630693792, 0.9292292374656568, 0.9497204760336819, 0.931092657305093, 0.9271287084457495, 0.9215158513542765, 0.9323202236893707, 0.9195574875522037, 0.9227979513349696, 0.9359953356736215, 0.9246763388369128, 0.9260076266300851], [0.9952597089182302, 0.9925010098764482, 0.9995047545210165, 0.9984427885333225, 0.9988419033445299, 0.9923990816304956, 0.9986437662911883, 0.9964669828063001, 0.9988646765667675, 0.9995121464796962, 0.9840345676167417, 0.9984451115326731, 0.999592989965717, 0.9994579729655779, 0.9248565725724058, 1.0, 0.9828558430047025, 0.9992360865479077, 0.9969158606579824, 0.9777115571016205, 0.9993079573399622, 0.9951159782806233, 0.9841278636911027, 0.9979223543068091, 0.9986487380659723, 0.9518739545969883, 0.9900804724303687, 0.9922726564034715, 0.9978918847558385, 0.9994490440769837, 0.9985612711505312, 0.9997407987296383, 0.9995398827277915, 0.9997407373425384, 0.9994653527951836, 0.9992235026991227, 0.9989090042065332, 0.9995532625637934, 0.9992773696827204, 0.9996295019248668, 0.9991897302459034, 0.999540022787541, 0.999694613188671, 0.9999489114105511, 0.9981004503061957, 0.9993095768247902, 0.998837581900496, 0.9993005696704751, 0.998826344952968, 0.9993928915515485, 0.9995844103516408, 0.9998633230399153, 0.999745130689711, 0.9988792698516697, 0.9870961630819676, 0.9992499458950265, 0.9982213769059674, 0.9992133409872375, 0.9992529731416187, 0.9994898948678952, 0.9992154056868107, 0.9987121854338477, 0.9902761390354399, 0.9995933862844489, 0.9997059509494031, 0.9996111390947132, 0.9996082031466962, 0.9988735165736878, 0.9990981159438511, 0.9970801975271111, 0.9996167145680473, 0.999501722755833, 0.9971359289362808, 0.9837056943411397, 0.9995204546018784, 0.9989329523527306, 0.9981467123281844, 0.9992450964344542, 0.9987411556262769, 0.9981378107710513, 0.9992315419713675, 0.9995564288545344, 0.99973791629092, 0.9971706273097176, 0.9994796219238982, 0.9994807419902443, 0.9996868126500904, 0.9972237301953742, 0.9954809346196138, 0.997730013841926, 0.9966446417410408, 0.9941975241475645, 0.9942627813068315], [0.9823447658867638, 0.9804166365844817, 0.9815028222180446, 0.984252542097132, 0.9841537572249824, 0.9805387375436567, 0.9843536867913109, 0.9840302940724113, 0.9841392173531903, 0.9831530848819554, 0.9785310404317713, 0.9850847800414865, 0.9816075093101123, 0.982398313110852, 0.9191326882850979, 0.9828558430047025, 1.0, 0.97976812748773, 0.982322368003898, 0.9745475052767921, 0.9836608809810534, 0.9815958640561572, 0.9759017996734717, 0.9827415389853763, 0.9902010117394877, 0.9554029305256503, 0.9802783802187017, 0.9812203226392956, 0.9828781874350727, 0.9806635931987032, 0.9780352840319538, 0.9826573775707386, 0.982371926713785, 0.9823622784343383, 0.98054488514387, 0.9828488619357523, 0.983182240358214, 0.9811977840702437, 0.9829592973539042, 0.9830699809156657, 0.9798132863497643, 0.9812117998434388, 0.9825842808363129, 0.9823335754096338, 0.9820014182305539, 0.9829894869481729, 0.9841838562982317, 0.9833745704587186, 0.9821575596819019, 0.9825755660782342, 0.9818951619155437, 0.9828523424279856, 0.9821263365615581, 0.9812876540504466, 0.9733606947716461, 0.9799837255039077, 0.9835446562687238, 0.9811735153816207, 0.9797176828458255, 0.9829410595699067, 0.9814600888260416, 0.9784168639797102, 0.9822323400525462, 0.9833259738541811, 0.9827014403470664, 0.9819083907219154, 0.9833323241758283, 0.9839065156645225, 0.9839180855029224, 0.9844985266354698, 0.9833319253273978, 0.983082387549609, 0.9843171686896041, 0.9783295447225172, 0.9810716474186529, 0.9837136221439144, 0.9844610959343649, 0.9836985648649588, 0.9837299153646368, 0.9840868016076465, 0.9829296807536286, 0.9812665212092718, 0.9825129065380696, 0.9825748282558276, 0.9837004852815009, 0.9819183959226525, 0.9833918372300084, 0.9830185358063448, 0.9805611476207885, 0.9799946333561652, 0.9839030508102703, 0.983635243911465, 0.983682837966503], [0.9925599403408835, 0.9897921332410304, 0.9995982464026586, 0.9966379683985399, 0.9972570315776647, 0.9895959494970219, 0.9969120718628741, 0.9938487358501119, 0.9972581651166499, 0.99881998866813, 0.9788313298752604, 0.9968177846753433, 0.9997550840554255, 0.9991837624648559, 0.919091489218237, 0.9992360865479077, 0.97976812748773, 1.0, 0.9953804115194401, 0.9712901586389932, 0.9981308637465176, 0.9932817481921813, 0.9768439577889468, 0.9967844092310686, 0.99678882120116, 0.942982395921679, 0.9860636373478948, 0.9892992527443347, 0.9947549466852753, 0.9999506644283225, 0.9998614252271728, 0.9991877155953038, 0.9993256453470295, 0.9993690244938442, 0.9999649768954542, 0.9971842887082347, 0.9980205062936304, 0.9998702895841398, 0.9986882661241087, 0.9989001991832519, 0.99998077975197, 0.9998549603526686, 0.999300170832477, 0.9989436879532799, 0.9973683545393794, 0.9984565389982056, 0.9974830936994105, 0.9984359080612161, 0.9983810270342417, 0.9990097597291545, 0.9990058218706263, 0.9987574634710796, 0.998281320597866, 0.9985676786688239, 0.9850398403981114, 0.9999864922113949, 0.9964287675864528, 0.9990049646627348, 0.9999983409578159, 0.9986534036604203, 0.9990443621417868, 0.9999099919367235, 0.9860886041799586, 0.9986990617219155, 0.9991391627280632, 0.9996185855880032, 0.9987236290486106, 0.9974883972314956, 0.9978096742987523, 0.9945157923700639, 0.9987136205687855, 0.9989114907602614, 0.9950548876230972, 0.9784491030074778, 0.9998865184150888, 0.997373949362343, 0.9961610481684708, 0.9981570698335439, 0.9973586877834559, 0.9965057780001285, 0.9981480708259969, 0.999815678113823, 0.9992165654041252, 0.9952831679990956, 0.9981603588680856, 0.9975913921004861, 0.9992878420647671, 0.9937059519528605, 0.9937793365556614, 0.994755022196969, 0.993701002503279, 0.9911535771464536, 0.9910675445406861], [0.9995050224712407, 0.9989010131049588, 0.9969802877408779, 0.9982110184946889, 0.9972220084391289, 0.998826677318052, 0.9978470827507347, 0.9978503082745438, 0.9974554747990888, 0.9979116633422492, 0.9863190336409293, 0.9978203310495659, 0.9963417437030136, 0.9972990290676028, 0.9503484117170371, 0.9969158606579824, 0.982322368003898, 0.9953804115194401, 1.0, 0.9860582582606265, 0.9969086683051241, 0.9953500844366594, 0.9870538921382768, 0.9976633308840469, 0.9975841241777194, 0.9573607702326916, 0.9957114218311197, 0.9952140884972743, 0.9974744097168884, 0.996143717164083, 0.993909302257153, 0.9972774508633245, 0.9970558276453221, 0.9969072573521094, 0.9959280057376692, 0.9982934254979643, 0.9980394229853492, 0.9963312537795981, 0.9972471543775849, 0.997223591346967, 0.9950342044968626, 0.9961234554853036, 0.9974361919701568, 0.996877845378133, 0.9973554410518932, 0.9987969072867201, 0.9983270349782665, 0.9988145447891439, 0.9963076922660814, 0.997407444760164, 0.9969010953763362, 0.9970881368894577, 0.9962622024328444, 0.9966088183709826, 0.9870509198014084, 0.9952621513091646, 0.9984861878057604, 0.9966643512874569, 0.9954166436922224, 0.9975183428852612, 0.9959296007837845, 0.9941599355870686, 0.9925609422711195, 0.9973953766028222, 0.9972211959785717, 0.9966614997094178, 0.9977138167686986, 0.997092885692116, 0.997125422559892, 0.9972972450171754, 0.9976652907060459, 0.9973259185224513, 0.9960287251727291, 0.9860438374386414, 0.9960925522305589, 0.9970986216785064, 0.9980968247246867, 0.997276358290469, 0.9993464529621631, 0.9982865319681202, 0.9977867305849093, 0.9969748461055685, 0.9979391847756192, 0.9999337192088035, 0.9982672279755125, 0.9965703590455062, 0.9965071380551721, 0.9962067673141387, 0.9929878438451089, 0.9937432421374226, 0.9972406453930314, 0.9939576972235232, 0.9941770064068024], [0.9902082769363062, 0.9902398355304886, 0.9762645049554353, 0.9870508370452085, 0.9853722887313218, 0.9907484505157542, 0.986642084278044, 0.9907089173865523, 0.9854645819657921, 0.9813022688608825, 0.9965437558210142, 0.9868341717803176, 0.9758935296925988, 0.9788808961304989, 0.9494630039001118, 0.9777115571016205, 0.9745475052767921, 0.9712901586389932, 0.9860582582606265, 1.0, 0.9828629124734793, 0.9852951473282894, 0.9948749051946106, 0.9834619500715299, 0.9841088454846285, 0.9895467381944195, 0.9939937978499115, 0.9906067243392205, 0.9868830998863722, 0.9735816283220639, 0.9672120317321232, 0.9794022274982386, 0.9784788644715321, 0.978325677528412, 0.9732073589504198, 0.9834923040206408, 0.9826529809616488, 0.9748841118476522, 0.9807474542108153, 0.9806475617770869, 0.9712210921953717, 0.9748237507947907, 0.979161166934445, 0.9789514906389234, 0.9809016618491213, 0.9820138153302023, 0.9856653957604361, 0.9828294208072729, 0.9790892277450067, 0.9795629738467838, 0.9779553513125282, 0.9803899579133509, 0.9792494026441152, 0.9772222399228367, 0.9768942821756408, 0.9716791281204508, 0.986101335958457, 0.9763568503578611, 0.9712130202370497, 0.9809292920800315, 0.9764731729748908, 0.9680420053720475, 0.9961875695273209, 0.9815701589803366, 0.9795339612364979, 0.9768810124709217, 0.9817160003352896, 0.9844366210003457, 0.9839885069130119, 0.9903346732536591, 0.9817057488727035, 0.9806997192613265, 0.988437332860297, 0.9965782292613428, 0.9744757647900187, 0.9842382592376379, 0.9881467584775082, 0.983085957448803, 0.9854993533834098, 0.9869481013740384, 0.981834966225387, 0.9754546513730317, 0.9794250148660404, 0.9867011701673937, 0.9836387732897095, 0.9800808051094543, 0.9782166211260374, 0.9881031068907857, 0.9811828855550127, 0.979113970049547, 0.9903769118538495, 0.9919599433639471, 0.9923151808624907], [0.9958278183134407, 0.9930869215659889, 0.9989132647174243, 0.9994411547580813, 0.9998994669328299, 0.993107450061735, 0.999739304261741, 0.998069166745863, 0.999835178959077, 0.9996441755534763, 0.9893924112019693, 0.9996739171857549, 0.999213793577518, 0.9993428706905142, 0.9237638313385416, 0.9993079573399622, 0.9836608809810534, 0.9981308637465176, 0.9969086683051241, 0.9828629124734793, 1.0, 0.9964179181571304, 0.98701073831428, 0.9984101606696896, 0.9988277345744659, 0.9613889797752898, 0.9920630149666821, 0.9943097995320299, 0.998075455422073, 0.9986174351778297, 0.9970443787499134, 0.999614461885149, 0.9994439029407026, 0.9995485205063861, 0.998597165790056, 0.998873823788588, 0.9992421932508928, 0.9989519087648785, 0.9995595130443989, 0.9998089040100917, 0.9982235862328926, 0.9990027974908146, 0.9995448118307149, 0.9995117367738051, 0.9981765992629084, 0.9991613941650962, 0.9997074875087303, 0.9994201985370735, 0.9990054087712433, 0.9993741883137055, 0.9990980797857415, 0.9997419391537363, 0.9992977000958069, 0.9984062730162282, 0.9880812569250061, 0.9983067234222357, 0.9987804791285972, 0.99853423121789, 0.998093442066616, 0.9995471982353822, 0.9989166475487169, 0.99730600973845, 0.9942146896817753, 0.9998845679542538, 0.9996380003508025, 0.9993103762907648, 0.9998238196082636, 0.9998218550362098, 0.9999772587534999, 0.9988827926041297, 0.9998356967263085, 0.999753176268048, 0.999205471364104, 0.9891212002856264, 0.998915751493287, 0.9996788056157286, 0.9994091528913023, 0.9999215724814521, 0.9990958392636435, 0.9991854117767461, 0.9992705117718782, 0.9988339045275766, 0.9993710523366126, 0.9971601110466627, 0.9997690142189172, 0.9988346014632331, 0.9995927821777965, 0.9980028842873919, 0.9964670374389215, 0.996953791849224, 0.9981546024779334, 0.9973361045254234, 0.9973186747588265], [0.9950400659788962, 0.9931377055382847, 0.9948095073847645, 0.9968770641861338, 0.9967637738399592, 0.9932108725045716, 0.9969527174062669, 0.9963845677851726, 0.9967737164749455, 0.996167786757413, 0.98931635023022, 0.9969723782874916, 0.9948504914765893, 0.9955295508182388, 0.9315090583686815, 0.9951159782806233, 0.9815958640561572, 0.9932817481921813, 0.9953500844366594, 0.9852951473282894, 0.9964179181571304, 1.0, 0.9870266535596616, 0.9956056450129829, 0.9958634182910217, 0.9641384749539511, 0.9923470493871923, 0.9933893506726011, 0.99549047916045, 0.9940806675827901, 0.991713993312854, 0.9957382279488673, 0.9954991262547556, 0.9954800234636133, 0.9939642671038976, 0.9957875825013554, 0.9961243569513052, 0.9945265377423871, 0.9959332818058118, 0.9968193512805451, 0.993283989015103, 0.9945166573768456, 0.9957056544526672, 0.9954082917306817, 0.995029857278322, 0.9960823011988132, 0.9969176329284287, 0.9963976286834125, 0.9951576323908724, 0.9961992181918186, 0.9950597596019315, 0.9958342350722861, 0.9951124705246819, 0.9977332084713378, 0.9857721208963632, 0.9934453691306896, 0.9963028658134393, 0.9944487884748593, 0.9932436181411186, 0.9959389436708355, 0.9946175075147619, 0.9920540797692, 0.9936491603871052, 0.9962469331326549, 0.9957637440728437, 0.9951125410641973, 0.996285004285928, 0.99657194777417, 0.9966172907568728, 0.9967807394607271, 0.9962789273614981, 0.9960636330171724, 0.9965673654999041, 0.9890879032915688, 0.99