"[[1.0, 0.9107421593383124, 0.9537188057259234, 0.948340477108674, 0.8692510637930574, 0.9419767220471112, 0.9572216755003025, 0.9478481997600241, 0.9350559005097284, 0.9340477423708338, 0.8853543247323631, 0.7009718745091422, 0.9250314640998145, 0.9039739627364769, 0.6229779521186207, 0.9289786085001287, 0.3483481597009366, 0.8108076703810732, 0.885470276086578, 0.8962113575725295, 0.8778292090874739, 0.9050841155142976, 0.7715775459049564, 0.8154653186557312, 0.6867131313547198, 0.7592928975328976, 0.8926047396716277, 0.8434454674300764, 0.9577197655763888, 0.8320077936872335, 0.891750248995568, 0.9422169804836545, 0.9310251547819479, 0.9279263700578795, 0.7776315268064945, 0.9543719391443781, 0.949379253510857, 0.9387528152305531, 0.9421938343055791, 0.9316250388020088, 0.8121667603982697, 0.9597665222734637, 0.9622839400719919, 0.8086304068653961, 0.8448555957720798, 0.9482313097398422, 0.909701629737421, 0.8527160536375574, 0.8820225397441255, 0.7606002015558918, 0.8573905708124278, 0.9301232644667574, 0.8937867942773481, 0.8388958927095364, 0.6903825988421326, 0.7159320696360911, 0.8509402987226424, 0.616169001320391, 0.762896756773739, 0.9358954988302948, 0.6651349059047976, 0.6829137122220429, 0.8506015786659834, 0.9275301252296125, 0.9225785858538447, 0.9354839734657752, 0.9400486351225957, 0.8797106885051627, 0.8629684170335326, 0.964966412395001, 0.9534151710166866, 0.943063103724638, 0.9351739492621066, 0.9052937785562285, 0.9395167023530814, 0.8923350557856718, 0.8665105785774894, 0.8742511527635913, 0.9136899484220684, 0.8702462092607649, 0.8951803691540577, 0.9040746255583006, 0.8839147148503115, 0.9099953850216232, 0.7923013701999116, 0.7895946445454569, 0.8919094841653327, 0.7686918921519824, 0.7321317082229268, 0.8279934363512615, 0.8913836818856997, 0.8999166238552265, 0.8518320811390984], [0.9107421593383124, 1.0, 0.9146853890039485, 0.898935957066193, 0.8286515481596928, 0.8670050708128768, 0.9156483509777871, 0.9031483125988973, 0.901102706396848, 0.889826322593303, 0.832333668298489, 0.6942329543283275, 0.8823398101283595, 0.8737245190877952, 0.5719100250383367, 0.9010204006921518, 0.3314437627857971, 0.7881792518703958, 0.8277594790768386, 0.8417817961676116, 0.8449576377339811, 0.8645563086159821, 0.7483277659618092, 0.7500620963885403, 0.7112749605450275, 0.7376618261017769, 0.7611802109610554, 0.8105991006869573, 0.8598333651564944, 0.7900100631333077, 0.8613649313640608, 0.9480316917387597, 0.8852045968459633, 0.8952762906491428, 0.7623157144429411, 0.8975543784562402, 0.8865737268697317, 0.8937872571885112, 0.9097937256549563, 0.8914619034427691, 0.7890942910835572, 0.923150141774157, 0.8930857539452902, 0.7894575192238931, 0.8227491413301695, 0.9144854824972529, 0.8728946485146235, 0.8158640278933496, 0.8216394503862349, 0.7441090030395462, 0.821164108033922, 0.8937272680457555, 0.8441033847205447, 0.7786095509896839, 0.6463258976132158, 0.6859985618984881, 0.7941748440390636, 0.5884324223405476, 0.6714305167957253, 0.8719159371587041, 0.6401166940358285, 0.6611073014197306, 0.76768766759658, 0.8560557612239216, 0.882863719927117, 0.8951633691297073, 0.9090986921306773, 0.8438512154843893, 0.8370531974399461, 0.9164191342320376, 0.9123675379601944, 0.9114191072376585, 0.8954312688243495, 0.8628600551024103, 0.9057388431388779, 0.8339180289573225, 0.8668290061842298, 0.7909367541206571, 0.9032333936503775, 0.8722113724344397, 0.8599567852203719, 0.8737575509690281, 0.8503507779574375, 0.8709169475894987, 0.7018332795326432, 0.766520736025824, 0.8387607676592969, 0.7817543202241868, 0.7059883791681103, 0.7901369598607029, 0.866575144177193, 0.8654845410086761, 0.8235433728247009], [0.9537188057259234, 0.9146853890039485, 1.0, 0.964440350204283, 0.8996656363678602, 0.9079008704205705, 0.9785231257051302, 0.9555419335797836, 0.9576793354373129, 0.9589039717592021, 0.8670702409552712, 0.6670392273122475, 0.9498741444439934, 0.9412361986735933, 0.6019252612899018, 0.9473372852701768, 0.3695833939508313, 0.8900823603674837, 0.8836534519782877, 0.9066442727123132, 0.936453531999323, 0.9087567395725513, 0.8570003910613697, 0.787019982162877, 0.7327335180414093, 0.8458108588827008, 0.7999947347134383, 0.8678990097163364, 0.9115088525682524, 0.8452427768723872, 0.9194368605167665, 0.9630772894019834, 0.9286288769230986, 0.9719883568375196, 0.7480695055632585, 0.9454910529686017, 0.9208023532763611, 0.9569491858054378, 0.9559462285108749, 0.9467393216338705, 0.7777435246516875, 0.9700766329411685, 0.9143899244888016, 0.7856253090834373, 0.9129339677381559, 0.9662962797354294, 0.9078726762265549, 0.8509601275706514, 0.8553387446526693, 0.7196387381622634, 0.8653151378099977, 0.9288885452542236, 0.9124855188103689, 0.8158848568487275, 0.6735367214121775, 0.7289131578039076, 0.852507292018418, 0.6390365545292636, 0.6937972776296442, 0.9152433877535168, 0.6938020671849139, 0.709896839612774, 0.7981770686492093, 0.9016129970069038, 0.9518784762983243, 0.9522097738119066, 0.9669861896087837, 0.8924661027959762, 0.9296607354632606, 0.9646822393490123, 0.9748147648015925, 0.9589606055209767, 0.9695590388391709, 0.8847299095006534, 0.9554375806701922, 0.8729228208572585, 0.9100404847641509, 0.8310545161801932, 0.9307545965705925, 0.9040096403445922, 0.9230634660863237, 0.9379641679275403, 0.9420078193780105, 0.9843365671167044, 0.7402973194785735, 0.8712669026824988, 0.8822073211838947, 0.817944313418673, 0.7635517940284018, 0.8417054744821642, 0.9297629319839138, 0.9189549641396195, 0.9186129777265449], [0.948340477108674, 0.898935957066193, 0.964440350204283, 1.0, 0.9068120815668718, 0.9261740313369521, 0.971858146625929, 0.9512198134909121, 0.9476611970834022, 0.9441246560046003, 0.8966250425229003, 0.6342989876299223, 0.9510382264644351, 0.9313655035491811, 0.6179223536930223, 0.9373867172021453, 0.3969058749423505, 0.8844215906100388, 0.8921662219592432, 0.9033633825405368, 0.9315278567498062, 0.9028638306308626, 0.8509991068730448, 0.801531144843805, 0.6745405341092416, 0.8413010863568061, 0.7810287605381185, 0.8601274735496268, 0.8934961608393794, 0.8416137268234934, 0.9099836680184324, 0.956905993396499, 0.9101980308231803, 0.9357898208203023, 0.720511489841795, 0.9315914177047668, 0.9138716307850533, 0.939096671952458, 0.9378230660527868, 0.9443288713330094, 0.7554373626608071, 0.957841200841259, 0.8960924300907209, 0.7639381992016467, 0.9031477423759608, 0.9500253544461515, 0.8991782469459088, 0.8383936269996204, 0.8555009497760063, 0.6923824021155321, 0.8593806043987628, 0.9236931537453327, 0.8938252122817445, 0.8149861929597613, 0.6820092604091104, 0.7291176862301569, 0.8461525557730668, 0.6593075674610732, 0.7389473702130712, 0.908322124885174, 0.7096903462704031, 0.7171750040113591, 0.8296618950705823, 0.9215170134529523, 0.950489547573159, 0.9473318877748305, 0.9544312652119245, 0.8902713233240533, 0.921188572002084, 0.9702458257848046, 0.9688008429606841, 0.9450826974720103, 0.9502212401778163, 0.8652142108382987, 0.9428959815090339, 0.8665433244402356, 0.8682805914842684, 0.8633327785718229, 0.8946730350096488, 0.8592032151247492, 0.9157106414298465, 0.9278968684363808, 0.9354383306543528, 0.9344672207917581, 0.7824970830567357, 0.865856108043476, 0.8792548616393115, 0.7681072474228522, 0.7611198941201647, 0.8425457473738066, 0.9134815211468991, 0.910793949648033, 0.9056799518340216], [0.8692510637930574, 0.8286515481596928, 0.8996656363678602, 0.9068120815668718, 1.0, 0.8223470412138796, 0.8939315330548678, 0.8837941145364642, 0.8928382242630946, 0.8918228037305043, 0.7835745206795234, 0.605291320760015, 0.9320252464327872, 0.8859785111460071, 0.5492634072757593, 0.940314546937837, 0.7145561485631201, 0.8658145358157037, 0.8068361902207908, 0.832433651533374, 0.9296834490214703, 0.8319107553230682, 0.812501666505321, 0.7154213008053494, 0.610745770647587, 0.8058035579688178, 0.7329015838497691, 0.7934654068230921, 0.8522508348488794, 0.7731857393071878, 0.8772834808014311, 0.9422475168516735, 0.8509054167767923, 0.9289862377407716, 0.6813163431601306, 0.8596958696152343, 0.8377524833763282, 0.8751886284893644, 0.8803738017991309, 0.9409666997784276, 0.7082064382352562, 0.8867927989255155, 0.8525138067507985, 0.7578037441520864, 0.8582020991176963, 0.8781269299550065, 0.848843136875082, 0.7665717163860021, 0.841552312696505, 0.650402429976282, 0.8033213823543851, 0.8965883895520292, 0.8375419553728218, 0.8232400298510373, 0.6978880724255646, 0.7462972597182476, 0.7775796082500693, 0.8969056092269712, 0.6663741732216009, 0.8657859409991614, 0.9269243801266903, 0.9282374923724304, 0.721054902034772, 0.820500936303666, 0.9325705626244363, 0.9238236732072226, 0.903599308939015, 0.9119582195269563, 0.8743818630478756, 0.874756552382249, 0.9046951455268303, 0.8876210851238147, 0.9413329727618854, 0.8092837862783078, 0.8716055432998185, 0.857116453415307, 0.797534665397311, 0.7574483989185496, 0.8350126435086281, 0.79012506420758, 0.8449202778177545, 0.8837843307381347, 0.8803164896756364, 0.8754230210719741, 0.6727565025413023, 0.8260751799088638, 0.9104340986340997, 0.6992175214958785, 0.7740551546425881, 0.8499612375829594, 0.8497215715873592, 0.8568187361934652, 0.9031410214073292], [0.9419767220471112, 0.8670050708128768, 0.9079008704205705, 0.9261740313369521, 0.8223470412138796, 1.0, 0.9160293840956385, 0.9194991209308638, 0.8833593069034646, 0.8765188437706587, 0.8746675060997124, 0.5816683950896816, 0.8536678388393126, 0.8529807018046068, 0.673916582456713, 0.870774280905763, 0.3401699047130299, 0.7099797176058601, 0.8485495023070645, 0.8645231777639846, 0.8040852657653763, 0.8858011340721337, 0.6708909486756114, 0.8621434409836186, 0.6567724783087754, 0.6540000918601959, 0.7761878232890134, 0.8114944824479889, 0.8636297184501768, 0.8100218347523986, 0.8408255734958782, 0.8879636284189125, 0.876212457258384, 0.8663260566166614, 0.6713892479758258, 0.8924435253134116, 0.904771479753249, 0.8700744806497106, 0.8797721846667218, 0.8825107993079039, 0.724400089769536, 0.9081140769287256, 0.8733551791055442, 0.7077034203082051, 0.7357319930833469, 0.9136460638552748, 0.8717321405411997, 0.8283267771917368, 0.8314156705622111, 0.668244235449312, 0.8207637344294079, 0.8595398287212775, 0.8454087872539408, 0.7794001291137591, 0.6838446001971366, 0.6906197111860425, 0.8067206966201695, 0.594981784971856, 0.9189145449138026, 0.8795157070857114, 0.6262109509301406, 0.6386413261507476, 0.9720112149643367, 0.9966392315702158, 0.8688120468306245, 0.8862651766170541, 0.8808669821445853, 0.836505870306795, 0.7723735295216061, 0.9491674463201463, 0.9130508228843677, 0.8818590635862201, 0.8737502050034517, 0.8497126225928184, 0.8933767358926598, 0.829938826528737, 0.8191242068284054, 0.98097490521865, 0.8610759542873329, 0.8155172786476425, 0.8619776372968085, 0.8423081849593027, 0.8051612304569562, 0.8729066753631121, 0.9393465621840908, 0.6888452123374674, 0.8204734314014926, 0.736903258670033, 0.6886059579338982, 0.816629396073331, 0.8397836694634419, 0.8416242525919431, 0.753017624078151], [0.9572216755003025, 0.9156483509777871, 0.9785231257051302, 0.971858146625929, 0.8939315330548678, 0.9160293840956385, 1.0, 0.9593318731727192, 0.9599287615538201, 0.9580538350471179, 0.8870657192211306, 0.6635560369861306, 0.9515017473671638, 0.9430753924943601, 0.6210013098128134, 0.945104483899186, 0.3506769001184342, 0.8935620353144261, 0.8875806714737423, 0.9099480072044442, 0.9367890062972829, 0.9113664329031868, 0.8620222188469799, 0.7935041177643176, 0.7239208013034003, 0.8513433417925969, 0.7923008811165416, 0.8714475768593108, 0.9058764489182934, 0.8487318209517006, 0.920218450390743, 0.9630829501718422, 0.9266874872346245, 0.9434971718833473, 0.7461161142434669, 0.9471217582460434, 0.9289994979873909, 0.956445659254789, 0.9560519510458014, 0.9464668906815936, 0.7768908379971184, 0.9731478479431979, 0.9108533431800572, 0.7823139173347868, 0.9178436392974815, 0.9715845880684546, 0.9092112207468201, 0.8526237620738082, 0.8755779411121956, 0.717303825635187, 0.8680552580130856, 0.9310662783096111, 0.9093816598277926, 0.8383857127547569, 0.6725876234071996, 0.7272776149812001, 0.8801806126320482, 0.6247606635524219, 0.7021400689350309, 0.915914494910819, 0.6810497448678258, 0.6950793941720449, 0.8074307846480864, 0.9096316751798922, 0.9568113188033893, 0.9529641445187277, 0.9718117195295822, 0.88998879115641, 0.9339992834902467, 0.9740133963546234, 0.9781763536828356, 0.9606740885949696, 0.9528327591135263, 0.9004141210581372, 0.9621558707375031, 0.8717534226923921, 0.9060584816854327, 0.8409411649819991, 0.926829001200277, 0.8992283543619473, 0.9267733595644891, 0.9399892342210445, 0.9480824672179542, 0.9430460167745621, 0.7514784444890312, 0.8766005109818422, 0.879200346050965, 0.8115553140420244, 0.7625702284404152, 0.8400523233380134, 0.9315720205681333, 0.9218657766089302, 0.9173232899237892], [0.9478481997600241, 0.9031483125988973, 0.9555419335797836, 0.9512198134909121, 0.8837941145364642, 0.9194991209308638, 0.9593318731727192, 1.0, 0.9438357135192414, 0.9362082458137084, 0.8649011215445521, 0.6962688306060436, 0.9323693868320049, 0.9170687836471696, 0.6135273875416365, 0.9373556705618202, 0.37229110435922363, 0.8450836326483899, 0.8700854500783883, 0.939124223724744, 0.9036743704733259, 0.9024856030036602, 0.8047599184946924, 0.8875880685328772, 0.6819799236273683, 0.7963209563546899, 0.7717572010943379, 0.8502811809973608, 0.8815642957687446, 0.8306320927691357, 0.9025706452557958, 0.9591953729635544, 0.9230866212660747, 0.9462468696988734, 0.7738163360528187, 0.9323121266412602, 0.930011969685791, 0.9366946001127843, 0.9571702082221367, 0.9737787020065569, 0.8059678279814585, 0.9634963744939176, 0.9181202132800824, 0.8087045451014223, 0.8737980281552704, 0.9654387918568924, 0.9101635258327879, 0.9297312263700639, 0.8672427912401761, 0.7516073531999806, 0.861257336832472, 0.9327627892897798, 0.8872667935274087, 0.8230261294117468, 0.6856673037931396, 0.7234503613013953, 0.8366128895471451, 0.6380389876466206, 0.7348515483823473, 0.9108443823983697, 0.6877866662817282, 0.7041289161462876, 0.8266234532839516, 0.9146420665732695, 0.9367162388620187, 0.9417021521381209, 0.9503235720420674, 0.8884954063237468, 0.8905599779551968, 0.965943148820362, 0.959568799870198, 0.9498969106601166, 0.9405248874687778, 0.8874818970536201, 0.9443295207604229, 0.8714943419736895, 0.8691261017229387, 0.855310931603815, 0.9108435627749619, 0.8701325411655116, 0.903368821935506, 0.9177151092188174, 0.9082930239108196, 0.9262088279690447, 0.7684901318348081, 0.8241604624002966, 0.8817898268025849, 0.7679223252179211, 0.7464814723010508, 0.8330483603676959, 0.9022197847043056, 0.9093036330156474, 0.8757947614714178], [0.9350559005097284, 0.901102706396848, 0.9576793354373129, 0.9476611970834022, 0.8928382242630946, 0.8833593069034646, 0.9599287615538201, 0.9438357135192414, 1.0, 0.9427990832640578, 0.8554103264440519, 0.7115472403264518, 0.9478067148799797, 0.924877731335575, 0.5867663265939239, 0.9511191971535043, 0.38126947496908037, 0.8771528512546911, 0.8651285915671738, 0.8827121424711563, 0.9218046440168308, 0.8945253878424362, 0.8379994860754274, 0.768022891536379, 0.6839044458391627, 0.8316021569026992, 0.765794941662612, 0.8508655846264057, 0.8796772972776258, 0.8263664085664222, 0.9089825036088434, 0.9640335141816526, 0.923423014854742, 0.9498314351004216, 0.7853477786875911, 0.9311719091569635, 0.9162386680414097, 0.9445069349730622, 0.9505180797268648, 0.9489339322193038, 0.8111135889875015, 0.9650688221881781, 0.9168587463318784, 0.8205295786487017, 0.9050701752930005, 0.9449487001556602, 0.9068341459158079, 0.8370379144468868, 0.8659049002890374, 0.7572098487555088, 0.8602390581233412, 0.9456767578230674, 0.8903541247424671, 0.819466594179282, 0.8275509171496235, 0.7237487293753639, 0.8313189973357288, 0.6455129061043204, 0.6692018886191461, 0.9069701382899669, 0.7002339088779004, 0.7157160703495482, 0.7711553115718289, 0.8772747689736893, 0.9490439145742001, 0.9567944758560614, 0.9577249506230533, 0.8915212746613083, 0.9159114874762105, 0.9478951741010159, 0.9605193631860004, 0.955557329959504, 0.9669138528039232, 0.8813069842209046, 0.9455906587693309, 0.8708329375946922, 0.8744342131196415, 0.8055717155223746, 0.9126390551578974, 0.875449205772721, 0.9042350638754645, 0.9279851317766745, 0.9275114743093411, 0.9199872029419927, 0.7073908680908461, 0.8566469905219949, 0.8869569990962879, 0.7704896946068385, 0.8932849925944308, 0.827860006032337, 0.9097564778979341, 0.9158587591507366, 0.9098358409298692], [0.9340477423708338, 0.889826322593303, 0.9589039717592021, 0.9441246560046003, 0.8918228037305043, 0.8765188437706587, 0.9580538350471179, 0.9362082458137084, 0.9427990832640578, 1.0, 0.8425269060450803, 0.6906688065906732, 0.9426510669048964, 0.9222214197709345, 0.5800040165696572, 0.93501406256247, 0.3790326626655578, 0.8922342210266845, 0.8595995902884161, 0.8805458597413044, 0.9341738121188717, 0.8837958736336524, 0.8564561634849587, 0.7579937024770652, 0.6555733225970719, 0.8513133355879874, 0.7604062032833098, 0.8465458786755232, 0.8732656449838097, 0.8220314016049903, 0.9039510008653977, 0.9527586475882686, 0.9783253821823843, 0.9370844907000103, 0.7663023034590205, 0.9216373543229818, 0.9037257026912688, 0.9976016085248879, 0.9585322551631992, 0.9378173810057995, 0.7918001441160024, 0.9601742933921722, 0.9124396623030717, 0.803307749209732, 0.9162090952842838, 0.9334993960547453, 0.8950669229939732, 0.8239402564112092, 0.8505184427855667, 0.7345595151019686, 0.853210787287932, 0.934645714575009, 0.985284675460978, 0.8173022102360541, 0.6674204274799905, 0.7178645963791161, 0.8268731591532191, 0.6416902660735386, 0.6544542037627535, 0.8970472010609357, 0.6964985822728396, 0.7166749673805864, 0.7569323731155478, 0.8667506208677976, 0.9508573397135016, 0.939479433872116, 0.9520456245951283, 0.8883935693695316, 0.9261733715526052, 0.9419398454140389, 0.9561858838516909, 0.9473234707732116, 0.9487096508387959, 0.8632501808116904, 0.9371283364999625, 0.8601973296537581, 0.8554146291717479, 0.7951524331057984, 0.8908789417022774, 0.8532750626940739, 0.9004829499927494, 0.9257850317764177, 0.933045843460529, 0.9179294732273134, 0.6974376483048379, 0.8739813336689447, 0.87867180916804, 0.7471965842788373, 0.7537961986865248, 0.8261365156283468, 0.9048269680859515, 0.9118480286846827, 0.9533481846336611], [0.8853543247323631, 0.832333668298489, 0.8670702409552712, 0.8966250425229003, 0.7835745206795234, 0.8746675060997124, 0.8870657192211306, 0.8649011215445521, 0.8554103264440519, 0.8425269060450803, 1.0, 0.6668997390533736, 0.8324345640767525, 0.8242315724196181, 0.5653883629468671, 0.8535149549371615, 0.31866120316553315, 0.7194695877554617, 0.7905394268816202, 0.7975772192720811, 0.7847932051615971, 0.8306273695647323, 0.6771954909189356, 0.7381654992863237, 0.6710514854261505, 0.6667914786954752, 0.7023602933958829, 0.7697396137900321, 0.801423085073236, 0.7526100112604346, 0.8159225503721712, 0.8616192804777744, 0.8479621495583065, 0.8514526230945116, 0.7325722523036796, 0.8545908551222162, 0.855353371751644, 0.8455303179086263, 0.8656372036452732, 0.8494462792562623, 0.7623586053252203, 0.8806754458533078, 0.8509031981035647, 0.7578165805985563, 0.7657603268935276, 0.8719873685078967, 0.8387394676858665, 0.7843541938212142, 0.7923841659530165, 0.7209637549349964, 0.7851361872640058, 0.8852501520797591, 0.8015952248184687, 0.7479954970195384, 0.628127820536047, 0.6559289365692201, 0.755290840734159, 0.5631021272226714, 0.6919179784382228, 0.8348979805223363, 0.6194340263202115, 0.6286868834897027, 0.7740734677321086, 0.8434914830224863, 0.8353265704803601, 0.8518712529132337, 0.8608187776160915, 0.806188357851764, 0.7721672347652042, 0.9513012946891982, 0.867029875973035, 0.8664907600004955, 0.849748345139691, 0.8305324658703067, 0.8628452743828979, 0.799494113932708, 0.8180397836450989, 0.7910949904406548, 0.860954265428997, 0.8257915163385073, 0.8159981203277996, 0.8238009961252271, 0.7881418526418597, 0.8244110849349157, 0.7132318718147433, 0.6970674253505712, 0.8012320145728287, 0.7369547638560632, 0.6661492692138581, 0.7581902576822414, 0.8168880799985943, 0.8210276905756955, 0.7589278914860428], [0.7009718745091422, 0.6942329543283275, 0.6670392273122475, 0.6342989876299223, 0.605291320760015, 0.5816683950896816, 0.6635560369861306, 0.6962688306060436, 0.7115472403264518, 0.6906688065906732, 0.6668997390533736, 1.0, 0.6843103814371962, 0.626903043618904, 0.3706098786037211, 0.7505908830052059, 0.2644355576076909, 0.5065868661469765, 0.5811039614066363, 0.5502752027345771, 0.5517879611414381, 0.6636461186367077, 0.42538832968412077, 0.5052642143479148, 0.4383322632619977, 0.4412318546524968, 0.5009055176715427, 0.577520262227379, 0.5768551181991831, 0.5455233949925208, 0.6636181429767305, 0.7371968949513052, 0.7995615759462301, 0.7690432063701352, 0.992395752055921, 0.700045637094496, 0.7551955363231491, 0.7285563432006746, 0.7833407706063555, 0.7264839963171266, 0.9814970397317201, 0.7780010417147455, 0.8544380983558438, 0.9771480283494699, 0.5972816849057749, 0.6710346566647836, 0.7641644492982609, 0.642955933608254, 0.7390747994202643, 0.9926598038982488, 0.6740260369486754, 0.8595609506635781, 0.6475714007109191, 0.6904599656772266, 0.5566438480801613, 0.5384671730553642, 0.5340224398866085, 0.46609508928211163, 0.3716612910906686, 0.7062360892156823, 0.520304229343749, 0.5597479411616325, 0.45741485254922054, 0.5502942082568244, 0.6766116946441713, 0.7086214662726293, 0.7204695429872318, 0.7073810219843988, 0.5667394206940187, 0.6958430522382685, 0.6769350895688337, 0.7751882710896135, 0.7198704839961368, 0.7793881761429103, 0.7270744808962746, 0.711052135164081, 0.5989243093104302, 0.4715159030379601, 0.7496500189012346, 0.6677231808562228, 0.6030424820804813, 0.6694917636353669, 0.554363627575192, 0.5953227385940765, 0.33204590164789427, 0.47236142883509413, 0.7420357540006971, 0.4751442659740537, 0.5189795908363869, 0.5743954315081491, 0.6166873675113362, 0.715740399974685, 0.5806223426301628], [0.9250314640998145, 0.8823398101283595, 0.9498741444439934, 0.9510382264644351, 0.9320252464327872, 0.8536678388393126, 0.9515017473671638, 0.9323693868320049, 0.9478067148799797, 0.9426510669048964, 0.8324345640767525, 0.6843103814371962, 1.0, 0.9269644185729771, 0.6013257165878635, 0.9493711145975469, 0.46666239995546044, 0.9130876397359562, 0.9434066836006643, 0.8772911040098945, 0.9469333302359645, 0.8873054005201146, 0.8733522507197841, 0.7441638610034543, 0.638570486599015, 0.8695493974005366, 0.7549850321193505, 0.8433140251177277, 0.872974565816203, 0.8192480642758833, 0.9101688841173027, 0.9643107643576991, 0.9090047012474561, 0.9493548359228816, 0.7597615416063652, 0.9152944979552522, 0.8941872306576172, 0.9398716089747143, 0.9386034288952732, 0.9519087773468023, 0.7834171079629993, 0.95245553647598, 0.8990765926443502, 0.8069867459867179, 0.9290492273267804, 0.9300595404625271, 0.8924892350028518, 0.8141190112047907, 0.8576429241268658, 0.7246661825181614, 0.8510128079221764, 0.9365023064598136, 0.8865161521855962, 0.8236378291391441, 0.6913370928300772, 0.7326945409484149, 0.8227802623469056, 0.7128447681503421, 0.6387196694881698, 0.8973975186153493, 0.7642137023880501, 0.7732572696118836, 0.7345092982578316, 0.8507640251431383, 0.9665027331490809, 0.9491245233974293, 0.9620029615503236, 0.902093852427578, 0.9377267822724455, 0.9277153983739072, 0.9554770276341059, 0.9460720238896285, 0.9838324090550584, 0.8554992798275924, 0.9421731124121386, 0.8682231655326865, 0.8446798438297198, 0.776228214702295, 0.8814893988925773, 0.84108949896777, 0.8975487457981218, 0.931032219089224, 0.9427316686604316, 0.9191882539938946, 0.6757900353905026, 0.8902468474890083, 0.8986688530895652, 0.7330927822708702, 0.7823054399524999, 0.8333323312259769, 0.9034763024485661, 0.913005173892268, 0.9359349337865395], [0.9039739627364769, 0.8737245190877952, 0.9412361986735933, 0.9313655035491811, 0.8859785111460071, 0.8529807018046068, 0.9430753924943601, 0.9170687836471696, 0.924877731335575, 0.9222214197709345, 0.8242315724196181, 0.626903043618904, 0.9269644185729771, 1.0, 0.5666382358596622, 0.9169608385201097, 0.3873537207138158, 0.890339920266066, 0.8494690572399249, 0.8735332369921084, 0.9245899091100281, 0.8679500780265073, 0.8601493530539115, 0.7416915644312126, 0.690340261616317, 0.8510353918795499, 0.7534618486229441, 0.83735287962927, 0.8690204173591722, 0.8128961577504645, 0.9943566711139921, 0.9332777227208597, 0.8811510058849317, 0.9142002422762472, 0.7062501085402321, 0.9056007651060595, 0.8757884334303392, 0.9183192201272298, 0.9166872209304788, 0.9175439365119668, 0.7325742606999649, 0.9306181831802998, 0.8651333305798912, 0.747785284774965, 0.9059412969836395, 0.926078129264892, 0.8676086877194448, 0.809540004431779, 0.8201141874783372, 0.6731441104740167, 0.8311657272950065, 0.8932286447690471, 0.8702003040362954, 0.7856453660287654, 0.6449565560745756, 0.7064060780055441, 0.8217729032117088, 0.6412898743277695, 0.6370793274929673, 0.8769233471554114, 0.6947154892957125, 0.7060937243364562, 0.7396796424947081, 0.8500013735464853, 0.9272025587905497, 0.9254353897645107, 0.935266040391618, 0.8642635385850903, 0.9199820527305672, 0.9204689666342065, 0.9411036907533783, 0.9231906665285365, 0.9252938561294967, 0.8391695589794169, 0.9177728837486318, 0.8392655219995114, 0.8695974011747842, 0.7769679644817845, 0.884441997135971, 0.860098507145224, 0.8915513784518861, 0.9117152711189083, 0.9283041585348334, 0.9106207741600955, 0.6859385832447182, 0.8724789441037588, 0.8549625511025899, 0.777215418043384, 0.7470831951932498, 0.8121989834659856, 0.9001104667949754, 0.8884858526889617, 0.9078963593284548], [0.6229779521186207, 0.5719100250383367, 0.6019252612899018, 0.6179223536930223, 0.5492634072757593, 0.673916582456713, 0.6210013098128134, 0.6135273875416365, 0.5867663265939239, 0.5800040165696572, 0.5653883629468671, 0.3706098786037211, 0.6013257165878635, 0.5666382358596622, 1.0, 0.5754873783613011, 0.22757109808529874, 0.47625305540624696, 0.5667393539298105, 0.5779483407678574, 0.5367891246583859, 0.5887946552671183, 0.45115565867414187, 0.5842399755840784, 0.40572152058176914, 0.4409652802062246, 0.5068007430412352, 0.5402235709198692, 0.5663189087752178, 0.5410391094307575, 0.5577824383893261, 0.5902053702019737, 0.576824564558857, 0.573967147615852, 0.4338908919802027, 0.590401469842121, 0.601893995640961, 0.5745473415218535, 0.5796587842217575, 0.5879666779648469, 0.47199528226634313, 0.6220691594437924, 0.5729411786882203, 0.46005482058807523, 0.48976094592806096, 0.6548799834924321, 0.578230013014084, 0.5474388661915135, 0.5546436147686503, 0.431198889521339, 0.5467454269286601, 0.5658841066055849, 0.5569061544987013, 0.5187578044798148, 0.4588196823822337, 0.46001486431885796, 0.5377856487390504, 0.39746926967546503, 0.634960134087921, 0.5840748194602283, 0.41503865477876056, 0.4207212045767802, 0.6653820849499904, 0.6770971368568311, 0.7258630027686637, 0.5900457436368102, 0.7153290681793325, 0.5559291371042749, 0.5166375990645977, 0.6257391015392273, 0.60912058411968, 0.5835782533751129, 0.5796829596539724, 0.5568105490863268, 0.76153843240575, 0.5499201221284126, 0.5251642966749479, 0.6727046831292499, 0.5553516456937195, 0.5206484758047214, 0.5745302727547469, 0.5597154018916398, 0.5521721506942746, 0.5826959647503398, 0.6496047320817936, 0.4635096325823056, 0.5443040779371748, 0.4648143997748382, 0.4584924336759272, 0.5441427408662143, 0.5548063929533491, 0.5603287440929263, 0.49920456025526494], [0.9289786085001287, 0.9010204006921518, 0.9473372852701768, 0.9373867172021453, 0.940314546937837, 0.870774280905763, 0.945104483899186, 0.9373556705618202, 0.9511191971535043, 0.93501406256247, 0.8535149549371615, 0.7505908830052059, 0.9493711145975469, 0.9169608385201097, 0.5754873783613011, 1.0, 0.5198871765158578, 0.8512120975198618, 0.8506112932549585, 0.8619603654460699, 0.9129565273746657, 0.9134116897704642, 0.7965886534503723, 0.7562078876878576, 0.69534109316368, 0.7906188037470049, 0.7523767766495968, 0.8365107099991045, 0.8732098092579763, 0.8110188118617274, 0.9113183819397151, 0.9738857332587246, 0.9276905748361255, 0.965507510162058, 0.8169345826425526, 0.9319412784869541, 0.9229111717949569, 0.9340358100795827, 0.9525500813944194, 0.9625386828315449, 0.8398063777422178, 0.960402086018684, 0.9321235275594506, 0.8625053738647851, 0.8770583871942695, 0.9415574202754399, 0.9219838427632518, 0.8352912760329759, 0.8832415129888871, 0.7934283755957776, 0.8578492844356971, 0.9615757168221756, 0.8819198782449581, 0.8471402757684389, 0.7259949130545387, 0.7473451553135572, 0.8153318445991359, 0.7563057828727693, 0.6708773934026904, 0.9238053285125055, 0.8037123789333801, 0.8205159831663575, 0.7569900367151207, 0.8607783087888621, 0.9480197625080327, 0.957197125152204, 0.9545376178496118, 0.9225343527782908, 0.8867930834525005, 0.9400612730524768, 0.9492818106415101, 0.9552832385464449, 0.9667595977262137, 0.8964091663922807, 0.9386716822436528, 0.9050806153162323, 0.8749156047170846, 0.7870884721372949, 0.9273768855741082, 0.8832625931599407, 0.8875249348445161, 0.9214513939802506, 0.8938100760102896, 0.9052113464761293, 0.6845965594412425, 0.8180104466529124, 0.9330979604980714, 0.7737809771935972, 0.7876530598030247, 0.8500679997408502, 0.8966399168819308, 0.9666745957329617, 0.8960137212641732], [0.3483481597009366, 0.3314437627857971, 0.3695833939508313, 0.3969058749423505, 0.7145561485631201, 0.3401699047130299, 0.3506769001184342, 0.37229110435922363, 0.38126947496908037, 0.3790326626655578, 0.31866120316553315, 0.2644355576076909, 0.46666239995546044, 0.3873537207138158, 0.22757109808529874, 0.5198871765158578, 1.0, 0.36277587305669845, 0.31845812493203507, 0.3233416424417218, 0.462766049666419, 0.3492133520395777, 0.2880354648787158, 0.29572758141537436, 0.24140676970472308, 0.2855661563770182, 0.28206974716554845, 0.310427753800425, 0.36973878670293914, 0.30374979828999793, 0.41214993303399927, 0.48465795535699785, 0.36186757890506394, 0.4915860728947339, 0.29225269007882404, 0.34203644038611336, 0.3424631238105258, 0.3440644301562623, 0.37178474652185023, 0.5099313303228575, 0.30422330521464847, 0.3549243437840982, 0.3846536473604073, 0.3968856555310314, 0.3163068244062357, 0.3606142729374312, 0.38704326986986304, 0.3104061235478932, 0.4537314984714176, 0.28504722494911705, 0.3416859320268888, 0.44845753250659826, 0.3494222362396566, 0.47843751198432094, 0.44089728417796303, 0.4503231419449385, 0.303969516674674, 0.9483272745606999, 0.3685606908800497, 0.4088671247602347, 0.9195878134996495, 0.9068358241008825, 0.3079149579945595, 0.33844016430717494, 0.4630878862183905, 0.46189267444198423, 0.3897250404502457, 0.5462796707385421, 0.3303437186380256, 0.3515524178289984, 0.3749586571961936, 0.37346893036194684, 0.5002754287373704, 0.36257023774855557, 0.3468786314768819, 0.46557382934601577, 0.3128705380063085, 0.3180752048470259, 0.362913520935485, 0.3147573943788582, 0.3297244201480014, 0.38287000516865755, 0.3288610254316293, 0.3641591782320418, 0.2860161961677776, 0.2963038967152418, 0.5601493382503918, 0.27334615265457096, 0.43667119644119234, 0.5014369178320796, 0.33464056891394267, 0.35716868222536036, 0.4279220332441216], [0.8108076703810732, 0.7881792518703958, 0.8900823603674837, 0.8844215906100388, 0.8658145358157037, 0.7099797176058601, 0.8935620353144261, 0.8450836326483899, 0.8771528512546911, 0.8922342210266845, 0.7194695877554617, 0.5065868661469765, 0.9130876397359562, 0.890339920266066, 0.47625305540624696, 0.8512120975198618, 0.36277587305669845, 1.0, 0.7929626218011036, 0.8377813288858587, 0.9690520059890464, 0.7765081634170306, 0.9933773758076271, 0.6240620883414151, 0.5349403472979201, 0.9931760666408197, 0.6989183791225323, 0.7960371391113146, 0.8122690601729529, 0.7648389415808791, 0.8502459471609015, 0.8833477590437169, 0.798464378681577, 0.8558071553001123, 0.5898808916659283, 0.8302456686404448, 0.7701613777026793, 0.8850476178970399, 0.8465875171893191, 0.8643362559069616, 0.6052134962106364, 0.8602722722762741, 0.7588829580200572, 0.6399968911116498, 0.9918651528482805, 0.8399609186609792, 0.7734374315452148, 0.7076857829778672, 0.7328458249805258, 0.5288211853134465, 0.7688035101762963, 0.8189386472997277, 0.8309301795543776, 0.7128882305214851, 0.5622219375689741, 0.6535017690237601, 0.7769897016078042, 0.6021660462038693, 0.4426627791298021, 0.7931925798526909, 0.6629826329333209, 0.6581240215573463, 0.5631467881396701, 0.7178050645474777, 0.9118009049142626, 0.8703376979309119, 0.8916059069461713, 0.8003408865974107, 0.9931190482692663, 0.8253844031377662, 0.8961698162786531, 0.861806716115659, 0.8786978358488301, 0.7115389863787948, 0.850648568689619, 0.7551804449608017, 0.7608714961028636, 0.628439952631285, 0.7492225154860217, 0.7324516630639312, 0.8527442794517682, 0.8921177350316192, 0.9860693541192054, 0.8824557525978783, 0.5270241365110429, 0.9968567137474317, 0.7890330308103735, 0.6472369721741347, 0.7326214040924125, 0.7396562047691947, 0.8653748533397413, 0.8521865241401081, 0.9774178874391067], [0.885470276086578, 0.8277594790768386, 0.8836534519782877, 0.8921662219592432, 0.8068361902207908, 0.8485495023070645, 0.8875806714737423, 0.8700854500783883, 0.8651285915671738, 0.8595995902884161, 0.7905394268816202, 0.5811039614066363, 0.9434066836006643, 0.8494690572399249, 0.5667393539298105, 0.8506112932549585, 0.31845812493203507, 0.7929626218011036, 1.0, 0.826306719880075, 0.8387444139824674, 0.851074763613811, 0.7643164882533295, 0.7366532682451556, 0.6519502492898729, 0.7532799027809556, 0.7171790694628488, 0.7881550064824475, 0.8191009018110941, 0.7744904436883255, 0.828841891241279, 0.8676939028215649, 0.8319207427581946, 0.8483648878145149, 0.659329166878804, 0.8561676422171869, 0.8389778244440672, 0.8565095283589697, 0.8586339049920221, 0.8541657000696354, 0.691554193189237, 0.8768832278936844, 0.8191323803190397, 0.6934697009218188, 0.8125445087770532, 0.8762917656202551, 0.8223191426099907, 0.7743031023587839, 0.775167952109633, 0.6362099278721656, 0.7848373921650827, 0.8323792399536385, 0.815520718187753, 0.7359348642902055, 0.6140913789592325, 0.6585796304439676, 0.7765861336886992, 0.5659678035527639, 0.6768581904400421, 0.8298182992017987, 0.6123263251404, 0.6246016314422511, 0.7650025898219539, 0.8464976898640354, 0.8584571283197501, 0.8602105553682682, 0.8713382209501365, 0.8032562515541835, 0.8323068008063984, 0.879672737433308, 0.8846323755617268, 0.8639095443831531, 0.9153893695741647, 0.7985334760891466, 0.8647045165802627, 0.788035108837593, 0.8152956028156393, 0.7923871359466649, 0.834203805184142, 0.8076877154378251, 0.8386006077378814, 0.8445305839624111, 0.847212731884047, 0.8530938016085645, 0.7195528758024099, 0.7774264219086867, 0.7918083924642578, 0.7317977074200465, 0.686433800445267, 0.7641978474764115, 0.838614313364229, 0.829151816689146, 0.8135072195045747], [0.8962113575725295, 0.8417817961676116, 0.9066442727123132, 0.9033633825405368, 0.832433651533374, 0.8645231777639846, 0.9099480072044442, 0.939124223724744, 0.8827121424711563, 0.8805458597413044, 0.7975772192720811, 0.5502752027345771, 0.8772911040098945, 0.8735332369921084, 0.5779483407678574, 0.8619603654460699, 0.3233416424417218, 0.8377813288858587, 0.826306719880075, 1.0, 0.8769143424060328, 0.8403123466864436, 0.8159323701996736, 0.7493398182848721, 0.6490055392200144, 0.8034481132845686, 0.7854877148862545, 0.8085046877577711, 0.8731524092735207, 0.7936343537059505, 0.8470917571538574, 0.8837537007112333, 0.837650527239298, 0.8598146714827645, 0.6357608195761273, 0.8733663515904926, 0.8449964382605496, 0.8760161688118894, 0.9001158132867936, 0.8696437475397152, 0.6700473711452731, 0.8887157865613764, 0.8344504809928832, 0.6745985529438245, 0.8503177953692258, 0.8911081155364825, 0.8277579622513987, 0.7814727710623469, 0.7799883519395192, 0.6072157677297851, 0.7970307035313359, 0.83564674023835, 0.8344113016311636, 0.7421859818688068, 0.620133597799008, 0.6699485273396983, 0.7981147422587519, 0.5761608126551903, 0.6851110534098441, 0.8432462666908512, 0.6234771293672989, 0.6318396665695519, 0.7764355238797054, 0.8635858293305425, 0.8824058900063345, 0.8772822578593278, 0.8891425147299824, 0.814389686013648, 0.8718101704906139, 0.8932257259546575, 0.9073150262431555, 0.8757874305663687, 0.8740796281643477, 0.7957872821874789, 0.8787060594032495, 0.7949625973792869, 0.8237934179984785, 0.8089164341794572, 0.8334066729272391, 0.8090539528374983, 0.861695719499512, 0.8665557849210391, 0.8878021263198771, 0.8802259143106611, 0.7379357618132852, 0.8252153006683097, 0.7997562200451862, 0.7370728930648395, 0.7058570138345438, 0.7788815562660834, 0.8605081893226821, 0.8456397301491551, 0.8499171067813563], [0.8778292090874739, 0.8449576377339811, 0.936453531999323, 0.9315278567498062, 0.9296834490214703, 0.8040852657653763, 0.9367890062972829, 0.9036743704733259, 0.9218046440168308, 0.9341738121188717, 0.7847932051615971, 0.5517879611414381, 0.9469333302359645, 0.9245899091100281, 0.5367891246583859, 0.9129565273746657, 0.462766049666419, 0.9690520059890464, 0.8387444139824674, 0.8769143424060328, 1.0, 0.8389913719998923, 0.9472987527991819, 0.7146665990383982, 0.6274578829802229, 0.9410268405671577, 0.7521569771779383, 0.8479649041737718, 0.8698802088611899, 0.8225145325149459, 0.8928465123307558, 0.9373605160989873, 0.8598491753755556, 0.9112937392682423, 0.6379308134631956, 0.8831505683947964, 0.8362028692619566, 0.9230398736052609, 0.8970743272348749, 0.9260858372364411, 0.6613305359217374, 0.9079804299535085, 0.8263142274694767, 0.6951890092210632, 0.9641144566002537, 0.9040511513925249, 0.8353095559458742, 0.7843070965863269, 0.7982038969665568, 0.5898783352835032, 0.8142681594470297, 0.8739950102823304, 0.8817534994313402, 0.7755049642390301, 0.639749144450827, 0.7290886149732525, 0.8172968213077682, 0.6993869753613703, 0.5719138542542177, 0.8556526638659187, 0.7518132210826513, 0.7533700939074598, 0.6748493783145227, 0.8066174281194343, 0.9475489686242614, 0.9285806803398743, 0.931442894496641, 0.8757412812996649, 0.9753269941494198, 0.8914007289901142, 0.9381245608798715, 0.9060014727846367, 0.9324063871073188, 0.7866671587620055, 0.8978864539936062, 0.8214370124393645, 0.8315663281795529, 0.7267373455983348, 0.8305718299855886, 0.8090519927137557, 0.8900853574071836, 0.9212474782832286, 0.9779706228567001, 0.9198549791748829, 0.6334987063884537, 0.9536319062414598, 0.8533978095913293, 0.7297229868331245, 0.7773899721531214, 0.8111969312208054, 0.9003077298250849, 0.8845726609735842, 0.9756406433472777], [0.9050841155142976, 0.8645563086159821, 0.9087567395725513, 0.9028638306308626, 0.8319107553230682, 0.8858011340721337, 0.9113664329031868, 0.9024856030036602, 0.8945253878424362, 0.8837958736336524, 0.8306273695647323, 0.6636461186367077, 0.8873054005201146, 0.8679500780265073, 0.5887946552671183, 0.9134116897704642, 0.3492133520395777, 0.7765081634170306, 0.851074763613811, 0.8403123466864436, 0.8389913719998923, 1.0, 0.7361626037809867, 0.767598419884143, 0.6909968446582327, 0.7251584252361601, 0.7361856339496812, 0.8076491412354769, 0.8413050499673689, 0.7901865370348109, 0.8554892511021484, 0.9017422504823547, 0.8772971185278451, 0.8881419532406435, 0.7364846308135575, 0.8899643029020942, 0.8843615109643115, 0.8840382499606008, 0.898956139480558, 0.8891956250929998, 0.7683312865725432, 0.945292730010752, 0.8752082307923438, 0.7678260203367853, 0.8065863692290811, 0.9092571793272564, 0.8681203070766026, 0.8126161998210945, 0.8213031347325568, 0.7202477998441031, 0.9749081306455677, 0.8829941255919547, 0.8397838074198963, 0.777793961753182, 0.6524908961480899, 0.6873568457303394, 0.7936209857161393, 0.6017045473914336, 0.7164504248714073, 0.8686094480923364, 0.6480330310916503, 0.6661305600556381, 0.8022128230340727, 0.8788691279242062, 0.8802174122514276, 0.8920025981066751, 0.9005792711362783, 0.8425270003126621, 0.8255174942303684, 0.915