"[[1.0, 0.9997927372724499, 0.9973986636142226, 0.9988879557355435, 0.9982720584787109, 0.9997989475065222, 0.9986717983300666, 0.9991092970398259, 0.9983939730641298, 0.9982363674745511, 0.9945795594657825, 0.9986356531345265, 0.9970494871164219, 0.9977439500631965, 0.9772720826326842, 0.9976298544591151, 0.9911723829433818, 0.9962799701704417, 0.9997525112356204, 0.9951041384681532, 0.9979139091567204, 0.997520032989448, 0.9954915941239789, 0.9983498232421599, 0.9984526614008891, 0.981859186468913, 0.9987297472315856, 0.9980150984511151, 0.998912271837646, 0.9967958162236992, 0.9952954254991752, 0.99781077950539, 0.9975899451812302, 0.997545965033813, 0.9966762771203206, 0.998879744024268, 0.9984140558147526, 0.9969746934938626, 0.9978633274879879, 0.9978752233475627, 0.996096441536574, 0.9968687103058994, 0.9978468696838666, 0.9977205789952444, 0.998003588573193, 0.9987509572726672, 0.9987755592818754, 0.998791716160564, 0.997311844593289, 0.9978504009281034, 0.9975986485128346, 0.9978979919848063, 0.9975540836639669, 0.9973754155976852, 0.9933582259767029, 0.9962377565321446, 0.9990131469722315, 0.9973414578501456, 0.9963009138273551, 0.9980683021116168, 0.9969634726020273, 0.9954686761426851, 0.9972326036357939, 0.9980360325760526, 0.9977937000533206, 0.9972776585684398, 0.9981982293718017, 0.9981217099107198, 0.9980930259461827, 0.9987822032393283, 0.998178274271786, 0.9978945405159962, 0.9979490152784027, 0.9944673820259271, 0.9968298609254429, 0.9981635132372293, 0.9989281279993596, 0.9980834509574523, 0.9992993857825363, 0.9988923383189435, 0.998307639993383, 0.9973327795440788, 0.9981427609985949, 0.9998268705565688, 0.9986581881487655, 0.9978622378934395, 0.997343876462848, 0.9984330365366711, 0.9961241671067282, 0.9967694645514757, 0.9988768257301619, 0.9973677089500221, 0.9975290242095705], [0.9997927372724499, 1.0, 0.9961912433679061, 0.9978713024594512, 0.9969965391548951, 0.9999965491488523, 0.9975403880047766, 0.99829577401475, 0.9971661281437592, 0.9970925467542193, 0.9935124753469183, 0.9975425141497999, 0.9956889719784751, 0.996541831866471, 0.9810518650896688, 0.9962505049382241, 0.9902083182922409, 0.9948960666205152, 0.9994505065524795, 0.9951199177652443, 0.9965434607829944, 0.9965688527691423, 0.9945254706010187, 0.9974073628292255, 0.9973603234801285, 0.9808818158000143, 0.9986004551222359, 0.9974492913809676, 0.9977938359494428, 0.9954796979577112, 0.9938275045316467, 0.9965323507508657, 0.9963290267017433, 0.9962123109731759, 0.9953175687878797, 0.9977835261418657, 0.9973831149663228, 0.9956456211710814, 0.9966365484118516, 0.9965713436366859, 0.9946488332505238, 0.9954982395500489, 0.9966176642460811, 0.996303099972188, 0.9970254309347013, 0.9978253273008355, 0.9977433899195484, 0.9978488979517752, 0.9960139243480558, 0.996667009105263, 0.9962929260001255, 0.9965099372138649, 0.9960196790261224, 0.9961743116314008, 0.9924175308067276, 0.9948165114229002, 0.9981132652618814, 0.9961055785645916, 0.9949224466973169, 0.9968458306682728, 0.995564371759853, 0.9940048039345227, 0.9963288454031813, 0.9967512021971388, 0.9965041274411154, 0.9959610318465651, 0.9969770738170094, 0.9968399195600324, 0.9967844351633304, 0.9977364000449964, 0.9969444297571439, 0.9966413310314814, 0.9966721992637335, 0.9934030519567612, 0.9954654495707715, 0.9968716536064006, 0.9979098958684274, 0.9968040555966629, 0.9985103283197343, 0.9979541166542185, 0.997167509164941, 0.9961293353901963, 0.9970051080361725, 0.9994343284065839, 0.9975282183095744, 0.9964151449742472, 0.9959406056947289, 0.9971330581704052, 0.9947097355034046, 0.9950356920360033, 0.9978906891237542, 0.9961170999052631, 0.9963005380557581], [0.9973986636142226, 0.9961912433679061, 1.0, 0.999143713561358, 0.9991807760220512, 0.9961225136309859, 0.9990991216204663, 0.9979228273470517, 0.9992746165278917, 0.9997343512853999, 0.9912741864019506, 0.9990686270433888, 0.9998966612008804, 0.9997854304490306, 0.9625776976339702, 0.9997523772605083, 0.9907514111090223, 0.9997991232013292, 0.998490143870439, 0.9881322524777176, 0.9994566323587122, 0.9974047536923822, 0.9903239012571448, 0.9989269216074768, 0.9989392670179817, 0.9745859609329648, 0.9946058739147989, 0.9958721445451647, 0.9981344346932797, 0.9998867129644003, 0.999544172762473, 0.9999019284515116, 0.999824206378161, 0.999866348306744, 0.9998711012844945, 0.999096617759199, 0.9994438416116618, 0.999905376111988, 0.9996374118902738, 0.9997365045287349, 0.9997779225524115, 0.9998898013765506, 0.9998478364106946, 0.9996746866384012, 0.9990763095213786, 0.999748207400937, 0.9993301549857154, 0.9996541410889177, 0.9995116387061173, 0.9997385796316112, 0.9996518698007437, 0.9996475749055036, 0.9993495047940899, 0.999512037400808, 0.9945267319003279, 0.9998044378035393, 0.9988885903617724, 0.9996311605870356, 0.9997959995418921, 0.9996319385830421, 0.9995891276133155, 0.9996034521227873, 0.9946005307525043, 0.9996717124542855, 0.9998300655116126, 0.9999559493627366, 0.9996983373630055, 0.9992824546953869, 0.9993675145369496, 0.9981784110793863, 0.9996916345822251, 0.9997338063316834, 0.9983067039451323, 0.9911013064846087, 0.9998897975529473, 0.9992745586360776, 0.9988379209998788, 0.9994906722195143, 0.9993013640040385, 0.998953218588956, 0.9994531478823343, 0.999923425384698, 0.9998487445687613, 0.9984630240492647, 0.9995393358924491, 0.9990850941818604, 0.9997763950385057, 0.9976828763335285, 0.998081808275171, 0.9977113074261581, 0.9978187103280174, 0.9966812936859809, 0.9966615568602122], [0.9988879557355435, 0.9978713024594512, 0.999143713561358, 1.0, 0.9998458008351396, 0.9978974958609834, 0.9999168784843151, 0.9995405204009757, 0.9999302528895343, 0.9996153553577869, 0.9956660931810273, 0.9999033526095106, 0.9990357042258307, 0.9993253394008377, 0.9666562823347367, 0.9992213942666612, 0.992126271048566, 0.9983189841992699, 0.9991055092473444, 0.9935254185226042, 0.9997205773790406, 0.9984385320930669, 0.9947871809856681, 0.99927017411393, 0.999437095382764, 0.9826301458788669, 0.9973896815924858, 0.9979589882298527, 0.9992933851362531, 0.9986834942012728, 0.9975830067526386, 0.9995406323195618, 0.9993162025793942, 0.9993649449974766, 0.9986352943730525, 0.9994835099342954, 0.9995573980380333, 0.9988866286169398, 0.9994927708634886, 0.9995862999911094, 0.9983145093240806, 0.9988810232773898, 0.9994228542892456, 0.9993586904028833, 0.9990257544644072, 0.9996817303683754, 0.9999044141073569, 0.9997044778829611, 0.9992146063781143, 0.9993822407177482, 0.9991473821280313, 0.9995276945009604, 0.9992136813475775, 0.9989176940941988, 0.9954753748309992, 0.9983897060556801, 0.9996134296059749, 0.9988854584869726, 0.9983050030864937, 0.9995214136375665, 0.9989150155375421, 0.9977423346335441, 0.9979533092674964, 0.9996613181233984, 0.9994983298833301, 0.9992213318579941, 0.9996788999964911, 0.9997952976686209, 0.9997928666068172, 0.9997521600121564, 0.9996775676950274, 0.9995655549635707, 0.9996459974512555, 0.9955456368538291, 0.9988294467165588, 0.9997842066940541, 0.9999034316545667, 0.9997419786423296, 0.9997797792875174, 0.9997834533638293, 0.9994962787956065, 0.9989377128341412, 0.9994365728690238, 0.999217309508589, 0.9998114087870433, 0.9991208202714446, 0.9992990815993368, 0.9992060029944099, 0.9986775737300726, 0.9981223847189556, 0.9994893290743019, 0.9989683130530638, 0.999000696982366], [0.9982720584787109, 0.9969965391548951, 0.9991807760220512, 0.9998458008351396, 1.0, 0.9970267491057889, 0.9999713626982535, 0.9993511873095002, 0.9999720494247025, 0.9997155235621382, 0.9956010097429555, 0.9999491088294605, 0.9993108303871192, 0.9994830825015487, 0.9632856691544978, 0.999420951672265, 0.9920768786124912, 0.9986285157888324, 0.9986110042195644, 0.9926861443656609, 0.9999497334664149, 0.9983818869199796, 0.9944091721983397, 0.9992257695548619, 0.9994457626038695, 0.9824195972174774, 0.9966862833001799, 0.9976071222439213, 0.999201434368857, 0.9989418000397202, 0.9979689009846856, 0.9996302358406486, 0.999516020651567, 0.9995592905359478, 0.9989187745170305, 0.9994364086165424, 0.9995803683920954, 0.9991485024761761, 0.999658574180587, 0.9997708251634583, 0.9986715336153944, 0.9991712767640619, 0.9995873725889007, 0.9995653388536553, 0.9990172850027307, 0.9995119643199697, 0.9999152376390641, 0.9996654086337742, 0.999340034721635, 0.9995239985128037, 0.9993332629280672, 0.9997288839581577, 0.9994799721961817, 0.9989834659908198, 0.9942056950537288, 0.9987270327617249, 0.9994970003078429, 0.9990084580384826, 0.9986076226936411, 0.9996574528988795, 0.999196963102607, 0.9981224326815423, 0.9978008800940945, 0.9998414911137623, 0.9996468269196574, 0.9993929589179812, 0.9998168080415515, 0.9999277360621615, 0.9999824394766269, 0.9997203546976996, 0.9998222186417558, 0.9997466188048056, 0.9998052549901291, 0.9954773590527614, 0.9991170084979439, 0.9998523522080984, 0.9998749324791749, 0.9999198098431241, 0.9996156643143904, 0.9997221163779134, 0.999561859462465, 0.9991116631340483, 0.999512912648034, 0.9987536190311592, 0.9998631665559146, 0.9992934261274009, 0.9995783233731541, 0.9992239231107093, 0.9982568584820793, 0.9983914694727164, 0.9993808962071598, 0.9990840779831391, 0.9990881959594942], [0.9997989475065222, 0.9999965491488523, 0.9961225136309859, 0.9978974958609834, 0.9970267491057889, 1.0, 0.9975713008514986, 0.9983560802240886, 0.9971924861855189, 0.99706545824397, 0.9937779030544276, 0.9975759150169818, 0.9956305156090988, 0.996498276175807, 0.9809572437260459, 0.9961995408152478, 0.9902693687718284, 0.994797974748511, 0.999413338659026, 0.9953742252578771, 0.9965537250308675, 0.9966054362522858, 0.9947340816699661, 0.9973979363365622, 0.9973612857507719, 0.9813827088034301, 0.9986863680883868, 0.9975275071302896, 0.9978173308747167, 0.9953957158917586, 0.9937048995564858, 0.9964963192049066, 0.9962865249998931, 0.9961712612464855, 0.9952333106742499, 0.9977636053002983, 0.9973648957336176, 0.9955746068322889, 0.9966153809000384, 0.9965510429164999, 0.9945572452934683, 0.9954308285476494, 0.9965758613752568, 0.9962673667235876, 0.9969927949711659, 0.9977854277613021, 0.9977553853664398, 0.9978195995038333, 0.995988137439844, 0.996628901388097, 0.9962437633259404, 0.9964876847559845, 0.9959957229938652, 0.9961179615152973, 0.9924516177698481, 0.9947262197705723, 0.9981186298091067, 0.9960398828341777, 0.9948224787827299, 0.9968207849143185, 0.995516744971551, 0.9938884333834519, 0.9965141085023093, 0.9967379967760172, 0.9964707143873328, 0.9959078721703114, 0.9969590900542238, 0.996862193411644, 0.9968026064474851, 0.9978093694054426, 0.9969272768734904, 0.9966196626406578, 0.9967517933366541, 0.9936717417765794, 0.9953942384756345, 0.9968900352385703, 0.9979494908475082, 0.996809572520998, 0.9984966080860901, 0.9979762016164269, 0.9971446009396834, 0.9960515257463887, 0.9969551139163004, 0.9994064314520656, 0.9975194754891783, 0.9963897885550472, 0.9959061567356177, 0.9971920620338656, 0.9947461351887099, 0.995034665783219, 0.9979584164257514, 0.9962570495605969, 0.9964397418909516], [0.9986717983300666, 0.9975403880047766, 0.9990991216204663, 0.9999168784843151, 0.9999713626982535, 0.9975713008514986, 1.0, 0.9995313872627526, 0.9999605517638217, 0.9996931706691, 0.9957994955025757, 0.9999842355838389, 0.999173067062547, 0.9994208946969934, 0.9652101852049855, 0.9993218831455941, 0.9921768433956555, 0.9984560359314371, 0.9989235413753674, 0.993321042139022, 0.9998696521308705, 0.9984763587031334, 0.9947553841511616, 0.9992935174208564, 0.9994866499795978, 0.9828018363491662, 0.9971701161938189, 0.99788792596713, 0.9993071046712722, 0.9988047720387434, 0.9977422853330777, 0.9995540944147613, 0.9994303166750049, 0.9994559665157674, 0.9987671380016376, 0.9994986785851074, 0.9996059900195844, 0.9990150781688296, 0.9996014965347685, 0.999694085366263, 0.9984748877119509, 0.9990232317182808, 0.9995218585550283, 0.9994651268631063, 0.9990544512381037, 0.9995734388682406, 0.9999610227413438, 0.9997216587910782, 0.9992502373101759, 0.9994732608943718, 0.9992514438669171, 0.9996426210021341, 0.9993616607402637, 0.9989238586462754, 0.9942990340569493, 0.9985421868399751, 0.9996115336508714, 0.9989330665210474, 0.998438183814359, 0.9996150313154868, 0.9990616429672964, 0.9979018382954761, 0.9980146463040582, 0.9997791997707342, 0.9995678193798505, 0.9992769608921008, 0.9997765854353591, 0.9998871409113255, 0.9999285539061519, 0.9998162151713101, 0.9997784644336016, 0.9996805805815137, 0.9997956728413149, 0.9956790684432504, 0.9989688467540312, 0.9998170387359202, 0.9999546571981477, 0.9998671805143603, 0.9997498059084089, 0.9998133145496524, 0.9995602795733355, 0.999025431658829, 0.9994863500259001, 0.9990519250665726, 0.9998757440887234, 0.9992272081172904, 0.9994503614714705, 0.9992821822368263, 0.9981767229079501, 0.9982783913883093, 0.9995172580213543, 0.9991253842399126, 0.9991450150474556], [0.9991092970398259, 0.99829577401475, 0.9979228273470517, 0.9995405204009757, 0.9993511873095002, 0.9983560802240886, 0.9995313872627526, 1.0, 0.9993710225960675, 0.9988474340661979, 0.996709388912705, 0.9995260000211456, 0.9978877432530647, 0.9983966694296544, 0.9693300277442183, 0.9982334914031501, 0.9920151470362056, 0.9969243679250559, 0.9989251541372719, 0.9953544586932761, 0.9990345833729315, 0.9981922838925863, 0.9960591513294039, 0.9987528697416108, 0.9989583707704244, 0.9851601471998397, 0.9981523731612227, 0.9982680927205464, 0.9991351012090697, 0.9974199783168085, 0.9959656601657259, 0.9985414395490599, 0.9983474697485394, 0.9983494311670545, 0.9973472077552328, 0.999000929647017, 0.998917128517522, 0.9976913955014051, 0.9986801001546526, 0.9987411410545315, 0.9969010884113316, 0.9976749125485013, 0.9985056533175699, 0.9984406980736332, 0.9983398895462939, 0.9989045505690571, 0.9994457271223545, 0.9990723853630268, 0.9982239401205403, 0.9985013824656717, 0.9981945631763034, 0.9986974831040578, 0.9983704967667459, 0.9978739161764734, 0.9940087254788552, 0.9970049590561603, 0.9992835410838272, 0.9978110265679515, 0.9969103879320373, 0.9987412063597697, 0.997843876967837, 0.9961659571983196, 0.9986421616667848, 0.9988956571277562, 0.9985579347328319, 0.9980708455395113, 0.9989313929985499, 0.9991976171785155, 0.9991876327648993, 0.9997010798164767, 0.9989289205672469, 0.9987364341337455, 0.9994027979088487, 0.9966107553263979, 0.9976051160757686, 0.9991450606042802, 0.9996551300505425, 0.999075912338591, 0.9993767392084907, 0.9994600255415664, 0.9988126856958515, 0.9978005299169482, 0.998551961840134, 0.9990782689287199, 0.9992218996902453, 0.9983962486893097, 0.9983038593174209, 0.999130864328883, 0.9974522986020788, 0.997507139041566, 0.9995204682588157, 0.9991102338911733, 0.9991789084857312], [0.9983939730641298, 0.9971661281437592, 0.9992746165278917, 0.9999302528895343, 0.9999720494247025, 0.9971924861855189, 0.9999605517638217, 0.9993710225960675, 1.0, 0.9997218232453516, 0.9955033342906342, 0.9999369688457249, 0.9993008974437299, 0.9994858232430555, 0.9639434759277835, 0.9994323382833837, 0.9920696086765952, 0.9986290825583249, 0.9987277373995445, 0.9927322909828961, 0.9999175894795385, 0.9983868582374728, 0.994416973220929, 0.9992493546399666, 0.999459598013996, 0.982240849657441, 0.9967877751606045, 0.997646120196632, 0.999232783669326, 0.998944780364118, 0.9979665068825894, 0.9996854830607089, 0.9995107235434753, 0.9995718451588054, 0.9989178781341519, 0.9994756184975783, 0.999595811053207, 0.9991449622786645, 0.9996497213374238, 0.9997667580433287, 0.998660255921624, 0.9991610122344772, 0.9995891405806592, 0.9995718772268931, 0.9990449640009353, 0.9996212599200759, 0.9999190639050701, 0.9996971971012263, 0.9993808196418782, 0.9995271585947467, 0.9993379013712078, 0.9997255745789155, 0.9994652706488723, 0.9990431971897573, 0.9949480624835813, 0.9987187004923916, 0.9995298293972387, 0.9990471229139956, 0.9986106179915909, 0.9996582096844892, 0.999181113678782, 0.9981182520549621, 0.9977553002088116, 0.999828546697451, 0.9996681199633501, 0.9994288704853023, 0.9998134582079792, 0.9999224687167056, 0.9999530466886322, 0.999706558219422, 0.9998174667801903, 0.999735583585047, 0.9997517801557837, 0.9953787732141237, 0.9991089501086894, 0.9998842487680484, 0.9998748738606227, 0.9998979407715327, 0.9996634558203008, 0.9997343737602502, 0.9995751974192338, 0.9991269739969378, 0.9995409375583115, 0.9988633324903711, 0.9998724963883837, 0.999298945892219, 0.999556912484759, 0.9992200164381959, 0.9986161238410343, 0.9983776702314275, 0.9993864754204562, 0.9990109949716535, 0.9990216374361823], [0.9982363674745511, 0.9970925467542193, 0.9997343512853999, 0.9996153553577869, 0.9997155235621382, 0.99706545824397, 0.9996931706691, 0.9988474340661979, 0.9997218232453516, 1.0, 0.9934139683547565, 0.9996692538706546, 0.9997712719060441, 0.9998299715150081, 0.9643285985720853, 0.999756073239848, 0.9915765424409777, 0.9994099943340651, 0.9989558316711247, 0.9906511344304412, 0.9998220877767381, 0.9980838933787065, 0.9924740020424777, 0.9993066488006417, 0.9993906636160226, 0.978299690336677, 0.9960002368302712, 0.9969883356985776, 0.998867400967481, 0.9996146147909895, 0.9989506959201803, 0.9998922570927231, 0.9998509234933548, 0.9998609233825552, 0.999586656801571, 0.9994963204658394, 0.9997285627059982, 0.9997139674438744, 0.9998199878166303, 0.9999033561725625, 0.9993994714536845, 0.9997047824806138, 0.9999083169747766, 0.9997667288889233, 0.9992870133331779, 0.9998334881395308, 0.9998148305535455, 0.9999069780126182, 0.9995354825056328, 0.999827166393662, 0.9996794368274722, 0.9998323710225374, 0.9995441303682506, 0.9994186449484219, 0.993928579231271, 0.9994457991333227, 0.9994297672485208, 0.9995111256371887, 0.9994016686431637, 0.9998274756613653, 0.9995494023226236, 0.9990532017801144, 0.9962825335503883, 0.9999140927424779, 0.9998867968510556, 0.999812345851498, 0.9999337188421976, 0.9997142574065281, 0.9998003629524649, 0.9990954280275173, 0.9999298591472141, 0.9999072843493315, 0.9991351548236007, 0.9932636315827402, 0.9996821002599621, 0.9996519494433269, 0.9995338273894052, 0.9998468049926796, 0.9997316891624217, 0.999544070820197, 0.9997105748856995, 0.9997400737426846, 0.9998960707077071, 0.9989917496761349, 0.9998956535606229, 0.9993478828441016, 0.999822376528763, 0.9985823926755786, 0.9979089903449774, 0.9981449312430606, 0.998772534038338, 0.9979190164660952, 0.9979200576128466], [0.9945795594657825, 0.9935124753469183, 0.9912741864019506, 0.9956660931810273, 0.9956010097429555, 0.9937779030544276, 0.9957994955025757, 0.996709388912705, 0.9955033342906342, 0.9934139683547565, 1.0, 0.9958931258615582, 0.9915529305585952, 0.9924917205875174, 0.9619252572980679, 0.9920172838083708, 0.9892655202158857, 0.9894156649376302, 0.9931595168204647, 0.9982718779105071, 0.9946962056009847, 0.99465817511511, 0.9973027947409694, 0.9938455924744107, 0.9942974053724605, 0.9955550055656829, 0.9959976004581104, 0.9959513908924844, 0.9949949616286484, 0.9903283898137993, 0.9877471586690174, 0.9928324947022512, 0.9924773914447969, 0.9924982252222703, 0.9902424675651784, 0.9936279676266235, 0.9937516973640187, 0.9909834661429991, 0.9934393312705998, 0.9935014142665552, 0.9895949455558479, 0.9910763812227574, 0.9926371172717456, 0.9926671079101894, 0.992748220238155, 0.9930719205948737, 0.9951741519437536, 0.9935677988546665, 0.992853335180662, 0.9927563507504373, 0.992063410500409, 0.9933391268381926, 0.992898866309538, 0.9915652860998734, 0.9904379522640545, 0.9897350371939412, 0.9947622573580879, 0.9912151070487663, 0.9893406244330086, 0.9933461498431313, 0.9918055467956548, 0.9881307265787245, 0.999522958566791, 0.9938602349622234, 0.9929273227029431, 0.9918894209572648, 0.9937526493239193, 0.9952227404772235, 0.9950912936505165, 0.9972042556451387, 0.9937727510429907, 0.9934763083666692, 0.9971538787011155, 0.9999991356371118, 0.9908939495643598, 0.9950254404234568, 0.9961776510933689, 0.9946081618219083, 0.9943147412120235, 0.9954831306531375, 0.993462598436295, 0.990883134534341, 0.9924180151264843, 0.9935502470713982, 0.9942886530852564, 0.9928358950286132, 0.9926538356368589, 0.9960471885766511, 0.9939020849835426, 0.9925556178060799, 0.996817527570112, 0.9986571420955668, 0.998684894468693], [0.9986356531345265, 0.9975425141497999, 0.9990686270433888, 0.9999033526095106, 0.9999491088294605, 0.9975759150169818, 0.9999842355838389, 0.9995260000211456, 0.9999369688457249, 0.9996692538706546, 0.9958931258615582, 1.0, 0.9991454584891288, 0.9993997173124096, 0.9652000695848858, 0.9992225557663366, 0.9925423900207433, 0.9984088923376717, 0.998910165524783, 0.9934170858901588, 0.9998369585928775, 0.9984861891437458, 0.994529720332914, 0.9992864635051859, 0.9995064845314431, 0.9829828170152732, 0.9971647615063977, 0.9979154371113133, 0.9991297025865352, 0.9987680132915994, 0.9976903586512251, 0.9995099500588818, 0.9994091791007227, 0.999411596036109, 0.9987235195549844, 0.9993535998653191, 0.9995951815647539, 0.9989830261937975, 0.9995884274063691, 0.9996573413002304, 0.9984345291443848, 0.9989922595795615, 0.99948766322539, 0.9993521757525095, 0.9990386153951571, 0.9995406219487005, 0.999961387537135, 0.9997037884462591, 0.9992350037411686, 0.9994541976243032, 0.9991720809218207, 0.999550099789889, 0.9992066385581815, 0.998874885400109, 0.9943079059103604, 0.9985024656766734, 0.9995711725711699, 0.9988704653937885, 0.9983860991313245, 0.9995687244810924, 0.9990149462453212, 0.997852236653558, 0.9980796969932837, 0.9997416156269678, 0.9995246916436877, 0.9992515615947831, 0.9997395626575662, 0.9998700598591438, 0.9999087742183028, 0.9998087844875336, 0.99973933867369, 0.9996626374049233, 0.9998195003096026, 0.9957739183101407, 0.9989365090041459, 0.9997735609378005, 0.9999455998183018, 0.999847410973159, 0.9997303890976968, 0.9998179403551559, 0.9995039196354784, 0.9989916300330302, 0.9994357432638953, 0.9990070850797443, 0.9998243695441078, 0.9990368674135246, 0.9994206103521045, 0.9991096564597439, 0.9981494059751407, 0.9979807103879552, 0.9994677311964713, 0.9991716326080163, 0.9991769745442006], [0.9970494871164219, 0.9956889719784751, 0.9998966612008804, 0.9990357042258307, 0.9993108303871192, 0.9956305156090988, 0.999173067062547, 0.9978877432530647, 0.9993008974437299, 0.9997712719060441, 0.9915529305585952, 0.9991454584891288, 1.0, 0.9998390572564912, 0.9605146842104273, 0.9997964949828585, 0.9908037546550561, 0.9998775420277127, 0.9981708718515068, 0.9879467648462994, 0.999606896788759, 0.9974252457382946, 0.9902867502980817, 0.9989018024129328, 0.9989440692414003, 0.9750501587007474, 0.9942972629201016, 0.995768338941968, 0.9980782285928964, 0.999952573266977, 0.999640017220176, 0.9998772793215549, 0.9999035930759481, 0.9999233098995126, 0.9999498398533002, 0.999027662875608, 0.9994479747458505, 0.9999882229873001, 0.9997214591040475, 0.9998204717078837, 0.9998925933192238, 0.9999933359106941, 0.9999043856341403, 0.9997358537837115, 0.9990454558085835, 0.9995637313732892, 0.9993620351048096, 0.9996086678702706, 0.9995267674470711, 0.9997891203899839, 0.9997027848956064, 0.9997280202832679, 0.999457309536667, 0.9994593889866326, 0.9933214611418432, 0.9999091149875303, 0.998829637386089, 0.9996146018943335, 0.9998672562963655, 0.999686921872645, 0.999705238980173, 0.9997030848538484, 0.9947362823694883, 0.9997671625237289, 0.9998648425629273, 0.999975532234695, 0.9997640959705666, 0.9993768278758814, 0.999505980526538, 0.9982485874728624, 0.9997617477500811, 0.9998251800630608, 0.9985028030714621, 0.9913819338220651, 0.9999873946937589, 0.9992995302936707, 0.9988740631148609, 0.9996087415621502, 0.9991990105560331, 0.9989545327983097, 0.9994668967043775, 0.9999471997997588, 0.9998356985174561, 0.9981645487610382, 0.999561336761763, 0.9991286117671503, 0.9999062076503358, 0.997729909017534, 0.9975976070534572, 0.9978128985129211, 0.9978288749165678, 0.996921373304394, 0.9968810751095399], [0.9977439500631965, 0.996541831866471, 0.9997854304490306, 0.9993253394008377, 0.9994830825015487, 0.996498276175807, 0.9994208946969934, 0.9983966694296544, 0.9994858232430555, 0.9998299715150081, 0.9924917205875174, 0.9993997173124096, 0.9998390572564912, 1.0, 0.9630029266079432, 0.999728986482789, 0.991199156555426, 0.9995918812324279, 0.9986495145338015, 0.9894404480652494, 0.9996714353452572, 0.9977647754091195, 0.9914019949929063, 0.999112831943467, 0.9991588285029991, 0.9767050154154797, 0.9952640918800943, 0.9964387228912366, 0.9984639475670578, 0.9997409806877167, 0.9992313294368429, 0.9998488462954873, 0.9998442000387513, 0.9999480765325879, 0.9997204151533701, 0.9992526440813921, 0.9998671039868434, 0.9998076943451468, 0.9997432549554466, 0.999825000285649, 0.9995865515518427, 0.9998007314859616, 0.9998774679500186, 0.9997002048397112, 0.9991689879774712, 0.9997059084385371, 0.9995870711088968, 0.9997651051056683, 0.9994931929601967, 0.9999845846824643, 0.999652936916396, 0.9997334984132151, 0.9994367540317058, 0.9994118362058676, 0.9936175438886352, 0.9996213448264516, 0.9991450491278706, 0.9998738409674861, 0.9995831986902166, 0.9997305092864093, 0.9995771403467195, 0.9993150288586445, 0.9955337750538971, 0.9998067855297115, 0.9998394782529223, 0.9998521594938075, 0.9998965596881133, 0.9995136140812309, 0.9996181392880882, 0.9986730228415044, 0.9998180665608805, 0.9998354787236702, 0.9987911921589403, 0.9923315588848465, 0.9997869335196612, 0.9994419756111088, 0.9992063061123494, 0.9996955931658105, 0.9994927843266238, 0.9992603013986816, 0.9995725969328992, 0.9998154411259639, 0.9998479059399399, 0.9986541571126659, 0.9997143798952198, 0.9991855345764624, 0.9998143789433795, 0.9981269366977954, 0.9976963783416463, 0.9978934946081504, 0.9983094622360743, 0.9973990713956256, 0.9973823616861267], [0.9772720826326842, 0.9810518650896688, 0.9625776976339702, 0.9666562823347367, 0.9632856691544978, 0.9809572437260459, 0.9652101852049855, 0.9693300277442183, 0.9639434759277835, 0.9643285985720853, 0.9619252572980679, 0.9652000695848858, 0.9605146842104273, 0.9630029266079432, 1.0, 0.9624282862862029, 0.9595663441425489, 0.9595457446091185, 0.9751742058585186, 0.974731501950056, 0.9618819156692708, 0.9657545291843408, 0.9693744137725964, 0.9665847473827442, 0.9660411784771614, 0.9510808939171496, 0.9770349407631931, 0.970669005730511, 0.9685050859206982, 0.9607422298955587, 0.9575259793663189, 0.9626742704773088, 0.962187682657694, 0.9617496100759353, 0.9602625443949295, 0.9677804175559338, 0.9656268453641563, 0.9607837328590805, 0.9628671487584689, 0.9624355241497211, 0.9585662291759035, 0.9602161413685882, 0.963044006512247, 0.9622595618608537, 0.9658157889851537, 0.9673874176791679, 0.9659985108384486, 0.9670397534911181, 0.9615247398802476, 0.9633256886972595, 0.9626994685529136, 0.9625011253792174, 0.9616273888163791, 0.9630700931762359, 0.9618880329126634, 0.9590032458037445, 0.9684424524663899, 0.9628125322609882, 0.9597039448315854, 0.9636933155111043, 0.9604296984749652, 0.9577464113254737, 0.9662159045925673, 0.9628814961250212, 0.9625326720024332, 0.9612401139589404, 0.9637190342576776, 0.9629103530190994, 0.9625906831506612, 0.9664886619965227, 0.9635996485761155, 0.9626787714011716, 0.9625151559373992, 0.9618535579911953, 0.9602427236516721, 0.9632893607446797, 0.966703376518798, 0.9628139434507901, 0.9694476299296179, 0.9671939893323523, 0.965071139163513, 0.9625466815346896, 0.9646146187328284, 0.974860238016841, 0.9655463286525465, 0.9635643542228747, 0.9607579256771382, 0.9661601118446854, 0.9597787437761018, 0.9613989756674848, 0.9679976678368107, 0.9623381694184564, 0.9630038133150425], [0.9976298544591151, 0.9962505049382241, 0.9997523772605083, 0.9992213942666612, 0.999420951672265, 0.9961995408152478, 0.9993218831455941, 0.9982334914031501, 0.9994323382833837, 0.999756073239848, 0.9920172838083708, 0.9992225557663366, 0.9997964949828585, 0.999728986482789, 0.9624282862862029, 1.0, 0.9914279215023513, 0.9996180432739539, 0.9984579303289912, 0.9888557785508103, 0.9996539786699812, 0.9975579891403117, 0.9920639318455513, 0.9989611771534046, 0.9993243690329862, 0.9759369772984942, 0.9950402362151843, 0.9961363282017357, 0.9989459423779192, 0.9997245220384918, 0.9992806355752656, 0.9998703993648191, 0.9997699413638957, 0.9998703686712692, 0.9997326763975918, 0.9996117513495614, 0.9994545021032666, 0.9997766312818968, 0.9996386848413602, 0.9998147509624333, 0.9995948651229517, 0.9997700113937704, 0.9998473065943355, 0.9999744557052755, 0.9990502251530978, 0.9996547884123951, 0.999418790950248, 0.9996502848352375, 0.999413172476484, 0.9996964457757742, 0.9997922051758203, 0.9999316615199576, 0.9998725653448555, 0.9994396349258349, 0.9935480815409838, 0.9996249729475133, 0.9991106884529837, 0.9996066704936187, 0.9996264865708093, 0.9997449474339476, 0.9996077028434054, 0.9993560927169238, 0.9951380695177199, 0.9997966931422244, 0.9998529754747015, 0.9998055695473567, 0.9998041015733481, 0.999436758286844, 0.9995490579719255, 0.9985400987635555, 0.9998083572840237, 0.9997508613779165, 0.9985679644681404, 0.9918528471705699, 0.9997602273009392, 0.9994664761763653, 0.9990733561640922, 0.9996225482172272, 0.9993705778131384, 0.9990689053855257, 0.9996157709856838, 0.9997782144272672, 0.9998689581454601, 0.9985853136548588, 0.9997398109619491, 0.9997403709951221, 0.9998434063250452, 0.9986118650976872, 0.9977404673098069, 0.998865006920963, 0.9983223208705204, 0.9970987620737822, 0.9971313906534158], [0.9911723829433818, 0.9902083182922409, 0.9907514111090223, 0.992126271048566, 0.9920768786124912, 0.9902693687718284, 0.9921768433956555, 0.9920151470362056, 0.9920696086765952, 0.9915765424409777, 0.9892655202158857, 0.9925423900207433, 0.9908037546550561, 0.991199156555426, 0.9595663441425489, 0.9914279215023513, 1.0, 0.9898840637438651, 0.991161184001949, 0.9872737526383961, 0.9918304404905267, 0.9907979320280786, 0.9879508998367359, 0.9913707694926881, 0.9951005058697439, 0.9777014652628251, 0.9901391901093508, 0.9906101613196479, 0.9914390937175364, 0.9903317965993517, 0.9890176420159769, 0.9913286887853693, 0.9911859633568925, 0.9911811392171692, 0.9902724425719349, 0.9914244309678761, 0.991591120179107, 0.9905988920351219, 0.9914796486769522, 0.9915349904578328, 0.9899066431748822, 0.9906058999217193, 0.9912921404181565, 0.9911667877048169, 0.9910007091152769, 0.9914947434740864, 0.9920919281491158, 0.9916872852293592, 0.9910787798409509, 0.9912877830391171, 0.9909475809577719, 0.9914261712139928, 0.9910631682807791, 0.9906438270252234, 0.986680347385823, 0.9899918627519538, 0.9917723281343619, 0.9905867576908103, 0.9898588414229128, 0.9914705297849533, 0.9907300444130208, 0.9892084319898551, 0.9911161700262732, 0.9916629869270905, 0.9913507201735332, 0.9909541953609577, 0.9916661620879141, 0.9919532578322612, 0.9919590427514612, 0.9922492633177349, 0.9916659626636989, 0.9915411937748044, 0.992158584344802, 0.9891647723612587, 0.9905358237093265, 0.9918568110719572, 0.9922305479671825, 0.9918492824324794, 0.9918649576823184, 0.9920434008038232, 0.9914648403768143, 0.990633260604636, 0.9912564532690348, 0.9912874141279138, 0.9918502426407505, 0.9909591979613263, 0.9916959186150043, 0.9915092679031724, 0.9902805738103942, 0.9899973166780827, 0.9919515254051352, 0.9918176219557324, 0.9918414189832515], [0.9962799701704417, 0.9948960666205152, 0.9997991232013292, 0.9983189841992699, 0.9986285157888324, 0.994797974748511, 0.9984560359314371, 0.9969243679250559, 0.9986290825583249, 0.9994099943340651, 0.9894156649376302, 0.9984088923376717, 0.9998775420277127, 0.9995918812324279, 0.9595457446091185, 0.9996180432739539, 0.9898840637438651, 1.0, 0.9976902057597201, 0.9856450793194966, 0.9990654318732588, 0.9966408740960906, 0.9884219788944735, 0.9983922046155342, 0.99839441060058, 0.9714911979608395, 0.9930318186739474, 0.9946496263721674, 0.9973774733426377, 0.9999753322141612, 0.9999307126135863, 0.999593857797652, 0.9996628226735147, 0.9996845122469221, 0.9999824884477271, 0.9985921443541174, 0.9990102531468152, 0.9999351447920699, 0.9993441330620543, 0.999450099591626, 0.999990389875985, 0.9999274801763343, 0.9996500854162385, 0.9994718439766399, 0.9986841772696897, 0.9992282694991028, 0.9987415468497052, 0.9992179540306081, 0.9991905135171208, 0.9995048798645773, 0.9995029109353131, 0.9993787317355398, 0.999140660298933, 0.9992838393344119, 0.9925199201990558, 0.9999932461056975, 0.9982143837932265, 0.9995024823313674, 0.999999170478908, 0.9993267018302101, 0.9995221810708934, 0.9999549959683618, 0.9930443020899793, 0.9993495308609577, 0.9995695813640316, 0.9998092927940017, 0.9993618145243053, 0.9987441986157478, 0.9989048371493762, 0.997257896185032, 0.9993568102843928, 0.9994557453801307, 0.9975274438115487, 0.9892245515037389, 0.9999432592075443, 0.9986869746811715, 0.9980805240842354, 0.9990785349167719, 0.998679343891728, 0.9982528890000643, 0.9990740354129984, 0.9999078390569115, 0.9996082827020626, 0.9976415839995478, 0.9990801794340428, 0.9987956960502431, 0.9996439210323835, 0.9968529759764302, 0.9968896682778308, 0.9973775110984845, 0.9968505012516395, 0.9955767885732267, 0.995533772270343], [0.9997525112356204, 0.9994505065524795, 0.998490143870439, 0.9991055092473444, 0.9986110042195644, 0.999413338659026, 0.9989235413753674, 0.9989251541372719, 0.9987277373995445, 0.9989558316711247, 0.9931595168204647, 0.998910165524783, 0.9981708718515068, 0.9986495145338015, 0.9751742058585186, 0.9984579303289912, 0.991161184001949, 0.9976902057597201, 1.0, 0.9930291291303133, 0.998454334152562, 0.9976750422183297, 0.9935269460691384, 0.9988316654420235, 0.9987920620888597, 0.9786803851163458, 0.9978557109155599, 0.9976070442486371, 0.9987372048584442, 0.9980718585820415, 0.9969546511285765, 0.9986387254316622, 0.998527913822661, 0.9984536286760547, 0.9979640028688346, 0.9991467127489821, 0.9990197114926747, 0.998165626889799, 0.9986235771887925, 0.9986117956734835, 0.9975171022484313, 0.9980617277426518, 0.9987180959850783, 0.9984389226890664, 0.9986777205259466, 0.99939845364336, 0.9991635174891332, 0.9994072723945719, 0.9981538461330407, 0.998703722380082, 0.9984505476881681, 0.9985440684447289, 0.9981311012164222, 0.9983044091854913, 0.9935254599007042, 0.9976310756545823, 0.9992430939028802, 0.9983321756437284, 0.9977083218461111, 0.9987591714426306, 0.9979648003918922, 0.9970799677935342, 0.9962804711355597, 0.9986976883014111, 0.9986105979892859, 0.9983307498547089, 0.9988569083843493, 0.998546442846058, 0.998562711279946, 0.9986486225085878, 0.998832645353023, 0.9986629592612257, 0.9980143625863646, 0.9930219187193208, 0.9980462761152795, 0.9985493108392531, 0.9990484123623433, 0.9986381791452346, 0.9996732264810815, 0.9991432659840601, 0.9988933652924546, 0.9984874230527843, 0.9989695923878096, 0.9999668596044018, 0.9991336139877562, 0.9982851795227531, 0.998253569027586, 0.9981033836570694, 0.9964939219225544, 0.9968716210687113, 0.9986203226965157, 0.9969788486117617, 0.9970885032034011], [0.9951041384681532, 0.9951199177652443, 0.9881322524777176, 0.9935254185226042, 0.9926861443656609, 0.9953742252578771, 0.993321042139022, 0.9953544586932761, 0.9927322909828961, 0.9906511344304412, 0.9982718779105071, 0.9934170858901588, 0.9879467648462994, 0.9894404480652494, 0.974731501950056, 0.9888557785508103, 0.9872737526383961, 0.9856450793194966, 0.9930291291303133, 1.0, 0.9914314562367397, 0.9926475736641447, 0.9974374525973053, 0.991730975035765, 0.9920544227423143, 0.9947733690972098, 0.9969968989249558, 0.9953033621696102, 0.9934415499431861, 0.986790814161032, 0.9836060158660616, 0.9897011137491193, 0.989239432235766, 0.989162838764206, 0.9866036794752099, 0.9917461520103203, 0.9913264904808243, 0.9874420559238262, 0.9903737271054076, 0.9903237808885434, 0.9856105460976858, 0.9874118753973953, 0.9895805834672224, 0.9894757453194617, 0.9904508309245607, 0.9910069076651011, 0.992832697880218, 0.9914147104036364, 0.9895446138725034, 0.9897814869233919, 0.988977675656264, 0.9901949789566755, 0.9896247013220576, 0.9886111199614184, 0.9884471410878204, 0.9858395640602253, 0.9930506679792285, 0.9881784251789305, 0.9856065101185248, 0.9904646460400157, 0.9882365864874454, 0.9840210026860238, 0.9980937847636604, 0.9907850794901683, 0.989766980618249, 0.9884405062354609, 0.9908580001676448, 0.9922183105001728, 0.9919942534565059, 0.9951673366268295, 0.9908528744363517, 0.9903498596306632, 0.9942186664301484, 0.9982891146306714, 0.9872378823950094, 0.992119129618819, 0.9940733792387542, 0.9915429787244014, 0.9927496766917049, 0.9934740506870192, 0.9909174831126935, 0.9877273256865158, 0.9897125074330202, 0.9933505850836968, 0.9918193866448548, 0.9900404025547271, 0.9891083105630187, 0.9940515534453929, 0.9905914427775063, 0.9895569850247735, 0.9951884559269247, 0.9959799716819735, 0.9961575904312454], [0.9979139091567204, 0.9965434607829944, 0.9994566323587122, 0.9997205773790406, 0.9999497334664149, 0.9965537250308675, 0.9998696521308705, 0.9990345833729315, 0.9999175894795385, 0.9998220877767381, 0.9946962056009847, 0.9998369585928775, 0.999606896788759, 0.9996714353452572, 0.9618819156692708, 0.9996539786699812, 0.9918304404905267, 0.9990654318732588, 0.998454334152562, 0.9914314562367397, 1.0, 0.9982089590785652, 0.99350536915714, 0.9992050803348448, 0.999413867287233, 0.9806944898876448, 0.996031507483341, 0.9971548997660149, 0.9990377277110365, 0.9993087175889148, 0.9985221893749567, 0.9998072309425745, 0.9997219514703513, 0.999774260253193, 0.999298582895028, 0.9994369118942941, 0.9996210966254464, 0.9994759543824392, 0.9997797565221995, 0.9999044520050459, 0.9991117931164464, 0.9995013987454073, 0.9997724059153574, 0.9997558683869026, 0.9990882996314542, 0.999580697082548, 0.9998537437543651, 0.9997100992685368, 0.9995027043856217, 0.9996870941568528, 0.9995490398928708, 0.9998709695768682, 0.9996488500479035, 0.9992031365081141, 0.9940406284625031, 0.9991533617111179, 0.9993902395642986, 0.999267115608945, 0.999046721033308, 0.999773599117691, 0.9994583237743584, 0.998653004869225, 0.9971073448408876, 0.9999422839771269, 0.9998190001754013, 0.9996551881453823, 0.9999119098041318, 0.9999109275181048, 0.9999886293767499, 0.9994413963020649, 0.9999178483631542, 0.999876588134024, 0.999602735682052, 0.9945606001428132, 0.9994578757466435, 0.9998394028078643, 0.9997045764456511, 0.999960786240726, 0.9995479196318218, 0.9995927058883731, 0.9996352558859392, 0.9994169522637883, 0.9996855261683063, 0.9985800555233313, 0.9998845071094586, 0.9994173007316165, 0.9997963910888983, 0.9990014421436959, 0.9982335187194608, 0.998476895924612, 0.9990773012389667, 0.9986680522627117, 0.9986593373794133], [0.997520032989448, 0.9965688527691423, 0.9974047536923822, 0.9984385320930669, 0.9983818869199796, 0.9966054362522858, 0.9984763587031334, 0.9981922838925863, 0.9983868582374728, 0.9980838933787065, 0.99465817511511, 0.9984861891437458, 0.9974252457382946, 0.9977647754091195, 0.9657545291843408, 0.9975579891403117, 0.9907979320280786, 0.9966408740960906, 0.9976750422183297, 0.9926475736641447, 0.9982089590785652, 1.0, 0.9935133267798308, 0.9978028225064914, 0.9979317091455109, 0.9820692374769755, 0.9961735246935961, 0.9966946753363006, 0.997745239580225, 0.9970403337913951, 0.995856996656427, 0.9978691139744337, 0.9977495631273778, 0.9977400117318067, 0.9969821335519489, 0.9978937912506777, 0.9980621784756526, 0.9972632688711935, 0.9979666409029059, 0.9984096756402725, 0.9966419945075515, 0.9972583286884228, 0.9978528272263336, 0.9977041458653408, 0.997514928639161, 0.9980411505994067, 0.9984588164642143, 0.9981988143417062, 0.9975788161954362, 0.9980996090959093, 0.9975298798009657, 0.997917117536143, 0.9975562352623409, 0.9988666042356689, 0.9928860604481816, 0.9967226845653447, 0.9981514329067196, 0.9972243942374297, 0.9966218090705593, 0.9979694718354177, 0.9973087537573809, 0.9960270398846001, 0.9968245801935526, 0.9981234665663274, 0.9978818720364219, 0.9975562705320986, 0.998142502142964, 0.9982859738870851, 0.9983086453784364, 0.9983903697303635, 0.998139463680749, 0.9980318165085862, 0.998283682749952, 0.