"[[1.0, 0.0, 0.043228977082580555, 0.061735152506466995, 0.0, 0.0, 0.2934612384963633, 0.0, 0.0, 0.0, 0.02369642930045157, 0.0, 0.01640790545303683, 0.01734023547264152, 0.0, 0.0, 0.0, 0.0, 0.0, 0.0, 0.0, 0.0, 0.0, 0.0, 0.0, 0.0, 0.0, 0.0, 0.0, 0.0, 0.0, 0.0, 0.0, 0.0, 0.005585138330292061, 0.08683831943782061, 0.003015853973790339, 0.0, 0.0, 0.0, 0.0, 0.06599989311245447, 0.0, 0.0, 0.0, 0.0, 0.2125612063243194, 0.0, 0.0, 0.0, 0.0, 0.15906503646653225, 0.0, 0.0, 0.0, 0.0, 0.3176738168740817, 0.0, 0.0, 0.09627212835520504, 0.0, 0.0, 0.0, 0.011964179694117782, 0.0098019580733949, 0.0, 0.0, 0.0, 0.0, 0.0, 0.0, 0.0, 0.0, 0.0, 0.0, 0.0, 0.018673631158242054, 0.10354081739560428, 0.043835483085478355, 0.12006525481580876, 0.39923813726673696, 0.0, 0.0, 0.1851633383518354, 0.0, 0.07868404812615526, 0.0, 0.0, 0.0, 0.0, 0.2650011686024114, 0.0, 0.0], [0.0, 1.0, 0.36987619597725185, 0.4979093321748671, 0.0, 0.0, 0.19329285397161788, 0.0, 0.37040040000026275, 0.0, 0.0, 0.0, 0.03474001735662313, 0.0, 0.0, 0.2821610811980968, 0.0, 0.011536595771709512, 0.019968926188255076, 0.0, 0.0, 0.0, 0.0, 0.0, 0.0, 0.0, 0.0, 0.0, 0.0, 0.0, 0.0, 0.0, 0.0, 0.035207618309000877, 0.0, 0.17144013709057393, 0.17803214094232123, 0.0, 0.0, 0.0, 0.0, 0.0, 0.0, 0.0, 0.0, 0.0, 0.06344891252661145, 0.0, 0.0, 0.027217410865723934, 0.0, 0.0027586236706775846, 0.0, 0.0, 0.0, 0.0, 0.0246642448454083, 0.0, 0.0, 0.01960455616380441, 0.0, 0.0, 0.25149990559958046, 0.0, 0.0, 0.0, 0.0, 0.0, 0.0, 0.0, 0.08792095276864165, 0.0, 0.0, 0.0, 0.0944807381328211, 0.0, 0.03146863276331724, 0.052384055345436886, 0.15722029687506245, 0.0, 0.04707125991173566, 0.0, 0.0, 0.0, 0.18415069528078998, 0.0, 0.0, 0.0, 0.0, 0.0, 0.21435043139789745, 0.0, 0.0], [0.043228977082580555, 0.36987619597725185, 1.0, 0.44826854965405993, 0.854827257509631, 0.20135083820647282, 0.8488865932798682, 0.04404563503915404, 0.9322831842067346, 0.851135503719057, 0.20284770997694102, 0.0, 0.8842687342707725, 0.2600006624235073, 0.0, 0.929257140208644, 0.0, 0.8821933808083192, 0.7613309573995531, 0.0, 0.5412044615432727, 0.0, 0.0, 0.11869800400409991, 0.18815838348343572, 0.0, 0.0, 0.0, 0.0, 0.0, 0.0, 0.7589646343506908, 0.2667977177163996, 0.7557526641206581, 0.15405118428745246, 0.14310588366293442, 0.09379601322772779, 0.3096092798946224, 0.02999297584322913, 0.7549304202002722, 0.00369788853758124, 0.6833064584064674, 0.06677316153201396, 0.6109435982019572, 0.0, 0.14645207151559236, 0.7912328737157795, 0.006908407716936571, 0.00034298816501621143, 0.213210556192444, 0.040821081848204877, 0.7683942082360696, 0.16129640939540035, 0.06882128441618951, 0.0, 0.0, 0.0373139639245349, 0.0, 0.09066010685757497, 0.011996054499493036, 1.899100269264764e-05, 0.0, 0.2958460777021701, 0.8610023064198286, 0.8720001428309369, 0.81244406963205, 0.8274994506528552, 0.5715893510208523, 0.7844121997207485, 0.279673319696607, 0.8670298646857705, 0.8558286734877518, 0.7416397992286528, 0.0, 0.8188140377799032, 0.5261614569632617, 0.3818301670394104, 0.8215249444929443, 0.7997535836469576, 0.6329366110935946, 0.7677825931256093, 0.7030784207992413, 0.6041964429371385, 0.4880610439264177, 0.29091841346878433, 0.7683945873973123, 0.5051959500562216, 0.0719621646586307, 0.0027087157268927964, 0.0, 0.2737719173879748, 0.6363401615122541, 0.5218265979549724], [0.061735152506466995, 0.4979093321748671, 0.44826854965405993, 1.0, 0.22551191386672376, 0.3241610650076798, 0.42593277428863985, 0.026573545747934357, 0.49165654233566314, 0.22781280859557151, 0.32586939201922216, 0.0, 0.2635032609324477, 0.11792630358830525, 0.10287056075778844, 0.3958494830529209, 0.0, 0.2280217955073417, 0.27446957482349355, 0.03762590108844133, 0.14345578153093874, 0.11843770890363903, 0.0, 0.018674076887053248, 0.0, 0.1450501410282955, 0.0, 0.09130252551844786, 0.0, 0.0, 0.04116697332967456, 0.4820924780038127, 0.7852186746982053, 0.5073175258547232, 0.7573164010006818, 0.8485830098405625, 0.8199513724370388, 0.7514203306210248, 0.7214126625759566, 0.3718487757785527, 0.7290594382322745, 0.6419338251434925, 0.7323217238165572, 0.5762075620219981, 0.09394186163952967, 0.32238633190999133, 0.5144864631359906, 0.0, 0.7176536069824588, 0.43007276549875795, 0.0021513563977736405, 0.20529926363507744, 0.0, 0.6983360063514412, 0.0, 0.0, 0.07056670168794432, 0.025454426894074733, 0.03798708142683904, 0.1365396861399265, 0.0, 0.527547583236044, 0.635017862993933, 0.26999105112542, 0.24067246445649704, 0.3551713198606832, 0.25668768212897475, 0.3215157881178302, 0.3157169820199208, 0.2108662913883056, 0.28792118675829825, 0.3094079670427241, 0.23841566284707127, 0.0, 0.3787433398687321, 0.17688101760784802, 0.18155605867348779, 0.3356465296826945, 0.40863573872807213, 0.2640095236965305, 0.2933609185613739, 0.2089961678283404, 0.16142865400684225, 0.19208505668600073, 0.17269328644815485, 0.2646897274922484, 0.11970519136731539, 0.0, 0.0, 0.035669535421469556, 0.24714329202987007, 0.3097426450799974, 0.14286887586875263], [0.0, 0.0, 0.854827257509631, 0.22551191386672376, 1.0, 3.898996766238394e-05, 0.7903086490810184, 0.0, 0.860775712262949, 0.9689489625866029, 0.003752051693691749, 0.04983519255128621, 0.9717654013868541, 0.2901612192157701, 0.0, 0.8525628328151116, 0.011989147483380758, 0.9696829444806294, 0.8546089532295876, 0.002814331872569631, 0.7425190314441594, 0.03469398117770672, 0.021253330127040004, 0.034674687451073716, 0.038370047709449184, 0.0017942466565666892, 0.10552971878744744, 0.0, 0.0, 0.0, 0.07414128344103721, 0.8571399715264204, 0.2948849330287573, 0.8488638160345835, 0.15565089171557533, 0.0037534425225594914, 0.0012095835122136744, 0.36638171866845104, 0.03162914788195914, 0.8364233180166509, 0.0010930557436075183, 0.7605481408079066, 0.07284933047546671, 0.6868022367898572, 0.0, 0.1399809225553451, 0.7827597308582895, 0.0, 0.0011237835483374203, 0.22328503709207104, 0.19356457459577692, 0.9099073458830975, 0.07405655218996798, 0.09110047082842954, 0.04591737124163198, 0.0, 0.14571956157570565, 0.17702771689717056, 0.026746760811536485, 0.173941619203412, 0.17883015129962843, 0.12380578810254639, 0.04292338912104943, 0.9437896538831283, 0.9399471953344487, 0.9208686387437378, 0.9423690461887557, 0.6266225855243605, 0.8512746949586083, 0.24365072793970055, 0.9488498271487029, 0.9372457634783239, 0.8464428405084402, 0.0, 0.8692540586001879, 0.5874007672942188, 0.40649201050990147, 0.8309665955774562, 0.8608501923068732, 0.6640808695130932, 0.8254594641183445, 0.796088029254231, 0.7904626972189471, 0.5660930874178192, 0.1348513361254131, 0.8664555148007856, 0.4812032955678722, 8.322460436915868e-05, 0.0, 0.0, 0.22978541687081844, 0.7837002106801111, 0.7087047719606041], [0.0, 0.0, 0.20135083820647282, 0.3241610650076798, 3.898996766238394e-05, 1.0, 0.14785997391971295, 0.0, 0.08392577559743164, 1.0642115725656431e-05, 0.9987785082405399, 0.0, 0.05180487472253559, 0.0017254181977537364, 0.0, 0.1245605912510721, 0.0, 0.0, 0.0, 0.01385407600374311, 0.0005991191260427131, 0.0, 0.0, 0.0, 0.0, 0.0, 0.0, 0.0, 0.0, 0.0, 0.0, 0.06571484243779624, 0.1327731210513433, 0.001314801425362222, 0.00010610082852380298, 0.31470461462627086, 0.10820568461845959, 0.0013776752305013629, 0.00020563670144080337, 0.0018233268619446408, 0.0, 0.0, 0.0001703413233141715, 0.0017998094041248303, 0.0, 0.00012280354449878406, 0.49488175352611397, 0.0, 0.0005385983585546317, 0.000983812796595207, 0.0, 0.012851377395299068, 0.0, 0.039459279251756185, 0.0, 0.005316736033188274, 0.027866451154903382, 0.0007576626506172746, 0.00038612214099276176, 0.0012330918844407623, 0.0, 0.0004599009407082466, 0.7511039535650467, 0.0006222230705466014, 0.062198452925396386, 0.0013301656486499613, 0.00045122048756918165, 0.0027377309641892777, 0.0008913673548743839, 0.166219213756283, 0.00027997774843191436, 0.056183875735637434, 0.0015181102133969837, 0.0, 0.0, 0.003325313231255511, 0.05876559159165884, 0.2806521687378172, 0.0007680250492797525, 0.13459701929270929, 0.0, 0.0, 0.00244403553228989, 0.0020794585652499364, 0.003976525001574083, 0.0027755371984000687, 0.0027666909675702067, 0.0, 0.0, 0.006101639663950498, 0.006923613178563159, 0.03443783190686289, 0.0011528088054658658], [0.2934612384963633, 0.19329285397161788, 0.8488865932798682, 0.42593277428863985, 0.7903086490810184, 0.14785997391971295, 1.0, 0.22667307020062988, 0.7997477736112681, 0.817654036999023, 0.15181900561010653, 0.0, 0.8149324887483789, 0.29032914601432847, 0.09374183183284246, 0.7970556728079616, 0.0, 0.8046945371301986, 0.74600870025473, 0.16666460002731465, 0.5046298389977111, 0.0, 0.22651915816093948, 0.028101525178214848, 0.08750493870612408, 0.10230286751484541, 0.023661181386811947, 0.03278698432685756, 0.0, 0.045454844370572234, 0.0, 0.750759584885929, 0.3051773822062307, 0.7459768802100641, 0.20833118823299845, 0.24832038395336586, 0.15966306302319988, 0.42361743150614883, 0.08296680717159854, 0.779922197397533, 0.06449000195551746, 0.7041883828016645, 0.13473057256768395, 0.6606923042637649, 0.0, 0.27312481583137505, 0.7890001041315392, 0.13657148096456873, 0.061691598174778095, 0.23522319049850382, 0.0178484344644102, 0.7466707541343198, 0.069735466453964, 0.12136793092246312, 0.0, 0.13279360503329263, 0.21334075928905716, 0.020311383729201826, 0.12538696802881566, 0.06723580932679596, 0.0, 0.050774018645415864, 0.3457561473912403, 0.8356416112159958, 0.7921629773947994, 0.8077973939858549, 0.8215522109361925, 0.5335090813163306, 0.8324454993790028, 0.47468642142009587, 0.8099284381672617, 0.8192996128638318, 0.7040539786614349, 0.0009159715252732292, 0.7892918044645497, 0.490222833116142, 0.4346039775509053, 0.7723687596468541, 0.7759387556565102, 0.832372204180077, 0.8130878002536501, 0.6446264811685505, 0.5941559074975143, 0.7306028732660789, 0.419929978184445, 0.7646793241036883, 0.4346731104574506, 0.10521606364795755, 0.0, 0.0, 0.4717653061979221, 0.6838252352723436, 0.48407593116826164], [0.0, 0.0, 0.04404563503915404, 0.026573545747934357, 0.0, 0.0, 0.22667307020062988, 1.0, 0.0076179463810828185, 0.10575515118386036, 0.0, 0.0, 0.0, 0.2013105123424509, 0.0, 0.0, 0.0, 0.0, 0.0, 0.0, 0.0, 0.0, 0.0, 0.0, 0.0, 0.0, 0.0, 0.0, 0.0, 0.0, 0.0, 0.0, 0.0, 0.0, 0.05203958322705404, 0.017046473331201017, 0.05017563672779446, 0.005095503864508966, 0.0, 0.0, 0.0, 0.0, 0.0, 0.0, 0.0, 0.0, 0.0, 0.0, 0.0, 0.0, 0.0, 0.0, 0.0, 0.0, 0.0, 0.0, 0.048359097455301536, 0.0, 0.0, 0.0, 0.0, 0.0, 0.421121012392802, 0.07747155171866404, 0.0, 0.13602934458288596, 0.1176515658102898, 0.0, 0.34869014764107553, 0.7397070759850454, 0.015219857480813781, 0.00457777900536771, 0.01341419613668915, 0.0, 0.20527954145618943, 0.0, 0.0, 0.0, 0.09738059567355628, 0.3235598798761882, 0.0, 0.0, 0.0, 0.0, 0.3906638634710724, 0.0, 0.0, 0.0, 0.0, 0.0, 0.040605850419311085, 0.0, 0.0], [0.0, 0.37040040000026275, 0.9322831842067346, 0.49165654233566314, 0.860775712262949, 0.08392577559743164, 0.7997477736112681, 0.0076179463810828185, 1.0, 0.8574987449652627, 0.08582216276554755, 0.10527159198499791, 0.8782743931729368, 0.3255784561070898, 0.007910819619999954, 0.866676543937555, 0.01525607909625748, 0.8867071839989031, 0.7614192367780076, 0.04432832434640521, 0.5389064437838874, 0.09289948669153225, 0.0, 0.0, 0.0, 0.0, 0.07224474414841353, 0.0, 0.0, 0.0, 0.0, 0.7894600066665606, 0.33630201335052634, 0.7810437335897312, 0.25404511652578643, 0.1789480808348659, 0.17398717406793884, 0.40505932776657916, 0.1381649984702863, 0.7517360118407087, 0.10120557486266701, 0.7356213763631977, 0.179688055546537, 0.6660540539931504, 0.01797276408484849, 0.2058502735141483, 0.7338608844964116, 0.0, 0.10433741767609073, 0.29275707291985276, 0.08105262835365923, 0.764230907721946, 0.31194593170640894, 0.1891663114632176, 0.025967316789708872, 0.0, 0.01639338887816344, 0.004185454184808091, 0.029644202654897422, 0.031072616694528765, 6.380925320492725e-05, 0.07674409895314305, 0.2241605408938644, 0.8523995650135862, 0.8966704033632582, 0.8235574800055099, 0.8030306838127137, 0.6804320000234512, 0.756153993077815, 0.24665466648962386, 0.866458030528076, 0.8644504264640651, 0.7487931896824187, 0.0, 0.812232270366721, 0.5408479350736443, 0.3758899920782035, 0.7984489531156483, 0.8104207549037824, 0.6069950471638983, 0.7204087907284404, 0.7282402859894165, 0.6300414397813673, 0.4696210303018913, 0.18022808420740521, 0.7813266416262491, 0.37512392891891566, 0.00017580320544052785, 0.0, 0.04816651389467774, 0.3083335781294365, 0.6580767170027884, 0.5228301027306638], [0.0, 0.0, 0.851135503719057, 0.22781280859557151, 0.9689489625866029, 1.0642115725656431e-05, 0.817654036999023, 0.10575515118386036, 0.8574987449652627, 1.0, 0.004821174459767041, 0.13000073694020475, 0.9667642951776675, 0.2614044078046873, 0.014959675615950463, 0.85110820794477, 0.0242047256203346, 0.9701992521308077, 0.8549711877321953, 0.0007681577409275331, 0.6165836763826126, 0.0, 0.02692457045865504, 0.03348003823484946, 0.0, 0.015261623801246071, 0.10726996987424531, 0.0, 0.05650333943415442, 0.0, 0.035387119427892744, 0.8474711801069177, 0.27262086207652025, 0.841372437222037, 0.1553362283533739, 0.01931118276018251, 0.006699941368663587, 0.3545964410538165, 0.015611436755922359, 0.8210838549244814, 0.001241785638806725, 0.7524461880086387, 0.07405766345172626, 0.685612263317035, 0.0, 0.13201266240925513, 0.7487064779108005, 0.0, 0.0006795222284209368, 0.19101270872047083, 0.007489578081364412, 0.8170461364931949, 0.025183814353477607, 0.037323227226636946, 0.0, 0.0, 0.011443812996955405, 0.00013169486695874255, 0.00818087372209031, 0.01368765857559684, 0.00010123737928457999, 0.0026457244268126567, 0.10214509261243021, 0.940166364183757, 0.939592671901111, 0.9360578407002559, 0.9386972027497545, 0.5815089866418947, 0.8845006065837344, 0.33319696083332095, 0.9547299948729632, 0.9310880673409393, 0.8469074247227226, 0.0, 0.8850137375870838, 0.5800303155497998, 0.42709157413371446, 0.8222661206940362, 0.8610860643644223, 0.7214803863480832, 0.8088929100254036, 0.8332608191323143, 0.7050976544834922, 0.5541398521889057, 0.17091121821671118, 0.8696387265987813, 0.4336405144845188, 0.0007382757856878586, 0.0, 0.0, 0.23891031273262553, 0.7373905161586496, 0.5919156258559908], [0.02369642930045157, 0.0, 0.20284770997694102, 0.32586939201922216, 0.003752051693691749, 0.9987785082405399, 0.15181900561010653, 0.0, 0.08582216276554755, 0.004821174459767041, 1.0, 0.026114209410834643, 0.054217367231433444, 0.024401174067557263, 0.0, 0.1320667483608844, 0.008492682631091042, 0.00012648032683493238, 0.0023634778703455206, 0.0, 0.0022576102150776434, 0.0, 0.0, 0.005616466579821844, 0.0, 0.0, 8.049041897650877e-05, 0.0, 0.0, 0.0, 0.02893909520700988, 0.06398341139309427, 0.13814344575763426, 0.0071625793386045356, 0.0007157280719802817, 0.3169679758326791, 0.10781139622962, 0.004965263577793255, 0.004671161319788064, 0.000444173663724734, 0.00017304489754754737, 0.0022951523653610417, 0.0020798349870566613, 0.0006486830341267957, 0.0, 0.0, 0.5001343805032245, 0.0, 5.986929419887765e-06, 1.2155298928506753e-06, 0.00017295701570729793, 0.01673576602992677, 0.0, 0.03949180064625668, 0.0, 0.0, 0.035069350478456385, 4.6207617750648744e-05, 0.0006631618901035141, 0.0033816277626249613, 3.5521036104824155e-05, 0.0005795246350720484, 0.7513592979793439, 0.004236635582817172, 0.06260591144211936, 0.003833802223528915, 0.003372824488827142, 0.0016836349499649295, 0.0039337282931128925, 0.16582609067116438, 0.001500003020688756, 0.06105952177897456, 0.004554220343452986, 0.0, 0.0036743778548202766, 0.0, 0.05949353985199157, 0.28589909283799386, 0.006685382046359822, 0.13305649893250893, 0.016734422591922815, 0.009284536657336973, 0.005667519779206209, 0.007020069032947163, 0.0026750790341848463, 0.002063067748169667, 0.0034816916988009705, 4.361064210578469e-05, 0.0, 0.0, 0.011972133058390733, 0.03829330980552903, 3.882154656575931e-05], [0.0, 0.0, 0.0, 0.0, 0.04983519255128621, 0.0, 0.0, 0.0, 0.10527159198499791, 0.13000073694020475, 0.026114209410834643, 1.0, 0.009898533190190295, 0.0, 0.0, 0.13886369234318308, 0.0, 0.004843352706761839, 0.0, 0.0, 0.08228989934403441, 0.0, 0.0, 0.0, 0.0, 0.0, 0.0, 0.0, 0.0, 0.0, 0.0, 0.0, 0.06038346626218749, 0.0, 0.003354623114246502, 0.020873800623151473, 0.0, 0.0, 0.0, 0.0, 0.0, 0.027999720492441038, 0.05323461180869604, 0.0, 0.0, 0.0, 0.028835083742467238, 0.0, 0.0, 0.0, 0.0, 0.02460078341270422, 0.0, 0.0, 0.0, 0.0, 0.0, 0.0, 0.0, 0.042134994865872355, 0.0, 0.017428100990394935, 0.0, 0.0, 0.04476243578799255, 0.0, 0.0, 0.0, 0.0, 0.0699327205967335, 0.0, 0.047697831450214, 0.0, 0.0, 0.012056620947570429, 0.0, 0.0, 0.0, 0.0, 0.0, 0.0, 0.342910978559936, 0.21514938610920642, 0.09634283674596722, 0.0, 0.0, 0.0, 0.0016699966451116932, 0.0, 0.0, 0.21798674861299216, 0.10089761087543214, 0.0], [0.01640790545303683, 0.03474001735662313, 0.8842687342707725, 0.2635032609324477, 0.9717654013868541, 0.05180487472253559, 0.8149324887483789, 0.0, 0.8782743931729368, 0.9667642951776675, 0.054217367231433444, 0.009898533190190295, 1.0, 0.26571849664167924, 0.0, 0.8878629597195639, 0.11357484201232293, 0.9840510287288505, 0.8423682442837621, 0.0, 0.641863180629092, 0.02459076483833056, 0.0, 0.0, 0.021903639995500268, 0.024381144073298833, 0.0, 0.0, 0.0, 0.03278298903881249, 0.029392490415108052, 0.8687986065462092, 0.2789566585927925, 0.8619373055869942, 0.15684389261510212, 0.03567044185198043, 0.017718314840066807, 0.3620178858930433, 0.02001113880831007, 0.8363996805520167, 0.001141138085723914, 0.7727398876977529, 0.07123527254495232, 0.7048150444995575, 0.0, 0.13722119819298428, 0.7990133429090025, 0.0, 0.008913135911512104, 0.2375414554277574, 0.057062432220132075, 0.8594903806694348, 0.07011907144472196, 0.06696723062780685, 0.043112088018726125, 0.0, 0.045059773313563034, 0.04049867465486312, 0.014625400330250837, 0.047723124908750414, 0.04090627315380713, 0.029320343307975727, 0.08861558054272056, 0.9512404480434036, 0.9562734970656247, 0.9388271179429899, 0.9222830172463218, 0.6572336365801345, 0.8621076089472898, 0.2747705743456659, 0.9661113957985469, 0.9570741127209477, 0.8952557754663546, 0.035629643240774445, 0.891265863759468, 0.6152387985248592, 0.45330265612537435, 0.8707802547710289, 0.8741170873087316, 0.6835321785724875, 0.8236659882483565, 0.8131162640881512, 0.7022252009234267, 0.5390041986535195, 0.10996776699480393, 0.8910165483625699, 0.4625000458821602, 1.653051721917098e-05, 0.05349953161981791, 0.0, 0.2237655615167442, 0.7543865816807562, 0.643347530695733], [0.01734023547264152, 0.0, 0.2600006624235073, 0.11792630358830525, 0.2901612192157701, 0.0017254181977537364, 0.29032914601432847, 0.2013105123424509, 0.3255784561070898, 0.2614044078046873, 0.024401174067557263, 0.0, 0.26571849664167924, 1.0, 0.009714010403595652, 0.2698475238344241, 0.059063260509018, 0.2612833556044901, 0.1931689293472315, 0.10570917611934516, 0.12328927883976104, 0.033892388772893356, 0.02035503136303729, 0.02045789625025174, 0.010795092212249502, 0.14218856000461189, 0.0, 0.0, 0.028746351444522644, 0.059370594486253925, 0.8076882023844785, 0.18580894017593752, 0.18242796123949945, 0.36701470908096234, 0.09656977198370997, 0.06634857660969395, 0.026000377375075212, 0.2501281133955071, 0.184331993871236, 0.20993257309338154, 0.003966453917627066, 0.20908763095488725, 0.058935218988852234, 0.1493954095884633, 0.041049953713755416, 0.1253198752336082, 0.17125441368280236, 0.003165010323209372, 0.0022859054393816747, 0.14868564957104546, 0.12457395178987851, 0.25684217671666687, 0.4710749255758203, 0.11293914317416731, 0.0, 0.04907432602909223, 0.03713168468339001, 0.00959688274222581, 0.036986758060502334, 0.02321418904739425, 0.0003320701470737042, 0.004374307400168642, 0.1390897017005921, 0.3794740410281212, 0.3037326500895592, 0.32793516531226463, 0.3088532164191464, 0.37257568885095305, 0.36909701908083326, 0.24871654597650383, 0.24416117490975564, 0.4074031582035996, 0.28094444052433953, 0.011114392509562587, 0.33045634732931695, 0.13138479867107355, 0.13474315460786057, 0.3576318830216635, 0.3740130700621328, 0.310558403139491, 0.3977389047568143, 0.17964992532179447, 0.19317745567684907, 0.17470771475845415, 0.1398969333165816, 0.19530932624510988, 0.11544783041953688, 0.00026515033641050234, 0.012128720559780093, 0.0, 0.18302259616367156, 0.30289199807795264, 0.1246376959124792], [0.0, 0.0, 0.0, 0.10287056075778844, 0.0, 0.0, 0.09374183183284246, 0.0, 0.007910819619999954, 0.014959675615950463, 0.0, 0.0, 0.0, 0.009714010403595652, 1.0, 0.0, 0.0, 0.0, 0.20569642135639832, 0.0, 0.0, 0.0, 0.0, 0.0, 0.0, 0.0, 0.0, 0.0, 0.0, 0.0, 0.0, 0.0, 0.0, 0.0, 0.0, 0.07804833435659997, 0.011660185893600183, 0.0, 0.0, 0.0, 0.0, 0.00038059273654522663, 0.0, 0.0, 0.0, 0.10913600362403086, 0.0, 0.0, 0.0, 0.0, 0.0, 0.0, 0.0, 0.01446815898634235, 0.0, 0.0, 0.10450080727118116, 0.0, 0.007267576766003314, 0.0, 0.0, 0.0, 0.05640924587628271, 0.008370817262348007, 0.0, 0.0, 0.025658534726032967, 0.0, 0.0, 0.0, 0.0, 0.0, 0.0, 0.0, 0.0, 0.0, 0.09148669332438908, 0.0, 0.0, 0.07274574941103218, 0.09849129424864511, 0.0017131076642912246, 0.017242358478672393, 0.18638135094409392, 0.2576243449715887, 0.0, 0.035448716545101955, 0.0, 0.0, 0.0, 0.08592441318205868, 0.0, 0.0], [0.0, 0.2821610811980968, 0.929257140208644, 0.3958494830529209, 0.8525628328151116, 0.1245605912510721, 0.7970556728079616, 0.0, 0.866676543937555, 0.85110820794477, 0.1320667483608844, 0.13886369234318308, 0.8878629597195639, 0.2698475238344241, 0.0, 1.0, 0.15741718926988058, 0.852604762683093, 0.7519508808675911, 0.0, 0.5542404862183458, 0.014869224966113759, 0.0, 0.02576993479644707, 0.2639270153067712, 0.0, 0.0, 0.0, 0.0, 0.0, 0.0870215872501745, 0.7791704319777714, 0.3043124682772471, 0.8000634604967556, 0.1738599913746468, 0.1429970055599541, 0.09762266654275509, 0.3477011843229434, 0.07810043420705637, 0.7859196938951688, 0.02930654797496879, 0.7006999185455496, 0.09530522835784483, 0.6588867545263212, 0.0, 0.13075140766595872, 0.7542179640955382, 0.0, 0.03631161085213219, 0.22295392699903038, 0.010494206048146881, 0.7547675597171061, 0.03847316413333157, 0.08427592179379573, 0.11677492370851761, 0.0, 0.02323017645018921, 0.0024225186272792687, 0.226406673679999, 0.017199962983691974, 0.0013698238377780614, 0.024349218941216666, 0.21281353652149848, 0.8561920818619845, 0.8306832032892166, 0.8208849084819548, 0.8539806767852878, 0.5698548604117828, 0.795003503368999, 0.24575737428194944, 0.8512428666169305, 0.8660755689856241, 0.7980029788645523, 0.0, 0.8170303707224955, 0.5451139893903226, 0.3779307558527524, 0.7831246231410175, 0.7946220664495672, 0.5950941716567627, 0.7741128270077301, 0.7925387696503544, 0.6262187679014034, 0.5371703728750816, 0.28925986830124906, 0.7815667299855327, 0.5616792202822553, 0.20779314096091905, 0.10147080680290554, 0.0, 0.3017251819078619, 0.6696456293070179, 0.549690254055788], [0.0, 0.0, 0.0, 0.0, 0.011989147483380758, 0.0, 0.0, 0.0, 0.01525607909625748, 0.0242047256203346, 0.008492682631091042, 0.0, 0.11357484201232293, 0.059063260509018, 0.0, 0.15741718926988058, 1.0, 0.0, 0.10749012522262325, 0.0, 0.0, 0.0, 0.0, 0.0, 0.0, 0.0, 0.0, 0.0, 0.0, 0.0, 0.0, 0.0, 0.0, 0.07762224423394304, 0.002460211779547028, 0.0, 0.0, 0.04709382534847195, 0.0, 0.0, 0.0, 0.0, 0.0, 0.07638140529967075, 0.0, 0.0, 0.06003963488329267, 0.0, 0.0, 0.0, 0.0, 0.0, 0.0, 0.07927237900657125, 0.0, 0.0, 0.0, 0.005440874192273126, 0.04303295126491602, 0.0, 0.0041825460396685, 0.01464832274789618, 0.0, 0.0, 0.010640357717290216, 0.009305550800155049, 0.0026461534854411717, 0.19824536287288763, 0.0, 0.0, 0.027060077063917443, 0.08991379799064603, 0.16763672669267715, 0.0, 0.0, 0.0, 0.04028384901899662, 0.0, 0.05355155136166023, 0.0, 0.0, 0.038820190070643856, 0.0, 0.0, 0.0, 0.0, 0.05690278678384064, 0.0, 0.0, 0.0, 0.0, 0.0, 0.004571175946654349], [0.0, 0.011536595771709512, 0.8821933808083192, 0.2280217955073417, 0.9696829444806294, 0.0, 0.8046945371301986, 0.0, 0.8867071839989031, 0.9701992521308077, 0.00012648032683493238, 0.004843352706761839, 0.9840510287288505, 0.2612833556044901, 0.0, 0.852604762683093, 0.0, 1.0, 0.8270633081016696, 0.0, 0.6143051464195302, 0.0, 0.0, 0.0, 0.027310623356946007, 0.0, 0.0, 0.0, 0.0, 0.0, 0.0, 0.8596090162550739, 0.2643378804386307, 0.8439806605492671, 0.16030284346876167, 0.0024453031452534857, 0.002538419750141574, 0.34678314303271485, 0.014539281370443136, 0.8349880730902635, 0.0, 0.7644748618260192, 0.07367032730859657, 0.6935566183521947, 0.0, 0.14946659015411745, 0.7550250799512631, 0.0, 0.0, 0.20991856287968158, 0.035048770406885366, 0.8470164939249449, 0.13848826548439375, 0.058788722245386005, 0.0, 0.0, 0.00028454142279599193, 0.0, 0.009034048180283638, 0.0004302444811785655, 0.0, 8.441044010554233e-05, 0.0405438859115439, 0.9537658388887833, 0.9723271389343852, 0.9290238012577634, 0.915715135433056, 0.6354261509661666, 0.8563074932473572, 0.24255093887447976, 0.9575518490303639, 0.9460076059646408, 0.8500274364809168, 0.0, 0.8742050398685679, 0.5914691614865188, 0.40957832061176314, 0.8434521253161558, 0.8491878308929679, 0.6738666475050066, 0.8085751321191967, 0.7887817750733176, 0.6849686708986384, 0.5174191635893317, 0.10389257807075591, 0.8793884151523936, 0.4280123710147139, 8.088382771331837e-06, 0.0, 0.0, 0.1867412116430639, 0.7195361680786289, 0.6001324062661135], [0.0, 0.019968926188255076, 0.7613309573995531, 0.27446957482349355, 0.8546089532295876, 0.0, 0.74600870025473, 0.0, 0.7614192367780076, 0.8549711877321953, 0.0023634778703455206, 0.0, 0.8423682442837621, 0.1931689293472315, 0.20569642135639832, 0.7519508808675911, 0.10749012522262325, 0.8270633081016696, 1.0, 0.0, 0.5246645624406931, 0.3067794541405183, 0.15369398287599, 0.25531601240458657, 0.02627006663978615, 0.0, 0.20654010876358142, 0.1484306660428757, 0.0, 0.0, 0.0, 0.7262439470139966, 0.22404896220600234, 0.7310369679496652, 0.13960620124586187, 0.044636809592334625, 0.01319816274904173, 0.3489397423631394, 0.03673504539929384, 0.727212067598701, 0.008505889330674532, 0.6859870304495616, 0.055643922656448574, 0.5951710104751631, 0.014078640832771105, 0.1324760004180675, 0.6465952348977432, 0.0, 0.0027732023712944143, 0.2448590980903923, 0.006680905060480136, 0.6991281769031886, 0.0, 0.03784641410909917, 0.0, 0.0, 0.036318384936631976, 0.0014083165312270829, 0.05481277853678301, 0.004106882069657591, 0.000556624771781089, 0.001574550046472778, 0.07856615954270252, 0.8420529964027849, 0.8058150568742932, 0.7939023666902729, 0.8320965760878362, 0.5046751722962559, 0.7558500531789493, 0.24768666143013685, 0.8545699069342175, 0.8390413197067361, 0.7461578507322588, 0.0, 0.7804718757567891, 0.5016674949198539, 0.4162290211358457, 0.714844749132557, 0.7467395537201991, 0.5923098698583096, 0.7417866354585105, 0.7481659991725714, 0.5759444588213873, 0.600907038688184, 0.3065965962180932, 0.7670986337031734, 0.5246385473425248, 0.023449037774383008, 0.015267617366342412, 0.0, 0.23304908537784397, 0.6452025490572332, 0.5119809035844526], [0.0, 0.0, 0.0, 0.03762590108844133, 0.002814331872569631, 0.01385407600374311, 0.16666460002731465, 0.0, 0.04432832434640521, 0.0007681577409275331, 0.0, 0.0, 0.0, 0.10570917611934516, 0.0, 0.0, 0.0, 0.0, 0.0, 1.0, 0.0, 0.0, 0.0, 0.0, 0.0, 0.0, 0.0, 0.0, 0.0, 0.0, 0.0, 0.0, 0.0, 0.0, 0.007658455785512386, 0.0026403319444090467, 0.02611207835527818, 0.06650235979367791, 0.014843047012682575, 0.0, 0.0, 0.0, 0.0, 0.0, 0.0, 0.006824324441748297, 0.0, 0.0, 0.0, 0.06009465961117266, 0.0, 0.0, 0.0, 0.0, 0.0, 0.0, 0.0, 0.0, 0.0, 0.08900571096243315, 0.0, 0.03319607461255447, 0.0, 0.04491263584655503, 0.0, 0.02999452540389369, 0.03256951148869491, 0.017228101528666606, 0.025359703563469727, 0.11582376758082136, 0.005872318100752616, 0.08710610023592669, 0.0, 0.0, 0.0, 0.0, 0.0, 0.04194654092411798, 0.046392640696922616, 0.33789303603120113, 0.0, 0.0, 0.17641274175409416, 0.09203055661530335, 0.15607429198260647, 0.0, 0.0, 0.0, 0.0, 0.0, 0.19552490567135494, 0.0, 0.0], [0.0, 0.0, 0.5412044615432727, 0.14345578153093874, 0.7425190314441594, 0.0005991191260427131, 0.5046298389977111, 0.0, 0.5389064437838874, 0.6165836763826126, 0.0022576102150776434, 0.08228989934403441, 0.641863180629092, 0.12328927883976104, 0.0, 0.5542404862183458, 0.0, 0.6143051464195302, 0.5246645624406931, 0.0, 1.0, 0.0, 0.0, 0.01934927407943976, 0.0, 0.0, 0.0, 0.0, 0.0, 0.0, 0.0, 0.572857857954581, 0.26302739024018007, 0.5338003686376894, 0.09395609387742376, 0.01520467633868594, 0.0032556100975459357, 0.25236720222865827, 0.0025776930105567697, 0.6067135358914545, 0.0008382845364185432, 0.49918104283029974, 0.048040297873565896, 0.46223624042471667, 0.0035974531817144495, 0.10508009965428378, 0.6664168491558337, 0.0, 0.009450513362800339, 0.16721603614002523, 0.7438178112882899, 0.8796297731285591, 0.0, 0.21154861768486288, 0.0, 0.0, 0.6228682010339984, 0.7601776609450172, 0.1411522860189771, 0.7397583301940596, 0.7690362561749747, 0.5290571832723793, 0.023940620413111402, 0.5862055541257304, 0.6109951316780714, 0.5949643428410539, 0.6666043238128752, 0.5096772427231386, 0.5486018593177657, 0.16479687821742384, 0.6014329090695677, 0.5847849358343227, 0.554249980565852, 0.0, 0.5455130505995897, 0.4201431585029788, 0.2583124410139874, 0.5255161192017409, 0.5819307222865505, 0.4221689258456165, 0.5269821259272653, 0.5231317349745827, 0.9407521502960006, 0.5377151072796629, 0.1558781304043324, 0.5932453493769805, 0.502371066695836, 0.08471498074627837, 0.00913075557557641, 0.09818985699571747, 0.3368056830383308, 0.728492370113457, 0.9219796511420488], [0.0, 0.0, 0.0, 0.11843770890363903, 0.03469398117770672, 0.0, 0.0, 0.0, 0.09289948669153225, 0.0, 0.0, 0.0, 0.02459076483833056, 0.033892388772893356, 0.0, 0.014869224966113759, 0.0, 0.0, 0.3067794541405183, 0.0, 0.0, 1.0, 0.0, 0.0, 0.0, 0.0, 0.0, 0.0, 0.0, 0.0, 0.0, 0.0, 0.0, 0.0, 0.0292068749076706, 0.0, 0.0, 0.04354486643161848, 0.088482909976354, 0.0, 0.0, 0.12115073383511543, 0.0, 0.0, 0.0, 0.0, 0.0, 0.0, 0.0, 0.21037669719540886, 0.016095252245677205, 0.007226197718872784, 0.0, 0.0, 0.0, 0.0, 0.0, 0.0, 0.014633541287638385, 0.0, 0.0, 0.0, 0.0, 0.1386128668566683, 0.0, 0.00967399189266449, 0.006882264270326899, 0.0, 0.0741809207099422, 0.0, 0.07307434536345303, 0.12610828366878757, 0.02710037200154769, 0.0, 0.14056175038897045, 0.012533422888673984, 0.06355077108451967, 0.04903605135925759, 0.023965538561393385, 0.0, 0.07420020661613358, 0.21877333145135547, 0.0, 0.1047231647450908, 0.0, 0.03464701352012922, 0.0, 0.0, 0.0, 0.0, 0.08714024097151729, 0.0, 0.0], [0.0, 0.0, 0.0, 0.0, 0.021253330127040004, 0.0, 0.22651915816093948, 0.0, 0.0, 0.02692457045865504, 0.0, 0.0, 0.0, 0.02035503136303729, 0.0, 0.0, 0.0, 0.0, 0.15369398287599, 0.0, 0.0, 0.0, 1.0, 0.0, 0.0, 0.0, 0.0, 0.0, 0.0, 0.0, 0.0, 0.0, 0.000961520187821141, 0.0, 0.010255756978184705, 0.0574032007939298, 0.04126367862950442, 0.19424430939347415, 0.025470902886071678, 0.0, 0.0, 0.0, 0.0, 0.0, 0.0, 0.0, 0.0, 0.0, 0.0, 0.08512486192511204, 0.0, 0.0, 0.0, 0.0, 0.0, 0.0, 0.06779155107832224, 0.0, 0.0, 0.022937865288761072, 0.0, 0.0, 0.10229738631642471, 0.032501991002658714, 0.0, 0.034412976242551574, 0.06440982018608798, 0.0, 0.0, 0.1142763400458704, 0.0, 0.0, 0.0, 0.0, 0.0, 0.0, 0.1611717677927582, 0.0, 0.0, 0.04353096588477412, 0.01467076398274536, 0.0, 0.0, 0.44351421473992225, 0.07153662362437008, 0.0, 0.0, 0.0, 0.0, 0.0, 0.20075083055635834, 0.12948629354608454, 0.0], [0.0, 0.0, 0.11869800400409991, 0.018674076887053248, 0.034674687451073716, 0.0, 0.028101525178214848, 0.0, 0.0, 0.03348003823484946, 0.005616466579821844, 0.0, 0.0, 0.02045789625025174, 0.0, 0.02576993479644707, 0.0, 0.0, 0.25531601240458657, 0.0, 0.01934927407943976, 0.0, 0.0, 1.0, 0.0, 0.0, 0.0, 0.0, 0.0, 0.0, 0.0, 0.0, 0.0, 0.03170303560610244, 0.0, 0.0, 0.0, 0.02928958298739681, 0.0, 0.07908418173812659, 0.030810278150539938, 0.0, 0.0, 0.0, 0.0, 0.0, 0.0, 0.0, 0.0009795581716552926, 0.0, 0.0, 0.007596952345917507, 0.0, 0.0, 0.0, 0.0, 0.0, 0.0, 0.05250729539479948, 0.0, 0.0, 0.0, 0.0, 0.0, 0.048571488496662596, 0.0, 0.005258564027191492, 0.0, 0.020795925426394413, 0.0, 0.02247180119678538, 0.0, 0.0, 0.0, 0.0, 0.0, 0.0, 0.0, 0.0, 0.0, 0.0, 0.0, 0.008735680171972127, 0.020732263066898904, 0.47494638739327066, 0.0, 0.5338649037089683, 0.0, 0.0, 0.0, 0.0, 0.01868857540537494, 0.0], [0.0, 0.0, 0.18815838348343572, 0.0, 0.038370047709449184, 0.0, 0.08750493870612408, 0.0, 0.0, 0.0, 0.0, 0.0, 0.021903639995500268, 0.010795092212249502, 0.0, 0.2639270153067712, 0.0, 0.027310623356946007, 0.02627006663978615, 0.0, 0.0, 0.0, 0.0, 0.0, 1.0, 0.0, 0.0, 0.0, 0.0, 0.0, 0.0, 0.0, 0.06679755162812917, 0.03923769314766068, 0.057442445949728804, 0.0, 0.0, 0.017329546955487385, 0.08317247901341451, 0.0, 0.0, 0.09076408947173409, 0.0, 0.0, 0.0, 0.0, 0.0, 0.0, 0.0, 0.09044452265931102, 0.0, 0.09100453175321888, 0.0, 0.0, 0.0, 0.0, 0.0, 0.0, 0.018140624961895613, 0.0, 0.0, 0.0, 0.0, 0.14729463770967943, 0.0, 0.0, 0.07250135722456896, 0.0, 0.07333591145778473, 0.019303486801839798, 0.003719588746956104, 0.10758910806403066, 0.015663928862349685, 0.0, 0.10120323054937475, 0.07186532349278618, 0.0, 0.030324416800644904, 0.0, 0.0, 0.19360811524308574, 0.11297673615358594, 0.0, 0.0, 0.13328418500758343, 0.0, 0.30119521213192835, 0.0, 0.0, 0.0, 0.015039407709367847, 0.0, 0.0], [0.0, 0.0, 0.0, 0.1450501410282955, 0.0017942466565666892, 0.0, 0.10230286751484541, 0.0, 0.0, 0.015261623801246071, 0.0, 0.0, 0.024381144073298833, 0.14218856000461189, 0.0, 0.0, 0.0, 0.0, 0.0, 0.0, 0.0, 0.0, 0.0, 0.0, 0.0, 1.0, 0.0, 0.0, 0.0, 0.0, 0.0, 0.0, 0.0, 0.0059591977507832405, 0.0, 0.2512001588430912, 0.0, 0.12345825948911748, 0.0, 0.0, 0.013776800623477192, 0.18773541180110254, 0.0, 0.0, 0.0, 0.0, 0.0, 0.0, 0.0, 0.0, 0.0, 0.01574393247210981, 0.0, 0.0, 0.0, 0.0, 0.0, 0.0, 0.0, 0.04528301930384748, 0.0, 0.0, 0.0063896729066439395, 0.0, 0.0, 0.0, 0.0, 0.01198281041696092, 0.0, 0.1990651300875066, 0.023304620763867412, 0.13594550371175762, 0.0, 0.0, 0.05024530246297687, 0.0, 0.14447211727154408, 0.0, 0.10480720598035331, 0.13255930647217384, 0.08410577966997701, 0.0, 0.0, 0.13334956681895638, 0.0015355644946247748, 0.0, 0.0, 0.0, 0.0, 0.0, 0.2965190349459996, 0.10440841044322513, 0.0], [0.0, 0.0, 0.0, 0.0, 0.10552971878744744, 0.0, 0.023661181386811947, 0.0, 0.07224474414841353, 0.10726996987424531, 8.049041897650877e-05, 0.0, 0.0, 0.0, 0.0, 0.0, 0.0, 0.0, 0.20654010876358142, 0.0, 0.0, 0.0, 0.0, 0.0, 0.0, 0.0, 1.0, 0.0, 0.0, 0.0, 0.0, 0.0, 0.0, 0.0, 0.0, 0.006413478727442357, 0.0, 0.012793472425141506, 0.011730268799751031, 0.0, 0.0, 0.0, 0.0, 0.0, 0.0, 0.0, 0.0, 0.0, 0.006028962105040447, 0.015101547592179076, 0.008440067029753973, 0.0, 0.0, 0.0, 0.0, 0.0, 0.0, 0.0, 0.03467769934726517, 0.0, 0.0, 0.0, 0.008416817512708064, 0.0, 0.0, 0.0, 0.17113580317514865, 0.0, 0.0, 0.0, 0.06553159789256668, 0.0, 0.0, 0.0, 0.0, 0.0, 0.0, 0.0, 0.056904817058616386, 0.0, 0.050728538103736565, 0.0, 0.0, 0.0, 0.09390586208287399, 0.016914732181613545, 0.0, 0.0, 0.0, 0.0, 0.0, 0.0437218452158713, 0.0], [0.0, 0.0, 0.0, 0.09130252551844786, 0.0, 0.0, 0.03278698432685756, 0.0, 0.0, 0.0, 0.0, 0.0, 0.0, 0.0, 0.0, 0.0, 0.0, 0.0, 0.1484306660428757, 0.0, 0.0, 0.0, 0.0, 0.0, 0.0, 0.0, 0.0, 1.0, 0.0, 0.0, 0.0, 0.0, 0.0, 0.0, 0.0, 0.053377753355807744, 0.0, 0.0, 0.0, 0.0, 0.0, 0.06328664614174051, 0.0, 0.0, 0.0, 0.030679744051383295, 0.0, 0.0, 0.0, 0.0, 0.0, 0.0, 0.0, 0.0, 0.0, 0.0, 0.0, 0.0, 0.0, 0.0, 0.0, 0.0, 0.08183500515400333, 0.0, 0.0, 0.0, 0.0, 0.0, 0.0, 0.1709604927578965, 0.0, 0.05118539315440518, 0.0, 0.0, 0.0, 0.0, 0.017913259004763926, 0.0020086737566544777, 0.0, 0.01721987464725272, 0.0, 0.0470475327064479, 0.0, 0.08373314422244116, 0.0, 0.05560813435464984, 0.0, 0.0, 0.0, 0.0, 0.0021523106094855082, 0.0, 0.0], [0.0, 0.0, 0.0, 0.0, 0.0, 0.0, 0.0, 0.0, 0.0, 0.05650333943415442, 0.0, 0.0, 0.0, 0.028746351444522644, 0.0, 0.0, 0.0, 0.0, 0.0, 0.0, 0.0, 0.0, 0.0, 0.0, 0.0, 0.0, 0.0, 0.0, 1.0, 0.0, 0.0, 0.0, 0.01592173003263775, 0.0, 0.0, 0.12736888322090045, 0.0, 0.0, 0.10113133655657935, 0.0, 0.0, 0.0, 0.0, 0.0, 0.0, 0.0787878916566227, 0.0, 0.0, 0.0, 0.0, 0.0, 0.0, 0.0, 0.0, 0.0, 0.0, 0.05205060076122858, 0.0, 0.0, 0.12093131590609252, 0.0, 0.0, 0.2556860153999352, 0.01970215268058495, 0.0, 0.0, 0.011276640368508728, 0.05591611541353836, 0.0, 0.024804721868437074, 0.0, 0.0, 0.0, 0.0, 0.0, 0.0, 0.26133779859110984, 0.0, 0.0, 0.2990705130414082, 0.0, 0.261084256490953, 0.1816614641593558, 0.25542842895525975, 0.016922179274921345, 0.010829180745521527, 0.0, 0.009223790953859834, 0.0, 0.0, 0.3925107005930024, 0.0, 0.0025937334766775733], [0.0, 0.0, 0.0, 0.0, 0.0, 0.0, 0.045454844370572234, 0.0, 0.0, 0.0, 0.0, 0.0, 0.03278298903881249, 0.059370594486253925, 0.0, 0.0, 0.0, 0.0, 0.0, 0.0, 0.0, 0.0, 0.0, 0.0, 0.0, 0.0, 0.0, 0.0, 0.0, 1.0, 0.0, 0.0, 0.0, 0.0, 0.011011180183038594, 0.16133913684645362, 0.172357163716656, 0.07853195940967028, 0.0, 0.0, 0.0, 0.037285233376438964, 0.0, 0.0, 0.0, 0.006149399701822822, 0.05692634273903319, 0.0, 0.0, 0.0, 0.0, 0.0, 0.0, 0.0, 0.0, 0.0, 0.09520395065772225, 0.0, 0.0, 0.0, 0.0, 0.0, 0.003653458915495955, 0.08143843957658803, 0.0, 0.0, 0.0, 0.03064117477488093, 0.03270058388764274, 0.02501640549986428, 0.02552627599295032, 0.0, 0.01962588073179483, 0.0, 0.0, 0.0, 0.10905787462145511, 0.10577533762022362, 0.0, 0.033785581211696614, 0.0, 0.0, 0.0, 0.16402926230853754, 0.035146517814835576, 0.060967024933981206, 0.0, 0.0, 0.0, 0.0, 0.004231765386363273, 0.0, 0.0], [0.0, 0.0, 0.0, 0.04116697332967456, 0.07414128344103721, 0.0, 0.0, 0.0, 0.0, 0.035387119427892744, 0.02893909520700988, 0.0, 0.029392490415108052, 0.8076882023844785, 0.0, 0.0870215872501745, 0.0, 0.0, 0.0, 0.0, 0.0, 0.0, 0.0, 0.0, 0.0, 0.0, 0.0, 0.0, 0.0, 0.0, 1.0, 0.0, 0.15053269958491078, 0.21857280498941956, 0.01640974276000906, 0.0, 0.0, 0.1520357467229193, 0.16138089709198755, 0.0, 0.0, 0.0, 0.02383126291428983, 0.0, 0.0, 0.0, 0.0, 0.0, 0.0, 0.0, 0.005953111869723249, 0.0, 0.0, 0.0, 0.0, 0.0, 0.0, 0.0, 0.0, 0.0, 0.0, 0.0, 0.04105396812046469, 0.13660161854680486, 0.0, 0.1297474266910108, 0.11427593647312895, 0.0, 0.13189523188805552, 0.0, 0.039348278855500074, 0.14552421248183844, 0.1081766656470583, 0.0, 0.11608962569757697, 0.0, 0.0, 0.14253217982714572, 0.1792475183064185, 0.04152136039171217, 0.25121107224840444, 0.0, 0.0, 0.0, 0.0, 0.006813457344960638, 0.0, 0.0, 0.0, 0.0, 0.0, 0.14083680276516441, 0.0], [0.0, 0.0, 0.7589646343506908, 0.4820924780038127, 0.8571399715264204, 0.06571484243779624, 0.750759584885929, 0.0, 0.7894600066665606, 0.8474711801069177, 0.06398341139309427, 0.0, 0.8687986065462092, 0.18580894017593752, 0.0, 0.7791704319777714, 0.0, 0.8596090162550739, 0.7262439470139966, 0.0, 0.572857857954581, 0.0, 0.0, 0.0, 0.0, 0.0, 0.0, 0.0, 0.0, 0.0, 0.0, 1.0, 0.588415864440522, 0.956373130650903, 0.4840077390541945, 0.3278424452674007, 0.34016264477765046, 0.6339997093145137, 0.3669570023563613, 0.9190573657153815, 0.351036863044632, 0.8845073857422283, 0.4055534426671634, 0.8905907048525227, 0.11043982290750354, 0.25212923228101025, 0.7957664907709877, 0.004330261953472747, 0.3549590285132648, 0.3807381369960756, 0.02980796320058643, 0.7833145559026371, 0.0, 0.3892661551607046, 0.24234903609511038, 0.19449560137732025, 0.06366961196989063, 0.07563944761682229, 0.04259157476047759, 0.08278406615104239, 0.030816008810098605, 0.2740741969973175, 0.2000850227261236, 0.8366631607862235, 0.8537963159262805, 0.9061029775075935, 0.8255850691963954, 0.668996982011109, 0.8265053601247203, 0.24604899858387141, 0.8590131203963528, 0.8364232015974539, 0.8131174821207799, 0.0, 0.8150953603136654, 0.6313852455626644, 0.3696310870490509, 0.7679974808223626, 0.8185690423300201, 0.634781037055552, 0.7344095778312136, 0.6886788779707519, 0.6110534877921167, 0.49728928840708764, 0.13203231126655868, 0.8600319257985406, 0.4400822210598194, 0.0, 0.0, 0.10416709410494607, 0.266419696989471, 0.7904772993814716, 0.5671361061744067], [0.0, 0.0, 0.2667977177163996, 0.7852186746982053, 0.2948849330287573, 0.1327731210513433, 0.30517738