"[[1.0, 0.5, 0.5216144885412903, 0.5308675762532336, 0.5, 0.5, 0.6467306192481816, 0.5, 0.5, 0.5, 0.5118482146502258, 0.5, 0.5082039527265184, 0.5086701177363208, 0.5, 0.5, 0.5, 0.5, 0.5, 0.5, 0.5, 0.5, 0.5, 0.5, 0.5, 0.5, 0.5, 0.5, 0.5, 0.5, 0.5, 0.5, 0.5, 0.5, 0.502792569165146, 0.5434191597189103, 0.5015079269868952, 0.5, 0.5, 0.5, 0.5, 0.5329999465562272, 0.5, 0.5, 0.5, 0.5, 0.6062806031621597, 0.5, 0.5, 0.5, 0.5, 0.5795325182332661, 0.5, 0.5, 0.5, 0.5, 0.6588369084370409, 0.5, 0.5, 0.5481360641776025, 0.5, 0.5, 0.5, 0.5059820898470588, 0.5049009790366974, 0.5, 0.5, 0.5, 0.5, 0.5, 0.5, 0.5, 0.5, 0.5, 0.5, 0.5, 0.509336815579121, 0.5517704086978021, 0.5219177415427392, 0.5600326274079044, 0.6996190686333685, 0.5, 0.5, 0.5925816691759177, 0.5, 0.5393420240630776, 0.5, 0.5, 0.5, 0.5, 0.6325005843012057, 0.5, 0.5], [0.5, 1.0, 0.6849380979886259, 0.7489546660874336, 0.5, 0.5, 0.5966464269858089, 0.5, 0.6852002000001314, 0.5, 0.5, 0.5, 0.5173700086783115, 0.5, 0.5, 0.6410805405990484, 0.5, 0.5057682978858548, 0.5099844630941275, 0.5, 0.5, 0.5, 0.5, 0.5, 0.5, 0.5, 0.5, 0.5, 0.5, 0.5, 0.5, 0.5, 0.5, 0.5176038091545004, 0.5, 0.585720068545287, 0.5890160704711607, 0.5, 0.5, 0.5, 0.5, 0.5, 0.5, 0.5, 0.5, 0.5, 0.5317244562633057, 0.5, 0.5, 0.513608705432862, 0.5, 0.5013793118353388, 0.5, 0.5, 0.5, 0.5, 0.5123321224227042, 0.5, 0.5, 0.5098022780819023, 0.5, 0.5, 0.6257499527997903, 0.5, 0.5, 0.5, 0.5, 0.5, 0.5, 0.5, 0.5439604763843209, 0.5, 0.5, 0.5, 0.5472403690664105, 0.5, 0.5157343163816586, 0.5261920276727184, 0.5786101484375312, 0.5, 0.5235356299558678, 0.5, 0.5, 0.5, 0.592075347640395, 0.5, 0.5, 0.5, 0.5, 0.5, 0.6071752156989487, 0.5, 0.5], [0.5216144885412903, 0.6849380979886259, 1.0, 0.72413427482703, 0.9274136287548155, 0.6006754191032364, 0.9244432966399341, 0.522022817519577, 0.9661415921033674, 0.9255677518595284, 0.6014238549884705, 0.5, 0.9421343671353862, 0.6300003312117537, 0.5, 0.964628570104322, 0.5, 0.9410966904041596, 0.8806654786997765, 0.5, 0.7706022307716364, 0.5, 0.5, 0.55934900200205, 0.5940791917417179, 0.5, 0.5, 0.5, 0.5, 0.5, 0.5, 0.8794823171753454, 0.6333988588581998, 0.8778763320603291, 0.5770255921437262, 0.5715529418314672, 0.5468980066138639, 0.6548046399473112, 0.5149964879216146, 0.8774652101001361, 0.5018489442687906, 0.8416532292032337, 0.533386580766007, 0.8054717991009785, 0.5, 0.5732260357577962, 0.8956164368578898, 0.5034542038584683, 0.5001714940825082, 0.606605278096222, 0.5204105409241024, 0.8841971041180348, 0.5806482046977002, 0.5344106422080948, 0.5, 0.5, 0.5186569819622675, 0.5, 0.5453300534287875, 0.5059980272497465, 0.5000094955013463, 0.5, 0.647923038851085, 0.9305011532099143, 0.9360000714154684, 0.906222034816025, 0.9137497253264276, 0.7857946755104261, 0.8922060998603742, 0.6398366598483035, 0.9335149323428853, 0.9279143367438759, 0.8708198996143264, 0.5, 0.9094070188899517, 0.7630807284816308, 0.6909150835197052, 0.9107624722464722, 0.8998767918234788, 0.8164683055467973, 0.8838912965628046, 0.8515392103996207, 0.8020982214685692, 0.7440305219632088, 0.6454592067343922, 0.8841972936986562, 0.7525979750281109, 0.5359810823293154, 0.5013543578634464, 0.5, 0.6368859586939875, 0.8181700807561271, 0.7609132989774863], [0.5308675762532336, 0.7489546660874336, 0.72413427482703, 1.0, 0.6127559569333618, 0.6620805325038399, 0.7129663871443199, 0.5132867728739672, 0.7458282711678316, 0.6139064042977858, 0.6629346960096111, 0.5, 0.6317516304662238, 0.5589631517941527, 0.5514352803788942, 0.6979247415264604, 0.5, 0.6140108977536709, 0.6372347874117468, 0.5188129505442207, 0.5717278907654694, 0.5592188544518195, 0.5, 0.5093370384435266, 0.5, 0.5725250705141478, 0.5, 0.5456512627592239, 0.5, 0.5, 0.5205834866648373, 0.7410462390019064, 0.8926093373491026, 0.7536587629273617, 0.8786582005003409, 0.9242915049202812, 0.9099756862185193, 0.8757101653105124, 0.8607063312879784, 0.6859243878892763, 0.8645297191161372, 0.8209669125717463, 0.8661608619082786, 0.788103781010999, 0.5469709308197648, 0.6611931659549957, 0.7572432315679953, 0.5, 0.8588268034912294, 0.715036382749379, 0.5010756781988868, 0.6026496318175387, 0.5, 0.8491680031757206, 0.5, 0.5, 0.5352833508439722, 0.5127272134470373, 0.5189935407134195, 0.5682698430699633, 0.5, 0.7637737916180221, 0.8175089314969666, 0.63499552556271, 0.6203362322282485, 0.6775856599303416, 0.6283438410644874, 0.6607578940589152, 0.6578584910099604, 0.6054331456941529, 0.6439605933791491, 0.654703983521362, 0.6192078314235356, 0.5, 0.689371669934366, 0.588440508803924, 0.590778029336744, 0.6678232648413472, 0.7043178693640361, 0.6320047618482653, 0.646680459280687, 0.6044980839141703, 0.5807143270034212, 0.5960425283430004, 0.5863466432240774, 0.6323448637461242, 0.5598525956836577, 0.5, 0.5, 0.5178347677107348, 0.623571646014935, 0.6548713225399987, 0.5714344379343763], [0.5, 0.5, 0.9274136287548155, 0.6127559569333618, 1.0, 0.5000194949838312, 0.8951543245405091, 0.5, 0.9303878561314745, 0.9844744812933015, 0.5018760258468459, 0.5249175962756432, 0.985882700693427, 0.645080609607885, 0.5, 0.9262814164075558, 0.5059945737416904, 0.9848414722403147, 0.9273044766147938, 0.5014071659362849, 0.8712595157220797, 0.5173469905888534, 0.5106266650635201, 0.5173373437255369, 0.5191850238547246, 0.5008971233282833, 0.5527648593937238, 0.5, 0.5, 0.5, 0.5370706417205187, 0.9285699857632101, 0.6474424665143786, 0.9244319080172918, 0.5778254458577876, 0.5018767212612798, 0.5006047917561068, 0.6831908593342255, 0.5158145739409796, 0.9182116590083255, 0.5005465278718038, 0.8802740704039533, 0.5364246652377334, 0.8434011183949286, 0.5, 0.5699904612776725, 0.8913798654291447, 0.5, 0.5005618917741688, 0.6116425185460355, 0.5967822872978885, 0.9549536729415488, 0.537028276094984, 0.5455502354142148, 0.5229586856208159, 0.5, 0.5728597807878528, 0.5885138584485853, 0.5133733804057683, 0.586970809601706, 0.5894150756498142, 0.5619028940512731, 0.5214616945605247, 0.9718948269415641, 0.9699735976672244, 0.960434319371869, 0.9711845230943779, 0.8133112927621802, 0.9256373474793042, 0.6218253639698503, 0.9744249135743515, 0.968622881739162, 0.9232214202542202, 0.5, 0.934627029300094, 0.7937003836471094, 0.7032460052549507, 0.9154832977887282, 0.9304250961534366, 0.8320404347565467, 0.9127297320591723, 0.8980440146271156, 0.8952313486094736, 0.7830465437089096, 0.5674256680627066, 0.9332277574003929, 0.7406016477839361, 0.5000416123021846, 0.5, 0.5, 0.6148927084354092, 0.8918501053400556, 0.854352385980302], [0.5, 0.5, 0.6006754191032364, 0.6620805325038399, 0.5000194949838312, 1.0, 0.5739299869598564, 0.5, 0.5419628877987158, 0.5000053210578628, 0.99938925412027, 0.5, 0.5259024373612677, 0.5008627090988769, 0.5, 0.562280295625536, 0.5, 0.5, 0.5, 0.5069270380018716, 0.5002995595630213, 0.5, 0.5, 0.5, 0.5, 0.5, 0.5, 0.5, 0.5, 0.5, 0.5, 0.5328574212188981, 0.5663865605256717, 0.5006574007126812, 0.500053050414262, 0.6573523073131354, 0.5541028423092298, 0.5006888376152507, 0.5001028183507203, 0.5009116634309723, 0.5, 0.5, 0.5000851706616571, 0.5008999047020624, 0.5, 0.5000614017722493, 0.7474408767630569, 0.5, 0.5002692991792773, 0.5004919063982975, 0.5, 0.5064256886976495, 0.5, 0.5197296396258781, 0.5, 0.5026583680165941, 0.5139332255774517, 0.5003788313253086, 0.5001930610704963, 0.5006165459422204, 0.5, 0.5002299504703541, 0.8755519767825233, 0.5003111115352733, 0.5310992264626981, 0.500665082824325, 0.5002256102437845, 0.5013688654820947, 0.5004456836774371, 0.5831096068781415, 0.500139988874216, 0.5280919378678187, 0.5007590551066985, 0.5, 0.5, 0.5016626566156277, 0.5293827957958295, 0.6403260843689086, 0.5003840125246399, 0.5672985096463546, 0.5, 0.5, 0.501222017766145, 0.501039729282625, 0.501988262500787, 0.5013877685992001, 0.501383345483785, 0.5, 0.5, 0.5030508198319752, 0.5034618065892815, 0.5172189159534315, 0.500576404402733], [0.6467306192481816, 0.5966464269858089, 0.9244432966399341, 0.7129663871443199, 0.8951543245405091, 0.5739299869598564, 1.0, 0.6133365351003149, 0.8998738868056341, 0.9088270184995115, 0.5759095028050533, 0.5, 0.9074662443741894, 0.6451645730071642, 0.5468709159164212, 0.8985278364039808, 0.5, 0.9023472685650993, 0.873004350127365, 0.5833323000136573, 0.7523149194988555, 0.5, 0.6132595790804698, 0.5140507625891074, 0.543752469353062, 0.5511514337574227, 0.511830590693406, 0.5163934921634288, 0.5, 0.5227274221852861, 0.5, 0.8753797924429645, 0.6525886911031153, 0.8729884401050321, 0.6041655941164992, 0.6241601919766829, 0.5798315315115999, 0.7118087157530744, 0.5414834035857993, 0.8899610986987665, 0.5322450009777587, 0.8520941914008322, 0.567365286283842, 0.8303461521318825, 0.5, 0.6365624079156875, 0.8945000520657695, 0.5682857404822843, 0.530845799087389, 0.6176115952492519, 0.508924217232205, 0.8733353770671599, 0.534867733226982, 0.5606839654612316, 0.5, 0.5663968025166464, 0.6066703796445285, 0.5101556918646009, 0.5626934840144078, 0.533617904663398, 0.5, 0.525387009322708, 0.6728780736956201, 0.917820805607998, 0.8960814886973997, 0.9038986969929275, 0.9107761054680963, 0.7667545406581653, 0.9162227496895015, 0.7373432107100479, 0.9049642190836309, 0.9096498064319158, 0.8520269893307175, 0.5004579857626366, 0.8946459022322748, 0.745111416558071, 0.7173019887754526, 0.886184379823427, 0.8879693778282551, 0.9161861020900385, 0.9065439001268251, 0.8223132405842752, 0.7970779537487571, 0.8653014366330394, 0.7099649890922225, 0.8823396620518442, 0.7173365552287253, 0.5526080318239788, 0.5, 0.5, 0.7358826530989611, 0.8419126176361718, 0.7420379655841308], [0.5, 0.5, 0.522022817519577, 0.5132867728739672, 0.5, 0.5, 0.6133365351003149, 1.0, 0.5038089731905414, 0.5528775755919302, 0.5, 0.5, 0.5, 0.6006552561712255, 0.5, 0.5, 0.5, 0.5, 0.5, 0.5, 0.5, 0.5, 0.5, 0.5, 0.5, 0.5, 0.5, 0.5, 0.5, 0.5, 0.5, 0.5, 0.5, 0.5, 0.526019791613527, 0.5085232366656005, 0.5250878183638972, 0.5025477519322545, 0.5, 0.5, 0.5, 0.5, 0.5, 0.5, 0.5, 0.5, 0.5, 0.5, 0.5, 0.5, 0.5, 0.5, 0.5, 0.5, 0.5, 0.5, 0.5241795487276508, 0.5, 0.5, 0.5, 0.5, 0.5, 0.710560506196401, 0.5387357758593321, 0.5, 0.568014672291443, 0.5588257829051448, 0.5, 0.6743450738205378, 0.8698535379925227, 0.5076099287404069, 0.5022888895026838, 0.5067070980683446, 0.5, 0.6026397707280947, 0.5, 0.5, 0.5, 0.5486902978367781, 0.6617799399380941, 0.5, 0.5, 0.5, 0.5, 0.6953319317355362, 0.5, 0.5, 0.5, 0.5, 0.5, 0.5203029252096556, 0.5, 0.5], [0.5, 0.6852002000001314, 0.9661415921033674, 0.7458282711678316, 0.9303878561314745, 0.5419628877987158, 0.8998738868056341, 0.5038089731905414, 1.0, 0.9287493724826313, 0.5429110813827738, 0.552635795992499, 0.9391371965864683, 0.6627892280535449, 0.50395540981, 0.9333382719687775, 0.5076280395481287, 0.9433535919994516, 0.8807096183890037, 0.5221641621732026, 0.7694532218919437, 0.5464497433457661, 0.5, 0.5, 0.5, 0.5, 0.5361223720742068, 0.5, 0.5, 0.5, 0.5, 0.8947300033332803, 0.6681510066752632, 0.8905218667948656, 0.6270225582628932, 0.589474040417433, 0.5869935870339694, 0.7025296638832896, 0.5690824992351431, 0.8758680059203543, 0.5506027874313335, 0.8678106881815988, 0.5898440277732685, 0.8330270269965752, 0.5089863820424243, 0.6029251367570742, 0.8669304422482058, 0.5, 0.5521687088380454, 0.6463785364599264, 0.5405263141768296, 0.882115453860973, 0.6559729658532045, 0.5945831557316088, 0.5129836583948544, 0.5, 0.5081966944390817, 0.502092727092404, 0.5148221013274488, 0.5155363083472644, 0.5000319046266024, 0.5383720494765716, 0.6120802704469321, 0.9261997825067931, 0.9483352016816291, 0.9117787400027549, 0.9015153419063568, 0.8402160000117256, 0.8780769965389075, 0.6233273332448119, 0.933229015264038, 0.9322252132320326, 0.8743965948412094, 0.5, 0.9061161351833604, 0.7704239675368221, 0.6879449960391018, 0.8992244765578241, 0.9052103774518911, 0.8034975235819491, 0.8602043953642202, 0.8641201429947083, 0.8150207198906836, 0.7348105151509456, 0.5901140421037026, 0.8906633208131245, 0.6875619644594578, 0.5000879016027202, 0.5, 0.5240832569473388, 0.6541667890647183, 0.8290383585013942, 0.7614150513653319], [0.5, 0.5, 0.9255677518595284, 0.6139064042977858, 0.9844744812933015, 0.5000053210578628, 0.9088270184995115, 0.5528775755919302, 0.9287493724826313, 1.0, 0.5024105872298835, 0.5650003684701024, 0.9833821475888338, 0.6307022039023437, 0.5074798378079752, 0.925554103972385, 0.5121023628101673, 0.9850996260654039, 0.9274855938660976, 0.5003840788704638, 0.8082918381913062, 0.5, 0.5134622852293276, 0.5167400191174247, 0.5, 0.507630811900623, 0.5536349849371227, 0.5, 0.5282516697170772, 0.5, 0.5176935597139464, 0.9237355900534588, 0.6363104310382601, 0.9206862186110185, 0.577668114176687, 0.5096555913800913, 0.5033499706843318, 0.6772982205269082, 0.5078057183779612, 0.9105419274622407, 0.5006208928194034, 0.8762230940043194, 0.5370288317258631, 0.8428061316585175, 0.5, 0.5660063312046275, 0.8743532389554003, 0.5, 0.5003397611142104, 0.5955063543602355, 0.5037447890406822, 0.9085230682465975, 0.5125919071767389, 0.5186616136133184, 0.5, 0.5, 0.5057219064984777, 0.5000658474334794, 0.5040904368610452, 0.5068438292877984, 0.5000506186896423, 0.5013228622134063, 0.5510725463062152, 0.9700831820918785, 0.9697963359505555, 0.968028920350128, 0.9693486013748773, 0.7907544933209474, 0.9422503032918672, 0.6665984804166605, 0.9773649974364815, 0.9655440336704697, 0.9234537123613613, 0.5, 0.9425068687935418, 0.7900151577749, 0.7135457870668572, 0.911133060347018, 0.9305430321822111, 0.8607401931740416, 0.9044464550127018, 0.9166304095661572, 0.8525488272417461, 0.7770699260944529, 0.5854556091083556, 0.9348193632993906, 0.7168202572422594, 0.5003691378928439, 0.5, 0.5, 0.6194551563663128, 0.8686952580793248, 0.7959578129279954], [0.5118482146502258, 0.5, 0.6014238549884705, 0.6629346960096111, 0.5018760258468459, 0.99938925412027, 0.5759095028050533, 0.5, 0.5429110813827738, 0.5024105872298835, 1.0, 0.5130571047054173, 0.5271086836157167, 0.5122005870337787, 0.5, 0.5660333741804422, 0.5042463413155456, 0.5000632401634175, 0.5011817389351727, 0.5, 0.5011288051075389, 0.5, 0.5, 0.5028082332899109, 0.5, 0.5, 0.5000402452094883, 0.5, 0.5, 0.5, 0.5144695476035049, 0.5319917056965471, 0.5690717228788171, 0.5035812896693023, 0.5003578640359901, 0.6584839879163396, 0.55390569811481, 0.5024826317888966, 0.502335580659894, 0.5002220868318623, 0.5000865224487738, 0.5011475761826805, 0.5010399174935283, 0.5003243415170634, 0.5, 0.5, 0.7500671902516123, 0.5, 0.5000029934647099, 0.5000006077649464, 0.5000864785078536, 0.5083678830149634, 0.5, 0.5197459003231284, 0.5, 0.5, 0.5175346752392282, 0.5000231038088754, 0.5003315809450517, 0.5016908138813125, 0.5000177605180525, 0.500289762317536, 0.8756796489896719, 0.5021183177914086, 0.5313029557210597, 0.5019169011117645, 0.5016864122444136, 0.5008418174749825, 0.5019668641465564, 0.5829130453355822, 0.5007500015103443, 0.5305297608894872, 0.5022771101717265, 0.5, 0.5018371889274101, 0.5, 0.5297467699259958, 0.6429495464189969, 0.50334269102318, 0.5665282494662545, 0.5083672112959614, 0.5046422683286684, 0.5028337598896031, 0.5035100345164736, 0.5013375395170925, 0.5010315338740848, 0.5017408458494005, 0.5000218053210529, 0.5, 0.5, 0.5059860665291953, 0.5191466549027646, 0.5000194107732829], [0.5, 0.5, 0.5, 0.5, 0.5249175962756432, 0.5, 0.5, 0.5, 0.552635795992499, 0.5650003684701024, 0.5130571047054173, 1.0, 0.5049492665950952, 0.5, 0.5, 0.5694318461715915, 0.5, 0.5024216763533809, 0.5, 0.5, 0.5411449496720172, 0.5, 0.5, 0.5, 0.5, 0.5, 0.5, 0.5, 0.5, 0.5, 0.5, 0.5, 0.5301917331310937, 0.5, 0.5016773115571233, 0.5104369003115757, 0.5, 0.5, 0.5, 0.5, 0.5, 0.5139998602462206, 0.526617305904348, 0.5, 0.5, 0.5, 0.5144175418712336, 0.5, 0.5, 0.5, 0.5, 0.5123003917063521, 0.5, 0.5, 0.5, 0.5, 0.5, 0.5, 0.5, 0.5210674974329361, 0.5, 0.5087140504951975, 0.5, 0.5, 0.5223812178939963, 0.5, 0.5, 0.5, 0.5, 0.5349663602983667, 0.5, 0.523848915725107, 0.5, 0.5, 0.5060283104737853, 0.5, 0.5, 0.5, 0.5, 0.5, 0.5, 0.671455489279968, 0.6075746930546032, 0.5481714183729836, 0.5, 0.5, 0.5, 0.5008349983225558, 0.5, 0.5, 0.6089933743064961, 0.5504488054377161, 0.5], [0.5082039527265184, 0.5173700086783115, 0.9421343671353862, 0.6317516304662238, 0.985882700693427, 0.5259024373612677, 0.9074662443741894, 0.5, 0.9391371965864683, 0.9833821475888338, 0.5271086836157167, 0.5049492665950952, 1.0, 0.6328592483208396, 0.5, 0.943931479859782, 0.5567874210061614, 0.9920255143644252, 0.9211841221418811, 0.5, 0.820931590314546, 0.5122953824191653, 0.5, 0.5, 0.5109518199977501, 0.5121905720366494, 0.5, 0.5, 0.5, 0.5163914945194062, 0.5146962452075541, 0.9343993032731046, 0.6394783292963963, 0.930968652793497, 0.5784219463075511, 0.5178352209259902, 0.5088591574200334, 0.6810089429465216, 0.510005569404155, 0.9181998402760083, 0.5005705690428619, 0.8863699438488765, 0.5356176362724762, 0.8524075222497787, 0.5, 0.5686105990964921, 0.8995066714545012, 0.5, 0.504456567955756, 0.6187707277138788, 0.528531216110066, 0.9297451903347174, 0.535059535722361, 0.5334836153139034, 0.5215560440093631, 0.5, 0.5225298866567816, 0.5202493373274315, 0.5073127001651254, 0.5238615624543752, 0.5204531365769036, 0.5146601716539878, 0.5443077902713602, 0.9756202240217018, 0.9781367485328123, 0.969413558971495, 0.961141508623161, 0.8286168182900673, 0.9310538044736449, 0.6373852871728329, 0.9830556978992735, 0.9785370563604738, 0.9476278877331773, 0.5178148216203873, 0.9456329318797341, 0.8076193992624296, 0.7266513280626872, 0.9353901273855145, 0.9370585436543658, 0.8417660892862437, 0.9118329941241783, 0.9065581320440756, 0.8511126004617133, 0.7695020993267597, 0.5549838834974019, 0.945508274181285, 0.7312500229410801, 0.5000082652586095, 0.526749765809909, 0.5, 0.6118827807583721, 0.8771932908403781, 0.8216737653478665], [0.5086701177363208, 0.5, 0.6300003312117537, 0.5589631517941527, 0.645080609607885, 0.5008627090988769, 0.6451645730071642, 0.6006552561712255, 0.6627892280535449, 0.6307022039023437, 0.5122005870337787, 0.5, 0.6328592483208396, 1.0, 0.5048570052017978, 0.6349237619172121, 0.529531630254509, 0.630641677802245, 0.5965844646736158, 0.5528545880596726, 0.5616446394198805, 0.5169461943864466, 0.5101775156815187, 0.5102289481251259, 0.5053975461061248, 0.571094280002306, 0.5, 0.5, 0.5143731757222614, 0.529685297243127, 0.9038441011922392, 0.5929044700879688, 0.5912139806197497, 0.6835073545404812, 0.548284885991855, 0.5331742883048469, 0.5130001886875376, 0.6250640566977536, 0.592165996935618, 0.6049662865466907, 0.5019832269588136, 0.6045438154774436, 0.5294676094944262, 0.5746977047942317, 0.5205249768568777, 0.5626599376168041, 0.5856272068414012, 0.5015825051616047, 0.5011429527196909, 0.5743428247855227, 0.5622869758949393, 0.6284210883583334, 0.7355374627879101, 0.5564695715870837, 0.5, 0.5245371630145461, 0.518565842341695, 0.5047984413711128, 0.5184933790302512, 0.5116070945236971, 0.5001660350735369, 0.5021871537000844, 0.569544850850296, 0.6897370205140606, 0.6518663250447796, 0.6639675826561323, 0.6544266082095732, 0.6862878444254765, 0.6845485095404167, 0.624358272988252, 0.6220805874548778, 0.7037015791017998, 0.6404722202621698, 0.5055571962547813, 0.6652281736646585, 0.5656923993355367, 0.5673715773039303, 0.6788159415108317, 0.6870065350310663, 0.6552792015697455, 0.6988694523784071, 0.5898249626608972, 0.5965887278384245, 0.5873538573792271, 0.5699484666582908, 0.597654663122555, 0.5577239152097684, 0.5001325751682053, 0.50606436027989, 0.5, 0.5915112980818358, 0.6514459990389763, 0.5623188479562395], [0.5, 0.5, 0.5, 0.5514352803788942, 0.5, 0.5, 0.5468709159164212, 0.5, 0.50395540981, 0.5074798378079752, 0.5, 0.5, 0.5, 0.5048570052017978, 1.0, 0.5, 0.5, 0.5, 0.6028482106781992, 0.5, 0.5, 0.5, 0.5, 0.5, 0.5, 0.5, 0.5, 0.5, 0.5, 0.5, 0.5, 0.5, 0.5, 0.5, 0.5, 0.5390241671783, 0.5058300929468, 0.5, 0.5, 0.5, 0.5, 0.5001902963682726, 0.5, 0.5, 0.5, 0.5545680018120154, 0.5, 0.5, 0.5, 0.5, 0.5, 0.5, 0.5, 0.5072340794931711, 0.5, 0.5, 0.5522504036355906, 0.5, 0.5036337883830017, 0.5, 0.5, 0.5, 0.5282046229381414, 0.504185408631174, 0.5, 0.5, 0.5128292673630165, 0.5, 0.5, 0.5, 0.5, 0.5, 0.5, 0.5, 0.5, 0.5, 0.5457433466621946, 0.5, 0.5, 0.5363728747055161, 0.5492456471243226, 0.5008565538321457, 0.5086211792393363, 0.593190675472047, 0.6288121724857944, 0.5, 0.517724358272551, 0.5, 0.5, 0.5, 0.5429622065910293, 0.5, 0.5], [0.5, 0.6410805405990484, 0.964628570104322, 0.6979247415264604, 0.9262814164075558, 0.562280295625536, 0.8985278364039808, 0.5, 0.9333382719687775, 0.925554103972385, 0.5660333741804422, 0.5694318461715915, 0.943931479859782, 0.6349237619172121, 0.5, 1.0, 0.5787085946349403, 0.9263023813415465, 0.8759754404337956, 0.5, 0.7771202431091728, 0.5074346124830569, 0.5, 0.5128849673982235, 0.6319635076533856, 0.5, 0.5, 0.5, 0.5, 0.5, 0.5435107936250873, 0.8895852159888857, 0.6521562341386236, 0.9000317302483778, 0.5869299956873234, 0.571498502779977, 0.5488113332713775, 0.6738505921614717, 0.5390502171035282, 0.8929598469475843, 0.5146532739874844, 0.8503499592727748, 0.5476526141789224, 0.8294433772631606, 0.5, 0.5653757038329794, 0.8771089820477691, 0.5, 0.5181558054260661, 0.6114769634995152, 0.5052471030240735, 0.8773837798585531, 0.5192365820666658, 0.5421379608968979, 0.5583874618542588, 0.5, 0.5116150882250946, 0.5012112593136396, 0.6132033368399995, 0.508599981491846, 0.500684911918889, 0.5121746094706083, 0.6064067682607492, 0.9280960409309922, 0.9153416016446083, 0.9104424542409775, 0.9269903383926439, 0.7849274302058914, 0.8975017516844995, 0.6228786871409747, 0.9256214333084652, 0.933037784492812, 0.8990014894322762, 0.5, 0.9085151853612478, 0.7725569946951614, 0.6889653779263762, 0.8915623115705087, 0.8973110332247836, 0.7975470858283813, 0.887056413503865, 0.8962693848251773, 0.8131093839507018, 0.7685851864375408, 0.6446299341506245, 0.8907833649927663, 0.7808396101411277, 0.6038965704804595, 0.5507354034014528, 0.5, 0.650862590953931, 0.8348228146535089, 0.774845127027894], [0.5, 0.5, 0.5, 0.5, 0.5059945737416904, 0.5, 0.5, 0.5, 0.5076280395481287, 0.5121023628101673, 0.5042463413155456, 0.5, 0.5567874210061614, 0.529531630254509, 0.5, 0.5787085946349403, 1.0, 0.5, 0.5537450626113116, 0.5, 0.5, 0.5, 0.5, 0.5, 0.5, 0.5, 0.5, 0.5, 0.5, 0.5, 0.5, 0.5, 0.5, 0.5388111221169716, 0.5012301058897735, 0.5, 0.5, 0.523546912674236, 0.5, 0.5, 0.5, 0.5, 0.5, 0.5381907026498354, 0.5, 0.5, 0.5300198174416464, 0.5, 0.5, 0.5, 0.5, 0.5, 0.5, 0.5396361895032856, 0.5, 0.5, 0.5, 0.5027204370961366, 0.521516475632458, 0.5, 0.5020912730198342, 0.5073241613739481, 0.5, 0.5, 0.5053201788586451, 0.5046527754000776, 0.5013230767427206, 0.5991226814364439, 0.5, 0.5, 0.5135300385319588, 0.5449568989953231, 0.5838183633463385, 0.5, 0.5, 0.5, 0.5201419245094983, 0.5, 0.5267757756808301, 0.5, 0.5, 0.519410095035322, 0.5, 0.5, 0.5, 0.5, 0.5284513933919204, 0.5, 0.5, 0.5, 0.5, 0.5, 0.5022855879733272], [0.5, 0.5057682978858548, 0.9410966904041596, 0.6140108977536709, 0.9848414722403147, 0.5, 0.9023472685650993, 0.5, 0.9433535919994516, 0.9850996260654039, 0.5000632401634175, 0.5024216763533809, 0.9920255143644252, 0.630641677802245, 0.5, 0.9263023813415465, 0.5, 1.0, 0.9135316540508348, 0.5, 0.8071525732097651, 0.5, 0.5, 0.5, 0.513655311678473, 0.5, 0.5, 0.5, 0.5, 0.5, 0.5, 0.929804508127537, 0.6321689402193154, 0.9219903302746335, 0.5801514217343808, 0.5012226515726268, 0.5012692098750708, 0.6733915715163574, 0.5072696406852215, 0.9174940365451317, 0.5, 0.8822374309130097, 0.5368351636542983, 0.8467783091760974, 0.5, 0.5747332950770587, 0.8775125399756316, 0.5, 0.5, 0.6049592814398408, 0.5175243852034427, 0.9235082469624725, 0.5692441327421969, 0.529394361122693, 0.5, 0.5, 0.500142270711398, 0.5, 0.5045170240901418, 0.5002151222405893, 0.5, 0.5000422052200528, 0.520271942955772, 0.9768829194443917, 0.9861635694671926, 0.9645119006288817, 0.957857567716528, 0.8177130754830833, 0.9281537466236787, 0.6212754694372399, 0.9787759245151819, 0.9730038029823205, 0.9250137182404584, 0.5, 0.937102519934284, 0.7957345807432594, 0.7047891603058816, 0.9217260626580779, 0.924593915446484, 0.8369333237525033, 0.9042875660595984, 0.8943908875366589, 0.8424843354493192, 0.7587095817946659, 0.5519462890353779, 0.9396942075761968, 0.714006185507357, 0.5000040441913857, 0.5, 0.5, 0.593370605821532, 0.8597680840393145, 0.8000662031330568], [0.5, 0.5099844630941275, 0.8806654786997765, 0.6372347874117468, 0.9273044766147938, 0.5, 0.873004350127365, 0.5, 0.8807096183890037, 0.9274855938660976, 0.5011817389351727, 0.5, 0.9211841221418811, 0.5965844646736158, 0.6028482106781992, 0.8759754404337956, 0.5537450626113116, 0.9135316540508348, 1.0, 0.5, 0.7623322812203466, 0.6533897270702591, 0.576846991437995, 0.6276580062022933, 0.5131350333198931, 0.5, 0.6032700543817907, 0.5742153330214379, 0.5, 0.5, 0.5, 0.8631219735069984, 0.6120244811030011, 0.8655184839748327, 0.5698031006229309, 0.5223184047961673, 0.5065990813745209, 0.6744698711815698, 0.5183675226996469, 0.8636060337993505, 0.5042529446653372, 0.8429935152247807, 0.5278219613282242, 0.7975855052375815, 0.5070393204163856, 0.5662380002090337, 0.8232976174488715, 0.5, 0.5013866011856472, 0.6224295490451961, 0.5033404525302401, 0.8495640884515943, 0.5, 0.5189232070545495, 0.5, 0.5, 0.518159192468316, 0.5007041582656135, 0.5274063892683916, 0.5020534410348287, 0.5002783123858905, 0.5007872750232364, 0.5392830797713513, 0.9210264982013925, 0.9029075284371466, 0.8969511833451365, 0.916048288043918, 0.752337586148128, 0.8779250265894747, 0.6238433307150684, 0.9272849534671088, 0.9195206598533681, 0.8730789253661294, 0.5, 0.8902359378783946, 0.7508337474599269, 0.7081145105679229, 0.8574223745662786, 0.8733697768600995, 0.7961549349291548, 0.8708933177292553, 0.8740829995862858, 0.7879722294106937, 0.800453519344092, 0.6532982981090466, 0.8835493168515867, 0.7623192736712624, 0.5117245188871915, 0.5076338086831712, 0.5, 0.616524542688922, 0.8226012745286166, 0.7559904517922262], [0.5, 0.5, 0.5, 0.5188129505442207, 0.5014071659362849, 0.5069270380018716, 0.5833323000136573, 0.5, 0.5221641621732026, 0.5003840788704638, 0.5, 0.5, 0.5, 0.5528545880596726, 0.5, 0.5, 0.5, 0.5, 0.5, 1.0, 0.5, 0.5, 0.5, 0.5, 0.5, 0.5, 0.5, 0.5, 0.5, 0.5, 0.5, 0.5, 0.5, 0.5, 0.5038292278927562, 0.5013201659722045, 0.5130560391776391, 0.5332511798968389, 0.5074215235063413, 0.5, 0.5, 0.5, 0.5, 0.5, 0.5, 0.5034121622208741, 0.5, 0.5, 0.5, 0.5300473298055863, 0.5, 0.5, 0.5, 0.5, 0.5, 0.5, 0.5, 0.5, 0.5, 0.5445028554812166, 0.5, 0.5165980373062773, 0.5, 0.5224563179232775, 0.5, 0.5149972627019468, 0.5162847557443475, 0.5086140507643333, 0.5126798517817348, 0.5579118837904107, 0.5029361590503763, 0.5435530501179633, 0.5, 0.5, 0.5, 0.5, 0.5, 0.520973270462059, 0.5231963203484613, 0.6689465180156006, 0.5, 0.5, 0.5882063708770471, 0.5460152783076517, 0.5780371459913032, 0.5, 0.5, 0.5, 0.5, 0.5, 0.5977624528356775, 0.5, 0.5], [0.5, 0.5, 0.7706022307716364, 0.5717278907654694, 0.8712595157220797, 0.5002995595630213, 0.7523149194988555, 0.5, 0.7694532218919437, 0.8082918381913062, 0.5011288051075389, 0.5411449496720172, 0.820931590314546, 0.5616446394198805, 0.5, 0.7771202431091728, 0.5, 0.8071525732097651, 0.7623322812203466, 0.5, 1.0, 0.5, 0.5, 0.5096746370397198, 0.5, 0.5, 0.5, 0.5, 0.5, 0.5, 0.5, 0.7864289289772906, 0.63151369512009, 0.7669001843188448, 0.5469780469387119, 0.507602338169343, 0.501627805048773, 0.6261836011143291, 0.5012888465052784, 0.8033567679457272, 0.5004191422682093, 0.7495905214151499, 0.524020148936783, 0.7311181202123583, 0.5017987265908572, 0.5525400498271419, 0.8332084245779168, 0.5, 0.5047252566814002, 0.5836080180700126, 0.8719089056441449, 0.9398148865642795, 0.5, 0.6057743088424314, 0.5, 0.5, 0.8114341005169992, 0.8800888304725085, 0.5705761430094886, 0.8698791650970298, 0.8845181280874874, 0.7645285916361897, 0.5119703102065557, 0.7931027770628651, 0.8054975658390358, 0.7974821714205269, 0.8333021619064376, 0.7548386213615693, 0.7743009296588829, 0.5823984391087119, 0.8007164545347838, 0.7923924679171613, 0.777124990282926, 0.5, 0.7727565252997948, 0.7100715792514893, 0.6291562205069937, 0.7627580596008705, 0.7909653611432752, 0.7110844629228082, 0.7634910629636327, 0.7615658674872914, 0.9703760751480003, 0.7688575536398314, 0.5779390652021662, 0.7966226746884902, 0.751185533347918, 0.5423574903731392, 0.5045653777877882, 0.5490949284978588, 0.6684028415191654, 0.8642461850567285, 0.9609898255710244], [0.5, 0.5, 0.5, 0.5592188544518195, 0.5173469905888534, 0.5, 0.5, 0.5, 0.5464497433457661, 0.5, 0.5, 0.5, 0.5122953824191653, 0.5169461943864466, 0.5, 0.5074346124830569, 0.5, 0.5, 0.6533897270702591, 0.5, 0.5, 1.0, 0.5, 0.5, 0.5, 0.5, 0.5, 0.5, 0.5, 0.5, 0.5, 0.5, 0.5, 0.5, 0.5146034374538353, 0.5, 0.5, 0.5217724332158092, 0.544241454988177, 0.5, 0.5, 0.5605753669175577, 0.5, 0.5, 0.5, 0.5, 0.5, 0.5, 0.5, 0.6051883485977044, 0.5080476261228386, 0.5036130988594364, 0.5, 0.5, 0.5, 0.5, 0.5, 0.5, 0.5073167706438192, 0.5, 0.5, 0.5, 0.5, 0.5693064334283342, 0.5, 0.5048369959463322, 0.5034411321351635, 0.5, 0.5370904603549711, 0.5, 0.5365371726817265, 0.5630541418343937, 0.5135501860007738, 0.5, 0.5702808751944852, 0.506266711444337, 0.5317753855422598, 0.5245180256796288, 0.5119827692806966, 0.5, 0.5371001033080668, 0.6093866657256777, 0.5, 0.5523615823725454, 0.5, 0.5173235067600646, 0.5, 0.5, 0.5, 0.5, 0.5435701204857586, 0.5, 0.5], [0.5, 0.5, 0.5, 0.5, 0.5106266650635201, 0.5, 0.6132595790804698, 0.5, 0.5, 0.5134622852293276, 0.5, 0.5, 0.5, 0.5101775156815187, 0.5, 0.5, 0.5, 0.5, 0.576846991437995, 0.5, 0.5, 0.5, 1.0, 0.5, 0.5, 0.5, 0.5, 0.5, 0.5, 0.5, 0.5, 0.5, 0.5004807600939105, 0.5, 0.5051278784890924, 0.5287016003969649, 0.5206318393147522, 0.5971221546967371, 0.5127354514430358, 0.5, 0.5, 0.5, 0.5, 0.5, 0.5, 0.5, 0.5, 0.5, 0.5, 0.5425624309625561, 0.5, 0.5, 0.5, 0.5, 0.5, 0.5, 0.5338957755391611, 0.5, 0.5, 0.5114689326443805, 0.5, 0.5, 0.5511486931582124, 0.5162509955013294, 0.5, 0.5172064881212758, 0.5322049100930439, 0.5, 0.5, 0.5571381700229352, 0.5, 0.5, 0.5, 0.5, 0.5, 0.5, 0.5805858838963791, 0.5, 0.5, 0.521765482942387, 0.5073353819913726, 0.5, 0.5, 0.7217571073699611, 0.535768311812185, 0.5, 0.5, 0.5, 0.5, 0.5, 0.6003754152781792, 0.5647431467730423, 0.5], [0.5, 0.5, 0.55934900200205, 0.5093370384435266, 0.5173373437255369, 0.5, 0.5140507625891074, 0.5, 0.5, 0.5167400191174247, 0.5028082332899109, 0.5, 0.5, 0.5102289481251259, 0.5, 0.5128849673982235, 0.5, 0.5, 0.6276580062022933, 0.5, 0.5096746370397198, 0.5, 0.5, 1.0, 0.5, 0.5, 0.5, 0.5, 0.5, 0.5, 0.5, 0.5, 0.5, 0.5158515178030512, 0.5, 0.5, 0.5, 0.5146447914936985, 0.5, 0.5395420908690634, 0.51540513907527, 0.5, 0.5, 0.5, 0.5, 0.5, 0.5, 0.5, 0.5004897790858276, 0.5, 0.5, 0.5037984761729588, 0.5, 0.5, 0.5, 0.5, 0.5, 0.5, 0.5262536476973998, 0.5, 0.5, 0.5, 0.5, 0.5, 0.5242857442483313, 0.5, 0.5026292820135958, 0.5, 0.5103979627131972, 0.5, 0.5112359005983926, 0.5, 0.5, 0.5, 0.5, 0.5, 0.5, 0.5, 0.5, 0.5, 0.5, 0.5, 0.5043678400859861, 0.5103661315334495, 0.7374731936966353, 0.5, 0.7669324518544842, 0.5, 0.5, 0.5, 0.5, 0.5093442877026875, 0.5], [0.5, 0.5, 0.5940791917417179, 0.5, 0.5191850238547246, 0.5, 0.543752469353062, 0.5, 0.5, 0.5, 0.5, 0.5, 0.5109518199977501, 0.5053975461061248, 0.5, 0.6319635076533856, 0.5, 0.513655311678473, 0.5131350333198931, 0.5, 0.5, 0.5, 0.5, 0.5, 1.0, 0.5, 0.5, 0.5, 0.5, 0.5, 0.5, 0.5, 0.5333987758140646, 0.5196188465738303, 0.5287212229748643, 0.5, 0.5, 0.5086647734777436, 0.5415862395067073, 0.5, 0.5, 0.545382044735867, 0.5, 0.5, 0.5, 0.5, 0.5, 0.5, 0.5, 0.5452222613296556, 0.5, 0.5455022658766094, 0.5, 0.5, 0.5, 0.5, 0.5, 0.5, 0.5090703124809478, 0.5, 0.5, 0.5, 0.5, 0.5736473188548397, 0.5, 0.5, 0.5362506786122845, 0.5, 0.5366679557288924, 0.5096517434009199, 0.501859794373478, 0.5537945540320153, 0.5078319644311748, 0.5, 0.5506016152746873, 0.5359326617463931, 0.5, 0.5151622084003225, 0.5, 0.5, 0.5968040576215429, 0.5564883680767929, 0.5, 0.5, 0.5666420925037917, 0.5, 0.6505976060659642, 0.5, 0.5, 0.5, 0.5075197038546839, 0.5, 0.5], [0.5, 0.5, 0.5, 0.5725250705141478, 0.5008971233282833, 0.5, 0.5511514337574227, 0.5, 0.5, 0.507630811900623, 0.5, 0.5, 0.5121905720366494, 0.571094280002306, 0.5, 0.5, 0.5, 0.5, 0.5, 0.5, 0.5, 0.5, 0.5, 0.5, 0.5, 1.0, 0.5, 0.5, 0.5, 0.5, 0.5, 0.5, 0.5, 0.5029795988753916, 0.5, 0.6256000794215456, 0.5, 0.5617291297445588, 0.5, 0.5, 0.5068884003117387, 0.5938677059005513, 0.5, 0.5, 0.5, 0.5, 0.5, 0.5, 0.5, 0.5, 0.5, 0.5078719662360549, 0.5, 0.5, 0.5, 0.5, 0.5, 0.5, 0.5, 0.5226415096519237, 0.5, 0.5, 0.503194836453322, 0.5, 0.5, 0.5, 0.5, 0.5059914052084804, 0.5, 0.5995325650437533, 0.5116523103819337, 0.5679727518558788, 0.5, 0.5, 0.5251226512314884, 0.5, 0.572236058635772, 0.5, 0.5524036029901767, 0.566279653236087, 0.5420528898349886, 0.5, 0.5, 0.5666747834094782, 0.5007677822473124, 0.5, 0.5, 0.5, 0.5, 0.5, 0.6482595174729998, 0.5522042052216125, 0.5], [0.5, 0.5, 0.5, 0.5, 0.5527648593937238, 0.5, 0.511830590693406, 0.5, 0.5361223720742068, 0.5536349849371227, 0.5000402452094883, 0.5, 0.5, 0.5, 0.5, 0.5, 0.5, 0.5, 0.6032700543817907, 0.5, 0.5, 0.5, 0.5, 0.5, 0.5, 0.5, 1.0, 0.5, 0.5, 0.5, 0.5, 0.5, 0.5, 0.5, 0.5, 0.5032067393637212, 0.5, 0.5063967362125708, 0.5058651343998755, 0.5, 0.5, 0.5, 0.5, 0.5, 0.5, 0.5, 0.5, 0.5, 0.5030144810525202, 0.5075507737960896, 0.504220033514877, 0.5, 0.5, 0.5, 0.5, 0.5, 0.5, 0.5, 0.5173388496736326, 0.5, 0.5, 0.5, 0.5042084087563541, 0.5, 0.5, 0.5, 0.5855679015875743, 0.5, 0.5, 0.5, 0.5327657989462833, 0.5, 0.5, 0.5, 0.5, 0.5, 0.5, 0.5, 0.5284524085293082, 0.5, 0.5253642690518683, 0.5, 0.5, 0.5, 0.5469529310414369, 0.5084573660908067, 0.5, 0.5, 0.5, 0.5, 0.5, 0.5218609226079356, 0.5], [0.5, 0.5, 0.5, 0.5456512627592239, 0.5, 0.5, 0.5163934921634288, 0.5, 0.5, 0.5, 0.5, 0.5, 0.5, 0.5, 0.5, 0.5, 0.5, 0.5, 0.5742153330214379, 0.5, 0.5, 0.5, 0.5, 0.5, 0.5, 0.5, 0.5, 1.0, 0.5, 0.5, 0.5, 0.5, 0.5, 0.5, 0.5, 0.5266888766779039, 0.5, 0.5, 0.5, 0.5, 0.5, 0.5316433230708703, 0.5, 0.5, 0.5, 0.5153398720256916, 0.5, 0.5, 0.5, 0.5, 0.5, 0.5, 0.5, 0.5, 0.5, 0.5, 0.5, 0.5, 0.5, 0.5, 0.5, 0.5, 0.5409175025770017, 0.5, 0.5, 0.5, 0.5, 0.5, 0.5, 0.5854802463789482, 0.5, 0.5255926965772026, 0.5, 0.5, 0.5, 0.5, 0.508956629502382, 0.5010043368783272, 0.5, 0.5086099373236264, 0.5, 0.523523766353224, 0.5, 0.5418665721112206, 0.5, 0.527804067177325, 0.5, 0.5, 0.5, 0.5, 0.5010761553047427, 0.5, 0.5], [0.5, 0.5, 0.5, 0.5, 0.5, 0.5, 0.5, 0.5, 0.5, 0.5282516697170772, 0.5, 0.5, 0.5, 0.5143731757222614, 0.5, 0.5, 0.5, 0.5, 0.5, 0.5, 0.5, 0.5, 0.5, 0.5, 0.5, 0.5, 0.5, 0.5, 1.0, 0.5, 0.5, 0.5, 0.5079608650163189, 0.5, 0.5, 0.5636844416104503, 0.5, 0.5, 0.5505656682782897, 0.5, 0.5, 0.5, 0.5, 0.5, 0.5, 0.5393939458283113, 0.5, 0.5, 0.5, 0.5, 0.5, 0.5, 0.5, 0.5, 0.5, 0.5, 0.5260253003806143, 0.5, 0.5, 0.5604656579530463, 0.5, 0.5, 0.6278430076999676, 0.5098510763402925, 0.5, 0.5, 0.5056383201842544, 0.5279580577067692, 0.5, 0.5124023609342185, 0.5, 0.5, 0.5, 0.5, 0.5, 0.5, 0.6306688992955549, 0.5, 0.5, 0.6495352565207041, 0.5, 0.6305421282454765, 0.590830732079678, 0.6277142144776299, 0.5084610896374606, 0.5054145903727607, 0.5, 0.5046118954769299, 0.5, 0.5, 0.6962553502965012, 0.5, 0.5012968667383388], [0.5, 0.5, 0.5, 0.5, 0.5, 0.5, 0.5227274221852861, 0.5, 0.5, 0.5, 0.5, 0.5, 0.5163914945194062, 0.529685297243127, 0.5, 0.5, 0.5, 0.5, 0.5, 0.5, 0.5, 0.5, 0.5, 0.5, 0.5, 0.5, 0.5, 0.5, 0.5, 1.0, 0.5, 0.5, 0.5, 0.5, 0.5055055900915193, 0.5806695684232268, 0.586178581858328, 0.5392659797048351, 0.5, 0.5, 0.5, 0.5186426166882194, 0.5, 0.5, 0.5, 0.5030746998509115, 0.5284631713695166, 0.5, 0.5, 0.5, 0.5, 0.5, 0.5, 0.5, 0.5, 0.5, 0.5476019753288611, 0.5, 0.5, 0.5, 0.5, 0.5, 0.501826729457748, 0.540719219788294, 0.5, 0.5, 0.5, 0.5153205873874405, 0.5163502919438214, 0.5125082027499321, 0.5127631379964752, 0.5, 0.5098129403658974, 0.5, 0.5, 0.5, 0.5545289373107276, 0.5528876688101119, 0.5, 0.5168927906058483, 0.5, 0.5, 0.5, 0.5820146311542688, 0.5175732589074178, 0.5304835124669907, 0.5, 0.5, 0.5, 0.5, 0.5021158826931816, 0.5, 0.5], [0.5, 0.5, 0.5, 0.5205834866648373, 0.5370706417205187, 0.5, 0.5, 0.5, 0.5, 0.5176935597139464, 0.5144695476035049, 0.5, 0.5146962452075541, 0.9038441011922392, 0.5, 0.5435107936250873, 0.5, 0.5, 0.5, 0.5, 0.5, 0.5, 0.5, 0.5, 0.5, 0.5, 0.5, 0.5, 0.5, 0.5, 1.0, 0.5, 0.5752663497924554, 0.6092864024947098, 0.5082048713800045, 0.5, 0.5, 0.5760178733614596, 0.5806904485459938, 0.5, 0.5, 0.5, 0.5119156314571449, 0.5, 0.5, 0.5, 0.5, 0.5, 0.5, 0.5, 0.5029765559348616, 0.5, 0.5, 0.5, 0.5, 0.5, 0.5, 0.5, 0.5, 0.5, 0.5, 0.5, 0.5205269840602323, 0.5683008092734024, 0.5, 0.5648737133455054, 0.5571379682365645, 0.5, 0.5659476159440278, 0.5, 0.51967413942775, 0.5727621062409192, 0.5540883328235291, 0.5, 0.5580448128487885, 0.5, 0.5, 0.5712660899135729, 0.5896237591532092, 0.5207606801958561, 0.6256055361242022, 0.5, 0.5, 0.5, 0.5, 0.5034067286724804, 0.5, 0.5, 0.5, 0.5, 0.5, 0.5704184013825822, 0.5], [0.5, 0.5, 0.8794823171753454, 0.7410462390019064, 0.9285699857632101, 0.5328574212188981, 0.8753797924429645, 0.5, 0.8947300033332803, 0.9237355900534588, 0.5319917056965471, 0.5, 0.9343993032731046, 0.5929044700879688, 0.5, 0.8895852159888857, 0.5, 0.929804508127537, 0.8631219735069984, 0.5, 0.7864289289772906, 0.5, 0.5, 0.5, 0.5, 0.5, 0.5, 0.5, 0.5, 0.5, 0.5, 1.0, 0.794207932220261, 0.9781865653254516, 0.7420038695270972, 0.6639212226337003, 0.6700813223888252, 0.8169998546572568, 0.6834785011781807, 0.9595286828576908, 0.6755184315223159, 0.9422536928711142, 0.7027767213335817, 0.9452953524262613, 0.5552199114537517, 0.6260646161405051, 0.8978832453854939, 0.5021651309767363, 0.6774795142566323, 0.6903690684980378, 0.5149039816002932, 0.8916572779513185, 0.5, 0.6946330775803523, 0.6211745180475552, 0.5972478006886601, 0.5318348059849454, 0.5378197238084111, 0.5212957873802389, 0.5413920330755212, 0.5154080044050493, 0.6370370984986587, 0.6000425113630619, 0.9183315803931118, 0.9268981579631402, 0.9530514887537967, 0.9127925345981978, 0.8344984910055545, 0.9132526800623602, 0.6230244992919357, 0.9295065601981765, 0.9182116007987269, 0.9065587410603899, 0.5, 0.9075476801568327, 0.8156926227813321, 0.6848155435245254, 0.8839987404111813, 0.90928452116501, 0.817390518527776, 0.8672047889156068, 0.844339438985376, 0.8055267438960583, 0.7486446442035438, 0.5660161556332793, 0.9300159628992704, 0.7200411105299097, 0.5, 0.5, 0.552083547052473, 0.6332098484947355, 0.8952386496907359, 0.7835680530872033], [0.5, 0.5, 0.6333988588581998, 0.8926093373491026, 0.6474424665143786, 0.5663865605256717, 0.6525886911031153, 0.5, 0.6681510066752632, 0.6363104310382601, 0.5690717228788171, 0.5301917331310937, 0.6394783292963963, 0.5912139806197497, 0.5, 0.6521562341386236, 0.5, 0.6321689402193154, 0.6120244811030011, 0.5, 0.63151369512009, 0.5, 0.5004807600939105, 0.5, 0.5333987758140646, 0.5, 0.5, 0.5, 0.5079608650163189, 0.5, 0.5752663497924554, 0.794207932220261, 1.0, 0.818432149422657, 0.9778576492893959, 0.9039270889629943, 0.9488715766170055, 0.9648787210020513, 0.9631164041414446, 0.7437258167036793, 0.9626213564531396, 0.8741929437995108, 0.9687236990446622, 0.8598565122097555, 0.538433375394554, 0.6960784662536958, 0.7396076613526626, 0.5, 0.9560605743298785, 0.7507881689661815, 0.5592531787339364, 0.6478305615378539, 0.5, 0.9582820116869337, 0.5, 0.5409280747350786, 0.5608382031356307, 0.5807261380277935, 0.5300690542442756, 0.6317819158892883, 0.5607937807570047, 0.8778353642401828, 0.7089812844286685, 0.6598307529093328, 0.632569690425105, 0.7173725714687849, 0.6624361994642879, 0.7083547486330599, 0.6900174833475093, 0.568500856161725, 0.6374999188205479, 0.6634174800596907, 0.645241249079847, 0.5041378003484959, 0.6941682204071455, 0.5995496322015778, 0.5727134607199933, 0.6460655127666971, 0.6922756482239922, 0.617050305881782, 0.6436036910850955, 0.621421123727082, 0.6370980099925935, 0.5934782487701088, 0.5244874794195425, 0.6468146640766206, 0.5868137299355479, 0.5001238494477614, 0.5, 0.5, 0.560919898721099, 0.7100768979524418, 0.6217539849942593], [0.5, 0.5176038091545004, 0.8778763320603291, 0.7536587629273617, 0.9244319080172918, 0.