"[[1.0, 0.8781077005102851, 0.5787663894238029, 0.8897985214257907, 0.5557444981903783, 0.8522019343828486, 0.5788040332984445, 0.5669498846455352, 0.6717148707611382, 0.6674534629510301, 0.7285325616673087, 0.7628271522846882, 0.5717833666142628, 0.5087769372718407, 0.5, 0.564232974505973, 0.5, 0.528207841034227, 0.555922947373012, 0.5933781572941839, 0.5312037595141821, 0.505063131472318, 0.5046134208982133, 0.6586441290734808, 0.5660199038974549, 0.6542449124416054, 0.6502756474555456, 0.6298693807718163, 0.5133720492796074, 0.5929458113121053, 0.5008026386654658, 0.6220498726300099, 0.6094328055330729, 0.6089426872175732, 0.6313121164266453, 0.5645210921475993, 0.6641558282182896, 0.6067657698399923, 0.5060632748228557, 0.562034300658289, 0.569336600186742, 0.6555385818727281, 0.5077017355326955, 0.606746041299048, 0.6071293683364227, 0.5303137766563011, 0.6517392042698034, 0.5573064073360687, 0.5537043956183608, 0.5315723661402818, 0.5045504544549002, 0.6612781947133709, 0.5639823332806742, 0.6484388464996236, 0.5033093564589468, 0.5164329170317192, 0.544538177188476, 0.5146868459728675, 0.5075040843571968, 0.5928023548400925, 0.5442479410163099, 0.6308446021256457, 0.671738621447654, 0.5996798921979611, 0.5319460593833654, 0.5383806805022088, 0.5475368564303217, 0.5985229153766027, 0.5274707987842548, 0.5474884853531281, 0.575913520116137, 0.6072501488493385, 0.5192068549193674, 0.560552370652152, 0.5715869147555952, 0.5267869172466888, 0.562338209328526, 0.5728026096533543, 0.55583507735998, 0.5359754513022442, 0.6439674719490355, 0.510635045073862, 0.6457411764546299, 0.5391279841812604, 0.5699949943743944, 0.5326837709302186, 0.5204386887163654, 0.5786686465431498, 0.527515754893078, 0.5642862028999271, 0.6265291404034046, 0.5566996746398699, 0.5556013466878876], [0.8781077005102851, 1.0, 0.5269974592370075, 0.9648854709940087, 0.5939045045026805, 0.907692176068722, 0.5646682456672915, 0.5123712998155276, 0.5923393106484774, 0.5216683340184065, 0.6311885063316068, 0.7935602525806744, 0.5457563558695521, 0.5002900170150013, 0.5, 0.5519597770544631, 0.5, 0.5192986429616382, 0.5003778410663378, 0.5, 0.5066526115793022, 0.5015956298505886, 0.5009427483852115, 0.5125558634274228, 0.5100681407401925, 0.6769231961481131, 0.5, 0.512859168763039, 0.5048560317280795, 0.5237128421464282, 0.5, 0.5292139647853933, 0.5023937681938112, 0.5475913949026889, 0.5841787637579969, 0.5321040244230317, 0.6029086104086497, 0.5155901242062708, 0.5, 0.5488552049985735, 0.5124986167519925, 0.5085618132512807, 0.5171328322367084, 0.5324605010836544, 0.5002506661646715, 0.5041649091808671, 0.5027355028078115, 0.5008905782426, 0.5081851683902245, 0.5006220225710525, 0.5, 0.5013414036199888, 0.5005909814557996, 0.6359694203176403, 0.5, 0.5002615241535604, 0.5074658463359343, 0.5, 0.5, 0.5019836589717659, 0.5000129558296624, 0.6184746395670376, 0.6754637559754226, 0.6362763218908924, 0.5405137873367944, 0.5103542337493329, 0.5413745210656138, 0.5067366023470401, 0.5366477481054217, 0.5295548796167413, 0.5498688968135681, 0.523826528371085, 0.5152904196150572, 0.5956612369813681, 0.5245164809392591, 0.5026931566825487, 0.5039289634228268, 0.5237356328617991, 0.5088942194132071, 0.5033359307848913, 0.5004882314688294, 0.5096452177907964, 0.5258620758318893, 0.5215329853435615, 0.5547732056786716, 0.5277562639959428, 0.5313566305889484, 0.5241091740451946, 0.5628877306190687, 0.569524817930076, 0.6083659081768085, 0.5273693978750176, 0.5158072664165914], [0.5787663894238029, 0.5269974592370075, 1.0, 0.5199281628511354, 0.5110017322501721, 0.6993061057432391, 0.5677421550138229, 0.7087655393864931, 0.8954209796006227, 0.5004571520149446, 0.5772294795097428, 0.7124993145221512, 0.5331760046741021, 0.5024390337818311, 0.5, 0.8879664246175232, 0.5, 0.5974726488587099, 0.5, 0.5011329511475726, 0.501834346611042, 0.5169264563181004, 0.5192724097583907, 0.5081762298475594, 0.5027018662451508, 0.5253506340891008, 0.5, 0.5659476368464036, 0.5022921619494987, 0.532745682531093, 0.5143320777293791, 0.5812156108750468, 0.538463747941806, 0.508048682289646, 0.5615639945759417, 0.5635540375191737, 0.5744867332344253, 0.5488020670472277, 0.5634450519639196, 0.5, 0.5, 0.5720241721462018, 0.533565917433267, 0.5653737870646349, 0.5, 0.5163369094374846, 0.5904702798387698, 0.5085031830349006, 0.5779057314745479, 0.5155682712760942, 0.543935716435161, 0.5103413962924543, 0.5362440168209532, 0.5185119325354132, 0.5021138775213785, 0.5, 0.5004927803273169, 0.5268887019986234, 0.5000746912933323, 0.502510006455375, 0.5023759880144962, 0.5161858445682221, 0.5131790915186316, 0.5193048607268234, 0.5173134290552198, 0.677958419889864, 0.5368299070730211, 0.5506130628492691, 0.5045218155113965, 0.5196588937146696, 0.5568998756804497, 0.5188492834379584, 0.5109420491276951, 0.5, 0.52002666607783, 0.5045146320070022, 0.5536084944490138, 0.5134226345341972, 0.6026459752629182, 0.5259269095203065, 0.5192327996633875, 0.5643453948588282, 0.5429391335915681, 0.5293952502812405, 0.5356590616977313, 0.5236589161608894, 0.5088804709756809, 0.5368855681397311, 0.5, 0.5087872457407089, 0.5122903141972392, 0.5204722910862593, 0.5633347196432984], [0.8897985214257907, 0.9648854709940087, 0.5199281628511354, 1.0, 0.5686125534106132, 0.903755202581416, 0.5074455256119661, 0.5173988697267558, 0.5796124048318325, 0.5557152566364782, 0.7428200767642823, 0.7654754450497641, 0.5806452937089637, 0.5583488808598105, 0.5246062882651139, 0.5067833603638662, 0.5356519122297204, 0.6087374663393321, 0.5063826422961155, 0.5010177448710904, 0.6076698516478771, 0.5020161641918393, 0.5024778468186148, 0.5227535387674316, 0.5, 0.6798797177102401, 0.5001414277546595, 0.5184925044709838, 0.502106880106272, 0.5557514985201416, 0.5163413957413153, 0.5700588388113201, 0.5373254416779568, 0.6075317207379802, 0.6253353399750893, 0.5275698645913662, 0.6292313482368408, 0.5503496646963864, 0.5413961099320704, 0.5071645030779992, 0.508003372992954, 0.5819040406017018, 0.5000601068063276, 0.5502664172994589, 0.5654088935414292, 0.5001047826404756, 0.5737172455580644, 0.5238394390195488, 0.5556331515144044, 0.5140694833554247, 0.5, 0.5024583483961612, 0.5029754979970111, 0.6599355009645416, 0.5, 0.5215695386767799, 0.5556750323460182, 0.5163178039095312, 0.5, 0.5006536594896679, 0.5131047457397659, 0.6279329652541918, 0.7316015421447845, 0.6400829797577885, 0.5799200115972103, 0.5267344751979468, 0.5214583542448655, 0.5350073132271794, 0.5178546014314305, 0.5632375798844158, 0.5273246628516101, 0.5355939981288613, 0.5277638702340453, 0.5883128346803187, 0.5316939734626396, 0.5090736091448802, 0.5200736006372246, 0.5277296694689468, 0.5257213100908527, 0.5141710222914974, 0.5187670585297774, 0.5091815501043717, 0.5119020325225616, 0.5095786905483726, 0.5427277684070753, 0.5144835027337363, 0.5030225074281781, 0.5164712773541673, 0.5363672487365749, 0.5433439903799218, 0.581054219667485, 0.5180595335438778, 0.5218257879112718], [0.5557444981903783, 0.5939045045026805, 0.5110017322501721, 0.5686125534106132, 1.0, 0.5402109612551718, 0.8693249598660445, 0.5178119441810058, 0.5662010682231622, 0.6871182621758406, 0.6396277980414614, 0.5443049642835507, 0.825617908602645, 0.5001513136610187, 0.5, 0.6508850673136606, 0.5451361260270247, 0.6866477255398791, 0.5051699091185462, 0.50128848799102, 0.6058255512098988, 0.7787900663903855, 0.7873211989150999, 0.5785012381881873, 0.5535175094252318, 0.7603283369553504, 0.5, 0.5227459066397138, 0.5285012945833854, 0.5478756476763775, 0.7409478836560972, 0.689328883275792, 0.5138270413088226, 0.6733071135866742, 0.5723886281432915, 0.6835603289697121, 0.5179410404298341, 0.6537251000000041, 0.5134313808131421, 0.7956069670634076, 0.5727884304314843, 0.5895617416950818, 0.5, 0.744143747527729, 0.5011319784263439, 0.5028203746337659, 0.5, 0.5339498999326091, 0.5003354552855219, 0.5000231811262903, 0.50054650534563, 0.507576315689331, 0.5009033724178381, 0.5698254340383434, 0.524332261927305, 0.5, 0.5273986450399131, 0.5043921042384845, 0.5020865854895722, 0.5008275476758247, 0.5456276287781578, 0.5164089659410533, 0.5803652174757962, 0.7184209630551833, 0.7983611784115767, 0.651390018946174, 0.8788677130167241, 0.5801398679497597, 0.7068260153128432, 0.6087156423142868, 0.7918731295131416, 0.6664545618327632, 0.70107984486073, 0.5070576608125372, 0.6638562637781917, 0.5, 0.5528061139924317, 0.6617093125631928, 0.5759907544243499, 0.5215096780277513, 0.5, 0.6051013376696744, 0.644623912926632, 0.5572641063618862, 0.5238199395807297, 0.5118982823527369, 0.5227415698091644, 0.5004387422666701, 0.5043100167403483, 0.5092210711441905, 0.5092728168916094, 0.5011561866160356, 0.5101254617190525], [0.8522019343828486, 0.907692176068722, 0.6993061057432391, 0.903755202581416, 0.5402109612551718, 1.0, 0.5209168002436315, 0.6689273654558705, 0.6977421696790215, 0.5117405217996602, 0.6931983366079081, 0.7963456821447066, 0.532731163909455, 0.5014398104204064, 0.5, 0.6253910756680304, 0.5, 0.5366529287561557, 0.5, 0.5, 0.5015883571133393, 0.5, 0.5074245865663765, 0.5122409996529161, 0.5019295967679656, 0.656290520546816, 0.5, 0.5267489816528081, 0.510962043775824, 0.5476403214008917, 0.5, 0.628703708672341, 0.5548150260941078, 0.5418567776509428, 0.6411244958190903, 0.5391776645192945, 0.6342830274420628, 0.557989347997614, 0.5533465395075516, 0.501469030321912, 0.5, 0.6042854324518743, 0.5238900828893345, 0.5612526420050836, 0.5, 0.5091932664192199, 0.6141797566036538, 0.518454942610677, 0.5979039953886659, 0.6500130299144433, 0.5010012850499013, 0.5113067414557596, 0.5, 0.6158714267927987, 0.5445805888138227, 0.502429344971699, 0.5, 0.5094033812583113, 0.5092594061293312, 0.5015375139898527, 0.5047908739422924, 0.6007944321352661, 0.7096687202572467, 0.6921909259763369, 0.5664609436326444, 0.6454791215074528, 0.6255288026373473, 0.6096447966279626, 0.5986992953541524, 0.6669523089031528, 0.5572105622541417, 0.5509859915686977, 0.6268886145198285, 0.6274831767740202, 0.5833048330359853, 0.5929295487715867, 0.5880846550960712, 0.5685986795020475, 0.5973381500284959, 0.505089674829428, 0.6238186517498278, 0.612554558981433, 0.5827815270634218, 0.5545772379440801, 0.5558515432929543, 0.5390105940660642, 0.5047948256763914, 0.5308076439735283, 0.5319620379009452, 0.5916512960243887, 0.5681496829257044, 0.5224175871222566, 0.6090718304552408], [0.5788040332984445, 0.5646682456672915, 0.5677421550138229, 0.5074455256119661, 0.8693249598660445, 0.5209168002436315, 1.0, 0.564875027721965, 0.624550759728434, 0.7451244403506951, 0.5076749738687796, 0.5744245298826809, 0.8651540626553433, 0.503427381233111, 0.5443580269174797, 0.7491368119435841, 0.5544554910899349, 0.6116398081431135, 0.5036209116741215, 0.5015576909102474, 0.5186351258609847, 0.5007615249558411, 0.5074923122744535, 0.5979820014517068, 0.5628249816264562, 0.5341748813344798, 0.5, 0.5554293781109432, 0.5338053505203084, 0.5700304500869107, 0.5166103176692872, 0.7225559196180562, 0.5931498072164658, 0.5828173741044725, 0.6230387747251298, 0.7369621222098077, 0.5256655718017045, 0.5842785756363411, 0.5074513796583884, 0.8914832667802586, 0.5880471209471403, 0.6327076946601535, 0.540681451985687, 0.7211328629724416, 0.5013426382219948, 0.5096019834405164, 0.5022875268341291, 0.5223816914120882, 0.5210698830719367, 0.5025950692902086, 0.5049799312473622, 0.6266759913080316, 0.5656199031178653, 0.5744859412911676, 0.503653948567237, 0.5005863944424158, 0.5448950182454013, 0.5627933876218104, 0.5006405308667036, 0.5010070789989208, 0.5810447860392876, 0.5432867935039101, 0.5376439388369622, 0.589021568417598, 0.8055929135135109, 0.5432802267907779, 0.8152384158128281, 0.5620913681680804, 0.7766292516799354, 0.6151226515731002, 0.8718384939592771, 0.7531415772431289, 0.6349541316183247, 0.5, 0.7258824537175409, 0.5074704057971064, 0.5438197394485496, 0.6470262842695839, 0.6071393004915525, 0.5883315556598236, 0.5797968230506205, 0.507804820810083, 0.7376928571334922, 0.5330927550837172, 0.5277814778780372, 0.5521057868073493, 0.5282027943529903, 0.5144068409159331, 0.5098667319505691, 0.5305902499708146, 0.5486287619870599, 0.5472934819670723, 0.5516839738682694], [0.5669498846455352, 0.5123712998155276, 0.7087655393864931, 0.5173988697267558, 0.5178119441810058, 0.6689273654558705, 0.564875027721965, 1.0, 0.687320185525665, 0.5399443006835318, 0.5160973546708918, 0.6411974717149764, 0.5752041398520245, 0.5834372497847, 0.5, 0.6863662839797209, 0.6221596532388649, 0.5632334594651343, 0.5959515056349113, 0.5034872564404662, 0.5, 0.5104775001659019, 0.5124470501834463, 0.6726180600345453, 0.6000984786735575, 0.5420352624519883, 0.6164207866296769, 0.7073178557252483, 0.5743731616000403, 0.7150144346350729, 0.6003951676229898, 0.663682168330215, 0.5962337093180314, 0.613023502518379, 0.6493370469907512, 0.5279898004925919, 0.5767867500422069, 0.5814429276250972, 0.5143611844742644, 0.5923088900713386, 0.5046580574864641, 0.6606792107256764, 0.5221831718735969, 0.5456551847908315, 0.5, 0.5372348014879607, 0.50372190754061, 0.5864024197103493, 0.5158411663867422, 0.7959889939180698, 0.5046919697664222, 0.5269870067670651, 0.5, 0.5732871959085556, 0.6385633741714041, 0.5053431540339003, 0.5002613677277876, 0.6179034511037982, 0.5284789319982656, 0.5056939127845745, 0.5086547332072457, 0.5456085852878976, 0.6464521932946461, 0.7759069356511847, 0.6611610231789193, 0.7801926116008471, 0.6581211763209505, 0.7018238502317447, 0.8088598813367962, 0.8202619511633247, 0.5995807570984311, 0.5920826875547387, 0.791923046915248, 0.5577336357470863, 0.6072344738351255, 0.5664629034022499, 0.6072268343106335, 0.5764332050616096, 0.8034062912504893, 0.7120814658097445, 0.7728892718185945, 0.5414676030898162, 0.5035790414200052, 0.583062099483733, 0.5379074968238575, 0.5559104219744442, 0.5325743795877751, 0.5773165390387079, 0.5123560454163171, 0.6384437048999352, 0.5019007950715075, 0.5526906080665444, 0.6145325595445981], [0.6717148707611382, 0.5923393106484774, 0.8954209796006227, 0.5796124048318325, 0.5662010682231622, 0.6977421696790215, 0.624550759728434, 0.687320185525665, 1.0, 0.5422670946089287, 0.6545356113982643, 0.7016031655745031, 0.6151555123164436, 0.5672584177258877, 0.5, 0.8589463942836452, 0.5, 0.6028473581496884, 0.5, 0.6422832262394212, 0.5458353560336432, 0.5132248242823205, 0.5068786802855529, 0.580719767119668, 0.5228775703615727, 0.5206740294111432, 0.5462582040397219, 0.6361215922472575, 0.50856201278487, 0.5170648978981519, 0.5140476051777667, 0.6614211238016277, 0.5048607251073576, 0.510371990417485, 0.5481895442838287, 0.5549822342950146, 0.593509474537387, 0.5854621932512536, 0.5018674125246538, 0.56210658758712, 0.5147147890457683, 0.5982722593236385, 0.5258067657975047, 0.6412083262175804, 0.5002282082699656, 0.5357848561638967, 0.6845384999214348, 0.5003685869806318, 0.560152849069919, 0.5276484905125698, 0.5, 0.5098100953332124, 0.5002517093598968, 0.5192123785377981, 0.5, 0.5, 0.5504449231677533, 0.5162760836631298, 0.5023111637727298, 0.5003843597789467, 0.5007934182790303, 0.5119314191996533, 0.5450078366183273, 0.5442181323046874, 0.5818105429152366, 0.6517269396584755, 0.5516007760479745, 0.5565388084231051, 0.573204290725203, 0.5520802099365161, 0.583092262081454, 0.5502823694456221, 0.5279910944559738, 0.6347902667205589, 0.5601290305693163, 0.5224895234797482, 0.5618197585722833, 0.5671509501815715, 0.5755787292049818, 0.5286787201670349, 0.5260013809519102, 0.5682763070520342, 0.5935578573017433, 0.662848424459906, 0.7173828571427419, 0.6894912327640658, 0.7044049479196107, 0.712119181481744, 0.6954518855224144, 0.6820236629791476, 0.6895621848889907, 0.7091880542350713, 0.6381539690681146], [0.6674534629510301, 0.5216683340184065, 0.5004571520149446, 0.5557152566364782, 0.6871182621758406, 0.5117405217996602, 0.7451244403506951, 0.5399443006835318, 0.5422670946089287, 1.0, 0.6297343535576161, 0.5683807432095125, 0.7117379289962092, 0.5106695175732829, 0.5, 0.5666539499760501, 0.5030784615955466, 0.7748071065511479, 0.5071646817690831, 0.5000878799566073, 0.7791790628727356, 0.5003020708497776, 0.5024485839508821, 0.6370089051530662, 0.5278081999230971, 0.5177005429264054, 0.6332794490481244, 0.5885586486324752, 0.5261160567525596, 0.589224054519661, 0.5025324011386745, 0.6049214056542509, 0.7773696989620367, 0.763682604539959, 0.5714143482754432, 0.5788060107387387, 0.5150990469418035, 0.5633053974362228, 0.5056238707410525, 0.6846882663117143, 0.5362939022946016, 0.7331040851121706, 0.5122812725619386, 0.6069504804548798, 0.5004835706425137, 0.503520529340474, 0.5045397045457928, 0.5128648757927625, 0.5170505902962537, 0.5001251236316112, 0.5005285840848575, 0.8626228517786552, 0.5157402669051857, 0.572650822241181, 0.5003844172428615, 0.5000617474738671, 0.5495484455462494, 0.5, 0.5066589406286697, 0.5000564420113721, 0.6028683071122368, 0.5028081620490448, 0.652200523236349, 0.5249058755680842, 0.7472035152916736, 0.5604334315240361, 0.6836903227361893, 0.5759859632292363, 0.6153357226059544, 0.5770032739951622, 0.6497319371353768, 0.7560408398659502, 0.6232480470276764, 0.5594530966817648, 0.7197519108145323, 0.5793746269572374, 0.6661328651891183, 0.6283724771311793, 0.5964582256980808, 0.5310275682812111, 0.7110714527688995, 0.5, 0.7587529231352884, 0.5381147442482584, 0.5331923786155799, 0.5862503310229644, 0.5126108350122573, 0.5247882749272847, 0.5, 0.5581251845347991, 0.5937321808814939, 0.5904703583951474, 0.5896914688662933], [0.7285325616673087, 0.6311885063316068, 0.5772294795097428, 0.7428200767642823, 0.6396277980414614, 0.6931983366079081, 0.5076749738687796, 0.5160973546708918, 0.6545356113982643, 0.6297343535576161, 1.0, 0.5745380859336445, 0.6910020369996737, 0.5632975693887281, 0.5372831437211121, 0.512540721701056, 0.5, 0.7406611876847637, 0.5066916366353267, 0.5, 0.7263787569133454, 0.6343643104781131, 0.6339034862105124, 0.5665095590983955, 0.5011152359756357, 0.6714497290823109, 0.5282288805996431, 0.5392790982417635, 0.5008406142402454, 0.5889406723120194, 0.6248195937326075, 0.8135261891668135, 0.5366317224045136, 0.6971830719952107, 0.5823883822910388, 0.5480529503310001, 0.64128364169715, 0.7596755990793356, 0.5056052465260306, 0.5, 0.5, 0.7573198655544411, 0.5013420282785936, 0.7198204615050591, 0.5, 0.5012725175693905, 0.884570429684556, 0.5154154120217393, 0.6396290226392785, 0.5646503698751559, 0.5029474074818399, 0.5002030712815733, 0.5358635012169557, 0.5888921198128025, 0.5021435270001816, 0.5, 0.548548334898856, 0.5329279427665, 0.5019928319771059, 0.5, 0.5185283042347695, 0.5461335085553392, 0.6965724796566516, 0.6278313811393605, 0.6474854349659418, 0.6083686060241946, 0.5679825834472451, 0.5555208364926421, 0.519813879814975, 0.5363040968450719, 0.5098242749367079, 0.5305562409837374, 0.5808198493063408, 0.5353647333092636, 0.6088771818848118, 0.5194031174103444, 0.5411182026610519, 0.5856426055139459, 0.5502664220121554, 0.5339014300004502, 0.5601554336920904, 0.546499273552813, 0.5, 0.5316819592607847, 0.566551616153594, 0.5036941298483526, 0.5008995168257446, 0.5878551623702652, 0.5096205805839099, 0.5139542575188538, 0.5381163894673986, 0.544568672915368, 0.5570783834994604], [0.7628271522846882, 0.7935602525806744, 0.7124993145221512, 0.7654754450497641, 0.5443049642835507, 0.7963456821447066, 0.5744245298826809, 0.6411974717149764, 0.7016031655745031, 0.5683807432095125, 0.5745380859336445, 1.0, 0.5644147950510578, 0.5003455265854599, 0.5010126178823017, 0.727196146783666, 0.5, 0.5489293133554561, 0.5006422972947662, 0.5, 0.5088985953254527, 0.5000156392552518, 0.5003828093848375, 0.5719904574638057, 0.5041652528816812, 0.6010222672458847, 0.5, 0.635211280561636, 0.8347322856487356, 0.5418414095185412, 0.6540210440797345, 0.5165234298214024, 0.6750179054400405, 0.5622771683263773, 0.5616042296130372, 0.5157841515526584, 0.5799459316176333, 0.5235445452669525, 0.5, 0.5319760376915506, 0.530692205646944, 0.5356593547669962, 0.5405128926136035, 0.5306398663855099, 0.5119294381237753, 0.5074984165088734, 0.5, 0.5046789281531334, 0.5411410300179775, 0.5012376285363151, 0.5081084853991003, 0.5843466854921494, 0.5033354945405661, 0.5823116770731461, 0.5, 0.5011943402418944, 0.5030305855242898, 0.5, 0.5026089916590007, 0.5, 0.52268684490182, 0.7513908011744528, 0.5978322860962743, 0.5779488234231467, 0.5197439286580108, 0.5746537613252533, 0.5250546789124514, 0.5076924873708315, 0.5335835994821272, 0.5157672709832142, 0.5338855490949975, 0.5475455667714013, 0.5057723348704921, 0.5742544284393155, 0.5236374729353066, 0.505841584541149, 0.5646613826492648, 0.506564786056843, 0.5607622234214119, 0.5081254089039489, 0.5421971933286918, 0.5, 0.5773350421746098, 0.5071904249070769, 0.5161342973482125, 0.5172512182854676, 0.5093101544108284, 0.5, 0.520312130406096, 0.541766324034989, 0.576149563553952, 0.5224929569700483, 0.694379816158722], [0.5717833666142628, 0.5457563558695521, 0.5331760046741021, 0.5806452937089637, 0.825617908602645, 0.532731163909455, 0.8651540626553433, 0.5752041398520245, 0.6151555123164436, 0.7117379289962092, 0.6910020369996737, 0.5644147950510578, 1.0, 0.6879023582499779, 0.5, 0.6958189694163939, 0.6343526181003879, 0.7493533811853357, 0.5238164823481096, 0.5038353254969377, 0.6528406992971999, 0.5064620692137785, 0.5051936150877601, 0.6455297996921063, 0.560918267151373, 0.6002770682589436, 0.5, 0.6616382314328709, 0.5983213768893658, 0.6206481069987423, 0.5843202301447143, 0.7482075343000448, 0.5456963289052716, 0.60607614309664, 0.5765946964363423, 0.7049952765181468, 0.5384657249231938, 0.6048960054053734, 0.5106256722894241, 0.7672623964257649, 0.5708440322201986, 0.6619465439586307, 0.5117212138408582, 0.7532070658411468, 0.5010256866153403, 0.501971529319742, 0.6092895749611755, 0.5118141241699563, 0.5499328085548847, 0.5201831078764558, 0.5157969022765466, 0.5063914198393353, 0.6728506006813142, 0.5731661690162191, 0.5102821905415256, 0.5000277247114762, 0.5316373214838264, 0.5086687056842367, 0.5005336763431201, 0.5024632862107699, 0.500510036059244, 0.6173921420275519, 0.6413069260749674, 0.6060883735015496, 0.8902718421465606, 0.5827458916386132, 0.7678092832050691, 0.6042948543434384, 0.751761663870084, 0.6889975793166355, 0.8118158373223059, 0.7490156294824399, 0.6502449431097282, 0.5728555428053022, 0.7165028341949342, 0.5365224838895583, 0.6001604749275916, 0.6954282635476458, 0.570308735528096, 0.5932410174794165, 0.5459718708777699, 0.5150235622142656, 0.6398576172509738, 0.5088967700442102, 0.5336559049170202, 0.5258205448870364, 0.5277178982192435, 0.5225852191672405, 0.5000686520412039, 0.5, 0.5612422384936415, 0.5355451544256496, 0.5686666984265074], [0.5087769372718407, 0.5002900170150013, 0.5024390337818311, 0.5583488808598105, 0.5001513136610187, 0.5014398104204064, 0.503427381233111, 0.5834372497847, 0.5672584177258877, 0.5106695175732829, 0.5632975693887281, 0.5003455265854599, 0.6879023582499779, 1.0, 0.5, 0.5424997856524767, 0.5, 0.5543459686703156, 0.5322449813783914, 0.5000252647037284, 0.5041532172032814, 0.5177362500433758, 0.5004700152399145, 0.6481710753699021, 0.5316190541920851, 0.5220865976154101, 0.5, 0.5137289488610733, 0.5005917359355017, 0.5159961335658261, 0.6045523837973861, 0.502450798233322, 0.5095717733278831, 0.5056209004164107, 0.51341585678407, 0.5085464782695056, 0.5089597025663763, 0.5093501693039106, 0.5140034157973681, 0.5029252876901322, 0.5057161286773028, 0.5125831364361265, 0.5081395955580148, 0.6265682925871736, 0.5006998600879018, 0.5016190251481065, 0.5015750400725231, 0.5039414112889271, 0.5142022877518185, 0.5012271893840052, 0.5008975302581471, 0.5023543325585174, 0.5112598279382259, 0.5207431261816522, 0.5009101288415538, 0.5001081132166725, 0.5132353785464404, 0.5108691118251796, 0.5051119438439383, 0.5215986568306066, 0.5105202292804661, 0.5081311594167992, 0.5105408576950629, 0.6606746951026969, 0.6685942073432929, 0.6447078587028603, 0.514370083755293, 0.526132838946333, 0.5946360067808636, 0.681742104430286, 0.5177731621189244, 0.5894916232129435, 0.5050955093354752, 0.6115927640008106, 0.5058486801797548, 0.5016606556337493, 0.6403792641697823, 0.5437929912846314, 0.521319576979704, 0.5591069118734359, 0.5162755078173961, 0.5070897169113919, 0.5012031453844459, 0.5056229201436215, 0.5012829738874682, 0.5343778920193625, 0.5140253807139884, 0.5056715680563193, 0.5034036394032916, 0.5019228082444949, 0.5054778804211065, 0.5643955083957368, 0.5056459917637637], [0.5, 0.5, 0.5, 0.5246062882651139, 0.5, 0.5, 0.5443580269174797, 0.5, 0.5, 0.5, 0.5372831437211121, 0.5010126178823017, 0.5, 0.5, 1.0, 0.5, 0.5, 0.5, 0.5015008558294185, 0.5, 0.5, 0.5077221899421094, 0.5078204221693444, 0.5, 0.5, 0.5, 0.5, 0.5, 0.5, 0.5320795343820294, 0.5, 0.5, 0.5, 0.5523288662686706, 0.5, 0.5031659517145255, 0.5, 0.5, 0.5, 0.5, 0.5, 0.5, 0.5, 0.5, 0.5, 0.5, 0.5, 0.5, 0.5065947774256332, 0.5, 0.5, 0.5, 0.5, 0.5, 0.5, 0.5, 0.5283604829357172, 0.5, 0.5, 0.5, 0.5, 0.5, 0.5393183607130614, 0.5060248642151711, 0.5256693719331311, 0.5, 0.5, 0.5, 0.5, 0.5, 0.5, 0.5, 0.5, 0.5, 0.5, 0.5, 0.5001526911780645, 0.6478429267610175, 0.5, 0.5121196503046339, 0.5, 0.5, 0.5, 0.5, 0.5314807023988506, 0.5, 0.5, 0.5, 0.5, 0.5, 0.5, 0.5, 0.5], [0.564232974505973, 0.5519597770544631, 0.8879664246175232, 0.5067833603638662, 0.6508850673136606, 0.6253910756680304, 0.7491368119435841, 0.6863662839797209, 0.8589463942836452, 0.5666539499760501, 0.512540721701056, 0.727196146783666, 0.6958189694163939, 0.5424997856524767, 0.5, 1.0, 0.5, 0.6283483087229714, 0.5293879899282193, 0.5008206280493663, 0.5114582575881916, 0.5237379805488134, 0.5058860948289016, 0.5587082324579306, 0.5296517732318727, 0.5482415741057945, 0.500569703567749, 0.6247051643472574, 0.5696127073550502, 0.585109916707206, 0.5339604114497283, 0.5946222958702961, 0.5284082371945367, 0.5383563221885383, 0.5451361287223058, 0.6307144298277414, 0.592599737085549, 0.5532557400565785, 0.5, 0.6744712156126303, 0.5506083086159937, 0.5509669532851253, 0.6188964438128788, 0.6239335203773172, 0.5005569696298477, 0.5511211130928833, 0.5261552621410515, 0.503133231993949, 0.5512165838067602, 0.5047306899117919, 0.5102447647071557, 0.5329042255371581, 0.6153168828376632, 0.6289277581404924, 0.5148251958795025, 0.571131230677265, 0.5402528563277375, 0.5379172850836281, 0.6664782534841933, 0.5022463347748367, 0.5, 0.611040364689761, 0.5375351434151125, 0.5566315645368134, 0.6790199151878741, 0.6431322596428422, 0.6229012780314394, 0.5665682615770781, 0.6261192590462963, 0.5570259345787016, 0.6867169812604665, 0.5824971531679239, 0.5533253423587747, 0.5414633225575944, 0.6222836749039455, 0.5451230521259183, 0.5560111813829283, 0.5930526484805598, 0.598643612262427, 0.5604619544004079, 0.5329947589513064, 0.5716243703417572, 0.5878324646658187, 0.5397846454274471, 0.56630076195157, 0.5577219910542472, 0.5775185294593765, 0.5422191569263249, 0.5901131007126218, 0.5586402608470105, 0.5825626165850678, 0.5664115813393378, 0.5681986190257801], [0.5, 0.5, 0.5, 0.5356519122297204, 0.5451361260270247, 0.5, 0.5544554910899349, 0.6221596532388649, 0.5, 0.5030784615955466, 0.5, 0.5, 0.6343526181003879, 0.5, 0.5, 0.5, 1.0, 0.5, 0.5234715319193012, 0.5142733560058794, 0.5, 0.5, 0.5, 0.5, 0.5, 0.6306521919588379, 0.5, 0.7040014341852059, 0.5, 0.5124870804487676, 0.5541580522010146, 0.5, 0.5, 0.534498284435029, 0.5, 0.5044650991654969, 0.5086701545661593, 0.5359908114245099, 0.5395439718245187, 0.5, 0.5, 0.5344368842574918, 0.5, 0.5, 0.5, 0.5014695234269699, 0.5, 0.5188091336950678, 0.5, 0.5, 0.5, 0.5026345170197467, 0.5, 0.5, 0.5, 0.5, 0.5010697792636845, 0.5, 0.5, 0.5091672430563627, 0.5, 0.5398136218963421, 0.5, 0.5, 0.5, 0.5, 0.5649365873667187, 0.5, 0.5, 0.5871147128556413, 0.5, 0.7619006010900996, 0.5796511189038395, 0.5, 0.5, 0.5, 0.5585860454857617, 0.5, 0.6040849175858327, 0.5, 0.5, 0.5, 0.5, 0.5, 0.5, 0.5, 0.5, 0.5, 0.5, 0.5, 0.5, 0.5, 0.5], [0.528207841034227, 0.5192986429616382, 0.5974726488587099, 0.6087374663393321, 0.6866477255398791, 0.5366529287561557, 0.6116398081431135, 0.5632334594651343, 0.6028473581496884, 0.7748071065511479, 0.7406611876847637, 0.5489293133554561, 0.7493533811853357, 0.5543459686703156, 0.5, 0.6283483087229714, 0.5, 1.0, 0.5857219980295761, 0.5006010955794022, 0.9480659896635748, 0.5099145933344722, 0.5015703174966892, 0.5700972874451989, 0.5852360584787266, 0.5031750613963046, 0.5, 0.5451262951585243, 0.5077099723334912, 0.5861815213269154, 0.5103487615571796, 0.6210405996830506, 0.5600219640967807, 0.7585643161688924, 0.5210614919246971, 0.5525821302694154, 0.545642813031133, 0.5737029157287146, 0.5, 0.5804446453589793, 0.5196768448048277, 0.6476543945532884, 0.5145942631245018, 0.5909497395782131, 0.5003060069256274, 0.5065469542382437, 0.516641799654723, 0.5021014591564077, 0.5092929855090433, 0.5025449114052267, 0.5, 0.5055697630700036, 0.5008947961731965, 0.6245247647903326, 0.500846451457704, 0.500082137653033, 0.5925648062318147, 0.5045949022408941, 0.5168109575863249, 0.5002288298423351, 0.5, 0.5008166647511132, 0.7552908702579025, 0.532477410547818, 0.8224521283461047, 0.5720642478679643, 0.5923422705367314, 0.5921707742039823, 0.5741331267117608, 0.5633860188527617, 0.6079330799034722, 0.5502291863563902, 0.6119129369537436, 0.511147620043517, 0.6149583707536799, 0.5042360153314768, 0.524155285459176, 0.603776630239103, 0.5896511462292463, 0.5411255246681106, 0.5270584275201688, 0.5232606305489803, 0.5442080088019896, 0.5033151273597674, 0.5082096249207775, 0.5073237822998995, 0.5280087501472397, 0.5034885400182398, 0.5046024444178817, 0.5008419731146037, 0.5081376200742274, 0.5096320953880122, 0.5224210975304724], [0.555922947373012, 0.5003778410663378, 0.5, 0.5063826422961155, 0.5051699091185462, 0.5, 0.5036209116741215, 0.5959515056349113, 0.5, 0.5071646817690831, 0.5066916366353267, 0.5006422972947662, 0.5238164823481096, 0.5322449813783914, 0.5015008558294185, 0.5293879899282193, 0.5234715319193012, 0.5857219980295761, 1.0, 0.5009840014229388, 0.5131974208447996, 0.5523225906573923, 0.5021079608141268, 0.742694857501701, 0.9868703249574718, 0.5111468065493584, 0.5003873440112195, 0.6461865625059929, 0.5, 0.5233146195922718, 0.5027893465249101, 0.5037487851370801, 0.5035741020680109, 0.5159894447308109, 0.5036481253348624, 0.5114586184806836, 0.5216951301097807, 0.5110773151175136, 0.5018563151937903, 0.5247937612082683, 0.5073411791830997, 0.578762750332968, 0.5236550595330904, 0.5025370530805335, 0.5, 0.51233206712636, 0.512493984237453, 0.514396349305291, 0.5125064377741333, 0.5007118731912528, 0.5, 0.5093571102725755, 0.5022712869756482, 0.5493244778968543, 0.5031986342881773, 0.5478971067034402, 0.5196433002974614, 0.5158487962445879, 0.5635265080629328, 0.5012897699259395, 0.5, 0.5254916539836839, 0.5084015468047098, 0.5063830055282128, 0.5227251109829176, 0.551116811958706, 0.5037046165492576, 0.6573997567322275, 0.5002876982792596, 0.5740706588759721, 0.6601375606719515, 0.5221391015871524, 0.5548839842066721, 0.5, 0.5171665865212411, 0.5188474359223585, 0.5027506668081787, 0.5026721670896281, 0.6739217753950916, 0.5038818188133192, 0.6829823258247438, 0.5932648269624903, 0.505752899344327, 0.5001384286104931, 0.5070046139417588, 0.501593096782852, 0.64115892509904, 0.5, 0.5185723833898818, 0.5063426565065208, 0.5002396870087714, 0.504563973973489, 0.5003789964166192], [0.5933781572941839, 0.5, 0.5011329511475726, 0.5010177448710904, 0.50128848799102, 0.5, 0.5015576909102474, 0.5034872564404662, 0.6422832262394212, 0.5000878799566073, 0.5, 0.5, 0.5038353254969377, 0.5000252647037284, 0.5, 0.5008206280493663, 0.5142733560058794, 0.5006010955794022, 0.5009840014229388, 1.0, 0.5, 0.5002928167900211, 0.5200796819887301, 0.5001258101709429, 0.5003355122139386, 0.5039233299496496, 0.5, 0.5058235701916709, 0.5058127148419683, 0.5050200841190859, 0.5015460343193001, 0.5, 0.5, 0.5009848125906665, 0.5, 0.5081936466945361, 0.5287618316960104, 0.501027419328805, 0.501550899542818, 0.5, 0.5, 0.5106596076206515, 0.5004665935343204, 0.5, 0.5, 0.502079162690511, 0.5002578625319697, 0.5009513344547505, 0.5002455899417263, 0.5000042514394862, 0.5136989945503898, 0.5015163041212306, 0.5003672980454552, 0.500850624346799, 0.5001235405167287, 0.5, 0.500291385034352, 0.5140721489600806, 0.5024535776600263, 0.5024814721183428, 0.5, 0.5012178727261712, 0.5, 0.5001913740169772, 0.511384488174104, 0.5, 0.5018537260585841, 0.6422210662267832, 0.5, 0.5270168189041644, 0.5033611569121048, 0.5085465794974748, 0.5384718143656719, 0.5, 0.5005843813789213, 0.5496361231918655, 0.5016724389683899, 0.5, 0.5029712821670904, 0.5150451135772466, 0.5000696120208172, 0.5008045416443248, 0.7240639624536752, 0.5, 0.5046876132373951, 0.5000576220448516, 0.5, 0.5046481871785458, 0.5006177276267545, 0.5314025121717882, 0.5, 0.5019424556632441, 0.5], [0.5312037595141821, 0.5066526115793022, 0.501834346611042, 0.6076698516478771, 0.6058255512098988, 0.5015883571133393, 0.5186351258609847, 0.5, 0.5458353560336432, 0.7791790628727356, 0.7263787569133454, 0.5088985953254527, 0.6528406992971999, 0.5041532172032814, 0.5, 0.5114582575881916, 0.5, 0.9480659896635748, 0.5131974208447996, 0.5, 1.0, 0.506314732282227, 0.5005185071861651, 0.5092634660752389, 0.5053825738220739, 0.5004194296137483, 0.5, 0.554855291333004, 0.5021919672056868, 0.5986873566086732, 0.5001548860111256, 0.5635873962178466, 0.6029587720498153, 0.7766784443797943, 0.5230418775065646, 0.5106540858145483, 0.5428097903209537, 0.5701508261493897, 0.5185972773599539, 0.5120683731987135, 0.5210971614203932, 0.6434500504831008, 0.50035170649633, 0.5259534750005576, 0.5231510658999838, 0.516769913777114, 0.511202761643977, 0.5114499338922369, 0.513908058803564, 0.5026331599346149, 0.5, 0.5511054782773024, 0.5022104947309318, 0.6406320172558047, 0.5, 0.5013429448021671, 0.6886620450342651, 0.5400447989622834, 0.5, 0.5549713868909805, 0.5734405176880231, 0.5211737299884229, 0.7953025993277041, 0.5, 0.7407376178929324, 0.5252516344114904, 0.5382358555912066, 0.5873328548871157, 0.5226090129393385, 0.518146740192971, 0.5093264854954644, 0.5258884445395564, 0.5880571476313099, 0.5624768031074869, 0.5900987622980807, 0.5022740197851074, 0.5186604803220791, 0.628534527555479, 0.5877035510801522, 0.5301789227460871, 0.5338501510429225, 0.5389638514767645, 0.5291354185481614, 0.6091750901940772, 0.6017779437062726, 0.6199707061781445, 0.6071448274532003, 0.605009923499169, 0.6174891859466143, 0.6059657921931458, 0.6260144952455349, 0.6201126608462293, 0.5998199145395242], [0.505063131472318, 0.5015956298505886, 0.5169264563181004, 0.5020161641918393, 0.7787900663903855, 0.5, 0.5007615249558411, 0.5104775001659019, 0.5132248242823205, 0.5003020708497776, 0.6343643104781131, 0.5000156392552518, 0.5064620692137785, 0.5177362500433758, 0.5077221899421094, 0.5237379805488134, 0.5, 0.5099145933344722, 0.5523225906573923, 0.5002928167900211, 0.506314732282227, 1.0, 0.9917247359694217, 0.5261061338186916, 0.5460985438501054, 0.9115640156556679, 0.5, 0.522275780257487, 0.5, 0.5413469132575184, 0.9150883245451529, 0.5, 0.5, 0.6787975697898668, 0.5, 0.5020567463698138, 0.516764715394097, 0.6802015756199797, 0.5164666455426844, 0.5007834843017456, 0.5, 0.5111972515179706, 0.5112819597488538, 0.6187993568383787, 0.5, 0.5192428905058635, 0.509375682795312, 0.5575528237463206, 0.5060321787859056, 0.5001026606555325, 0.5, 0.5086576808993019, 0.5018018709537038, 0.5205402554449523, 0.502983166166074, 0.5, 0.5097583367034386, 0.5119191496618742, 0.5613949345376932, 0.500801537966669, 0.5683210618528127, 0.5019637701275417, 0.5037518802729073, 0.7807835805024101, 0.5073135933847, 0.7587842444194537, 0.7053109493303069, 0.5754294616551554, 0.5053309696128023, 0.5114064329624934, 0.5147026403842481, 0.5031258604789655, 0.6505802950195909, 0.5186865982153843, 0.5141112147159763, 0.5101421482710593, 0.5869242302139852, 0.5901510831742695, 0.6059254390442008, 0.5016628853765805, 0.5172392783962365, 0.707026866273642, 0.5, 0.6107667467189284, 0.5258676479765595, 0.5275869007020376, 0.5391190052510813, 0.523267296193954, 0.5417525107511714, 0.5322163474790221, 0.5250348783871093, 0.5306464816188754, 0.5142502699940747], [0.5046134208982133, 0.5009427483852115, 0.5192724097583907, 0.5024778468186148, 0.7873211989150999, 0.5074245865663765, 0.5074923122744535, 0.5124470501834463, 0.5068786802855529, 0.5024485839508821, 0.6339034862105124, 0.5003828093848375, 0.5051936150877601, 0.5004700152399145, 0.5078204221693444, 0.5058860948289016, 0.5, 0.5015703174966892, 0.5021079608141268, 0.5200796819887301, 0.5005185071861651, 0.9917247359694217, 1.0, 0.501426869756673, 0.5009863368356277, 0.9104440657671888, 0.5001766348691515, 0.5013798613194473, 0.5007357514445445, 0.5552654730305815, 0.9163666919987377, 0.5061000479618323, 0.5136632458507143, 0.6805950244011586, 0.5190090095865358, 0.5124013907887955, 0.5041346698522879, 0.6825925996446863, 0.5340465605166858, 0.5144583411370814, 0.5047082043740714, 0.5089001394758534, 0.5, 0.6206869479213686, 0.5000211581881808, 0.5048022742579297, 0.5, 0.5583301009533387, 0.5129734571958706, 0.5204631527020229, 0.5, 0.5010039254388888, 0.5000168852366522, 0.5144369054144475, 0.5, 0.5221159426882629, 0.5069679118480127, 0.5016873532743952, 0.5033590477079057, 0.5002921049676678, 0.5695550540869596, 0.5098121178053254, 0.5096303081851887, 0.7861702070974839, 0.5182613169321664, 0.7596022661813975, 0.7242376021902515, 0.5897725794573816, 0.5158344936139903, 0.520656216449902, 0.5116643288671232, 0.50418914304696, 0.6665575477494858, 0.5, 0.5027141886615151, 0.5065731175805006, 0.5837921435115255, 0.5891040392637598, 0.5980391658079989, 0.5024368068358467, 0.5187822762355543, 0.6731825233556923, 0.5132301573904816, 0.5907508543703309, 0.5065831915127365, 0.5042387631255989, 0.5034369773441345, 0.5, 0.5004345363400995, 0.5207352567746588, 0.5001924080232063, 0.5, 0.5], [0.6586441290734808, 0.5125558634274228, 0.5081762298475594, 0.5227535387674316, 0.5785012381881873, 0.5122409996529161, 0.5979820014517068, 0.6726180600345453, 0.580719767119668, 0.6370089051530662, 0.5665095590983955, 0.5719904574638057, 0.6455297996921063, 0.6481710753699021, 0.5, 0.5587082324579306, 0.5, 0.5700972874451989, 0.742694857501701, 0.5001258101709429, 0.5092634660752389, 0.5261061338186916, 0.501426869756673, 1.0, 0.7723118646995093, 0.5078233258202209, 0.8812082604307774, 0.8179963932567622, 0.6165945829874344, 0.6396392614189491, 0.5726385757840426, 0.5750875126598644, 0.5348553856853766, 0.5503742030226293, 0.5224565338082761, 0.5529189979618792, 0.5112402380442292, 0.527717755667246, 0.5202029705651753, 0.5766528540460985, 0.5251580429017391, 0.5727209428525497, 0.5001378798274752, 0.5916794504150612, 0.5002817923905648, 0.5, 0.539168137051268, 0.5066268945751018, 0.5249408360009719, 0.5063027789078385, 0.5074064169101019, 0.5036439840372894, 0.500322225098188, 0.5083592688314645, 0.520623413650593, 0.5, 0.5628273960610797, 0.5530297500968897, 0.5205399270945213, 0.500278727235411, 0.570639416360843, 0.5764047530507916, 0.5479136268925129, 0.5550943292596342, 0.6045890751899761, 0.5648066578479869, 0.5658818196619195, 0.5797038279644524, 0.5806623476052641, 0.6100088022830272, 0.6528821587129671, 0.5651544824126447, 0.5512403284064596, 0.5380506873030984, 0.5570188297681771, 0.5018357415225605, 0.5586049620450502, 0.5321569081922398, 0.624151157084081, 0.5349195247711468, 0.5898083212351328, 0.5428393857559229, 0.5446574394401724, 0.6331633829542624, 0.5813254775954424, 0.5161355724147987, 0.5785253167738953, 0.5806534541008388, 0.5134852866543418, 0.5048783832632316, 0.5028720667805502, 0.5256194677187302, 0.5800163775309208], [0.5660199038974549, 0.5100681407401925, 0.5027018662451508, 0.5, 0.5535175094252318, 0.5019295967679656, 0.5628249816264562, 0.6000984786735575, 0.5228775703615727, 0.5278081999230971, 0.5011152359756357, 0.5041652528816812, 0.560918267151373, 0.5316190541920851, 0.5, 0.5296517732318727, 0.5, 0.5852360584787266, 0.9868703249574718, 0.5003355122