"[[1.0, 0.030220395773830733, -0.0499987388283234, 0.06474987622270367, -0.39625205014332154, 0.014557040674800126, 0.042540575067814945, -0.001240008349290278, 0.08298040340834989, -0.19418496756946046, 0.28156065190481394, 0.07196912145169077, -0.1857248321733893, -0.04940390806420791, 0.0017841157937354968, -0.17842789931523706, -0.040151230121925785, -0.17981565517421605, 0.08024241512605235, 0.022806980020521395, -0.292749822700652, 0.008267749665165747, 0.023063806880793902, -0.00847162826218284, -0.026862867212287256, -0.00936415007124225, -0.008903795872163833, 0.001913635182384854, -0.0910890455203861, 0.06066011599992682, 0.06266248971581734, -0.2706691292440828, -0.19975331408415675, -0.3085079787870384, -0.05912530335412036, 0.06318681038555796, 0.01965160485236772, -0.20106195284493977, -0.004001310335130848, -0.28374069685684167, -0.004313218184074374, -0.10769872033389083, -0.0766647991442202, -0.17040891125525626, -0.007962968256268299, 0.0945213270832519, 0.12702591720806378, 0.021281376901536198, -0.12994993097413965, -0.23294651652672616, -0.14844086253710742, -0.09335494409643608, 0.174975519787134, -0.07500997078567329, -0.013684207271200455, -0.11643537198675435, 0.33164800313002885, -0.06001638493841743, -0.13568340250872657, 0.19222853575557075, -0.3123226617290795, 0.22929111756826082, 0.12270163806947654, -0.17722480581265265, -0.13797250211866174, -0.2840297203464013, -0.3817657837538575, -0.20440048923841547, -0.2661636011380417, -0.057393637797246155, -0.3021818526485014, -0.17830277886952017, -0.29858172464363, 0.01968395889259178, -0.15599235811749246, -0.14471731155744805, -0.005245656719645275, 0.08341662455764953, -0.23029620749760138, -0.054248860109918695, 0.20413107092268112, -0.0761043046251102, -0.21771119619522583, 0.08746048517509042, 0.021270201509245523, 0.07247444368672273, 0.015575665963368679, -0.11553943849738979, -0.005083130257698576, 0.012578739873931655, 0.18155656871926573, -0.2516302331690903, -0.0010227404540503748], [0.030220395773830733, 1.0, 0.15502648413326736, 0.23261001312371177, -0.08632627505736301, 0.2476502882068149, 0.0502514906708067, -0.05514801060394303, 0.26666409642641886, -0.2048902865837765, 0.022994725141624484, 0.14033432505729349, -0.189394037539393, -0.0520809539931939, -0.011666868157319987, 0.07426419954013908, -0.045033885486875036, -0.14332123371268168, -0.016670699324561333, -0.053579549159747275, -0.20642446275421467, -0.05724861703387041, 0.04583761190051472, -0.00995725252351054, 0.003312809764057567, -0.03327651008859078, 0.06357621268668179, 0.01734518564284404, -0.1123467400402931, 0.05175840592239278, 0.0509736559297147, -0.27099656150000095, -0.0025353461223749374, -0.2063419003880056, 0.0478912890753479, 0.22264365700499067, 0.34066509058030425, -0.07891206827941222, -0.11782268645725669, -0.2878138892202733, 0.082815511772792, -0.30014150143154716, 0.03159417061497405, -0.4040471437251023, -0.07838118671125893, -0.1401145597747151, -0.15562286824874816, 0.008047310813702024, 0.08219118993209829, 0.1239498007092662, -0.03475138299293623, -0.15178983827351478, 0.014248923631356658, 0.07008192968606863, -0.04537572634710796, -0.022356494336233768, -0.0469737194270583, -0.29454934439280644, -0.02592965147616111, 0.040642046440966584, 0.14002017559215907, -0.08236424935655795, 0.14000008246117546, -0.296376091665447, -0.17036436115330034, -0.2627371692767375, -0.196878790260143, -0.2536804695894128, -0.18501515265152535, -0.11708742911807835, -0.09193120468184945, -0.2711266770420717, -0.2489280040231454, 0.18797441436339613, -0.0008104151658769876, -0.27637259241464207, -0.08126232245324383, -0.0434472794389007, 0.16749211110831053, -0.033723998032312075, -0.05448665451496759, -0.2846019525796555, -0.09556471990062132, -0.099211983538668, 0.20142925026864478, -0.15323233940155712, -0.07176662485109131, -0.07470550389727415, -0.066673048852947, 0.013768132224205365, 0.22130629162510596, -0.05453379930701319, -0.24030615914067965], [-0.0499987388283234, 0.15502648413326736, 1.0, 0.13305613277247041, 0.6950228244907869, 0.31792766301652975, 0.5486920444691866, -0.05271076906510341, 0.7477092706986803, 0.5137783889309452, 0.1881148944597567, -0.09566045384393962, 0.6802705729247487, 0.024318599003424812, -0.17614579214658965, 0.7485919346292789, -0.09957697017425282, 0.7754309533828427, 0.2836442816910101, -0.23055920897463666, 0.5354870444994702, -0.11328152144755332, -0.12474590770509675, 0.07862510283533974, 0.14538963797532922, -0.1510572326153261, -0.1204494549975601, -0.06916286012732753, -0.28221619506206297, -0.10712583275101317, -0.2286235734907025, 0.4113063199198683, -0.08028524239788704, 0.3533034056770482, -0.146429627545684, -0.16746509214219207, -0.23009437645521258, -0.22112641873561278, -0.4446353053973344, 0.5479631470938995, -0.22363823353236567, 0.23323418955159214, -0.2309638957437936, 0.13172969322502937, -0.04617409901868408, -0.0717712725373243, 0.40393751469442074, -0.04093636945337864, -0.33017212786525585, -0.23487501686701773, 0.08436377521580041, 0.7056346658274214, 0.20160369640747777, -0.05123384367346229, -0.0940906826043999, -0.11285566512353906, -0.2605949025361576, -0.2868748655426894, 0.04285154124029167, -0.35400605137952224, -0.12415897305420076, -0.22440032484617523, -0.013682633511763909, 0.42034725196275646, 0.6689525934206945, 0.14797252530926197, 0.479576744895156, -0.10072452601513038, 0.33512604131569224, -0.15793165764000916, 0.48843774255372496, 0.296169353370914, 0.052109863526627165, -0.3292638819500737, 0.22110539379853034, -0.19916268357446865, -0.22637479619489365, 0.28472932107371074, 0.07569495883058097, 0.09226405818013472, -0.04439463153264844, 0.39441117453303465, 0.5755832497953818, 0.05390559027296682, 0.37068047280387795, 0.22155699318539046, 0.36650291337985463, -0.08868476621675536, -0.0765814997584986, -0.15267607563495034, 0.054725634979779225, 0.21272642467712366, 0.2154610237994684], [0.06474987622270367, 0.23261001312371177, 0.13305613277247041, 1.0, -0.13534501182906888, 0.3188479003952387, -0.16138071578396662, 0.10146664436835962, 0.2143245874533659, 0.11898059545827477, -0.028637954247967556, -0.15014273146690105, -0.008043473683077673, 0.055865396620234264, -0.006194373363119343, -0.23362682465370588, -0.08891826605255115, -0.09121737570782185, 0.15659348831015385, -0.08159697530578414, 0.05589208602022622, 0.011338966710237597, -0.08923810737375826, -0.07945666409898622, -0.13952448813647678, 0.0009018792236394901, -0.14713031090779527, 0.011902231396970442, -0.22173069505182696, -0.05063640686119375, -0.1676564556161324, 0.02048229626219089, 0.31058271830522854, 0.058479261595043464, 0.3742823674765636, 0.37646022037642424, 0.2557650112342502, 0.25251133558020267, 0.16669641834510995, -0.18095190814451856, 0.50711458698677, 0.2027510977728626, 0.1664108239003389, -0.09068370611154708, 0.42972876275760363, -0.1153366307978152, 0.13483737441153387, -0.19439406836496076, 0.397090276587597, 0.18154699594937118, -0.019517899308983955, -0.07310403047294112, -0.38928836361915176, -0.05039071949111529, -0.11579829404193998, -0.22565580804921037, -0.30510999291422225, -0.11935047814251964, -0.2145410270093424, 0.1198252493037627, -0.017061796707803056, 0.3616152077030319, 0.32371795663354597, -0.008098759562484625, -0.14902662435805203, 0.04316965173323006, 0.18491585877487626, -0.39728840815066846, -0.058166873409661646, 0.07227470100927769, -0.0052521975711719016, 0.00902373263492473, -0.19875301643369458, -0.023485145624194903, 0.11722177260770494, -0.2900991404928446, -0.23890698607797556, 0.1155798151023465, 0.38079240970705386, -0.3225145252699735, 0.3327204355661776, 0.08986877793266534, -0.07044923914236367, -0.06067016422999849, 0.02060286579511028, 0.25424425411964025, -0.061001372669952314, -0.027488565933042608, -0.18123110106257112, -0.009317224637308552, 0.0328607682208758, 0.20320707291579387, -0.017326352067670525], [-0.39625205014332154, -0.08632627505736301, 0.6950228244907869, -0.13534501182906888, 1.0, -0.05081721440390541, 0.49902904641794776, -0.0615867276603177, 0.5933021191933439, 0.7317739404029299, 0.028014340579577635, -0.03546626289183319, 0.7949273911503039, 0.07841171335353458, -0.13278748026225795, 0.6932325816188367, -0.06173160361615637, 0.8699301651157125, 0.12807197196510234, -0.08524211811942539, 0.7189585951699543, -0.040527180051971534, -0.08489218081096261, 0.020078029499203343, -0.004702431430131604, -0.0824039408171311, -0.039608576334591694, -0.16816684760796252, -0.23815451645664387, -0.10743832333360692, 0.10186412566097203, 0.5677572675183107, 0.051126739662281206, 0.5687674222139191, -0.14465018767843185, -0.2810162718911551, -0.34191719871001247, -0.03349285313678463, -0.31213533029093066, 0.6340271061926306, -0.2820605060619157, 0.32026408990282684, -0.20994202266204298, 0.23786806809973138, -0.22137396249940933, -0.20077314673176372, 0.2591086722204955, -0.2514952565850337, -0.3178230805065312, -0.1590654528919504, 0.29893880287291696, 0.750080466727208, 0.24347656975364718, 0.10119226316034047, -0.010981180335174257, -0.11333021550929501, -0.3624792155959615, -0.08949929797746403, 0.002879646865338925, -0.4001223087182191, 0.16913738948930246, -0.2174768594244616, -0.16205370646769612, 0.566715784315611, 0.7685405756432678, 0.4252818298228431, 0.7094498741117543, 0.15545474160114248, 0.5125669836335849, -0.2460313342962317, 0.5719244933029504, 0.37773629475262194, 0.29535883475691516, -0.47390112147424013, 0.3429752745087611, -0.019479761921771477, -0.22903326427341697, 0.2312222999879221, 0.2338959047005258, 0.2259691414455598, -0.11667570343035316, 0.42222133727575495, 0.646326285460367, 0.1325786024912532, 0.019518033957800496, 0.1689809307544664, 0.17040016656256995, -0.10277828632052843, -0.10159262180041706, -0.10864468408755612, -0.03535647140482423, 0.36817084961625945, 0.38428809616537807], [0.014557040674800126, 0.2476502882068149, 0.31792766301652975, 0.3188479003952387, -0.05081721440390541, 1.0, 0.09090106619330507, -0.09249515936836139, 0.12022361205745391, -0.03593820875575027, 0.4248822285444689, -0.1513723396602149, 0.027486798692508474, -0.21317828053938004, -0.02075298622364352, 0.09267983454480844, -0.06287245850724998, 0.12348000935896786, -0.13130518331095287, 0.03686342690617761, 0.01389246672334643, 0.039721214491637014, -0.0035806683257149086, -0.18555196440721744, 0.024224264915148064, 0.0479661286582741, -0.029823268283570625, -0.006525509073685765, 0.22087102521033763, -0.029108199182925176, -0.3790716074732121, 0.04239954491855569, 0.057211538291024544, -0.22301632218473522, -0.07799497836248559, 0.229216068326336, 0.15610366051894342, -0.14519134464445327, -0.16434336265747995, -0.06727225913980739, 0.023156857703021005, -0.06245289251404951, -0.07273442345792946, -0.0816014426035645, -0.016861836012406872, -0.012497938978961676, 0.27105853101687916, -0.10635899080155875, 0.009098395160955897, -0.007468037199464872, -0.04037930204026208, 0.062011853372208825, -0.09867403452816603, -0.014785121375154198, -0.04758844162081721, -0.17034064690755768, 0.022709766225438188, -0.2254999810233702, -0.10274940317924197, 0.11062936971028181, -0.15378621841522233, -0.07359627544483027, 0.628166946897579, -0.10490484494638785, 0.05005280727601269, -0.20255539352950613, -0.09733902364022406, -0.1768416219524256, -0.3890773873673994, 0.16443500773653275, -0.10411805803322749, -0.05647471012416738, -0.19409652505102337, 0.014863939747226218, -0.11742585020705909, -0.1358340346907747, 0.13199361560724, 0.2310123878956385, -0.12770626031383414, 0.08019310274739033, -0.11286880407778388, 0.03265043808267187, 0.1096231655182418, -0.11052451729130852, 0.05179397748838788, -0.031907319986030025, -0.03787813745032409, -0.0038439404500567598, -0.016577541767474946, 0.026787875510628112, 0.07427592433178976, -0.18349890987255568, -0.0615698553714048], [0.042540575067814945, 0.0502514906708067, 0.5486920444691866, -0.16138071578396662, 0.49902904641794776, 0.09090106619330507, 1.0, 0.21360160112873228, 0.5619221844039989, 0.3661896073584714, 0.23602403517241055, -0.13162634186491684, 0.5331618694187594, 0.08764745501886417, -0.04179436666870018, 0.532996929817836, -0.19445315222620563, 0.6465641732131855, 0.010334851085566754, 0.05645143703634248, 0.1327481597754866, -0.14155830172722994, 0.07494828931990383, -0.011001732473434167, -0.020937703046047584, -0.02726037259410008, -0.11209445966586573, -0.09375265712733283, -0.27623851686315004, -0.06978942484089057, 0.06839220076517916, 0.4492974596823498, -0.06201610894558174, 0.4591410369876441, -0.05656897819417028, 0.07868320644439142, 0.11681545270350469, 0.01981185333828306, -0.376748319646935, 0.5546697962561635, -0.2237514273303105, 0.24995007232887334, -0.030106685587468984, 0.25284755241374746, -0.28825979563848625, 0.14437102686528136, 0.15064115019523405, 0.020525796684709774, -0.3375799141729785, -0.1451706689033072, -0.3594872332923482, 0.3875196222410191, 0.2047087177913789, 0.027147831182113058, -0.18463716113316453, 0.1090926647381123, 0.07616716773127297, -0.33416297927216676, -0.0974672472653293, -0.5249997409412166, -0.3826790274656504, -0.41244248658287996, 0.20126756523382183, 0.6026890122091497, 0.5708930857907353, 0.33555313790141794, 0.435384738359859, 0.0610024711833651, 0.6591005861845951, 0.2202922007744551, 0.5816891808774165, 0.35329337635972946, 0.20925055869470943, -0.16520962290072005, 0.3752160590686823, -0.038318214729821554, 0.12220133145233736, 0.256386972487462, 0.22604530632496433, 0.7487138244985392, -0.02795431012549887, -0.0030921967773924752, 0.24577268531729413, 0.2767055393711153, 0.19273353284499883, -0.032799036479039145, -0.04540622512966519, -0.07060394950363724, -0.19084248102074497, -0.2704219673048187, 0.10235335831452852, 0.08561195101789543, -0.0897478431738401], [-0.001240008349290278, -0.05514801060394303, -0.05271076906510341, 0.10146664436835962, -0.0615867276603177, -0.09249515936836139, 0.21360160112873228, 1.0, -0.1197266239027972, 0.10628164764984327, 0.18015566654096582, 0.07144452554398661, -0.034911778157238116, 0.45435846063992547, -0.007098549648684616, -0.13370684541542, 0.006969416860448718, -0.04052624265432514, -0.08328529764167825, 0.02577245409137008, -0.03712220260445109, 0.005997613192719298, 0.015721351176354537, -0.02128884088242189, -0.020432687108188352, 0.04989375779737237, 0.012572903703009009, 0.03982771554148756, 0.026515075707300606, -0.020710674245986826, -0.058418860923247884, -0.015344979237559286, -0.10493591035382388, -0.09327756389454489, -0.03988427868270805, -0.06981311905012677, 0.044849306251697696, -0.1081953608263031, -0.15910080310707353, -0.03730878010432703, -0.15794803025099724, -0.02942187635692184, -0.0882646401769891, -0.2157252646772243, -0.14543523405221181, -0.2198730243899012, -0.18828157732158535, -0.009638138648741412, -0.0944391029017202, -0.0037620531357853704, -0.07701489004057605, -0.06295196609686715, -0.13732727697000513, -0.11770230687899574, -0.027151467264297402, -0.07857651423416456, -0.0686938101287522, -0.008677028108142748, -0.10953888850006432, -0.20830565385256672, -0.08805466684675478, 0.018822526417486274, 0.1299346745090023, 0.04302365344636372, -0.11949869735173557, 0.1590423678130578, 0.09806173953789243, -0.13028251200268315, 0.26217538570683874, 0.5901552726220595, -0.06014460811530675, -0.05048568287031441, -0.0235923549860515, 0.13808664267525528, 0.18941743611743778, -0.19726291065641122, -0.05560100713010363, -0.32600007802755204, 0.1376237223855612, 0.16923357113744264, 0.10018747038112974, -0.13584678583941456, -0.0740579999163744, -0.1720608309041063, 0.2148423227090025, -0.4070689549589863, -0.044394963301787715, -0.026972503007581805, -0.030920330419879072, -0.079420705263759, -0.12575634217366294, -0.26993737864850864, 0.032619809010422496], [0.08298040340834989, 0.26666409642641886, 0.7477092706986803, 0.2143245874533659, 0.5933021191933439, 0.12022361205745391, 0.5619221844039989, -0.1197266239027972, 1.0, 0.5755291471432383, 0.025142091076253203, 0.06705482084813408, 0.691689106740772, 0.00681787379736809, -0.14124556955919632, 0.6781515892765607, -0.0914663792787267, 0.6886515431811183, 0.22936468987764846, -0.10594254992753638, 0.3164528529288074, -0.008301578124790376, -0.15101618135041095, -0.14312880359433766, -0.09322313982103125, -0.14392877820241923, -0.0918490863375876, -0.14415738418210733, -0.5344570759250189, -0.29191611060909617, -0.1743761102378305, 0.4431670676702353, -0.011636340062005202, 0.47189940122918594, 0.03163236753596255, -0.17559355465521742, -0.07513479222778452, -0.005099578056460441, -0.3372736408437427, 0.4274637873978613, -0.1177320937436328, 0.39599283389494766, 0.012197764890416574, 0.24880752125800654, -0.06928823687511665, -0.08461290802521249, 0.3918666406472707, -0.09742239313959988, -0.20046974966987752, 0.037821777743030194, 0.004573484851618459, 0.6302180758959708, 0.28826277160725444, -0.047366335765442136, -0.06718984640549053, -0.0959407907559715, -0.2867279344233802, -0.42462013538249255, -0.04324969191769834, -0.3150712547392194, -0.2204332897438952, -0.18891247075257844, -0.12720340390923424, 0.5351305144236542, 0.6848360129507728, 0.367724294163454, 0.5397320865925854, 0.06428819683436804, 0.47538100497937474, -0.0932570735208742, 0.6136836209205262, 0.5389391914917362, 0.24584193736264282, -0.15520522026302164, 0.5223655405023931, 0.013863058057186683, -0.05626324031407837, 0.5017913215717131, 0.42232542784290983, 0.1641315148839212, 0.1255824969322059, 0.33545460031126817, 0.40894547421784977, 0.12439068627280181, 0.022715240717620766, 0.33837438906131023, 0.10657265158754992, -0.11202236328116677, -0.14631732428600897, -0.13356623858498073, 0.15690756362334524, 0.4476904907417836, 0.1177854324096933], [-0.19418496756946046, -0.2048902865837765, 0.5137783889309452, 0.11898059545827477, 0.7317739404029299, -0.03593820875575027, 0.3661896073584714, 0.10628164764984327, 0.5755291471432383, 1.0, 0.0033195901748915846, 0.13101846047474264, 0.8319849557216127, 0.13734512352622175, -0.09922791352291438, 0.40046519130441427, -0.07112850867810727, 0.7658686180381382, 0.1807242360233251, -0.13899076948749656, 0.5821574371938583, -0.10954490575403719, -0.09541150580263169, 0.0604808760584854, -0.11307758044507765, -0.0959983123385253, -0.018933123827258314, -0.1841300976480389, -0.047842362359265866, -0.1343574655131221, -0.011511265147492677, 0.44443477107659035, 0.047240673974930036, 0.5093241113024846, -0.10249737668456116, -0.31888077681188465, -0.42670604113122224, 0.018395998237717315, -0.23140615746929916, 0.3232579617019974, -0.16656678524230428, 0.3905605269061292, -0.06378905822710901, 0.21666077509186465, -0.13619282679689015, -0.2644512069759626, 0.3469790093087439, -0.26995138251899764, -0.21087597168006345, -0.032568702016607665, 0.19003668842614396, 0.553172332585503, 0.0850586977241986, -0.215969535670689, -0.16574225661890485, -0.3028528792854732, -0.45814082018745217, -0.36125890746939904, -0.31714764844983656, -0.3472059311815572, -0.05699071899664321, -0.16186846743186378, -0.06164429211639599, 0.7088203443771228, 0.7495622265502755, 0.611847610242875, 0.8338951030451949, 0.17204673682225713, 0.5157391122091376, 0.1431205590331227, 0.6327441171488678, 0.6370161872707507, 0.4454029594794544, -0.11495111291507709, 0.6349253167404416, 0.14365453599369116, 0.11735783351136075, 0.49776600773643376, 0.46190605680810704, 0.11708124005086185, 0.1421924564632313, 0.6211113521329357, 0.5656711062529108, 0.1442312396745694, -0.24758248678926975, 0.3527109227525743, 0.055658655449215, -0.2053300051620568, -0.13267929179000726, -0.07411900181961473, 0.01464015028713328, 0.5218601506990849, 0.4408267787214527], [0.28156065190481394, 0.022994725141624484, 0.1881148944597567, -0.028637954247967556, 0.028014340579577635, 0.4248822285444689, 0.23602403517241055, 0.18015566654096582, 0.025142091076253203, 0.0033195901748915846, 1.0, 0.1431467436408288, -0.054947426218049156, -0.4184541713082035, -0.02859193378943825, 0.1755304182891465, -0.030783165911273835, 0.07437103460193228, 0.1611366124387038, -0.03310481253070763, -0.03351555443375154, 0.019388813831446194, -0.036831837554514024, -0.058685640373619785, -0.0616114576018969, 0.01398851534015133, -0.009283164249963782, -0.049154941255720175, 0.08782684291270293, -0.019879187717887215, 0.09141662153523034, 0.13369032545393855, 0.11667647814795767, -0.10298223566006648, -0.08285228329099326, 0.12800817366739148, 0.015735636786332607, -0.09377564042045416, -0.0006373299431436941, 0.08721067793010862, -0.08709974304393864, 0.09759901451664732, -0.05991992573248295, -0.011085080983451512, -0.12459312454573546, 0.007884654754333309, 0.42339934284416136, 0.0702284072034488, -0.05674819459802061, -0.16264049914589007, -0.10722558947508776, 0.16596757180348842, -0.11221375312943782, 0.19026260428465602, -0.03975222751156138, -0.29569986763647726, 0.0371064999398103, -0.03442545018873755, 0.0791210692026324, -0.08834184801455303, -0.019078827508008045, -0.22671209635627165, 0.18483947728751438, -0.1167532661284072, 0.04225140920509218, -0.07974939295772332, -0.039743262954072156, -0.06383800615319157, -0.19872371916611042, 0.190865480966262, -0.01604579162743036, 0.0300028171464507, -0.09849027556833945, -0.16088075299370908, -0.054203370666103146, -0.06308177298969464, 0.12391446347502888, 0.1239539796577338, -0.2993510462367055, 0.1748698255759512, 0.07405848577380081, -0.09143985190284121, -0.13222943260981013, -0.3190535634595004, 0.14960411781893546, -0.371863381569449, -0.16841846510528669, -0.021595713611663347, -0.05736473620930149, -0.0664499092547044, -0.4185202573214748, -0.43131704886486233, -0.117868052187166], [0.07196912145169077, 0.14033432505729349, -0.09566045384393962, -0.15014273146690105, -0.03546626289183319, -0.1513723396602149, -0.13162634186491684, 0.07144452554398661, 0.06705482084813408, 0.13101846047474264, 0.1431467436408288, 1.0, -0.08693370546236978, -0.19472466685209433, 0.0072759596452820485, 0.11033431349327871, -0.014608065191951791, -0.022212001252671865, 0.04933851350063656, 0.0012715689833103783, 0.054260781018129145, -0.02164296935150567, 0.020281807123295192, -0.047636660799533104, -0.020672850336718174, 0.054468162365211126, -0.004593379795620578, 0.007713327703602113, 0.10275480944411974, 0.031197758558452304, -0.09965433063972728, -0.16221689257474603, 0.03954811065538577, -0.18123842314619787, -0.004795578110379006, -0.03496676216743322, 0.018984246702802854, -0.10505610134831089, -0.009141979376336984, -0.14366852837029787, -0.0729423379201124, -0.00762184307690883, 0.10714731788618725, -0.03819621054197997, -0.02094941557397867, -0.16203084749397068, 0.1372978400078244, -0.029116461502996627, -0.16287760600248946, -0.08175354736696439, 0.08786511423147836, -0.018070529830354953, -0.144288654203113, -0.05196362252104825, -0.035301907661306364, -0.04546254895676749, 0.02476884867103679, -0.13326016749337022, -0.0808089254276485, 0.12287024452827966, -0.009281881254634916, 0.05532893896168978, -0.24036609847958434, -0.15467497745315484, -0.08194476620881286, -0.19475826021818232, -0.07894266715117926, -0.1621968540524501, -0.1512091878385584, 0.07041620938914983, -0.15467933577078963, 0.0750884316851006, -0.17418972434971813, -0.0682732624662934, -0.024361327462992577, -0.13728181184855592, 0.03455274831035782, -0.08093580028365044, -0.18242032814946674, 0.011053646439744602, -0.21662621227425527, 0.3344712934903644, 0.15258563702622419, 0.1180394606862335, -0.15018787496423025, -0.22570730440956588, -0.10224808261072149, 0.07120569467702531, -0.021819815828796996, 0.009630934291981363, 0.11274062692107545, -0.013629346971662182, -0.11996932052541531], [-0.1857248321733893, -0.189394037539393, 0.6802705729247487, -0.008043473683077673, 0.7949273911503039, 0.027486798692508474, 0.5331618694187594, -0.034911778157238116, 0.691689106740772, 0.8319849557216127, -0.054947426218049156, -0.08693370546236978, 1.0, 0.11574937082183501, -0.2359790170921332, 0.6521168597979855, 0.00558221750382637, 0.9128338856486948, 0.021599321516157843, -0.2689826115667795, 0.6303413441595141, -0.08610613523326371, -0.1870558346000335, -0.05116670314193894, -0.0630320087678089, -0.1335957434559054, -0.2573809560049445, -0.1922348940790901, -0.24154478386697953, -0.1143207165509541, -0.02289240385134117, 0.6546063709552421, 0.024104082119392634, 0.6984765218543875, -0.09744506372458295, -0.2705287938316421, -0.3055064997815937, 0.038632458276334325, -0.3161220837677199, 0.5952390808060849, -0.19329001088680098, 0.46661417711275743, -0.07709620149214036, 0.4041080017253529, -0.19335474848497158, -0.06638968189709815, 0.3945358323913355, -0.16166666748653458, -0.2382931066008529, -0.08039403649607535, 0.08038387561301663, 0.7210333349898356, 0.22846486844388425, -0.08584970944397852, -0.05111697788410807, -0.11444974272741293, -0.2989409713398594, -0.3176056211233047, -0.2517713740665901, -0.42744196972817416, -0.09925703543796671, -0.21474182142075993, -0.032039164237405826, 0.8076044437151664, 0.8927229896918504, 0.6260420589398772, 0.7288221611641312, 0.3188621605801607, 0.6379248976861861, 0.030371661739012845, 0.7085657733882854, 0.6312614064093618, 0.550574754847097, -0.15750130505779314, 0.6177340519368041, 0.20252826204355534, 0.06709979780265951, 0.5280540250266513, 0.41743945325687837, 0.26548045637826245, 0.06754191744986038, 0.5388788810237075, 0.5747447387018498, 0.24080026328950033, -0.18248410281738292, 0.4406211643889899, 0.105450799624349, -0.18492649680816053, 0.022409231451201883, -0.09377828437742664, 0.13731283656878435, 0.5582362135968301, 0.4960347193418164], [-0.04940390806420791, -0.0520809539931939, 0.024318599003424812, 0.055865396620234264, 0.07841171335353458, -0.21317828053938004, 0.08764745501886417, 0.45435846063992547, 0.00681787379736809, 0.13734512352622175, -0.4184541713082035, -0.19472466685209433, 0.11574937082183501, 1.0, -0.02290858579422017, -0.07652661726834253, 0.011908272365277472, 0.025655157332455603, -0.04019292490030635, 0.03422682515953179, -0.029790458463812675, 0.040020504464683415, 0.004224704897683007, -0.05302734288192945, 0.022229194126039076, 0.053283170822147397, -0.047852280035913575, -0.03177111769506191, 0.09646712726279527, 0.04300246720747336, 0.11762669575601736, -0.06204861118286531, -0.09126878682333639, 0.007438736717043759, 0.1257309358531461, -0.1347408654375184, -0.0021406888241428668, -0.001210927558368935, -0.05870065908350819, -0.042379971836164154, -0.045740038976142205, -0.09852970901550373, -0.043461736409613705, -0.23234834924927972, 0.23765413186335327, -0.14472077004198924, -0.2577179248856827, -0.05797513548875166, -0.17657567351082948, 0.23227191619071696, 0.21537487080293038, -0.12026896792416686, 0.43614940841090233, -0.18730975629680602, -0.06509804730681346, -0.10635381636062569, -0.10521226175722798, -0.08636035391734165, -0.06500079516475399, -0.22428259637140657, -0.27927413371138066, -0.028241800719416954, 0.05642772815502961, 0.21805067699621772, 0.00882693703215931, 0.1285097568877911, 0.08429211946793136, 0.06543491910487353, 0.3297736205013694, 0.03065127836728565, 0.07933448545363975, 0.015693928866425733, -0.03876076568471154, 0.10833748986909186, 0.14466452901563787, -0.28816598219877587, -0.1466497131631197, -0.13053404237335298, 0.3362956367716099, -0.05653261825635569, -0.21303694528635808, 0.028586607217260696, 0.05443353470620205, -0.09979002817206384, -0.03123034358555099, -0.15568269171694404, 0.07641175888269947, -0.1194489226244757, 0.0023905872027807362, -0.009796635849268487, 0.023992646925734884, 0.020879352785881045, -0.03994513052115489], [0.0017841157937354968, -0.011666868157319987, -0.17614579214658965, -0.006194373363119343, -0.13278748026225795, -0.02075298622364352, -0.04179436666870018, -0.007098549648684616, -0.14124556955919632, -0.09922791352291438, -0.02859193378943825, 0.0072759596452820485, -0.2359790170921332, -0.02290858579422017, 1.0, -0.15194350868928264, -0.011170779297124511, -0.1568422320669709, 0.033382540657150184, 0.044251681417051936, -0.1688332698193975, -0.012319514013927613, 0.016806971389771053, -0.02030848435902577, -0.020391774955990316, 0.0036029318843642244, 0.033840541521298784, 0.015390518386944607, 0.0196637692293381, -0.0056225384742831785, -0.02915705523145462, -0.19031802012990173, -0.15506913397325994, -0.27622126220917065, -0.16941770503263598, -0.016795545432108705, -0.06264643027722983, -0.1603617973544713, -0.15337791406981482, -0.16050291666876548, -0.09454718006374319, -0.1755071189252546, -0.10511442094708379, -0.1322007037433608, -0.03365560781911148, 0.08164479328462204, -0.12127703789979072, 0.028279517464691928, -0.09269383869473247, -0.14729523314538273, -0.016888027206480194, -0.1657705754378258, -0.05178264103228414, -0.07070050906630465, -0.026279600110709955, -0.04908237638860724, 0.08978629082361134, -0.0432834802299642, -0.008016224771230762, -0.026915731789519448, -0.0478666307994573, -0.08788467435028391, 0.026959291218867087, -0.12436231986257518, -0.21924860912222477, -0.18657501416731992, -0.12087844238801004, -0.2151218798268264, -0.15490420131409444, -0.06510217169100585, -0.17755980127276727, -0.21039314940883758, -0.21148921509172225, -0.03297828839384764, -0.21402343943401037, -0.0939711189677166, 0.035614799256653784, -0.1831663484649073, -0.15347380050890402, 0.010011866035776862, 0.0014889418255997766, -0.06822724766290311, -0.056125159249616585, 0.05760510758635773, 0.10405166353160211, -0.08788295167222504, -0.013442421856913134, -0.028546834322392467, -0.015244823375806016, -0.04778374464570612, 0.011062114310412596, -0.15970843983617988, -0.04948960772513966], [-0.17842789931523706, 0.07426419954013908, 0.7485919346292789, -0.23362682465370588, 0.6932325816188367, 0.09267983454480844, 0.532996929817836, -0.13370684541542, 0.6781515892765607, 0.40046519130441427, 0.1755304182891465, 0.11033431349327871, 0.6521168597979855, -0.07652661726834253, -0.15194350868928264, 1.0, 0.04230013695818924, 0.7150503859482243, 0.22227233794440293, -0.17616008107547532, 0.37927203209366434, -0.06613100232622737, -0.16778420914747305, -0.05021767799843979, 0.22667341221638837, -0.2075479517439358, -0.2899305097679745, -0.16365370861601103, -0.3575520349721848, -0.25252354040865566, -0.027601299658752465, 0.5302330227822364, 0.04542639790063929, 0.5446430038615389, -0.04394010823364303, -0.31400402229716673, -0.14437681096409927, -0.12568690906279967, -0.2999584728332205, 0.6327022804815857, -0.21862139171290518, 0.30657373478850314, -0.010094064253522106, 0.36320469241134545, -0.24910304642112613, -0.1679960969472567, 0.3634193339167824, -0.15412958074605476, -0.22789813653113877, -0.03682633751912201, -0.04463829543348696, 0.7136750660713744, 0.28067575810085943, 0.16523842892000062, 0.013887303517732374, 0.02814286312620562, -0.23047463591726225, -0.1943593032086781, 0.22081726059519446, -0.4266518630099223, -0.1333319132267068, -0.28712358218247047, -0.1638410165104358, 0.42206645573375157, 0.7314506468451091, 0.3317521800826082, 0.3857909027965175, 0.2711763637983975, 0.4415965675228293, -0.1946136865212016, 0.5199388409021266, 0.43178823526411714, 0.341564174417338, -0.2516298589603536, 0.33922028217078903, 0.10812639693487613, -0.062238979483206114, 0.29790206344674897, 0.06623253420434927, 0.189500065288713, -0.21211593093799586, 0.35133910758343634, 0.3897597947103546, -0.09586547837967929, 0.13807997223440316, 0.04369720123751364, 0.34714649129360775, 0.00784201916731353, 0.0773081499015289, -0.055507823791103306, -0.10258171042728281, 0.19365208987118532, 0.08369979069196987], [-0.040151230121925785, -0.045033885486875036, -0.09957697017425282, -0.08891826605255115, -0.06173160361615637, -0.06287245850724998, -0.19445315222620563, 0.006969416860448718, -0.0914663792787267, -0.07112850867810727, -0.030783165911273835, -0.014608065191951791, 0.00558221750382637, 0.011908272365277472, -0.011170779297124511, 0.04230013695818924, 1.0, -0.10042410507663058, -7.912614489846703e-05, -0.0006460358583098014, -0.09951472332762146, 0.006813558626993399, -0.016512131364027294, -0.006839465646229392, -0.028224306814172984, -0.01615176917364769, -0.019860908034437186, -0.02233526047502088, -0.0210901454738206, -0.014511023658972277, -0.00630286696133231, -0.14741352492479542, -0.1729559828503986, -0.05977943634051752, -0.09134278355776271, -0.09503785675969878, -0.07728478100315317, -0.08700869886988793, -0.08724940189253849, -0.1245178032932146, -0.07505152752795619, -0.23404715109039032, -0.10428201287280103, -0.03180194009716453, -0.031581970951440885, -0.0998451909311493, -0.045367581115210553, -0.03436895926433081, -0.08006895779509993, -0.09333642531262565, -0.048253305396623425, -0.1118914203545689, -0.02365957027060861, -0.0016728914295420783, 0.01906577074194271, -0.0320282075759073, -0.06890552827662866, -0.008786452289802238, 0.012299645027112338, -0.08689002080610297, 0.003253137581382015, -0.00517946137130898, -0.0890946571239668, -0.17086102614108922, -0.07959462349488211, -0.0949556470122328, -0.11304771859271368, 0.08512748072227816, -0.1732878868523131, -0.07384226338263944, -0.08910142032446333, -0.01925849819449188, 0.05755793765909034, -0.0057658773777509165, -0.12542930315741607, -0.06179613946242268, -0.03128521215084956, -0.15645818060889516, -0.04819561767353564, -0.12000253654352622, -0.03733101969312669, -0.01715136943154283, -0.18248773748707414, -0.12192320735040285, -0.0440459429073774, -0.062027797904989024, 0.006760188913528142, -0.038997394713641276, 0.04634087746499482, -0.005438471742509998, -0.04982227458618427, -0.1365831365733201, -0.01669659282671554], [-0.17981565517421605, -0.14332123371268168, 0.7754309533828427, -0.09121737570782185, 0.8699301651157125, 0.12348000935896786, 0.6465641732131855, -0.04052624265432514, 0.6886515431811183, 0.7658686180381382, 0.07437103460193228, -0.022212001252671865, 0.9128338856486948, 0.025655157332455603, -0.1568422320669709, 0.7150503859482243, -0.10042410507663058, 1.0, 0.012490985576312452, -0.20317208650742624, 0.6601910273065683, -0.12453065561143717, -0.1502791388841831, -0.01592293761100505, 0.00603661631694985, -0.14767109967157843, -0.11933693211903873, -0.0601836448855777, -0.21062820473583188, -0.16457825826991113, -0.05701028084358373, 0.6509894054062679, 0.04322623780878865, 0.6193721937564468, -0.13187928924011505, -0.1718371569077588, -0.25132819568787923, -0.03114350763935736, -0.3638685740768737, 0.696347657621593, -0.24499529775104856, 0.4098253029900101, -0.13419981006709736, 0.37206463215806695, -0.2269968952387753, -0.020039220843104832, 0.4129736442110883, -0.19964983427394878, -0.33819843650714754, -0.21734189406075943, 0.08555270973494844, 0.7819613304858093, 0.24765385056368172, 0.032385810675004456, -0.06572503129470308, -0.04472624151539906, -0.18723866803061662, -0.2488632211387083, -0.1856592209221084, -0.42708961281375557, -0.09363858952781445, -0.2183499594697791, 0.07210880222906824, 0.694721779641824, 0.8681487859549211, 0.44134969569027516, 0.6621624257435247, 0.15059026911208195, 0.5615151720527078, -0.06342499883309927, 0.6103081849502408, 0.47709904407286274, 0.3344601340891664, -0.4121376127302365, 0.42776466768836574, 0.016423770068152765, -0.1043079635935571, 0.3635611139962467, 0.23034685946349587, 0.4110216328305103, -0.0610188494431505, 0.5057766819782212, 0.6485719312277365, 0.29691506406916246, -0.07863518589455976, 0.2673422567063771, 0.1002081751199344, -0.16918567239042637, -0.01928353266542393, -0.14524541649090228, 0.12676140115374324, 0.3714556518085985, 0.42162681958383996], [0.08024241512605235, -0.016670699324561333, 0.2836442816910101, 0.15659348831015385, 0.12807197196510234, -0.13130518331095287, 0.010334851085566754, -0.08328529764167825, 0.22936468987764846, 0.1807242360233251, 0.1611366124387038, 0.04933851350063656, 0.021599321516157843, -0.04019292490030635, 0.033382540657150184, 0.22227233794440293, -7.912614489846703e-05, 0.012490985576312452, 1.0, -0.01333955342371751, -0.09845275407785081, 0.04267884656057386, 0.021058562568530226, 0.07030525743056826, -0.03693496155243947, -0.038166767102150834, 0.040208602533324256, 0.053808267462964854, -0.01625557769717112, -0.04649374955014518, 0.08718346852524639, -0.15556966066491174, -0.08619945512959815, 0.10519764208950899, -0.03242727848999638, -0.2356576709346465, -0.3119631115656958, -0.3039882613487468, -0.021074336191694076, -0.08425101729443374, -0.04486177488642018, -0.017590604937933296, -0.07265676170745516, -0.2035206698714851, 0.1978423297864036, -0.3838688556492236, 0.09949710179773641, -0.16451195059145762, -0.027228187044071817, -0.053248120375948726, -0.1615267242950189, 0.1671132571413375, -0.08531028913041494, -0.11086975923271103, -0.036020275566798654, 0.042826766974682906, -0.4294808534153012, -0.037578692402115976, 0.12668498818940288, -0.17223164331110086, -0.08869289025736915, -0.18354242984345737, -0.296693980068083, 0.04627711953166502, 0.12727121160265797, 0.14191498426750626, 0.1703192213713416, 0.0017070876558563652, 0.04661265592226649, -0.1301006412600334, 0.31928897152233016, 0.18954539371080337, 0.07300820560953714, 0.029806888265953013, 0.11377306610649807, -0.05337479846597315, 0.08915435911298497, 0.12935154048097308, 0.028887458268040067, -0.3278600342265787, 0.07912876246764822, 0.41490379068762495, 0.003564072150223918, -0.32817740217400737, 0.29167321343942776, 0.17946672191390267, 0.523020593595222, -0.1583126321816879, -0.042658095451860945, -0.24464254653931894, -0.4036507541043415, 0.16848662304313378, -0.32571098298764145], [0.022806980020521395, -0.053579549159747275, -0.23055920897463666, -0.08159697530578414, -0.08524211811942539, 0.03686342690617761, 0.05645143703634248, 0.02577245409137008, -0.10594254992753638, -0.13899076948749656, -0.03310481253070763, 0.0012715689833103783, -0.2689826115667795, 0.03422682515953179, 0.044251681417051936, -0.17616008107547532, -0.0006460358583098014, -0.20317208650742624, -0.01333955342371751, 1.0, -0.08871300344063515, -0.012081985305388176, 0.09011571922604478, -0.00749661451996575, -0.009159382920199466, 0.05924136884825115, 0.05247687795587719, 0.075001459084997, 0.06375647828922082, 0.029008767536564117, -0.03234779218828798, -0.28162771823645727, -0.2389746281343086, -0.2697957852020596, -0.14366102721068152, -0.08266767320407631, -0.03528919616938997, -0.10508489524485976, -0.07889720396208189, -0.24693369132771115, -0.1445325789923413, -0.1929455291547033, -0.12367930216942624, -0.2292608209634337, -0.05781854172805012, -0.0854625167688765, -0.3431859803701771, -0.03627199035020112, -0.16775352354860962, -0.016044880328038413, 0.0611980847351975, -0.1977640213607339, -0.05295403590968695, -0.13601300653120418, -0.03188212124139511, -0.10590430176411614, 0.014197083735562055, 0.06252442871964303, -0.09671757818235238, 0.1967137069445395, 0.05702343245701591, -0.0038626793228504486, -0.09942476149359347, -0.08179554645267761, -0.1441497043825315, -0.13247931263889545, -0.11984517195729016, -0.0951338733212872, -0.11962558824893654, 0.14957330713612715, -0.13981524244330745, -0.036441035128510935, -0.14848100346534565, 0.013961417759599137, -0.1268200343499919, -0.09074458328276203, -0.03730170454787807, -0.06581146428404994, -0.05026501709817466, 0.18851879482158407, -0.10257563273172687, -0.11180644398232698, 0.09204286885165447, 0.018695955798144093, 0.07348059247704997, -0.09696686660767884, -0.053036517570363095, 0.0056592161993122, -0.0326960658872697, -0.03187848192721621, 0.041627823821849375, -0.18156408831406745, -0.1500855596495152], [-0.292749822700652, -0.20642446275421467, 0.5354870444994702, 0.05589208602022622, 0.7189585951699543, 0.01389246672334643, 0.1327481597754866, -0.03712220260445109, 0.3164528529288074, 0.5821574371938583, -0.03351555443375154, 0.054260781018129145, 0.6303413441595141, -0.029790458463812675, -0.1688332698193975, 0.37927203209366434, -0.09951472332762146, 0.66019102730656