"[[1.0, 0.5647347521485186, -0.05983012967669854, 0.3323654169290341, 0.009287510034067026, 0.2229401537901501, 0.05796773961496804, -0.14939082521635028, 0.16994265887978055, 0.021179171339865244, 0.25949461322652123, 0.23771050592789345, -0.15580545089531816, -0.10170324490213489, 0.23190463301369824, -0.024732064594370717, 0.02858902042026057, -0.09612447004156977, 0.11411835789020608, 0.33660780074173335, -0.09807812689668816, 0.2076874557347984, 0.081951957053642, 0.07834521768150893, 0.18938482953548275, 0.29166755107033215, 0.3264527630897378, 0.16617515993693632, -0.14459037816387132, -0.024480078335327837, -0.1367267578983813, -0.16622521796792689, -0.22232542935922428, -0.1809786504411357, -0.038855901886885036, -0.1313410338021559, 0.14725338175751035, -0.22138160034889243, -0.18416170742447702, 0.12273651406703656, 0.05664212318097106, 0.1407659875831222, -0.2371236859807646, -0.133921673909684, 0.09284146807270133, -0.03823626143247627, 0.2577637288821417, 0.013067221294857712, -0.28403341745456334, -0.22914667093371865, -0.04668522493075811, 0.21415131853596558, 0.16961651437342118, 0.15366641313236395, 0.05170231727978014, -0.11110202531035673, 0.05085972660690541, -0.04807221118578364, -0.04913247742733273, 0.14322818607094945, 0.08984050600922788, -0.041747554273597665, 0.031605888902766166, -0.26933453098175697, -0.22368034007217097, -0.34696337049419235, -0.24374763242949604, 0.03225135148764269, -0.3147449655359722, -0.23617702933141893, -0.008421519959352919, -0.02221271352342269, -0.4532055893950848, 0.010961378979127079, -0.15591047640897981, -0.20055092360055582, -0.24421112999239147, -0.1461219064567174, -0.21932215074124195, 0.015352924611336527, 0.007040336843010309, -0.07811692236466516, 0.04920710339490264, -0.06992606694735426, -0.1137837017972656, -0.24411626597230285, -0.10212652065708783, 0.03132542421815343, 0.09198174748899102, -0.1985961558906899, 0.14807127660302621, -0.16990265047591802, -0.2834168786726756], [0.5647347521485186, 1.0, -0.039903120983378226, 0.3693813782474501, 0.10212970745675276, 0.2625180926994799, 0.13754530773855467, -0.16173790660343412, 0.24341767607991394, -0.15899010775633382, 0.15862563083626746, 0.30305858654435935, -0.09478882180260584, 0.06501567161822985, 0.17541929347963614, 0.12134897390590382, 0.05244858716697365, -0.0640104843799496, -0.061414778121444025, 0.17516151629214383, -0.23318350081940187, 0.030298428817641998, 0.14390323527448334, 0.051304467966337364, 0.15725530978766067, 0.1679546090771803, 0.17174052938008355, 0.12866596967773902, -0.15206141626239167, -0.0379618590804649, -0.21287978851702838, -0.14332100703404027, -0.036102462771948174, -0.10476192542259288, -0.011967199185030086, -0.05644097925186409, 0.1033842615591275, -0.06286499414142299, -0.06760147364558988, 0.04412729692130246, 0.112289085640358, -0.04960258968642828, 0.13506960382012978, 0.013157287253988015, -0.30733584132729175, -0.14960445822781798, -0.0037742465569488015, -0.24653789000808946, -0.07788623722011878, -0.04969219367964639, -0.1847153872007894, 0.1100696468168827, 0.06240761854481136, 0.14112577441762042, -0.07961486002415663, -0.12617533122821722, 0.013288386189278523, -0.2534668298992202, -0.1431578277690455, 0.20339798936466513, 0.027501536938722815, -0.01565118603361948, 0.15320234200694471, -0.053417697163373745, -0.10837875995951518, -0.17916418539779255, -0.0921860811830435, -0.05315292102426472, -0.3652574806728186, -0.04681409855520835, -0.19423549897327508, -0.10828547293072255, -0.22968030628784097, 0.07438378706260873, -0.3035081853790691, -0.10681270362569295, -0.049244147110064196, 0.16541374165096123, -0.11459064697960253, -0.20220667275009174, -0.0038165255570470347, -0.27522107734563317, -0.08170898624424883, -0.21411772370330828, 0.10213459548679671, -0.14493824193529004, 0.10527531155225867, -0.08295860686161172, 0.1811735533722234, 0.20062746801761278, 0.23516366350275963, -0.18359223229968213, -0.2946049787006175], [-0.05983012967669854, -0.039903120983378226, 1.0, -0.12228992208540834, 0.0887088343417266, 0.46059135965901676, 0.061848036872130585, 0.22571399634035505, 0.49705678508850437, -0.018517742656458447, 0.09757015811767578, 0.1866116039027199, -0.022443645057881767, -0.24801784663238124, 0.12328581192583998, 0.542676287413294, -0.030458764005885985, 0.32794109680680805, 0.07854322272404257, -0.09590132366463688, 0.1211822626980954, 0.1379655014225496, 0.17774423981246334, -0.20820490728418006, 0.1310516978510302, -0.06856097340279654, -0.25966237042523543, -0.018026850646218895, -0.17562273701666342, -0.23009050138022635, -0.09935083669336708, 0.10984160126214126, -0.13730981837833767, -0.10771308331864393, -0.23067150673618508, 0.11640466850710551, -0.007881999749926427, -0.14553129285556454, -0.0675126418512999, -0.10006344324259131, -0.11881252780204177, -0.045976210097727455, -0.10532482704149748, 0.11258012983159027, -0.16318166870452822, 0.06472465507633784, 0.12220391665849206, -0.11845692130731256, -0.21293530162161, -0.01771243767147701, 0.06404901500627491, 0.1263778367176669, -0.025862322368624513, -0.37399425234285166, 0.0693150642660243, -0.15790639000888596, -0.21214409631598286, -0.22676435046426224, 0.022283675511719503, -0.15674491301421778, -0.19226497517889896, -0.14129359190711166, -0.2075355358424369, -0.053702308449536273, -0.02012564818407281, 0.2867158610468691, 0.15575588871144408, -0.05159690244116355, -0.10065735414158339, 0.0029612481387448764, 0.1779183445675916, 0.08912860415489066, -0.04271692771503255, -0.27746498368157213, -0.10948088108808895, -0.045735096647165685, 0.025062034872624595, -0.03921079944698502, 0.11561588966771208, -0.10802428822986365, -0.010762966765120119, 0.27730274360344265, 0.08600858646243259, 0.06171856724274283, 0.10966037896392555, -0.024072538791930054, 0.022902954051428948, -0.08399671345172366, -0.06919205969521336, -0.05592823326222751, 0.0013284207875959853, -0.1453674920146497, 0.09127049532826559], [0.3323654169290341, 0.3693813782474501, -0.12228992208540834, 1.0, -0.1729290989945702, 0.2814582277907851, -0.2859234282209062, -0.06824454682580527, 0.04889420025032731, 0.06888348955862633, 0.5818170765928923, 0.13382149035813362, -0.06981809958046825, 0.24072597592340894, 0.16804160091368558, -0.1525721623412013, 0.14127478294904183, -0.06631800536115984, 0.0947310458324363, 0.06510307051040165, 0.21293874233536514, -0.06839073157921227, -0.1199955822944967, 0.021571311914868052, -0.1533537487422436, -0.07807887305858263, 0.0068018602021534535, 0.051300961630033504, -0.19547577456286724, -0.08372741122196037, -0.057399748622175784, -0.02737770103781445, 0.2106923113815583, 0.148176874280473, 0.05523238098108407, 0.058002950319728575, 0.07738358048846794, -0.029753529598202988, 0.17191329454840443, -0.2590304173413329, -0.012540451027518662, 0.07866806227149747, -0.05333784831558863, -0.04700093016063733, 0.043483370106506936, -0.02942509625692047, 0.12024311364427664, -0.12524287712418514, -0.04412810372378595, -0.05864490321845994, 0.027438559812664076, 0.041085847334114356, 0.07654482803170726, 0.14327990678406222, 0.00014329705217197564, 0.00033010171780223363, 0.13611617157296885, -0.16945176125364592, -0.05639973403922216, 0.0012778691071065884, 0.07085758610452275, 0.15441920813591414, 0.48946831745477715, -0.07149242737382644, -0.11093888666167007, -0.28117426336906215, -0.11155819378731202, -0.15606344279016104, -0.44717766089570943, 0.059564857998327, -0.3180624377174617, -0.02018820931257581, -0.24677421828355794, 0.03259421267865903, -0.28023045107476796, -0.14053146956229523, -0.24454158767325374, -0.09477990597491637, -0.11028129632386596, -0.19853339324481367, -0.1442354214837176, 0.02325805309911877, 0.03941491743809866, -0.2044397642879794, 0.04710962798594809, -0.23423892905856136, -0.10561174492545522, -0.22254666090871011, -0.03791165187842149, -0.059522272461524306, 0.030270404669909268, 0.04469241969799931, -0.12637191450047647], [0.009287510034067026, 0.10212970745675276, 0.0887088343417266, -0.1729290989945702, 1.0, -0.18311567940640794, 0.6030232870062944, -0.11996346753496523, 0.0161458620636048, 0.5210906777433238, 0.03290281520682092, 0.018167060602668816, 0.3393303536577401, -0.07867770336629243, -0.2918060970677756, 0.20268800590598923, -0.034606299300724785, 0.35553532760627804, -0.1883424019104456, -0.07180136884354527, 0.2576052791189687, 0.04393828486431672, 0.1490047126121139, 0.10331354484314215, 0.16174165345258584, -0.10237157725299517, 0.16319259100931693, -0.2010651323617243, -0.21465356446507222, -0.038771238734420566, 0.022927350711070105, 0.20859673368138743, -0.16201368261659987, 0.03781022804073442, -0.1326491914948016, 0.27354679488738276, -0.15442349141006995, 0.10566406558025809, -0.22446918735860377, 0.3680978428421581, -0.0005915951770907313, -0.05979371771172959, -0.16292815876792632, 0.27575237407363384, -0.0924044163896196, -0.2208001492877112, -0.2088751230933954, -0.24278852345640578, -0.4281691558936802, -0.19819582283415738, -0.08926296210230777, -0.0380252445530842, -0.12189093922688055, 0.07323559927010526, -0.0030005127101018214, -0.11095921662623165, -0.15687945339139375, -0.13859493621435015, -0.1356433753227495, 0.0010176605799100402, 0.06885105442856454, -0.31915741504290907, -0.17193771937864466, 0.14790204223863523, 0.32952854929322717, 0.12415260638253256, 0.46878756017393197, -0.0007596727961800553, 0.23090381510008706, -0.032581946031482234, 0.46547662911141063, 0.1552639721611332, 0.2503091494359264, -0.17870877383350758, 0.18853131833686543, -0.16868640535714663, -0.0752608246883455, 0.07758210919747288, 0.023017135671860256, -0.10818343845011347, -0.3816623829864527, -0.04396888450049574, 0.178314996336707, -0.006344097584963793, -0.05843360989547275, -0.22704050409541576, -0.045228940034010456, -0.1415484825327431, -0.21721971943056984, -0.145334098769196, -0.17145751946633236, -0.2335163127897184, -0.2028306003801943], [0.2229401537901501, 0.2625180926994799, 0.46059135965901676, 0.2814582277907851, -0.18311567940640794, 1.0, -0.4871624840247071, 0.20887788979780963, 0.15202338702638696, -0.07890625205876312, 0.2052511180356642, 0.1096393463722114, -0.12460292844526166, -0.27110787491510924, -0.01884226386361343, -0.07603216948223857, 0.05253573035996817, 0.2123125362762237, 0.06183729607146593, 0.20349097209697375, 0.038271696294795654, -0.0005630420519115997, 0.06946569316256912, -0.19918245019807146, 0.1786583704847331, 0.21729203945639985, 0.06070821585894948, 0.22162526502980107, -0.01096856447626604, 0.03155876545012859, -0.19979538269582164, -0.025299856164636925, 0.044366143405303315, -0.25876650631687514, -0.09744804777841587, -0.02907371854727847, 0.10710215893479624, -0.16392781619840946, 0.07687658967756938, -0.27446213409966935, -0.038978044090558495, 0.04599445601565677, -0.21209373801829967, -0.2030959027755248, -0.20349436441991964, -0.04590071044381183, 0.2718750425504919, -0.1304018106412832, 0.015472412927373225, 0.062297145443090174, 0.07740042190154806, 0.11154700636001769, -0.07634332056966442, -0.1753099461784282, 0.1328355076284261, -0.17845750446488617, -0.2968840983890453, -0.32470931413466664, -0.12221179371562085, 0.023238930599461805, -0.029552551123706028, -0.012132389580447045, 0.1720562859373217, -0.16875979529814988, -0.20058103488861767, -0.042172649582193245, 0.189069670308594, -0.003358168275414908, -0.49060530034151384, 0.14067607155998152, -0.19320622878510507, 0.16531214792593418, -0.10378794264889724, 0.07611946293104022, -0.16469991366174908, 0.17663943803189075, 0.17483471072146695, -0.08284628009485662, 0.0016733418593475324, -0.23354835660179818, 0.12287158678398735, 0.2986680128740953, 0.07594128812285972, -0.05901929070375722, 0.1524783220241609, -0.18628467433039364, -0.09133531257288685, -0.12657579342085623, 0.029585618613986342, 0.07198962714036483, 0.01221714553349218, -0.20806954624943153, 0.15507716323876597], [0.05796773961496804, 0.13754530773855467, 0.061848036872130585, -0.2859234282209062, 0.6030232870062944, -0.4871624840247071, 1.0, -0.11217199799584199, 0.30023810787174365, 0.3919164699005476, -0.03488517748581521, -0.003089729982345135, 0.4465071788306517, -0.0012690235026993069, -0.11495161345998062, 0.36119928449029903, -0.09359715134190849, 0.22363695215659285, -0.1303341540827534, -0.2713555238897254, 0.012921007032666632, -0.1995147744664516, 0.018755987428026644, 0.05499640220775859, -0.08968220991099418, -0.1666619296820011, -0.06561501909166623, -0.21397341617968713, -0.2725884955252127, -0.0877985454815966, -0.1924114543966744, 0.34037921836124885, -0.24659061233592694, 0.13007643303839933, -0.007083325644726246, 0.13861954626744566, -0.08360406341828064, 0.06431826211702762, -0.2618008636002491, 0.5872564193698155, 0.049609250893064116, 0.07349730389602538, -0.10534673296217845, 0.36145961940606264, 0.06252244589851141, -0.089645993290564, -0.09462241042307462, -0.1635559743592474, -0.38136421361075223, -0.0754460621794284, -0.26296210586878965, 0.21362074765599814, -0.010305369775196693, -0.10706087665409947, -0.192930649598563, -0.025618705140008746, 0.08194280570046375, 0.11411846359519962, -0.13762872432841156, -0.06897492445689335, -0.042932343265355666, -0.3455965782792083, -0.18895575308427293, 0.07055920374679137, 0.5067207695871643, 0.12564941545141828, 0.35145883246000853, -0.018926353853958133, 0.4864703635061127, 0.013291742343125246, 0.5472525299185873, 0.13352856281221537, 0.1939122075582329, -0.27218753329382706, 0.2694113329711705, -0.17274539211585527, -0.038742305007577915, 0.1259213275917952, -0.06897459777218029, 0.0796894150064591, 0.026401853647746498, -0.4013815576150408, 0.02960156872694608, -0.21138649009106114, -0.1244923940350009, -0.02063812539233445, -0.0908372712147516, -0.07189163503859297, -0.20313521751937014, -0.1968976348585687, -0.03770217261818032, -0.1827366139640827, -0.3187417633926939], [-0.14939082521635028, -0.16173790660343412, 0.22571399634035505, -0.06824454682580527, -0.11996346753496523, 0.20887788979780963, -0.11217199799584199, 1.0, 0.17234316868724076, 0.000988337306846332, -0.04687390725995666, 0.25192141261214096, -0.12444312372776589, 0.12506359633032982, 0.09863311874337977, -0.01952359657263214, 0.24723820841613653, 0.14896732297731474, 0.15352296369708007, 0.14163625445098205, -0.17985371833660468, 0.013369858823258918, 0.08163632308320079, 0.19695571390417843, 0.2353157247033011, 0.15354637288110218, 0.1797453292599529, 0.2707777699224734, 0.25418663783199413, -0.007115056614695137, 0.11772135423975527, 0.02967302336214206, -0.08903383337003157, 0.16140281362539188, -0.015948146228256466, -0.2750200463466548, 0.055958183615325785, -0.15572261350954442, -0.10451781371477353, -0.10772396548612284, -0.30085726582967487, 0.0920195464834278, -0.08699117612766338, -0.25872454822434454, 0.04076338136433699, -0.11442863974767548, -0.32371225796864755, -0.08013212764111732, -0.06933392015580231, 0.0740451617679706, -0.11767154206570796, -0.012296944886634353, -0.025101877222722724, -0.3289153828466058, 0.2563034793588015, -0.3005885749726589, -0.14982674066738788, -0.08504747564630266, 0.09415059883372667, -0.29746249142205006, -0.19203724413665646, -0.19502594539939633, -0.016367545552062213, 0.20695316092043625, 0.005079042538473577, 0.35965757108568086, 0.005083679761889615, -0.1233894807751672, 0.20138822100429654, 0.481939073231448, -0.056976681878146085, -0.1482377261262231, 0.11621611077266858, -0.05149952704105809, 0.0914012522465314, 0.2275016026538731, 0.23774828911046808, -0.20011508550169954, 0.18779582759046176, 0.23369105170946303, 0.028816939804787167, -0.05072971894551492, -0.12677861697542148, -0.2737546537820823, -0.1488923820378114, -0.20003134651954424, -0.0840100006885478, -0.28594294479530236, -0.034225787358518556, 0.0028516160469787, -0.3694837116146461, -0.25697677515424555, 0.13480465654163254], [0.16994265887978055, 0.24341767607991394, 0.49705678508850437, 0.04889420025032731, 0.0161458620636048, 0.15202338702638696, 0.30023810787174365, 0.17234316868724076, 1.0, 0.12528843251028987, 0.022173487782998436, 0.19727154163350014, 0.13684160056971528, 0.05686643706372074, 0.1838960296802764, 0.4126564963327942, 0.07188755206720021, 0.19343272665740585, 0.008229275730459729, 0.008045168242307388, -0.19878850018176464, 0.08132218092732701, 0.10228675373400553, 0.04048979322528834, 0.007188467730704473, -0.18401796020912253, 0.048278899286720134, -0.005564512806342847, -0.05776957118949433, -0.4724391165645019, -0.013621151339822113, 0.17857415979346858, -0.2655687668705342, -0.03262175044292004, -0.15813872754730318, -0.12163594369855968, -0.025425933167774195, -0.1878865808468957, -0.3574353901419207, 0.16187404347549128, -0.14674332321769756, -0.09822235330647855, -0.11010456686949821, 0.07546320786017913, -0.07047634044440998, 0.19045382968935054, 0.17698598658914022, -0.26521663493020675, -0.2575182130197209, -0.15099824355700875, -0.11429174608488868, 0.13423419759197552, -0.1434430573991745, -0.28182655727214545, -0.07988566094414185, -0.13113570764226457, -0.08692518428319373, -0.0744022855631763, -0.039844191703480414, -0.1762770025090603, -0.20805315308894157, -0.16372784015798447, -0.12935869800186772, -0.011956477544074362, 0.10918751483086642, 0.05169327947822011, 0.023966607292252973, -0.23380074776595516, -0.07619010114436642, -0.033155242267844054, -0.08446635710815276, 0.05419478834935043, -0.05650660782901484, -0.022135081811776036, -0.1832547014744612, 0.14327239384356116, 0.1698866817331085, -0.06352585752485806, -0.18501580868115486, -0.14173687158519188, 0.1445984981778886, -0.08273978034987994, 0.1394140488289881, -0.07836059332251932, 0.1153499723489827, -0.15351915386136006, 0.31203691402523304, -0.06004385785339972, -0.09229300589569744, 0.17614963009393647, -0.014794722551755735, -0.028972013959395415, 0.13080980556871324], [0.021179171339865244, -0.15899010775633382, -0.018517742656458447, 0.06888348955862633, 0.5210906777433238, -0.07890625205876312, 0.3919164699005476, 0.000988337306846332, 0.12528843251028987, 1.0, 0.16846982020077417, 0.06830552814255575, 0.5350176167323495, -0.0017533001457537, -0.22905309736603363, 0.13741748736839754, -0.057064629309947934, 0.2977181440432526, -0.06024886237410709, -0.25724587740965976, 0.3768718131832607, -0.12300274591855542, -0.09762946917175297, 0.175033245048566, 0.03465051021057686, -0.09032975468601401, 0.15567769171538726, 0.002273152860927552, -0.02943485693249892, 0.03642498304957298, 0.024934646978687414, 0.18424899328861521, 0.16072054696548244, 0.05171646352045489, -0.005559478270518392, 0.003786862157111992, -0.4500523582608946, -0.10500982907000211, -0.31929614331313294, 0.2201337329376266, -0.13452869307635118, 0.07138759406031081, -0.34513486754195655, -0.054916373102093186, -0.06933649338698, -0.24820414900326315, -0.07979739668972297, -0.2414511536727295, -0.39505471893980726, -0.3362446475135221, -0.10506925319316363, 0.24111953250468, 0.024868802762790132, -0.1399534355830545, -0.06392128798886909, -0.20706635693732967, -0.3334180711166339, -0.08090636418701802, -0.27597742968466754, -0.3150015747995989, 0.2230333557022185, -0.13918862987940073, 0.07053242827358541, -0.17335740663264598, 0.21386985856094531, 0.0671001717063402, 0.3607781133580892, -0.19857080462483445, 0.2860276750389008, -0.07786308026124988, 0.3574613154234433, 0.27441823725567693, 0.1562865635342887, -0.06862550651937505, 0.45053859878335034, 0.02558799442888049, 0.10466611452569063, -0.16790539126219706, -0.03943743545956324, 0.011973489226919098, -0.01422612382471633, -0.05997558594755126, 0.29935828538185993, -0.013215635345710908, -0.1334379840313169, -0.10181580519923039, 0.023801472125063672, -0.11924514518690099, -0.26720423331856313, -0.22235173560687826, 0.011184120099114403, -0.027732079537368337, 0.13295904243266787], [0.25949461322652123, 0.15862563083626746, 0.09757015811767578, 0.5818170765928923, 0.03290281520682092, 0.2052511180356642, -0.03488517748581521, -0.04687390725995666, 0.022173487782998436, 0.16846982020077417, 1.0, -0.005157409984641648, 0.23715949690167004, 0.150672982752192, 0.29023765406338664, 0.07574054055955481, 0.1361754280167764, 0.21009257962912553, -0.03586987385818241, 0.045015209346234264, 0.20050188423161508, 0.16638023632477494, 0.07571359060305638, 0.16487482397087183, -0.040372968768643824, 0.06652464056155694, 0.07834718186858791, 0.2112063764226877, -0.13704862924522154, 0.09831487311426013, 0.06536191185353035, 0.27208693108597415, -0.010705262802573001, 0.02624884053511989, -0.1905599823258508, 0.02174748317251607, -0.05267291500170401, 0.011819409563828653, -0.16578045540318653, -0.28135558817249606, -0.20069805509090877, 0.14460858487599437, -0.22851296017310507, 0.19474512367786334, -0.19633518171437347, -0.15446765226838632, 0.3874538810607071, -0.08191076782694084, -0.17719186565945932, 0.021885238483203118, -0.044216555491662035, -0.1271082574891187, 0.02172460432958534, -0.08117540586860272, 0.018055878569974704, -0.33348906382065513, -0.12959322619678515, -0.13639371623601448, -0.06111691500056393, -0.23213743187302693, -0.07973971201825059, 0.019825046097775134, 0.3440270781304503, -0.0061992285008090064, 0.07761441580935546, -0.037313541389018656, 0.011204184195801048, -0.16159810978443812, -0.17254744627592355, 0.08207122419479862, -0.07968768580642549, 0.011204895902152012, -0.20008726079432604, -0.06959187769205566, -0.006407199294617971, -0.2849726007632971, -0.20716686805821327, 0.06725381995346758, -0.09126565018447952, -0.10202031621273866, -0.22084879682867697, 0.03808904282183234, -0.1774199073242202, -0.18923590559415504, 0.022287067794373283, -0.11706069851650902, -0.32470842265597466, 0.0012877317792572285, -0.0332720974972085, -0.3431607161321373, -0.017188386201706818, -0.04479233147696071, -0.1364715967927359], [0.23771050592789345, 0.30305858654435935, 0.1866116039027199, 0.13382149035813362, 0.018167060602668816, 0.1096393463722114, -0.003089729982345135, 0.25192141261214096, 0.19727154163350014, 0.06830552814255575, -0.005157409984641648, 1.0, -0.07701379884327086, -0.16418598503970294, 0.16106740635438843, 0.25629672385475755, -0.06416641431545167, 0.10424401663906602, 0.0912487650846473, 0.06663259080959882, 0.16220744372698914, -0.03463751449839636, -0.04644752253686546, -0.0030382406371305404, -0.021321178708868738, 0.23117675097311252, 0.08218060196492005, 0.028319964353587856, 0.3389561679391656, 0.0020195883578957297, 0.10153547527141438, -0.2747258236748302, 0.21187823289096197, 0.10761295157877859, -0.009810568409306608, -0.2378824358229561, 0.10151544685399061, -0.16509646133321376, -0.2221807090461425, -0.0999663183447308, 0.01325934564765685, -0.03798218748289317, 0.14497345962902664, -0.059221787474118104, -0.046189372019104225, -0.16466595264351014, -0.19386328230228256, -0.212727366965769, -0.08564367713740983, -0.08420773313278818, 0.12167520964103573, 0.048488404374727234, -0.07418768227819639, -0.07462510923401422, -0.12054148155521949, -0.09555540225605985, 0.05388804318995466, -0.07241506300520317, 0.0257308884863231, -0.0016148682016332572, -0.06603891497242342, 0.12919475365314137, -0.09792408248765083, -0.19061546945283014, -0.06745791006771129, 0.018410825451307122, -0.2201336147565791, -0.24809310921274363, -0.17917788625488562, -0.12085593790052851, -0.3088025099684659, -0.0744261678759428, -0.21325408870072682, -0.052320067015408034, -0.20434449346159123, -0.11695845725060217, -0.019255507711707587, -0.1638654190491129, -0.2301593958534971, -0.17257274687711588, -0.3513049729618116, -0.05178874207280848, 0.05548076150959358, 0.03127367055838848, 0.059684494026930435, -0.06981626379389527, 0.041852756771258215, -0.039945661611947125, 0.048726553628228864, 0.2244440289541496, 0.017454676202317, -0.0009945253784933161, -0.061477148358572986], [-0.15580545089531816, -0.09478882180260584, -0.022443645057881767, -0.06981809958046825, 0.3393303536577401, -0.12460292844526166, 0.4465071788306517, -0.12444312372776589, 0.13684160056971528, 0.5350176167323495, 0.23715949690167004, -0.07701379884327086, 1.0, 0.26074848786367355, -0.1608167047135327, 0.3031014759107584, 0.11765187318663717, 0.45368382143051234, 0.031534801948378766, -0.20017913211501837, 0.12327459125852591, -0.09202674571568847, -0.21521659040209107, 0.23026145465546322, 0.030297840043712276, 0.0919023267760316, 0.01354320571124501, 0.0928400344110254, 0.06458019459964404, 0.10648127319723544, 0.023606633148518297, 0.27850553249234555, -0.1754436547588456, -0.029499182620953857, -0.17813533346637112, -0.0357922725676898, -0.331276416604241, 0.009164508812413374, -0.4113950606676493, 0.14188297151824336, -0.0012143647508062738, -0.08353727311692749, -0.10577981992635799, 0.3013367663638514, -0.07890805325435446, -0.28831914584488083, 0.0389695569237849, -0.3154996868620614, -0.21996968656528715, -0.09690662841426856, -0.20626095389904564, -0.07341145502816127, 0.11372203545847825, -0.2490407426327388, -0.1003999846451944, -0.06761810173251792, -0.25926472378362186, -0.2889432672524699, -0.20439461490699884, -0.18316927614325995, -0.20400574788685688, 0.00018150218679935382, -0.04943469857317506, 0.03746990141596851, 0.6367956062633239, -0.029485353237946432, 0.4028996399255538, -0.2034676398234916, 0.21692846155595658, 0.17550857307876278, 0.19428381031575304, 0.5339986540263587, 0.03328330772244992, -0.02396454774563317, 0.22669893147161735, -0.10066994281499375, 0.23676460165696134, 0.17591681364857747, -0.19233660974267353, -0.10948469846041187, 0.008303853725992183, -0.12020462524039788, 0.19954021900271723, -0.1655585104200985, -0.2564364648974107, -0.13023799037102202, -0.10756554951574193, -0.12472649485404119, -0.32411491647299107, -0.41251555067601586, 0.07883475596719813, -0.1190722898021137, -0.012472269986198548], [-0.10170324490213489, 0.06501567161822985, -0.24801784663238124, 0.24072597592340894, -0.07867770336629243, -0.27110787491510924, -0.0012690235026993069, 0.12506359633032982, 0.05686643706372074, -0.0017533001457537, 0.150672982752192, -0.16418598503970294, 0.26074848786367355, 1.0, 0.13338884559473896, 0.11400087338817166, 0.1280020628434828, 0.005300848628407628, -0.09409888136745526, 0.15297610708716458, -0.3015932466723308, 0.2390381905751019, -0.005682383933256707, 0.2855246811231511, -0.037565479880963926, 0.08101332126685445, 0.08730486291904827, 0.12923124214596327, 0.06294421466927824, -0.04885653039055393, 0.3588658634090677, -0.09820044566291575, -0.16033590069225134, -0.0889772107939919, -0.13184456550138268, -0.14351627980013792, -0.09495274089850203, -0.07613734298735775, -0.013913992801257935, -0.10220380112402405, -0.12483934804746433, -0.24750457690606575, 0.14819273971980917, 0.14015780925246268, -0.1329002957266101, -0.1277014260214162, -0.22160705505195866, -0.1759141005295124, 0.09269578940681189, -0.30140427768153644, -0.03486764514964347, -0.017106828792794015, 0.07610733042245177, -0.1052199153130704, -0.14843327701958509, -0.012628179461404043, -0.03453879838416496, -0.06373756545924514, 0.09894064830038618, -0.06818976195873394, -0.053165491167168843, -0.01111714547260978, -0.07752712385749216, 0.3099785500739505, 0.20566949107238897, 0.1652774764142524, -0.09539826252123218, -0.20385064270693332, 0.09540115724160769, 0.27863917053601783, -0.12330411427488364, 0.06310343542251184, -0.23254479602837952, 0.20803391729706244, 0.008240529145631892, -0.05539673104583254, 0.3125130706147786, 0.03047084846421544, 0.01791979392714671, 0.11268576157072474, -0.024315841297252616, -0.18029357571757187, 0.015260065181014526, -0.1534484080024312, -0.254422850319302, 0.026334642643567108, -0.06335253187964218, -0.23314513065651266, -0.04870920861365069, -0.19819171462019836, -0.06554804522635482, 0.07925150187640617, -0.020763960792144376], [0.23190463301369824, 0.17541929347963614, 0.12328581192583998, 0.16804160091368558, -0.2918060970677756, -0.01884226386361343, -0.11495161345998062, 0.09863311874337977, 0.1838960296802764, -0.22905309736603363, 0.29023765406338664, 0.16106740635438843, -0.1608167047135327, 0.13338884559473896, 1.0, 0.09654963549759388, -0.08044560658107525, -0.1520914269103517, 0.12018741221867135, 0.23432978524986203, -0.15677919406311625, 0.2009922147399914, 0.2829918959202241, 0.06473909226192576, 0.20603791805654592, 0.1786713556705124, 0.19334606446623903, -0.03305983350493702, 0.006743599222843177, 0.2836388400562633, 0.011314746426463795, -0.12905426011262433, -0.22666592135155406, -0.12927847301987394, -0.14956921088687714, -0.17345846580788105, -0.151997660893618, -0.3184280051323527, -0.2592312011398945, -0.21796724634614906, -0.13006785152425127, -0.1308535594728435, -0.14208611635483992, -0.15511561677916852, -0.12874599770216033, -0.08698400718548371, -0.029173361849146984, -0.1480780878553889, -0.06549477565022377, -0.21260397829435385, -0.06316718699167434, -0.24518089650369546, -0.016669597563696348, -0.1104593207924296, 0.14009288732348457, 0.0872320768773317, 0.19439535058677881, 0.06344409099935211, 0.012856749355012353, -0.067412383300677, 0.008603063492372276, 0.13732080552591086, 0.14786612878278615, 0.013927006805986908, -0.06360066587704338, -0.033659576233031174, -0.2770007465273714, -0.1284379535571747, -0.30182507539043946, -0.09208310232197503, -0.28800375661474, -0.3348778439115059, -0.3304785359110831, 0.02367373275275131, -0.21114904700611548, -0.003916460824448187, -0.07287166860537098, 0.21641213317143926, 0.08594836179455145, 0.08816933635807589, 0.008112598156439388, -0.1145985584708773, -0.21887000821216418, 0.10217745767922448, 0.1779905003580946, 0.04604899978253241, 0.19127030311253312, 0.15172588234691475, 0.07773067251145283, 0.08808615486646643, 0.1465638395039559, 0.1022069777199871, 0.10472249332840444], [-0.024732064594370717, 0.12134897390590382, 0.542676287413294, -0.1525721623412013, 0.20268800590598923, -0.07603216948223857, 0.36119928449029903, -0.01952359657263214, 0.4126564963327942, 0.13741748736839754, 0.07574054055955481, 0.25629672385475755, 0.3031014759107584, 0.11400087338817166, 0.09654963549759388, 1.0, -0.041354200754742054, 0.3187457040100977, 0.09404237907827373, -0.32578428222990974, -0.18094007344184182, 0.15836686080640106, 0.05641478718549031, -0.09808406404702597, 0.03956183679796332, -0.1738962610044057, -0.04777650034097358, 0.1975770486784515, -0.03390812213114791, -0.1461888195426151, 0.03870376046548851, 0.09889717144168331, -0.14633283511341055, -0.15056905557870315, -0.1398448423126093, 0.06437545287914515, -0.26273306946930663, -0.14358625436315808, -0.18988918061475735, 0.013444234485455397, -0.04269615092139367, -0.17931171391512368, 0.28193724366406614, 0.20334284509755762, -0.19158266556665704, -0.2810292758478079, 0.007240346712035772, -0.23784604737568116, -0.14028499334937528, -0.03815203349300078, 0.0011842014836948023, 0.10800518603142473, 0.11277941987445084, -0.047779471657612316, -0.01611095699594922, 0.07164652338450672, -0.13595154789142483, -0.26096841574122576, 0.18041201372115856, -0.1702563289924881, -0.2811773403935496, -0.12486796006775758, -0.21715816553335432, -0.2507168881860895, 0.12985905710891066, 0.07686486912731516, -0.08975918501722169, -0.2174274241755476, 0.02301170528592844, -0.14116078257573084, 0.2635563177703425, 0.038697096753400384, -0.17217264928010745, -0.2831221206783354, 0.035960055875352115, -0.038247765910431, -0.05628148933594557, 0.07785690071085016, -0.07608100969046117, -0.1338847073649716, 0.11585375621284333, -0.12274819138205517, 0.06071693757260954, -0.10677608445302811, -0.04744751444431872, -0.014779280114187499, 0.044915187242954846, 0.09043952958012369, 0.04601193137786297, -0.18580930721325206, -0.042876363736414236, -0.08392402855059844, -0.050170013521541934], [0.02858902042026057, 0.05244858716697365, -0.030458764005885985, 0.14127478294904183, -0.034606299300724785, 0.05253573035996817, -0.09359715134190849, 0.24723820841613653, 0.07188755206720021, -0.057064629309947934, 0.1361754280167764, -0.06416641431545167, 0.11765187318663717, 0.1280020628434828, -0.08044560658107525, -0.041354200754742054, 1.0, -0.049173553130654746, 0.32438881114714624, 0.22910564247612997, -0.02652193220752297, 0.17793738359548938, -0.006833345896680498, 0.1474254987866599, 0.24099762988948237, 0.2827438756758889, 0.06150332456433616, 0.37247939684840237, -0.08757423820705679, 0.13476751247293706, 0.20619486600880688, -0.10755636428543669, -0.3507098468804526, -0.04196021591429222, -0.25315457380210704, -0.15174267169834832, 0.008962298521221101, 0.0052005917858981565, -0.018242870442874093, -0.298468461791247, -0.2851564190339191, 0.020164557958977314, 0.06200868911378543, -0.3239345534345277, -0.07761881360188827, -0.00802944338230871, -0.029344024587651507, -0.04822642234648522, -0.16537378313765205, -0.03487027277379062, -0.2100964545322188, -0.10133946862874832, 0.07121815230163397, -0.08926914887229098, 0.23437846211893976, -0.19028185771399042, 0.05839078320592661, 0.016158607714370832, 0.27466004541452826, -0.09798775524095271, -0.06294843987209497, 0.137711254121333, -0.07361562242819564, -0.05962718963507996, -0.28343200899571075, -0.08740841697754531, -0.11177155367653224, -0.1882033387598172, -0.33180374840750826, 0.14764221424741397, -0.18009764196178213, 0.21089372575768695, 0.08707374597729034, 0.06078001614412076, -0.16801865481032485, 0.07054917444321462, 0.09966533755381513, -0.2097666428334919, 0.17077893122387877, -0.1470945020815837, 0.047688646585549166, -0.046563699997772545, -0.32360133060729024, -0.13881704631362823, -0.16254318990603678, -0.11644881140582619, -0.030898159722564822, -0.0574547153752043, 0.09888362782432791, -0.06975644303368944, -0.10548803676161822, -0.13096318398577522, -0.08281861106126609], [-0.09612447004156977, -0.0640104843799496, 0.32794109680680805, -0.06631800536115984, 0.35553532760627804, 0.2123125362762237, 0.22363695215659285, 0.14896732297731474, 0.19343272665740585, 0.2977181440432526, 0.21009257962912553, 0.10424401663906602, 0.45368382143051234, 0.005300848628407628, -0.1520914269103517, 0.3187457040100977, -0.049173553130654746, 1.0, -0.01014785301069332, -0.024681197004511102, 0.39699334692528576, -0.156017772980934, -0.2830704183635131, -0.1204721421520143, 0.07930286693828537, -0.18561706109134524, -0.03562583238217831, 0.2199523721856017, -0.09354441325019636, -0.11837756708617775, -0.10800463469505428, 0.35042579749296776, -0.22227207590495124, -0.05223565673101471, -0.20920105827879287, -0.1560180443414092, -0.018398648700229225, -0.16998003381754812, -0.38201574368042435, 0.11900200768517843, -0.12281465788921064, -0.025228563540484972, -0.14443878209099248, 0.234099828782508, -0.19613087996659795, -0.18266542648140716, 0.0472185028897375, -0.2789916573100679, -0.19938108035164892, -0.06227989519125887, -0.2841270986999178, -0.039409862392391304, -0.1430068051900586, -0.08908812583165182, -0.05359716374900447, -0.0985703247658607, -0.10219794719280495, -0.24541578625018357, -0.18515149580786505, -0.33644218642128987, -0.17722279312624023, -0.1308045929951258, -0.0073550680018112935, -0.019208508049141537, 0.58939522409395, 0.08163283932722576, 0.1309290403344876, -0.027143266607065897, 0.12936859214781926, 0.11979365455211421, 0.19169485865664326, 0.07654982657081155, -0.0567458590436809, -0.1119564997578193, 0.11837240775600721, -0.026742833500965624, -0.014684705722583624, -0.028819098169318602, 0.02366288514051207, 0.06284300367431417, -0.23887349630266574, 0.28715360008742663, 0.4233677262446802, 0.0334971062008782, -0.1458572918436709, 0.1007217408089075, 0.003791534421014209, -0.22178763706418403, 0.09954844193787526, -0.20784251048503677, -0.08979209736600313, -0.05349487277916665, 0.23071457728775846], [0.11411835789020608, -0.061414778121444025, 0.07854322272404257, 0.0947310458324363, -0.1883424019104456, 0.06183729607146593, -0.1303341540827534, 0.15352296369708007, 0.008229275730459729, -0.06024886237410709, -0.03586987385818241, 0.0912487650846473, 0.031534801948378766, -0.09409888136745526, 0.12018741221867135, 0.09404237907827373, 0.32438881114714624, -0.01014785301069332, 1.0, 0.17100360479153365, -0.018927592818420713, 0.19840670222018097, -0.029537505021427712, 0.2182469939663796, 0.3224141080350089, 0.07610021860998517, -0.02422166754335553, 0.1772308907848682, -0.03202593379125762, -0.09641813604808691, -0.07555828003491194, -0.2652517830504957, -0.0804980473813155, 0.12715839924060413, -0.15437199553149328, -0.36551226996308017, -0.24275607411654399, -0.21057663530440873, 0.05631929594473195, -0.1411052769910861, -0.29502181871836286, 0.1426425608759041, -0.012537084473005056, -0.42233054333648345, -0.04252339881762701, -0.3323812613774306, 0.06259028037913672, -0.13933768983891648, -0.025469041920102464, 0.024535657611719053, -0.32474077049109606, -0.13171499972660738, -0.0034246354333826723, 0.08444406739692534, -0.06002555172236135, 0.11258097007022616, 0.07370332148825531, -0.15422323018209916, 0.3111582444258163, -0.031798436536578434, -0.03427875852725215, 0.027979163421256836, -0.209500342549382, -0.13630812602278208, -0.04162954773186889, 0.009124814692249128, -0.03153216975006079, 0.19720484812316197, -0.11905509836627926, 0.05179359353689239, 0.14724686686187138, 0.1311289829586748, 0.2275509602561514, -0.054888239132334427, 0.04571536413555699, 0.1391149150606693, -0.08466686027324233, 0.08800024446125276, 0.16165140073489803, -0.08607541676272157, 0.2107856950040341, 0.19808877861042407, -0.010654796946699907, 0.08806192325567008, -0.07958634956488031, -0.1428586471939386, 0.1123868815857142, -0.1389197065971317, -0.028991997184996787, -0.25522082477622643, -0.13438204533117482, -0.25723756180005086, -0.12670567260726928], [0.33660780074173335, 0.17516151629214383, -0.09590132366463688, 0.06510307051040165, -0.07180136884354527, 0.20349097209697375, -0.2713555238897254, 0.14163625445098205, 0.008045168242307388, -0.25724587740965976, 0.045015209346234264, 0.06663259080959882, -0.20017913211501837, 0.15297610708716458, 0.23432978524986203, -0.32578428222990974, 0.22910564247612997, -0.024681197004511102, 0.17100360479153365, 1.0, -0.13834653233486205, 0.08291711592324502, 0.16870808715134267, 0.19199790329605126, 0.2146475430625019, 0.22595141118086914, 0.1267197945354086, 0.03384627902026771, 0.20300480914290187, 0.14044080362709577, 0.11347332444692482, -0.2348784941254174, -0.37031618389507837, -0.14442726274587536, -0.26499377837445204, -0.198137944325685, 0.027096175972271208, -0.19807771388459483, -0.1515363432345871, -0.2042259646182094, -0.3457808444039805, -0.12155431951548623, -0.06462859389883335, -0.3195832536077745, -0.14388101652780816, -0.20062750704064647, 0.0656300339081618, -0.04829501489147714, -0.0012395224507864011, -0.07212751799265171, 0.24393574627669667, -0.1746672115668486, -0.03853907292479586, 0.02720072837131815, -0.02672359090497367, -0.07495905440590556, 0.16436021055771943, 0.18092133804771438, -0.0659331935139833, 0.0863271334962521, 0.15973790554700817, 0.05867631404782747, -0.30827415249014134, 0.038659600338488365, -0.12624317488130488, -0.12764449056366156, -0.1709259330524875, 0.16017682577155923, -0.2535946310675308, 0.07096643003326741, -0.12834591951344843, -0.04149799885983696, -0.007092664785024461, 0.17265292344320493, -0.337515449287886, 0.08668727747314131, 0.045822582283779334, -0.14029941034409044, 0.02843596612483723, -0.09628031171832463, -0.07446225181280197, 0.048211976479348495, 0.21624992837653445, 0.17278641985458176, -0.02614455186988529, -0.10118086119365088, -0.02595749154380811, -0.1120995605372821, -0.06502787415613787, 0.1636462843390254, -0.04791719212973011, -0.10154233770095367, 0.03712131573910771], [-0.09807812689668816, -0.23318350081940187, 0.1211822626980954, 0.21293874233536514, 0.2576052791189687, 0.038271696294795654, 0.012921007032666632, -0.17985371833660468, -0.19878850018176464, 0.3768718131832607, 0.20050188423161508, 0.16220744372698914, 0.12327459125852591, -0.3015932466723308, -0.15677919406311625, -0.