"[[1.0, 0.7823673760742593, 0.47008493516165073, 0.6661827084645171, 0.5046437550170335, 0.611470076895075, 0.528983869807484, 0.42530458739182486, 0.5849713294398903, 0.5105895856699326, 0.6297473066132606, 0.6188552529639467, 0.4220972745523409, 0.44914837754893255, 0.6159523165068491, 0.48763396770281464, 0.5142945102101303, 0.4519377649792151, 0.557059178945103, 0.6683039003708666, 0.4509609365516559, 0.6038437278673991, 0.540975978526821, 0.5391726088407545, 0.5946924147677414, 0.6458337755351661, 0.6632263815448689, 0.5830875799684682, 0.42770481091806434, 0.4877599608323361, 0.43163662105080935, 0.41688739101603656, 0.38883728532038786, 0.40951067477943215, 0.4805720490565575, 0.43432948309892205, 0.5736266908787552, 0.3893091998255538, 0.4079191462877615, 0.5613682570335183, 0.5283210615904855, 0.5703829937915611, 0.3814381570096177, 0.433039163045158, 0.5464207340363507, 0.48088186928376186, 0.6288818644410709, 0.5065336106474289, 0.35798329127271833, 0.3854266645331407, 0.47665738753462095, 0.6070756592679828, 0.5848082571867106, 0.576833206566182, 0.5258511586398901, 0.44444898734482163, 0.5254298633034526, 0.4759638944071082, 0.47543376128633363, 0.5716140930354747, 0.544920253004614, 0.47912622286320117, 0.5158029444513831, 0.3653327345091215, 0.3881598299639145, 0.3265183147529038, 0.378126183785252, 0.5161256757438213, 0.3426275172320139, 0.38191148533429053, 0.49578924002032354, 0.48889364323828866, 0.2733972053024576, 0.5054806894895636, 0.4220447617955101, 0.3997245381997221, 0.37789443500380426, 0.4269390467716413, 0.390338924629379, 0.5076764623056682, 0.5035201684215052, 0.4609415388176674, 0.5246035516974513, 0.46503696652632287, 0.4431081491013672, 0.3779418670138486, 0.4489367396714561, 0.5156627121090767, 0.5459908737444955, 0.40070192205465505, 0.574035638301513, 0.415048674762041, 0.3582915606636622], [0.7823673760742593, 1.0, 0.4800484395083109, 0.684690689123725, 0.5510648537283764, 0.63125904634974, 0.5687726538692773, 0.41913104669828294, 0.6217088380399569, 0.4205049461218331, 0.5793128154181337, 0.6515292932721797, 0.4526055890986971, 0.5325078358091149, 0.5877096467398181, 0.5606744869529519, 0.5262242935834869, 0.4679947578100252, 0.469292610939278, 0.5875807581460719, 0.38340824959029907, 0.515149214408821, 0.5719516176372417, 0.5256522339831686, 0.5786276548938303, 0.5839773045385901, 0.5858702646900418, 0.5643329848388695, 0.42396929186880417, 0.48101907045976755, 0.3935601057414858, 0.42833949648297986, 0.4819487686140259, 0.44761903728870356, 0.49401640040748496, 0.47177951037406796, 0.5516921307795637, 0.4685675029292885, 0.46619926317720506, 0.5220636484606512, 0.556144542820179, 0.47519870515678586, 0.5675348019100649, 0.506578643626994, 0.3463320793363541, 0.425197770886091, 0.4981128767215256, 0.3767310549959553, 0.4610568813899406, 0.4751539031601768, 0.4076423063996053, 0.5550348234084413, 0.5312038092724056, 0.5705628872088102, 0.4601925699879217, 0.4369123343858914, 0.5066441930946393, 0.3732665850503899, 0.42842108611547725, 0.6016989946823326, 0.5137507684693614, 0.49217440698319026, 0.5766011710034724, 0.4732911514183131, 0.4458106200202424, 0.4104179073011037, 0.45390695940847825, 0.47342353948786764, 0.3173712596635907, 0.4765929507223958, 0.40288225051336246, 0.4458572635346387, 0.3851598468560795, 0.5371918935313044, 0.34824590731046545, 0.4465936481871535, 0.4753779264449679, 0.5827068708254806, 0.44270467651019874, 0.39889666362495413, 0.4980917372214765, 0.3623894613271834, 0.4591455068778756, 0.39294113814834586, 0.5510672977433984, 0.427530879032355, 0.5526376557761293, 0.45852069656919414, 0.5905867766861117, 0.6003137340088064, 0.6175818317513798, 0.40820388385015893, 0.35269751064969135], [0.47008493516165073, 0.4800484395083109, 1.0, 0.43885503895729583, 0.5443544171708633, 0.7302956798295084, 0.5309240184360653, 0.6128569981701775, 0.7485283925442522, 0.4907411286717708, 0.5487850790588379, 0.59330580195136, 0.4887781774710591, 0.3759910766838094, 0.56164290596292, 0.771338143706647, 0.484770617997057, 0.663970548403404, 0.5392716113620213, 0.45204933816768156, 0.5605911313490477, 0.5689827507112748, 0.5888721199062317, 0.39589754635790997, 0.565525848925515, 0.46571951329860173, 0.3701688147873823, 0.49098657467689055, 0.4121886314916683, 0.3849547493098868, 0.45032458165331646, 0.5549208006310706, 0.43134509081083117, 0.44614345834067803, 0.38466424663190746, 0.5582023342535527, 0.4960590001250368, 0.42723435357221773, 0.46624367907435005, 0.44996827837870434, 0.4405937360989791, 0.4770118949511363, 0.44733758647925126, 0.5562900649157951, 0.4184091656477359, 0.5323623275381689, 0.561101958329246, 0.4407715393463437, 0.393532349189195, 0.4911437811642615, 0.5320245075031375, 0.5631889183588334, 0.48706883881568774, 0.31300287382857417, 0.5346575321330121, 0.421046804995557, 0.3939279518420086, 0.3866178247678689, 0.5111418377558598, 0.4216275434928911, 0.4038675124105505, 0.42935320404644417, 0.39623223207878155, 0.47314884577523186, 0.4899371759079636, 0.6433579305234345, 0.577877944355722, 0.4742015487794182, 0.4496713229292083, 0.5014806240693724, 0.5889591722837958, 0.5445643020774453, 0.4786415361424837, 0.36126750815921393, 0.4452595594559555, 0.47713245167641716, 0.5125310174363122, 0.4803946002765075, 0.557807944833856, 0.4459878558850682, 0.49461851661743994, 0.6386513718017213, 0.5430042932312162, 0.5308592836213715, 0.5548301894819627, 0.487963730604035, 0.5114514770257145, 0.45800164327413817, 0.4654039701523933, 0.47203588336888624, 0.5006642103937979, 0.42731625399267514, 0.5456352476641328], [0.6661827084645171, 0.684690689123725, 0.43885503895729583, 1.0, 0.4135354505027149, 0.6407291138953926, 0.3570382858895469, 0.46587772658709736, 0.5244471001251636, 0.5344417447793132, 0.7909085382964461, 0.5669107451790668, 0.4650909502097659, 0.6203629879617045, 0.5840208004568428, 0.42371391882939935, 0.5706373914745209, 0.4668409973194201, 0.5473655229162182, 0.5325515352552008, 0.6064693711676825, 0.46580463421039386, 0.44000220885275165, 0.510785655957434, 0.4233231256288782, 0.4609605634707087, 0.5034009301010767, 0.5256504808150168, 0.4022621127185664, 0.4581362943890198, 0.4713001256889121, 0.4863111494810928, 0.6053461556907791, 0.5740884371402365, 0.5276161904905421, 0.5290014751598643, 0.538691790244234, 0.4851232352008985, 0.5859566472742022, 0.37048479132933354, 0.49372977448624067, 0.5393340311357487, 0.4733310758422057, 0.47649953491968133, 0.5217416850532535, 0.48528745187153977, 0.5601215568221383, 0.43737856143790743, 0.477935948138107, 0.47067754839077003, 0.513719279906332, 0.5205429236670571, 0.5382724140158537, 0.5716399533920311, 0.500071648526086, 0.5001650508589011, 0.5680580857864844, 0.41527411937317704, 0.4718001329803889, 0.5006389345535533, 0.5354287930522614, 0.5772096040679571, 0.7447341587273886, 0.4642537863130868, 0.44453055666916497, 0.3594128683154689, 0.444220903106344, 0.4219682786049195, 0.2764111695521453, 0.5297824289991635, 0.34096878114126916, 0.4899058953437121, 0.376612890858221, 0.5162971063393296, 0.359884774462616, 0.4297342652188524, 0.37772920616337313, 0.4526100470125418, 0.444859351838067, 0.40073330337759316, 0.4278822892581412, 0.5116290265495593, 0.5197074587190493, 0.3977801178560103, 0.523554813992974, 0.3828805354707193, 0.4471941275372724, 0.38872666954564494, 0.48104417406078925, 0.47023886376923785, 0.5151352023349547, 0.5223462098489997, 0.43681404274976177], [0.5046437550170335, 0.5510648537283764, 0.5443544171708633, 0.4135354505027149, 1.0, 0.40844216029679603, 0.8015116435031472, 0.4400182662325174, 0.5080729310318024, 0.7605453388716619, 0.5164514076034105, 0.5090835303013344, 0.6696651768288701, 0.4606611483168538, 0.3540969514661122, 0.6013440029529946, 0.4826968503496376, 0.677767663803139, 0.4058287990447772, 0.46409931557822737, 0.6288026395594843, 0.5219691424321584, 0.574502356306057, 0.5516567724215711, 0.580870826726293, 0.4488142113735024, 0.5815962955046585, 0.39946743381913785, 0.3926732177674639, 0.4806143806327897, 0.511463675355535, 0.6042983668406937, 0.41899315869170006, 0.5189051140203672, 0.4336754042525992, 0.6367733974436913, 0.422788254294965, 0.552832032790129, 0.3877654063206981, 0.684048921421079, 0.49970420241145463, 0.4701031411441352, 0.41853592061603684, 0.6378761870368169, 0.4537977918051902, 0.3895999253561444, 0.3955624384533023, 0.3786057382717971, 0.2859154220531599, 0.4009020885829213, 0.4553685189488461, 0.4809873777234579, 0.4390545303865597, 0.5366177996350526, 0.4984997436449491, 0.4445203916868842, 0.4215602733043031, 0.4307025318928249, 0.43217831233862525, 0.500508830289955, 0.5344255272142823, 0.34042129247854547, 0.41403114031067767, 0.5739510211193176, 0.6647642746466136, 0.5620763031912663, 0.734393780086966, 0.49962016360191, 0.6154519075500435, 0.4837090269842589, 0.7327383145557054, 0.5776319860805665, 0.6251545747179632, 0.4106456130832462, 0.5942656591684328, 0.4156567973214267, 0.46236958765582725, 0.5387910545987364, 0.5115085678359301, 0.44590828077494327, 0.30916880850677364, 0.47801555774975213, 0.5891574981683535, 0.4968279512075181, 0.4707831950522636, 0.3864797479522921, 0.47738552998299477, 0.42922575873362845, 0.3913901402847151, 0.427332950615402, 0.4142712402668338, 0.3832418436051408, 0.39858469980990285], [0.611470076895075, 0.63125904634974, 0.7302956798295084, 0.6407291138953926, 0.40844216029679603, 1.0, 0.25641875798764646, 0.6044389448989048, 0.5760116935131935, 0.46054687397061844, 0.6026255590178321, 0.5548196731861057, 0.43769853577736917, 0.3644460625424454, 0.4905788680681933, 0.4619839152588807, 0.5262678651799841, 0.6061562681381119, 0.530918648035733, 0.6017454860484869, 0.5191358481473978, 0.4997184789740442, 0.5347328465812846, 0.40040877490096427, 0.5893291852423665, 0.6086460197282, 0.5303541079294747, 0.6108126325149006, 0.494515717761867, 0.5157793827250643, 0.4001023086520892, 0.48735007191768154, 0.5221830717026517, 0.37061674684156243, 0.45127597611079207, 0.48546314072636076, 0.5535510794673981, 0.41803609190079527, 0.5384382948387847, 0.3627689329501653, 0.48051097795472075, 0.5229972280078283, 0.39395313099085016, 0.3984520486122376, 0.3982528177900402, 0.4770496447780941, 0.6359375212752459, 0.4347990946793584, 0.5077362064636866, 0.531148572721545, 0.538700210950774, 0.5557735031800088, 0.4618283397151678, 0.4123450269107859, 0.566417753814213, 0.4107712477675569, 0.35155795080547736, 0.3376453429326667, 0.4388941031421896, 0.5116194652997309, 0.485223724438147, 0.4939338052097765, 0.5860281429686609, 0.41562010235092506, 0.39970948255569116, 0.4789136752089034, 0.594534835154297, 0.49832091586229255, 0.2546973498292431, 0.5703380357799908, 0.40339688560744746, 0.5826560739629671, 0.4481060286755514, 0.5380597314655201, 0.41765004316912546, 0.5883197190159454, 0.5874173553607335, 0.4585768599525717, 0.5008366709296738, 0.3832258216991009, 0.5614357933919937, 0.6493340064370476, 0.5379706440614298, 0.4704903546481214, 0.5762391610120805, 0.4068576628348032, 0.4543323437135566, 0.4367121032895719, 0.5147928093069931, 0.5359948135701824, 0.506108572766746, 0.39596522687528424, 0.577538581619383], [0.528983869807484, 0.5687726538692773, 0.5309240184360653, 0.3570382858895469, 0.8015116435031472, 0.25641875798764646, 1.0, 0.443914001002079, 0.6501190539358719, 0.6959582349502738, 0.4825574112570924, 0.49845513500882743, 0.7232535894153258, 0.49936548824865035, 0.4425241932700097, 0.6805996422451495, 0.45320142432904575, 0.6118184760782964, 0.4348329229586233, 0.3643222380551373, 0.5064605035163333, 0.4002426127667742, 0.5093779937140133, 0.5274982011038793, 0.4551588950445029, 0.41666903515899945, 0.4671924904541669, 0.39301329191015644, 0.36370575223739365, 0.4561007272592017, 0.4037942728016628, 0.6701896091806244, 0.37670469383203653, 0.5650382165191996, 0.4964583371776369, 0.5693097731337229, 0.4581979682908597, 0.5321591310585139, 0.36909956819987544, 0.7936282096849078, 0.5248046254465321, 0.5367486519480127, 0.4473266335189108, 0.6807298097030313, 0.5312612229492557, 0.455177003354718, 0.4526887947884627, 0.4182220128203763, 0.3093178931946239, 0.4622769689102858, 0.3685189470656052, 0.6068103738279991, 0.49484731511240165, 0.44646956167295027, 0.4035346752007185, 0.4871906474299956, 0.5409714028502319, 0.5570592317975998, 0.4311856378357942, 0.4655125377715533, 0.47853382836732217, 0.32720171086039584, 0.40552212345786354, 0.5352796018733956, 0.7533603847935821, 0.5628247077257091, 0.6757294162300043, 0.49053682307302093, 0.7432351817530564, 0.5066458711715627, 0.7736262649592937, 0.5667642814061077, 0.5969561037791165, 0.3639062333530865, 0.6347056664855852, 0.41362730394207237, 0.48062884749621104, 0.5629606637958976, 0.46551270111390985, 0.5398447075032295, 0.5132009268238733, 0.2993092211924796, 0.514800784363473, 0.39430675495446943, 0.43775380298249955, 0.4896809373038328, 0.4545813643926242, 0.4640541824807035, 0.39843239124031493, 0.40155118257071565, 0.48114891369090984, 0.40863169301795865, 0.34062911830365306], [0.42530458739182486, 0.41913104669828294, 0.6128569981701775, 0.46587772658709736, 0.4400182662325174, 0.6044389448989048, 0.443914001002079, 1.0, 0.5861715843436204, 0.5004941686534232, 0.47656304637002167, 0.6259607063060705, 0.43777843813611705, 0.562531798165165, 0.5493165593716899, 0.49023820171368393, 0.6236191042080683, 0.5744836614886574, 0.57676148184854, 0.5708181272254911, 0.41007314083169766, 0.5066849294116295, 0.5408181615416003, 0.5984778569520892, 0.6176578623516505, 0.5767731864405511, 0.5898726646299765, 0.6353888849612367, 0.6270933189159971, 0.49644247169265243, 0.5588606771198776, 0.514836511681071, 0.4554830833149842, 0.5807014068126959, 0.49202592688587177, 0.3624899768266726, 0.5279790918076629, 0.4221386932452278, 0.44774109314261323, 0.4461380172569386, 0.34957136708516257, 0.546009773241714, 0.4565044119361683, 0.37063772588782773, 0.5203816906821686, 0.44278568012616226, 0.3381438710156762, 0.45993393617944134, 0.46533303992209885, 0.5370225808839852, 0.441164228967146, 0.4938515275566828, 0.48744906138863864, 0.3355423085766971, 0.6281517396794007, 0.34970571251367055, 0.42508662966630606, 0.45747626217684867, 0.5470752994168633, 0.35126875428897497, 0.40398137793167177, 0.40248702730030184, 0.4918162272239689, 0.6034765804602181, 0.5025395212692367, 0.6798287855428404, 0.5025418398809448, 0.4383052596124164, 0.6006941105021483, 0.7409695366157241, 0.47151165906092696, 0.42588113693688845, 0.5581080553863342, 0.47425023647947095, 0.5457006261232658, 0.6137508013269366, 0.618874144555234, 0.39994245724915023, 0.5938979137952309, 0.6168455258547315, 0.5144084699023936, 0.47463514052724254, 0.43661069151228926, 0.36312267310895885, 0.4255538089810943, 0.3999843267402279, 0.4579949996557261, 0.3570285276023488, 0.4828871063207407, 0.5014258080234893, 0.31525814419267695, 0.3715116124228772, 0.5674023282708163], [0.5849713294398903, 0.6217088380399569, 0.7485283925442522, 0.5244471001251636, 0.5080729310318024, 0.5760116935131935, 0.6501190539358719, 0.5861715843436204, 1.0, 0.5626442162551449, 0.5110867438914992, 0.59863577081675, 0.5684208002848576, 0.5284332185318603, 0.5919480148401381, 0.706328248166397, 0.5359437760336001, 0.5967163633287029, 0.5041146378652299, 0.5040225841211536, 0.4006057499091177, 0.5406610904636635, 0.5511433768670028, 0.5202448966126442, 0.5035942338653523, 0.40799101989543873, 0.52413944964336, 0.4972177435968286, 0.47111521440525284, 0.26378044171774906, 0.49318942433008894, 0.5892870798967342, 0.3672156165647329, 0.48368912477854, 0.4209306362263484, 0.43918202815072016, 0.4872870334161129, 0.40605670957655216, 0.32128230492903964, 0.5809370217377456, 0.4266283383911512, 0.4508888233467607, 0.4449477165652509, 0.5377316039300896, 0.464761829777795, 0.5952269148446753, 0.5884929932945702, 0.3673916825348966, 0.37124089349013956, 0.4245008782214956, 0.44285412695755566, 0.5671170987959877, 0.42827847130041274, 0.3590867213639273, 0.4600571695279291, 0.4344321461788677, 0.45653740785840313, 0.46279885721841185, 0.4800779041482598, 0.41186149874546985, 0.3959734234555292, 0.41813607992100776, 0.43532065099906614, 0.4940217612279628, 0.5545937574154332, 0.5258466397391101, 0.5119833036461265, 0.3830996261170224, 0.4619049494278168, 0.483422378866078, 0.4577668214459236, 0.5270973941746753, 0.4717466960854926, 0.488932459094112, 0.4083726492627694, 0.5716361969217806, 0.5849433408665543, 0.46823707123757097, 0.40749209565942257, 0.42913156420740406, 0.5722992490889443, 0.45863010982506003, 0.5697070244144941, 0.46081970333874034, 0.5576749861744914, 0.42324042306931997, 0.6560184570126165, 0.46997807107330014, 0.4538534970521513, 0.5880748150469682, 0.49260263872412213, 0.4855139930203023, 0.5654049027843566], [0.5105895856699326, 0.4205049461218331, 0.4907411286717708, 0.5344417447793132, 0.7605453388716619, 0.46054687397061844, 0.6959582349502738, 0.5004941686534232, 0.5626442162551449, 1.0, 0.5842349101003871, 0.5341527640712779, 0.7675088083661747, 0.49912334992712315, 0.3854734513169832, 0.5687087436841988, 0.47146768534502603, 0.6488590720216263, 0.46987556881294645, 0.3713770612951701, 0.6884359065916303, 0.4384986270407223, 0.4511852654141235, 0.5875166225242829, 0.5173252551052885, 0.454835122656993, 0.5778388458576936, 0.5011365764304638, 0.48528257153375054, 0.5182124915247865, 0.5124673234893438, 0.5921244966443076, 0.5803602734827412, 0.5258582317602274, 0.4972202608647408, 0.501893431078556, 0.2749738208695527, 0.44749508546499894, 0.34035192834343353, 0.6100668664688134, 0.4327356534618244, 0.5356937970301554, 0.3274325662290217, 0.4725418134489534, 0.46533175330651, 0.3758979254983684, 0.4601013016551385, 0.37927442316363524, 0.30247264053009637, 0.33187767624323894, 0.4474653734034182, 0.62055976625234, 0.5124344013813951, 0.43002328220847275, 0.46803935600556545, 0.39646682153133517, 0.33329096444168305, 0.459546817906491, 0.36201128515766623, 0.34249921260020055, 0.6115166778511092, 0.43040568506029964, 0.5352662141367928, 0.413321296683677, 0.6069349292804727, 0.5335500858531701, 0.6803890566790446, 0.4007145976875828, 0.6430138375194504, 0.46106845986937506, 0.6787306577117216, 0.6372091186278385, 0.5781432817671444, 0.4656872467403125, 0.7252692993916752, 0.5127939972144402, 0.5523330572628453, 0.41604730436890147, 0.4802812822702184, 0.5059867446134596, 0.49288693808764183, 0.47001220702622437, 0.64967914269093, 0.49339218232714455, 0.43328100798434155, 0.4490920974003848, 0.5119007360625318, 0.4403774274065495, 0.36639788334071843, 0.38882413219656087, 0.5055920600495571, 0.48613396023131583, 0.5664795212163339], [0.6297473066132606, 0.5793128154181337, 0.5487850790588379, 0.7909085382964461, 0.5164514076034105, 0.6026255590178321, 0.4825574112570924, 0.47656304637002167, 0.5110867438914992, 0.5842349101003871, 1.0, 0.4974212950076792, 0.6185797484508351, 0.575336491376096, 0.6451188270316933, 0.5378702702797774, 0.5680877140083882, 0.6050462898145628, 0.4820650630709088, 0.5225076046731172, 0.6002509421158075, 0.5831901181623875, 0.5378567953015282, 0.5824374119854359, 0.4798135156156781, 0.5332623202807785, 0.539173590934294, 0.6056031882113438, 0.43147568537738923, 0.5491574365571301, 0.5326809559267651, 0.6360434655429871, 0.4946473685987135, 0.51312442026756, 0.4047200088370746, 0.5108737415862581, 0.473663542499148, 0.5059097047819143, 0.41710977229840673, 0.35932220591375197, 0.3996509724545456, 0.5723042924379972, 0.38574351991344746, 0.5973725618389316, 0.40183240914281326, 0.42276617386580684, 0.6937269405303536, 0.4590446160865296, 0.41140406717027034, 0.5109426192416016, 0.477891722254169, 0.43644587125544065, 0.5108623021647927, 0.45941229706569864, 0.5090279392849874, 0.33325546808967244, 0.4352033869016074, 0.43180314188199276, 0.46944154249971803, 0.38393128406348653, 0.4601301439908747, 0.5099125230488876, 0.6720135390652251, 0.4969003857495955, 0.5388072079046777, 0.48134322930549067, 0.5056020920979005, 0.41920094510778094, 0.4137262768620382, 0.5410356120973994, 0.46015615709678725, 0.505602447951076, 0.399956369602837, 0.46520406115397217, 0.496796400352691, 0.35751369961835144, 0.39641656597089336, 0.5336269099767338, 0.45436717490776024, 0.44898984189363067, 0.3895756015856615, 0.5190445214109162, 0.4112900463378899, 0.4053820472029225, 0.5111435338971866, 0.4414696507417455, 0.33764578867201267, 0.5006438658896286, 0.48336395125139575, 0.32841964193393136, 0.4914058068991466, 0.47760383426151964, 0.43176420160363205], [0.6188552529639467, 0.6515292932721797, 0.59330580195136, 0.5669107451790668, 0.5090835303013344, 0.5548196731861057, 0.49845513500882743, 0.6259607063060705, 0.59863577081675, 0.5341527640712779, 0.4974212950076792, 1.0, 0.46149310057836457, 0.41790700748014853, 0.5805337031771942, 0.6281483619273788, 0.46791679284227417, 0.5521220083195331, 0.5456243825423237, 0.5333162954047994, 0.5811037218634946, 0.4826812427508018, 0.47677623873156727, 0.49848087968143473, 0.48933941064556563, 0.6155883754865563, 0.54109030098246, 0.5141599821767939, 0.6694780839695829, 0.5010097941789479, 0.5507677376357072, 0.3626370881625849, 0.605939116445481, 0.5538064757893892, 0.4950947157953467, 0.38105878208852195, 0.5507577234269954, 0.4174517693333931, 0.38890964547692874, 0.4500168408276346, 0.5066296728238284, 0.4810089062585534, 0.5724867298145133, 0.47038910626294095, 0.4769053139904479, 0.41766702367824493, 0.4030683588488587, 0.3936363165171155, 0.4571781614312951, 0.4578961334336059, 0.5608376048205179, 0.5242442021873637, 0.4629061588609018, 0.4626874453829929, 0.43972925922239026, 0.4522222988719701, 0.5269440215949773, 0.4637924684973984, 0.5128654442431615, 0.49919256589918337, 0.4669805425137883, 0.5645973768265706, 0.4510379587561746, 0.40469226527358493, 0.46627104496614435, 0.5092054127256536, 0.38993319262171044, 0.3759534453936282, 0.4104110568725572, 0.43957203104973575, 0.34559874501576704, 0.4627869160620286, 0.3933729556496366, 0.473839966492296, 0.3978277532692044, 0.4415207713746989, 0.4903722461441462, 0.41806729047544355, 0.38492030207325145, 0.41371362656144206, 0.3243475135190942, 0.47410562896359576, 0.5277403807547968, 0.5156368352791942, 0.5298422470134652, 0.46509186810305236, 0.520926378385629, 0.48002716919402644, 0.5243632768141144, 0.6122220144770748, 0.5087273381011586, 0.49950273731075334, 0.4692614258207135], [0.4220972745523409, 0.4526055890986971, 0.4887781774710591, 0.4650909502097659, 0.6696651768288701, 0.43769853577736917, 0.7232535894153258, 0.43777843813611705, 0.5684208002848576, 0.7675088083661747, 0.6185797484508351, 0.46149310057836457, 1.0, 0.6303742439318367, 0.41959164764323365, 0.6515507379553792, 0.5588259365933186, 0.7268419107152562, 0.5157674009741894, 0.3999104339424908, 0.561637295629263, 0.45398662714215576, 0.39239170479895447, 0.6151307273277316, 0.5151489200218562, 0.5459511633880159, 0.5067716028556225, 0.5464200172055127, 0.532290097299822, 0.5532406365986178, 0.5118033165742591, 0.6392527662461728, 0.4122781726205772, 0.48525040868952307, 0.41093233326681444, 0.4821038637161551, 0.3343617916978795, 0.5045822544062066, 0.29430246966617535, 0.5709414857591217, 0.49939281762459686, 0.45823136344153625, 0.447110090036821, 0.6506683831819258, 0.46054597337282277, 0.3558404270775596, 0.5194847784618924, 0.3422501565689693, 0.3900151567173564, 0.4515466857928657, 0.3968695230504772, 0.46329427248591937, 0.5568610177292391, 0.3754796286836306, 0.4498000076774028, 0.46619094913374104, 0.37036763810818907, 0.35552836637376506, 0.3978026925465006, 0.40841536192837, 0.39799712605657156, 0.5000907510933996, 0.47528265071341247, 0.5187349507079843, 0.8183978031316619, 0.4852573233810268, 0.7014498199627769, 0.3982661800882542, 0.6084642307779783, 0.5877542865393814, 0.5971419051578766, 0.7669993270131794, 0.516641653861225, 0.4880177261271834, 0.6133494657358087, 0.4496650285925031, 0.6183823008284807, 0.5879584068242887, 0.40383169512866324, 0.44525765076979407, 0.5041519268629961, 0.43989768737980106, 0.5997701095013586, 0.41722074478995075, 0.37178176755129466, 0.434881004814489, 0.44621722524212903, 0.4376367525729794, 0.33794254176350447, 0.29374222466199207, 0.5394173779835991, 0.44046385509894315, 0.4937638650069007], [0.44914837754893255, 0.5325078358091149, 0.3759910766838094, 0.6203629879617045, 0.4606611483168538, 0.3644460625424454, 0.49936548824865035, 0.562531798165165, 0.5284332185318603, 0.49912334992712315, 0.575336491376096, 0.41790700748014853, 0.6303742439318367, 1.0, 0.5666944227973695, 0.5570004366940858, 0.5640010314217414, 0.5026504243142038, 0.45295055931627237, 0.5764880535435823, 0.3492033766638346, 0.6195190952875509, 0.49715880803337165, 0.6427623405615756, 0.48121726005951804, 0.5405066606334272, 0.5436524314595241, 0.5646156210729816, 0.5314721073346391, 0.47557173480472303, 0.6794329317045338, 0.4508997771685421, 0.41983204965387433, 0.45551139460300405, 0.43407771724930866, 0.42824186009993104, 0.452523629550749, 0.4619313285063211, 0.49304300359937103, 0.448898099437988, 0.43758032597626784, 0.3762477115469671, 0.5740963698599046, 0.5700789046262313, 0.43354985213669495, 0.4361492869892919, 0.38919647247402067, 0.4120429497352438, 0.546347894703406, 0.3492978611592318, 0.48256617742517827, 0.491446585603603, 0.5380536652112259, 0.4473900423434648, 0.42578336149020746, 0.493685910269298, 0.4827306008079175, 0.46813121727037743, 0.549470324150193, 0.46590511902063303, 0.4734172544164156, 0.4944414272636951, 0.4612364380712539, 0.6549892750369752, 0.6028347455361944, 0.5826387382071262, 0.4523008687393839, 0.39807467864653334, 0.5477005786208038, 0.6393195852680089, 0.4383479428625582, 0.5315517177112559, 0.38372760198581024, 0.6040169586485312, 0.504120264572816, 0.47230163447708373, 0.6562565353073893, 0.5152354242321078, 0.5089598969635734, 0.5563428807853623, 0.4878420793513737, 0.40985321214121406, 0.5076300325905072, 0.4232757959987844, 0.372788574840349, 0.5131673213217836, 0.4683237340601789, 0.38342743467174367, 0.47564539569317466, 0.4009041426899008, 0.4672259773868226, 0.5396257509382031, 0.4896180196039278], [0.6159523165068491, 0.5877096467398181, 0.56164290596292, 0.5840208004568428, 0.3540969514661122, 0.4905788680681933, 0.4425241932700097, 0.5493165593716899, 0.5919480148401381, 0.3854734513169832, 0.6451188270316933, 0.5805337031771942, 0.41959164764323365, 0.5666944227973695, 1.0, 0.5482748177487969, 0.4597771967094624, 0.42395428654482414, 0.5600937061093356, 0.617164892624931, 0.4216104029684419, 0.6004961073699957, 0.6414959479601121, 0.5323695461309629, 0.603018959028273, 0.5893356778352562, 0.5966730322331195, 0.4834700832475315, 0.5033717996114215, 0.6418194200281316, 0.5056573732132319, 0.43547286994368783, 0.38666703932422297, 0.43536076349006303, 0.42521539455656143, 0.4132707670960595, 0.424001169553191, 0.34078599743382365, 0.37038439943005275, 0.39101637682692547, 0.43496607423787437, 0.43457322026357825, 0.42895694182258004, 0.42244219161041574, 0.43562700114891983, 0.45650799640725814, 0.4854133190754265, 0.42596095607230555, 0.4672526121748881, 0.3936980108528231, 0.46841640650416283, 0.37740955174815227, 0.4916652012181518, 0.4447703396037852, 0.5700464436617423, 0.5436160384386659, 0.5971976752933894, 0.531722045499676, 0.5064283746775062, 0.4662938083496615, 0.5043015317461861, 0.5686604027629554, 0.5739330643913931, 0.5069635034029935, 0.4681996670614783, 0.4831702118834844, 0.3614996267363143, 0.43578102322141266, 0.34908746230478027, 0.4539584488390125, 0.35599812169263, 0.33256107804424706, 0.33476073204445844, 0.5118368663763757, 0.39442547649694226, 0.4980417695877759, 0.4635641656973145, 0.6082060665857196, 0.5429741808972757, 0.5440846681790379, 0.5040562990782197, 0.44270072076456135, 0.3905649958939179, 0.5510887288396122, 0.5889952501790473, 0.5230244998912662, 0.5956351515562666, 0.5758629411734574, 0.5388653362557264, 0.5440430774332332, 0.573281919751978, 0.5511034888599935, 0.5523612466642023], [0.48763396770281464, 0.5606744869529519, 0.771338143706647, 0.42371391882939935, 0.6013440029529946, 0.4619839152588807, 0.6805996422451495, 0.49023820171368393, 0.706328248166397, 0.5687087436841988, 0.5378702702797774, 0.6281483619273788, 0.6515507379553792, 0.5570004366940858, 0.5482748177487969, 1.0, 0.479322899622629, 0.6593728520050488, 0.5470211895391368, 0.33710785888504513, 0.4095299632790791, 0.5791834304032005, 0.5282073935927452, 0.450957967976487, 0.5197809183989817, 0.41305186949779715, 0.4761117498295132, 0.5987885243392257, 0.48304593893442604, 0.42690559022869246, 0.5193518802327443, 0.5494485857208417, 0.4268335824432947, 0.4247154722106484, 0.43007757884369535, 0.5321877264395726, 0.3686334652653467, 0.42820687281842096, 0.4050554096926213, 0.5067221172427276, 0.47865192453930316, 0.41034414304243816, 0.6409686218320331, 0.6016714225487788, 0.4042086672166715, 0.35948536207609605, 0.5036201733560179, 0.3810769763121594, 0.42985750332531236, 0.4809239832534996, 0.5005921007418475, 0.5540025930157124, 0.5563897099372255, 0.47611026417119384, 0.4919445215020254, 0.5358232616922534, 0.4320242260542876, 0.3695157921293871, 0.5902060068605792, 0.41487183550375595, 0.3594113298032252, 0.4375660199661212, 0.39142091723332284, 0.37464155590695525, 0.5649295285544553, 0.5384324345636575, 0.45512040749138916, 0.3912862879122262, 0.5115058526429642, 0.4294196087121346, 0.6317781588851712, 0.5193485483767002, 0.4139136753599463, 0.3584389396608323, 0.5179800279376761, 0.4808761170447845, 0.4718592553320272, 0.538928450355425, 0.4619594951547694, 0.4330576463175142, 0.5579268781064217, 0.4386259043089724, 0.5303584687863048, 0.44661195777348595, 0.47627624277784064, 0.49261035994290625, 0.5224575936214775, 0.5452197647900618, 0.5230059656889314, 0.40709534639337397, 0.4785618181317929, 0.4580379857247008, 0.47491499323922903], [0.5142945102101303, 0.5262242935834869, 0.484770617997057, 0.5706373914745209, 0.4826968503496376, 0.5262678651799841, 0.45320142432904575, 0.6236191042080683, 0.5359437760336001, 0.47146768534502603, 0.5680877140083882, 0.46791679284227417, 0.5588259365933186, 0.5640010314217414, 0.4597771967094624, 0.479322899622629, 1.0, 0.4754132234346726, 0.6621944055735731, 0.614552821238065, 0.4867390338962385, 0.5889686917977447, 0.49658332705165975, 0.57371274939333, 0.6204988149447412, 0.6413719378379444, 0.5307516622821681, 0.6862396984242012, 0.4562128808964716, 0.5673837562364685, 0.6030974330044034, 0.44622181785728166, 0.3246450765597737, 0.4790198920428539, 0.3734227130989465, 0.42412866415082584, 0.5044811492606105, 0.5026002958929491, 0.49087856477856295, 0.3507657691043765, 0.35742179048304046, 0.5100822789794887, 0.5310043445568927, 0.33803272328273615, 0.46119059319905586, 0.49598527830884565, 0.48532798770617425, 0.4758867888267574, 0.417313108431174, 0.4825648636131047, 0.3949517727338906, 0.44933026568562584, 0.535609076150817, 0.4553654255638545, 0.6171892310594699, 0.4048590711430048, 0.5291953916029632, 0.5080793038571854, 0.6373300227072641, 0.45100612237952364, 0.4685257800639525, 0.5688556270606665, 0.4631921887859022, 0.47018640518246, 0.3582839955021446, 0.45629579151122734, 0.4441142231617339, 0.4058983306200914, 0.33409812579624587, 0.5738211071237069, 0.40995117901910894, 0.6054468628788434, 0.5435368729886452, 0.5303900080720604, 0.4159906725948376, 0.5352745872216074, 0.5498326687769075, 0.39511667858325406, 0.5853894656119394, 0.42645274895920815, 0.5238443232927745, 0.4767181500011137, 0.3381993346963549, 0.4305914768431859, 0.4187284050469816, 0.4417755942970869, 0.4845509201387176, 0.47127264231239785, 0.549441813912164, 0.4651217784831553, 0.4472559816191909, 0.4345184080071124, 0.45859069446936696], [0.4519377649792151, 0.4679947578100252, 0.663970548403404, 0.4668409973194201, 0.677767663803139, 0.6061562681381119, 0.6118184760782964, 0.5744836614886574, 0.5967163633287029, 0.6488590720216263, 0.6050462898145628, 0.5521220083195331, 0.7268419107152562, 0.5026504243142038, 0.42395428654482414, 0.6593728520050488, 0.4754132234346726, 1.0, 0.49492607349465334, 0.48765940149774445, 0.6984966734626429, 0.421991113509533, 0.35846479081824345, 0.43976392892399285, 0.5396514334691427, 0.4071914694543274, 0.48218708380891084, 0.6099761860928008, 0.4532277933749018, 0.4408112164569111, 0.44599768265247286, 0.6752128987464838, 0.3888639620475244, 0.47388217163449264, 0.39539947086060356, 0.4219909778292954, 0.4908006756498854, 0.41500998309122594, 0.3089921281597878, 0.5595010038425892, 0.4385926710553947, 0.4873857182297575, 0.42778060895450376, 0.617049914391254, 0.401934560016701, 0.4086672867592964, 0.5236092514448687, 0.36050417134496604, 0.40030945982417554, 0.46886005240437056, 0.3579364506500411, 0.48029506880380435, 0.4284965974049707, 0.4554559370841741, 0.47320141812549776, 0.45071483761706965, 0.4489010264035975, 0.3772921068749082, 0.4074242520960675, 0.33177890678935507, 0.4113886034368799, 0.4345977035024371, 0.49632246599909435, 0.49039574597542923, 0.794697612046975, 0.5408164196636129, 0.5654645201672438, 0.48642836669646705, 0.5646842960739096, 0.5598968272760572, 0.5958474293283216, 0.5382749132854058, 0.47162707047815955, 0.44402175012109035, 0.5591862038780036, 0.4866285832495172, 0.4926576471387082, 0.4855904509153407, 0.511831442570256, 0.5314215018371571, 0.38056325184866713, 0.6435768000437133, 0.7116838631223401, 0.5167485531004391, 0.42707135407816454, 0.5503608704044538, 0.5018957672105071, 0.389106181467908, 0.5497742209689376, 0.3960787447574816, 0.45510395131699843, 0.4732525636104167, 0.6153572886438792], [0.557059178945103, 0.469292610939278, 0.5392716113620213, 0.5473655229162182, 0.4058287990447772, 0.530918648035733, 0.4348329229586233, 0.57676148184854, 0.5041146378652299, 0.46987556881294645, 0.4820650630709088, 0.5456243825423237, 0.5157674009741894, 0.45295055931627237, 0.5600937061093356, 0.5470211895391368, 0.6621944055735731, 0.49492607349465334, 1.0, 0.5855018023957668, 0.49053620359078964, 0.5992033511100905, 0.48523124748928614, 0.6091234969831898, 0.6612070540175045, 0.5380501093049925, 0.48788916622832224, 0.5886154453924342, 0.4839870331043712, 0.45179093197595654, 0.46222085998254403, 0.36737410847475216, 0.45975097630934225, 0.5635791996203021, 0.42281400223425336, 0.3172438650184599, 0.378621962941728, 0.39471168234779563, 0.528159647972366, 0.42944736150445695, 0.35248909064081857, 0.571321280437952, 0.49373145776349747, 0.2888347283317583, 0.4787383005911865, 0.3338093693112847, 0.5312951401895684, 0.43033115508054176, 0.48726547903994877, 0.5122678288058595, 0.33762961475445197, 0.4341425001366963, 0.49828768228330866, 0.5422220336984627, 0.4699872241388193, 0.5562904850351131, 0.5368516607441276, 0.4228883849089504, 0.6555791222129081, 0.4841007817317108, 0.4828606207363739, 0.5139895817106284, 0.395249828725309, 0.43184593698860896, 0.47918522613406556, 0.5045624073461246, 0.4842339151249696, 0.598602424061581, 0.4404724508168604, 0.5258967967684463, 0.5736234334309357, 0.5655644914793374, 0.6137754801280757, 0.4725558804338328, 0.5228576820677785, 0.5695574575303346, 0.45766656986337884, 0.5440001222306263, 0.5808257003674491, 0.4569622916186392, 0.605392847502017, 0.599044389305212, 0.49467260152665005, 0.544030961627835, 0.46020682521755985, 0.4285706764030307, 0.556193440792857, 0.43054014670143415, 0.4855040014075016, 0.3723895876118868, 0.4328089773344126, 0.37138121909997457, 0.43664716369636536], [0.6683039003708666, 0.5875807581460719, 0.45204933816768156, 0.5325515352552008, 0.46409931557822737, 0.6017454860484869, 0.3643222380551373, 0.5708181272254911, 0.5040225841211536, 0.3713770612951701, 0.5225076046731172, 0.5333162954047994, 0.3999104339424908, 0.5764880535435823, 0.617164892624931, 0.33710785888504513, 0.614552821238065, 0.48765940149774445, 0.5855018023957668, 1.0, 0.430826733832569, 0.5414585579616225, 0.5843540435756713, 0.5959989516480256, 0.6073237715312509, 0.6129757055904346, 0.5633598972677043, 0.5169231395101339, 0.601502404571451, 0.5702204018135479, 0.5567366622234624, 0.3825607529372913, 0.3148419080524608, 0.4277863686270623, 0.367503110812774, 0.4009310278371575, 0.5135480879861356, 0.4009611430577026, 0.42423182838270646, 0.3978870176908953, 0.32710957779800975, 0.4392228402422569, 0.4676857030505833, 0.34020837319611275, 0.4280594917360959, 0.39968624647967677, 0.5328150169540808, 0.47585249255426143, 0.4993802387746068, 0.46393624100367414, 0.6219678731383483, 0.4126663942165757, 0.48073046353760207, 0.513600364185659, 0.48663820454751316, 0.4625204727970472, 0.5821801052788598, 0.5904606690238572, 0.46703340324300835, 0.543163566748126, 0.5798689527735041, 0.5293381570239137, 0.34586292375492933, 0.5193298001692441, 0.43687841255934756, 0.4361777547181692, 0.41453703347375626, 0.5800884128857796, 0.3732026844662346, 0.5354832150166338, 0.4358270402432758, 0.4792510005700815, 0.49645366760748777, 0.5863264617216024, 0.331242275356057, 0.5433436387365707, 0.5229112911418896, 0.4298502948279548, 0.5142179830624186, 0.4518598441408377, 0.462768874093599, 0.5241059882396742, 0.6081249641882672, 0.5863932099272908, 0.48692772406505735, 0.44940956940317456, 0.48702125422809595, 0.44395021973135895, 0.46748606292193107, 0.5818231421695127, 0.47604140393513494, 0.44922883114952317, 0.5185606578695539], [0.4509609365516559, 0.38340824959029907, 0.5605911313490477, 0.6064693711676825, 0.6288026395594843, 0.5191358481473978, 0.5064605035163333, 0.41007314083169766, 0.4006057499091177, 0.6884359065916303, 0.6002509421158075, 0.5811037218634946, 0.561637295629263, 0.3492033766638346, 0.4216104029684419, 0.4095299632790791, 0.4867390338962385, 0.6984966734626429, 0.49053620359078964, 0.430826733832569, 1.0, 0.40754049600134223, 0.3974569312935816, 0.43939832424937486, 0.4498116855830344, 0.4143981901546838, 0.3846131477023722, 0.48697603831401515, 0.49139831999529726, 0.49858165516830855, 0.48034693325726197, 0.5447829479685948, 0.5820224795824522, 0.5767610063079687, 0.398055734592456, 0.46086898790168873, 0.4457734210635671, 0.4520305564056707, 0.4784487954092892, 0.49393572680480746, 0.4931467714167804, 0.5530821367624745, 0.30591512566130286, 0.4840359045776884, 0.5005284226193616, 0.49282667725701557, 0.4309117831628566, 0.4842661942084876, 0.3329024078133882, 0.40673713678991663, 0.48596712282881105, 0.5168500076008902, 0.4440604309015155, 0.4535235570945677, 0.48737967474295174, 0.4427667486632064, 0.6135627204597044, 0.4678568038335852, 0.34666600406747006, 0.4805278413069156, 0.5928761790732319, 0.5881580618207153, 0.601054646737393, 0.4031880492026767, 0.5710788784816527, 0.49493211296551176, 0.5817496786948895, 0.5412237673775756, 0.49684252412558894, 0.46787252635725585, 0.523595175082795, 0.5162233597739961, 0.5035595075579393, 0.5070511237409963, 0.4892323666057352, 0.34045111823691987, 0.3912173727971001, 0.4787562878105094, 0.49225021440473327, 0.47863874882911983, 0.2858173802400297, 0.7046189866636765, 0.6392424831302732, 0.6766158660722681, 0.511517877478511, 0.6475659519108508, 0.5487859188222663, 0.48199344971430413, 0.5101220550444351, 0.44699318745694927, 0.6290519410159527, 0.5757502039099522, 0.6393608185939373], [0.6038437278673991, 0.515149214408821, 0.5689827507112748, 0.46580463421039386, 0.5219691424321584, 0.4997184789740442, 0.4002426127667742, 0.5066849294116295, 0.5406610904636635, 0.4384986270407223, 0.5831901181623875, 0.4826812427508018, 0.45398662714215576, 0.6195190952875509, 0.6004961073699957, 0.5791834304032005, 0.5889686917977447, 0.421991113509533, 0.5992033511100905, 0.5414585579616225, 0.40754049600134223, 1.0, 0.7330320479335071, 0.6666530736961775, 0.7067586788742881, 0.6298269787927615, 0.6617137709585028, 0.6476526338342148, 0.537878625717292, 0.478089586516679, 0.7228918140101359, 0.3142212408990248, 0.37202819883057436, 0.3255946086627315, 0.320645879979783, 0.37437169359585365, 0.3942957524550519, 0.36007194293524036, 0.44449160450030933, 0.4394078212652317, 0.4317299054478564, 0.44425031434885043, 0.3918711275700153, 0.4872303184050246, 0.3943121337245875, 0.5265769039097306,