"[[1.0, 0.5151101978869154, 0.4750006305858383, 0.5323749381113518, 0.30187397492833923, 0.5072785203374001, 0.5212702875339075, 0.49937999582535486, 0.541490201704175, 0.40290751621526977, 0.640780325952407, 0.5359845607258453, 0.40713758391330535, 0.47529804596789604, 0.5008920578968677, 0.41078605034238147, 0.4799243849390371, 0.410092172412892, 0.5401212075630262, 0.5114034900102606, 0.353625088649674, 0.5041338748325829, 0.5115319034403969, 0.4957641858689086, 0.48656856639385637, 0.4953179249643789, 0.4955481020639181, 0.5009568175911925, 0.45445547723980695, 0.5303300579999635, 0.5313312448579086, 0.3646654353779586, 0.4001233429579216, 0.3457460106064808, 0.4704373483229398, 0.531593405192779, 0.5098258024261839, 0.3994690235775301, 0.4979993448324346, 0.35812965157157917, 0.4978433909079628, 0.4461506398330546, 0.4616676004278899, 0.41479554437237187, 0.49601851587186585, 0.547260663541626, 0.5635129586040319, 0.5106406884507682, 0.4350250345129302, 0.3835267417366369, 0.4257795687314463, 0.45332252795178196, 0.587487759893567, 0.46249501460716336, 0.4931578963643998, 0.4417823140066228, 0.6658240015650144, 0.4699918075307913, 0.4321582987456367, 0.5961142678777853, 0.34383866913546024, 0.6146455587841304, 0.5613508190347383, 0.4113875970936737, 0.43101374894066913, 0.35798513982679936, 0.30911710812307125, 0.39779975538079226, 0.36691819943097914, 0.4713031811013769, 0.3489090736757493, 0.4108486105652399, 0.350709137678185, 0.5098419794462958, 0.42200382094125377, 0.427641344221276, 0.49737717164017736, 0.5417083122788248, 0.3848518962511993, 0.47287556994504065, 0.6020655354613406, 0.4619478476874449, 0.3911444019023871, 0.5437302425875452, 0.5106351007546228, 0.5362372218433613, 0.5077878329816843, 0.4422302807513051, 0.4974584348711507, 0.5062893699369658, 0.5907782843596329, 0.37418488341545486, 0.4994886297729748], [0.5151101978869154, 1.0, 0.5775132420666337, 0.6163050065618558, 0.4568368624713185, 0.6238251441034075, 0.5251257453354033, 0.4724259946980285, 0.6333320482132094, 0.39755485670811175, 0.5114973625708122, 0.5701671625286467, 0.4053029812303035, 0.47395952300340305, 0.49416656592134, 0.5371320997700695, 0.4774830572565625, 0.42833938314365916, 0.49166465033771933, 0.47321022542012636, 0.39678776862289267, 0.4713756914830648, 0.5229188059502574, 0.49502137373824473, 0.5016564048820288, 0.4833617449557046, 0.531788106343341, 0.508672592821422, 0.44382662997985345, 0.5258792029611964, 0.5254868279648574, 0.3645017192499995, 0.49873232693881253, 0.3968290498059972, 0.523945644537674, 0.6113218285024953, 0.6703325452901521, 0.4605439658602939, 0.44108865677137166, 0.35609305538986336, 0.541407755886396, 0.3499292492842264, 0.515797085307487, 0.29797642813744885, 0.46080940664437053, 0.42994272011264245, 0.4221885658756259, 0.504023655406851, 0.5410955949660492, 0.561974900354633, 0.4826243085035319, 0.4241050808632426, 0.5071244618156783, 0.5350409648430343, 0.477312136826446, 0.4888217528318831, 0.47651314028647085, 0.3527253278035968, 0.48703517426191945, 0.5203210232204833, 0.5700100877960795, 0.458817875321721, 0.5700000412305877, 0.3518119541672765, 0.41481781942334983, 0.36863141536163124, 0.4015606048699285, 0.3731597652052936, 0.4074924236742373, 0.4414562854409608, 0.4540343976590753, 0.36443666147896414, 0.3755359979884273, 0.5939872071816981, 0.4995947924170615, 0.36181370379267896, 0.4593688387733781, 0.47827636028054965, 0.5837460555541553, 0.48313800098384396, 0.4727566727425162, 0.35769902371017226, 0.45221764004968934, 0.450394008230666, 0.6007146251343224, 0.42338383029922144, 0.46411668757445435, 0.4626472480513629, 0.4666634755735265, 0.5068840661121027, 0.610653145812553, 0.4727331003464934, 0.3798469204296602], [0.4750006305858383, 0.5775132420666337, 1.0, 0.5665280663862352, 0.8475114122453935, 0.6589638315082649, 0.7743460222345933, 0.4736446154674483, 0.8738546353493402, 0.7568891944654725, 0.5940574472298783, 0.4521697730780302, 0.8401352864623743, 0.5121592995017124, 0.4119271039267052, 0.8742959673146394, 0.4502115149128736, 0.8877154766914214, 0.641822140845505, 0.38472039551268167, 0.7677435222497351, 0.44335923927622334, 0.4376270461474516, 0.5393125514176699, 0.5726948189876646, 0.42447138369233695, 0.43977527250121995, 0.46541856993633623, 0.3588919024689685, 0.4464370836244934, 0.38568821325464875, 0.7056531599599342, 0.4598573788010565, 0.6766517028385242, 0.426785186227158, 0.41626745392890396, 0.3849528117723937, 0.3894367906321936, 0.2776823473013328, 0.7739815735469497, 0.38818088323381716, 0.6166170947757961, 0.3845180521281032, 0.5658648466125147, 0.47691295049065796, 0.46411436373133785, 0.7019687573472104, 0.4795318152733107, 0.3349139360673721, 0.38256249156649114, 0.5421818876079002, 0.8528173329137108, 0.6008018482037389, 0.47438307816326886, 0.45295465869780005, 0.44357216743823047, 0.3697025487319212, 0.3565625672286553, 0.5214257706201458, 0.3229969743102389, 0.4379205134728996, 0.3877998375769124, 0.49315868324411805, 0.7101736259813782, 0.8344762967103472, 0.573986262654631, 0.739788372447578, 0.4496377369924348, 0.6675630206578461, 0.4210341711799954, 0.7442188712768625, 0.648084676685457, 0.5260549317633136, 0.33536805902496314, 0.6105526968992652, 0.4004186582127657, 0.3868126019025532, 0.6423646605368554, 0.5378474794152905, 0.5461320290900673, 0.4778026842336758, 0.6972055872665173, 0.7877916248976908, 0.5269527951364834, 0.685340236401939, 0.6107784965926952, 0.6832514566899273, 0.4556576168916223, 0.4617092501207507, 0.42366196218252483, 0.5273628174898897, 0.6063632123385618, 0.6077305118997343], [0.5323749381113518, 0.6163050065618558, 0.5665280663862352, 1.0, 0.43232749408546556, 0.6594239501976193, 0.4193096421080167, 0.5507333221841798, 0.607162293726683, 0.5594902977291374, 0.4856810228760162, 0.4249286342665495, 0.49597826315846116, 0.5279326983101171, 0.49690281331844033, 0.38318658767314706, 0.4555408669737244, 0.4543913121460891, 0.5782967441550769, 0.45920151234710793, 0.527946043010113, 0.5056694833551187, 0.45538094631312087, 0.4602716679505069, 0.4302377559317616, 0.5004509396118197, 0.42643484454610237, 0.5059511156984853, 0.3891346524740865, 0.4746817965694031, 0.4161717721919338, 0.5102411481310954, 0.6552913591526143, 0.5292396307975218, 0.6871411837382818, 0.6882301101882121, 0.6278825056171251, 0.6262556677901013, 0.583348209172555, 0.4095240459277407, 0.753557293493385, 0.6013755488864313, 0.5832054119501695, 0.45465814694422646, 0.7148643813788018, 0.4423316846010924, 0.5674186872057669, 0.4028029658175196, 0.6985451382937985, 0.5907734979746856, 0.490241050345508, 0.46344798476352944, 0.3053558181904241, 0.47480464025444236, 0.44210085297903, 0.3871720959753948, 0.3474450035428889, 0.4403247609287402, 0.3927294864953288, 0.5599126246518813, 0.49146910164609847, 0.680807603851516, 0.661858978316773, 0.4959506202187577, 0.425486687820974, 0.521584825866615, 0.5924579293874381, 0.30135579592466577, 0.4709165632951692, 0.5361373505046388, 0.49737390121441405, 0.5045118663174624, 0.4006234917831527, 0.48825742718790255, 0.5586108863038525, 0.3549504297535777, 0.3805465069610122, 0.5577899075511732, 0.6903962048535269, 0.33874273736501326, 0.6663602177830887, 0.5449343889663327, 0.46477538042881816, 0.46966491788500075, 0.5103014328975551, 0.6271221270598202, 0.46949931366502384, 0.4862557170334787, 0.40938444946871444, 0.4953413876813457, 0.5164303841104378, 0.6016035364578969, 0.49133682396616474], [0.30187397492833923, 0.4568368624713185, 0.8475114122453935, 0.43232749408546556, 1.0, 0.4745913927980473, 0.7495145232089739, 0.46920663616984115, 0.7966510595966719, 0.8658869702014649, 0.5140071702897888, 0.4822668685540834, 0.8974636955751519, 0.5392058566767672, 0.433606259868871, 0.8466162908094184, 0.4691341981919218, 0.9349650825578563, 0.5640359859825512, 0.4573789409402873, 0.8594792975849772, 0.47973640997401423, 0.4575539095945187, 0.5100390147496017, 0.4976487842849342, 0.45879802959143445, 0.48019571183270415, 0.41591657619601874, 0.38092274177167806, 0.44628083833319654, 0.550932062830486, 0.7838786337591553, 0.5255633698311406, 0.7843837111069596, 0.4276749061607841, 0.35949186405442246, 0.32904140064499376, 0.4832535734316077, 0.34393233485453467, 0.8170135530963153, 0.35896974696904216, 0.6601320449514134, 0.3950289886689785, 0.6189340340498657, 0.38931301875029534, 0.39961342663411814, 0.6295543361102478, 0.37425237170748316, 0.3410884597467344, 0.4204672735540248, 0.6494694014364585, 0.875040233363604, 0.6217382848768236, 0.5505961315801702, 0.49450940983241287, 0.4433348922453525, 0.31876039220201924, 0.455250351011268, 0.5014398234326695, 0.29993884564089046, 0.5845686947446512, 0.3912615702877692, 0.41897314676615194, 0.7833578921578055, 0.884270287821634, 0.7126409149114216, 0.8547249370558772, 0.5777273708005712, 0.7562834918167924, 0.37698433285188415, 0.7859622466514752, 0.688868147376311, 0.6476794173784576, 0.26304943926287994, 0.6714876372543805, 0.49026011903911426, 0.3854833678632915, 0.615611149993961, 0.6169479523502629, 0.6129845707227799, 0.4416621482848234, 0.7111106686378774, 0.8231631427301835, 0.5662893012456266, 0.5097590169789002, 0.5844904653772331, 0.5852000832812849, 0.4486108568397358, 0.44920368909979147, 0.44567765795622194, 0.4823217642975879, 0.6840854248081297, 0.692144048082689], [0.5072785203374001, 0.6238251441034075, 0.6589638315082649, 0.6594239501976193, 0.4745913927980473, 1.0, 0.5454505330966526, 0.4537524203158193, 0.5601118060287269, 0.48203089562212487, 0.7124411142722344, 0.42431383016989255, 0.5137433993462542, 0.39341085973031, 0.48962350688817824, 0.5463399172724042, 0.468563770746375, 0.5617400046794839, 0.43434740834452357, 0.5184317134530888, 0.5069462333616732, 0.5198606072458185, 0.49820966583714255, 0.4072240177963913, 0.512112132457574, 0.523983064329137, 0.4850883658582147, 0.4967372454631571, 0.6104355126051688, 0.4854459004085374, 0.31046419626339394, 0.5211997724592778, 0.5286057691455123, 0.3884918389076324, 0.4610025108187572, 0.614608034163168, 0.5780518302594717, 0.42740432767777337, 0.41782831867126, 0.4663638704300963, 0.5115784288515105, 0.46877355374297525, 0.46363278827103527, 0.45919927869821775, 0.49156908199379656, 0.49375103051051916, 0.6355292655084396, 0.4468205045992206, 0.5045491975804779, 0.49626598140026756, 0.47981034897986896, 0.5310059266861045, 0.450662982735917, 0.4926074393124229, 0.4762057791895914, 0.41482967654622116, 0.511354883112719, 0.3872500094883149, 0.448625298410379, 0.5553146848551409, 0.42310689079238883, 0.46320186227758486, 0.8140834734487895, 0.4475475775268061, 0.5250264036380063, 0.39872230323524693, 0.45133048817988797, 0.4115791890237872, 0.3054613063163003, 0.5822175038682664, 0.44794097098338626, 0.4717626449379163, 0.4029517374744883, 0.5074319698736132, 0.44128707489647045, 0.43208298265461265, 0.5659968078036199, 0.6155061939478192, 0.43614686984308293, 0.5400965513736952, 0.44356559796110806, 0.5163252190413359, 0.5548115827591209, 0.44473774135434574, 0.525896988744194, 0.484046340006985, 0.48106093127483796, 0.4980780297749716, 0.4917112291162625, 0.5133939377553141, 0.5371379621658949, 0.40825054506372216, 0.4692150723142976], [0.5212702875339075, 0.5251257453354033, 0.7743460222345933, 0.4193096421080167, 0.7495145232089739, 0.5454505330966526, 1.0, 0.6068008005643661, 0.7809610922019994, 0.6830948036792357, 0.6180120175862053, 0.4341868290675416, 0.7665809347093797, 0.5438237275094321, 0.4791028166656499, 0.7664984649089179, 0.4027734238868972, 0.8232820866065927, 0.5051674255427834, 0.5282257185181712, 0.5663740798877432, 0.42922084913638503, 0.5374741446599519, 0.4944991337632829, 0.4895311484769762, 0.48636981370294996, 0.44395277016706713, 0.4531236714363336, 0.361880741568425, 0.4651052875795547, 0.5341961003825896, 0.7246487298411749, 0.46899194552720913, 0.729570518493822, 0.47171551090291486, 0.5393416032221957, 0.5584077263517524, 0.5099059266691415, 0.3116258401765325, 0.7773348981280818, 0.38812428633484475, 0.6249750361644366, 0.4849466572062655, 0.6264237762068737, 0.3558701021807569, 0.5721855134326407, 0.575320575097617, 0.5102628983423549, 0.33121004291351075, 0.4274146655483464, 0.3202563833538259, 0.6937598111205096, 0.6023543588956894, 0.5135739155910566, 0.40768141943341774, 0.5545463323690561, 0.5380835838656365, 0.3329185103639166, 0.45126637636733535, 0.2375001295293917, 0.3086604862671748, 0.29377875670856, 0.6006337826169109, 0.8013445061045749, 0.7854465428953676, 0.6677765689507089, 0.7176923691799295, 0.5305012355916825, 0.8295502930922976, 0.6101461003872275, 0.7908445904387083, 0.6766466881798647, 0.6046252793473548, 0.41739518854964, 0.6876080295343412, 0.4808408926350892, 0.5611006657261687, 0.6281934862437311, 0.6130226531624822, 0.8743569122492696, 0.48602284493725056, 0.49845390161130376, 0.6228863426586471, 0.6383527696855577, 0.5963667664224994, 0.4836004817604804, 0.4772968874351674, 0.4646980252481814, 0.4045787594896275, 0.36478901634759064, 0.5511766791572643, 0.5428059755089477, 0.45512607841307995], [0.49937999582535486, 0.4724259946980285, 0.4736446154674483, 0.5507333221841798, 0.46920663616984115, 0.4537524203158193, 0.6068008005643661, 1.0, 0.4401366880486014, 0.5531408238249216, 0.5900778332704829, 0.5357222627719933, 0.48254411092138094, 0.7271792303199627, 0.4964507251756577, 0.43314657729229, 0.5034847084302243, 0.47973687867283743, 0.4583573511791609, 0.5128862270456851, 0.48143889869777445, 0.5029988065963596, 0.5078606755881773, 0.48935557955878906, 0.4897836564459058, 0.5249468788986862, 0.5062864518515044, 0.5199138577707438, 0.5132575378536504, 0.4896446628770066, 0.47079056953837606, 0.49232751038122036, 0.44753204482308806, 0.45336121805272755, 0.480057860658646, 0.4650934404749366, 0.5224246531258488, 0.44590231958684845, 0.42044959844646324, 0.4813456099478365, 0.4210259848745014, 0.4852890618215391, 0.45586767991150545, 0.39213736766138785, 0.4272823829738941, 0.3900634878050494, 0.4058592113392073, 0.4951809306756293, 0.4527804485491399, 0.4981189734321073, 0.461492554979712, 0.4685240169515664, 0.43133636151499744, 0.44114884656050213, 0.4864242663678513, 0.4607117428829177, 0.4656530949356239, 0.4956614859459286, 0.44523055574996784, 0.39584717307371664, 0.4559726665766226, 0.5094112632087431, 0.5649673372545012, 0.5215118267231819, 0.4402506513241322, 0.5795211839065288, 0.5490308697689462, 0.4348587439986584, 0.6310876928534194, 0.7950776363110297, 0.4699276959423466, 0.4747571585648428, 0.48820382250697425, 0.5690433213376276, 0.5947087180587189, 0.4013685446717944, 0.4721994964349482, 0.336999960986224, 0.5688118611927806, 0.5846167855687213, 0.5500937351905648, 0.4320766070802927, 0.4629710000418128, 0.41396958454794686, 0.6074211613545013, 0.29646552252050684, 0.47780251834910614, 0.4865137484962091, 0.48453983479006046, 0.4602896473681205, 0.43712182891316853, 0.3650313106757457, 0.5163099045052113], [0.541490201704175, 0.6333320482132094, 0.8738546353493402, 0.607162293726683, 0.7966510595966719, 0.5601118060287269, 0.7809610922019994, 0.4401366880486014, 1.0, 0.7877645735716192, 0.5125710455381266, 0.533527410424067, 0.845844553370386, 0.503408936898684, 0.42937721522040184, 0.8390757946382803, 0.45426681036063665, 0.8443257715905592, 0.6146823449388242, 0.4470287250362318, 0.6582264264644038, 0.4958492109376048, 0.4244919093247945, 0.42843559820283117, 0.4533884300894844, 0.4280356108987904, 0.4540754568312062, 0.42792130790894634, 0.23277146203749055, 0.3540419446954519, 0.41281194488108475, 0.7215835338351176, 0.4941818299689974, 0.735949700614593, 0.5158161837679813, 0.4122032226723913, 0.46243260388610774, 0.4974502109717698, 0.33136317957812866, 0.7137318936989306, 0.4411339531281836, 0.6979964169474738, 0.5060988824452083, 0.6244037606290033, 0.4653558815624417, 0.45769354598739376, 0.6959333203236353, 0.45128880343020006, 0.39976512516506124, 0.518910888871515, 0.5022867424258093, 0.8151090379479854, 0.6441313858036273, 0.47631683211727893, 0.46640507679725474, 0.45202960462201425, 0.3566360327883099, 0.2876899323087537, 0.47837515404115083, 0.3424643726303903, 0.3897833551280524, 0.4055437646237108, 0.4363982980453829, 0.7675652572118271, 0.8424180064753863, 0.683862147081727, 0.7698660432962927, 0.532144098417184, 0.7376905024896874, 0.4533714632395629, 0.806841810460263, 0.7694695957458682, 0.6229209686813214, 0.4223973898684892, 0.7611827702511966, 0.5069315290285934, 0.4718683798429608, 0.7508956607858566, 0.7111627139214549, 0.5820657574419605, 0.562791248466103, 0.6677273001556341, 0.7044727371089249, 0.5621953431364008, 0.5113576203588104, 0.6691871945306551, 0.553286325793775, 0.4439888183594166, 0.4268413378569955, 0.43321688070750963, 0.5784537818116726, 0.7238452453708918, 0.5588927162048466], [0.40290751621526977, 0.39755485670811175, 0.7568891944654725, 0.5594902977291374, 0.8658869702014649, 0.48203089562212487, 0.6830948036792357, 0.5531408238249216, 0.7877645735716192, 1.0, 0.5016597950874457, 0.5655092302373713, 0.9159924778608064, 0.5686725617631109, 0.4503860432385428, 0.7002325956522071, 0.46443574566094636, 0.8829343090190691, 0.5903621180116625, 0.4305046152562517, 0.7910787185969291, 0.4452275471229814, 0.45229424709868415, 0.5302404380292427, 0.4434612097774612, 0.45200084383073735, 0.49053343808637084, 0.40793495117598055, 0.47607881882036707, 0.43282126724343895, 0.49424436742625366, 0.7222173855382952, 0.523620336987465, 0.7546620556512422, 0.4487513116577194, 0.3405596115940577, 0.2866469794343889, 0.5091979991188587, 0.3842969212653504, 0.6616289808509987, 0.41671660737884786, 0.6952802634530646, 0.4681054708864455, 0.6083303875459323, 0.4319035866015549, 0.3677743965120187, 0.673489504654372, 0.3650243087405012, 0.3945620141599683, 0.48371564899169617, 0.595018344213072, 0.7765861662927516, 0.5425293488620992, 0.3920152321646555, 0.4171288716905476, 0.3485735603572634, 0.2709295899062739, 0.3193705462653005, 0.3414261757750817, 0.3263970344092214, 0.4715046405016784, 0.4190657662840681, 0.469177853941802, 0.8544101721885614, 0.8747811132751377, 0.8059238051214375, 0.9169475515225974, 0.5860233684111286, 0.7578695561045687, 0.5715602795165613, 0.8163720585744338, 0.8185080936353754, 0.7227014797397272, 0.44252444354246145, 0.8174626583702208, 0.5718272679968456, 0.5586789167556804, 0.7488830038682168, 0.7309530284040535, 0.5585406200254309, 0.5710962282316157, 0.8105556760664678, 0.7828355531264555, 0.5721156198372848, 0.3762087566053651, 0.6763554613762872, 0.5278293277246076, 0.3973349974189716, 0.43366035410499637, 0.46294049909019264, 0.5073200751435667, 0.7609300753495425, 0.7204133893607263], [0.640780325952407, 0.5114973625708122, 0.5940574472298783, 0.4856810228760162, 0.5140071702897888, 0.7124411142722344, 0.6180120175862053, 0.5900778332704829, 0.5125710455381266, 0.5016597950874457, 1.0, 0.5715733718204143, 0.4725262868909754, 0.29077291434589825, 0.4857040331052809, 0.5877652091445733, 0.4846084170443631, 0.5371855173009661, 0.5805683062193518, 0.4834475937346462, 0.48324222278312423, 0.5096944069157231, 0.481584081222743, 0.4706571798131901, 0.46919427119905155, 0.5069942576700757, 0.4953584178750181, 0.4754225293721399, 0.5439134214563515, 0.4900604061410564, 0.5457083107676152, 0.5668451627269693, 0.5583382390739788, 0.44850888216996676, 0.45857385835450337, 0.5640040868336957, 0.5078678183931663, 0.4531121797897729, 0.49968133502842815, 0.5436053389650544, 0.4564501284780307, 0.5487995072583236, 0.4700400371337585, 0.49445745950827424, 0.43770343772713227, 0.5039423273771666, 0.7116996714220807, 0.5351142036017245, 0.4716259027009897, 0.41867975042705496, 0.4463872052624561, 0.5829837859017442, 0.4438931234352811, 0.595131302142328, 0.4801238862442193, 0.35215006618176137, 0.5185532499699052, 0.4827872749056312, 0.5395605346013161, 0.4558290759927235, 0.490460586245996, 0.3866439518218642, 0.5924197386437572, 0.4416233669357964, 0.5211257046025461, 0.46012530352113834, 0.4801283685229639, 0.4680809969234042, 0.4006381404169448, 0.595432740483131, 0.4919771041862848, 0.5150014085732253, 0.4507548622158303, 0.41955962350314546, 0.4728983146669484, 0.4684591135051527, 0.5619572317375144, 0.5619769898288669, 0.35032447688164725, 0.5874349127879757, 0.5370292428869003, 0.4542800740485794, 0.43388528369509494, 0.3404732182702498, 0.5748020589094678, 0.3140683092152755, 0.41579076744735666, 0.4892021431941683, 0.47131763189534925, 0.4667750453726478, 0.2907398713392626, 0.28434147556756884, 0.441065973906417], [0.5359845607258453, 0.5701671625286467, 0.4521697730780302, 0.4249286342665495, 0.4822668685540834, 0.42431383016989255, 0.4341868290675416, 0.5357222627719933, 0.533527410424067, 0.5655092302373713, 0.5715733718204143, 1.0, 0.4565331472688151, 0.40263766657395283, 0.503637979822641, 0.5551671567466394, 0.4926959674040241, 0.48889399937366407, 0.5246692567503183, 0.5006357844916551, 0.5271303905090645, 0.48917851532424717, 0.5101409035616475, 0.47618166960023345, 0.4896635748316409, 0.5272340811826055, 0.4977033101021897, 0.5038566638518011, 0.5513774047220599, 0.5155988792792261, 0.45017283468013636, 0.418891553712627, 0.5197740553276928, 0.40938078842690107, 0.4976022109448105, 0.4825166189162834, 0.5094921233514014, 0.44747194932584455, 0.4954290103118315, 0.42816573581485107, 0.4635288310399438, 0.4961890784615456, 0.5535736589430936, 0.48090189472901, 0.48952529221301067, 0.41898457625301466, 0.5686489200039122, 0.4854417692485017, 0.41856119699875527, 0.4591232263165178, 0.5439325571157392, 0.4909647350848225, 0.4278556728984435, 0.4740181887394759, 0.4823490461693468, 0.47726872552161625, 0.5123844243355185, 0.4333699162533149, 0.45959553728617575, 0.5614351222641398, 0.49535905937268254, 0.5276644694808449, 0.3798169507602078, 0.4226625112734226, 0.45902761689559357, 0.40262086989090884, 0.46052866642441037, 0.41890157297377495, 0.4243954060807208, 0.5352081046945749, 0.4226603321146052, 0.5375442158425503, 0.41290513782514093, 0.4658633687668533, 0.4878193362685037, 0.43135909407572204, 0.5172763741551789, 0.4595320998581748, 0.40878983592526663, 0.5055268232198723, 0.39168689386287237, 0.6672356467451822, 0.5762928185131121, 0.5590197303431168, 0.4249060625178849, 0.38714634779521706, 0.44887595869463925, 0.5356028473385126, 0.4890900920856015, 0.5048154671459907, 0.5563703134605378, 0.4931853265141689, 0.44001533973729234], [0.40713758391330535, 0.4053029812303035, 0.8401352864623743, 0.49597826315846116, 0.8974636955751519, 0.5137433993462542, 0.7665809347093797, 0.48254411092138094, 0.845844553370386, 0.9159924778608064, 0.4725262868909754, 0.4565331472688151, 1.0, 0.5578746854109176, 0.3820104914539334, 0.8260584298989928, 0.5027911087519132, 0.9564169428243474, 0.5107996607580789, 0.36550869421661025, 0.8151706720797571, 0.45694693238336814, 0.40647208269998325, 0.47441664842903053, 0.46848399561609555, 0.4332021282720473, 0.37130952199752776, 0.40388255296045494, 0.37922760806651024, 0.44283964172452295, 0.4885537980743294, 0.827303185477621, 0.5120520410596963, 0.8492382609271938, 0.4512774681377085, 0.36473560308417896, 0.34724675010920314, 0.5193162291381672, 0.34193895811614006, 0.7976195404030424, 0.4033549945565995, 0.7333070885563787, 0.4614518992539298, 0.7020540008626764, 0.4033226257575142, 0.4668051590514509, 0.6972679161956677, 0.4191666662567327, 0.38085344669957355, 0.4598029817519623, 0.5401919378065083, 0.8605166674949178, 0.6142324342219421, 0.45707514527801074, 0.47444151105794596, 0.44277512863629354, 0.3505295143300703, 0.34119718943834765, 0.37411431296670494, 0.2862790151359129, 0.45037148228101664, 0.39262908928962004, 0.4839804178812971, 0.9038022218575832, 0.9463614948459251, 0.8130210294699386, 0.8644110805820656, 0.6594310802900804, 0.8189624488430931, 0.5151858308695064, 0.8542828866941428, 0.8156307032046809, 0.7752873774235485, 0.42124934747110343, 0.8088670259684021, 0.6012641310217777, 0.5335498989013298, 0.7640270125133257, 0.7087197266284392, 0.6327402281891312, 0.5337709587249302, 0.7694394405118538, 0.7873723693509249, 0.6204001316447502, 0.40875794859130854, 0.7203105821944948, 0.5527253998121745, 0.40753675159591973, 0.5112046157256009, 0.4531108578112867, 0.5686564182843923, 0.779118106798415, 0.7480173596709083], [0.47529804596789604, 0.47395952300340305, 0.5121592995017124, 0.5279326983101171, 0.5392058566767672, 0.39341085973031, 0.5438237275094321, 0.7271792303199627, 0.503408936898684, 0.5686725617631109, 0.29077291434589825, 0.40263766657395283, 0.5578746854109176, 1.0, 0.4885457071028899, 0.46173669136582873, 0.5059541361826387, 0.5128275786662277, 0.4799035375498468, 0.5171134125797658, 0.48510477076809366, 0.5200102522323418, 0.5021123524488416, 0.4734863285590353, 0.5111145970630195, 0.5266415854110738, 0.4760738599820432, 0.48411444115246904, 0.5482335636313976, 0.5215012336037367, 0.5588133478780086, 0.46897569440856735, 0.4543656065883318, 0.5037193683585219, 0.562865467926573, 0.4326295672812408, 0.49892965558792857, 0.49939453622081553, 0.4706496704582459, 0.4788100140819179, 0.4771299805119289, 0.45073514549224813, 0.47826913179519315, 0.38382582537536014, 0.6188270659316766, 0.4276396149790054, 0.37114103755715866, 0.47101243225562417, 0.41171216324458526, 0.6161359580953585, 0.6076874354014652, 0.43986551603791657, 0.7180747042054512, 0.406345121851597, 0.46745097634659327, 0.44682309181968716, 0.447393869121386, 0.4568198230413292, 0.467499602417623, 0.3878587018142967, 0.36036293314430967, 0.4858790996402915, 0.5282138640775148, 0.6090253384981088, 0.5044134685160797, 0.5642548784438955, 0.5421460597339657, 0.5327174595524368, 0.6648868102506846, 0.5153256391836428, 0.5396672427268199, 0.5078469644332129, 0.48061961715764423, 0.5541687449345459, 0.5723322645078189, 0.35591700890061206, 0.42667514341844015, 0.4347329788133235, 0.668147818385805, 0.47173369087182215, 0.39348152735682096, 0.5142933036086303, 0.527216767353101, 0.4501049859139681, 0.4843848282072245, 0.422158654141528, 0.5382058794413498, 0.44027553868776215, 0.5011952936013904, 0.49510168207536576, 0.5119963234628675, 0.5104396763929405, 0.48002743473942255], [0.5008920578968677, 0.49416656592134, 0.4119271039267052, 0.49690281331844033, 0.433606259868871, 0.48962350688817824, 0.4791028166656499, 0.4964507251756577, 0.42937721522040184, 0.4503860432385428, 0.4857040331052809, 0.503637979822641, 0.3820104914539334, 0.4885457071028899, 1.0, 0.4240282456553587, 0.49441461035143774, 0.42157888396651455, 0.5166912703285751, 0.522125840708526, 0.41558336509030125, 0.4938402429930362, 0.5084034856948856, 0.4898457578204871, 0.48980411252200484, 0.5018014659421821, 0.5169202707606494, 0.5076952591934722, 0.509831884614669, 0.4971887307628584, 0.4854214723842727, 0.40484098993504913, 0.42246543301337003, 0.3618893688954147, 0.415291147483682, 0.49160222728394565, 0.4686767848613851, 0.41981910132276434, 0.4233110429650926, 0.41974854166561726, 0.4527264099681284, 0.4122464405373727, 0.4474427895264581, 0.4338996481283196, 0.48317219609044426, 0.540822396642311, 0.43936148105010464, 0.514139758732346, 0.45365308065263377, 0.42635238342730863, 0.4915559863967599, 0.4171147122810871, 0.47410867948385793, 0.4646497454668477, 0.486860199944645, 0.4754588118056964, 0.5448931454118057, 0.4783582598850179, 0.4959918876143846, 0.4865421341052403, 0.47606668460027135, 0.45605766282485805, 0.5134796456094335, 0.4378188400687124, 0.3903756954388876, 0.40671249291634004, 0.439560778805995, 0.3924390600865868, 0.4225478993429528, 0.4674489141544971, 0.41122009936361636, 0.3948034252955812, 0.3942553924541389, 0.4835108558030762, 0.3929882802829948, 0.4530144405161417, 0.5178073996283269, 0.40841682576754634, 0.423263099745548, 0.5050059330178884, 0.5007444709127999, 0.46588637616854844, 0.4719374203751917, 0.5288025537931789, 0.5520258317658011, 0.4560585241638875, 0.49327878907154343, 0.48572658283880377, 0.492377588312097, 0.47610812767714694, 0.5055310571552063, 0.42014578008191006, 0.47525519613743017], [0.41078605034238147, 0.5371320997700695, 0.8742959673146394, 0.38318658767314706, 0.8466162908094184, 0.5463399172724042, 0.7664984649089179, 0.43314657729229, 0.8390757946382803, 0.7002325956522071, 0.5877652091445733, 0.5551671567466394, 0.8260584298989928, 0.46173669136582873, 0.4240282456553587, 1.0, 0.5211500684790946, 0.8575251929741121, 0.6111361689722015, 0.41191995946226234, 0.6896360160468322, 0.4669344988368863, 0.4161078954262635, 0.4748911610007801, 0.6133367061081942, 0.3962260241280321, 0.35503474511601274, 0.4181731456919945, 0.3212239825139076, 0.37373822979567217, 0.48619935017062377, 0.7651165113911182, 0.5227131989503196, 0.7723215019307694, 0.4780299458831785, 0.34299798885141664, 0.42781159451795037, 0.43715654546860017, 0.35002076358338974, 0.8163511402407928, 0.3906893041435474, 0.6532868673942516, 0.49495296787323895, 0.6816023462056727, 0.37544847678943694, 0.41600195152637165, 0.6817096669583912, 0.4229352096269726, 0.3860509317344306, 0.481586831240439, 0.4776808522832565, 0.8568375330356872, 0.6403378790504297, 0.5826192144600003, 0.5069436517588661, 0.5140714315631028, 0.3847626820413689, 0.40282034839566094, 0.6104086302975973, 0.28667406849503885, 0.4333340433866466, 0.35643820890876476, 0.4180794917447821, 0.7110332278668758, 0.8657253234225546, 0.6658760900413041, 0.6928954513982588, 0.6355881818991987, 0.7207982837614146, 0.4026931567393992, 0.7599694204510633, 0.7158941176320586, 0.6707820872086689, 0.3741850705198232, 0.6696101410853945, 0.554063198467438, 0.46888051025839694, 0.6489510317233744, 0.5331162671021746, 0.5947500326443564, 0.39394203453100207, 0.6756695537917181, 0.6948798973551773, 0.45206726081016035, 0.5690399861172015, 0.5218486006187568, 0.6735732456468039, 0.5039210095836568, 0.5386540749507644, 0.47224608810444835, 0.4487091447863586, 0.5968260449355927, 0.5418498953459849], [0.4799243849390371, 0.4774830572565625, 0.4502115149128736, 0.4555408669737244, 0.4691341981919218, 0.468563770746375, 0.4027734238868972, 0.5034847084302243, 0.45426681036063665, 0.46443574566094636, 0.4846084170443631, 0.4926959674040241, 0.5027911087519132, 0.5059541361826387, 0.49441461035143774, 0.5211500684790946, 1.0, 0.4497879474616847, 0.49996043692755077, 0.4996769820708451, 0.45024263833618927, 0.5034067793134966, 0.49174393431798635, 0.4965802671768853, 0.4858878465929135, 0.49192411541317616, 0.4900695459827814, 0.48883236976248956, 0.4894549272630897, 0.49274448817051386, 0.49684856651933385, 0.4262932375376023, 0.4135220085748007, 0.47011028182974124, 0.45432860822111865, 0.4524810716201506, 0.4613576094984234, 0.45649565056505603, 0.45637529905373075, 0.4377410983533927, 0.4624742362360219, 0.38297642445480484, 0.4478589935635995, 0.48409902995141774, 0.48420901452427956, 0.45007740453442535, 0.4773162094423947, 0.4828155203678346, 0.45996552110245004, 0.4533317873436872, 0.4758733473016883, 0.44405428982271555, 0.4881702148646957, 0.49916355428522896, 0.5095328853709713, 0.48398589621204635, 0.46554723586168567, 0.4956067738550989, 0.5061498225135561, 0.4565549895969485, 0.501626568790691, 0.4974102693143455, 0.4554526714380166, 0.4145694869294554, 0.46020268825255894, 0.4525221764938836, 0.44347614070364316, 0.5425637403611391, 0.41335605657384344, 0.4630788683086803, 0.45544928983776833, 0.49037075090275406, 0.5287789688295452, 0.49711706131112454, 0.43728534842129196, 0.46910193026878866, 0.4843573939245752, 0.4217709096955524, 0.4759021911632322, 0.4399987317282369, 0.48133449015343666, 0.4914243152842286, 0.40875613125646293, 0.4390383963247986, 0.4779770285463113, 0.4689861010475055, 0.5033800944567641, 0.48050130264317936, 0.5231704387324974, 0.497280764128745, 0.47508886270690787, 0.43170843171333995, 0.49165170358664223], [0.410092172412892, 0.42833938314365916, 0.8877154766914214, 0.4543913121460891, 0.9349650825578563, 0.5617400046794839, 0.8232820866065927, 0.47973687867283743, 0.8443257715905592, 0.8829343090190691, 0.5371855173009661, 0.48889399937366407, 0.9564169428243474, 0.5128275786662277, 0.42157888396651455, 0.8575251929741121, 0.4497879474616847, 1.0, 0.5062454927881562, 0.3984139567462869, 0.8300955136532842, 0.4377346721942814, 0.42486043055790845, 0.4920385311944975, 0.5030183081584749, 0.4261644501642108, 0.44033153394048064, 0.46990817755721115, 0.39468589763208406, 0.41771087086504444, 0.47149485957820814, 0.825494702703134, 0.5216131189043943, 0.8096860968782233, 0.4340603553799425, 0.4140814215461206, 0.3743359021560604, 0.4844282461803213, 0.31806571296156316, 0.8481738288107965, 0.3775023511244757, 0.704912651495005, 0.4329000949664513, 0.6860323160790335, 0.38650155238061235, 0.4899803895784476, 0.7064868221055441, 0.4001750828630256, 0.33090078174642623, 0.3913290529696203, 0.5427763548674742, 0.8909806652429046, 0.6238269252818409, 0.5161929053375023, 0.46713748435264846, 0.47763687924230047, 0.4063806659846917, 0.37556838943064585, 0.4071703895389458, 0.2864551935931222, 0.4531807052360928, 0.39082502026511046, 0.5360544011145341, 0.847360889820912, 0.9340743929774605, 0.7206748478451376, 0.8310812128717624, 0.575295134556041, 0.7807575860263539, 0.46828750058345037, 0.8051540924751204, 0.7385495220364313, 0.6672300670445832, 0.29393119363488174, 0.7138823338441829, 0.5082118850340764, 0.44784601820322145, 0.6817805569981233, 0.6151734297317479, 0.7055108164152551, 0.46949057527842475, 0.7528883409891106, 0.8242859656138682, 0.6484575320345812, 0.4606824070527201, 0.6336711283531886, 0.5501040875599672, 0.4154071638047868, 0.49035823366728803, 0.42737729175454886, 0.5633807005768716, 0.6857278259042993, 0.71081340979192], [0.5401212075630262, 0.49166465033771933, 0.641822140845505, 0.5782967441550769, 0.5640359859825512, 0.43434740834452357, 0.5051674255427834, 0.4583573511791609, 0.6146823449388242, 0.5903621180116625, 0.5805683062193518, 0.5246692567503183, 0.5107996607580789, 0.4799035375498468, 0.5166912703285751, 0.6111361689722015, 0.49996043692755077, 0.5062454927881562, 1.0, 0.49333022328814125, 0.4507736229610746, 0.5213394232802869, 0.5105292812842651, 0.5351526287152841, 0.48153251922378026, 0.4809166164489246, 0.5201043012666622, 0.5269041337314824, 0.49187221115141444, 0.4767531252249274, 0.5435917342626232, 0.42221516966754413, 0.4569002724352009, 0.5525988210447546, 0.4837863607550018, 0.38217116453267674, 0.3440184442171521, 0.3480058693256266, 0.48946283190415296, 0.45787449135278313, 0.4775691125567899, 0.49120469753103335, 0.4636716191462724, 0.39823966506425745, 0.5989211648932018, 0.3080655721753882, 0.5497485508988682, 0.4177440247042712, 0.4863859064779641, 0.47337593981202564, 0.41923663785249055, 0.5835566285706688, 0.45734485543479253, 0.4445651203836445, 0.4819898622166007, 0.5214133834873415, 0.2852595732923494, 0.481210653798942, 0.5633424940947014, 0.41388417834444957, 0.4556535548713154, 0.4082287850782713, 0.3516530099659585, 0.5231385597658325, 0.563635605801329, 0.5709574921337531, 0.5851596106856708, 0.5008535438279282, 0.5233063279611332, 0.4349496793699833, 0.6596444857611651, 0.5947726968554017, 0.5365041028047686, 0.5149034441329765, 0.5568865330532491, 0.4733126007670134, 0.5445771795564924, 0.5646757702404865, 0.51444372913402, 0.33606998288671064, 0.5395643812338241, 0.7074518953438125, 0.501782036075112, 0.3359112989129963, 0.6458366067197139, 0.5897333609569513, 0.7615102967976111, 0.42084368390915605, 0.4786709522740695, 0.37767872673034053, 0.29817462294782926, 0.5842433115215668, 0.3371445085061793], [0.5114034900102606, 0.47321022542012636, 0.38472039551268167, 0.45920151234710793, 0.4573789409402873, 0.5184317134530888, 0.5282257185181712, 0.5128862270456851, 0.4470287250362318, 0.4305046152562517, 0.4834475937346462, 0.5006357844916551, 0.36550869421661025, 0.5171134125797658, 0.522125840708526, 0.41191995946226234, 0.4996769820708451, 0.3984139567462869, 0.49333022328814125, 1.0, 0.4556434982796824, 0.4939590073473059, 0.5450578596130224, 0.4962516927400171, 0.49542030853990027, 0.5296206844241256, 0.5262384389779386, 0.5375007295424985, 0.5318782391446104, 0.5145043837682821, 0.483826103905856, 0.35918614088177137, 0.3805126859328457, 0.3651021073989702, 0.42816948639465924, 0.45866616339796185, 0.482355401915305, 0.4474575523775701, 0.46055139801895906, 0.3765331543361444, 0.42773371050382936, 0.40352723542264834, 0.4381603489152869, 0.38536958951828315, 0.47109072913597494, 0.45726874161556175, 0.32840700981491144, 0.48186400482489944, 0.4161232382256952, 0.4919775598359808, 0.5305990423675988, 0.40111798931963305, 0.4735229820451565, 0.4319934967343979, 0.48405893937930244, 0.44704784911794193, 0.507098541867781, 0.5312622143598216, 0.4516412109088238, 0.5983568534722697, 0.528511716228508, 0.4980686603385748, 0.45028761925320326, 0.4591022267736612, 0.42792514780873425, 0.4337603436805523, 0.4400774140213549, 0.4524330633393564, 0.44018720587553173, 0.5747866535680636, 0.4300923787783463, 0.48177948243574453, 0.4257594982673272, 0.5069807088797995, 0.43658998282500405, 0.454627708358619, 0.48134914772606097, 0.46709426785797503, 0.47486749145091267, 0.594259397410792, 0.44871218363413656, 0.4440967780088365, 0.5460214344258272, 0.509347977899072, 0.536740296238525, 0.4515165666961606, 0.47348174121481845, 0.5028296080996562, 0.48365196705636515, 0.4840607590363919, 0.5208139119109247, 0.4092179558429663, 0.4249572201752424], [0.353625088649674, 0.39678776862289267, 0.7677435222497351, 0.527946043010113, 0.8594792975849772, 0.5069462333616732, 0.5663740798877432, 0.48143889869777445, 0.6582264264644038, 0.7910787185969291, 0.48324222278312423, 0.5271303905090645, 0.8151706720797571, 0.48510477076809366, 0.41558336509030125, 0.6896360160468322, 0.45024263833618927, 0.8300955136532842, 0.4507736229610746, 0.4556434982796824, 1.0, 0.41855036367985776, 0.4058200676309177, 0.49285799462686064, 0.4391576923929805, 0.4092714993231391, 0.40798333472076875, 0.40668292592492683, 0.4838332379754643, 0.4775126176393021, 0.4775556789739277, 0.7193963155322074, 0.5163810735356169, 0.6764851605181385, 0.39087950530279203, 0.41699804290428, 0.3165881821426192, 0.4423336286649614, 0.3626443221156287, 0.7536233783531877, 0.3895773033703658, 0.576825458975065, 0.35875294585329665, 0.596700352724969, 0.4787973142790326, 0.5036739923451936, 0.6378163954902603, 0.45743173239419244, 0.37838800788190163, 0.31708147173080636, 0.752183402442234, 0.8185970921984925, 0.46351180637578093, 0.5062616187117738, 0.45696390673610454, 0.45638019498523374, 0.43951680667223725, 0.6101151238649101, 0.4455356253626733, 0.5140503217974498, 0.7138424963302886, 0.5815983084364273, 0.4389527500960332, 0.6616331069800288, 0.7698871122425592, 0.5928994748892766, 0.7541100828651333, 0.4856269151863304, 0.6210852908190154, 0.40443999657171503, 0.6199519724248396, 0.5395476004761639, 0.5437431221019329, 0.2769049944189552, 0.5107096305141029, 0.4369645392029413, 0.29986020135604885, 0.5295140956291533, 0.5260255563122628, 0.5308016240741076, 0.46537778573303623, 0.744876353690099, 0.9233391877929054, 0.6602364709983259, 0.5716915266446048, 0.6786751116906307, 0.6111455030155972, 0.5194461437043159, 0.5006593980639547, 0.5484875938664459, 0.6163390108176208, 0.7295241762312763, 0.8604929371116309], [0.5041338748325829, 0.4713756914830648, 0.44335923927622334, 0.5056694833551187, 0.47973640997401423, 0.5198606072458185, 0.42922084913638503, 0.5029988065963596, 0.4958492109376048, 0.4452275471229814, 0.5096944069157231, 0.48917851532424717, 0.45694693238336814, 0.5200102522323418, 0.4938402429930362, 0.4669344988368863, 0.5034067793134966, 0.4377346721942814, 0.5213394232802869, 0.4939590073473059, 0.41855036367985776, 1.0, 0.5015784633035598, 0.5214185139095707, 0.5158674102155741, 0.49278692887433906, 0.4958138093690688, 0.5132324308770704, 0.4705784582950896, 0.48476855881962566, 0.5090454403640676, 0.4112426491584209, 0.43695412960297086, 0.4124263994632067, 0.46797599570969384, 0.4146306399595109, 0.4655136108503446, 0.45576954786557733, 0.5040428731967639, 0.4273088546279076, 0.45022001763454533, 0.5025432457924357, 0.455115613535405, 0.44466761175325875, 0.492778