"[[1.0, 0.9291050514956369, 0.8537279982479089, 0.8953649846936154, 0.8546540713520057, 0.8802755019205294, 0.8819920628213334, 0.8334300621099979, 0.8866527034513838, 0.8777589242282693, 0.8921774062816796, 0.8769237696837138, 0.8654710629291329, 0.8085020881106781, 0.7895740952495665, 0.8727692746163835, 0.7523220594748754, 0.8473008043356458, 0.852068335125459, 0.8721715448974373, 0.8528461204236167, 0.8599055690761304, 0.8385403952076262, 0.8565940750031793, 0.8572654789558871, 0.8732229715880435, 0.8378036282173202, 0.8518743910769659, 0.8199847460480645, 0.8285072004726098, 0.8258734662240972, 0.8619334878273762, 0.8472108708108672, 0.8854964443229467, 0.8790237165663546, 0.8690841427200431, 0.8911638621395728, 0.8572925117702317, 0.8235592600942956, 0.8800465524272323, 0.8579030814120777, 0.9061528629328557, 0.8133302624569818, 0.8545190702649976, 0.8439958167233846, 0.839777084118386, 0.8915899869513751, 0.8376412790151546, 0.8193144445593739, 0.8113926829416374, 0.8132196581970612, 0.901295492519911, 0.8432095281240999, 0.8867415621758514, 0.8087839789561084, 0.8129372285587713, 0.8595829758130704, 0.8499781649284815, 0.8332457662945429, 0.8498737583929106, 0.844223224622632, 0.8414059048006717, 0.8740609600708962, 0.879451955795624, 0.8810512663321198, 0.8615817099107186, 0.856485315477691, 0.8989310507658675, 0.8454236236748054, 0.8601488693735784, 0.8908516320214648, 0.8934426784099876, 0.8528796258676438, 0.8338950280855817, 0.8812634424731411, 0.813095075959444, 0.8445991547737914, 0.8712275814079884, 0.8643919349718222, 0.8619352193905642, 0.8808269713205424, 0.8619300204270712, 0.8703689741735778, 0.8610945770211712, 0.8502193887691933, 0.8445842863563615, 0.8252616318274743, 0.8470023773197208, 0.8500443996007377, 0.8313441490677128, 0.8741963151014323, 0.8721448022514219, 0.8215647757399622], [0.9291050514956369, 1.0, 0.8196530909752631, 0.8884656072289456, 0.8585278768255202, 0.8578120276231282, 0.862375656343856, 0.7889475992625203, 0.8593183241017959, 0.8192140829238194, 0.8525727718504548, 0.8779274123570443, 0.836194569639122, 0.8001910467497197, 0.7852449895008922, 0.8635228963444757, 0.749901443551996, 0.8136183054277726, 0.7764461562375462, 0.8276238704576646, 0.7985450885965751, 0.8097380724182465, 0.8114473557570672, 0.8195380761251863, 0.8383365361090194, 0.8410704112437964, 0.7855226011271632, 0.823420339286203, 0.7894470139282974, 0.7992638109242798, 0.7866721000441412, 0.8258691107252785, 0.835399278544692, 0.8496669636384212, 0.8480283099698327, 0.8443043465202736, 0.8576479192734653, 0.8350249492589399, 0.8002446267253203, 0.8317393114988676, 0.8357448979569635, 0.8449441902038031, 0.8422863763090014, 0.8396427931263222, 0.7560904526622407, 0.7883576589081664, 0.8236628522014833, 0.7601057294592994, 0.8178569869015913, 0.801247063788386, 0.7499713296455849, 0.848961535879428, 0.7985831107056673, 0.8658845951747568, 0.7704888958111831, 0.7790744414654911, 0.8178408513130411, 0.7819919735785981, 0.7899651897581419, 0.8347242090036844, 0.8087703585672328, 0.8132862489870085, 0.8577054283512733, 0.8639742080852835, 0.8544342398034491, 0.8462968326907486, 0.8336081885815269, 0.8598191303655409, 0.7973707923677578, 0.8496432416850558, 0.8347890113986438, 0.8343409034618008, 0.8303336870584752, 0.8227899422641647, 0.8227052697719872, 0.8089313076381044, 0.8369160233768942, 0.8766785837060305, 0.8338073145555442, 0.7891223154151336, 0.8303295185077688, 0.7943228162455438, 0.821007917617344, 0.8019479575541824, 0.8472394219060311, 0.819271253294773, 0.8343409885937143, 0.7972654051330529, 0.8508065588750935, 0.8572879615625288, 0.8719611701978633, 0.8339996445439399, 0.7793915160351532], [0.8537279982479089, 0.8196530909752631, 1.0, 0.8175568903201371, 0.8592461103223117, 0.9171959401587773, 0.857999256005537, 0.8802826701339945, 0.9139361946156092, 0.8523177388715077, 0.8586664657546246, 0.8743138312641734, 0.8531421328450284, 0.7697113779519432, 0.8004102286313469, 0.9326152528885034, 0.7579202361125278, 0.8938014002171804, 0.8252959054979176, 0.8040772292197538, 0.8647509315462627, 0.8564894899687769, 0.8664833891906177, 0.7830231274188637, 0.8551114456905673, 0.8159853292074714, 0.7258394373474291, 0.8175531723676104, 0.7919639143782489, 0.7851275516953207, 0.815572620613422, 0.8766059294299838, 0.8282832112845616, 0.8526659076376979, 0.8301508054857214, 0.8785159487045668, 0.8593493109718462, 0.8281502664689442, 0.8124915895442678, 0.8224856185336605, 0.804387927525959, 0.868622043951095, 0.8090595532709426, 0.8698971697845914, 0.7849999570188797, 0.8319898155613383, 0.8567007728918071, 0.8123472938081338, 0.8097871440115494, 0.8225690009978992, 0.8143857807258066, 0.8655124438690703, 0.7932343977240024, 0.7986664298911903, 0.8267384709031302, 0.7751481216932907, 0.7945212730930904, 0.7912081969960523, 0.826106435642001, 0.7725899182862594, 0.7833718307916162, 0.8127947887790137, 0.8310124403026063, 0.8665350211377498, 0.8722880247202074, 0.9107766942766242, 0.8861881079415275, 0.8671110171683833, 0.8460993874651133, 0.8653077908535634, 0.8890876907182478, 0.8716379371309739, 0.8606781546039179, 0.7895969288651132, 0.8554533900355328, 0.8259154713516715, 0.8582917333375857, 0.8552347114843051, 0.8810619098441933, 0.8199183565794328, 0.858999990866105, 0.8891101239978159, 0.8572315010266183, 0.8642443853754298, 0.8614713735117999, 0.8601645882455736, 0.8478400349406198, 0.818913326314583, 0.8179009402888746, 0.8463946770091888, 0.8311836862207864, 0.8429266184455061, 0.864848126233109], [0.8953649846936154, 0.8884656072289456, 0.8175568903201371, 1.0, 0.813630960813823, 0.8884262055182223, 0.8032541309965823, 0.826019374241532, 0.8430949919765922, 0.8660248790146203, 0.9247809648313068, 0.858117696937033, 0.861873171449077, 0.8443170886799582, 0.8191709474862563, 0.8322793595911219, 0.8046553644483838, 0.8140927320517033, 0.8284890971105662, 0.8206323249565446, 0.8766747002647035, 0.8200890914995181, 0.7913678653613212, 0.8358558283493438, 0.7959774620770019, 0.8235032261057946, 0.7565199817808566, 0.8226535555720155, 0.8065959739792843, 0.8035851497918001, 0.8276228659703244, 0.855593341725869, 0.8861002925676484, 0.8905874635077553, 0.8690318827353893, 0.8739909592449302, 0.8645168513189335, 0.8514469938812794, 0.8431100659544839, 0.7991875579515804, 0.8245168857401594, 0.8708655161626082, 0.8114749886210897, 0.8500664862775258, 0.8329705789121369, 0.8256250202740265, 0.8588363932758478, 0.8050982514267431, 0.8388279522372879, 0.815643856161709, 0.7996051741555624, 0.8455543600971601, 0.8097408075332475, 0.8708260879022722, 0.7938228658778216, 0.8168308305799798, 0.841869464479571, 0.8075499384314335, 0.8145184648387156, 0.8055380955471988, 0.8318350685886243, 0.8669920130974992, 0.9224732788570904, 0.8712581379454238, 0.8674177282872619, 0.8492304290437214, 0.8585993119429693, 0.8596817592973418, 0.8127787457809648, 0.872967170238043, 0.8306435685736963, 0.8637951912921265, 0.8474068153925971, 0.8260243127706454, 0.8366479539893792, 0.8248065980674593, 0.831496922689489, 0.8457866582023756, 0.8417651179825383, 0.8120151812455882, 0.8373515631478794, 0.8558116020368014, 0.8533869158277224, 0.8204127942494785, 0.8587497177035172, 0.8177119762251663, 0.8289710404307531, 0.7929663242619545, 0.8258432235723838, 0.845664776593064, 0.8574780235645955, 0.8649996789622838, 0.8259147465998036], [0.8546540713520057, 0.8585278768255202, 0.8592461103223117, 0.813630960813823, 1.0, 0.8168110435028442, 0.9305353046961637, 0.8226030972750769, 0.8352256466219925, 0.9215481563104346, 0.8456370950006672, 0.8166231133375824, 0.9000801270528336, 0.7952269598206234, 0.6914309233197113, 0.8798135183387359, 0.7636659417552285, 0.8790175670327764, 0.7723541823136961, 0.7983545682315039, 0.8676868205438694, 0.835857980857182, 0.8565025254964835, 0.8541295400450511, 0.8499538739756438, 0.7955131598253804, 0.8079159475851572, 0.7926280351225927, 0.7967293750103652, 0.8005585533227437, 0.8297070277843619, 0.8837001241704567, 0.8204810263141149, 0.8701322314682245, 0.8249279360132028, 0.8989842070765032, 0.8210606202828017, 0.8647657934662117, 0.7820543110959333, 0.892904442487362, 0.8231448123574523, 0.8457627301693735, 0.7837780432115818, 0.8842172724895188, 0.7888779594002473, 0.7713723479886592, 0.7832274793806109, 0.7863037744394187, 0.7550731840135312, 0.772029342702821, 0.7734518099274873, 0.8388295571607587, 0.7672593337970612, 0.8509253501450608, 0.7869247783798582, 0.7826951964942517, 0.8013552190195405, 0.7976563979851409, 0.7788707020045021, 0.7980514985013031, 0.8252223184487797, 0.7728762048364708, 0.8318912790582634, 0.8878911937344556, 0.909312276126115, 0.8850425202321723, 0.9203186734131346, 0.8657985630480034, 0.8852527966288695, 0.8584157850137948, 0.9274111734333749, 0.8811971384838693, 0.9030621123815176, 0.7779466754884137, 0.8834948830678766, 0.8048819275110649, 0.8492631832532472, 0.8786120067495207, 0.8580298374595688, 0.832850620551017, 0.812563550915538, 0.8407801807020128, 0.8662134533112597, 0.839631633164741, 0.8397215069526238, 0.8152020212898425, 0.8322439224834074, 0.800042174980609, 0.7889123041597557, 0.8169467967355939, 0.7967365692434136, 0.8162628594075738, 0.816956209497057], [0.8802755019205294, 0.8578120276231282, 0.9171959401587773, 0.8884262055182223, 0.8168110435028442, 1.0, 0.7797307257575818, 0.8668221216624319, 0.8640448757988171, 0.8517287282680461, 0.8684289925010318, 0.8653270766239805, 0.8548733192721838, 0.7616844540100008, 0.741876956668472, 0.8441208884651774, 0.7569740023555172, 0.8734936786657637, 0.8309292460076888, 0.831154336090259, 0.8662038506003634, 0.8137810940245089, 0.81782612852087, 0.7885435853806327, 0.8603125157200957, 0.8661733940802525, 0.7536840605036002, 0.8299108170383278, 0.8125335535629621, 0.8303287683484049, 0.8005705784728724, 0.8562258084767689, 0.8681499821106687, 0.8410660035563281, 0.8571876122307711, 0.8667917972074034, 0.8717187542745457, 0.8301092892135498, 0.83698229826851, 0.793421671394601, 0.8273347892403264, 0.8730304010801322, 0.7900957553025376, 0.8327706544524017, 0.7886809814760232, 0.8208809814861746, 0.8887276238120166, 0.7926444617472086, 0.8482886328949427, 0.8506246600021212, 0.815756047552389, 0.8666897991990052, 0.7830322013783879, 0.8224734600895547, 0.824805308662967, 0.7757262705539529, 0.7723225625116483, 0.7770759884953813, 0.8170313775141382, 0.8132142958842474, 0.8142742298539206, 0.8427398106210154, 0.8770222447070455, 0.8622334685631017, 0.8589374904227225, 0.8790903909553618, 0.8978220290059566, 0.8778190957162175, 0.8043334966226996, 0.8831728041574194, 0.8413913165533402, 0.8893348976704328, 0.8647844654478853, 0.8439643377815389, 0.8551881156818268, 0.8547685159870675, 0.87600578537704, 0.8455864050150681, 0.866386740666599, 0.7889567306040883, 0.8664171660412668, 0.8993624573955598, 0.8581021139796308, 0.8489850738192892, 0.8678485526146016, 0.82988734266582, 0.8231715212089266, 0.7997825537701572, 0.8187196015230949, 0.8680246329747632, 0.8415425278167226, 0.8410919386798246, 0.8664104164026147], [0.8819920628213334, 0.862375656343856, 0.857999256005537, 0.8032541309965823, 0.9305353046961637, 0.7797307257575818, 1.0, 0.8427617247075616, 0.8952079479248084, 0.9124083076625048, 0.848300476990786, 0.8375070965122551, 0.9240316027827802, 0.8280673521249973, 0.7541044164879241, 0.9105906355283692, 0.7587565822597508, 0.8789563387906538, 0.8084958108006626, 0.7801792919186568, 0.8454883734698896, 0.8148313903539753, 0.8579711019993914, 0.8542150893036404, 0.8175709088278925, 0.8045760354014702, 0.785173405959248, 0.803005281270729, 0.79385504477523, 0.8143574622787867, 0.8045480964615614, 0.9101663400456586, 0.8240313544044979, 0.8924390150234294, 0.8639046355681324, 0.8862361069289579, 0.8560352058476549, 0.8692179686426897, 0.7963134152868587, 0.9380448024831917, 0.846022584604275, 0.8892651247704852, 0.8154972340282343, 0.9117378234159093, 0.822858689974593, 0.8094179689625054, 0.822206536379445, 0.8204637621954549, 0.788667516296393, 0.8210360504865033, 0.7604455180330868, 0.8926725091598384, 0.8030984583701004, 0.8390307096023941, 0.7699723017446056, 0.8079868219568123, 0.8597162128130815, 0.8509578497450114, 0.7965375079947707, 0.7980462869592261, 0.8217542722881311, 0.7890081057159792, 0.8531333713090354, 0.8913508330398107, 0.9395641533533353, 0.8905034491134037, 0.9180885902046865, 0.8705937967453016, 0.9298292751215407, 0.8773500615960574, 0.9386993200885991, 0.8960821130564622, 0.9023410636857061, 0.7955667507548828, 0.9089735869635249, 0.8097566230267638, 0.8639891691608534, 0.8922461821015655, 0.8687998064252622, 0.8683009083268094, 0.8892844038469379, 0.7997057836075441, 0.8531891968226568, 0.8332659560586964, 0.8428396151575643, 0.8679244956524362, 0.8370995186575728, 0.8282705889616839, 0.8064812380315454, 0.8320882779914196, 0.8327262864230345, 0.8411849172562234, 0.8164855222236096], [0.8334300621099979, 0.7889475992625203, 0.8802826701339945, 0.826019374241532, 0.8226030972750769, 0.8668221216624319, 0.8427617247075616, 1.0, 0.8758168693908492, 0.8623380598788206, 0.8290178327165896, 0.8822678042589505, 0.8533093225963544, 0.8372875708478769, 0.7762433025664262, 0.8568153873432525, 0.8035039095794448, 0.864103515582201, 0.8473107306151482, 0.8295159344560459, 0.8215643237934376, 0.8169917264612783, 0.8293420653030372, 0.8689893632795183, 0.8631051310460293, 0.8508726135969701, 0.7969856958557526, 0.8618628838480957, 0.8711859964473825, 0.8193856055258046, 0.8589641141244729, 0.8708606349200838, 0.8455947687553496, 0.9018235575276274, 0.8644416366531548, 0.8330621504379595, 0.8710160205124982, 0.8389663427422926, 0.8105220413073813, 0.8265524131290081, 0.7784026146194508, 0.882986573227408, 0.814481828323165, 0.8235840150277575, 0.8273089660685298, 0.8114361773959293, 0.7879067207035679, 0.8111186806508861, 0.8357963910374766, 0.8511746790139085, 0.7731778626910573, 0.852061528405427, 0.7955702858417022, 0.8006136629653928, 0.8513132351908247, 0.755280465864858, 0.803773266153123, 0.8273472251112791, 0.8490956964857368, 0.7540573716908614, 0.788116578979388, 0.814860400751957, 0.8468297604689949, 0.9069209356018804, 0.8828343725807177, 0.9261863931003436, 0.8731335653503185, 0.8656301484970773, 0.9006025825415425, 0.92760176585582, 0.8664471023615062, 0.8507106234020541, 0.8955450842294255, 0.8202794474643715, 0.8888581011484031, 0.866573834663185, 0.8934652157095498, 0.8347608403389446, 0.8954390997080452, 0.8746427223522275, 0.8645142702578792, 0.8450740109132905, 0.8322758115496842, 0.8213401369400788, 0.8237914086167777, 0.830855573979491, 0.8223078799624588, 0.7787608932538035, 0.8069214476281674, 0.8512038206517731, 0.7763518399964965, 0.8318193854895782, 0.8671081732696724], [0.8866527034513838, 0.8593183241017959, 0.9139361946156092, 0.8430949919765922, 0.8352256466219925, 0.8640448757988171, 0.8952079479248084, 0.8758168693908492, 1.0, 0.8734725480692983, 0.8473576849071583, 0.8659780080157504, 0.8830697019043738, 0.8310340621462582, 0.8087639391310504, 0.9098294625259302, 0.7764235277709605, 0.8747468310796076, 0.8245610422134142, 0.816587780053575, 0.8137408213126238, 0.843461962824505, 0.8618169386837482, 0.826670745425464, 0.8275413450374712, 0.799961413270042, 0.8067415653460781, 0.8270709061176278, 0.8145640753644035, 0.743968375905823, 0.827139734649809, 0.891292970648467, 0.8116088303334795, 0.8671155519022502, 0.8477239240099093, 0.8410919082596813, 0.8563016346063781, 0.8342826442787703, 0.7711019997405778, 0.8765729391049328, 0.8052682630273911, 0.8660196488582933, 0.812286103767603, 0.8616831323482298, 0.7974874312866032, 0.8578945308058683, 0.8693408103048474, 0.784094084531971, 0.8106480171113581, 0.8075733809178206, 0.7829503737765122, 0.8666501066620176, 0.7736219400230633, 0.8034823939924844, 0.7917288817985448, 0.7849746202123844, 0.8230213451913161, 0.8198154832297018, 0.810993452231656, 0.7780351614114762, 0.7894717497176174, 0.8174763703118071, 0.84315983117837, 0.8721055784071101, 0.885806575445526, 0.882949211837345, 0.8730529597900261, 0.8467329199265294, 0.8547665689104891, 0.8617633073516423, 0.8533697051672957, 0.8745540467909292, 0.8619265454455418, 0.8326697087621648, 0.8496290786556061, 0.8528713872970259, 0.8839350331020028, 0.8446219263067989, 0.8460000055616521, 0.8175488812782736, 0.8896927645572501, 0.8392420714007809, 0.8639040101792665, 0.849069261759066, 0.8603028749830818, 0.8419784163460793, 0.8846323867816286, 0.8293783148741298, 0.8126886119063859, 0.8806577774020141, 0.8408309552135271, 0.8562702204051281, 0.8691955241262181], [0.8777589242282693, 0.8192140829238194, 0.8523177388715077, 0.8660248790146203, 0.9215481563104346, 0.8517287282680461, 0.9124083076625048, 0.8623380598788206, 0.8734725480692983, 1.0, 0.8801158432515805, 0.8444137568407066, 0.9374149981920127, 0.8331332489862183, 0.725885702296554, 0.8870649628525735, 0.7598225228041158, 0.8911818636882491, 0.8191067702397923, 0.7769503923806518, 0.9046949099216707, 0.8190873016253348, 0.8317920215732618, 0.8674373618385253, 0.8318664826990827, 0.8162295990384227, 0.8301544612314788, 0.8457999819223417, 0.8368016174923958, 0.8316881409671133, 0.843981883957456, 0.8996357631740057, 0.8859665212097105, 0.8930838617918956, 0.8690460137298607, 0.8776882937904757, 0.8120218776638712, 0.8549216894834755, 0.794295816723921, 0.8887424538569314, 0.8180221874204489, 0.8892507255869695, 0.7798801678466241, 0.8576000780765047, 0.8054044572227759, 0.7843926902573716, 0.8258178167269453, 0.8075417647156256, 0.7878584430463209, 0.7793265848874558, 0.7919934892266638, 0.9019945980622851, 0.8143290682175711, 0.8390446316607656, 0.7955496729155709, 0.7817682976886942, 0.7995306040563264, 0.8245076969454785, 0.7775578847476745, 0.7643903743795536, 0.8648191880169944, 0.8207300952354835, 0.8845392053318227, 0.8678958328808053, 0.9104983318944251, 0.8932651134314631, 0.9237586326453762, 0.8578534084337515, 0.9101218530116376, 0.8694838047307692, 0.9259772452999131, 0.9174945862502796, 0.9051264312995633, 0.82515760660208, 0.9358528231044726, 0.8478802651172226, 0.8894670811871398, 0.8569761577275531, 0.8789414160010913, 0.8659979405544243, 0.8849380268518752, 0.8592294706762493, 0.9009102890721508, 0.8659000664545708, 0.8430344265932277, 0.8586826496119734, 0.8481908453430262, 0.8308535634451357, 0.7952808921987428, 0.8293033439882838, 0.8432346787885059, 0.86706696618758, 0.8840987354050556], [0.8921774062816796, 0.8525727718504548, 0.8586664657546246, 0.9247809648313068, 0.8456370950006672, 0.8684289925010318, 0.848300476990786, 0.8290178327165896, 0.8473576849071583, 0.8801158432515805, 1.0, 0.8193774282791169, 0.8972402779466468, 0.8356009946653747, 0.8187399874128527, 0.868267097887589, 0.7827113354918538, 0.8756864903943468, 0.8032605575577737, 0.8191617321233714, 0.8783435781595879, 0.8521880797868888, 0.8310478813181666, 0.8549876969169103, 0.8043801267885549, 0.8240307491817753, 0.7863422929345187, 0.8547817581738253, 0.8046898934020227, 0.830335059451143, 0.8420835390390102, 0.9029798959987352, 0.8532995376452228, 0.8812429498541965, 0.8369361910120445, 0.8663362024781296, 0.8474863606905486, 0.8619922673365239, 0.8031469344629505, 0.798474330413884, 0.7959477509316687, 0.8896190958950327, 0.7900435802565466, 0.879074444811853, 0.7744905006539928, 0.8010651914892528, 0.9003544094037736, 0.8116259849973131, 0.8158930180697217, 0.8299092463520256, 0.7961358867864281, 0.831091958541748, 0.8037604841327395, 0.842630060837137, 0.8008416208937115, 0.746374085264043, 0.810610001606979, 0.8147130294014318, 0.8102501664056121, 0.763102156809289, 0.80429603742964, 0.837913224179262, 0.9056323049317734, 0.8820844738182718, 0.8889287795695189, 0.8703623280905173, 0.8670441782891354, 0.8580764685306499, 0.84034830072118, 0.877475506019366, 0.8593294231242228, 0.8697576003313252, 0.8519468815099935, 0.8111151880377414, 0.873734706659667, 0.7836272683426415, 0.8264038453584336, 0.8747461572116512, 0.8560366487989662, 0.8258329127687101, 0.8358242143580845, 0.8547079610586292, 0.820500047033885, 0.8245433339592823, 0.8488440242199169, 0.8425608076155395, 0.777166922335494, 0.8252732369160515, 0.816774362523556, 0.7922434556470898, 0.8305870560803079, 0.8611612883444912, 0.8292475494990944], [0.8769237696837138, 0.8779274123570443, 0.8743138312641734, 0.858117696937033, 0.8166231133375824, 0.8653270766239805, 0.8375070965122551, 0.8822678042589505, 0.8659780080157504, 0.8444137568407066, 0.8193774282791169, 1.0, 0.832653544487163, 0.777403168651518, 0.7852367070995488, 0.8929173864126012, 0.7349590077316819, 0.8416737897640104, 0.822457583403967, 0.8066200954354554, 0.8524379662598185, 0.8046910234074354, 0.805584838981046, 0.8311006679754531, 0.7863001451071558, 0.8440228466435007, 0.7687704783611478, 0.8263888212316002, 0.8912287990761782, 0.787789082543112, 0.8375088545664275, 0.807256990768213, 0.8801040330976397, 0.8842356415310298, 0.8368526754232578, 0.8262925540943443, 0.8639907266619938, 0.8235102162017558, 0.7875576801945938, 0.8133135453233342, 0.8257840528462271, 0.8436336811063192, 0.8408260290365981, 0.8401657404519185, 0.7809125151149063, 0.7772644549330161, 0.7751082775776368, 0.7855543190689185, 0.8062180689029417, 0.8028453735482863, 0.8167312806566444, 0.8649760796336483, 0.773382149494904, 0.8190648244684029, 0.7427975325430487, 0.7835512491006842, 0.8379526322618757, 0.802682824714321, 0.8071038546547522, 0.805083119932104, 0.7963489690567807, 0.8428202162636275, 0.8359458261568331, 0.8405988785071477, 0.8557837190404822, 0.8602353314691582, 0.8306032696714859, 0.8214454213635114, 0.8288816729674845, 0.8360927350222846, 0.8170795775738534, 0.8541677642953801, 0.840548155702763, 0.7892934412836793, 0.8313768323332954, 0.7951852224090441, 0.8493262130976036, 0.8344257168571839, 0.8265863423875212, 0.8175219051201217, 0.814122037197696, 0.8380260948915785, 0.8512833837453984, 0.8456957650796719, 0.8540372072343607, 0.8313288228896156, 0.825905760198127, 0.8071971929555131, 0.8264663975844233, 0.8646321826526085, 0.8240239669799754, 0.8429035445819102, 0.8328126063955031], [0.8654710629291329, 0.836194569639122, 0.8531421328450284, 0.861873171449077, 0.9000801270528336, 0.8548733192721838, 0.9240316027827802, 0.8533093225963544, 0.8830697019043738, 0.9374149981920127, 0.8972402779466468, 0.832653544487163, 1.0, 0.8908508545450118, 0.7480112204176588, 0.9130335032382377, 0.8054602738499217, 0.9195843314638976, 0.8468720638156135, 0.8009606823434858, 0.871233819265272, 0.8383666834220369, 0.8287592564218309, 0.8815358545038802, 0.8462326622986256, 0.855299879762788, 0.8037057443801691, 0.8628400463380126, 0.8519387468342161, 0.8534365977290154, 0.8536996119207585, 0.9149391336587662, 0.8453551612126754, 0.8876666076519327, 0.857933715784446, 0.8824485356253888, 0.8363453176162541, 0.8724047229804869, 0.7835281442843856, 0.8839266122810479, 0.8533567083201099, 0.8779029993833128, 0.8281075315680959, 0.9133933765690609, 0.8094131917303901, 0.7838531772959616, 0.8528897672504856, 0.8117161506869797, 0.8217046335243333, 0.834552344718863, 0.7855779835554233, 0.865432992624749, 0.8365259720533544, 0.8382462517744356, 0.7997397740202088, 0.8064093747859427, 0.8197745368577956, 0.7936530654388927, 0.8009019244853632, 0.7930022057701949, 0.8075813915111076, 0.8553287193613426, 0.883010800136571, 0.8971869455541146, 0.9582787938000965, 0.8868779581175243, 0.9355232915049038, 0.8697336121008674, 0.9110278896509316, 0.9033782796361102, 0.9079705040136457, 0.9513978449988358, 0.9007691834230085, 0.8532467598604556, 0.9156728745962592, 0.8321843577160166, 0.9037274691504371, 0.9040061478621926, 0.8702287516578961, 0.8574698100051912, 0.8955950087873132, 0.8583058786729201, 0.8890136565386879, 0.8592924412388263, 0.8339955099409524, 0.8630629573572789, 0.8447045348471012, 0.8386873114647457, 0.7970848368904698, 0.8262085924941835, 0.8534694130521947, 0.8631125052810023, 0.8745353404479335], [0.8085020881106781, 0.8001910467497197, 0.7697113779519432, 0.8443170886799582, 0.7952269598206234, 0.7616844540100008, 0.8280673521249973, 0.8372875708478769, 0.8310340621462582, 0.8331332489862183, 0.8356009946653747, 0.777403168651518, 0.8908508545450118, 1.0, 0.7836839811035321, 0.8460140455697718, 0.7731727313128569, 0.8145379219676373, 0.7778373071020453, 0.8136354507290691, 0.7639706164496181, 0.8537595444678707, 0.8065514412925893, 0.8629671596459096, 0.791488212719532, 0.8322556715923466, 0.7778240824922003, 0.8284543548416202, 0.818083802064403, 0.7995703765036728, 0.8800748453528591, 0.8247962400748797, 0.8026669561126009, 0.8310460009719844, 0.8172344208460679, 0.8132184063863175, 0.8178901281235084, 0.8193972797847762, 0.7980486888843065, 0.7998063116830462, 0.7776134992410926, 0.8046875300342327, 0.8278361830725451, 0.8580407897340434, 0.7736195124344549, 0.7850189866209064, 0.7789178238574768, 0.7627840692975876, 0.8437144677562018, 0.7494378893650258, 0.7603124653600697, 0.8193372465048367, 0.7942782746830102, 0.7996037000982973, 0.7505726001309123, 0.7921902989969826, 0.7936643115995561, 0.801813301228365, 0.8265105708811338, 0.7733762875173569, 0.7945332993377253, 0.821441620272251, 0.8132029901429679, 0.8936797256292426, 0.8813494778310393, 0.875976964342591, 0.8334136517606965, 0.8199289172925959, 0.8530429098934311, 0.8790472597207302, 0.8164856613512308, 0.8498829410957413, 0.8037604261194748, 0.846002088590289, 0.8427619487369014, 0.7946377124316812, 0.8874599735721836, 0.8356973495843849, 0.8395140315190717, 0.8281227830016928, 0.8312850931351603, 0.7925159484626088, 0.8263739554017889, 0.8072343856801495, 0.7731214075421529, 0.8388017369765122, 0.8070817529461299, 0.7557343135136851, 0.7854392921077424, 0.7960560004344495, 0.8142546998609586, 0.8465180061052022, 0.8234488560142195], [0.7895740952495665, 0.7852449895008922, 0.8004102286313469, 0.8191709474862563, 0.6914309233197113, 0.741876956668472, 0.7541044164879241, 0.7762433025664262, 0.8087639391310504, 0.725885702296554, 0.8187399874128527, 0.7852367070995488, 0.7480112204176588, 0.7836839811035321, 1.0, 0.8077888652246804, 0.6511308374553859, 0.7118712751535528, 0.7779350412139231, 0.7691638273564214, 0.7314578714330664, 0.781539743679396, 0.7846266292645971, 0.7649871927013299, 0.7631376890773682, 0.7513871777956737, 0.709996120393321, 0.7001496299535768, 0.7441839065938013, 0.772014929233696, 0.7465772257022381, 0.7558624560779683, 0.7417598488133333, 0.7857285043180096, 0.7477932115330221, 0.7642786534941669, 0.7364376227951637, 0.7185076076399088, 0.6978885385282033, 0.7191517243251093, 0.7301641761606492, 0.7526934841158162, 0.7229367039858217, 0.7481514691073186, 0.6986782007130468, 0.720474574163494, 0.7354048074677357, 0.7110099404267013, 0.7376683910435775, 0.7117236978626524, 0.7204600884082055, 0.7301971050348453, 0.7304629050010794, 0.7410509220471351, 0.7175974600935183, 0.7593432043404251, 0.8070026515426199, 0.7761712464968961, 0.7484335662717706, 0.7286263513878466, 0.7447145162858801, 0.7950161694112821, 0.8012229759064493, 0.7963356597876184, 0.7838886192034318, 0.7927721587543609, 0.7459904247481818, 0.7698807138507124, 0.741205083596776, 0.7582968490522664, 0.7448524209173976, 0.7275711802431697, 0.755915863450455, 0.7287470368815938, 0.7563103426924689, 0.7387122772957182, 0.7561478406030525, 0.8291948204081224, 0.8029724661864284, 0.7905094353397104, 0.7777347417454612, 0.7582619626455307, 0.7224988292989597, 0.7879069952270885, 0.804597261142092, 0.7759250552683203, 0.7882387716119179, 0.7881420497219485, 0.7621044107578916, 0.7762878318888438, 0.778910681456828, 0.800729337205099, 0.7777921275899846], [0.8727692746163835, 0.8635228963444757, 0.9326152528885034, 0.8322793595911219, 0.8798135183387359, 0.8441208884651774, 0.9105906355283692, 0.8568153873432525, 0.9098294625259302, 0.8870649628525735, 0.868267097887589, 0.8929173864126012, 0.9130335032382377, 0.8460140455697718, 0.8077888652246804, 1.0, 0.7701811438256961, 0.8940647344269848, 0.8457484792896848, 0.7717908809210874, 0.831053937833822, 0.8770369193831266, 0.8502356524775496, 0.8291144351280211, 0.8521895289898422, 0.8089104096367163, 0.7828366203752796, 0.8715752806789012, 0.8381091656231839, 0.8171023923128277, 0.8505255380542129, 0.8828720314840288, 0.8470633769857326, 0.866844042232477, 0.8576116417506359, 0.884497671666792, 0.8384852769618465, 0.84499278661803, 0.8086990891510664, 0.8541688004212509, 0.8332302844507643, 0.8653017450169649, 0.8831929057477197, 0.8933997408346598, 0.7967585998264827, 0.7889308270111304, 0.8470716168566738, 0.8066763289057906, 0.8341593250403085, 0.8309587351683374, 0.8141856588013261, 0.8756059529848323, 0.8283138286344063, 0.8563840062489758, 0.813043569713215, 0.8344632858145438, 0.8230587005978973, 0.802117073282568, 0.8635547627683189, 0.7841295227417333, 0.7851548914074695, 0.830659118585108, 0.8493746255811637, 0.8649456831082667, 0.9063162596032377, 0.898146505971555, 0.8710773896787269, 0.860047173370049, 0.8777057844732896, 0.8666532739857162, 0.9109652265829109, 0.8878350269033589, 0.865578721172233, 0.800926105780636, 0.8881514525577404, 0.8418852870524668, 0.8671208822139473, 0.8894849475884317, 0.8694162924276903, 0.8335533221853173, 0.8911383914155953, 0.8444995554803536, 0.8623678110183036, 0.8503256259484051, 0.8571214054506151, 0.87148872718397, 0.8641050896023996, 0.8581731666372401, 0.8534503168797429, 0.8406626386619289, 0.8435701382948266, 0.8665241037177143, 0.8548112131050224], [0.7523220594748754, 0.749901443551996, 0.7579202361125278, 0.8046553644483838, 0.7636659417552285, 0.7569740023555172, 0.7587565822597508, 0.8035039095794448, 0.7764235277709605, 0.7598225228041158, 0.7827113354918538, 0.7349590077316819, 0.8054602738499217, 0.7731727313128569, 0.6511308374553859, 0.7701811438256961, 1.0, 0.7409433239022991, 0.8218142799610706, 0.775765046302278, 0.7634313460260227, 0.7851740543299424, 0.7262856879006588, 0.775899533949691, 0.7793775175016961, 0.7983823690374943, 0.6761421599256947, 0.8185591339053453, 0.7247972189153479, 0.7408606587732783, 0.79757486347218, 0.759401380920899, 0.7158757329347132, 0.7909469681915596, 0.7289975430500599, 0.7628520470175212, 0.7726613348266274, 0.7829232296457753, 0.7472006242904087, 0.7067279762623687, 0.6885403276773281, 0.7816704462994304, 0.7713435742965773, 0.7223356232981563, 0.7180107985901807, 0.7421517391536008, 0.750833173922956, 0.737378676607598, 0.7248166913669439, 0.7534313790020467, 0.6803479546959812, 0.7540404621915325, 0.7548939237373112, 0.7531743799715356, 0.7579973257018584, 0.6858341810465352, 0.7688928290825074, 0.760685202576803, 0.8171681121687407, 0.7160265737158508, 0.7337079021058587, 0.7953822268024688, 0.7506641255685318, 0.7799957658960175, 0.7482587568967494, 0.7830646468141298, 0.775352466572526, 0.7637623929265956, 0.7402979959708491, 0.800870337374866, 0.7624576578901034, 0.8195118598231292, 0.8208893786542982, 0.7482669538655259, 0.7609958084884931, 0.7677917538660319, 0.7899064650799832, 0.738853367813658, 0.809365888363421, 0.7365384044200917, 0.7787228544412375, 0.7722690791545376, 0.7036823455454857, 0.7417175642236075, 0.725596736689707, 0.7459573203096028, 0.7460270926297348, 0.7338275901683053, 0.767574038635201, 0.7509883708797158, 0.7251196226206774, 0.7493587255249893, 0.7429292921625565], [0.8473008043356458, 0.8136183054277726, 0.8938014002171804, 0.8140927320517033, 0.8790175670327764, 0.8734936786657637, 0.8789563387906538, 0.864103515582201, 0.8747468310796076, 0.8911818636882491, 0.8756864903943468, 0.8416737897640104, 0.9195843314638976, 0.8145379219676373, 0.7118712751535528, 0.8940647344269848, 0.7409433239022991, 1.0, 0.819846956245152, 0.8049125037260708, 0.9005188282724607, 0.7939889864669385, 0.7859389368792911, 0.8142424984228178, 0.8325963570150763, 0.7734911730554161, 0.7746196416705555, 0.8672101853252181, 0.8063972565667317, 0.7975438441733973, 0.806489723320718, 0.901196488165249, 0.8155017983292274, 0.8597822744308032, 0.8253761110011554, 0.8333651961337434, 0.8474272061555587, 0.8220980067234547, 0.7610421881204739, 0.8527033012698537, 0.805538823610151, 0.8617447917759684, 0.7958204166947218, 0.8807866517521907, 0.7644615561612547, 0.7882268504304678, 0.8391793827408752, 0.7781164075037341, 0.8004927931932521, 0.8117588663156604, 0.7385207744842641, 0.8430917328779021, 0.7670433174336713, 0.8276418437644657, 0.7807266885659073, 0.7794957098544706, 0.8139794698055345, 0.784548418051461, 0.7832793358672463, 0.7341131242470356, 0.7844605384586789, 0.8139602785157372, 0.857546650125067, 0.868494912194657, 0.9404001051490201, 0.8730898719591003, 0.8740368915440201, 0.8608223111373009, 0.8703114940307086, 0.8725819072004523, 0.8783143134278073, 0.8741994167410813, 0.8603359997106664, 0.8070903772916314, 0.8784646860421068, 0.8117405109765183, 0.8480366851619942, 0.8602914504841921, 0.8657003715333451, 0.8495211798721619, 0.838193637882401, 0.8853800194399786, 0.9027037236818866, 0.8589386806609141, 0.8208200783358133, 0.8707105265457971, 0.8344876861460833, 0.7833319688497749, 0.831728827106784, 0.8133757403456163, 0.8082478500315373, 0.8491527354680439, 0.8857979967408738], [0.852068335125459, 0.7764461562375462, 0.8252959054979176, 0.8284890971105662, 0.7723541823136961, 0.8309292460076888, 0.8084958108006626, 0.8473107306151482, 0.8245610422134142, 0.8191067702397923, 0.8032605575577737, 0.822457583403967, 0.8468720638156135, 0.7778373071020453, 0.7779350412139231, 0.8457484792896848, 0.8218142799610706, 0.819846956245152, 1.0, 0.8231235377135119, 0.8144143439623279, 0.8440612560564092, 0.8134098467111033, 0.8434525593305922, 0.8654142243035222, 0.8258574509239669, 0.7550105937025546, 0.8387108864621444, 0.7958760219506453, 0.777372650207973, 0.7945355424559968, 0.7990066954858606, 0.8126526964881524, 0.8637674333252057, 0.8125037994115887, 0.7792089303260814, 0.7971461510986468, 0.7992133633029126, 0.8156072432601087, 0.7973760487070269, 0.750631885131431, 0.8653583011942559, 0.8020064301632472, 0.7722207332492395, 0.7768607236119391, 0.7355572064560187, 0.8305134474342458, 0.7828560506605465, 0.8202297596558543, 0.8167020659310273, 0.7063094185775745, 0.8062382246044716, 0.7769348688505743, 0.8396981830544639, 0.7687164714704033, 0.8096197051740385, 0.8241368921678724, 0.7754994213084535, 0.8630535717780501, 0.7854383966441609, 0.797570824910155, 0.8193686419442465, 0.8003529486467563, 0.8288919752228561, 0.8429812848778169, 0.8460207594698479, 0.8438493495827821, 0.8737680994838727, 0.8243228911119865, 0.841126120795171, 0.8605124074165977, 0.8606862266905384, 0.8738070759839205, 0.794988044467663, 0.8543203838376346, 0.8287914787357231, 0.814689785579136, 0.839281272316328, 0.8678676081835264, 0.8033920584316636, 0.8796950184580182, 0.8588664816117741, 0.8239860586802685, 0.8532261149507849, 0.8063404785864756, 0.8156168170994254, 0.8327332957210931, 0.7808312709039138, 0.7909961484243904, 0.7869483168066065, 0.789024771375473, 0.7911649246234274, 0.8105008934228232], [0.8721715448974373, 0.8276238704576646, 0.8040772292197538, 0.8206323249565446, 0.7983545682315039, 0.831154336090259, 0.7801792919186568, 0.8295159344560459, 0.816587780053575, 0.7769503923806518, 0.8191617321233714, 0.8066200954354554, 0.8009606823434858, 0.8136354507290691, 0.7691638273564214, 0.7717908809210874, 0.775765046302278, 0.8049125037260708, 0.8231235377135119, 1.0, 0.789200144367077, 0.7958772187583822, 0.8208121591319242, 0.8314770954642312, 0.8193653877288798, 0.8241903470355971, 0.7484277602745194, 0.7756662535867391, 0.8347649251849315, 0.8037382953427414, 0.8222176347318694, 0.7931128828293595, 0.7652809144593806, 0.8299766086132101, 0.7900447779011915, 0.8030755408016821, 0.8183607346636408, 0.7973636799010226, 0.779627909155717, 0.7739418745020241, 0.7390943999807162, 0.8175716859283201, 0.7893522382076109, 0.7690204622732473, 0.7535792337947431, 0.7557464896317876, 0.8139259673622913, 0.7797647217564034, 0.8118861991365197, 0.7840001524163078, 0.8381424123549006, 0.7937493729150117, 0.7672928151443544, 0.8237877165375542, 0.7391263841105442, 0.7649179970708722, 0.8390496670617613, 0.847809906413796, 0.7810268477364793, 0.801801756974083, 0.823528974568608, 0.8135488222715328, 0.7637089480446779, 0.8618249172641881, 0.832280633882794, 0.8293094983185172, 0.8112876157414, 0.8734405456267289, 0.7925635591697646, 0.8480577609848137, 0.8196772276938292, 0.8298182872209638, 0.8508764611409358, 0.8206083894383044, 0.7933079181427812, 0.8078234590244235, 0.8274002010616914, 0.8175491790226639, 0.8421078299084106, 0.7963106357388845, 0.8184803101555325, 0.8338297606543155, 0.8598161468627383, 0.849704619886092, 0.8071006278750028, 0.8098107746038455, 0.7877651524911257, 0.7642030864422271, 0.771750222701113, 0.8319042534354366, 0.7868294030345087, 0.8256148953742601, 0.8218423594929409], [0.8528461204236167, 0.7985450885965751, 0.8647509315462627, 0.8766747002647035, 0.8676868205438694, 0.8662038506003634, 0.8454883734698896, 0.8215643237934376, 0.8137408213126238, 0.9046949099216707, 0.8783435781595879, 0.8524379662598185, 0.871233819265272, 0.7639706164496181, 0.7314578714330664, 0.831053937833822, 0.7634313460260227, 0.9005188282724607, 0.8144143439623279, 0.789200144367077, 1.0, 0.7974169403247506, 0.8071097652549168, 0.8116065505506805, 0.7892744375730963, 0.7891290166201637, 0.748119912158966, 0.8444003151278126, 0.8357386129170978, 0.8149689809858349, 0.8248962381847306, 0.8764881088423322, 0.8766453645398733, 0.8944636160049625, 0.8246202833053388, 0.8519908809452981, 0.8440065589171822, 0.8414854576638893, 0.8289197740881562, 0.8380037903033593, 0.8258274565287946, 0.881043633088375, 0.7531591737541579, 0.8481118871899065, 0.8086623901332382, 0.8150789383695958, 0.8058313156301138, 0.8350100495747395, 0.7797293914060095, 0.7873090155159903, 0.7901937535968899, 0.8636368280444093, 0.7754507160994952, 0.8333490903993919, 0.7932612061322272, 0.7863651049174112, 0.8824257737435931, 0.8153290702417362, 0.7564952902535087, 0.8016060913363157, 0.8504325226716332, 0.8592445846446062, 0.8994493939934076, 0.8471257415216775, 0.8898531149932454, 0.8681069040918515, 0.8888145861261155, 0.8763008681363371, 0.8557258184814243, 0.8573588465521172, 0.8729076400775573, 0.8757354073385148, 0.8723832204785507, 0.8301579428165295, 0.8663012652700437, 0.7801309887717476, 0.833378756807003, 0.8649916232508239, 0.8671427516145731, 0.848324850164738, 0.8216430277718414, 0.9173024041174499, 0.8907039971734474, 0.9096735030796996, 0.8569051119234431, 0.9028434130669756, 0.8527540364116946, 0.8342975664716472, 0.8367351121540603, 0.8281641384798661, 0.8753775381017311, 0.8791901239933989, 0.9039638795866864], [0.8599055690761304, 0.8097380724182465, 0.8564894899687769, 0.8200890914995181, 0.835857980857182, 0.8137810940245089, 0.8148313903539753, 0.8169917264612783, 0.843461962824505, 0.8190873016253348, 0.8521880797868888, 0.8046910234074354, 0.8383666834220369, 0.8537595444678707, 0.781539743679396, 0.8770369193831266, 0.7851740543299424, 0.7939889864669385, 0.8440612560564092, 0.7958772187583822, 0.7974169403247506, 1.0, 0.8977147149538443, 0.8713604836331144, 0.8634502367110048, 0.8488067113774853, 0.8157019879034486, 0.8555762939817835, 0.8251256282582187, 0.772647030360827, 0.9009804266028966, 0.7950664520128019, 0.8078024748823331, 0.820806712993954, 0.7911332146956817, 0.8194681755739626, 0.8054756317562911, 0.8040694261372847, 0.8015423913036244, 0.8101450173715399, 0.7889651229317627, 0.8344731680365984, 0.7765475883404354, 0.8450828868725616, 0.7545841887570232, 0.821053954673113, 0.8249597399087214, 0.8140615453306987, 0.7917733013200687, 0.7654282398741095, 0.7886539042065381, 0.8160231441916809, 0.7766174616285862, 0.8258464305625018, 0.7566295752261419, 0.7728858929163007, 0.7649522047355399, 0.7801408192660766, 0.8906430390201707, 0.7914819617879797, 0.7853067539511782, 0.8221862476129553, 0.8125125811863638, 0.8794336480167413, 0.8382006497720562, 0.8863562478841589, 0.8490880456033998, 0.8694103691132851, 0.8543663613259243, 0.8309525481417486, 0.8491662019433742, 0.8420525037835901, 0.8427130087452411, 0.84732