"[[1.0, 0.2871299484006594, 0.2808456418449805, 0.34388314745388104, 0.10645089365781701, 0.15349472561992816, 0.3884578353712058, 0.3136986232526331, 0.3242966057878497, 0.18977988840074134, 0.4525925918650908, 0.18270013664718399, 0.2534522266496466, 0.32737926600012246, 0.09747850216965903, 0.286810557084626, 0.04681449084181122, 0.15672606702904823, 0.2832990665136327, 0.15092469262918917, 0.11901535306242483, 0.11486387435574397, 0.12925795643423243, 0.0725599856646274, 0.10486431200887236, 0.09172818879492262, 0.07962934129465904, 0.12906001397638878, 0.09833908155204396, 0.18130758651341794, 0.10803131227514928, 0.22354094111904288, 0.22042431899923953, 0.22918006356795106, 0.27865249125845426, 0.3472906117020884, 0.2655081441787257, 0.21619161284104005, 0.24703531833141001, 0.23267083953022527, 0.1933248776787171, 0.2644863416331531, 0.1863684851954156, 0.18381266704799004, 0.3365769691037579, 0.2024049771147407, 0.3779227505141759, 0.15885508345297983, 0.11334390554887319, 0.19283008606857843, -0.04379086226395135, 0.29642908379174493, 0.2213688458333276, 0.2650048071399431, 0.0925076164944012, 0.1409641839928888, 0.3702595034774776, 0.11444363629962373, 0.19824644655363644, 0.27361459317898296, 0.017105011279025195, 0.30418463562583564, 0.10039997216590069, 0.24915532403645546, 0.24280577396204828, 0.25230054253023404, 0.15573908589994656, 0.2570631324700823, 0.2504558863138935, 0.27229209529087095, 0.23635011602722378, 0.24197802659702605, 0.20087313671019358, 0.12380021841625188, 0.2516055271891877, 0.1799964765646369, 0.27442646913937585, 0.3289958855866295, 0.2894801549971393, 0.304094906082919, 0.2839797189009142, 0.2698834909295702, 0.1516946757180676, 0.33602446707328315, 0.17731716089736926, 0.20480901854665423, 0.21544897896357196, 0.09117228165027458, 0.09069486140563776, 0.12475236870464079, 0.37760849366911264, 0.17542180437142307, 0.25883871479007237], [0.2871299484006594, 1.0, 0.40047945381499317, 0.5603394145487158, 0.2831579996759317, 0.26545836428482583, 0.40392044295953655, 0.019647696880220278, 0.4577894586816067, 0.2703254124806286, 0.16587404756904833, 0.16130260476178282, 0.3210611733123566, 0.10463072441340637, 0.08516429897908784, 0.3999362731239329, 0.04882437357439884, 0.2968616605872507, 0.15688615703667663, 0.08135646029257027, 0.20180584097492682, 0.06796402379517286, 0.15945710050688544, 0.1329824286681347, 0.12182672737779676, 0.1166980822088931, 0.15178522389934423, 0.11678448438848599, 0.14609190022903717, 0.16181470237627227, 0.09208979494440506, 0.25219580790298946, 0.2780637825435244, 0.3050104273274342, 0.29069557852328454, 0.40055569712783745, 0.45803304332956607, 0.3229555236448338, 0.1699612041495222, 0.2062619346740482, 0.2869548868375581, 0.27127213300835984, 0.27364394882233967, 0.18491844150618508, -0.09980906665190314, 0.19790110904825697, 0.3904192850074366, 0.1635547900922555, 0.2792177984086719, 0.35885523154930576, 0.1167007859392426, 0.29204297203713425, 0.10293029213508142, 0.22868197156731618, 0.057562337496128047, 0.09689017600887384, 0.24778299919011626, 0.005989421845745135, 0.1542145943293315, 0.2937410317330611, 0.22229319458300867, 0.1972764315691541, 0.37280733367621766, 0.20555117730084804, 0.27525771337757954, 0.23123152529603175, 0.2788111386133447, 0.22096156072488882, 0.24593505745677202, 0.1615426212201, 0.30566142246209715, 0.28863429276091646, 0.2609510859983464, 0.1914057638592619, 0.37542786303412523, 0.1380752311617034, 0.3516581637787901, 0.3581785884175306, 0.37927172981610435, 0.2126479508778636, 0.3881627792497604, 0.1528029341957835, 0.2266435048018398, 0.253528823498818, 0.1250657901339347, 0.15154682361352978, 0.028420739846177434, 0.16540564011011372, 0.08089392528694972, 0.12969929746972175, 0.32548300002629027, 0.2159533482861452, 0.21324615457692242], [0.2808456418449805, 0.40047945381499317, 1.0, 0.6760815912994023, 0.872780203718078, 0.45467835485805463, 0.8671093466790509, 0.3618175156679748, 0.9223143996210643, 0.8598784144559831, 0.4692252027629793, 0.1983147734657258, 0.9026446717911308, 0.3600115753461173, 0.09165740721434268, 0.9197531126615045, 0.12200649228540528, 0.9157162868816134, 0.5757741069831478, 0.13112233435147513, 0.8257649071680174, 0.16502155446459288, 0.15544499046033655, 0.31065652702239954, 0.3450511293037912, 0.15793652872751296, 0.15721071232279782, 0.1908757256992033, 0.14979993325131868, 0.19737906457718668, 0.15928852404975147, 0.8146474384435343, 0.617957221136572, 0.8150404533827563, 0.5594953126690222, 0.5340132136388535, 0.4649609957404579, 0.635424271688393, 0.397982615514864, 0.8439363150802819, 0.41682624904433463, 0.7983104320331144, 0.456036600526715, 0.722643689651051, 0.22084008943019506, 0.5722887440199264, 0.8716574562365469, 0.2536197161750301, 0.3219306053791584, 0.4888941688917108, 0.4518441910548152, 0.897223709185519, 0.42128167536400685, 0.5203092966040441, 0.15441371594015119, 0.16578332162197307, 0.33648384441559065, 0.24458195026694285, 0.37830483604047505, 0.2834399955907394, 0.28829423360715367, 0.28393531015889073, 0.5509679619222113, 0.8048907904630538, 0.8759628510022941, 0.7041564958769777, 0.8417669045148439, 0.6109842571632143, 0.7872829198106845, 0.52731953033379, 0.8406713272861277, 0.806006298449835, 0.6728134147399663, 0.11392747377447232, 0.7597000080970019, 0.43626893336954975, 0.5773150256594418, 0.8141724495588857, 0.665577183646682, 0.6101771258209364, 0.4939932516434331, 0.7708827117676068, 0.8154638552282628, 0.6567191629516769, 0.5367017167871616, 0.6808585635867672, 0.5226151428379537, 0.2777808756433551, 0.2043988008184323, 0.180762290547255, 0.5126662170526738, 0.7413669800541914, 0.6556020357901096], [0.34388314745388104, 0.5603394145487158, 0.6760815912994023, 1.0, 0.516458999676317, 0.5145949794390992, 0.6465213802068623, 0.2687859123305898, 0.764397296542741, 0.6479233107893364, 0.4028050419206952, 0.19807370817804415, 0.6238652378788382, 0.33666965975071206, 0.17787626361447073, 0.6336606281528199, 0.09969870293211935, 0.511302503054235, 0.5963287066132428, 0.20565106078927342, 0.5296918376816996, 0.2179620626957275, 0.14332587338671432, 0.20247206340631363, 0.13911213255826627, 0.26230660106278014, 0.11641750266213957, 0.2360648761411166, 0.15234080948827344, 0.16376061301974898, 0.235529436070527, 0.6483263026502349, 0.7864911134125471, 0.6978696994278496, 0.7800663981410962, 0.7874375467497456, 0.7439120289367289, 0.7768436343796102, 0.6996352814905026, 0.5551252041893837, 0.7883872033373671, 0.7559805892189478, 0.6864227495487407, 0.5956396011168805, 0.4451364880929092, 0.5353541980301632, 0.7709792377187344, 0.16263940648967634, 0.6529130423722218, 0.6814639702147559, 0.40175913304504673, 0.6331248890584575, 0.16675600111355582, 0.6599675317467797, 0.10148402621039021, 0.10084805047196332, 0.29291754052342656, 0.32534142133568644, 0.25247501065436495, 0.49566549961510886, 0.40760969587593254, 0.518562637136586, 0.653893549501671, 0.5721029670436679, 0.5771491023886429, 0.6018672342086546, 0.6614803762621497, 0.5336390871429114, 0.5861575798792951, 0.45513158567132794, 0.6556328289792956, 0.6591464734113347, 0.533759721007758, 0.2087910856254822, 0.6814271598868326, 0.32376907997507964, 0.5259786545689157, 0.7056596665440195, 0.6913685737584326, 0.3768798629130994, 0.6092924296199052, 0.5499434183777016, 0.4957631554670727, 0.44010328578309144, 0.3368941845659319, 0.5954854767102412, 0.2839581968442597, 0.15486780014619062, 0.14125543535629514, 0.2612288132633873, 0.39441793288424853, 0.6620532435778077, 0.3754500281005074], [0.10645089365781701, 0.2831579996759317, 0.872780203718078, 0.516458999676317, 1.0, 0.3027152311739365, 0.8292099078153182, 0.331930178271432, 0.8758214581521344, 0.9050912433380008, 0.28038437043915976, 0.2834999611765999, 0.931286159738201, 0.4295151798304859, 0.11039549117563174, 0.9023052140299164, 0.13935897774820138, 0.9455752455818962, 0.40896322693062015, 0.20290016320539195, 0.8605674700637128, 0.20314671387849947, 0.18564855770320243, 0.2529255424145789, 0.27141400231193813, 0.18715408328544125, 0.21648831678892788, 0.1326499666750156, 0.19578829174538526, 0.16027044609248342, 0.2642413096924898, 0.8484652665830619, 0.6107650740848024, 0.8500962749971158, 0.523846625081152, 0.42023202249010727, 0.34082761215841073, 0.6449391640408719, 0.36457462584099665, 0.8695400042424929, 0.3115165462124515, 0.7758251532250339, 0.43623176810030473, 0.7450501940661607, 0.14297055959982952, 0.45602918395606373, 0.7888785960740881, 0.14456634765386578, 0.3080135644985733, 0.49522568593825667, 0.5047619070249965, 0.9161831079694734, 0.5395538906418519, 0.5422802106412308, 0.1933314744418937, 0.31218144876159315, 0.22325094013957214, 0.37908296062671476, 0.34805807221899787, 0.2651542317370764, 0.4192011926727097, 0.28911631241778724, 0.36111806681619196, 0.8515937036583519, 0.9280169974004723, 0.7860966676647806, 0.8691250767104801, 0.7188647213429522, 0.819782577858731, 0.48370389642471145, 0.8436842618178929, 0.8326618443307363, 0.7594680205222979, 0.04306839512100824, 0.7787208900067099, 0.5550633580525954, 0.5606920385062866, 0.7598301572851149, 0.7183107404315898, 0.6632662082582172, 0.45785449331513783, 0.7558757960811341, 0.8461044244579082, 0.6493880864466902, 0.3212778412220805, 0.6338533180179262, 0.4458036483619683, 0.20047703253853444, 0.1781563583950767, 0.23194265584917628, 0.4895869306668099, 0.7717538053834088, 0.6903770759917204], [0.15349472561992816, 0.26545836428482583, 0.45467835485805463, 0.5145949794390992, 0.3027152311739365, 1.0, 0.4056150744337268, 0.15008288678755166, 0.42979541833266555, 0.3376714995371869, 0.5597296470720444, 0.2554985974156767, 0.36389247166493255, 0.25399119055272334, 0.08995550553360254, 0.42995919031334506, 0.043744833322686194, 0.3194262041062047, 0.1691856590463796, 0.19571233046603898, 0.2833145110886788, 0.12795605170398083, 0.1117897575251654, 0.04748710964401859, 0.13953575680650054, 0.14209419535825996, 0.10393549205370012, 0.13232689643663864, 0.18199743612645858, 0.10999934668936473, -0.006623919215897889, 0.3968710304528923, 0.4366217598277864, 0.3201607449481816, 0.31342637033287746, 0.47069378451391675, 0.3975989652009291, 0.3225538804661858, 0.17653695978316752, 0.3612449889502065, 0.27959707206428, 0.357885324240641, 0.32658112057822963, 0.37111611989931914, 0.253113504561322, 0.24536875904589606, 0.5304301514153513, 0.08970084853988847, 0.1930826693778378, 0.338446492521559, 0.2729728470219275, 0.3641017091338732, 0.08769718258785342, 0.2750303554289226, 0.07931235365609968, 0.2609857615122584, 0.11076784943905515, 0.10525068418570305, 0.13109564575781574, 0.2047017129742561, 0.14618032747333554, 0.028860368019237748, 0.5530550026844897, 0.3002380277978979, 0.39038380386459237, 0.22489763534359442, 0.3416374336581125, 0.27436765738331814, 0.1932806230404467, 0.34662126282689765, 0.31585165035082186, 0.4100478070324327, 0.21375292998369444, 0.2546158276024524, 0.28407730971741285, 0.16691749837784964, 0.2837945056891036, 0.3923811675292127, 0.3202930384353435, 0.21002058393247003, 0.08390820208484573, 0.30798573084000236, 0.37060904979368714, 0.20872490133009303, 0.1828568060381357, 0.2601592133934044, 0.18948916107768443, 0.14690526548211924, 0.1308436506574241, 0.14339256243807408, 0.2211721583708388, 0.4440957012101666, 0.012891847043525084], [0.3884578353712058, 0.40392044295953655, 0.8671093466790509, 0.6465213802068623, 0.8292099078153182, 0.4056150744337268, 1.0, 0.6110896148341096, 0.8955503736466216, 0.8569719087897517, 0.49957334498974093, 0.23615176971440444, 0.9019796931279818, 0.4319671336685096, 0.21321507838050113, 0.8762714115718568, 0.12686141765070214, 0.8368704179639618, 0.4478131293160772, 0.321522833584014, 0.7310547130406342, 0.21040243413654092, 0.3128970461441706, 0.27009378434533515, 0.30307482186581947, 0.2788114698506574, 0.22902092113274097, 0.24608725053250635, 0.2419536167755697, 0.26601248105775377, 0.2701959440830388, 0.8725273620911451, 0.7142952385101607, 0.8936580404259171, 0.6733925287123829, 0.6770635696168025, 0.6198459646278364, 0.7897586643196226, 0.5131929969776049, 0.8688230082998133, 0.48606955772963345, 0.8773038613032238, 0.5900985272507834, 0.8139476707578338, 0.2380830126854786, 0.6868519156764212, 0.8497581733391871, 0.37525854723784025, 0.4646472819941183, 0.6378366226024162, 0.3306454161438437, 0.8677264498903408, 0.44826180593382736, 0.6045346161272576, 0.16122202867406532, 0.3579543458026171, 0.49094891007146835, 0.3353146190405971, 0.3843535496703674, 0.4064320811180818, 0.27788830411128074, 0.3146535579590938, 0.5953471218296941, 0.9124741512804752, 0.8800058398027554, 0.8440817656691048, 0.8912026996303659, 0.7707330682705581, 0.9115149589581293, 0.7887437424373049, 0.9136020519381636, 0.8880096128758489, 0.8115384639915564, 0.30414323643827434, 0.859392190254076, 0.6364484959535994, 0.8112429811985361, 0.8913953185277891, 0.8011590076790525, 0.8463530482772457, 0.5769787706521646, 0.6847428849270423, 0.7612604139889522, 0.8021227938849564, 0.49881304621973266, 0.6633342760431975, 0.3974897276838292, 0.30319450772871026, 0.1848215683744885, 0.21898415129237325, 0.6576132402728618, 0.8172672674562471, 0.589889846150379], [0.3136986232526331, 0.019647696880220278, 0.3618175156679748, 0.2687859123305898, 0.331930178271432, 0.15008288678755166, 0.6110896148341096, 1.0, 0.4498372278805859, 0.5062665864084243, 0.5598044759594423, 0.20923205964626945, 0.45351734191811643, 0.05689969431388964, 0.1284448874835621, 0.37897529104710326, 0.1425610401708982, 0.3691256968022043, 0.24584424832294272, 0.2548338948492733, 0.2837008100175896, 0.15406081178734987, 0.1656953616397412, 0.20095422225526183, 0.1482651077123447, 0.2648949448109057, 0.16198190678774316, 0.18681770499714478, 0.23681067222816687, 0.15309872037989425, 0.23526424320125428, 0.44313307731998675, 0.41242044414551304, 0.4663336801704958, 0.3706983564647762, 0.3618631765466481, 0.355966227219355, 0.42923137284945, 0.3348734443377699, 0.3791093465012798, 0.27898094827562037, 0.5274479815816945, 0.29136591889489594, 0.36313400706410537, 0.036852227468175625, 0.2720698238164101, 0.4186460750510498, -0.049434686519008286, 0.305669930526141, 0.3912149170046273, 0.04930638137166787, 0.46354946591932755, 0.29010927836763645, 0.3480153709155882, 0.09521864031206961, 0.10250577300248631, 0.3777526105295298, 0.12270539184414031, 0.17463226595965897, 0.3425091692519763, 0.005337311541986245, 0.20076056318336044, 0.466283176982639, 0.5373611188340283, 0.4457848947239482, 0.5498851392379349, 0.5351473133521811, 0.4632576748248426, 0.5831293463981119, 0.8504399221227343, 0.5104200331316366, 0.5056816727556337, 0.509000105832156, 0.4385465578056834, 0.5853827851435669, 0.4378453879939459, 0.6814547417523422, 0.5892842457403444, 0.4477511343826168, 0.6790930022783427, 0.4101294215457316, 0.35051382309077384, 0.3159436094699348, 0.45106936131332087, 0.3699067578699764, 0.2897110469411619, 0.11866071231865194, 0.20927094373933652, 0.13480873803987403, -0.00016084766969748365, 0.5028630627879987, 0.43162805215857114, 0.22941538494560998], [0.3242966057878497, 0.4577894586816067, 0.9223143996210643, 0.764397296542741, 0.8758214581521344, 0.42979541833266555, 0.8955503736466216, 0.4498372278805859, 1.0, 0.9216334542749974, 0.4787019269806899, 0.3294016893513989, 0.9358032595158082, 0.38523205470917044, 0.14775668937279218, 0.9261464671964279, 0.14978303355271372, 0.884652253335564, 0.5363293633974199, 0.22631975780135583, 0.8073584244644759, 0.25522459997354874, 0.17867523321362988, 0.21024364619733737, 0.22781761089545727, 0.2030167129897238, 0.20966193097098285, 0.18157022169471548, 0.10646825982343677, 0.15946348375120256, 0.2267282664692125, 0.8792552827262987, 0.724996351290477, 0.8836566399773376, 0.6829170972141805, 0.6000655420008053, 0.5688579108100074, 0.7667891052342289, 0.5278096674871011, 0.8342385118227458, 0.5031396104090303, 0.8911760532998363, 0.6008266711820351, 0.7850656840424562, 0.2601780367887193, 0.5831623260086446, 0.9061802294527878, 0.25695743798422344, 0.4912227447228301, 0.6627839406131424, 0.45733702556238554, 0.9117383263857539, 0.4694221798057022, 0.6120608337139989, 0.19870242267522065, 0.14299395243612145, 0.30644715075216244, 0.2710662626294028, 0.3668647421010044, 0.3642392858846095, 0.35123579374027214, 0.3600231013603612, 0.5136773990559648, 0.8663456957801001, 0.9116832554972704, 0.8281678741241649, 0.9070800135239999, 0.7426411422687507, 0.8564528883352689, 0.6319573565768569, 0.8982123009118642, 0.8979692624257914, 0.7898141109903212, 0.252483102327153, 0.8841246365634168, 0.5765213633833457, 0.6984250392328679, 0.9043332531343448, 0.8108879824564049, 0.6463531488738603, 0.6018431129763172, 0.775873771151856, 0.7987596001035817, 0.6651877806482137, 0.4262660086016161, 0.7167873628261886, 0.428303571160747, 0.269769631245659, 0.19642707487751565, 0.2824500268000998, 0.5670923297899684, 0.8294618961137447, 0.6847838966078269], [0.18977988840074134, 0.2703254124806286, 0.8598784144559831, 0.6479233107893364, 0.9050912433380008, 0.3376714995371869, 0.8569719087897517, 0.5062665864084243, 0.9216334542749974, 1.0, 0.3447131347020336, 0.36173544949390535, 0.9512767018973287, 0.43227552071701325, 0.14820835049532877, 0.855857264563861, 0.1517036112190755, 0.8897772731026465, 0.5900357539465914, 0.20472897152324931, 0.8375182323685109, 0.18365253992263542, 0.19036656004958652, 0.2545490870638294, 0.21424319449647522, 0.2058331330228962, 0.2311928867057571, 0.16223341316190965, 0.272231026326055, 0.18977335698622677, 0.2849624690988153, 0.8459085260618784, 0.6881295532530504, 0.881148410294828, 0.6140044065310863, 0.5217391995903836, 0.4164686717898798, 0.720043375228575, 0.4847360630321187, 0.7935175431963122, 0.43896732298417374, 0.8515939932604005, 0.5262964287192475, 0.721484183023686, 0.29246286901673335, 0.5032908680434712, 0.8318341551440204, 0.1719178223385871, 0.4283637549240982, 0.6309140762060917, 0.44758062481217475, 0.8817613316876336, 0.4271840086558477, 0.5058611984411683, 0.12946749096454424, 0.16997827796281906, 0.2592721049144515, 0.2924978732680623, 0.24509290423604702, 0.32996459289843516, 0.3870540828802619, 0.2843553819794342, 0.45175201627162875, 0.9161531319759801, 0.9280188692985001, 0.8753866173237295, 0.9565913034734724, 0.770045436517652, 0.8943229318647119, 0.6772896127604454, 0.932693799748016, 0.9127386674408564, 0.8356447369755398, 0.29841704732957064, 0.9042414748792997, 0.6021969985250564, 0.7402306737312977, 0.8949288009061113, 0.8468370152336753, 0.6713518600261373, 0.6328285488565594, 0.8516818620995871, 0.8504140905492099, 0.6925413437354904, 0.40130220754675716, 0.7766793629925549, 0.4492260284020373, 0.18772782185845427, 0.17782283165142365, 0.2369220333143054, 0.6014800473495795, 0.8744481200261567, 0.6931128568102298], [0.4525925918650908, 0.16587404756904833, 0.4692252027629793, 0.4028050419206952, 0.28038437043915976, 0.5597296470720444, 0.49957334498974093, 0.5598044759594423, 0.4787019269806899, 0.3447131347020336, 1.0, 0.24898735465599298, 0.36268125225004066, 0.06940938154320131, 0.08621167593014623, 0.41992347183237955, 0.08008121957327163, 0.343529418496091, 0.15066477621534657, 0.09762443174935531, 0.3125842726721051, 0.13687473780379245, 0.1019411430274012, 0.10122833853344282, 0.11727685384509534, 0.13280081978825165, 0.1633471714422423, 0.09173416295921888, 0.0868672469831604, 0.08516055280742041, 0.30679638977859125, 0.41944983433184735, 0.39425400783472553, 0.32766400630480264, 0.2869755944011112, 0.3764752622635126, 0.389832738163993, 0.3250517903060316, 0.25148971172386625, 0.36583329663816744, 0.20600166261634112, 0.40134280111991827, 0.27075441208023565, 0.37841133694457185, 0.08406495830448735, 0.3961389259299599, 0.555639193760044, 0.19472682621253412, 0.19078888191889154, 0.174523605136909, 0.2530448787274773, 0.4366236758804519, 0.3267013374260668, 0.3776429955380409, 0.08874013083579502, 0.011540580825146196, 0.34992428990002933, 0.10946694438827798, 0.1606715793368324, 0.2900376822257522, 0.07475122297808134, 0.18229801126693745, 0.6351600464325095, 0.31944548172633724, 0.3917370833639724, 0.2657428218590028, 0.3188837555819247, 0.25501650368978446, 0.2636207376262505, 0.5102763005619699, 0.3112561799974001, 0.3371533421920019, 0.22613375745975972, 0.19742317450655877, 0.3105025416027529, 0.17264471742695697, 0.35969273838046845, 0.5006381392275708, 0.18127705032816221, 0.4362020114605568, 0.11993405589038364, 0.21432363498868523, 0.30196067061444887, 0.2463487891826519, 0.42792097451189126, 0.18115355523435595, 0.15129851674483685, 0.07206292742321696, 0.07522687438469988, 0.20473701648108023, 0.23994868232731692, 0.3376469902409813, 0.18611742176480783], [0.18270013664718399, 0.16130260476178282, 0.1983147734657258, 0.19807370817804415, 0.2834999611765999, 0.2554985974156767, 0.23615176971440444, 0.20923205964626945, 0.3294016893513989, 0.36173544949390535, 0.24898735465599298, 1.0, 0.28471283507197254, -0.029213671177924283, 0.09516615087027225, 0.313971862550086, 0.06802006435395658, 0.22896995393805764, 0.013096757111572321, 0.09253408331850088, 0.3443018728491313, 0.07596566766627566, 0.13164314010747902, 0.10403207248589652, 0.08470216538009234, 0.15410968309671025, 0.12208724856716535, 0.11511108685338245, 0.14323976113992276, 0.14278620413527532, 0.15708989796562067, 0.21797400139043466, 0.31797091851844006, 0.2211927960590907, 0.25373400116304534, 0.29048295419816816, 0.19969730587160273, 0.26866677460917776, 0.23536096715192156, 0.19508692996263566, 0.16271284615349746, 0.2830940661163719, 0.3026666081105718, 0.2293683614606038, 0.0802982262739883, 0.15706426985600608, 0.2757312708428348, 0.14571727785545074, 0.21482901144875466, 0.1474619634199814, 0.15655592182795486, 0.2759074500241594, 0.09513324839554105, 0.2311553035744376, 0.05900707218994483, 0.0773540601504038, 0.016028022692313737, 0.12520787293834823, -0.01613566632817598, 0.31017578287417313, 0.2726873340321314, 0.29721235360820175, -0.026381912503794736, 0.2606451912568901, 0.27045594824566865, 0.150956520291895, 0.28335766548746744, 0.17258925707264605, 0.2213865579339067, 0.3110184600811309, 0.16550939217285432, 0.2834392999608608, 0.15221953436997582, 0.17137160307439403, 0.251477598871526, 0.034824456983028274, 0.2109824481215935, 0.22504829273625981, 0.16919323398700836, 0.23860782159331184, 0.05663846771257419, 0.444102443973698, 0.42558249953393634, 0.3625003356828498, 0.09633586999354526, 0.23435825727423465, 0.13319354186514487, 0.13420198251646276, 0.06321074201890653, 0.09419548658721566, 0.5239138490425193, 0.3494496909224024, 0.21328534962971357], [0.2534522266496466, 0.3210611733123566, 0.9026446717911308, 0.6238652378788382, 0.931286159738201, 0.36389247166493255, 0.9019796931279818, 0.45351734191811643, 0.9358032595158082, 0.9512767018973287, 0.36268125225004066, 0.28471283507197254, 1.0, 0.4835073003293998, 0.09845004671965585, 0.9382314386967965, 0.20286925826947844, 0.9352340909882915, 0.49472418853473654, 0.16094067614949448, 0.8529480648454764, 0.2139891675547344, 0.16487005239824404, 0.21380794189951602, 0.26409818313712874, 0.20617660059242016, 0.13478792492524516, 0.17832426789443756, 0.23429032992264887, 0.2182813811707247, 0.2517040233765555, 0.9194104844648568, 0.7035759134791104, 0.9359854915728715, 0.6405177071365437, 0.5374592783476594, 0.4793900520886418, 0.7449815562535067, 0.48510080613165885, 0.8896020509538866, 0.4350536299156924, 0.8846833784388323, 0.5610903397935951, 0.8189422879404948, 0.2566531277046974, 0.5733948264916728, 0.8803921268587432, 0.26985443375590745, 0.4538489635721611, 0.6388247998425897, 0.4267519133025781, 0.9388460196235154, 0.49937636316151746, 0.5731500861610316, 0.20414418578580973, 0.29190755682625, 0.3192081806879986, 0.3507570161293765, 0.3117407371016856, 0.3287207549545872, 0.37741634953606296, 0.3125133454250122, 0.4707106068594211, 0.9394595336387184, 0.974999367280126, 0.9011301230861862, 0.9214890374010357, 0.8489359006647812, 0.9109646098049569, 0.6607490095711469, 0.9442727397264733, 0.9301112464219089, 0.8885621832788603, 0.28036334785453687, 0.903769816733965, 0.686401051869369, 0.7508844960376848, 0.9033929533853238, 0.8412463738626967, 0.7039881246977665, 0.5665284227395673, 0.8276895950159678, 0.8430446575612554, 0.7114197215899708, 0.37713989258668923, 0.7657281226608107, 0.4851634867869069, 0.19948610560026347, 0.2693165077570798, 0.2828416905446689, 0.5940285920131535, 0.8730764575729444, 0.7512057935507224], [0.32737926600012246, 0.10463072441340637, 0.3600115753461173, 0.33666965975071206, 0.4295151798304859, 0.25399119055272334, 0.4319671336685096, 0.05689969431388964, 0.38523205470917044, 0.43227552071701325, 0.06940938154320131, -0.029213671177924283, 0.4835073003293998, 1.0, 0.10433833965678119, 0.46810483671296654, 0.11839030964141006, 0.3002018337013812, 0.3714756293136712, 0.21167550081644804, 0.240817758967799, 0.14270466594340458, 0.16407085076973738, 0.13599965693219596, 0.12105263534856958, 0.24529243502796072, 0.08778325921089858, 0.13421464930795302, 0.2811290052670503, 0.1939721516501518, 0.373642724904129, 0.3735915600209665, 0.3484590898542239, 0.4468051784716841, 0.3770656631141682, 0.24627340524286734, 0.2166966963212752, 0.3869115788947237, 0.3353111684732847, 0.3868163022533706, 0.23293699893934494, 0.3825208498981849, 0.371393432095531, 0.34589952334450624, 0.23711135012506657, 0.20739045661210498, 0.39285629884497, 0.2558310996698785, 0.21504951762390867, 0.44390720617612434, 0.2917342328809849, 0.37117697605669675, 0.4879263415969779, 0.2741936966750511, 0.06396014104758085, 0.2372261704243005, -0.06766025564068512, 0.1995758185199722, 0.3502932085171201, 0.11744479575244049, 0.2180467212699655, 0.13216837227141898, 0.09797643406880951, 0.4864074398060503, 0.4453513460922569, 0.5064735524135271, 0.44181766881472684, 0.5630768834740683, 0.43367565468233793, 0.21695721867208229, 0.4667185813580913, 0.5084951627067382, 0.4622025422749617, 0.349827860972002, 0.4908070555184645, 0.4052686794110578, 0.41572527921042046, 0.41454423848323163, 0.5627740576944968, 0.165978297035989, 0.2232126137825623, 0.35180453590495575, 0.3375658756219271, 0.21001448030535808, 0.06390755911063928, 0.28024760521257974, 0.4309686318685615, 0.08194667250079046, 0.09993846939595497, 0.026873878232123394, 0.11443595290948849, 0.4486140314267001, 0.25733221765773195], [0.09747850216965903, 0.08516429897908784, 0.09165740721434268, 0.17787626361447073, 0.11039549117563174, 0.08995550553360254, 0.21321507838050113, 0.1284448874835621, 0.14775668937279218, 0.14820835049532877, 0.08621167593014623, 0.09516615087027225, 0.09845004671965585, 0.10433833965678119, 1.0, 0.14006487022607206, 0.04289055551301579, 0.0734026439252724, 0.1450624733368726, 0.11772927988351078, 0.07475982759329691, 0.05566568651296666, 0.08447446290145966, 0.05502494913502154, 0.058281949419797585, 0.07488420718978439, 0.09907067385838653, 0.08568437437299747, 0.10089615183064138, 0.06918181419542457, 0.056517425962554046, 0.12049520026944005, 0.11002139941343991, 0.10553897589736161, 0.0821657503546378, 0.17819716363307614, 0.1179451462259673, 0.14100351009004242, 0.058141445351134524, 0.11898509381346889, 0.07320534082174435, 0.1415918081587031, 0.09074711927255841, 0.12569909168299953, 0.07273005513301622, 0.2223404732984382, 0.1346788901157001, 0.11450276474399701, 0.07950465226223624, 0.0930077152817902, 0.10085674800130717, 0.1301080136185092, 0.0648577771500014, 0.11763866811584023, 0.037418875067434354, 0.05511458177565398, 0.1853655172688845, 0.09851980873439292, 0.11509295172245027, 0.12633924668744312, 0.07336431035557711, 0.040962127336506615, 0.15455260495489898, 0.1494810034319165, 0.09246186791504707, 0.11668519321989734, 0.15990971357970585, 0.09593224961267155, 0.1436362623898383, 0.14637123471260083, 0.12936717792463492, 0.10655655498632344, 0.09077495271739244, 0.06988171949937327, 0.1010127013782105, 0.08845533177104592, 0.21857853250608883, 0.10896278698909423, 0.11396597922314156, 0.1746500434593139, 0.14510263524256684, 0.1322993002243047, 0.15260145289398075, 0.2385645082779294, 0.21103831267866913, 0.0998930389679763, 0.09952998002473423, 0.05863024835227271, 0.06094404057779923, 0.042633518741634235, 0.18518467222994828, 0.14168242574228485, 0.10689027166007614], [0.286810557084626, 0.3999362731239329, 0.9197531126615045, 0.6336606281528199, 0.9023052140299164, 0.42995919031334506, 0.8762714115718568, 0.37897529104710326, 0.9261464671964279, 0.855857264563861, 0.41992347183237955, 0.313971862550086, 0.9382314386967965, 0.46810483671296654, 0.14006487022607206, 1.0, 0.21921045063907618, 0.8811152608853428, 0.4600889947269693, 0.18522251659324485, 0.7996275461971553, 0.21458676952783728, 0.17351586625486726, 0.24611966487395798, 0.38778975973447616, 0.17142809530570213, 0.11539512437819632, 0.17990081504731426, 0.1636714077829301, 0.14235613099097177, 0.274880461985878, 0.8714821415796962, 0.6922070116548903, 0.8898358766491564, 0.6379163617936618, 0.5317198632232131, 0.5066181533804811, 0.7115368336423026, 0.4811918688670054, 0.8819488082669796, 0.4474355426468446, 0.8312166586342777, 0.5921434181956912, 0.8294735042702325, 0.15290852552589274, 0.5506931459391344, 0.8526359897907145, 0.27639458462099076, 0.4503601572882039, 0.5821780872932824, 0.40195256466785123, 0.9142003812312369, 0.4814583196245634, 0.6256919171230649, 0.23736195770709478, 0.2833753340482039, 0.24555907842177926, 0.328415360839843, 0.4759754245161125, 0.3164886710497046, 0.34858208283970016, 0.37858493636105806, 0.46009208671557145, 0.8528271132740778, 0.9207585384592294, 0.8074087505165128, 0.8513616334415426, 0.7682470233268166, 0.8327016509201804, 0.567805041865602, 0.8494369341196465, 0.8648519052577206, 0.7948705461433644, 0.20263533636746223, 0.8227271713392303, 0.6241656905292677, 0.6431400815329922, 0.8181683677019012, 0.7329395713328118, 0.6215242604615806, 0.4511180474342953, 0.7692095481566883, 0.7937707437942194, 0.6364495666921148, 0.42872102444408144, 0.6765561029683566, 0.5739441976237374, 0.3301910141885298, 0.2921084807243757, 0.3033499532588817, 0.5485225675180766, 0.796277027100522, 0.6825886013160747], [0.04681449084181122, 0.04882437357439884, 0.12200649228540528, 0.09969870293211935, 0.13935897774820138, 0.043744833322686194, 0.12686141765070214, 0.1425610401708982, 0.14978303355271372, 0.1517036112190755, 0.08008121957327163, 0.06802006435395658, 0.20286925826947844, 0.11839030964141006, 0.04289055551301579, 0.21921045063907618, 1.0, 0.09806634078705401, 0.11997744417760592, 0.07046058075824513, 0.11064524320719304, 0.07007826996254352, 0.04916496856017616, 0.060182146354475274, 0.046018869949915664, 0.05287199362503525, 0.04473433573778163, 0.04626864642940953, 0.06034362841121077, 0.057167903683942756, 0.06800697383918819, 0.12558911029685693, 0.08763427794026524, 0.18382805327763818, 0.11772520729590219, 0.10992168004783698, 0.09628157251339697, 0.15939467163628018, 0.09653306736956035, 0.12160753034973737, 0.08112879688909624, 0.1056507589595479, 0.07831317562225149, 0.16744219459666987, 0.06232669947557057, 0.08937794413906586, 0.16940362852845192, 0.05477606812238689, 0.08058274933380283, 0.11698841393138404, 0.07223915878972398, 0.14000525775810746, 0.07114871205310791, 0.1576627492231325, 0.07607238668603078, 0.05259463158775013, 0.07029096096018528, 0.12031189877572501, 0.12519404944975876, 0.06948635109893675, 0.12103306290836269, 0.10159540199449602, 0.07183447006191312, 0.10792701860119269, 0.14798639828600657, 0.1458492303330009, 0.14814413147473438, 0.24462437271830884, 0.11848459501252662, 0.13006510128149817, 0.15793851636527267, 0.1887542885723379, 0.22840552297378292, 0.08666383209076622, 0.13032914592678324, 0.09639452351228806, 0.16750352629546184, 0.11038130596747586, 0.15859402954204116, 0.07210496275465017, 0.09150302523213039, 0.15793118943339657, 0.061917301204551634, 0.06511397695874421, 0.08251037481013712, 0.10860341341553958, 0.11163207427753119, 0.04324853701536324, 0.11171830730331678, 0.07417510888052015, 0.10064881120996816, 0.13545449379492236, 0.12771934425758902], [0.15672606702904823, 0.2968616605872507, 0.9157162868816134, 0.511302503054235, 0.9455752455818962, 0.3194262041062047, 0.8368704179639618, 0.3691256968022043, 0.884652253335564, 0.8897772731026465, 0.343529418496091, 0.22896995393805764, 0.9352340909882915, 0.3002018337013812, 0.0734026439252724, 0.8811152608853428, 0.09806634078705401, 1.0, 0.3930981103402249, 0.10330648615443294, 0.8523158988858776, 0.13496030048372942, 0.1200383313933403, 0.18524394478485406, 0.24710224594272745, 0.1353419921210559, 0.13028114581905026, 0.17943611994450848, 0.17734267171063778, 0.11575095899588039, 0.12282478370411254, 0.8469325061342314, 0.565942899358547, 0.8264988339175892, 0.4893939262516528, 0.42491742473738703, 0.33604247992455827, 0.5881470078963645, 0.30714962144511637, 0.8649881417558161, 0.288616357309631, 0.7728882938777182, 0.3894267414483521, 0.7293336689378167, 0.16021673552918259, 0.5122238076167765, 0.8115333041118548, 0.18224788995833685, 0.25705470304822053, 0.44067323020309623, 0.4184015254753888, 0.9163993749473701, 0.5224339835244829, 0.48613214899424406, 0.14211892943148108, 0.22755939556099547, 0.2900425508530545, 0.2615905858699513, 0.22143304522792628, 0.2114665029896824, 0.27701683572823477, 0.22399416902324554, 0.4285513200563573, 0.846559028042577, 0.928439619233413, 0.7560962749989635, 0.8335250167066461, 0.6702922252811824, 0.8091774273007826, 0.5197945479580776, 0.8454271172679747, 0.8172321414917968, 0.7352668754525461, 0.04102216780659773, 0.7652284280740305, 0.5262543001809938, 0.5751500375188581, 0.7816906822618139, 0.6791073521999994, 0.7097454518400176, 0.4507694957986996, 0.7803018893715999, 0.8355247109367542, 0.664415795194989, 0.3047389966755625, 0.6375426844043509, 0.3730627340294297, 0.15088210721497952, 0.20804331619438676, 0.18906791774842002, 0.49101377327428575, 0.720317544641873, 0.7320904643129369], [0.2832990665136327, 0.15688615703667663, 0.5757741069831478, 0.5963287066132428, 0.40896322693062015, 0.1691856590463796, 0.4478131293160772, 0.24584424832294272, 0.5363293633974199, 0.5900357539465914, 0.15066477621534657, 0.013096757111572321, 0.49472418853473654, 0.3714756293136712, 0.1450624733368726, 0.4600889947269693, 0.11997744417760592, 0.3930981103402249, 1.0, 0.09838541893758634, 0.4108333334272549, 0.19905019814537028, 0.16453479665017634, 0.18675811502196737, 0.13146100208496803, 0.1173106108904679, 0.19061040185018563, 0.19004516483855227, 0.153198605524406, 0.09391637750121518, 0.214288358294766, 0.3251468540550482, 0.3351582164739233, 0.4580517048508973, 0.33433175880908583, 0.2913517308390232, 0.1834235529175603, 0.33257919019086357, 0.32773973643730603, 0.3000401834582176, 0.3720131337361914, 0.4518451659293006, 0.24494536481215812, 0.24518041961080006, 0.23360975806216633, 0.20872656129991474, 0.4546442991149564, 0.010577185078586737, 0.25114059336678574, 0.28900140625573045, 0.15090470323356908, 0.4461553017694784, -0.1086346089043364, 0.19850761381834015, 0.11002450059042768, -0.035342850299425965, 0.07451554380021563, 0.08956032536212444, 0.19179697742366397, 0.1741208321100588, 0.22215296652351868, 0.20919049154919933, 0.3564745341172483, 0.47165927150296794, 0.4202150758311135, 0.4791935785644452, 0.5501748563229973, 0.2832696089591715, 0.4764178800230241, 0.31863116084860077, 0.5529383383897567, 0.4596859208290929, 0.3975536115047209, 0.13663452490530914, 0.516799908427313, 0.141655151913345, 0.370970529591642, 0.5105166727958976, 0.48653443176390954, 0.17327541040420613, 0.5683994409580289, 0.625994640725089, 0.43966029257334815, 0.3882012664625665, 0.579824512281624, 0.7088656615133238, 0.6258724469889511, 0.10278546213347517, 0.12383553021455762, -0.019696315631309025, 0.36468908298301916, 0.5093121633318453, 0.3604893345221539], [0.15092469262918917, 0.08135646029257027, 0.13112233435147513, 0.20565106078927342, 0.20290016320539195, 0.19571233046603898, 0.321522833584014, 0.2548338948492733, 0.22631975780135583, 0.20472897152324931, 0.09762443174935531, 0.09253408331850088, 0.16094067614949448, 0.21167550081644804, 0.11772927988351078, 0.18522251659324485, 0.07046058075824513, 0.10330648615443294, 0.09838541893758634, 1.0, 0.20049470656643642, 0.08064320138943548, 0.176479959682856, 0.09483217782401687, 0.09247148618986523, 0.1491962572133012, 0.14013782094203686, 0.1623577777947829, 0.1628802002610772, 0.12401939816853846, 0.08257412653987073, 0.13473457677144407, 0.1331721946467983, 0.17888453174604446, 0.16004694625451266, 0.22292233878795154, 0.16979575390418655, 0.23997205307702685, 0.1649446472898891, 0.13420457257196083, 0.09127137767671467, 0.2005085738194684, 0.12811590286051056, 0.1308346540680979, 0.039516383341822614, 0.1782451009221605, 0.07256951173494586, 0.10692856104424875, 0.062255087526147834, 0.24259369236394623, 0.21764493374796134, 0.17730954344804117, 0.06656687539499773, 0.1446197040249415, 0.05475992676821817, 0.025707079810554756, 0.15365073959662212, 0.2031848317430076, 0.05223899846557423, 0.3207751846880085, 0.2437622182646888, 0.19283311822141325, 0.1036063831658548, 0.24266428495660808, 0.19029794692351942, 0.21831166315443917, 0.24038341689589637, 0.2205613991420743, 0.23112979578968385, 0.3406071577599059, 0.20595668282816537, 0.25833239949838016, 0.19665063856088305, 0.12844574332142944, 0.2186599594401143, 0.12797565410483736, 0.21656755349640722, 0.22427445007159907, 0.2567396259588899, 0.34998985570867436, 0.11001135102670367, 0.17006213952745952, 0.3075849846693173, 0.28454892566311696, 0.19152407689574558, 0.15286961608731753, 0.10762969979486281, 0.12140061274093483, 0.06635434329255085, 0.09069184187682888, 0.3095170413030055, 0.20830645637783385, 0.13633898724021498], [0.11901535306242483, 0.20180584097492682, 0.8257649071680174, 0.5296918376816996, 0.8605674700637128, 0.2833145110886788, 0.7310547130406342, 0.2837008100175896, 0.8073584244644759, 0.8375182323685109, 0.3125842726721051, 0.3443018728491313, 0.8529480648454764, 0.240817758967799, 0.07475982759329691, 0.7996275461971553, 0.11064524320719304, 0.8523158988858776, 0.4108333334272549, 0.20049470656643642, 1.0, 0.11605176522246108, 0.10548814933802408, 0.20760213001433248, 0.18392960412393666, 0.12818469159815682, 0.10969109265821764, 0.11592972933006296, 0.24242931401023615, 0.1974053551954218, 0.1807694228245893, 0.8084194278020753, 0.6042433480463, 0.7757244979572943, 0.4844123874532309, 0.44355136605097223, 0.37171282438752806, 0.6127497358248133, 0.3938294838102898, 0.8079001930820076, 0.3121920747721336, 0.7527362264126253, 0.3738439480988953, 0.6960001292473809, 0.28911849204579365, 0.5791807054887282, 0.8156983233401185, 0.22580953168671447, 0.3372020685785403, 0.45271832833486414, 0.6696645488926845, 0.8940805827990748, 0.3887873514747656, 0.5132617089975182, 0.13980272866684684, 0.23837993116573808, 0.47851064951631406, 0.5873111491642838, 0.3232469820249265, 0.5215182570291176, 0.6299243417023944, 0.412573438223663, 0.4151646460844953, 0.7356637215765631, 0.8440399088116473, 0.6782894857311673, 0.804307211741151, 0.6635420746398853, 0.7386733422400544, 0.48555107214182347, 0.7614024834760009, 0.7081744618331252, 0.6669548812664436, 0.11738110725958306, 0.6596533891016905, 0.45943965335227466, 0.5340998771645713, 0.7434312602187828, 0.6129116130197014, 0.5764763666397207, 0.44097324781989267, 0.783351610547316, 0.9492875614156498, 0.7301740275641706, 0.5072367284234984, 0.7493033145099345, 0.4916520990002917, 0.2626585996039612, 0.22896867142499033, 0.3361123731471264, 0.6590247464438255, 0.811707000403184, 0.8282668810662108], [0.11486387435574397, 0.06796402379517286, 0.16502155446459288, 0.2179620626957275, 0.20314671387849947, 0.12795605170398083, 0.21040243413654092, 0.15406081178734987, 0.25522459997354874, 0.18365253992263542, 0.13687473780379245, 0.07596566766627566, 0.2139891675547344, 0.14270466594340458, 0.05566568651296666, 0.21458676952783728, 0.07007826996254352, 0.13496030048372942,