"[[1.0, 0.858210102991274, 0.7074559964958177, 0.7907299693872306, 0.7093081427040114, 0.7605510038410588, 0.7639841256426668, 0.6668601242199957, 0.7733054069027675, 0.7555178484565387, 0.7843548125633593, 0.7538475393674277, 0.7309421258582658, 0.6170041762213563, 0.579148190499133, 0.745538549232767, 0.5046441189497507, 0.6946016086712916, 0.7041366702509181, 0.7443430897948746, 0.7056922408472335, 0.7198111381522606, 0.6770807904152525, 0.7131881500063587, 0.7145309579117741, 0.7464459431760869, 0.6756072564346405, 0.7037487821539318, 0.639969492096129, 0.6570144009452197, 0.6517469324481945, 0.7238669756547524, 0.6944217416217344, 0.7709928886458934, 0.7580474331327091, 0.7381682854400861, 0.7823277242791454, 0.7145850235404633, 0.6471185201885912, 0.7600931048544646, 0.7158061628241554, 0.8123057258657115, 0.6266605249139635, 0.7090381405299953, 0.6879916334467693, 0.679554168236772, 0.7831799739027503, 0.6752825580303092, 0.6386288891187478, 0.6227853658832747, 0.6264393163941223, 0.802590985039822, 0.6864190562481998, 0.7734831243517029, 0.6175679579122167, 0.6258744571175425, 0.7191659516261409, 0.6999563298569631, 0.666491532589086, 0.6997475167858211, 0.688446449245264, 0.6828118096013432, 0.7481219201417925, 0.758903911591248, 0.7621025326642397, 0.7231634198214372, 0.7129706309553822, 0.7978621015317351, 0.6908472473496109, 0.7202977387471569, 0.7817032640429296, 0.7868853568199753, 0.7057592517352875, 0.6677900561711634, 0.7625268849462822, 0.626190151918888, 0.689198309547583, 0.7424551628159768, 0.7287838699436444, 0.7238704387811283, 0.7616539426410849, 0.7238600408541426, 0.7407379483471558, 0.7221891540423424, 0.7004387775383868, 0.689168572712723, 0.6505232636549485, 0.6940047546394417, 0.7000887992014755, 0.6626882981354256, 0.7483926302028646, 0.7442896045028438, 0.6431295514799243], [0.858210102991274, 1.0, 0.639306181950526, 0.7769312144578913, 0.7170557536510404, 0.7156240552462564, 0.7247513126877121, 0.5778951985250407, 0.7186366482035916, 0.6384281658476387, 0.7051455437009096, 0.7558548247140886, 0.672389139278244, 0.6003820934994396, 0.5704899790017843, 0.7270457926889513, 0.4998028871039918, 0.627236610855545, 0.5528923124750923, 0.6552477409153291, 0.5970901771931503, 0.6194761448364929, 0.6228947115141344, 0.6390761522503725, 0.6766730722180389, 0.6821408224875929, 0.5710452022543263, 0.646840678572406, 0.5788940278565949, 0.5985276218485597, 0.5733442000882824, 0.6517382214505569, 0.670798557089384, 0.6993339272768424, 0.6960566199396653, 0.6886086930405473, 0.7152958385469306, 0.6700498985178799, 0.6004892534506404, 0.6634786229977353, 0.671489795913927, 0.689888380407606, 0.6845727526180028, 0.6792855862526443, 0.5121809053244815, 0.5767153178163329, 0.6473257044029664, 0.5202114589185988, 0.6357139738031825, 0.6024941275767719, 0.49994265929116977, 0.697923071758856, 0.5971662214113346, 0.7317691903495136, 0.5409777916223663, 0.5581488829309821, 0.6356817026260821, 0.563983947157196, 0.5799303795162839, 0.6694484180073689, 0.6175407171344655, 0.6265724979740169, 0.7154108567025464, 0.727948416170567, 0.7088684796068982, 0.6925936653814972, 0.6672163771630537, 0.719638260731082, 0.5947415847355155, 0.6992864833701116, 0.6695780227972877, 0.6686818069236016, 0.6606673741169504, 0.6455798845283293, 0.6454105395439745, 0.6178626152762088, 0.6738320467537883, 0.7533571674120608, 0.6676146291110884, 0.5782446308302671, 0.6606590370155376, 0.5886456324910877, 0.6420158352346881, 0.6038959151083646, 0.694478843812062, 0.6385425065895459, 0.6686819771874285, 0.5945308102661058, 0.701613117750187, 0.7145759231250578, 0.7439223403957266, 0.6679992890878799, 0.5587830320703064], [0.7074559964958177, 0.639306181950526, 1.0, 0.6351137806402744, 0.7184922206446234, 0.8343918803175544, 0.715998512011074, 0.7605653402679892, 0.8278723892312183, 0.7046354777430155, 0.7173329315092491, 0.7486276625283469, 0.7062842656900566, 0.5394227559038864, 0.6008204572626938, 0.865230505777007, 0.5158404722250556, 0.7876028004343608, 0.6505918109958353, 0.6081544584395076, 0.7295018630925253, 0.712978979937554, 0.7329667783812355, 0.5660462548377274, 0.7102228913811345, 0.6319706584149427, 0.4516788746948581, 0.6351063447352209, 0.5839278287564977, 0.5702551033906414, 0.631145241226844, 0.7532118588599677, 0.6565664225691232, 0.7053318152753957, 0.6603016109714429, 0.7570318974091336, 0.7186986219436923, 0.6563005329378885, 0.6249831790885356, 0.6449712370673211, 0.608775855051918, 0.73724408790219, 0.6181191065418851, 0.7397943395691827, 0.5699999140377594, 0.6639796311226767, 0.7134015457836143, 0.6246945876162675, 0.6195742880230988, 0.6451380019957983, 0.6287715614516131, 0.7310248877381407, 0.5864687954480047, 0.5973328597823806, 0.6534769418062604, 0.5502962433865815, 0.5890425461861807, 0.5824163939921047, 0.6522128712840021, 0.5451798365725189, 0.5667436615832325, 0.6255895775580275, 0.6620248806052127, 0.7330700422754995, 0.7445760494404149, 0.8215533885532483, 0.7723762158830549, 0.7342220343367667, 0.6921987749302265, 0.7306155817071266, 0.7781753814364956, 0.743275874261948, 0.7213563092078359, 0.5791938577302264, 0.7109067800710654, 0.6518309427033431, 0.7165834666751714, 0.71046942296861, 0.7621238196883866, 0.6398367131588656, 0.71799998173221, 0.7782202479956318, 0.7144630020532364, 0.7284887707508597, 0.7229427470235998, 0.7203291764911472, 0.6956800698812395, 0.637826652629166, 0.6358018805777493, 0.6927893540183775, 0.662367372441573, 0.6858532368910122, 0.7296962524662179], [0.7907299693872306, 0.7769312144578913, 0.6351137806402744, 1.0, 0.6272619216276462, 0.7768524110364445, 0.6065082619931645, 0.6520387484830642, 0.6861899839531845, 0.7320497580292407, 0.8495619296626135, 0.7162353938740659, 0.723746342898154, 0.6886341773599165, 0.6383418949725126, 0.6645587191822437, 0.6093107288967676, 0.6281854641034065, 0.6569781942211323, 0.6412646499130893, 0.7533494005294071, 0.6401781829990363, 0.5827357307226423, 0.6717116566986875, 0.5919549241540039, 0.6470064522115891, 0.5130399635617132, 0.6453071111440309, 0.6131919479585685, 0.6071702995836001, 0.6552457319406487, 0.711186683451738, 0.7722005851352969, 0.7811749270155106, 0.7380637654707787, 0.7479819184898603, 0.729033702637867, 0.7028939877625587, 0.6862201319089678, 0.5983751159031608, 0.6490337714803187, 0.7417310323252163, 0.6229499772421793, 0.7001329725550515, 0.6659411578242739, 0.6512500405480529, 0.7176727865516955, 0.610196502853486, 0.6776559044745758, 0.631287712323418, 0.5992103483111249, 0.6911087201943202, 0.6194816150664949, 0.7416521758045446, 0.5876457317556432, 0.6336616611599597, 0.6837389289591421, 0.6150998768628672, 0.6290369296774311, 0.6110761910943976, 0.6636701371772487, 0.7339840261949984, 0.8449465577141807, 0.7425162758908476, 0.7348354565745239, 0.6984608580874428, 0.7171986238859388, 0.7193635185946835, 0.6255574915619295, 0.7459343404760862, 0.6612871371473925, 0.727590382584253, 0.6948136307851941, 0.6520486255412907, 0.6732959079787584, 0.6496131961349185, 0.662993845378978, 0.6915733164047513, 0.6835302359650767, 0.6240303624911765, 0.6747031262957589, 0.7116232040736029, 0.7067738316554448, 0.6408255884989572, 0.7174994354070343, 0.6354239524503326, 0.6579420808615063, 0.585932648523909, 0.6516864471447678, 0.6913295531861281, 0.7149560471291909, 0.7299993579245675, 0.6518294931996074], [0.7093081427040114, 0.7170557536510404, 0.7184922206446234, 0.6272619216276462, 1.0, 0.6336220870056883, 0.8610706093923276, 0.6452061945501536, 0.6704512932439849, 0.8430963126208693, 0.6912741900013344, 0.6332462266751648, 0.8001602541056672, 0.5904539196412469, 0.3828618466394227, 0.7596270366774717, 0.5273318835104569, 0.758035134065553, 0.5447083646273922, 0.5967091364630077, 0.7353736410877387, 0.6717159617143639, 0.7130050509929672, 0.7082590800901023, 0.6999077479512875, 0.5910263196507607, 0.6158318951703144, 0.5852560702451856, 0.5934587500207305, 0.6011171066454876, 0.6594140555687238, 0.7674002483409136, 0.6409620526282298, 0.740264462936449, 0.6498558720264056, 0.7979684141530063, 0.6421212405656033, 0.7295315869324235, 0.5641086221918665, 0.7858088849747241, 0.6462896247149047, 0.6915254603387471, 0.5675560864231637, 0.7684345449790374, 0.5777559188004947, 0.5427446959773182, 0.5664549587612216, 0.5726075488788374, 0.5101463680270623, 0.544058685405642, 0.5469036198549746, 0.6776591143215173, 0.5345186675941226, 0.7018507002901215, 0.5738495567597164, 0.5653903929885032, 0.6027104380390812, 0.5953127959702817, 0.5577414040090043, 0.5961029970026062, 0.6504446368975595, 0.5457524096729417, 0.6637825581165269, 0.7757823874689111, 0.8186245522522299, 0.7700850404643447, 0.8406373468262691, 0.7315971260960069, 0.770505593257739, 0.7168315700275897, 0.8548223468667497, 0.7623942769677385, 0.8061242247630351, 0.5558933509768273, 0.7669897661357533, 0.6097638550221298, 0.6985263665064945, 0.7572240134990413, 0.7160596749191377, 0.665701241102034, 0.6251271018310761, 0.6815603614040254, 0.7324269066225193, 0.679263266329482, 0.6794430139052476, 0.630404042579685, 0.6644878449668148, 0.600084349961218, 0.5778246083195114, 0.6338935934711877, 0.5934731384868274, 0.6325257188151475, 0.633912418994114], [0.7605510038410588, 0.7156240552462564, 0.8343918803175544, 0.7768524110364445, 0.6336220870056883, 1.0, 0.5594614515151636, 0.7336442433248639, 0.7280897515976341, 0.7034574565360923, 0.7368579850020636, 0.730654153247961, 0.7097466385443677, 0.5233689080200017, 0.48375391333694395, 0.6882417769303547, 0.5139480047110343, 0.7469873573315274, 0.6618584920153776, 0.662308672180518, 0.7324077012007268, 0.6275621880490179, 0.63565225704174, 0.5770871707612655, 0.7206250314401913, 0.7323467881605049, 0.5073681210072004, 0.6598216340766557, 0.6250671071259241, 0.6606575366968097, 0.6011411569457448, 0.7124516169535378, 0.7362999642213375, 0.6821320071126562, 0.7143752244615421, 0.7335835944148068, 0.7434375085490914, 0.6602185784270995, 0.6739645965370199, 0.5868433427892019, 0.6546695784806529, 0.7460608021602645, 0.5801915106050752, 0.6655413089048035, 0.5773619629520463, 0.6417619629723492, 0.7774552476240333, 0.5852889234944173, 0.6965772657898854, 0.7012493200042424, 0.6315120951047779, 0.7333795983980106, 0.5660644027567759, 0.6449469201791094, 0.6496106173259338, 0.551452541107906, 0.5446451250232968, 0.5541519769907625, 0.6340627550282766, 0.6264285917684947, 0.6285484597078412, 0.6854796212420309, 0.7540444894140909, 0.7244669371262034, 0.717874980845445, 0.7581807819107237, 0.7956440580119134, 0.7556381914324352, 0.6086669932453992, 0.7663456083148388, 0.6827826331066805, 0.7786697953408657, 0.7295689308957706, 0.6879286755630779, 0.7103762313636538, 0.7095370319741349, 0.7520115707540801, 0.6911728100301362, 0.7327734813331981, 0.5779134612081768, 0.7328343320825337, 0.7987249147911195, 0.7162042279592616, 0.6979701476385785, 0.7356971052292033, 0.6597746853316399, 0.6463430424178531, 0.5995651075403143, 0.6374392030461897, 0.7360492659495265, 0.6830850556334451, 0.682183877359649, 0.7328208328052292], [0.7639841256426668, 0.7247513126877121, 0.715998512011074, 0.6065082619931645, 0.8610706093923276, 0.5594614515151636, 1.0, 0.6855234494151233, 0.7904158958496168, 0.8248166153250096, 0.6966009539815722, 0.6750141930245102, 0.8480632055655605, 0.6561347042499945, 0.5082088329758483, 0.8211812710567383, 0.5175131645195016, 0.7579126775813076, 0.616991621601325, 0.5603585838373135, 0.6909767469397792, 0.6296627807079507, 0.7159422039987829, 0.7084301786072809, 0.635141817655785, 0.6091520708029403, 0.570346811918496, 0.606010562541458, 0.5877100895504599, 0.6287149245575734, 0.6090961929231228, 0.8203326800913172, 0.6480627088089957, 0.7848780300468586, 0.7278092711362647, 0.7724722138579159, 0.7120704116953098, 0.7384359372853795, 0.5926268305737175, 0.8760896049663833, 0.69204516920855, 0.7785302495409705, 0.6309944680564685, 0.8234756468318185, 0.645717379949186, 0.6188359379250109, 0.6444130727588899, 0.6409275243909098, 0.5773350325927858, 0.6420721009730065, 0.5208910360661736, 0.785345018319677, 0.6061969167402007, 0.6780614192047884, 0.5399446034892111, 0.6159736439136246, 0.7194324256261629, 0.701915699490023, 0.5930750159895414, 0.5960925739184522, 0.6435085445762623, 0.5780162114319586, 0.706266742618071, 0.7827016660796213, 0.8791283067066706, 0.7810068982268075, 0.8361771804093728, 0.7411875934906031, 0.8596585502430814, 0.7547001231921149, 0.8773986401771983, 0.7921642261129244, 0.8046821273714121, 0.5911335015097656, 0.81794717392705, 0.6195132460535275, 0.727978338321707, 0.7844923642031308, 0.7375996128505246, 0.7366018166536187, 0.7785688076938756, 0.599411567215088, 0.7063783936453137, 0.6665319121173926, 0.6856792303151287, 0.7358489913048725, 0.6741990373151456, 0.6565411779233679, 0.6129624760630908, 0.6641765559828392, 0.6654525728460691, 0.6823698345124466, 0.6329710444472193], [0.6668601242199957, 0.5778951985250407, 0.7605653402679892, 0.6520387484830642, 0.6452061945501536, 0.7336442433248639, 0.6855234494151233, 1.0, 0.7516337387816984, 0.7246761197576412, 0.6580356654331792, 0.7645356085179008, 0.7066186451927088, 0.6745751416957537, 0.5524866051328523, 0.7136307746865048, 0.6070078191588897, 0.728207031164402, 0.6946214612302962, 0.6590318689120916, 0.6431286475868753, 0.6339834529225565, 0.6586841306060743, 0.7379787265590365, 0.7262102620920585, 0.7017452271939402, 0.5939713917115051, 0.7237257676961915, 0.7423719928947649, 0.6387712110516094, 0.7179282282489459, 0.7417212698401676, 0.6911895375106992, 0.8036471150552549, 0.7288832733063095, 0.666124300875919, 0.7420320410249963, 0.6779326854845854, 0.6210440826147624, 0.6531048262580162, 0.5568052292389016, 0.7659731464548162, 0.6289636566463298, 0.6471680300555149, 0.6546179321370594, 0.6228723547918587, 0.575813441407136, 0.6222373613017721, 0.6715927820749532, 0.7023493580278171, 0.5463557253821146, 0.7041230568108541, 0.5911405716834043, 0.6012273259307855, 0.7026264703816494, 0.5105609317297161, 0.6075465323062458, 0.6546944502225582, 0.6981913929714736, 0.5081147433817227, 0.576233157958776, 0.629720801503914, 0.6936595209379899, 0.8138418712037606, 0.7656687451614356, 0.852372786200687, 0.7462671307006371, 0.7312602969941546, 0.8012051650830848, 0.8552035317116401, 0.7328942047230125, 0.7014212468041082, 0.7910901684588509, 0.640558894928743, 0.7777162022968063, 0.73314766932637, 0.7869304314190997, 0.6695216806778893, 0.7908781994160904, 0.7492854447044551, 0.7290285405157583, 0.690148021826581, 0.6645516230993684, 0.6426802738801577, 0.6475828172335553, 0.6617111479589818, 0.6446157599249176, 0.5575217865076069, 0.613842895256335, 0.7024076413035464, 0.552703679992993, 0.6636387709791565, 0.7342163465393448], [0.7733054069027675, 0.7186366482035916, 0.8278723892312183, 0.6861899839531845, 0.6704512932439849, 0.7280897515976341, 0.7904158958496168, 0.7516337387816984, 1.0, 0.7469450961385966, 0.6947153698143167, 0.7319560160315008, 0.7661394038087478, 0.6620681242925165, 0.6175278782621006, 0.8196589250518603, 0.5528470555419209, 0.7494936621592152, 0.6491220844268285, 0.6331755601071499, 0.6274816426252475, 0.68692392564901, 0.7236338773674963, 0.653341490850928, 0.6550826900749425, 0.599922826540084, 0.6134831306921563, 0.6541418122352556, 0.629128150728807, 0.487936751811646, 0.6542794692996182, 0.782585941296934, 0.623217660666959, 0.7342311038045004, 0.6954478480198184, 0.6821838165193626, 0.7126032692127563, 0.6685652885575405, 0.5422039994811556, 0.7531458782098657, 0.610536526054782, 0.7320392977165866, 0.624572207535206, 0.7233662646964596, 0.5949748625732063, 0.7157890616117367, 0.7386816206096948, 0.5681881690639421, 0.6212960342227164, 0.6151467618356412, 0.5659007475530244, 0.7333002133240352, 0.5472438800461266, 0.6069647879849688, 0.5834577635970896, 0.5699492404247689, 0.6460426903826322, 0.6396309664594036, 0.621986904463312, 0.5560703228229525, 0.5789434994352347, 0.6349527406236142, 0.68631966235674, 0.7442111568142203, 0.7716131508910521, 0.7658984236746901, 0.7461059195800521, 0.6934658398530588, 0.7095331378209783, 0.7235266147032846, 0.7067394103345915, 0.7491080935818583, 0.7238530908910837, 0.6653394175243297, 0.6992581573112122, 0.7057427745940519, 0.7678700662040058, 0.6892438526135977, 0.6920000111233041, 0.6350977625565472, 0.7793855291145002, 0.6784841428015617, 0.727808020358533, 0.6981385235181321, 0.7206057499661636, 0.6839568326921587, 0.7692647735632573, 0.6587566297482597, 0.6253772238127718, 0.7613155548040281, 0.6816619104270544, 0.7125404408102562, 0.7383910482524363], [0.7555178484565387, 0.6384281658476387, 0.7046354777430155, 0.7320497580292407, 0.8430963126208693, 0.7034574565360923, 0.8248166153250096, 0.7246761197576412, 0.7469450961385966, 1.0, 0.7602316865031611, 0.6888275136814134, 0.8748299963840254, 0.6662664979724366, 0.45177140459310805, 0.7741299257051469, 0.5196450456082315, 0.7823637273764984, 0.6382135404795846, 0.5539007847613037, 0.8093898198433414, 0.6381746032506697, 0.6635840431465236, 0.7348747236770505, 0.6637329653981654, 0.6324591980768454, 0.6603089224629576, 0.6915999638446835, 0.6736032349847917, 0.6633762819342267, 0.687963767914912, 0.7992715263480115, 0.771933042419421, 0.7861677235837912, 0.7380920274597214, 0.7553765875809516, 0.6240437553277425, 0.7098433789669509, 0.588591633447842, 0.7774849077138628, 0.6360443748408977, 0.7785014511739389, 0.5597603356932481, 0.7152001561530096, 0.6108089144455517, 0.5687853805147431, 0.6516356334538906, 0.6150835294312512, 0.5757168860926417, 0.5586531697749115, 0.5839869784533277, 0.8039891961245702, 0.6286581364351422, 0.6780892633215311, 0.5910993458311418, 0.5635365953773883, 0.5990612081126526, 0.6490153938909571, 0.5551157694953491, 0.5287807487591072, 0.7296383760339887, 0.6414601904709669, 0.7690784106636455, 0.7357916657616106, 0.8209966637888501, 0.7865302268629262, 0.8475172652907522, 0.7157068168675029, 0.8202437060232752, 0.7389676094615385, 0.8519544905998262, 0.8349891725005592, 0.8102528625991264, 0.65031521320416, 0.8717056462089452, 0.6957605302344453, 0.7789341623742796, 0.7139523154551062, 0.7578828320021826, 0.7319958811088485, 0.7698760537037505, 0.7184589413524987, 0.8018205781443014, 0.7318001329091416, 0.6860688531864554, 0.7173652992239468, 0.6963816906860525, 0.6617071268902713, 0.5905617843974855, 0.6586066879765674, 0.6864693575770119, 0.7341339323751599, 0.7681974708101111], [0.7843548125633593, 0.7051455437009096, 0.7173329315092491, 0.8495619296626135, 0.6912741900013344, 0.7368579850020636, 0.6966009539815722, 0.6580356654331792, 0.6947153698143167, 0.7602316865031611, 1.0, 0.6387548565582336, 0.7944805558932938, 0.6712019893307495, 0.6374799748257053, 0.736534195775178, 0.5654226709837076, 0.7513729807886935, 0.6065211151155474, 0.6383234642467428, 0.7566871563191758, 0.7043761595737777, 0.6620957626363333, 0.7099753938338208, 0.6087602535771096, 0.6480614983635508, 0.5726845858690374, 0.7095635163476507, 0.6093797868040454, 0.6606701189022861, 0.6841670780780204, 0.8059597919974705, 0.7065990752904457, 0.7624858997083931, 0.6738723820240892, 0.7326724049562591, 0.6949727213810972, 0.7239845346730477, 0.606293868925901, 0.5969486608277681, 0.5918955018633374, 0.7792381917900654, 0.5800871605130934, 0.758148889623706, 0.5489810013079858, 0.6021303829785057, 0.8007088188075473, 0.6232519699946262, 0.6317860361394434, 0.6598184927040511, 0.5922717735728561, 0.6621839170834961, 0.6075209682654791, 0.685260121674274, 0.6016832417874229, 0.49274817052808606, 0.6212200032139581, 0.6294260588028636, 0.6205003328112242, 0.5262043136185779, 0.60859207485928, 0.6758264483585238, 0.8112646098635468, 0.7641689476365437, 0.7778575591390378, 0.7407246561810347, 0.7340883565782709, 0.7161529370612997, 0.6806966014423601, 0.7549510120387319, 0.7186588462484457, 0.7395152006626504, 0.7038937630199872, 0.6222303760754829, 0.7474694133193341, 0.567254536685283, 0.6528076907168672, 0.7494923144233023, 0.7120732975979325, 0.65166582553742, 0.671648428716169, 0.7094159221172585, 0.6410000940677699, 0.6490866679185645, 0.6976880484398338, 0.6851216152310791, 0.5543338446709879, 0.650546473832103, 0.6335487250471119, 0.5844869112941795, 0.661174112160616, 0.7223225766889826, 0.6584950989981886], [0.7538475393674277, 0.7558548247140886, 0.7486276625283469, 0.7162353938740659, 0.6332462266751648, 0.730654153247961, 0.6750141930245102, 0.7645356085179008, 0.7319560160315008, 0.6888275136814134, 0.6387548565582336, 1.0, 0.6653070889743261, 0.5548063373030361, 0.5704734141990977, 0.7858347728252025, 0.46991801546336376, 0.6833475795280208, 0.644915166807934, 0.613240190870911, 0.7048759325196371, 0.6093820468148708, 0.6111696779620921, 0.6622013359509061, 0.5726002902143116, 0.6880456932870013, 0.5375409567222955, 0.6527776424632002, 0.7824575981523566, 0.5755781650862241, 0.675017709132855, 0.614513981536426, 0.7602080661952795, 0.7684712830620597, 0.6737053508465156, 0.6525851081886886, 0.7279814533239877, 0.6470204324035116, 0.5751153603891876, 0.6266270906466683, 0.6515681056924543, 0.6872673622126384, 0.6816520580731963, 0.6803314809038369, 0.5618250302298126, 0.5545289098660321, 0.5502165551552735, 0.5711086381378369, 0.6124361378058835, 0.6056907470965728, 0.6334625613132887, 0.7299521592672965, 0.5467642989898079, 0.6381296489368057, 0.4855950650860973, 0.5671024982013684, 0.6759052645237513, 0.605365649428642, 0.6142077093095045, 0.610166239864208, 0.5926979381135613, 0.6856404325272549, 0.6718916523136662, 0.6811977570142954, 0.7115674380809643, 0.7204706629383164, 0.6612065393429718, 0.6428908427270228, 0.657763345934969, 0.6721854700445693, 0.6341591551477068, 0.7083355285907602, 0.681096311405526, 0.5785868825673586, 0.6627536646665908, 0.5903704448180882, 0.6986524261952072, 0.6688514337143678, 0.6531726847750423, 0.6350438102402433, 0.6282440743953921, 0.676052189783157, 0.7025667674907967, 0.691391530159344, 0.7080744144687214, 0.6626576457792311, 0.6518115203962539, 0.6143943859110262, 0.6529327951688467, 0.7292643653052171, 0.6480479339599509, 0.6858070891638204, 0.6656252127910064], [0.7309421258582658, 0.672389139278244, 0.7062842656900566, 0.723746342898154, 0.8001602541056672, 0.7097466385443677, 0.8480632055655605, 0.7066186451927088, 0.7661394038087478, 0.8748299963840254, 0.7944805558932938, 0.6653070889743261, 1.0, 0.7817017090900235, 0.49602244083531744, 0.8260670064764755, 0.6109205476998434, 0.8391686629277951, 0.6937441276312271, 0.6019213646869718, 0.7424676385305441, 0.6767333668440738, 0.6575185128436617, 0.7630717090077603, 0.6924653245972511, 0.7105997595255761, 0.6074114887603381, 0.7256800926760253, 0.7038774936684321, 0.7068731954580307, 0.7073992238415171, 0.8298782673175323, 0.6907103224253508, 0.7753332153038655, 0.7158674315688919, 0.7648970712507777, 0.6726906352325083, 0.7448094459609738, 0.5670562885687712, 0.7678532245620958, 0.7067134166402199, 0.7558059987666257, 0.6562150631361919, 0.8267867531381219, 0.6188263834607801, 0.5677063545919232, 0.7057795345009713, 0.6234323013739593, 0.6434092670486666, 0.6691046894377259, 0.5711559671108465, 0.7308659852494982, 0.6730519441067089, 0.6764925035488711, 0.5994795480404175, 0.6128187495718852, 0.6395490737155912, 0.5873061308777855, 0.6018038489707264, 0.5860044115403898, 0.6151627830222153, 0.7106574387226853, 0.7660216002731419, 0.7943738911082292, 0.9165575876001929, 0.7737559162350487, 0.8710465830098075, 0.7394672242017349, 0.8220557793018631, 0.8067565592722203, 0.8159410080272914, 0.9027956899976717, 0.801538366846017, 0.7064935197209111, 0.8313457491925186, 0.6643687154320332, 0.8074549383008743, 0.8080122957243853, 0.7404575033157922, 0.7149396200103825, 0.7911900175746265, 0.71661175734584, 0.7780273130773757, 0.7185848824776525, 0.6679910198819047, 0.7261259147145578, 0.689409069694202, 0.6773746229294917, 0.5941696737809394, 0.6524171849883671, 0.7069388261043892, 0.7262250105620046, 0.7490706808958669], [0.6170041762213563, 0.6003820934994396, 0.5394227559038864, 0.6886341773599165, 0.5904539196412469, 0.5233689080200017, 0.6561347042499945, 0.6745751416957537, 0.6620681242925165, 0.6662664979724366, 0.6712019893307495, 0.5548063373030361, 0.7817017090900235, 1.0, 0.5673679622070643, 0.6920280911395434, 0.5463454626257139, 0.6290758439352746, 0.5556746142040907, 0.6272709014581382, 0.5279412328992361, 0.7075190889357413, 0.6131028825851785, 0.7259343192918192, 0.5829764254390638, 0.6645113431846933, 0.5556481649844005, 0.6569087096832404, 0.636167604128806, 0.5991407530073455, 0.760149690705718, 0.6495924801497595, 0.6053339122252017, 0.6620920019439689, 0.6344688416921358, 0.626436812772635, 0.6357802562470167, 0.6387945595695522, 0.5960973777686129, 0.5996126233660923, 0.5552269984821852, 0.6093750600684653, 0.6556723661450902, 0.7160815794680868, 0.5472390248689099, 0.5700379732418128, 0.5578356477149534, 0.5255681385951753, 0.6874289355124037, 0.4988757787300514, 0.5206249307201394, 0.6386744930096734, 0.5885565493660204, 0.5992074001965946, 0.5011452002618245, 0.5843805979939651, 0.5873286231991123, 0.60362660245673, 0.6530211417622677, 0.5467525750347136, 0.5890665986754506, 0.642883240544502, 0.6264059802859359, 0.787359451258485, 0.7626989556620786, 0.7519539286851818, 0.6668273035213931, 0.6398578345851919, 0.7060858197868621, 0.7580945194414604, 0.6329713227024615, 0.6997658821914825, 0.6075208522389496, 0.6920041771805782, 0.6855238974738027, 0.5892754248633624, 0.7749199471443673, 0.6713946991687698, 0.6790280630381432, 0.6562455660033858, 0.6625701862703206, 0.5850318969252175, 0.6527479108035779, 0.614468771360299, 0.5462428150843056, 0.6776034739530243, 0.6141635058922599, 0.5114686270273703, 0.5708785842154849, 0.5921120008688989, 0.6285093997219171, 0.6930360122104046, 0.6468977120284389], [0.579148190499133, 0.5704899790017843, 0.6008204572626938, 0.6383418949725126, 0.3828618466394227, 0.48375391333694395, 0.5082088329758483, 0.5524866051328523, 0.6175278782621006, 0.45177140459310805, 0.6374799748257053, 0.5704734141990977, 0.49602244083531744, 0.5673679622070643, 1.0, 0.6155777304493608, 0.30226167491077194, 0.4237425503071054, 0.5558700824278462, 0.5383276547128428, 0.4629157428661327, 0.5630794873587921, 0.5692532585291942, 0.5299743854026597, 0.5262753781547366, 0.5027743555913473, 0.4199922407866421, 0.40029925990715365, 0.4883678131876026, 0.5440298584673918, 0.4931544514044762, 0.5117249121559367, 0.4835196976266667, 0.5714570086360192, 0.4955864230660443, 0.5285573069883338, 0.47287524559032734, 0.4370152152798177, 0.39577707705640663, 0.43830344865021864, 0.46032835232129843, 0.5053869682316322, 0.4458734079716433, 0.4963029382146371, 0.39735640142609363, 0.44094914832698806, 0.47080961493547147, 0.4220198808534026, 0.475336782087155, 0.4234473957253049, 0.44092017681641105, 0.4603942100696905, 0.4609258100021586, 0.48210184409427015, 0.43519492018703665, 0.5186864086808501, 0.6140053030852396, 0.5523424929937921, 0.4968671325435412, 0.4572527027756932, 0.4894290325717603, 0.5900323388225642, 0.6024459518128986, 0.5926713195752369, 0.5677772384068637, 0.5855443175087218, 0.49198084949636356, 0.5397614277014249, 0.4824101671935519, 0.5165936981045328, 0.4897048418347951, 0.4551423604863395, 0.51183172690091, 0.4574940737631875, 0.5126206853849378, 0.4774245545914365, 0.512295681206105, 0.6583896408162448, 0.6059449323728566, 0.5810188706794208, 0.5554694834909223, 0.5165239252910613, 0.4449976585979194, 0.575813990454177, 0.6091945222841839, 0.5518501105366407, 0.5764775432238359, 0.576284099443897, 0.5242088215157833, 0.5525756637776876, 0.5578213629136559, 0.601458674410198, 0.5555842551799692], [0.745538549232767, 0.7270457926889513, 0.865230505777007, 0.6645587191822437, 0.7596270366774717, 0.6882417769303547, 0.8211812710567383, 0.7136307746865048, 0.8196589250518603, 0.7741299257051469, 0.736534195775178, 0.7858347728252025, 0.8260670064764755, 0.6920280911395434, 0.6155777304493608, 1.0, 0.5403622876513923, 0.7881294688539696, 0.6914969585793695, 0.5435817618421747, 0.6621078756676441, 0.7540738387662531, 0.7004713049550993, 0.6582288702560423, 0.7043790579796844, 0.6178208192734327, 0.5656732407505591, 0.7431505613578024, 0.6762183312463679, 0.6342047846256553, 0.7010510761084258, 0.7657440629680576, 0.6941267539714653, 0.7336880844649541, 0.7152232835012716, 0.7689953433335842, 0.676970553923693, 0.6899855732360599, 0.6173981783021326, 0.7083376008425019, 0.6664605689015286, 0.7306034900339298, 0.7663858114954394, 0.7867994816693196, 0.5935171996529653, 0.5778616540222609, 0.6941432337133475, 0.6133526578115811, 0.668318650080617, 0.6619174703366749, 0.6283713176026522, 0.7512119059696648, 0.6566276572688126, 0.7127680124979517, 0.6260871394264301, 0.6689265716290876, 0.6461174011957947, 0.6042341465651361, 0.7271095255366379, 0.5682590454834665, 0.5703097828149389, 0.661318237170216, 0.6987492511623274, 0.7298913662165335, 0.8126325192064753, 0.79629301194311, 0.742154779357454, 0.720094346740098, 0.7554115689465793, 0.7333065479714326, 0.8219304531658217, 0.7756700538067178, 0.731157442344466, 0.6018522115612722, 0.7763029051154808, 0.6837705741049336, 0.7342417644278948, 0.7789698951768633, 0.7388325848553804, 0.6671066443706346, 0.7822767828311905, 0.6889991109607073, 0.7247356220366072, 0.7006512518968102, 0.7142428109012303, 0.7429774543679399, 0.7282101792047992, 0.71634633327448, 0.706900633759486, 0.6813252773238578, 0.6871402765896534, 0.7330482074354284, 0.7096224262100448], [0.5046441189497507, 0.4998028871039918, 0.5158404722250556, 0.6093107288967676, 0.5273318835104569, 0.5139480047110343, 0.5175131645195016, 0.6070078191588897, 0.5528470555419209, 0.5196450456082315, 0.5654226709837076, 0.46991801546336376, 0.6109205476998434, 0.5463454626257139, 0.30226167491077194, 0.5403622876513923, 1.0, 0.4818866478045982, 0.6436285599221411, 0.551530092604556, 0.5268626920520453, 0.5703481086598846, 0.4525713758013177, 0.5517990678993822, 0.5587550350033924, 0.5967647380749886, 0.3522843198513894, 0.6371182678106907, 0.44959443783069575, 0.48172131754655667, 0.59514972694436, 0.518802761841798, 0.43175146586942625, 0.5818939363831193, 0.45799508610011985, 0.5257040940350424, 0.5453226696532548, 0.5658464592915506, 0.49440124858081735, 0.41345595252473744, 0.37708065535465607, 0.5633408925988608, 0.5426871485931546, 0.4446712465963125, 0.4360215971803614, 0.48430347830720144, 0.501666347845912, 0.47475735321519597, 0.44963338273388787, 0.5068627580040934, 0.3606959093919623, 0.5080809243830651, 0.5097878474746225, 0.506348759943071, 0.5159946514037168, 0.3716683620930703, 0.5377856581650148, 0.5213704051536061, 0.6343362243374815, 0.43205314743170153, 0.46741580421171736, 0.5907644536049376, 0.5013282511370637, 0.5599915317920349, 0.4965175137934986, 0.5661292936282595, 0.5507049331450521, 0.5275247858531913, 0.4805959919416982, 0.6017406747497319, 0.524915315780207, 0.6390237196462586, 0.6417787573085965, 0.49653390773105177, 0.5219916169769862, 0.535583507732064, 0.5798129301599664, 0.4777067356273159, 0.6187317767268421, 0.4730768088401833, 0.5574457088824748, 0.5445381583090751, 0.4073646910909714, 0.4834351284472149, 0.45119347337941407, 0.49191464061920553, 0.49205418525946953, 0.4676551803366107, 0.535148077270402, 0.5019767417594316, 0.45023924524135484, 0.49871745104997856, 0.4858585843251131], [0.6946016086712916, 0.627236610855545, 0.7876028004343608, 0.6281854641034065, 0.758035134065553, 0.7469873573315274, 0.7579126775813076, 0.728207031164402, 0.7494936621592152, 0.7823637273764984, 0.7513729807886935, 0.6833475795280208, 0.8391686629277951, 0.6290758439352746, 0.4237425503071054, 0.7881294688539696, 0.4818866478045982, 1.0, 0.6396939124903042, 0.6098250074521416, 0.8010376565449213, 0.587977972933877, 0.571877873758582, 0.6284849968456357, 0.6651927140301527, 0.5469823461108322, 0.5492392833411112, 0.7344203706504363, 0.6127945131334632, 0.5950876883467947, 0.612979446641436, 0.8023929763304981, 0.631003596658455, 0.7195645488616065, 0.6507522220023108, 0.6667303922674866, 0.6948544123111173, 0.6441960134469095, 0.5220843762409478, 0.7054066025397073, 0.6110776472203019, 0.7234895835519367, 0.5916408333894436, 0.7615733035043813, 0.5289231123225093, 0.5764537008609356, 0.6783587654817504, 0.5562328150074682, 0.6009855863865041, 0.6235177326313208, 0.47704154896852824, 0.6861834657558041, 0.5340866348673425, 0.6552836875289313, 0.5614533771318146, 0.5589914197089411, 0.627958939611069, 0.5690968361029222, 0.5665586717344927, 0.46822624849407113, 0.5689210769173577, 0.6279205570314744, 0.715093300250134, 0.7369898243893142, 0.8808002102980402, 0.7461797439182006, 0.7480737830880402, 0.7216446222746018, 0.7406229880614174, 0.7451638144009045, 0.7566286268556147, 0.7483988334821625, 0.7206719994213329, 0.6141807545832626, 0.7569293720842135, 0.6234810219530366, 0.6960733703239883, 0.7205829009683842, 0.7314007430666902, 0.6990423597443238, 0.676387275764802, 0.7707600388799573, 0.8054074473637731, 0.717877361321828, 0.6416401566716265, 0.7414210530915942, 0.6689753722921665, 0.5666639376995497, 0.6634576542135681, 0.6267514806912328, 0.6164957000630746, 0.6983054709360879, 0.7715959934817475], [0.7041366702509181, 0.5528923124750923, 0.6505918109958353, 0.6569781942211323, 0.5447083646273922, 0.6618584920153776, 0.616991621601325, 0.6946214612302962, 0.6491220844268285, 0.6382135404795846, 0.6065211151155474, 0.644915166807934, 0.6937441276312271, 0.5556746142040907, 0.5558700824278462, 0.6914969585793695, 0.6436285599221411, 0.6396939124903042, 1.0, 0.6462470754270238, 0.6288286879246558, 0.6881225121128185, 0.6268196934222064, 0.6869051186611843, 0.7308284486070444, 0.6517149018479338, 0.5100211874051093, 0.6774217729242887, 0.5917520439012907, 0.554745300415946, 0.5890710849119936, 0.598013390971721, 0.6253053929763048, 0.7275348666504114, 0.6250075988231772, 0.5584178606521629, 0.5942923021972937, 0.5984267266058251, 0.6312144865202174, 0.594752097414054, 0.501263770262862, 0.7307166023885119, 0.6040128603264946, 0.5444414664984788, 0.5537214472238784, 0.4711144129120375, 0.6610268948684916, 0.5657121013210931, 0.6404595193117086, 0.6334041318620546, 0.4126188371551489, 0.6124764492089432, 0.5538697377011486, 0.6793963661089278, 0.5374329429408067, 0.619239410348077, 0.6482737843357449, 0.550998842616907, 0.7261071435561001, 0.5708767932883217, 0.5951416498203099, 0.6387372838884932, 0.6007058972935126, 0.657783950445712, 0.6859625697556339, 0.6920415189396959, 0.6876986991655641, 0.7475361989677454, 0.6486457822239731, 0.6822522415903419, 0.7210248148331954, 0.7213724533810769, 0.747614151967841, 0.589976088935326, 0.7086407676752693, 0.6575829574714462, 0.6293795711582718, 0.678562544632656, 0.7357352163670527, 0.6067841168633272, 0.7593900369160365, 0.7177329632235484, 0.6479721173605372, 0.7064522299015699, 0.6126809571729511, 0.6312336341988506, 0.6654665914421861, 0.5616625418078276, 0.5819922968487808, 0.5738966336132131, 0.578049542750946, 0.5823298492468546, 0.6210017868456463], [0.7443430897948746, 0.6552477409153291, 0.6081544584395076, 0.6412646499130893, 0.5967091364630077, 0.662308672180518, 0.5603585838373135, 0.6590318689120916, 0.6331755601071499, 0.5539007847613037, 0.6383234642467428, 0.613240190870911, 0.6019213646869718, 0.6272709014581382, 0.5383276547128428, 0.5435817618421747, 0.551530092604556, 0.6098250074521416, 0.6462470754270238, 1.0, 0.578400288734154, 0.5917544375167646, 0.6416243182638482, 0.6629541909284624, 0.6387307754577595, 0.6483806940711941, 0.4968555205490388, 0.5513325071734781, 0.669529850369863, 0.6074765906854829, 0.6444352694637387, 0.5862257656587191, 0.5305618289187612, 0.6599532172264201, 0.5800895558023831, 0.6061510816033643, 0.6367214693272815, 0.5947273598020452, 0.5592558183114341, 0.5478837490040482, 0.4781887999614325, 0.6351433718566402, 0.5787044764152218, 0.5380409245464947, 0.5071584675894864, 0.5114929792635752, 0.6278519347245826, 0.5595294435128068, 0.6237723982730394, 0.5680003048326158, 0.6762848247098013, 0.5874987458300234, 0.5345856302887089, 0.6475754330751086, 0.47825276822108853, 0.5298359941417444, 0.6780993341235226, 0.6956198128275922, 0.5620536954729587, 0.603603513948166, 0.6470579491372159, 0.6270976445430656, 0.5274178960893557, 0.7236498345283761, 0.6645612677655881, 0.6586189966370343, 0.6225752314827999, 0.7468810912534578, 0.5851271183395291, 0.6961155219696272, 0.6393544553876584, 0.6596365744419278, 0.7017529222818718, 0.6412167788766088, 0.5866158362855625, 0.6156469180488472, 0.654800402123383, 0.6350983580453277, 0.6842156598168211, 0.5926212714777689, 0.6369606203110649, 0.6676595213086308, 0.7196322937254767, 0.6994092397721842, 0.6142012557500057, 0.6196215492076911, 0.5755303049822513, 0.5284061728844542, 0.5435004454022262, 0.6638085068708731, 0.5736588060690174, 0.6512297907485204, 0.6436847189858818], [0.7056922408472335, 0.5970901771931503, 0.7295018630925253, 0.7533494005294071, 0.7353736410877387, 0.7324077012007268, 0.6909767469397792, 0.6431286475868753, 0.6274816426252475, 0.8093898198433414, 0.7566871563191758, 0.7048759325196371, 0.7424676385305441, 0.5279412328992361, 0.4629157428661327, 0.6621078756676441, 0.5268626920520453, 0.8010376565449213, 0.6288286879246558, 0.578400288734154, 1.0, 0.5948338806495014, 0.6142195305098336, 0.6232131011013611, 0.5785488751461927, 0.5782580332403272, 0.496239824317932, 0.688800630255625, 0.6714772258341956, 0.62993796197167, 0.6497924763694611, 0.7529762176846643, 0.7532907290797466, 0.788927232009925, 0.6492405666106775, 0.7039817618905961, 0.6880131178343645, 0.6829709153277784, 0.6578395481763123, 0.6760075806067185, 0.6516549130575894, 0.7620872661767499, 0.5063183475083157, 0.6962237743798131, 0.6173247802664762, 0.6301578767391915, 0.6116626312602276, 0.6700200991494789, 0.5594587828120191, 0.5746180310319805, 0.58038750719378, 0.7272736560888188, 0.5509014321989906, 0.6666981807987836, 0.5865224122644543, 0.5727302098348225, 0.7648515474871862, 0.6306581404834722, 0.5129905805070174, 0.6032121826726314, 0.7008650453432663, 0.7184891692892122, 0.7988987879868154, 0.6942514830433549, 0.7797062299864906, 0.7362138081837031, 0.777629172252231, 0.7526017362726741, 0.7114516369628485, 0.7147176931042345, 0.7458152801551147, 0.7514708146770297, 0.7447664409571012, 0.6603158856330592, 0.7326025305400873, 0.5602619775434952, 0.666757513614006, 0.7299832465016479, 0.7342855032291462, 0.6966497003294762, 0.6432860555436828, 0.8346048082348998, 0.7814079943468949, 0.8193470061593994, 0.7138102238468862, 0.805686826133951, 0.7055080728233891, 0.6685951329432945, 0.6734702243081204, 0.6563282769597323, 0.7507550762034623, 0.7583802479867978, 0.8079277591733728], [0.7198111381522606, 0.6194761448364929, 0.712978979937554, 0.6401781829990363, 0.6717159617143639, 0.6275621880490179, 0.6296627807079507, 0.6339834529225565, 0.68692392564901, 0.6381746032506697, 0.7043761595737777, 0.6093820468148708, 0.6767333668440738, 0.7075190889357413, 0.5630794873587921, 0.7540738387662531, 0.5703481086598846, 0.587977972933877, 0.6881225121128185, 0.5917544375167646, 0.5948338806495014, 1.0, 0.7954294299076886, 0.7427209672662287, 0.7269004734220098, 0.6976134227549706, 0.6314039758068973, 0.7111525879635668, 0.6502512565164373, 0.5452940607216542, 0.8019608532057931, 0.5901329040256039, 0.6156049497646662, 0.641613425987908, 0.5822664293913633, 0.6389363511479251, 0.6109512635125822, 0.6081388522745694, 0.6030847826072487, 0.6202900347430796, 0.5779302458635254, 0.668946336073197, 0.5530951766808706, 0.6901657737451232, 0.5091683775140463, 0.6421079093462261, 0.6499194798174427, 0.6281230906613976, 0.5835466026401375, 0.530856479748219, 0.5773078084130762, 0.6320462883833617, 0.5532349232571725, 0.6516928611250037, 0.5132591504522839, 0.5457717858326014, 0.5299044094710799, 0.5602816385321532, 0.7812860780403414, 0.5829639235759594, 0.5706135079023564, 0.6443724952259108, 0.6250251623727276, 0.7588672960334825, 0.6764012995441124, 0.7727124957683177, 0.6981760912067997, 0.7388207382265702, 0.7087327226518485, 0.6619050962834973, 0.698332