"[[1.0, 0.6435649742003298, 0.6404228209224903, 0.6719415737269405, 0.5532254468289085, 0.5767473628099641, 0.6942289176856029, 0.6568493116263165, 0.6621483028939248, 0.5948899442003707, 0.7262962959325454, 0.5913500683235919, 0.6267261133248233, 0.6636896330000612, 0.5487392510848295, 0.643405278542313, 0.5234072454209056, 0.5783630335145241, 0.6416495332568164, 0.5754623463145946, 0.5595076765312124, 0.557431937177872, 0.5646289782171162, 0.5362799928323136, 0.5524321560044362, 0.5458640943974613, 0.5398146706473295, 0.5645300069881944, 0.549169540776022, 0.590653793256709, 0.5540156561375746, 0.6117704705595215, 0.6102121594996197, 0.6145900317839755, 0.6393262456292271, 0.6736453058510442, 0.6327540720893629, 0.60809580642052, 0.623517659165705, 0.6163354197651126, 0.5966624388393585, 0.6322431708165765, 0.5931842425977079, 0.591906333523995, 0.668288484551879, 0.6012024885573704, 0.688961375257088, 0.5794275417264899, 0.5566719527744366, 0.5964150430342892, 0.4781045688680243, 0.6482145418958725, 0.6106844229166638, 0.6325024035699716, 0.5462538082472006, 0.5704820919964444, 0.6851297517387388, 0.5572218181498119, 0.5991232232768182, 0.6368072965894915, 0.5085525056395126, 0.6520923178129179, 0.5501999860829503, 0.6245776620182277, 0.6214028869810242, 0.626150271265117, 0.5778695429499733, 0.6285315662350411, 0.6252279431569467, 0.6361460476454355, 0.6181750580136118, 0.620989013298513, 0.6004365683550967, 0.5619001092081259, 0.6258027635945939, 0.5899982382823185, 0.6372132345696879, 0.6644979427933148, 0.6447400774985697, 0.6520474530414595, 0.6419898594504572, 0.6349417454647851, 0.5758473378590339, 0.6680122335366416, 0.5886585804486846, 0.6024045092733271, 0.6077244894817859, 0.5455861408251372, 0.5453474307028189, 0.5623761843523204, 0.6888042468345563, 0.5877109021857115, 0.6294193573950362], [0.6435649742003298, 1.0, 0.7002397269074966, 0.7801697072743579, 0.6415789998379658, 0.6327291821424129, 0.7019602214797682, 0.5098238484401101, 0.7288947293408033, 0.6351627062403142, 0.5829370237845242, 0.5806513023808915, 0.6605305866561784, 0.5523153622067032, 0.542582149489544, 0.6999681365619664, 0.5244121867871994, 0.6484308302936254, 0.5784430785183383, 0.5406782301462851, 0.6009029204874634, 0.5339820118975864, 0.5797285502534427, 0.5664912143340674, 0.5609133636888983, 0.5583490411044465, 0.5758926119496721, 0.558392242194243, 0.5730459501145186, 0.5809073511881362, 0.5460448974722025, 0.6260979039514947, 0.6390318912717622, 0.652505213663717, 0.6453477892616423, 0.7002778485639187, 0.729016521664783, 0.6614777618224169, 0.5849806020747611, 0.6031309673370241, 0.6434774434187791, 0.6356360665041799, 0.6368219744111698, 0.5924592207530925, 0.45009546667404843, 0.5989505545241285, 0.6952096425037183, 0.5817773950461278, 0.639608899204336, 0.6794276157746528, 0.5583503929696213, 0.6460214860185671, 0.5514651460675407, 0.6143409857836581, 0.528781168748064, 0.5484450880044369, 0.6238914995950582, 0.5029947109228725, 0.5771072971646658, 0.6468705158665305, 0.6111465972915043, 0.5986382157845771, 0.6864036668381088, 0.602775588650424, 0.6376288566887898, 0.6156157626480159, 0.6394055693066724, 0.6104807803624444, 0.622967528728386, 0.58077131061005, 0.6528307112310485, 0.6443171463804582, 0.6304755429991732, 0.595702881929631, 0.6877139315170626, 0.5690376155808516, 0.6758290818893951, 0.6790892942087653, 0.6896358649080522, 0.6063239754389318, 0.6940813896248802, 0.5764014670978918, 0.6133217524009199, 0.626764411749409, 0.5625328950669674, 0.5757734118067649, 0.5142103699230887, 0.5827028200550568, 0.5404469626434749, 0.5648496487348609, 0.6627415000131451, 0.6079766741430725, 0.6066230772884611], [0.6404228209224903, 0.7002397269074966, 1.0, 0.8380407956497011, 0.936390101859039, 0.7273391774290273, 0.9335546733395255, 0.6809087578339874, 0.9611571998105322, 0.9299392072279915, 0.7346126013814896, 0.5991573867328629, 0.9513223358955654, 0.6800057876730586, 0.5458287036071714, 0.9598765563307523, 0.5610032461427026, 0.9578581434408067, 0.7878870534915738, 0.5655611671757376, 0.9128824535840088, 0.5825107772322964, 0.5777224952301683, 0.6553282635111998, 0.6725255646518956, 0.5789682643637565, 0.5786053561613989, 0.5954378628496017, 0.5748999666256593, 0.5986895322885933, 0.5796442620248757, 0.9073237192217671, 0.808978610568286, 0.9075202266913782, 0.7797476563345112, 0.7670066068194268, 0.732480497870229, 0.8177121358441966, 0.698991307757432, 0.9219681575401409, 0.7084131245221673, 0.8991552160165572, 0.7280183002633576, 0.8613218448255255, 0.6104200447150976, 0.7861443720099632, 0.9358287281182734, 0.626809858087515, 0.6609653026895792, 0.7444470844458554, 0.7259220955274076, 0.9486118545927595, 0.7106408376820035, 0.7601546483020221, 0.5772068579700755, 0.5828916608109865, 0.6682419222077953, 0.6222909751334714, 0.6891524180202375, 0.6417199977953697, 0.6441471168035768, 0.6419676550794453, 0.7754839809611056, 0.9024453952315269, 0.937981425501147, 0.8520782479384889, 0.920883452257422, 0.8054921285816071, 0.8936414599053423, 0.763659765166895, 0.9203356636430639, 0.9030031492249175, 0.8364067073699831, 0.5569637368872362, 0.8798500040485009, 0.7181344666847749, 0.7886575128297209, 0.9070862247794429, 0.832788591823341, 0.8050885629104683, 0.7469966258217166, 0.8854413558838035, 0.9077319276141314, 0.8283595814758384, 0.7683508583935807, 0.8404292817933836, 0.7613075714189769, 0.6388904378216775, 0.6021994004092162, 0.5903811452736275, 0.756333108526337, 0.8706834900270957, 0.8278010178950548], [0.6719415737269405, 0.7801697072743579, 0.8380407956497011, 1.0, 0.7582294998381585, 0.7572974897195496, 0.8232606901034312, 0.6343929561652949, 0.8821986482713705, 0.8239616553946683, 0.7014025209603476, 0.5990368540890221, 0.8119326189394191, 0.668334829875356, 0.5889381318072353, 0.8168303140764099, 0.5498493514660596, 0.7556512515271174, 0.7981643533066214, 0.6028255303946367, 0.7648459188408498, 0.6089810313478637, 0.5716629366933572, 0.6012360317031569, 0.5695560662791331, 0.6311533005313901, 0.5582087513310698, 0.6180324380705583, 0.5761704047441367, 0.5818803065098745, 0.6177647180352634, 0.8241631513251175, 0.8932455567062736, 0.8489348497139249, 0.8900331990705481, 0.8937187733748728, 0.8719560144683645, 0.8884218171898051, 0.8498176407452513, 0.7775626020946919, 0.8941936016686836, 0.877990294609474, 0.8432113747743704, 0.7978198005584403, 0.7225682440464546, 0.7676770990150816, 0.8854896188593673, 0.5813197032448382, 0.8264565211861109, 0.840731985107378, 0.7008795665225234, 0.8165624445292288, 0.5833780005567779, 0.8299837658733898, 0.5507420131051951, 0.5504240252359817, 0.6464587702617133, 0.6626707106678432, 0.6262375053271825, 0.7478327498075544, 0.7038048479379663, 0.759281318568293, 0.8269467747508354, 0.786051483521834, 0.7885745511943214, 0.8009336171043273, 0.8307401881310749, 0.7668195435714558, 0.7930787899396475, 0.727565792835664, 0.8278164144896478, 0.8295732367056674, 0.766879860503879, 0.6043955428127411, 0.8407135799434162, 0.6618845399875398, 0.7629893272844579, 0.8528298332720097, 0.8456842868792163, 0.6884399314565497, 0.8046462148099526, 0.7749717091888508, 0.7478815777335364, 0.7200516428915458, 0.668447092282966, 0.7977427383551206, 0.6419790984221299, 0.5774339000730953, 0.5706277176781476, 0.6306144066316937, 0.6972089664421243, 0.8310266217889039, 0.6877250140502537], [0.5532254468289085, 0.6415789998379658, 0.936390101859039, 0.7582294998381585, 1.0, 0.6513576155869683, 0.9146049539076591, 0.6659650891357161, 0.9379107290760672, 0.9525456216690005, 0.6401921852195799, 0.6417499805883, 0.9656430798691005, 0.714757589915243, 0.5551977455878159, 0.9511526070149582, 0.5696794888741007, 0.9727876227909481, 0.70448161346531, 0.601450081602696, 0.9302837350318565, 0.6015733569392497, 0.5928242788516012, 0.6264627712072894, 0.6357070011559691, 0.5935770416427206, 0.608244158394464, 0.5663249833375078, 0.5978941458726926, 0.5801352230462418, 0.6321206548462449, 0.9242326332915309, 0.8053825370424013, 0.925048137498558, 0.761923312540576, 0.7101160112450536, 0.6704138060792053, 0.822469582020436, 0.6822873129204983, 0.9347700021212464, 0.6557582731062257, 0.8879125766125169, 0.7181158840501524, 0.8725250970330803, 0.5714852797999148, 0.7280145919780319, 0.894439298037044, 0.572283173826933, 0.6540067822492867, 0.7476128429691283, 0.7523809535124982, 0.9580915539847368, 0.769776945320926, 0.7711401053206154, 0.5966657372209468, 0.6560907243807965, 0.6116254700697861, 0.6895414803133574, 0.6740290361094989, 0.6325771158685383, 0.7096005963363549, 0.6445581562088936, 0.680559033408096, 0.9257968518291759, 0.9640084987002362, 0.8930483338323902, 0.9345625383552401, 0.8594323606714761, 0.9098912889293655, 0.7418519482123558, 0.9218421309089464, 0.9163309221653682, 0.879734010261149, 0.5215341975605041, 0.889360445003355, 0.7775316790262977, 0.7803460192531433, 0.8799150786425575, 0.8591553702157949, 0.8316331041291086, 0.7289272466575689, 0.877937898040567, 0.9230522122289542, 0.8246940432233452, 0.6606389206110402, 0.8169266590089631, 0.7229018241809841, 0.6002385162692672, 0.5890781791975384, 0.6159713279245882, 0.744793465333405, 0.8858769026917044, 0.8451885379958601], [0.5767473628099641, 0.6327291821424129, 0.7273391774290273, 0.7572974897195496, 0.6513576155869683, 1.0, 0.7028075372168634, 0.5750414433937758, 0.7148977091663328, 0.6688357497685935, 0.7798648235360222, 0.6277492987078384, 0.6819462358324663, 0.6269955952763617, 0.5449777527668013, 0.7149795951566725, 0.5218724166613431, 0.6597131020531024, 0.5845928295231898, 0.5978561652330194, 0.6416572555443394, 0.5639780258519904, 0.5558948787625827, 0.5237435548220093, 0.5697678784032503, 0.57104709767913, 0.5519677460268501, 0.5661634482183193, 0.5909987180632292, 0.5549996733446824, 0.49668804039205106, 0.6984355152264461, 0.7183108799138932, 0.6600803724740908, 0.6567131851664387, 0.7353468922569584, 0.6987994826004645, 0.6612769402330929, 0.5882684798915838, 0.6806224944751033, 0.63979853603214, 0.6789426621203205, 0.6632905602891148, 0.6855580599496596, 0.626556752280661, 0.622684379522948, 0.7652150757076757, 0.5448504242699442, 0.5965413346889189, 0.6692232462607794, 0.6364864235109637, 0.6820508545669366, 0.5438485912939267, 0.6375151777144613, 0.5396561768280499, 0.6304928807561292, 0.5553839247195276, 0.5526253420928515, 0.5655478228789079, 0.602350856487128, 0.5730901637366678, 0.5144301840096188, 0.7765275013422448, 0.650119013898949, 0.6951919019322962, 0.6124488176717973, 0.6708187168290562, 0.6371838286916591, 0.5966403115202233, 0.6733106314134488, 0.657925825175411, 0.7050239035162164, 0.6068764649918472, 0.6273079138012262, 0.6420386548587065, 0.5834587491889248, 0.6418972528445518, 0.6961905837646063, 0.6601465192176718, 0.605010291966235, 0.5419541010424229, 0.6539928654200011, 0.6853045248968436, 0.6043624506650465, 0.5914284030190678, 0.6300796066967023, 0.5947445805388423, 0.5734526327410596, 0.565421825328712, 0.571696281219037, 0.6105860791854194, 0.7220478506050834, 0.5064459235217624], [0.6942289176856029, 0.7019602214797682, 0.9335546733395255, 0.8232606901034312, 0.9146049539076591, 0.7028075372168634, 1.0, 0.8055448074170548, 0.9477751868233109, 0.9284859543948758, 0.7497866724948705, 0.6180758848572022, 0.9509898465639909, 0.7159835668342548, 0.6066075391902506, 0.9381357057859284, 0.5634307088253511, 0.9184352089819809, 0.7239065646580386, 0.6607614167920071, 0.8655273565203171, 0.6052012170682705, 0.6564485230720853, 0.6350468921726675, 0.6515374109329097, 0.6394057349253287, 0.6145104605663705, 0.6230436252662532, 0.6209768083877849, 0.6330062405288769, 0.6350979720415194, 0.9362636810455726, 0.8571476192550804, 0.9468290202129586, 0.8366962643561915, 0.8385317848084013, 0.8099229823139182, 0.8948793321598113, 0.7565964984888025, 0.9344115041499066, 0.7430347788648167, 0.9386519306516119, 0.7950492636253916, 0.906973835378917, 0.6190415063427392, 0.8434259578382106, 0.9248790866695935, 0.6876292736189201, 0.7323236409970592, 0.8189183113012082, 0.6653227080719218, 0.9338632249451704, 0.7241309029669136, 0.8022673080636288, 0.5806110143370327, 0.6789771729013085, 0.7454744550357342, 0.6676573095202986, 0.6921767748351837, 0.7032160405590409, 0.6389441520556404, 0.6573267789795469, 0.7976735609148471, 0.9562370756402376, 0.9400029199013777, 0.9220408828345523, 0.945601349815183, 0.885366534135279, 0.9557574794790646, 0.8943718712186525, 0.9568010259690818, 0.9440048064379245, 0.9057692319957782, 0.6520716182191372, 0.929696095127038, 0.8182242479767997, 0.9056214905992681, 0.9456976592638946, 0.9005795038395262, 0.9231765241386228, 0.7884893853260824, 0.8423714424635211, 0.880630206994476, 0.9010613969424782, 0.7494065231098663, 0.8316671380215988, 0.6987448638419146, 0.6515972538643551, 0.5924107841872442, 0.6094920756461866, 0.8288066201364309, 0.9086336337281236, 0.7949449230751897], [0.6568493116263165, 0.5098238484401101, 0.6809087578339874, 0.6343929561652949, 0.6659650891357161, 0.5750414433937758, 0.8055448074170548, 1.0, 0.724918613940293, 0.7531332932042121, 0.7799022379797211, 0.6046160298231347, 0.7267586709590582, 0.5284498471569448, 0.5642224437417811, 0.6894876455235517, 0.5712805200854492, 0.6845628484011022, 0.6229221241614713, 0.6274169474246367, 0.6418504050087948, 0.5770304058936749, 0.5828476808198706, 0.6004771111276309, 0.5741325538561723, 0.6324474724054528, 0.5809909533938715, 0.5934088524985723, 0.6184053361140834, 0.5765493601899472, 0.6176321216006271, 0.7215665386599934, 0.7062102220727565, 0.7331668400852479, 0.6853491782323882, 0.680931588273324, 0.6779831136096774, 0.7146156864247251, 0.6674367221688849, 0.6895546732506399, 0.6394904741378102, 0.7637239907908473, 0.645682959447448, 0.6815670035320527, 0.5184261137340878, 0.636034911908205, 0.7093230375255248, 0.47528265674049586, 0.6528349652630705, 0.6956074585023136, 0.5246531906858339, 0.7317747329596638, 0.6450546391838182, 0.6740076854577941, 0.5476093201560348, 0.5512528865012432, 0.6888763052647648, 0.5613526959220702, 0.5873161329798295, 0.6712545846259881, 0.5026686557709932, 0.6003802815916802, 0.7331415884913195, 0.7686805594170141, 0.7228924473619741, 0.7749425696189675, 0.7675736566760906, 0.7316288374124214, 0.791564673199056, 0.9252199610613672, 0.7552100165658183, 0.7528408363778168, 0.754500052916078, 0.7192732789028418, 0.7926913925717834, 0.718922693996973, 0.8407273708761711, 0.7946421228701722, 0.7238755671913084, 0.8395465011391714, 0.7050647107728658, 0.6752569115453869, 0.6579718047349674, 0.7255346806566605, 0.6849533789349882, 0.644855523470581, 0.5593303561593259, 0.6046354718696683, 0.5674043690199371, 0.49991957616515126, 0.7514315313939994, 0.7158140260792856, 0.614707692472805], [0.6621483028939248, 0.7288947293408033, 0.9611571998105322, 0.8821986482713705, 0.9379107290760672, 0.7148977091663328, 0.9477751868233109, 0.724918613940293, 1.0, 0.9608167271374988, 0.739350963490345, 0.6647008446756995, 0.9679016297579042, 0.6926160273545852, 0.5738783446863961, 0.963073233598214, 0.5748915167763569, 0.942326126667782, 0.76816468169871, 0.6131598789006779, 0.9036792122322379, 0.6276122999867744, 0.5893376166068149, 0.6051218230986687, 0.6139088054477286, 0.6015083564948619, 0.6048309654854914, 0.5907851108473577, 0.5532341299117184, 0.5797317418756013, 0.6133641332346063, 0.9396276413631494, 0.8624981756452386, 0.9418283199886688, 0.8414585486070902, 0.8000327710004027, 0.7844289554050037, 0.8833945526171145, 0.7639048337435506, 0.9171192559113729, 0.7515698052045152, 0.9455880266499181, 0.8004133355910176, 0.8925328420212282, 0.6300890183943597, 0.7915811630043224, 0.9530901147263939, 0.6284787189921117, 0.7456113723614151, 0.8313919703065712, 0.7286685127811927, 0.955869163192877, 0.7347110899028511, 0.8060304168569994, 0.5993512113376103, 0.5714969762180607, 0.6532235753760812, 0.6355331313147015, 0.6834323710505021, 0.6821196429423048, 0.6756178968701361, 0.6800115506801806, 0.7568386995279823, 0.9331728478900501, 0.9558416277486352, 0.9140839370620825, 0.9535400067619999, 0.8713205711343753, 0.9282264441676344, 0.8159786782884284, 0.9491061504559322, 0.9489846312128958, 0.8949070554951606, 0.6262415511635765, 0.9420623182817084, 0.7882606816916728, 0.849212519616434, 0.9521666265671724, 0.9054439912282024, 0.8231765744369302, 0.8009215564881587, 0.887936885575928, 0.8993798000517909, 0.8325938903241068, 0.7131330043008081, 0.8583936814130944, 0.7141517855803735, 0.6348848156228295, 0.5982135374387578, 0.6412250134000499, 0.7835461648949842, 0.9147309480568724, 0.8423919483039135], [0.5948899442003707, 0.6351627062403142, 0.9299392072279915, 0.8239616553946683, 0.9525456216690005, 0.6688357497685935, 0.9284859543948758, 0.7531332932042121, 0.9608167271374988, 1.0, 0.6723565673510168, 0.6808677247469527, 0.9756383509486644, 0.7161377603585066, 0.5741041752476643, 0.9279286322819305, 0.5758518056095377, 0.9448886365513233, 0.7950178769732956, 0.6023644857616246, 0.9187591161842554, 0.5918262699613177, 0.5951832800247933, 0.6272745435319147, 0.6071215972482376, 0.6029165665114481, 0.6155964433528786, 0.5811167065809548, 0.6361155131630275, 0.5948866784931134, 0.6424812345494076, 0.9229542630309392, 0.8440647766265252, 0.940574205147414, 0.8070022032655432, 0.7608695997951918, 0.7082343358949399, 0.8600216876142874, 0.7423680315160593, 0.8967587715981561, 0.7194836614920869, 0.9257969966302002, 0.7631482143596238, 0.860742091511843, 0.6462314345083666, 0.7516454340217356, 0.9159170775720102, 0.5859589111692936, 0.7141818774620491, 0.8154570381030459, 0.7237903124060874, 0.9408806658438168, 0.7135920043279238, 0.7529305992205841, 0.5647337454822721, 0.5849891389814095, 0.6296360524572258, 0.6462489366340312, 0.6225464521180235, 0.6649822964492176, 0.6935270414401309, 0.6421776909897171, 0.7258760081358144, 0.9580765659879901, 0.96400943464925, 0.9376933086618647, 0.9782956517367363, 0.885022718258826, 0.947161465932356, 0.8386448063802228, 0.966346899874008, 0.9563693337204282, 0.9178223684877699, 0.6492085236647853, 0.9521207374396499, 0.8010984992625282, 0.8701153368656489, 0.9474644004530557, 0.9234185076168376, 0.8356759300130687, 0.8164142744282796, 0.9258409310497935, 0.925207045274605, 0.8462706718677452, 0.7006511037733786, 0.8883396814962774, 0.7246130142010186, 0.5938639109292272, 0.5889114158257118, 0.6184610166571527, 0.8007400236747897, 0.9372240600130783, 0.846556428405115], [0.7262962959325454, 0.5829370237845242, 0.7346126013814896, 0.7014025209603476, 0.6401921852195799, 0.7798648235360222, 0.7497866724948705, 0.7799022379797211, 0.739350963490345, 0.6723565673510168, 1.0, 0.6244936773279965, 0.6813406261250203, 0.5347046907716007, 0.5431058379650731, 0.7099617359161898, 0.5400406097866358, 0.6717647092480454, 0.5753323881076733, 0.5488122158746777, 0.6562921363360525, 0.5684373689018962, 0.5509705715137005, 0.5506141692667215, 0.5586384269225477, 0.5664004098941258, 0.5816735857211212, 0.5458670814796094, 0.5434336234915802, 0.5425802764037102, 0.6533981948892956, 0.7097249171659237, 0.6971270039173627, 0.6638320031524013, 0.6434877972005556, 0.6882376311317563, 0.6949163690819965, 0.6625258951530157, 0.6257448558619332, 0.6829166483190837, 0.6030008313081705, 0.7006714005599591, 0.6353772060401178, 0.6892056684722859, 0.5420324791522437, 0.69806946296498, 0.777819596880022, 0.5973634131062671, 0.5953944409594458, 0.5872618025684545, 0.6265224393637386, 0.718311837940226, 0.6633506687130334, 0.6888214977690205, 0.5443700654178976, 0.5057702904125732, 0.6749621449500147, 0.554733472194139, 0.5803357896684163, 0.6450188411128761, 0.5373756114890407, 0.5911490056334687, 0.8175800232162547, 0.6597227408631686, 0.6958685416819862, 0.6328714109295014, 0.6594418777909623, 0.6275082518448922, 0.6318103688131252, 0.755138150280985, 0.6556280899987, 0.6685766710960009, 0.6130668787298799, 0.5987115872532793, 0.6552512708013765, 0.5863223587134785, 0.6798463691902342, 0.7503190696137854, 0.5906385251640811, 0.7181010057302784, 0.5599670279451918, 0.6071618174943426, 0.6509803353072244, 0.623174394591326, 0.7139604872559456, 0.590576777617178, 0.5756492583724184, 0.5360314637116085, 0.53761343719235, 0.6023685082405401, 0.6199743411636585, 0.6688234951204907, 0.5930587108824039], [0.5913500683235919, 0.5806513023808915, 0.5991573867328629, 0.5990368540890221, 0.6417499805883, 0.6277492987078384, 0.6180758848572022, 0.6046160298231347, 0.6647008446756995, 0.6808677247469527, 0.6244936773279965, 1.0, 0.6423564175359863, 0.48539316441103786, 0.5475830754351361, 0.656985931275043, 0.5340100321769783, 0.6144849769690288, 0.5065483785557862, 0.5462670416592504, 0.6721509364245657, 0.5379828338331378, 0.5658215700537395, 0.5520160362429483, 0.5423510826900462, 0.5770548415483552, 0.5610436242835827, 0.5575555434266912, 0.5716198805699614, 0.5713931020676377, 0.5785449489828103, 0.6089870006952174, 0.65898545925922, 0.6105963980295454, 0.6268670005815227, 0.6452414770990841, 0.5998486529358014, 0.6343333873045889, 0.6176804835759608, 0.5975434649813178, 0.5813564230767487, 0.641547033058186, 0.6513333040552859, 0.6146841807303018, 0.5401491131369942, 0.578532134928003, 0.6378656354214174, 0.5728586389277254, 0.6074145057243774, 0.5737309817099907, 0.5782779609139774, 0.6379537250120797, 0.5475666241977706, 0.6155776517872188, 0.5295035360949725, 0.538677030075202, 0.5080140113461569, 0.5626039364691742, 0.491932166835912, 0.6550878914370866, 0.6363436670160657, 0.6486061768041009, 0.48680904374810263, 0.6303225956284451, 0.6352279741228344, 0.5754782601459475, 0.6416788327437337, 0.5862946285363231, 0.6106932789669534, 0.6555092300405654, 0.5827546960864272, 0.6417196499804304, 0.576109767184988, 0.5856858015371971, 0.625738799435763, 0.5174122284915141, 0.6054912240607968, 0.6125241463681299, 0.5845966169935042, 0.6193039107966559, 0.5283192338562871, 0.722051221986849, 0.7127912497669682, 0.6812501678414249, 0.5481679349967726, 0.6171791286371173, 0.5665967709325724, 0.5671009912582314, 0.5316053710094533, 0.5470977432936078, 0.7619569245212596, 0.6747248454612012, 0.6066426748148568], [0.6267261133248233, 0.6605305866561784, 0.9513223358955654, 0.8119326189394191, 0.9656430798691005, 0.6819462358324663, 0.9509898465639909, 0.7267586709590582, 0.9679016297579042, 0.9756383509486644, 0.6813406261250203, 0.6423564175359863, 1.0, 0.7417536501647, 0.5492250233598279, 0.9691157193483982, 0.6014346291347392, 0.9676170454941457, 0.7473620942673682, 0.5804703380747472, 0.9264740324227382, 0.6069945837773671, 0.582435026199122, 0.606903970949758, 0.6320490915685644, 0.6030883002962101, 0.5673939624626225, 0.5891621339472188, 0.6171451649613244, 0.6091406905853624, 0.6258520116882778, 0.9597052422324284, 0.8517879567395552, 0.9679927457864357, 0.8202588535682718, 0.7687296391738296, 0.7396950260443209, 0.8724907781267534, 0.7425504030658294, 0.9448010254769432, 0.7175268149578462, 0.9423416892194161, 0.7805451698967976, 0.9094711439702474, 0.6283265638523488, 0.7866974132458364, 0.9401960634293716, 0.6349272168779537, 0.7269244817860805, 0.8194123999212948, 0.7133759566512891, 0.9694230098117578, 0.7496881815807588, 0.7865750430805158, 0.6020720928929049, 0.6459537784131251, 0.6596040903439992, 0.6753785080646882, 0.6558703685508428, 0.6643603774772936, 0.6887081747680315, 0.6562566727125061, 0.7353553034297106, 0.9697297668193592, 0.987499683640063, 0.9505650615430932, 0.9607445187005179, 0.9244679503323906, 0.9554823049024784, 0.8303745047855735, 0.9721363698632366, 0.9650556232109544, 0.9442810916394302, 0.6401816739272684, 0.9518849083669825, 0.8432005259346844, 0.8754422480188424, 0.9516964766926619, 0.9206231869313484, 0.8519940623488833, 0.7832642113697836, 0.913844797507984, 0.9215223287806277, 0.8557098607949853, 0.6885699462933448, 0.8828640613304053, 0.7425817433934535, 0.5997430528001317, 0.6346582538785399, 0.6414208452723345, 0.7970142960065767, 0.9365382287864722, 0.8756028967753612], [0.6636896330000612, 0.5523153622067032, 0.6800057876730586, 0.668334829875356, 0.714757589915243, 0.6269955952763617, 0.7159835668342548, 0.5284498471569448, 0.6926160273545852, 0.7161377603585066, 0.5347046907716007, 0.48539316441103786, 0.7417536501647, 1.0, 0.5521691698283906, 0.7340524183564833, 0.559195154820705, 0.6501009168506906, 0.6857378146568356, 0.605837750408224, 0.6204088794838996, 0.5713523329717023, 0.5820354253848687, 0.567999828466098, 0.5605263176742847, 0.6226462175139804, 0.5438916296054492, 0.5671073246539765, 0.6405645026335252, 0.5969860758250759, 0.6868213624520645, 0.6867957800104832, 0.674229544927112, 0.723402589235842, 0.6885328315570841, 0.6231367026214336, 0.6083483481606375, 0.6934557894473619, 0.6676555842366423, 0.6934081511266853, 0.6164684994696725, 0.6912604249490925, 0.6856967160477655, 0.6729497616722531, 0.6185556750625333, 0.6036952283060525, 0.696428149422485, 0.6279155498349392, 0.6075247588119543, 0.7219536030880622, 0.6458671164404924, 0.6855884880283484, 0.743963170798489, 0.6370968483375256, 0.5319800705237905, 0.6186130852121503, 0.46616987217965744, 0.599787909259986, 0.6751466042585601, 0.5587223978762202, 0.6090233606349827, 0.5660841861357095, 0.5489882170344047, 0.7432037199030251, 0.7226756730461285, 0.7532367762067635, 0.7209088344073634, 0.7815384417370341, 0.716837827341169, 0.6084786093360411, 0.7333592906790456, 0.7542475813533691, 0.7311012711374809, 0.674913930486001, 0.7454035277592322, 0.7026343397055289, 0.7078626396052102, 0.7072721192416158, 0.7813870288472484, 0.5829891485179945, 0.6116063068912811, 0.6759022679524779, 0.6687829378109635, 0.605007240152679, 0.5319537795553196, 0.6401238026062899, 0.7154843159342807, 0.5409733362503952, 0.5499692346979774, 0.5134369391160617, 0.5572179764547442, 0.72430701571335, 0.628666108828866], [0.5487392510848295, 0.542582149489544, 0.5458287036071714, 0.5889381318072353, 0.5551977455878159, 0.5449777527668013, 0.6066075391902506, 0.5642224437417811, 0.5738783446863961, 0.5741041752476643, 0.5431058379650731, 0.5475830754351361, 0.5492250233598279, 0.5521691698283906, 1.0, 0.570032435113036, 0.521445277756508, 0.5367013219626362, 0.5725312366684363, 0.5588646399417554, 0.5373799137966484, 0.5278328432564834, 0.5422372314507298, 0.5275124745675108, 0.5291409747098987, 0.5374421035948922, 0.5495353369291933, 0.5428421871864988, 0.5504480759153207, 0.5345909070977123, 0.528258712981277, 0.5602476001347201, 0.5550106997067199, 0.5527694879486809, 0.5410828751773189, 0.5890985818165381, 0.5589725731129837, 0.5705017550450212, 0.5290707226755673, 0.5594925469067344, 0.5366026704108722, 0.5707959040793515, 0.5453735596362792, 0.5628495458414997, 0.5363650275665082, 0.6111702366492191, 0.5673394450578501, 0.5572513823719984, 0.5397523261311181, 0.5465038576408952, 0.5504283740006536, 0.5650540068092547, 0.5324288885750007, 0.5588193340579202, 0.5187094375337171, 0.527557290887827, 0.5926827586344423, 0.5492599043671964, 0.5575464758612252, 0.5631696233437216, 0.5366821551777885, 0.5204810636682533, 0.5772763024774494, 0.5747405017159583, 0.5462309339575235, 0.5583425966099487, 0.5799548567898529, 0.5479661248063358, 0.5718181311949191, 0.5731856173563004, 0.5646835889623174, 0.5532782774931617, 0.5453874763586962, 0.5349408597496866, 0.5505063506891053, 0.544227665885523, 0.6092892662530445, 0.5544813934945472, 0.5569829896115708, 0.587325021729657, 0.5725513176212834, 0.5661496501121523, 0.5763007264469904, 0.6192822541389646, 0.6055191563393345, 0.5499465194839881, 0.5497649900123671, 0.5293151241761364, 0.5304720202888996, 0.5213167593708171, 0.5925923361149741, 0.5708412128711424, 0.5534451358300381], [0.643405278542313, 0.6999681365619664, 0.9598765563307523, 0.8168303140764099, 0.9511526070149582, 0.7149795951566725, 0.9381357057859284, 0.6894876455235517, 0.963073233598214, 0.9279286322819305, 0.7099617359161898, 0.656985931275043, 0.9691157193483982, 0.7340524183564833, 0.570032435113036, 1.0, 0.6096052253195381, 0.9405576304426714, 0.7300444973634846, 0.5926112582966224, 0.8998137730985776, 0.6072933847639186, 0.5867579331274336, 0.6230598324369789, 0.6938948798672381, 0.5857140476528511, 0.5576975621890982, 0.5899504075236571, 0.581835703891465, 0.5711780654954859, 0.637440230992939, 0.9357410707898481, 0.8461035058274451, 0.9449179383245783, 0.8189581808968309, 0.7658599316116066, 0.7533090766902406, 0.8557684168211512, 0.7405959344335027, 0.9409744041334898, 0.7237177713234223, 0.9156083293171389, 0.7960717090978455, 0.9147367521351162, 0.5764542627629463, 0.7753465729695672, 0.9263179948953573, 0.6381972923104954, 0.7251800786441019, 0.7910890436466411, 0.7009762823339256, 0.9571001906156185, 0.7407291598122817, 0.8128459585615324, 0.6186809788535474, 0.641687667024102, 0.6227795392108897, 0.6642076804199215, 0.7379877122580563, 0.6582443355248523, 0.6742910414198501, 0.689292468180529, 0.7300460433577858, 0.9264135566370388, 0.9603792692296147, 0.9037043752582564, 0.9256808167207713, 0.8841235116634083, 0.9163508254600903, 0.783902520932801, 0.9247184670598232, 0.9324259526288603, 0.8974352730716821, 0.6013176681837311, 0.9113635856696152, 0.8120828452646338, 0.8215700407664961, 0.9090841838509506, 0.8664697856664059, 0.8107621302307904, 0.7255590237171476, 0.8846047740783441, 0.8968853718971097, 0.8182247833460574, 0.7143605122220407, 0.8382780514841783, 0.7869720988118687, 0.6650955070942649, 0.6460542403621878, 0.6516749766294408, 0.7742612837590384, 0.898138513550261, 0.8412943006580373], [0.5234072454209056, 0.5244121867871994, 0.5610032461427026, 0.5498493514660596, 0.5696794888741007, 0.5218724166613431, 0.5634307088253511, 0.5712805200854492, 0.5748915167763569, 0.5758518056095377, 0.5400406097866358, 0.5340100321769783, 0.6014346291347392, 0.559195154820705, 0.521445277756508, 0.6096052253195381, 1.0, 0.549033170393527, 0.5599887220888029, 0.5352302903791226, 0.5553226216035965, 0.5350391349812718, 0.5245824842800881, 0.5300910731772377, 0.5230094349749579, 0.5264359968125176, 0.5223671678688908, 0.5231343232147048, 0.5301718142056053, 0.5285839518419714, 0.5340034869195941, 0.5627945551484285, 0.5438171389701326, 0.5919140266388191, 0.5588626036479512, 0.5549608400239185, 0.5481407862566985, 0.5796973358181401, 0.5482665336847802, 0.5608037651748687, 0.5405643984445481, 0.552825379479774, 0.5391565878111257, 0.5837210972983349, 0.5311633497377852, 0.5446889720695329, 0.584701814264226, 0.5273880340611934, 0.5402913746669014, 0.558494206965692, 0.536119579394862, 0.5700026288790537, 0.535574356026554, 0.5788313746115663, 0.5380361933430153, 0.5262973157938751, 0.5351454804800926, 0.5601559493878625, 0.5625970247248794, 0.5347431755494684, 0.5605165314541813, 0.550797700997248, 0.5359172350309566, 0.5539635093005963, 0.5739931991430033, 0.5729246151665004, 0.5740720657373672, 0.6223121863591544, 0.5592422975062633, 0.5650325506407491, 0.5789692581826363, 0.594377144286169, 0.6142027614868915, 0.5433319160453831, 0.5651645729633916, 0.548197261756144, 0.5837517631477309, 0.5551906529837379, 0.5792970147710206, 0.5360524813773251, 0.5457515126160652, 0.5789655947166983, 0.5309586506022759, 0.5325569884793722, 0.5412551874050686, 0.5543017067077698, 0.5558160371387656, 0.5216242685076816, 0.5558591536516584, 0.53708755444026, 0.5503244056049841, 0.5677272468974612, 0.5638596721287945], [0.5783630335145241, 0.6484308302936254, 0.9578581434408067, 0.7556512515271174, 0.9727876227909481, 0.6597131020531024, 0.9184352089819809, 0.6845628484011022, 0.942326126667782, 0.9448886365513233, 0.6717647092480454, 0.6144849769690288, 0.9676170454941457, 0.6501009168506906, 0.5367013219626362, 0.9405576304426714, 0.549033170393527, 1.0, 0.6965490551701125, 0.5516532430772165, 0.9261579494429388, 0.5674801502418647, 0.5600191656966702, 0.5926219723924271, 0.6235511229713637, 0.567670996060528, 0.5651405729095251, 0.5897180599722542, 0.5886713358553188, 0.5578754794979401, 0.5614123918520563, 0.9234662530671157, 0.7829714496792735, 0.9132494169587946, 0.7446969631258264, 0.7124587123686935, 0.6680212399622791, 0.7940735039481823, 0.6535748107225582, 0.932494070877908, 0.6443081786548155, 0.8864441469388591, 0.694713370724176, 0.8646668344689084, 0.5801083677645913, 0.7561119038083883, 0.9057666520559273, 0.5911239449791684, 0.6285273515241103, 0.7203366151015481, 0.7092007627376944, 0.9581996874736851, 0.7612169917622414, 0.743066074497122, 0.5710594647157405, 0.6137796977804977, 0.6450212754265272, 0.6307952929349756, 0.6107165226139631, 0.6057332514948413, 0.6385084178641174, 0.6119970845116227, 0.7142756600281787, 0.9232795140212885, 0.9642198096167065, 0.8780481374994817, 0.9167625083533231, 0.8351461126405912, 0.9045887136503913, 0.7598972739790388, 0.9227135586339874, 0.9086160707458983, 0.8676334377262731, 0.5205110839032989, 0.8826142140370152, 0.7631271500904969, 0.787575018759429, 0.890845341130907, 0.8395536760999998, 0.8548727259200088, 0.7253847478993498, 0.8901509446858, 0.9177623554683771, 0.8322078975974945, 0.6523694983377812, 0.8187713422021754, 0.6865313670147148, 0.5754410536074898, 0.6040216580971933, 0.59453395887421, 0.7455068866371428, 0.8601587723209365, 0.8660452321564684], [0.6416495332568164, 0.5784430785183383, 0.7878870534915738, 0.7981643533066214, 0.70448161346531, 0.5845928295231898, 0.7239065646580386, 0.6229221241614713, 0.76816468169871, 0.7950178769732956, 0.5753323881076733, 0.5065483785557862, 0.7473620942673682, 0.6857378146568356, 0.5725312366684363, 0.7300444973634846, 0.5599887220888029, 0.6965490551701125, 1.0, 0.5491927094687932, 0.7054166667136275, 0.5995250990726851, 0.5822673983250881, 0.5933790575109836, 0.565730501042484, 0.5586553054452339, 0.5953052009250928, 0.5950225824192761, 0.576599302762203, 0.5469581887506076, 0.6071441791473831, 0.6625734270275241, 0.6675791082369616, 0.7290258524254487, 0.667165879404543, 0.6456758654195116, 0.5917117764587801, 0.6662895950954317, 0.663869868218653, 0.6500200917291088, 0.6860065668680957, 0.7259225829646503, 0.6224726824060791, 0.6225902098054, 0.6168048790310832, 0.6043632806499574, 0.7273221495574782, 0.5052885925392934, 0.6255702966833929, 0.6445007031278652, 0.5754523516167845, 0.7230776508847392, 0.4456826955478318, 0.5992538069091701, 0.5550122502952138, 0.482328574850287, 0.5372577719001078, 0.5447801626810622, 0.5958984887118319, 0.5870604160550295, 0.6110764832617593, 0.6045952457745997, 0.6782372670586241, 0.735829635751484, 0.7101075379155568, 0.7395967892822226, 0.7750874281614987, 0.6416348044795858, 0.738208940011512, 0.6593155804243004, 0.7764691691948784, 0.7298429604145464, 0.6987768057523605, 0.5683172624526546, 0.7583999542136566, 0.5708275759566726, 0.685485264795821, 0.7552583363979488, 0.7432672158819548, 0.586637705202103, 0.7841997204790144, 0.8129973203625445, 0.7198301462866741, 0.6941006332312832, 0.7899122561408121, 0.8544328307566619, 0.8129362234944755, 0.5513927310667376, 0.5619177651072789, 0.4901518421843455, 0.6823445414915096, 0.7546560816659227, 0.6802446672610769], [0.5754623463145946, 0.5406782301462851, 0.5655611671757376, 0.6028255303946367, 0.601450081602696, 0.5978561652330194, 0.6607614167920071, 0.6274169474246367, 0.6131598789006779, 0.6023644857616246, 0.5488122158746777, 0.5462670416592504, 0.5804703380747472, 0.605837750408224, 0.5588646399417554, 0.5926112582966224, 0.5352302903791226, 0.5516532430772165, 0.5491927094687932, 1.0, 0.6002473532832182, 0.5403216006947178, 0.588239979841428, 0.5474160889120084, 0.5462357430949326, 0.5745981286066506, 0.5700689104710184, 0.5811788888973914, 0.5814401001305386, 0.5620096990842692, 0.5412870632699354, 0.567367288385722, 0.5665860973233992, 0.5894422658730223, 0.5800234731272563, 0.6114611693939758, 0.5848978769520933, 0.6199860265385134, 0.5824723236449445, 0.5671022862859805, 0.5456356888383573, 0.6002542869097343, 0.5640579514302553, 0.565417327034049, 0.5197581916709113, 0.5891225504610802, 0.5362847558674729, 0.5534642805221244, 0.5311275437630739, 0.6212968461819731, 0.6088224668739807, 0.5886547717240206, 0.5332834376974989, 0.5723098520124708, 0.5273799633841091, 0.5128535399052774, 0.576825369798311, 0.6015924158715038, 0.5261194992327871, 0.6603875923440042, 0.6218811091323444, 0.5964165591107067, 0.5518031915829273, 0.621332142478304, 0.5951489734617597, 0.6091558315772196, 0.6201917084479482, 0.6102806995710371, 0.6155648978948419, 0.670303578879953, 0.6029783414140827, 0.6291661997491901, 0.5983253192804415, 0.5642228716607147, 0.6093299797200571, 0.5639878270524187, 0.6082837767482037, 0.6121372250357995, 0.6283698129794449, 0.6749949278543372, 0.5550056755133519, 0.5850310697637298, 0.6537924923346586, 0.6422744628315584, 0.5957620384478728, 0.5764348080436588, 0.5538148498974313, 0.5607003063704674, 0.5331771716462754, 0.5453459209384144, 0.6547585206515028, 0.6041532281889169, 0.5681694936201075], [0.5595076765312124, 0.6009029204874634, 0.9128824535840088, 0.7648459188408498, 0.9302837350318565, 0.6416572555443394, 0.8655273565203171, 0.6418504050087948, 0.9036792122322379, 0.9187591161842554, 0.6562921363360525, 0.6721509364245657, 0.9264740324227382, 0.6204088794838996, 0.5373799137966484, 0.8998137730985776, 0.5553226216035965, 0.9261579494429388, 0.7054166667136275, 0.6002473532832182, 1.0, 0.5580258826112305, 0.552744074669012, 0.6038010650071662, 0.5919648020619683, 0.5640923457990784, 0.5548455463291089, 0.5579648646650315, 0.621214657005118, 0.5987026775977109, 0.5903847114122946, 0.9042097139010377, 0.80212167402315, 0.8878622489786472, 0.7422061937266154, 0.7217756830254861, 0.685856412193764, 0.8063748679124066, 0.6969147419051449, 0.9039500965410038, 0.6560960373860668, 0.8763681132063126, 0.6869219740494477, 0.8480000646236905, 0.6445592460228968, 0.7895903527443642, 0.9078491616700592, 0.6129047658433573, 0.6686010342892701, 0.7263591641674321, 0.8348322744463422, 0.9470402913995374, 0.6943936757373828, 0.7566308544987591, 0.5699013643334234, 0.619189965582869, 0.739255324758157, 0.7936555745821419, 0.6616234910124632, 0.7607591285145587, 0.8149621708511972, 0.7062867191118315, 0.7075823230422477, 0.8678318607882816, 0.9220199544058236, 0.8391447428655836, 0.9021536058705755, 0.8317710373199427, 0.8693366711200272, 0.7427755360709117, 0.8807012417380005, 0.8540872309165626, 0.8334774406332218, 0.5586905536297915, 0.8298266945508452, 0.7297198266761373, 0.7670499385822857, 0.8717156301093913, 0.8064558065098507, 0.7882381833198604, 0.7204866239099463, 0.891675805273658, 0.974643780707825, 0.8650870137820853, 0.7536183642117492, 0.8746516572549672, 0.7458260495001459, 0.6313292998019806, 0.6144843357124952, 0.6680561865735632, 0.8295123732219127, 0.9058535002015919, 0.9141334405331054], [0.557431937177872, 0.5339820118975864, 0.5825107772322964, 0.6089810313478637, 0.6015733569392497, 0.5639780258519904, 0.6052012170682705, 0.5770304058936749, 0.6276122999867744, 0.5918262699613177, 0.5684373689018962, 0.5379828338331378, 0.6069945837773671, 0.5713523329717023, 0.5278328432564834, 0.6072933847639186, 0.5350391349812718, 0.5674801502418647, 0.5995250990726851, 0.5403216006947178, 0.5580258826112305, 1.0, 0.5418810089378729, 0.5588469117805273, 0.5608516670624699, 0.5374981516301386, 0.5360429227515338, 0.5531884263256427, 0.5344685796501208, 0.5303929055358042, 0.5472888889547094, 0.5851660293128997, 0.5803329689562, 0.595400238430731, 0.5901670900893605, 0.5542249297373458, 0.5750206809922765, 0.6092750608795038, 0.6047705911592918, 0.5791685171227993, 0.5500153690156458, 0.6336122218500648, 0.5642278202775128, 0.586331515782993, 0.543718963397207, 0.5583672933342712, 0.57464693236818, 0.5342197491284504, 0.5673096842451681, 0.6473301361994273, 0.5644175375132097, 0.6019653191060043, 0.5728546883031431, 0.5520665314883508, 0.5256651332979618, 0.5308081784148351, 0.5346538809123389, 0.5499524080645781, 0.5591384456441637, 0.5671280787066759, 0.5523693613203384, 0.5440949969767285, 0.567056877384168, 0.6379593803264973, 0.5858621519514082, 0.6012354462334435, 0.6056928948086244, 0.5931626362522703, 0.6190565518330547, 0.5780874312554529, 0.6219497142179636, 0.6361264760777037, 0.6063202372959811, 0.