"[[1.0, 0.9932081351691571, 0.9932245612566898, 0.9932171573602973, 0.6797187636808217, 0.9932093489044715, 0.9932327636529683, 0.9932075024409545, 0.9932259512684932, 0.9932255276215021, 0.9932079913296731, 0.9932109878181885, 0.8804374371603378, 0.9932174602150009, 0.04571742528188405, 0.9697307930283815, 0.9932089548459705, 0.6992672124319386, 0.9932145580737719, 0.9932038186458504, 0.794529529313259, 0.9932090224825979, 0.9932015102357711, 0.9932118874870476, 0.9909547961424532, 0.9932017576047788, 0.9932016976817857, 0.9932015213573244, 0.9932090257794037, 0.9932025809933955, 0.9932139948870478, 0.7299850375371182, 0.9789905301309331, 0.8508312790410271, 0.9922209825123725, 0.9932210410649704, 0.9947863140117048, 0.9932281915298206, 0.9926551182153266, 0.7630963636607239, 0.9730588085507466, 0.9987924729431514, 0.9986968834363903, 0.9064262989998241, 0.9888101886267988, 0.9932227798380713, 0.9625134605334703, 0.9932078306371886, 0.9525434768348874, 0.9894316262511732, 0.7384621366592251, 0.7495291790724669, 0.9884225378683361, 0.14129587657773368, 0.30219442470132907, 0.11770770018605059, 0.9833765370596469, 0.8627633026663862, 0.7981694249414416, 0.9795596192421577, 0.8639956722859007, 0.8656760977612259, 0.993209757413753, 0.9932246678958623, 0.8678254688867586, 0.872253027008768, 0.9932246870961903, 0.9499147451370655, 0.9932342598375123, 0.9932139531900425, 0.9932303981415423, 0.9932271517320863, 0.9761599540594132, 0.9932066233230034, 0.9932253094918221, 0.5870125950009248, 0.9932145964757273, 0.9932185701090651, 0.9999778919520406, 0.9932177294449906, 0.9896980539011577, 0.9932251905096934, 0.994607465749667, 0.9932160605477652, 0.9932128943061403, 0.9932161758522668, 0.9803170524757779, 0.9932098371492742, 0.9999961138264395, 0.9854380220110484, 0.9932124284662301, 0.9932225049830137, 0.2039583541039065], [0.9932081351691571, 1.0, 0.9999999730087529, 0.999999991258827, 0.5897617914968907, 0.9999999998854755, 0.9999999389585512, 0.9999999999698594, 0.9999999690608267, 0.9999999712244303, 0.9999999999924871, 0.9999999989567007, 0.8192882981470646, 0.9999999910328042, 0.045916357246024275, 0.9347343129989973, 0.9999999999460898, 0.6113430587133386, 0.9999999952839357, 0.9999999985226126, 0.7184818122293123, 0.9999999998287271, 0.9999999961181202, 0.9999999982932882, 0.9977255691156419, 0.9999999960865624, 0.9999999963516585, 0.9999999961544328, 0.9999999997644292, 0.9999999970477008, 0.9999999960016741, 0.6455053596034898, 0.9486167491408729, 0.7839171324481764, 0.9709975705735857, 0.9999999824542048, 0.9998954997411768, 0.9999999586395897, 0.9994233314241808, 0.6827175507741974, 0.9396243704922764, 0.997724890209588, 0.9859760868955726, 0.8529788428807875, 0.9955517935354194, 0.9999999761587454, 0.9244178428533403, 0.9999999999866934, 0.9590134572205468, 0.9961626945660965, 0.6549916101922237, 0.6674173587035038, 0.9951473889330511, 0.025152340037474463, 0.30415241424438555, 0.0013659088440399758, 0.9900776306953122, 0.8685944114848262, 0.7294892678231725, 0.9862190739863472, 0.7995448069429121, 0.8715326359885295, 0.9999999996584457, 0.999999972259935, 0.8041200256215866, 0.8094267067813427, 0.9999999724136382, 0.9087658086258465, 0.999999931817069, 0.9999999964407005, 0.9999999502808906, 0.9999999634334417, 0.9467047488840316, 0.9999999997866501, 0.9999999699903821, 0.48883035323611657, 0.9999999955295475, 0.9999999889863379, 0.9939594586011473, 0.9999999907574211, 0.9964523883858564, 0.9999999695025146, 0.9999190567178722, 0.9999999934504793, 0.9999999973789662, 0.9999999938329859, 0.9506877006484344, 0.9999999996652716, 0.9935286416967054, 0.9589612880819398, 0.9999999979420574, 0.9999999785753214, 0.0886676672146971], [0.9932245612566898, 0.9999999730087529, 1.0, 0.9999999949767743, 0.5898760775003185, 0.9999999763900302, 0.9999999931468692, 0.9999999712311283, 0.9999999998623469, 0.9999999999604938, 0.9999999721571678, 0.9999999825313514, 0.819369441837974, 0.9999999951542021, 0.046047843926148024, 0.9347846057312006, 0.999999975203318, 0.6114550646269327, 0.9999999908141792, 0.999999958987976, 0.7185802568010925, 0.9999999770140161, 0.9999999487006032, 0.9999999848436146, 0.9977344102352558, 0.9999999485502925, 0.9999999495618941, 0.9999999488297334, 0.9999999775652894, 0.9999999522063985, 0.9999999897551696, 0.6456134559661904, 0.9486615558629713, 0.7840050143098255, 0.9710314233396553, 0.999999998978207, 0.9998975391326896, 0.9999999984669843, 0.999427738425624, 0.6828209674741229, 0.9396728035880751, 0.9977344389252957, 0.9859997280577139, 0.8530657205243091, 0.9955639910775885, 0.9999999998252952, 0.9244718209475977, 0.9999999726797205, 0.9590501546622833, 0.9961740601643515, 0.6550985536822779, 0.667522755264012, 0.9951601580858053, 0.02529379685187072, 0.3042777962276738, 0.0015074136967130336, 0.9900961180188422, 0.868658593903598, 0.7296128991517007, 0.986240870829512, 0.7996297775308832, 0.8715961343585774, 0.9999999786902667, 0.9999999999924828, 0.8042041573193179, 0.8095097996744957, 0.9999999999964901, 0.908835416523397, 0.9999999906231462, 0.9999999890483696, 0.9999999965537708, 0.9999999992740921, 0.9467603907360773, 0.9999999679976238, 0.9999999999162665, 0.4889537743452317, 0.9999999904963528, 0.9999999964768324, 0.9939749898606027, 0.9999999953504686, 0.9964634474750786, 0.9999999998838268, 0.9999208968724693, 0.9999999930207797, 0.9999999871800773, 0.9999999926391301, 0.9507315611932614, 0.9999999786316617, 0.9935446796127521, 0.9590013764790057, 0.9999999858429607, 0.9999999996740377, 0.08880859576589706], [0.9932171573602973, 0.999999991258827, 0.9999999949767743, 1.0, 0.589824529154472, 0.999999993127198, 0.9999999763999744, 0.9999999902381806, 0.9999999931874578, 0.99999999416829, 0.9999999907666737, 0.9999999962400417, 0.8193328450172014, 0.9999999999965731, 0.0459925795850149, 0.9347619261901832, 0.9999999924782411, 0.6114045453877293, 0.9999999993708444, 0.9999999826642391, 0.718535855554204, 0.9999999934781022, 0.9999999757715595, 0.9999999972700166, 0.9977307012182656, 0.9999999756617703, 0.9999999763623619, 0.999999975861431, 0.9999999937708628, 0.9999999781562354, 0.9999999990793095, 0.6455647004211209, 0.9486413517550143, 0.783965378356419, 0.9710161602312442, 0.999999998480664, 0.9998966259253192, 0.9999999879196825, 0.9994259005029029, 0.6827743231278772, 0.939650962924688, 0.997730138838109, 0.9859890715330702, 0.8530270213227777, 0.9955588932633915, 0.9999999962637175, 0.9244474789667941, 0.9999999910731951, 0.9590348039577687, 0.9961693098585468, 0.6550503181230547, 0.6674752176809017, 0.9951548205031722, 0.02522998781809893, 0.3042250995070255, 0.0014435829369842113, 0.9900883542557904, 0.8686317408032905, 0.7295581858987522, 0.9862317155815422, 0.7995914535052837, 0.8715695677401342, 0.9999999943514492, 0.9999999946539319, 0.8041662126853655, 0.8094723232397647, 0.9999999947203608, 0.9088044173194146, 0.9999999718823464, 0.9999999988545897, 0.9999999832187729, 0.9999999904393768, 0.9467356897724978, 0.999999988318042, 0.9999999936337611, 0.4888981034879183, 0.9999999992881639, 0.9999999998635525, 0.9939679908722762, 0.9999999999841873, 0.9964588060131899, 0.9999999934146353, 0.9999200750211533, 0.9999999998248963, 0.9999999982039374, 0.99999999975992, 0.9507117820712618, 0.9999999943181628, 0.9935374509355839, 0.9589832987749545, 0.9999999976818881, 0.9999999972016049, 0.08874502496667847], [0.6797187636808217, 0.5897617914968907, 0.5898760775003185, 0.589824529154472, 1.0, 0.5897702227951963, 0.5899332766841645, 0.5897573969227551, 0.5898857567874425, 0.5898827979238447, 0.5897607910869845, 0.5897816196972694, 0.9462350314334744, 0.589826632767063, 0.028236234138379834, 0.8382410322056806, 0.5897674847964258, 0.999635713668767, 0.5898064468461506, 0.5897318177903088, 0.985440042279312, 0.5897679607737154, 0.5897157949213929, 0.5897878742444749, 0.5884847382646085, 0.5897175108517672, 0.5897170957166964, 0.5897158721553756, 0.5897679858836854, 0.5897232251133415, 0.5898025301239594, 0.9974861613718438, 0.814997359273325, 0.9637211906464249, 0.765740313980911, 0.589851565741905, 0.6013745390312413, 0.5899013910880022, 0.5895733611807047, 0.9927231979644319, 0.8305136095139884, 0.6428642038279484, 0.7162647327825621, 0.9142857416257932, 0.5873182166407945, 0.5898636891133269, 0.8531811239023257, 0.5897596778325952, 0.566013697045208, 0.5877775941316636, 0.9965235940847905, 0.9950070140705463, 0.5871787775219938, 0.82215564059898, 0.18048094081746235, 0.8083820544887251, 0.5841246920207597, 0.5129513294662822, 0.9414101543463361, 0.5819655189562917, 0.9565770793532534, 0.5146439378154186, 0.5897730657910543, 0.5898768241882834, 0.9543172729743015, 0.9515952039021065, 0.5898769560555402, 0.8644450995695407, 0.5899437152769074, 0.5898022345513652, 0.5899167713358232, 0.5898941355078086, 0.8074437831017429, 0.5897512902080034, 0.5898812962578589, 0.9928067770597976, 0.5898067100498668, 0.5898343555388781, 0.6748291271212569, 0.5898285035096836, 0.587794212259693, 0.5898804752712768, 0.5999848203450265, 0.5898168936113977, 0.5897948743341573, 0.5898176889002597, 0.8111491983302035, 0.5897736189381029, 0.6776713426604709, 0.7945367737801552, 0.589791633397714, 0.5898617597009532, 0.8566892009660071], [0.9932093489044715, 0.9999999998854755, 0.9999999763900302, 0.999999993127198, 0.5897702227951963, 1.0, 0.9999999441006933, 0.9999999997408899, 0.9999999726928659, 0.9999999747261432, 0.9999999998254404, 0.9999999995205037, 0.819294285005758, 0.9999999929303856, 0.045924379154544615, 0.934738024211971, 0.9999999999805179, 0.6113513216485363, 0.9999999966213347, 0.9999999975882295, 0.7184890749734538, 0.9999999999783639, 0.9999999946751156, 0.9999999990490759, 0.9977261100059709, 0.9999999946403569, 0.9999999949492453, 0.999999994716979, 0.9999999999511149, 0.9999999957755684, 0.9999999972225849, 0.6455133342323153, 0.9486200553814906, 0.7839236160381469, 0.9710000689511745, 0.9999999851519337, 0.9998956517619457, 0.9999999628481235, 0.999423588281341, 0.6827251802450184, 0.9396279445395904, 0.9977255959498667, 0.9859778319327737, 0.8529850169624761, 0.9955525011104466, 0.9999999793137998, 0.9244218258910675, 0.9999999998493814, 0.9590155826847632, 0.9961633543442068, 0.6549994998466692, 0.6674251342199956, 0.995148129893782, 0.02516277499924202, 0.3041600641119063, 0.001376347264731348, 0.9900787601900818, 0.8685981275054053, 0.7294979536228354, 0.986220405537834, 0.7995510764385664, 0.8715363123105248, 0.9999999999309475, 0.999999975687672, 0.8041262328121181, 0.8094328375431813, 0.9999999758321607, 0.9087707529415519, 0.9999999372588362, 0.9999999975928789, 0.9999999549098393, 0.9999999673861354, 0.9467086639704589, 0.9999999993605896, 0.9999999735585271, 0.4888394587517305, 0.9999999968335528, 0.9999999911033395, 0.9939606057565522, 0.9999999926885235, 0.996453064662921, 0.9999999730961228, 0.9999191933708553, 0.9999999950546734, 0.9999999983462265, 0.9999999953926546, 0.9506909379215261, 0.9999999999336406, 0.9935298267433328, 0.9589642471967493, 0.9999999987879099, 0.9999999815701927, 0.08867806352714969], [0.9932327636529683, 0.9999999389585512, 0.9999999931468692, 0.9999999763999744, 0.5899332766841645, 0.9999999441006933, 1.0, 0.9999999363042076, 0.999999994927207, 0.9999999939827003, 0.9999999376820918, 0.9999999538098723, 0.8194100453954003, 0.9999999767791998, 0.04611568277642675, 0.9348097630649246, 0.9999999422917679, 0.6115111220375616, 0.9999999681204519, 0.9999999186279145, 0.7186295232426246, 0.9999999450731103, 0.9999999043696266, 0.9999999576173787, 0.9977389517607975, 0.9999999041547469, 0.9999999055472854, 0.9999999045445613, 0.9999999459382759, 0.999999909165509, 0.9999999661595272, 0.6456675555732571, 0.948683966751566, 0.7840489917901791, 0.9710483502058739, 0.9999999868549693, 0.9998985396265463, 0.9999999980870021, 0.9994299002108283, 0.6828727236862908, 0.9396970299136286, 0.9977391986653317, 0.9860115427334775, 0.8531091126982391, 0.995570010031099, 0.9999999913185743, 0.9244988233907434, 0.9999999384802788, 0.9590683047936255, 0.9961796676388117, 0.6551520759497644, 0.6675755028877481, 0.995166460443815, 0.02536460910216054, 0.3043424802104574, 0.001578250493734057, 0.9901056362009841, 0.8686903543770294, 0.7296752972702844, 0.9862520960982635, 0.7996722970997505, 0.8716275559192382, 0.9999999476805038, 0.9999999935170095, 0.8042462569926317, 0.8095513791518294, 0.9999999934409018, 0.9088701773805934, 0.9999999997949867, 0.9999999648743494, 0.9999999994106319, 0.9999999968802569, 0.9467881600038576, 0.9999999315306678, 0.9999999945380119, 0.4890155484138389, 0.9999999675137291, 0.9999999797971183, 0.9939827444623625, 0.9999999772175446, 0.9964691331429844, 0.999999994739613, 0.9999217978562033, 0.9999999723635542, 0.9999999615959283, 0.9999999715874736, 0.9507534980715818, 0.9999999475774819, 0.9935526876921117, 0.9590214248317191, 0.9999999592986548, 0.9999999898525741, 0.08887914219355064], [0.9932075024409545, 0.9999999999698594, 0.9999999712311283, 0.9999999902381806, 0.5897573969227551, 0.9999999997408899, 0.9999999363042076, 1.0, 0.9999999671569376, 0.9999999693843608, 0.9999999999892366, 0.9999999985914918, 0.8192851776487862, 0.999999989996695, 0.0459136854142953, 0.9347323786189462, 0.9999999998471127, 0.611338751924289, 0.9999999945357901, 0.9999999989097641, 0.7184780267423407, 0.9999999996701561, 0.9999999967602948, 0.9999999978285335, 0.9977253889668972, 0.9999999967267851, 0.9999999969736203, 0.9999999967929228, 0.9999999995902606, 0.9999999975981072, 0.9999999953055883, 0.6455012030918809, 0.9486150258931232, 0.7839137530854697, 0.9709962683766376, 0.9999999810204938, 0.9998954204711771, 0.9999999564532872, 0.9994231651139467, 0.6827135741524047, 0.9396225076237009, 0.9977245223473251, 0.985975177349274, 0.852975515153112, 0.9955513344875296, 0.9999999745115846, 0.9244157668070851, 0.9999999999762852, 0.9590120778947854, 0.996162267036558, 0.6549874979603123, 0.6674133059528269, 0.9951469086390673, 0.02514690110248019, 0.3041498663194597, 0.001360468111017421, 0.9900772541475598, 0.8685919998775603, 0.7294851321990286, 0.9862186296793762, 0.7995415390799911, 0.8715302499690907, 0.9999999994396558, 0.9999999704625576, 0.8041167902903282, 0.8094235112593315, 0.999999970616791, 0.9087631422304735, 0.9999999290061702, 0.9999999957787729, 0.9999999478756124, 0.9999999613706975, 0.9467026195717679, 0.9999999999125, 0.9999999681156968, 0.488825607173518, 0.9999999947940919, 0.9999999878388617, 0.9939588606321059, 0.9999999897089038, 0.9964521629381903, 0.9999999676185853, 0.99991898555038, 0.9999999925706365, 0.9999999968124283, 0.9999999929677676, 0.9506860132035421, 0.9999999994384586, 0.9935280239188753, 0.9589597456043466, 0.9999999974339627, 0.9999999769905308, 0.08866224838813774], [0.9932259512684932, 0.9999999690608267, 0.9999999998623469, 0.9999999931874578, 0.5898857567874425, 0.9999999726928659, 0.999999994927207, 0.9999999671569376, 1.0, 0.9999999999579684, 0.9999999681526931, 0.9999999793189991, 0.8193763132692842, 0.9999999933983001, 0.04605595089365144, 0.9347888635582005, 0.999999971417355, 0.611464550412367, 0.9999999884435427, 0.9999999541408563, 0.7185885936539358, 0.999999973350197, 0.9999999432996444, 0.999999981841361, 0.9977349530154712, 0.9999999431488756, 0.9999999442051276, 0.999999943434922, 0.9999999739397292, 0.9999999469954216, 0.9999999872589387, 0.6456226105647758, 0.948665348473619, 0.7840124561661895, 0.971034288251075, 0.9999999980923961, 0.999897709755121, 0.9999999992277699, 0.9994280139553279, 0.6828297255796655, 0.9396769038847245, 0.9977352453075566, 0.9860017278178783, 0.8530727546005581, 0.9955647567926714, 0.9999999994308977, 0.9244763909414636, 0.9999999687032983, 0.9590524625512411, 0.9961747739023243, 0.6551076106907031, 0.6675316811448054, 0.9951609601193862, 0.025305779277977503, 0.304285526209775, 0.0015194001697846904, 0.9900972558513222, 0.868662631930098, 0.7296225836397305, 0.986242213096545, 0.799636973745275, 0.8716001292030356, 0.9999999751613676, 0.9999999999037054, 0.8042112817930622, 0.8095168364438867, 0.9999999998991765, 0.9088410480427352, 0.9999999927324809, 0.9999999864795941, 0.9999999977768868, 0.999999999758394, 0.9467648403875836, 0.9999999637096988, 0.999999999982121, 0.48896422844798004, 0.9999999880919049, 0.9999999949611524, 0.9939763031856085, 0.9999999936309668, 0.996464127184201, 0.9999999999746197, 0.9999210495699703, 0.9999999909425842, 0.9999999844074665, 0.9999999905169401, 0.9507352749521956, 0.9999999751015324, 0.9935460366605392, 0.9590047708328899, 0.9999999829394338, 0.9999999991132901, 0.0888205336523411], [0.9932255276215021, 0.9999999712244303, 0.9999999999604938, 0.99999999416829, 0.5898827979238447, 0.9999999747261432, 0.9999999939827003, 0.9999999693843608, 0.9999999999579684, 1.0, 0.9999999703510734, 0.9999999810688913, 0.8193742128286872, 0.9999999943680743, 0.0460496794066273, 0.9347875620136236, 0.9999999734967265, 0.6114616503335601, 0.9999999897334887, 0.9999999567712295, 0.7185860448693218, 0.9999999753442125, 0.9999999462336864, 0.999999983478085, 0.9977345321326876, 0.9999999460948711, 0.9999999471150371, 0.9999999463652274, 0.9999999759052337, 0.9999999498389847, 0.9999999886177946, 0.6456198117966373, 0.948664188570288, 0.7840101808467095, 0.9710334122027225, 0.9999999985826465, 0.9998976580024004, 0.9999999988274397, 0.9994278244625011, 0.6828270480130867, 0.9396756504979138, 0.997734998818886, 0.9860011160909491, 0.8530702476561053, 0.9955642299879487, 0.9999999996342911, 0.9244749939307171, 0.999999970872195, 0.9590508753262279, 0.9961742833606793, 0.6551048418602448, 0.667528952328023, 0.9951604087978297, 0.025302116608336034, 0.30427954612452346, 0.0015157361679561943, 0.9900963751643856, 0.8686598549825799, 0.729618639308998, 0.9862411749460513, 0.7996347746961242, 0.8715973817909903, 0.9999999770884462, 0.9999999999699254, 0.8042091038842237, 0.8095146857018041, 0.9999999999735801, 0.9088390366393255, 0.9999999916151048, 0.9999999878894591, 0.9999999971378185, 0.9999999995155736, 0.9467631916008193, 0.9999999660556678, 0.9999999999655198, 0.4889610336345336, 0.999999989409215, 0.9999999958043875, 0.9939759019380267, 0.9999999945845905, 0.996463600691709, 0.9999999999338091, 0.9999210020600735, 0.999999992083889, 0.9999999859192816, 0.9999999916973392, 0.9507341406926046, 0.9999999770357929, 0.9935456229945819, 0.9590037343779398, 0.9999999845270957, 0.9999999994308054, 0.0888168850287141], [0.9932079913296731, 0.9999999999924871, 0.9999999721571678, 0.9999999907666737, 0.5897607910869845, 0.9999999998254404, 0.9999999376820918, 0.9999999999892366, 0.9999999681526931, 0.9999999703510734, 1.0, 0.9999999987800413, 0.8192875876283441, 0.9999999905366378, 0.04591416436417761, 0.9347338723374868, 0.9999999999071663, 0.6113420780899371, 0.9999999949205617, 0.999999998706616, 0.7184809502298256, 0.9999999997515743, 0.9999999964270117, 0.999999998068846, 0.9977254212056257, 0.9999999964002119, 0.9999999966507009, 0.9999999964613316, 0.9999999996759659, 0.9999999973183178, 0.9999999956637587, 0.6455044132022191, 0.9486163562412351, 0.7839163627826077, 0.9709972736188256, 0.9999999817621559, 0.9998954814291706, 0.9999999575850463, 0.9994232307735154, 0.6827166452905274, 0.939623946108835, 0.9977248060229039, 0.9859758792170319, 0.8529778739954575, 0.9955515152485328, 0.9999999753537613, 0.9244173699389375, 0.999999999983847, 0.9590126208145898, 0.9961624355969095, 0.654990673915479, 0.6674164359188578, 0.9951470979392719, 0.025151102337488518, 0.30415032305969203, 0.00136467069821955, 0.9900773219408113, 0.8685929489872718, 0.7294879152515956, 0.9862187100778802, 0.7995440632319476, 0.8715311889514746, 0.9999999995552727, 0.999999971396191, 0.8041192889184444, 0.8094259793128499, 0.9999999715518364, 0.9087650297154961, 0.9999999304675766, 0.9999999961250264, 0.9999999491262833, 0.9999999624422671, 0.9467040930285592, 0.9999999998535342, 0.9999999690896796, 0.48882927332959525, 0.9999999951766846, 0.9999999884381623, 0.9939593221475783, 0.999999990257089, 0.9964522035075443, 0.9999999685921438, 0.9999190396345228, 0.9999999930283784, 0.9999999971052116, 0.9999999934253282, 0.9506873166547357, 0.9999999995612721, 0.9935285012094278, 0.9589609371582859, 0.9999999976988974, 0.9999999778119668, 0.08866643427431498], [0.9932109878181885, 0.9999999989567007, 0.9999999825313514, 0.9999999962400417, 0.5897816196972694, 0.9999999995205037, 0.9999999538098723, 0.9999999985914918, 0.9999999793189991, 0.9999999810688913, 0.9999999987800413, 1.0, 0.819302378124141, 0.9999999960849371, 0.04594498048352358, 0.934743041875389, 0.9999999993428899, 0.6113624919800976, 0.9999999986737061, 0.999999995051111, 0.718498893414687, 0.9999999996218232, 0.9999999911005881, 0.9999999999158414, 0.9977274986830104, 0.9999999910310055, 0.9999999914572353, 0.9999999911548838, 0.9999999996882041, 0.9999999925168933, 0.9999999990386561, 0.6455241147589477, 0.9486245271868721, 0.7839323818026116, 0.9710034481798919, 0.9999999899438066, 0.9998958578975521, 0.9999999706899765, 0.999424215300358, 0.6827354943218124, 0.9396327768082043, 0.9977265515165006, 0.985980193343423, 0.8529943058532315, 0.9955542326471647, 0.9999999850782194, 0.9244272110423816, 0.9999999988979594, 0.9590207868027879, 0.9961649674143228, 0.6550101652627071, 0.6674356455722997, 0.9951499419699011, 0.02517687849013217, 0.3041797098199971, 0.0013904556377727362, 0.9900816593825389, 0.8686072273028068, 0.729512225901633, 0.9862238221730424, 0.7995595497832793, 0.8715453153088224, 0.9999999998072031, 0.9999999819357142, 0.8041346240100022, 0.8094411245196462, 0.9999999820536102, 0.908778203298176, 0.9999999475618623, 0.9999999992409074, 0.9999999635743305, 0.9999999746925131, 0.9467147197293754, 0.999999997806518, 0.9999999800896083, 0.4888517644111897, 0.9999999987967778, 0.9999999946928702, 0.9939621573995753, 0.9999999959010033, 0.9964548003491325, 0.9999999797045438, 0.9999193819559496, 0.9999999976216615, 0.9999999996408826, 0.9999999978333253, 0.950695312505964, 0.9999999997875368, 0.9935314271318116, 0.9589682454006404, 0.9999999998253716, 0.9999999869549345, 0.08869211376668718], [0.8804374371603378, 0.8192882981470646, 0.819369441837974, 0.8193328450172014, 0.9462350314334744, 0.819294285005758, 0.8194100453954003, 0.8192851776487862, 0.8193763132692842, 0.8193742128286872, 0.8192875876283441, 0.819302378124141, 1.0, 0.8193343385088323, 0.03848014252870513, 0.9695666002407034, 0.8192923407787467, 0.9546208984890515, 0.8193200064806598, 0.8192670137397456, 0.9874570105385203, 0.819292679291974, 0.8192556348295943, 0.8193068192286342, 0.8174732673099573, 0.819256853000091, 0.8192565586222597, 0.8192556897088233, 0.819292697289726, 0.8192609110881833, 0.819317225542316, 0.9667786258359797, 0.9586242374194768, 0.9982470874712869, 0.9326163871495077, 0.8193520401819219, 0.8274915252332083, 0.8193874115427541, 0.8189250735116578, 0.9783024780293592, 0.9660388535316496, 0.8560798406178086, 0.9034883431445278, 0.9908160886033163, 0.8157758863000365, 0.8193606469000924, 0.976041777187953, 0.8192867974346196, 0.7860225777329085, 0.8163464460464749, 0.9698949743232502, 0.9737954083225339, 0.8155150918093541, 0.5938073887693585, 0.2500103866485748, 0.5745003124982525, 0.8113171478965263, 0.7121399269088917, 0.9606152295767327, 0.8082395713655457, 0.999434495927269, 0.7145183685855335, 0.8192963041072587, 0.8193699718815949, 0.9996626692607349, 0.9998556124063336, 0.8193700655216559, 0.9777739446367637, 0.8194174548930009, 0.8193170154993762, 0.8193983294597361, 0.8193822610998971, 0.9524995242165518, 0.8192808411483985, 0.8193731466333167, 0.9006991187168423, 0.8193201932618686, 0.8193398215418658, 0.8772667437439229, 0.8193356666662722, 0.8164736894298021, 0.8193725637260967, 0.8265142729206715, 0.8193274236951991, 0.8193117895989993, 0.8193279882239518, 0.9567215470687073, 0.8192966968156652, 0.8791121454102191, 0.9482407191940448, 0.8193094883183129, 0.8193592772859822, 0.6437677410278462], [0.9932174602150009, 0.9999999910328042, 0.9999999951542021, 0.9999999999965731, 0.589826632767063, 0.9999999929303856, 0.9999999767791998, 0.999999989996695, 0.9999999933983001, 0.9999999943680743, 0.9999999905366378, 0.9999999960849371, 0.8193343385088323, 1.0, 0.04599259149733592, 0.9347628516863541, 0.9999999922712379, 0.6114066067794836, 0.9999999993032455, 0.9999999823334528, 0.7185376673147462, 0.9999999932748941, 0.9999999753837883, 0.9999999971373853, 0.9977307017487832, 0.9999999752793837, 0.9999999759791885, 0.9999999754740897, 0.9999999935681164, 0.9999999777943029, 0.9999999989986061, 0.6455666898788519, 0.9486421758837822, 0.7839669955683077, 0.9710167828816705, 0.9999999985725679, 0.9998966633771434, 0.9999999881869684, 0.9994259096199755, 0.6827762264247316, 0.9396518541888489, 0.9977303142685849, 0.9859895061014334, 0.8530283775135516, 0.9955589181826962, 0.9999999963984388, 0.9244484722828966, 0.999999990839611, 0.9590348789869818, 0.9961693333526532, 0.6550522864237649, 0.6674771574533026, 0.9951548468325326, 0.025232591961249162, 0.3042251108087084, 0.0014461879103965236, 0.990088355894336, 0.8686318720172335, 0.7295598367895125, 0.9862317178283416, 0.7995930178934947, 0.8715696974711002, 0.9999999941655042, 0.9999999948340719, 0.8041677611109662, 0.8094738527744773, 0.9999999949011513, 0.9088055010326744, 0.9999999722987828, 0.9999999987717364, 0.9999999835403595, 0.9999999906808664, 0.9467365172998974, 0.9999999880551076, 0.9999999938305196, 0.4889003758915118, 0.9999999992211386, 0.9999999998941052, 0.9939682765688699, 0.9999999999933058, 0.9964588068877825, 0.9999999936090795, 0.999920107994237, 0.9999999997930007, 0.9999999980955466, 0.9999999997303463, 0.9507125897895424, 0.9999999941348509, 0.9935377465811168, 0.9589840371595779, 0.9999999975618759, 0.9999999973294926, 0.08874761964496924], [0.04571742528188405, 0.045916357246024275, 0.046047843926148024, 0.0459925795850149, 0.028236234138379834, 0.045924379154544615, 0.04611568277642675, 0.0459136854142953, 0.04605595089365144, 0.0460496794066273, 0.04591416436417761, 0.04594498048352358, 0.03848014252870513, 0.04599259149733592, 1.0, 0.04351574346452414, 0.0459236338440453, 0.02926229851062012, 0.04597586211943605, 0.045890515002243504, 0.03405399745776705, 0.045929323364859886, 0.04587129130885903, 0.04595081020455449, 0.11314771406332569, 0.045868588509225816, 0.04587286600723006, 0.04587121035262365, 0.04593263847300999, 0.04587402073748159, 0.04596912561559863, 0.0307933193883535, 0.04418847511843438, 0.036987947075458605, 0.04507682683304204, 0.04602441891719744, 0.04601513527809731, 0.04608199104930255, 0.0460603728185357, 0.03245849274165846, 0.0437298951248285, 0.04603712418348982, 0.045685329666883656, 0.04014027731465686, 0.04590832657797683, 0.04604942003417045, 0.043085175857510705, 0.04591967068161462, 0.04445659275136016, 0.04605374969292908, 0.031203358271479797, 0.031765587210169866, 0.046000532512433634, 0.002454632033971227, 0.9655842099628854, 0.0013721814137810373, 0.1858339940457996, 0.040589187416911754, 0.29330760632397046, 0.21055357994368706, 0.03751143992038697, 0.04066945822003576, 0.04593370742413416, 0.04605145900299801, 0.03782601938580665, 0.03800979815417438, 0.046049227934520265, 0.04247258999380099, 0.04612386674185187, 0.045965190520758425, 0.046093269467711306, 0.04606994458731595, 0.044169853865457465, 0.045904946619513054, 0.046054017280248716, 0.02354273070089996, 0.045972149814694, 0.045999824766743025, 0.04588410158798306, 0.04599505697018602, 0.1298230975253123, 0.04605742190148576, 0.04619048674032078, 0.045985429576454906, 0.045960252372741595, 0.045979288084816106, 0.044044778850465205, 0.045929137451103386, 0.04573847891315641, 0.04436599172497102, 0.04595432825004875, 0.04603428201704751, 0.005312264678737577], [0.9697307930283815, 0.9347343129989973, 0.9347846057312006, 0.9347619261901832, 0.8382410322056806, 0.934738024211971, 0.9348097630649246, 0.9347323786189462, 0.9347888635582005, 0.9347875620136236, 0.9347338723374868, 0.934743041875389, 0.9695666002407034, 0.9347628516863541, 0.04351574346452414, 1.0, 0.9347368189515447, 0.8526530557552485, 0.9347539689461417, 0.9347211180747549, 0.918749959986416, 0.9347370295795489, 0.9347140626497492, 0.9347457948249364, 0.9326425126100525, 0.9347148173848814, 0.9347146354522614, 0.9347140967147513, 0.934737040998068, 0.9347173335679437, 0.9347522452754519, 0.8747746052099448, 0.9991462433446011, 0.9533771614323459, 0.9925845108709965, 0.9347738223061565, 0.9397735663857987, 0.9347957401628344, 0.934265119657483, 0.897805588254328, 0.9999017166332481, 0.9565640556215329, 0.9809283757498707, 0.9782676612293487, 0.9306641248557135, 0.9347791559424791, 0.9996079043202769, 0.93473338296402, 0.8966352461132807, 0.931278158212593, 0.8807564522804765, 0.8884793646709859, 0.9303300931763543, 0.3787456668253113, 0.28487045585166304, 0.356623766062216, 0.9255663017435791, 0.8122526498399759, 0.9068312633068258, 0.9220130056829842, 0.9607858691306512, 0.8149809246091121, 0.9347392764042, 0.9347849341916546, 0.9628808595758701, 0.9652663221030253, 0.9347849922091389, 0.9940040030227569, 0.934814353316856, 0.9347521147651648, 0.9348025046639401, 0.9347925489753769, 0.994539928441215, 0.9347296900907324, 0.9347869014229768, 0.7669239974241393, 0.9347540845160547, 0.93476624983361, 0.9680866149390432, 0.9347636747465577, 0.9314804481046723, 0.9347865402501477, 0.9391780055303504, 0.9347585659636325, 0.9347488757390199, 0.9347589155578884, 0.9988513167039276, 0.9347395197120859, 0.969046311925403, 0.9971281404782304, 0.9347474491462585, 0.9347783071096034, 0.43682840941754997], [0.9932089548459705, 0.9999999999460898, 0.999999975203318, 0.9999999924782411, 0.5897674847964258, 0.9999999999805179, 0.9999999422917679, 0.9999999998471127, 0.999999971417355, 0.9999999734967265, 0.9999999999071663, 0.9999999993428899, 0.8192923407787467, 0.9999999922712379, 0.0459236338440453, 0.9347368189515447, 1.0, 0.6113486382766726, 0.9999999961740988, 0.9999999979503978, 0.718486716377422, 0.9999999999475848, 0.9999999952212214, 0.9999999987961322, 0.9977260599160356, 0.9999999951838178, 0.9999999954809726, 0.9999999952592068, 0.9999999999107387, 0.9999999962516362, 0.9999999968050183, 0.6455107445133021, 0.9486189815676682, 0.7839215104452721, 0.9709992575065173, 0.9999999842098113, 0.9998956023706365, 0.9999999613726485, 0.9994234114067589, 0.6827227025808312, 0.9396267838569068, 0.997725366669461, 0.9859772650696488, 0.8529826959431593, 0.9955520114431217, 0.9999999782326956, 0.9244205323771679, 0.999999999931743, 0.9590141104646369, 0.9961628989147202, 0.6549969377303709, 0.6674226091279775, 0.9951476180459649, 0.025159386431850117, 0.30415935340056666, 0.001372957558123944, 0.9900786548448134, 0.8685955531776769, 0.7294956155458788, 0.9862202806854544, 0.7995490405293106, 0.8715337650998167, 0.9999999998603746, 0.9999999744897211, 0.804124217020268, 0.8094308466193705, 0.9999999746304603, 0.9087688900841482, 0.999999935331179, 0.9999999972026286, 0.9999999532702732, 0.9999999659955184, 0.9467071369425112, 0.9999999995323433, 0.999999972296763, 0.488836501935492, 0.999999996392832, 0.9999999903635979, 0.9939602331303845, 0.999999992026933, 0.996453001668886, 0.9999999718292041, 0.9999191487967052, 0.9999999945182149, 0.9999999980254278, 0.9999999948612459, 0.950689886662348, 0.9999999998465002, 0.9935294419682553, 0.9589632862837761, 0.9999999985073479, 0.9999999805179974, 0.08867468755800356], [0.6992672124319386, 0.6113430587133386, 0.6114550646269327, 0.6114045453877293, 0.999635713668767, 0.6113513216485363, 0.6115111220375616, 0.611338751924289, 0.611464550412367, 0.6114616503335601, 0.6113420780899371, 0.6113624919800976, 0.9546208984890515, 0.6114066067794836, 0.02926229851062012, 0.8526530557552485, 0.6113486382766726, 1.0, 0.6113868239842912, 0.6113136834336947, 0.989669911887637, 0.6113491055108584, 0.611297979886678, 0.611368621780467, 0.6100195654735094, 0.6112996611836553, 0.6112992547541669, 0.611298055606357, 0.6113491303855849, 0.6113052615164549, 0.6113829854278654, 0.9990353137458384, 0.8303399497035122, 0.970573925940926, 0.7828196776897175, 0.6114310425103694, 0.6227192047541766, 0.6114798732991339, 0.6111410810484155, 0.9956116086313307, 0.8452441833333036, 0.6633034560067593, 0.7348378759875523, 0.9244454484619896, 0.6088052501289196, 0.611442924526266, 0.866948455461406, 0.6113409875047161, 0.5867180591901963, 0.6092754482040409, 0.998409101528411, 0.9973382400984627, 0.6086553391344127, 0.8064920064414779, 0.18707842564198207, 0.7921999664432932, 0.6054957227853687, 0.5317111396578886, 0.9469068962973716, 0.6032524010912932, 0.9640954907569608, 0.5334676681350375, 0.6113541084643507, 0.611455796571378, 0.9620339671726741, 0.9595438870778202, 0.6114559257193828, 0.8774685233137266, 0.6115213520764534, 0.6113826953193046, 0.6114949461773074, 0.6114727623277512, 0.822879378361386, 0.6113327669146763, 0.6114601794136912, 0.989213709746367, 0.6113870816421283, 0.6114141753452272, 0.6945008591174011, 0.6114084400235659, 0.6093013321858345, 0.6114593751573265, 0.6213581917082326, 0.6113970619547097, 0.6113754822140809, 0.6113978408902776, 0.8266382243740352, 0.611354650433778, 0.6972716051191654, 0.8106357867701824, 0.611372305766073, 0.6114410329363544, 0.8424550264060156], [0.9932145580737719, 0.9999999952839357, 0.9999999908141792, 0.9999999993708444, 0.5898064468461506, 0.9999999966213347, 0.9999999681204519, 0.9999999945357901, 0.9999999884435427, 0.9999999897334887, 0.9999999949205617, 0.9999999986737061, 0.8193200064806598, 0.9999999993032455, 0.04597586211943605, 0.9347539689461417, 0.9999999961740988, 0.6113868239842912, 1.0, 0.9999999886114038, 0.7185202797929702, 0.9999999968800876, 0.9999999829155103, 0.9999999992443935, 0.9977295778948865, 0.9999999828141317, 0.9999999834112976, 0.9999999829893703, 0.9999999970870943, 0.9999999848935751, 0.9999999999642866, 0.6455475975924073, 0.948634262747082, 0.7839514738970963, 0.9710108042576211, 0.9999999959126215, 0.99989630324576, 0.9999999818226, 0.9994251552377919, 0.682757960694024, 0.939643299952327, 0.9977286281511334, 0.9859853312646062, 0.853013112996706, 0.9955568295157622, 0.9999999926487579, 0.9244389386614503, 0.999999995166058, 0.9590285949298484, 0.9961673877733772, 0.655033397658185, 0.66745854196749, 0.9951526608064165, 0.025207606372418034, 0.3042091583818882, 0.0014211939177238841, 0.9900860036822114, 0.86862088160937, 0.7295396851479636, 0.9862289431787467, 0.7995780092238722, 0.8715588239507943, 0.9999999974750374, 0.9999999903873565, 0.8041529014258134, 0.8094591762068504, 0.9999999904669991, 0.9087932714852761, 0.9999999628867176, 0.999999999911114, 0.9999999761229015, 0.9999999849362954, 0.9467267547395463, 0.9999999930717152, 0.9999999890187393, 0.48887857545418356, 0.9999999999926005, 0.9999999986549619, 0.9939655335099175, 0.9999999992283087, 0.9964574002235058, 0.9999999887398336, 0.9999197843286362, 0.9999999998434161, 0.9999999996939396, 0.9999999998752426, 0.9507048421273262, 0.999999997428536, 0.9935349130800992, 0.9589769555964066, 0.999999999454419, 0.9999999939335829, 0.08872272694220273], [0.9932038186458504, 0.9999999985226126, 0.999999958987976, 0.9999999826642391, 0.5897318177903088, 0.9999999975882295, 0.9999999186279145, 0.9999999989097641, 0.9999999541408563, 0.9999999567712295, 0.999999998706616, 0.999999995051111, 0.8192670137397456, 0.9999999823334528, 0.045890515002243504, 0.9347211180747549, 0.9999999979503978, 0.6113136834336947, 0.9999999886114038, 1.0, 0.7184559923069115, 0.9999999974079641, 0.9999999994237098, 0.9999999936895467, 0.9977238249821002, 0.9999999993980598, 0.99999999951175, 0.9999999994375478, 0.9999999972159354, 0.9999999997274083, 0.9999999897309569, 0.6454770092006863, 0.948604993769853, 0.7838940822107714, 0.9709886870688184, 0.9999999708875398, 0.9998949573931056, 0.9999999416596316, 0.9994222938309508, 0.6826904272668474, 0.9396116632183206, 0.9977223793530918, 0.9859698813527699, 0.8529564783437616, 0.9955489353568223, 0.9999999629847189, 0.924403681661024, 0.9999999986099186, 0.9590048737366391, 0.9961600308818138, 0.6549635618553761, 0.6673897160417357, 0.9951443972225656, 0.02511524465963111, 0.30412777006160097, 0.0013288011968168867, 0.9900739896293941, 0.8685794057122402, 0.7294590832436035, 0.9862147809934073, 0.7995225179319472, 0.8715177899847186, 0.9999999968020775, 0.999999958079899, 0.8040979579664095, 0.8094049108656051, 0.9999999582569886, 0.9087478928263383, 0.9999999103950998, 0.9999999904199484, 0.9999999317728835, 0.9999999473624678, 0.9466904939533173, 0.999999999427142, 0.9999999552879101, 0.48879798306927746, 0.9999999889691726, 0.9999999794964163, 0.9939553785480201, 0.9999999819505618, 0.9964502076612078, 0.9999999547144119, 0.9999185688151592, 0.9999999858283755, 0.9999999920267538, 0.999999986355373, 0.9506761906004383, 0.9999999967990223, 0.993524427117854, 0.9589507668648222, 0.9999999930211084, 0.9999999659368485, 0.08863070915963012], [0.794529529313259, 0.7184818122293123, 0.7185802568010925, 0.718535855554204, 0.985440042279312, 0.7184890749734538, 0.7186295232426246, 0.7184780267423407, 0.7185885936539358, 0.7185860448693218, 0.7184809502298256, 0.718498893414687, 0.9874570105385203, 0.7185376673147462, 0.03405399745776705, 0.918749959986416, 0.718486716377422, 0.989669911887637, 0.7185202797929702, 0.7184559923069115, 1.0, 0.7184871273243361, 0.7184421889231786, 0.7185042812009679, 0.7169076485125687, 0.7184436665827761, 0.7184433095333795, 0.7184422554973041, 0.7184871492645925, 0.7184485892720909, 0.7185169059942119, 0.9950109164483651, 0.9016535272510199, 0.9950705354186571, 0.8639416299249246, 0.7185591440462673, 0.7284615862685302, 0.7186020603188902, 0.7182006756183889, 0.9987431670294066, 0.9131240557881742, 0.7637385967194729, 0.8244830774116837, 0.9670415567411935, 0.7154478118070774, 0.7185695869773545, 0.9294455029065161, 0.718479991784734, 0.6894203983286756, 0.7159715829148755, 0.9961790675735926, 0.9974889326703527, 0.7152428966049594, 0.7133971568754758, 0.21954306801842716, 0.6965264431475774, 0.7115472650892606, 0.6246987172526781, 0.9644132244970858, 0.7088769637055209, 0.9922076426378741, 0.6267747234871895, 0.7184915246263139, 0.718580900070974, 0.9912245891422359, 0.989997375219031, 0.7185810135957921, 0.9358585797138637, 0.718638513785213, 0.7185166509146916, 0.7186153072599527, 0.7185958108052103, 0.8947522391564856, 0.7184727660684732, 0.7185847520709345, 0.9579950812997564, 0.7185205062124683, 0.7185443194214536, 0.7904764116165917, 0.7185392785423627, 0.7160460080789026, 0.7185840451928887, 0.7272696421957602, 0.7185292781434427, 0.7185103111043415, 0.7185299627129125, 0.8987751803675519, 0.7184920009838238, 0.7928336176592047, 0.8862091987031724, 0.7185075191624243, 0.7185679245647182, 0.7565122247597651], [0.9932090224825979, 0.9999999998287271, 0.9999999770140161, 0.9999999934781022, 0.5897679607737154, 0.9999999999783639, 0.9999999450731103, 0.9999999996701561, 0.999999973350197, 0.9999999753442125, 0.9999999997515743, 0.9999999996218232, 0.819292679291974, 0.9999999932748941, 0.045929323364859886, 0.9347370295795489, 0.9999999999475848, 0.6113491055108584, 0.9999999968800876, 0.9999999974079641, 0.7184871273243361, 1.0, 0.9999999943900846, 0.9999999991860182, 0.9977264435693176, 0.9999999943343344, 0.9999999946724303, 0.9999999944335768, 0.9999999999935748, 0.9999999955016635, 0.999999997456319, 0.6455111954095453, 0.9486191704947708, 0.7839218778512228, 0.9709994004544281, 0.9999999856659447, 0.999895611865936, 0.999999963653342, 0.9994237005948156, 0.6827231341256974, 0.9396269867309353, 0.9977254081287678, 0.9859773659189547, 0.8529839699168078, 0.9955528123144464, 0.9999999799538433, 0.9244207583574184, 0.9999999998066589, 0.9590165183418837, 0.9961636436891835, 0.6549973836569885, 0.6674230488091093, 0.9951484550935399, 0.025159973834892324, 0.30416477902240024, 0.00137354530329159, 0.9900794556730671, 0.8685997638033454, 0.7294974643912752, 0.9862212244174583, 0.7995493936213305, 0.