"[[1.0, 0.9794235475025097, 0.6309387870320905, 0.8373607770110184, 0.6098332448044829, 0.9890366570183874, 0.8087033841726712, 0.9625856735380599, 0.6805275842392506, 0.6768809971051536, 0.9336210079516224, 0.9869479906893149, 0.6032800607346273, 0.9473939289054325, 0.187493017389749, 0.6050029919357836, 0.0, 0.6060391634074089, 0.841879360520017, 0.7834165309032229, 0.6060544420768675, 0.957288610126621, 0.7785687727539293, 0.9277169553385046, 0.9165214993132939, 0.7730099492690791, 0.7793147570503024, 0.7730099492690791, 0.8822648165729675, 0.7947915069247695, 0.971185335082482, 0.609880208165417, 0.6070540359068413, 0.6031793395726752, 0.6319431562031592, 0.8882172921746723, 0.7936113092030985, 0.7325584749149094, 0.7251686510395663, 0.6127802341763886, 0.6060312370848562, 0.6793842234254404, 0.6057942410792199, 0.6104981256458716, 0.6341804477998642, 0.7687930145710956, 0.6199143635469142, 0.8963884665487715, 0.6057235947100313, 0.620749986174283, 0.7488870806952393, 0.6051871699254636, 0.7639748045716583, 0.6128460028844718, 0.040134198488489425, 0.6214957962051898, 0.8123847198577423, 0.5878760737700913, 0.5729841208205432, 0.9499017724952475, 0.6146691686866648, 0.5758549991602522, 0.9500151103924075, 0.7201677563544655, 0.6060530723886796, 0.6060351588115486, 0.7248394903628383, 0.5899412818767296, 0.6337709664313955, 0.9658681114025595, 0.6077084397014616, 0.7670261336759155, 0.5975887419835934, 0.9809539004755264, 0.6425727752396894, 0.5977725274722423, 0.954941461907154, 0.7093638081008504, 0.6346480740695818, 0.8956126059307747, 0.7173088957373336, 0.657826420729843, 0.7246861684623165, 0.9707692279823021, 0.9587603736392474, 0.6115162059021504, 0.5885738967865025, 0.995132641512685, 0.584431899190924, 0.6032944585030465, 0.9749190719133308, 0.6802043450346101, 0.6104246399683912], [0.9794235475025097, 1.0, 0.5147916415615675, 0.7342455674943362, 0.4916995052920292, 0.9941242268102268, 0.7017695069192019, 0.9825103818897007, 0.5589047905988884, 0.5648267249646469, 0.870735305531709, 0.9667827223824168, 0.48423545269725976, 0.915372139465956, 0.05680009453506385, 0.4836704042783837, 0.0, 0.4864501045956926, 0.7652608526244735, 0.8733103956111335, 0.48646236834167644, 0.9655009852194572, 0.873216335480477, 0.9694528570557526, 0.9201321127541078, 0.871853263713691, 0.8733418048010128, 0.871853263713691, 0.9455449613796225, 0.8891663797776149, 0.9564485509864786, 0.48709526059690056, 0.4867608103889578, 0.48415460673428423, 0.5164439434229837, 0.7958960203163457, 0.697321821065829, 0.6332098598171897, 0.6292850711595396, 0.48826563861684213, 0.4864437423658772, 0.562420826703605, 0.4862535125281182, 0.4876305583447931, 0.5063611522626255, 0.6324248103790535, 0.48954280017667773, 0.7888309586962498, 0.48619680673127186, 0.5047647463512911, 0.6386130074203351, 0.4857662340747235, 0.6718822646928169, 0.4823036759759849, 0.032214560100079614, 0.48951782945964095, 0.6848314275703907, 0.4568464037278269, 0.47346418994766903, 0.8741677716526732, 0.4905194481237891, 0.4660091187530536, 0.9011919243751804, 0.6107368651461211, 0.4864612689325911, 0.48644689022244303, 0.6180567495394367, 0.47352880078037507, 0.5102039597192857, 0.9298492069609031, 0.4883283114180287, 0.6749677971838943, 0.4796671957777532, 0.9924499140860984, 0.5278925047606565, 0.4798147150728327, 0.8999145828859668, 0.6049658315540447, 0.5089848572390505, 0.7977434958564815, 0.5823831359157733, 0.5285511940529133, 0.6037635452576539, 0.9033596532968488, 0.8855742205822398, 0.4879747011082224, 0.4724312403250017, 0.9843004668301225, 0.5290672961804117, 0.4817964908464518, 0.9101263373913252, 0.5531239125589134, 0.4801876005565977], [0.6309387870320905, 0.5147916415615675, 1.0, 0.9456475156077256, 0.997927667616802, 0.6043832332096335, 0.9613039318892778, 0.492169049382874, 0.9952320886645412, 0.9976760888984797, 0.8632832568816552, 0.5285740333326017, 0.9978717445138875, 0.8016184677314542, 0.0, 0.9954836049490947, 0.03952828842544509, 0.9989209927990285, 0.9310353680684774, 0.034330585582397766, 0.9986654919631159, 0.5866799748000076, 0.033221044475356565, 0.4280002990910061, 0.6141494242706204, 0.033237773334299336, 0.033215804867374854, 0.033237773334299336, 0.20920570716967535, 0.06997021157227146, 0.7308343788953964, 0.999020159006021, 0.998651049107263, 0.997773579981652, 0.9991246931144132, 0.9089670442676118, 0.972112931723384, 0.985665594051981, 0.9706924282544196, 0.9982330768920173, 0.99897315696668, 0.9970562269970167, 0.9993949061994865, 0.9989797065797726, 0.9925491835324306, 0.9233889273068393, 0.994977758074406, 0.8139492195908334, 0.9994262523376437, 0.9958924310164953, 0.9850786026265405, 0.9993503125131339, 0.974748014105713, 0.9850269253224136, 0.10557524727080103, 0.9943986008258199, 0.6860586522178842, 0.933263251914451, 0.8532901524747292, 0.8198138977935102, 0.97307549600599, 0.94463481919792, 0.8345282709966728, 0.9918316349126162, 0.998747273375033, 0.9989490385308827, 0.9914045296321554, 0.9811682182844361, 0.9979009839660151, 0.7937536802340563, 0.9987343801573468, 0.9759038549866594, 0.991299386811069, 0.6051635088200928, 0.9994964111472876, 0.9915308709969345, 0.8310237445073069, 0.9933161034793586, 0.9976721412675493, 0.886943859342428, 0.9670066185190754, 0.9931203162860738, 0.9854374185787835, 0.7043354358678425, 0.680337369748555, 0.998196326277512, 0.9792859836463876, 0.6536220761942804, 0.6819053760277849, 0.988334786500534, 0.7401244090405386, 0.9907823930524884, 0.9813802407392005], [0.8373607770110184, 0.7342455674943362, 0.9456475156077256, 1.0, 0.9347072790341899, 0.8009347853488553, 0.9985994763690406, 0.7094418646033969, 0.9687261573887386, 0.9633123460034607, 0.9685738980652616, 0.7708775229201541, 0.9323465893521203, 0.9181931926820329, 0.16544157612772525, 0.9324245661806173, 0.0, 0.9366106785108235, 0.972996263770722, 0.31895556199866104, 0.9366342911184443, 0.7685502666235359, 0.3138732568781839, 0.6415407398660135, 0.7663792640872817, 0.3087803257810049, 0.31459035375064803, 0.3087803257810049, 0.48386348475224905, 0.3430430833237591, 0.8775042341497155, 0.9393120249806697, 0.9375105089024282, 0.9321909285936539, 0.9442179483950484, 0.9947682736101178, 0.9915749977705101, 0.9710361749349381, 0.9543392620534308, 0.9422581942210856, 0.9365984286781519, 0.966022462536824, 0.9362321602865262, 0.940319156973392, 0.9480580193638081, 0.9763183748638243, 0.9473801886046088, 0.9518672948462013, 0.9361229789864135, 0.9364158047312664, 0.9873785868918256, 0.9352939547058388, 0.9739672199443237, 0.934379005591219, 0.06202589064779995, 0.9481068032141118, 0.8494894830414828, 0.8886043757186887, 0.8108364633365346, 0.9586414812772642, 0.9223717977154426, 0.8766167231480085, 0.9520922015014324, 0.9780286622071265, 0.936632174316989, 0.9366044895589003, 0.9780711892716787, 0.9117320095181058, 0.9511857740040172, 0.9273562258408109, 0.9372933911079495, 0.9764405149154427, 0.92355087079318, 0.7933624822570409, 0.9503678270677849, 0.9238349043369135, 0.9550859845550574, 0.9709092647927614, 0.9517219134795823, 0.9885586852244413, 0.9763795196662542, 0.9618511721571326, 0.9833878279892216, 0.8962272813633694, 0.8802067657355568, 0.9412648951397263, 0.9096187674135157, 0.8425186286296031, 0.6837851230953053, 0.9261714304619453, 0.9175831200368391, 0.9701856216924537, 0.9304079712272769], [0.6098332448044829, 0.4916995052920292, 0.997927667616802, 0.9347072790341899, 1.0, 0.5823620774845656, 0.9514144652081902, 0.4801571553648789, 0.9918512545239171, 0.992283201552824, 0.8518270895973893, 0.5069714339388154, 0.9999557476994927, 0.7913022343312268, 0.0, 0.9993792388022723, 0.09896581058286869, 0.9957298465773746, 0.9292675256575156, 0.01170158084186157, 0.995052208537019, 0.5795885869180102, 0.008763176447585397, 0.4177414969323474, 0.6154900006341504, 0.008767589251125973, 0.00876179432339319, 0.008767589251125973, 0.1845943748038723, 0.04538362247942196, 0.7163541586461679, 0.998555018920347, 0.9950378179370336, 0.9999601404823858, 0.9994533902833699, 0.895933721945039, 0.9623067135846293, 0.9847413814022394, 0.9757828362159617, 0.9951339778135391, 0.9958801353316673, 0.9945299069300407, 0.9975246911483827, 0.9967236032606309, 0.9954994297351315, 0.9154119112679645, 0.9913778172819008, 0.8005118272291168, 0.9977786382374288, 0.9993782045596887, 0.9776310887833756, 0.9989208456369357, 0.9736021852380327, 0.9918012355919751, 0.1646430193462236, 0.9924330621131585, 0.6779084702942875, 0.951132426266143, 0.8810694093946789, 0.807066819243396, 0.9841548109116746, 0.9625864455338158, 0.8175294078725048, 0.9846822376663127, 0.995260364186562, 0.9958100101946337, 0.9845047450762234, 0.9912655807046816, 0.993686102346936, 0.7754970402092966, 0.9950687025449818, 0.9735888566492814, 0.9976364430996363, 0.584191892824353, 0.9953941045647465, 0.997759529231549, 0.8166283210247318, 0.9862757228002794, 0.9960962515917552, 0.8737463304406689, 0.9643627483291756, 0.990796218522198, 0.9785595855788259, 0.6864355648360971, 0.6627908596664192, 0.9945847403453302, 0.9899493041839089, 0.6324549337645644, 0.7165217097359026, 0.9956987635998166, 0.7223023931143747, 0.985390036422709, 0.9895426011806168], [0.9890366570183874, 0.9941242268102268, 0.6043832332096335, 0.8009347853488553, 0.5823620774845656, 1.0, 0.7728204388566632, 0.9739754322745298, 0.64440352010667, 0.6506856002583125, 0.9173407061065589, 0.9638279925319999, 0.5754342655084659, 0.951260701533582, 0.0481448905248304, 0.5743604406832629, 0.0, 0.5780660153760833, 0.827679548997559, 0.8155922978122616, 0.5780805888229947, 0.9700117686534537, 0.8156754402952152, 0.9539586664733289, 0.930888550045962, 0.814558102496324, 0.8157698796247272, 0.814558102496324, 0.9048001499158185, 0.8352819595914138, 0.980706496162752, 0.578329121906315, 0.578331157205817, 0.5753381933661535, 0.6056011864936575, 0.8535056134508863, 0.7704924738581038, 0.7122310011745662, 0.7062014657164664, 0.579480865668921, 0.578058454911395, 0.6479684302834553, 0.5778323980079633, 0.5789733554564988, 0.5947856816990564, 0.7026433681990694, 0.580079582432546, 0.8338984883411922, 0.577765012486361, 0.5940967877775997, 0.7173585183856908, 0.5772533476361547, 0.7467336338210627, 0.5711537080243309, 0.03828171115231638, 0.579782563265411, 0.7197928677806247, 0.539783533091175, 0.5446555370710383, 0.914427420787982, 0.5769785918555407, 0.5504384906805426, 0.9425835700847143, 0.6925265390376205, 0.5780792823559527, 0.5780621956216648, 0.6992909641224658, 0.5627111690322995, 0.599815979972012, 0.9641491198012414, 0.5798236252347888, 0.7498396093329663, 0.5700056428198795, 0.9986755132364055, 0.6166361592807904, 0.570180945261573, 0.9405057041529106, 0.6875522377134096, 0.5983584826844142, 0.8521179874185602, 0.6618240332973926, 0.6157617462158477, 0.6848399896520407, 0.9267599547875419, 0.9069351117988612, 0.579284606204393, 0.5614068987832481, 0.9968762233430299, 0.5740545905289343, 0.5713692856801876, 0.9378389000795198, 0.6384753796078516, 0.5686034666975779], [0.8087033841726712, 0.7017695069192019, 0.9613039318892778, 0.9985994763690406, 0.9514144652081902, 0.7728204388566632, 1.0, 0.6761091892723361, 0.9802983630601108, 0.975956572655414, 0.9572450674445083, 0.7363362208498019, 0.9494588799095408, 0.9035239301188426, 0.14453333920781875, 0.9490404576816562, 0.0, 0.9538012321664092, 0.9714446391101175, 0.27220754073633513, 0.9538252781598622, 0.7410117677655282, 0.2677536125351254, 0.6075768576235846, 0.742913237402314, 0.26330106836224454, 0.26838110161394546, 0.26330106836224454, 0.4403670192129544, 0.2982273364002539, 0.8576161052887912, 0.955929118674202, 0.9545888004588137, 0.9493003621533038, 0.9596759716049778, 0.9880472681572102, 0.995385616557235, 0.9794908202363651, 0.9622490773484971, 0.9586335792726373, 0.9537887575002922, 0.9780328174629769, 0.9534157666181131, 0.956964782476673, 0.9620784513103187, 0.9761877027327216, 0.9627125445822017, 0.9373332380246868, 0.9533045814042711, 0.9522789117225333, 0.9942902263383109, 0.9524603412109334, 0.9799079181248316, 0.9490726440332545, 0.06316431392833721, 0.9631217133515251, 0.830919057268477, 0.901074101601734, 0.8204121333186274, 0.9425569104759239, 0.9363200731251324, 0.8919356398711925, 0.9387525250249256, 0.9874567510272536, 0.95382312250663, 0.9537949296224542, 0.9872849995608446, 0.9284659400494722, 0.9661617697804096, 0.9109748109989501, 0.9543869456961191, 0.9822971406727009, 0.9405017247203165, 0.7662004153903733, 0.9653453309942439, 0.9407909714160945, 0.9406839884496392, 0.9814901201755275, 0.9663801996610443, 0.9795231019906693, 0.9826516103274062, 0.974389272565349, 0.9913825669623115, 0.8716570139478981, 0.8545236425868015, 0.9578069882864391, 0.9263139114964465, 0.8162977006752625, 0.683366432781327, 0.9422653708131429, 0.895265412800505, 0.9812521842395023, 0.9449846366923389], [0.9625856735380599, 0.9825103818897007, 0.492169049382874, 0.7094418646033969, 0.4801571553648789, 0.9739754322745298, 0.6761091892723361, 1.0, 0.5381505989483213, 0.5365508266953309, 0.859110418231528, 0.9561731393926787, 0.47211025047798527, 0.9122550908480507, 0.0849342202192842, 0.4777570357908958, 0.1824212359243741, 0.45805009787927875, 0.7692000662686997, 0.8753217847910121, 0.45676630034771126, 0.990130864663663, 0.8687876665925325, 0.9931087301434407, 0.9647277381905073, 0.8665294096487611, 0.869044198510542, 0.8665294096487611, 0.937745745575521, 0.8827531963917609, 0.9479974665754903, 0.4678256099176836, 0.4572164803786589, 0.4723472580575814, 0.5014743253034604, 0.77243202732363, 0.6686805998710833, 0.6249709101056763, 0.6402075073333261, 0.4612416403636477, 0.4583451357008155, 0.5437520901375223, 0.4619151291658665, 0.46283102550255717, 0.5012235680346444, 0.6139079450124968, 0.4623719444945733, 0.7744683959548113, 0.4625437826129838, 0.4988258162662169, 0.6124373478969442, 0.4658683258449595, 0.6667322590690007, 0.48775598283655863, 0.21226882851428186, 0.4677827823153524, 0.6910125452283951, 0.49907536479431114, 0.5502464147708662, 0.8649404929492008, 0.5102833508811723, 0.5048343288606398, 0.8755921736989932, 0.5818356789723754, 0.45715310142927357, 0.4582069628004499, 0.5902889648798355, 0.48640711972910733, 0.4818477887055903, 0.9047839218880951, 0.4586209105760324, 0.6663724871384056, 0.48076987767906, 0.9742513319109483, 0.500082130132604, 0.4805790673153958, 0.8836949886141318, 0.5748151909330041, 0.489134752825523, 0.7768746656539443, 0.5711749563075204, 0.5094241672774465, 0.577509548429589, 0.889991522804278, 0.8745870216900069, 0.4591548684633435, 0.4870885359831789, 0.9640907352085112, 0.6409005123282676, 0.4872076846079352, 0.8940565083141524, 0.52679879218055, 0.4900367472824513], [0.6805275842392506, 0.5589047905988884, 0.9952320886645412, 0.9687261573887386, 0.9918512545239171, 0.64440352010667, 0.9802983630601108, 0.5381505989483213, 1.0, 0.9971197137656574, 0.8917884649878505, 0.5905666369671552, 0.9913748878105701, 0.8263793620495337, 0.08442432193452543, 0.9906924343699832, 0.03714355436152683, 0.9926064530442679, 0.9450295480138645, 0.08835220155738721, 0.9923677266462344, 0.6244163326769199, 0.08448556926190975, 0.4684914291803246, 0.6453334961573371, 0.08184855127778712, 0.08486343825120013, 0.08184855127778712, 0.2637222285167997, 0.11831627233550435, 0.7603924291365773, 0.9948039905588337, 0.9928074184352247, 0.991273679233854, 0.9944377457566378, 0.9386759966011496, 0.9827479625838905, 0.988381847895551, 0.973268051854693, 0.9951592486640802, 0.9926547645490483, 0.9993216103932474, 0.9930299721257434, 0.9947925661036248, 0.9948803759037047, 0.9561673793064028, 0.9959517967602477, 0.8649892613631758, 0.9930531381516368, 0.9905991395653269, 0.994674554890274, 0.9929340267269288, 0.9797047312398224, 0.9871038258114078, 0.10277869666782247, 0.996484057768131, 0.7535864928770535, 0.9401545121063595, 0.8554523982830198, 0.8623482848790126, 0.9743438901923425, 0.9386341832741939, 0.8624088460966229, 0.9963942639337561, 0.992444452270325, 0.992632450289632, 0.9954257476180867, 0.9744916515666503, 0.9970951836018777, 0.8234252681968155, 0.9925407284122744, 0.981016407924683, 0.984692392678199, 0.641134262814796, 0.9955221659603574, 0.9849262722233271, 0.8630248990654699, 0.9939620357667691, 0.9981161726322342, 0.9232333600740485, 0.9866426373724796, 0.998823549480291, 0.9967826235955677, 0.7616082553648618, 0.7420880276242204, 0.9944890452600483, 0.9726012458858834, 0.6949216860087665, 0.6895420852335554, 0.9845811380018611, 0.7917313048012101, 0.9985363153088701, 0.9835863083038157], [0.6768809971051536, 0.5648267249646469, 0.9976760888984797, 0.9633123460034607, 0.992283201552824, 0.6506856002583125, 0.975956572655414, 0.5365508266953309, 0.9971197137656574, 1.0, 0.890234231830916, 0.5787129169984296, 0.9918261469146857, 0.830982565499521, 0.015325508228769658, 0.9887945788687423, 0.007382435386095176, 0.9957058823881609, 0.9443323913534869, 0.09229175979591309, 0.9956785632825579, 0.6240843817890157, 0.0917354991373438, 0.4717048264014636, 0.6434687070894326, 0.09129527405556936, 0.09179204392536033, 0.09129527405556936, 0.26700726011749687, 0.12787844723499853, 0.7667267473350151, 0.9947379580606209, 0.9957465859432116, 0.9916733370367417, 0.9956661178892783, 0.9324091521442922, 0.9849804373959166, 0.9895288509027518, 0.9716292745200457, 0.9955599618822345, 0.9957050420325184, 0.9982322775698924, 0.995467387684811, 0.995654010444479, 0.9885158060326541, 0.9370198735150302, 0.9933176847751347, 0.8429529443943857, 0.9953789195592677, 0.9902695997781655, 0.9936174912442767, 0.9946485373164633, 0.981069653871724, 0.9780953448531895, 0.07330215666106177, 0.9920745228973471, 0.7134639341931659, 0.9215087641903171, 0.8384790490253756, 0.850826131554267, 0.9644652786384782, 0.931001249987814, 0.8663490694020336, 0.998037453351021, 0.9956920083341, 0.9957057736270545, 0.9977364107909974, 0.9708974709002867, 0.9971359099899862, 0.8288198076561661, 0.9958717874486147, 0.9829623582769516, 0.9829999929410884, 0.6502142371926161, 0.9989407613839362, 0.9832886041275576, 0.8621539671569562, 0.9985766163323422, 0.9956817266492748, 0.9121149240559104, 0.9725359193767775, 0.9933032800257476, 0.992383353558987, 0.7445097831715812, 0.7208293050134734, 0.9956805131730777, 0.9687202948658196, 0.6979762359598795, 0.671255746498604, 0.980107033484068, 0.7787844002274891, 0.994020152905136, 0.9737487291536866], [0.9336210079516224, 0.870735305531709, 0.8632832568816552, 0.9685738980652616, 0.8518270895973893, 0.9173407061065589, 0.9572450674445083, 0.859110418231528, 0.8917884649878505, 0.890234231830916, 1.0, 0.8768350603735892, 0.8473238686137536, 0.9864587389828231, 0.10269864317029598, 0.8486402277121147, 0.07306730664195782, 0.844702580680903, 0.977523184082308, 0.5286155001986222, 0.8442050364530864, 0.9022967863310359, 0.5239870902416343, 0.8112771943430765, 0.8951171655687378, 0.5209913759538763, 0.5243803183318408, 0.5209913759538763, 0.6694549784536793, 0.5517085876883479, 0.9681946214677775, 0.8492731015581705, 0.844745152363398, 0.8473089056425522, 0.8658527682828568, 0.9849771350073915, 0.9541179915486595, 0.9276823767249762, 0.9219006023052322, 0.8481214834633308, 0.8448121074072807, 0.8934318734157816, 0.84598345804063, 0.8480037746545631, 0.864655519658395, 0.910065613028767, 0.8499052276944382, 0.9431891023181275, 0.8461581794264674, 0.8597563018090758, 0.9304320354156685, 0.8469045176353875, 0.9443742043274591, 0.8500898857228658, 0.12881194834957133, 0.8519207176303376, 0.8294914368002613, 0.819526619814654, 0.7866328428072561, 0.9872059336482282, 0.8507260398985093, 0.8204225773702319, 0.9946505781208562, 0.9149812538828949, 0.844358471971493, 0.844761042302459, 0.918538528466825, 0.8384967468911221, 0.8609932664738511, 0.9870672644555138, 0.8453187946348862, 0.9458646224335087, 0.8445827522182823, 0.9143689748455625, 0.8691254064452695, 0.8447068485439102, 0.9976525703179037, 0.9094465513909197, 0.863548851572844, 0.978538225097938, 0.9014674815452263, 0.8754905010955601, 0.913354844440546, 0.9437770073275703, 0.9240085118644911, 0.846956051476462, 0.8372777622471629, 0.9425220638921845, 0.7277807390194486, 0.8473344982117654, 0.9637214201808741, 0.8867549723910774, 0.8481113279036494], [0.9869479906893149, 0.9667827223824168, 0.5285740333326017, 0.7708775229201541, 0.5069714339388154, 0.9638279925319999, 0.7363362208498019, 0.9561731393926787, 0.5905666369671552, 0.5787129169984296, 0.8768350603735892, 1.0, 0.500067553684428, 0.8887697390123103, 0.30616893101668274, 0.5046299952367925, 0.0, 0.502354613731236, 0.7635643190639878, 0.8268330110398169, 0.5023672784409737, 0.9327790804599421, 0.8179389101175436, 0.9191222506807158, 0.8829064600114566, 0.8086332315901387, 0.8192285893857213, 0.8086332315901387, 0.9100811493451895, 0.8265745446443735, 0.9231690403924175, 0.5094610986960613, 0.5040066243160204, 0.4999840644588762, 0.5299716183023186, 0.8318361293649184, 0.7086153404697866, 0.6382603986770757, 0.632632136083468, 0.513727183836588, 0.5023480434880163, 0.5856858964924133, 0.5021515940767309, 0.5099100453019566, 0.5433614030123001, 0.7215572097187647, 0.5267994214600542, 0.8781079183607532, 0.5020930342811796, 0.5188938515464424, 0.6635663677519786, 0.5016483840312976, 0.6724446034467632, 0.5234592974467406, 0.033267816663432814, 0.5301928580830163, 0.8316615087023895, 0.5114733793445168, 0.4966505406193653, 0.9163044082968005, 0.5252693663974016, 0.4798634955495742, 0.8929928035617557, 0.628074370518354, 0.5023661430866564, 0.5023512942639012, 0.6317948101337593, 0.4890108472776492, 0.5371429948496507, 0.91352985774641, 0.5040978004541248, 0.6753988335210198, 0.49534993738926625, 0.9500721188496243, 0.5407303096098955, 0.4955022798346629, 0.9044040092225791, 0.6117625546654322, 0.5401512311495713, 0.8502771129267158, 0.65010448727648, 0.5704741748638178, 0.6430358161816679, 0.9657618358241224, 0.9626498806777996, 0.5115150582922156, 0.48787740203137053, 0.9682992733035642, 0.5283011302547702, 0.5054049640417639, 0.9588001365571374, 0.5948244953110925, 0.5217297712979592], [0.6032800607346273, 0.48423545269725976, 0.9978717445138875, 0.9323465893521203, 0.9999557476994927, 0.5754342655084659, 0.9494588799095408, 0.47211025047798527, 0.9913748878105701, 0.9918261469146857, 0.8473238686137536, 0.500067553684428, 1.0, 0.7857542936871175, 0.0, 0.9993195547826391, 0.09557507789988628, 0.9960757764717783, 0.9257935590321102, 0.002855981350448844, 0.9954222242267, 0.5719784465821827, 0.0, 0.409301751352388, 0.6080498170067965, 0.0, 0.0, 0.0, 0.17607065536581834, 0.036635591348587626, 0.7101432568205976, 0.9987451577643494, 0.9954078282754901, 0.9999985149581972, 0.9992258540945503, 0.8927568804520858, 0.9603992515477359, 0.983111401254144, 0.9737404119906271, 0.9954745340509774, 0.9962204653687594, 0.9939481126173335, 0.9977951996427056, 0.997016099565407, 0.9952556411861175, 0.9140823908914251, 0.9917464666287882, 0.7970301249593877, 0.9980364289098448, 0.9990787323014898, 0.9763849395196098, 0.9991089995978576, 0.9714536156170046, 0.9915753063801256, 0.16128423285166638, 0.9927082009514748, 0.6747373551770645, 0.9502638858851592, 0.8788484221913277, 0.8024441830161767, 0.9834824753718323, 0.9615618215415995, 0.8127980105586966, 0.9837657819455875, 0.9956231702339615, 0.9961529658367969, 0.983474570447861, 0.9908490877924818, 0.9938379178804253, 0.7702438220960146, 0.9954199417471139, 0.9714815537080423, 0.997436532413056, 0.577191979482155, 0.99530187748135, 0.9975658520285066, 0.8117669162376491, 0.9854010620468096, 0.9961116459205479, 0.8704733895906289, 0.963496227673662, 0.9906286822968348, 0.9777303373968551, 0.6811612031385899, 0.6576037109025166, 0.994954582204368, 0.9895001552885722, 0.6259175351655111, 0.7121608243218247, 0.9954151004973227, 0.7171160539177502, 0.9851053629554308, 0.9892367397243501], [0.9473939289054325, 0.915372139465956, 0.8016184677314542, 0.9181931926820329, 0.7913022343312268, 0.951260701533582, 0.9035239301188426, 0.9122550908480507, 0.8263793620495337, 0.830982565499521, 0.9864587389828231, 0.8887697390123103, 0.7857542936871175, 1.0, 0.0, 0.7868206111621757, 0.1274078869122104, 0.7780199134330493, 0.9579458505752576, 0.6184709823045634, 0.7771348239400435, 0.9508294158680267, 0.6159922482072524, 0.8822606925088473, 0.9459508067219331, 0.6163024385577612, 0.6158950941908353, 0.6163024385577612, 0.7412205219576553, 0.6444866201681099, 0.9928269191371705, 0.7825196298758604, 0.7771235848952074, 0.7858436909438798, 0.8069473071825879, 0.9436206850146772, 0.9089682962225941, 0.8855151487368643, 0.8876332745515233, 0.7776298716333767, 0.7782199842528866, 0.8327186766722819, 0.780534218050597, 0.7795827188223508, 0.7977047010354439, 0.8309726911073733, 0.7742651278812493, 0.8878143633366725, 0.7809198848491739, 0.8027814682730802, 0.8737868967927109, 0.7828363511911096, 0.9093861603025265, 0.7832917497141666, 0.17859171562838683, 0.7764622744406487, 0.7568726553129739, 0.7607042678707109, 0.7619458662577169, 0.9618070521975716, 0.7931912786301558, 0.7792436077838585, 0.9883816316930297, 0.8581602343409241, 0.7774039408479378, 0.7781264450270262, 0.864385074558167, 0.7856568184953892, 0.7911945459492243, 0.9907277828215395, 0.7784528428866493, 0.909990388073509, 0.7875003378597139, 0.9543331109010471, 0.8073594545383059, 0.7875059943616605, 0.98865759761196, 0.8565417358593214, 0.7944010315613089, 0.9323966559607162, 0.8267125387890109, 0.8035498009920394, 0.8471605063213165, 0.9203387960556209, 0.8952012356629421, 0.7767697317290733, 0.7850991305382695, 0.9645490903004611, 0.7452500773212116, 0.7883635671499207, 0.9431611457697612, 0.8148310243818336, 0.782684207316857], [0.187493017389749, 0.05680009453506385, 0.0, 0.16544157612772525, 0.0, 0.0481448905248304, 0.14453333920781875, 0.0849342202192842, 0.08442432193452543, 0.015325508228769658, 0.10269864317029598, 0.30616893101668274, 0.0, 0.0, 1.0, 0.02079078733863793, 0.0, 0.0, 0.02786237741606845, 0.066466018597368, 0.0, 0.03579006815807595, 0.03172324049384079, 0.0, 0.0, 0.0, 0.036351901989018165, 0.0, 0.09486518096322605, 0.0, 0.0, 0.02601991798436265, 0.005378113263766693, 0.0, 0.0, 0.18837785549894903, 0.04923002446042968, 0.003951251798144151, 0.0, 0.03837263052345263, 0.0, 0.05210766490603347, 0.0, 0.025600330933806648, 0.0912598828103881, 0.3471319358775098, 0.08585853364730378, 0.41618516624545077, 0.0, 0.0, 0.08324538927636349, 0.0, 0.0, 0.10256757318260168, 0.0, 0.0996729230397927, 0.6393611008034416, 0.16035747847722193, 0.05929635366502606, 0.2546215138055382, 0.08283009765595106, 0.0, 0.06058884094282713, 0.043565574904399496, 0.0, 0.0, 0.03167698494294935, 0.0, 0.05064208587130459, 0.04538370813861137, 0.0, 0.0, 0.0, 0.0, 0.0, 0.0, 0.11131634196381301, 0.0, 0.06735599675783921, 0.2588869339468237, 0.23952271122137714, 0.11642609120741276, 0.12932689287562793, 0.36642858485836705, 0.424005453136155, 0.030649054637455597, 0.0, 0.09148869061578802, 0.01788267610488936, 0.0326356329943982, 0.30691352653117243, 0.12292473825614203, 0.10440883707279525], [0.6050029919357836, 0.4836704042783837, 0.9954836049490947, 0.9324245661806173, 0.9993792388022723, 0.5743604406832629, 0.9490404576816562, 0.4777570357908958, 0.9906924343699832, 0.9887945788687423, 0.8486402277121147, 0.5046299952367925, 0.9993195547826391, 0.7868206111621757, 0.02079078733863793, 1.0, 0.1258364705263295, 0.9927016327393747, 0.928440796542468, 0.0051421353188623176, 0.9918331139094498, 0.5780827609801337, 0.0006595511467999415, 0.4145373850043379, 0.6168663286349316, 0.0, 0.0007557846636087051, 0.0, 0.17740813399361932, 0.036503497473558855, 0.7103053173904486, 0.9973028735499153, 0.9919305850736623, 0.9993705754388118, 0.9981066950008174, 0.8934544658759236, 0.9579599515910394, 0.9832738457184075, 0.9769977584676225, 0.9929463606219197, 0.9928963026333301, 0.9930967929645917, 0.9950942878739292, 0.9946512488703919, 0.9972170111570402, 0.918003707037503, 0.989955676196283, 0.8028091576581857, 0.9954490537725006, 0.9994417709573732, 0.9748545433420488, 0.9971433675629929, 0.9720929121469534, 0.9954431942157622, 0.19124152049466536, 0.992039656471535, 0.6872963271039276, 0.9610853510670843, 0.8937188269199371, 0.8065658653759149, 0.9894023850079698, 0.9692605167343592, 0.8111270627388253, 0.9811244628864725, 0.9920984047159301, 0.9928053684143885, 0.9808367711426339, 0.9942869844094759, 0.9913074088012515, 0.7684101816571479, 0.9918308396596086, 0.9715539679963643, 0.9989378707379405, 0.5756664903745458, 0.9920665095702328, 0.9990114711837083, 0.8124613838732875, 0.9818480841924433, 0.995257865896818, 0.872717259981527, 0.9668873257712955, 0.9906986965378013, 0.9768938251571074, 0.6863235361756821, 0.6640480516349688, 0.9920043760017823, 0.9932301450416982, 0.6255628387846854, 0.732081263852703, 0.9981544755083674, 0.7209113826477882, 0.9841091533701863, 0.9938575923322742], [0.0, 0.0, 0.03952828842544509, 0.0, 0.09896581058286869, 0.0, 0.0, 0.1824212359243741, 0.03714355436152683, 0.007382435386095176, 0.07306730664195782, 0.0, 0.09557507789988628, 0.1274078869122104, 0.0, 0.1258364705263295, 1.0, 0.007100668029693891, 0.17663245421652696, 0.029882071908332364, 0.0, 0.24251929145824103, 0.0, 0.2192844108383062, 0.3596976380947704, 0.0, 0.0, 0.0, 0.0, 0.0, 0.08895525396188275, 0.05285998699236483, 0.0, 0.09729043907321777, 0.08114963340604642, 0.0, 0.0, 0.11844138683948902, 0.221142278647533, 0.008603812959395052, 0.008750759192954649, 0.05388212189478203, 0.029299960682777293, 0.022797997001711146, 0.1193398313536077, 0.0, 0.0, 0.0, 0.03303799939477148, 0.12956064109941068, 0.008473365304871083, 0.05347877530530243, 0.1353324607686146, 0.17351718949493644, 0.9978049074524213, 0.02739664034939615, 0.05551183045190888, 0.35659000717899914, 0.5491203354397421, 0.056237542774089766, 0.25301793584593335, 0.36482121232212905, 0.0, 0.0, 0.0021260319573894737, 0.007977117925320631, 0.008156665538734398, 0.22905698354972226, 0.0, 0.0, 0.0, 0.11681382017769903, 0.16655922109740384, 0.01815472606026669, 0.011543765468348122, 0.1647539249651856, 0.04270512494125178, 0.0, 0.043698356328162546, 0.0, 0.061596739187110505, 0.03990233278829214, 0.0, 0.0, 0.0, 0.0, 0.23844172532238006, 0.0, 0.7226172429604852, 0.18460233943302828, 0.0, 0.0, 0.1965927786212942], [0.6060391634074089, 0.4864501045956926, 0.9989209927990285, 0.9366106785108235, 0.9957298465773746, 0.5780660153760833, 0.9538012321664092, 0.45805009787927875, 0.9926064530442679, 0.9957058823881609, 0.844702580680903, 0.502354613731236, 0.9960757764717783, 0.7780199134330493, 0.0, 0.9927016327393747, 0.007100668029693891, 1.0, 0.9143230174302085, 0.00021218267266054358, 0.9999747899389925, 0.5530316317673853, 0.0, 0.3916767829329679, 0.5788494694566578, 0.0, 0.0, 0.0, 0.17687591489192744, 0.036803144305477486, 0.7054819514719397, 0.9986130589871689, 0.9999603281478683, 0.9959217692642369, 0.9965806782438752, 0.8968399059908382, 0.9647916396181391, 0.9770768593364579, 0.9585317191600939, 0.9992623608911426, 0.9999986385140521, 0.9937031949731407, 0.999753514043959, 0.9995489502421648, 0.9891967589064227, 0.9182629486986565, 0.9962822212556942, 0.800675343973232, 0.9996634918598923, 0.9921285871796457, 0.980097058357171, 0.9989235474409652, 0.9638639456882646, 0.9806826006731107, 0.07330551296574361, 0.994812477062147, 0.6728876265685456, 0.9229049593216863, 0.8340447121979081, 0.8011139976755463, 0.9654842246709215, 0.9335227171285686, 0.8165153440316996, 0.9882650368936989, 0.9999876262346216, 0.9999996158959598, 0.9872472719863714, 0.9750149330634681, 0.9983832377641896, 0.7737665338953252, 0.999972497020481, 0.9655385320874448, 0.9871892766011833, 0.5782176039202919, 0.998827519022089, 0.987479699288212, 0.8116825563130222, 0.9899077959520285, 0.9967820773039539, 0.8744545015353536, 0.9624261198968135, 0.9916115475672808, 0.9822019892261671, 0.6842764953859191, 0.6606112629077542, 0.9995050091548521, 0.9728254195326833, 0.6287801703769469, 0.6511688940052666, 0.9835543585367491, 0.7203957857534912, 0.9896107444802108, 0.9762816528112758], [0.841879360520017, 0.7652608526244735, 0.9310353680684774, 0.972996263770722, 0.9292675256575156, 0.827679548997559, 0.9714446391101175, 0.7692000662686997, 0.9450295480138645, 0.9443323913534869, 0.977523184082308, 0.7635643190639878, 0.9257935590321102, 0.9579458505752576, 0.02786237741606845, 0.928440796542468, 0.17663245421652696, 0.9143230174302085, 1.0, 0.3726089340794059, 0.9130918281102389, 0.839475529350988, 0.3671526863227059, 0.7226638513530524, 0.8586670378986336, 0.3664532405102635, 0.36722388408792017, 0.3664532405102635, 0.5231470747757944, 0.39981046618300264, 0.9172089419380036, 0.9215674477262784, 0.9132284698555793, 0.9259447992873288, 0.9372136589533155, 0.9708171252960839, 0.976983363955087, 0.9788859762782172, 0.9817022376070829, 0.914974379120696, 0.9146025351510227, 0.9500280450790898, 0.9178751288693648, 0.9172953238519818, 0.9346605969161832, 0.917922129669691, 0.9121123116879017, 0.9006099054360468, 0.9184289508115491, 0.9374571337928194, 0.9647429202750991, 0.9212312686131405, 0.9886601108108223, 0.9278573492989662, 0.23671158891676236, 0.9158166717024422, 0.7767575402627569, 0.9078594984712738, 0.8845093416712718, 0.9457951314995212, 0.9341040101881076, 0.9200078233283662, 0.9576435553718262, 0.9572020307780065, 0.9134652907573264, 0.9144717935347121, 0.9609097309400199, 0.9292743667743484, 0.9221449230213267, 0.9393343963324983, 0.9138744876207446, 0.987965879471101, 0.9297570257860553, 0.8300065715587975, 0.9316734599361451, 0.9297150462116952, 0.9612125013422987, 0.9557667472522688, 0.9280631932533593, 0.956011627306445, 0.9383255803191692, 0.9321674808485225, 0.950316559962064, 0.8660644859379575, 0.8420484575251471, 0.9135168198287877, 0.928871891342771, 0.8596615332607025, 0.8078936684284462, 0.9313025202073688, 0.8942669058287157, 0.9342565706021849, 0.9278163626077779], [0.7834165309032229, 0.8733103956111335, 0.034330585582397766, 0.31895556199866104, 0.01170158084186157, 0.8155922978122616, 0.27220754073633513, 0.8753217847910121, 0.08835220155738721, 0.09229175979591309, 0.5286155001986222, 0.8268330110398169, 0.002855981350448844, 0.6184709823045634, 0.066466018597368, 0.0051421353188623176, 0.029882071908332364, 0.00021218267266054358, 0.3726089340794059, 1.0, 0.0, 0.8049676056242487, 0.9989476773523036, 0.8984418284093418, 0.7426124252417442, 0.9973411302810485, 0.9990981050357144, 0.9973411302810485, 0.9833504515374201, 0.9966654322979178, 0.7045255727966885, 0.0033090062850299473, 0.0003574617762083232, 0.002907239896379088, 0.038931276149618554, 0.4116458940984944, 0.26086153791210986, 0.18462494359582093, 0.19392435762974847, 0.002807575731540224, 0.00026149081545634445, 0.0922821339944917, 0.0008755435320341176, 0.0023828034577162427, 0.03293449050300301, 0.21296072863548843, 0.005706674894144448, 0.45741850818369745, 0.0009872438736220346, 0.0296865436374274, 0.1855226394983054, 0.0015980566092426152, 0.23678206096827847, 0.012002311360461149, 0.029816477994980217, 0.007443530733384218, 0.4117740063634985, 0.021313971383009722, 0.09613714127443651, 0.55645583516417, 0.0325187774191118, 0.025926247511174783, 0.5766069472205989, 0.14874295880104826, 6.353023983007855e-05, 0.00023837281146565914, 0.157941039662564, 0.006844697253538534, 0.028119947916323773, 0.6331557337941124, 0.002135788595594823, 0.23875325256364688, 0.004977134621828472, 0.8141351155204563, 0.04842228827375228, 0.0049231886329896835, 0.5793556507903679, 0.14116216441718243, 0.029119797044942608, 0.42632172324746476, 0.13306353639490665, 0.054324439950508285, 0.14426783468112636, 0.6531326865534305, 0.6460427378577662, 0.0020371206355248583, 0.007125132782030197, 0.7761970616624757, 0.2673209249974229, 0.010094822339287712, 0.6406844343535202, 0.08220705092599512, 0.012814239254030357], [0.6060544420768675, 0.48646236834167644, 0.9986654919631159, 0.9366342911184443, 0.995052208537019, 0.5780805888229947, 0.9538252781598622, 0.45676630034771126, 0.9923677266462344, 0.9956785632825579, 0.8442050364530864, 0.5023672784409737, 0.9954222242267, 0.7771348239400435, 0.0, 0.9918331139094498, 0.0, 0.9999747899389925, 0.9130918281102389, 0.0, 1.0, 0.5513234816865521, 0.0, 0.3901295523173328, 0.5763099047453398, 0.0, 0.0, 0.0, 0.17688037405694845, 0.03680407213838144, 0.704868079511346, 0.9982628840356903, 0.999985537844284, 0.9952560326192152, 0.9960295716025929, 0.8968625159495807, 0.9648159626874194, 0.9762604579532383, 0.9569855869171172, 0.9992264586315108, 0.999961711373764, 0.9933456382169714, 0.999570663987288, 0.9994122644778728, 0.9883742833572428, 0.9182860987472283, 0.9963073382244731, 0.8006955295563806, 0.9994540962925667, 0.9912336091372436, 0.9800615992157541, 0.9985689863959549, 0.9629272702659343, 0.9794752053427438, 0.0662221010227314, 0.994643017625052, 0.6725104095172381, 0.920396135300724, 0.8301665195362002, 0.8007348601281764, 0.9637119235393073, 0.9309557122599801, 0.8165359289522833, 0.9882899517436755, 0.9999977399915042, 0.9999681822886194, 0.9872142419434184, 0.9734130152648988, 0.9984084077010582, 0.7737860410886278, 0.9999977070236824, 0.9647333969168749, 0.986031452777966, 0.578103267256004, 0.9987707296467125, 0.9863347019184543, 0.8113997768355233, 0.9899327522171052, 0.9964969115301577, 0.8744765471424567, 0.9620129943064106, 0.9913532064233547, 0.9822267512224886, 0.6842937464730147, 0.6606279173778545, 0.9995302073723588, 0.971156806919092, 0.628796022363032, 0.6460541159141479, 0.982268321651245, 0.7204139474330566, 0.989635693256413, 0.9749102903011462], [0.957288610126621, 0.9655009852194572, 0.5866799748000076, 0.7685502666235359, 0.5795885869180102, 0.9700117686534537, 0.7410117677655282, 0.990130864663663, 0.6244163326769199, 0.6240843817890157, 0.9022967863310359, 0.9327790804599421, 0.5719784465821827, 0.9508294158680267, 0.03579006815807595, 0.5780827609801337, 0.24251929145824103, 0.5530316317673853, 0.839475529350988, 0.8049676056242487, 0.5513234816865521, 1.0, 0.7981961586860146, 0.9814122850381384, 0.990156514552744, 0.7974621513481696, 0.7982361067334708, 0.7974621513481696, 0.8821472534683965, 0.8172128204380539, 0.9713885506534338, 0.5641165900950237, 0.5515079914007821, 0.5723028294228684, 0.598004893382085, 0.8203391767435824, 0.7396530853529109, 0.7116850163675732, 0.731015683182355, 0.5543569598506388, 0.5534246001870237, 0.6323181584099352, 0.5581925843657517, 0.5574446409606943, 0.595754913125045, 0.6705289604519139, 0.5523605133109672, 0.799965618083015, 0.5590348643583221, 0.5985526901738983, 0.6890804203255754, 0.5635041649791255, 0.7497997323841313, 0.5857598467223631, 0.27849673846936773, 0.5585815660272428, 0.7010603731475739, 0.599655162811339, 0.6535832546907951, 0.894275358338239, 0.6111973792104074, 0.6137474456848757, 0.9101719727491391, 0.663044467877884, 0.5518378394547232, 0.553240544822262, 0.6717956698725857, 0.5922161900488895, 0.5720514643886088, 0.9320825862374592, 0.5530299687712362, 0.7483229786412747, 0.5840161178843761, 0.9736637926998853, 0.5918874106613192, 0.5837454871174708, 0.9179941757140617, 0.6586447657768946, 0.5810605972903934, 0.8185081742450695, 0.6460860197241273, 0.5966965467250942, 0.6546350071834326, 0.8931448639967926, 0.8734290297119671, 0.5521614057338654, 0.5932482703334926, 0.9657201661641345, 0.7276039630431965, 0.5894117479374583, 0.9041382100023723, 0.6092077752825233, 0.5889052763530591], [0.7785687727539293, 0.873216335480477, 0.033221044475356565, 0.3138732568781839, 0.008763176447585397, 0.8156754402952152, 0.2677536125351254, 0.8687876665925325, 0.08448556926190975, 0.0917354991373438, 0.5239870902416343, 0.8179389101175436, 0.0, 0.6159922482072524, 0.03172324049384079, 0.0006595511467999415, 0.0, 0.0, 0.3671526863227059, 0.9989476773523036, 0.0, 0.7981961586860146, 1.0, 0.8938168027773609, 0.7334456976695766, 0.9994966913464846, 0.9999892753211712, 0.9994966913464846, 0.9821662667922214, 0.9988195329720994, 0.7033843569297911, 0.0008254361158479551, 0.0001706111804695709, 0.0, 0.03658525843929783, 0.405963756364663, 0.25970788008084567, 0.18133920633384737, 0.18772101603399716, 0.0012173041864768086, 