"[[1.0, 0.9894024994259641, 0.8982065269260041, 0.9420731693568457, 0.7803255237813759, 0.9934433322515299, 0.9387731404561102, 0.9633278857925345, 0.8891628599507467, 0.8951809037844976, 0.987571760354768, 0.9379903289221031, 0.8042414679718511, 0.8325249558181046, 0.39073796945525774, 0.7999888150020658, 0.17430112914479956, 0.8069875323458131, 0.8914765602115735, 0.7206132627568935, 0.7859575732939884, 0.753474913299464, 0.7580171684186766, 0.7454100830961036, 0.5600801314131353, 0.8615307672093858, 0.6603367257419235, 0.7463373190938043, 0.9311938486345228, 0.8857672566217563, 0.8660599802760433, 0.7676954011142292, 0.882926687923189, 0.7995778705367723, 0.8740922088117158, 0.955243002186113, 0.9490079679628836, 0.8968467209387095, 0.8764540435059652, 0.7466377975926707, 0.8795107785464418, 0.8861707184099578, 0.8798191701165318, 0.795547564183731, 0.8667520610197781, 0.9422745678540635, 0.8594288200741784, 0.9906777772560786, 0.8110378476788714, 0.887838757294084, 0.8371745920063041, 0.7935676077236099, 0.871126927567688, 0.7283846136240059, 0.4731392314084042, 0.704889337744086, 0.8865162182009176, 0.5532327291522987, 0.649122439561695, 0.9135424900554733, 0.6355242078397694, 0.6472577930916663, 0.9911156447229477, 0.9113544295143166, 0.8111856758835341, 0.8196114270237326, 0.9006347617074965, 0.767973074842368, 0.8887752199910814, 0.9797771796371391, 0.8931393700112539, 0.8941352154133297, 0.8028857042852091, 0.9714318588125005, 0.8800065650380682, 0.7599259069103005, 0.9774064363247709, 0.932964431204102, 0.8824210660776107, 0.9635199441664704, 0.8877327882968046, 0.8794049342253739, 0.9074234108444368, 0.956140395790225, 0.9321043665415863, 0.8737204085065369, 0.6604040711267624, 0.9895117435799813, 0.6098827674385827, 0.7383828321601135, 0.9706256241360609, 0.8929584950761092, 0.6799520308106036], [0.9894024994259641, 1.0, 0.8452977619634532, 0.893129211117906, 0.7019473328307636, 0.9936744712835345, 0.8979249109883213, 0.9241780385899552, 0.8331732857581704, 0.8341809300633524, 0.980408679727531, 0.944251632834682, 0.7307763690066779, 0.7459596959502849, 0.4211581838440388, 0.7280876741869048, 0.06258571889039644, 0.7380884090149944, 0.817446963953819, 0.6900388881504704, 0.7166399964361444, 0.6625112711817766, 0.7721839572181628, 0.6565488600315909, 0.45358024209526226, 0.8429883907725446, 0.6278510594819041, 0.7102154787219321, 0.9123472107772859, 0.8641482912466582, 0.7869723910572939, 0.7021732547459985, 0.826116991721381, 0.7288233689008393, 0.8084231316283931, 0.9409633854952444, 0.9286767193467543, 0.8373646003695684, 0.8017743266351254, 0.6780691172902535, 0.8216781672475191, 0.8186878187127182, 0.8194332294744229, 0.7324699531818876, 0.8152204803997887, 0.9085650625727397, 0.8163499167254447, 0.9824974722876062, 0.7446713979648871, 0.8258649452872524, 0.764728202520841, 0.7229674991553702, 0.7953733709992363, 0.6541057061489777, 0.3730464839831624, 0.6300408992826907, 0.8690595669181936, 0.4625289092567175, 0.5472331871398611, 0.8720695303615159, 0.5376592555332879, 0.5455696968683353, 0.9774430875899055, 0.8531093206390319, 0.7400607003629361, 0.745335769126111, 0.8374504984295221, 0.6866525214837702, 0.8292838844179503, 0.9408414464847824, 0.8379362452226704, 0.8237253558110683, 0.722308355436553, 0.9482865183274873, 0.8127035767347626, 0.6730384628636906, 0.940354787625651, 0.8899574066464457, 0.8209163121089008, 0.9503415109923873, 0.8140644011626972, 0.8161737021424582, 0.8642959648685831, 0.9382085073226712, 0.9022894576717133, 0.8121459591366355, 0.5556421792280287, 0.9643369179949781, 0.49355087224356287, 0.6489675196178419, 0.9587078033615961, 0.8406332542835827, 0.5917522494516175], [0.8982065269260041, 0.8452977619634532, 1.0, 0.9846288583257077, 0.9641363071495945, 0.8761353240710946, 0.9857224360954658, 0.8746406538935422, 0.9928782991390694, 0.9969618268827238, 0.9301579495041288, 0.8343471385286402, 0.9804175554593424, 0.8833775409759326, 0.291918662749308, 0.9754148215741586, 0.3266283250839195, 0.9830971422795963, 0.9518079431080084, 0.5084848388360866, 0.9748156574282807, 0.7454816126052959, 0.520681877748401, 0.7241962924805521, 0.5895228547107881, 0.6423889423579294, 0.45914839558534326, 0.525335048656461, 0.7659060740809384, 0.6773785923748102, 0.8787836151656271, 0.9639585433382203, 0.9992853551440947, 0.9783254918940626, 0.9941359579745812, 0.947994633502658, 0.9694382945237641, 0.9881226209060531, 0.9742957456645923, 0.9544799085726924, 0.9989725422582657, 0.9906381215837406, 0.9984315836043679, 0.9760132300341952, 0.9775352539041122, 0.9759847729887399, 0.9865336639935842, 0.928543878115724, 0.9851352952887518, 0.9971491769256154, 0.9532981026669797, 0.9731850312193119, 0.9690709293546066, 0.9300134785920297, 0.6438100943245801, 0.917446319879612, 0.8724712386803094, 0.784468546724193, 0.8409122424190402, 0.9244905639174177, 0.848490579744688, 0.8667953711674362, 0.9389294447116716, 0.9958194833279054, 0.9843319014308425, 0.9840263194504404, 0.9927314544266286, 0.9585353305211329, 0.998485985875872, 0.9497727649807292, 0.999771039257327, 0.9784262812402268, 0.97503232786462, 0.8728004195989787, 0.9908686864046826, 0.9600318346652096, 0.9632180566764466, 0.9903476114862824, 0.9951117614600722, 0.9459339266768718, 0.9704132034845666, 0.9924680941970766, 0.987777236886958, 0.9112241885176575, 0.8992568645111315, 0.9977436728285616, 0.8852876668837583, 0.9263092922231229, 0.763421644878985, 0.9410963405906044, 0.9183658182979216, 0.9897754747643426, 0.9096024389277235], [0.9420731693568457, 0.893129211117906, 0.9846288583257077, 1.0, 0.9444420498083794, 0.9118280641517841, 0.9960197924399031, 0.9407974428149862, 0.9891137812202732, 0.9882971639606158, 0.9509533038567983, 0.8960426474302887, 0.9531926133129706, 0.9249373983060766, 0.38962379438157657, 0.95275577238361, 0.3894067745180958, 0.9518589484867386, 0.975142713209538, 0.6480059674074917, 0.9414823685637278, 0.7994205573491115, 0.6553731827385018, 0.7790467819941458, 0.6230253884211597, 0.7609427045564253, 0.604105742733829, 0.6332917866992914, 0.8643042182218508, 0.7857090093747603, 0.9225905771399774, 0.929222457570836, 0.9816151638362774, 0.9507980550849775, 0.9837070668469754, 0.9666334648036156, 0.9735833127720798, 0.9931565547707898, 0.9803794040321211, 0.9185476327894672, 0.9781637042834085, 0.9826721531255181, 0.9809946380034125, 0.9436297068881511, 0.9759263476312553, 0.9901391095819813, 0.9599461293886327, 0.9524597028093519, 0.9512541395967397, 0.985808436106142, 0.9672957195261688, 0.9486702903786789, 0.9791132345134557, 0.9110756224715547, 0.6861792672413282, 0.8958284446197652, 0.920689383456374, 0.7837104150066884, 0.8518007190772658, 0.9693967439471937, 0.8488059751299702, 0.8600276053407587, 0.962354745424323, 0.9923106125415708, 0.9541034418427291, 0.9601877616725568, 0.9908458953509809, 0.9380583937016816, 0.9859996753595701, 0.9806519148825155, 0.9827606653521402, 0.9810532909094017, 0.9525062991959661, 0.9061114674078962, 0.976942405173531, 0.9261935310210174, 0.9911065938788823, 0.9787746808289759, 0.987398247261971, 0.9667586456939581, 0.9785642382635967, 0.9873809205647465, 0.9873901575304317, 0.9589970146164392, 0.9558204171843373, 0.9797777218342545, 0.8693638876394361, 0.9723277480921018, 0.7923454060486935, 0.9213694676410937, 0.9592851857366571, 0.9888112502998543, 0.8857322086284554], [0.7803255237813759, 0.7019473328307636, 0.9641363071495945, 0.9444420498083794, 1.0, 0.7336937184649758, 0.9427793745008864, 0.8037340308230325, 0.9783885848440665, 0.9710550612626098, 0.8146168271037322, 0.7539488433189927, 0.9955559627461097, 0.8980104633543452, 0.3349675333973283, 0.9982316349982921, 0.5266349989766981, 0.9920669956012039, 0.94083162820576, 0.47747648538187726, 0.993496695113701, 0.736182360978706, 0.46418667974256855, 0.7060159396282182, 0.5953443045005443, 0.5584521785872663, 0.45246344033806896, 0.4302646457297392, 0.6885966658341429, 0.5828247609244772, 0.8617670150713278, 0.9893338016000942, 0.973157697427972, 0.9961914612328556, 0.9825373412344152, 0.8747650004154197, 0.8957993813856715, 0.9759719995015553, 0.968831327980644, 0.9895477449298227, 0.9704795332064426, 0.9679328585528377, 0.9743075915062013, 0.9891320940503826, 0.9759193736737691, 0.9288532233672729, 0.9598874131203163, 0.8135655161704914, 0.9880024444714948, 0.9739342772387167, 0.9814201946906786, 0.9974694675013227, 0.9706303249151322, 0.988728763515369, 0.7982442762667206, 0.9835167794810624, 0.8488858898401904, 0.9138766609133293, 0.9434645182709452, 0.9100956906253382, 0.9541004489042265, 0.9644639206952932, 0.830784966146371, 0.9622241726783524, 0.9915480051503485, 0.992807595479385, 0.9686813482209174, 0.9996962866436979, 0.9740850690704558, 0.8699058608279508, 0.9654917495581947, 0.9543429460099907, 0.9932706425847485, 0.7405697181832442, 0.9644795021073101, 0.9870297795641951, 0.8928326669516473, 0.9202443197712472, 0.9815439703639941, 0.8666608799078467, 0.9541581177520914, 0.983584921531035, 0.9590209390349869, 0.852769463077438, 0.8662207273504362, 0.9778701210713265, 0.9704813703427847, 0.844187335400119, 0.863691065811112, 0.9955999729525016, 0.8417191335946442, 0.9742152341908973, 0.986889570564646], [0.9934433322515299, 0.9936744712835345, 0.8761353240710946, 0.9118280641517841, 0.7336937184649758, 1.0, 0.9114940349601555, 0.9317386226803513, 0.8553685523507651, 0.8669869944268181, 0.9868881910127244, 0.9144328464042482, 0.7673989838745839, 0.775749266025651, 0.33092632791987464, 0.7589777864976817, 0.062347122340415284, 0.7738448746463208, 0.8481607926000216, 0.6636862494217827, 0.7502331437554612, 0.7066021553634068, 0.7131216946062997, 0.7024205343077989, 0.5201722840525498, 0.8265798194881026, 0.5943817320835062, 0.7231620195211707, 0.8958398472660926, 0.8567927395134505, 0.8206851870461043, 0.7305047445420736, 0.8579308933880451, 0.7619912581030145, 0.8411510314143952, 0.9386615915144524, 0.9365058463577572, 0.8592546966470155, 0.8360869468953798, 0.7065302690619202, 0.8564463583168832, 0.8565941386988573, 0.8539216130040711, 0.7617119714364843, 0.8281757941355607, 0.9158352163832297, 0.8385958339348593, 0.9887504710192638, 0.781064298988943, 0.8595215514091891, 0.7825154053485522, 0.7527727129998263, 0.8269686582845073, 0.6744636263816914, 0.37307711470761484, 0.6496240780325379, 0.8442346364143819, 0.4720064772722803, 0.5713450216338263, 0.8662036380570314, 0.56005242986975, 0.5763232374036982, 0.9862416467755428, 0.8843853967566097, 0.7782322691173283, 0.783807685928813, 0.8695323578934446, 0.7197679037777983, 0.8613149084607419, 0.9606447253414031, 0.8709772849413312, 0.8618370807411323, 0.7632755506212291, 0.9744131794876636, 0.8538313077892699, 0.7213154314636866, 0.9553075745216182, 0.9229989507683407, 0.8493750028251735, 0.948551349336663, 0.8508507744851542, 0.8437708835418323, 0.8783733970224603, 0.9254380531254787, 0.8890540705766785, 0.8464145406272607, 0.596414961661323, 0.9673874046406066, 0.5293658005405235, 0.6853936553738275, 0.9489308129309392, 0.8588400097939713, 0.6211807879215667], [0.9387731404561102, 0.8979249109883213, 0.9857224360954658, 0.9960197924399031, 0.9427793745008864, 0.9114940349601555, 1.0, 0.9190610748143557, 0.9911238189369724, 0.9832411998279911, 0.9584691251222508, 0.9129643768078666, 0.9522301195301841, 0.8909486219031154, 0.42852801353584336, 0.9544270674502164, 0.3524454277003558, 0.9542994533637911, 0.9529230715298425, 0.6096075172430686, 0.9465436071717438, 0.742889950378789, 0.6531464107442241, 0.7202535823498065, 0.5516298384960334, 0.729691114608129, 0.5674759245654701, 0.5771665891466419, 0.8464826496855036, 0.7524481240818536, 0.8849658479102548, 0.9396510432700615, 0.9825253294130637, 0.9532080096806136, 0.9789410088870149, 0.9822559365874043, 0.9876998859322226, 0.9904302975765668, 0.9642965317359461, 0.9288345272692274, 0.9780087383901813, 0.9719499356897701, 0.9790427571916284, 0.9527264251470932, 0.9848553169529548, 0.9981715531943474, 0.9748680867383813, 0.9584260423129822, 0.9548585793463734, 0.9812594122120368, 0.9609872431917041, 0.9523025890357055, 0.9630712591749336, 0.9183220343725182, 0.6690494453874654, 0.9046799697313178, 0.9381571573459724, 0.7851471797013841, 0.8350192135429603, 0.9707668630930132, 0.8395131014767244, 0.8472007408578919, 0.9659852120857304, 0.9862763362655126, 0.9537367069616001, 0.9559431179908785, 0.9826050091595913, 0.9351088095260934, 0.9837560245134703, 0.968279485362436, 0.982513022551904, 0.9641341017534378, 0.9444503395456493, 0.8871262481226442, 0.9665150535124606, 0.9164363858566876, 0.9849473294505257, 0.9770846469697829, 0.9854410762451425, 0.9809317388814123, 0.9593671210698147, 0.9845452865366652, 0.9960829373374704, 0.9674134925991328, 0.9583899985437583, 0.9781103663334151, 0.85273813559374, 0.9676786387705267, 0.7526938740421406, 0.9137513796689954, 0.9695585547161675, 0.9931790124239324, 0.8854670867994033], [0.9633278857925345, 0.9241780385899552, 0.8746406538935422, 0.9407974428149862, 0.8037340308230325, 0.9317386226803513, 0.9190610748143557, 1.0, 0.8833330364981098, 0.8921800635965248, 0.9214074844530563, 0.8977597980674507, 0.8096848698099637, 0.9312901734622893, 0.40275012172889735, 0.8079195072707496, 0.40007907095796524, 0.8004904109175381, 0.9445183099220815, 0.8469160239677568, 0.7797080180047136, 0.8824419622725845, 0.802110846633732, 0.8731322287132173, 0.7126168094318618, 0.9323873967414248, 0.8010940927004824, 0.8475980208073034, 0.9729490239577866, 0.948492788989537, 0.9526681637039339, 0.7553028490808883, 0.8645367338858714, 0.8005859810223193, 0.8785425159164219, 0.9001456286877343, 0.8888872723013219, 0.9054231270468819, 0.9132212122054701, 0.7398229376623833, 0.8598763451757914, 0.895485769685133, 0.8678485742152312, 0.7792132366014376, 0.8577194443099145, 0.9147357731618814, 0.811165381299373, 0.9292270418227161, 0.7973110455962376, 0.8842149594647838, 0.8815771374723375, 0.7979538104595594, 0.9142327934101397, 0.7503913398003363, 0.6275512754618252, 0.7271246530637322, 0.8739730136578691, 0.6378249056193059, 0.755780509793491, 0.9338790925724313, 0.7253688389470769, 0.7348355478928574, 0.9378828730771861, 0.9079906228595315, 0.8090963166518024, 0.8287030763913315, 0.9079424265962406, 0.7964950283096206, 0.8797496889022368, 0.9764456510835056, 0.8720665130882707, 0.918998201144652, 0.8252133700208165, 0.9477559178979046, 0.8833750041597671, 0.7846399330895626, 0.967553680499358, 0.8948926995382921, 0.8821180840188967, 0.9083479553186852, 0.9243300726426177, 0.8849296921232458, 0.8826292341552399, 0.9379662040637433, 0.9446114451666602, 0.8636115484529816, 0.7422703906952213, 0.9788817822610484, 0.7643154086903975, 0.7837063037077057, 0.9342970495310707, 0.8837410764403191, 0.7240283136164939], [0.8891628599507467, 0.8331732857581704, 0.9928782991390694, 0.9891137812202732, 0.9783885848440665, 0.8553685523507651, 0.9911238189369724, 0.8833330364981098, 1.0, 0.993385913413926, 0.9163793693830342, 0.8589665861860507, 0.9838681374488844, 0.9027933299262156, 0.38532790724441446, 0.9854847211941526, 0.4146722716748781, 0.9842026611167528, 0.9600631543221883, 0.5559000219519864, 0.9796915775076006, 0.7480815690294073, 0.5773586596904342, 0.7225110079831913, 0.5761111376336887, 0.6656041480590508, 0.5185281283437088, 0.5230939631244881, 0.7901840872841435, 0.6906814043468475, 0.885887611849264, 0.973434567969716, 0.994322945654428, 0.9845053913722323, 0.9948863491160329, 0.9531453873781868, 0.9661861459560213, 0.9979556919135254, 0.9792196500923327, 0.9665914649080652, 0.9908834068742607, 0.9852385986720865, 0.9926543420971584, 0.9817334634413025, 0.9941900352973159, 0.9841272031572359, 0.9845509279374645, 0.9157071058406345, 0.9833490436711169, 0.9934156088995508, 0.9797989950093041, 0.9838966375368184, 0.978564097969725, 0.9575316417282443, 0.7203092415441392, 0.9469395206306752, 0.911147934140388, 0.8416959600529472, 0.8849483869898441, 0.9561431385151723, 0.8924309651113624, 0.9023479357343738, 0.927078281309746, 0.9916386285944994, 0.9837454300194952, 0.9851508631673382, 0.991523611117658, 0.973458754187024, 0.9950637364865319, 0.9429518830587531, 0.9915753828577372, 0.974416632709801, 0.9779328010367582, 0.8436664110110168, 0.9811646617925986, 0.9589070186906765, 0.9619644447913072, 0.9712296079861054, 0.9982216892302687, 0.9492141515702408, 0.9707199780939383, 0.9981085488471614, 0.9953457332801675, 0.9324694611177358, 0.9307521116169474, 0.9933651029193641, 0.9095792009965485, 0.9308256562194923, 0.8020124726810406, 0.9582865944655864, 0.9306204584760459, 0.9993105049022214, 0.9365798732879921], [0.8951809037844976, 0.8341809300633524, 0.9969618268827238, 0.9882971639606158, 0.9710550612626098, 0.8669869944268181, 0.9832411998279911, 0.8921800635965248, 0.993385913413926, 1.0, 0.9175389729149412, 0.824958273419609, 0.9833966760405553, 0.916257166597817, 0.2860858245934066, 0.9782190680376488, 0.38488200462694533, 0.9825967310708317, 0.9717991891323031, 0.5498372638739858, 0.9735152634317064, 0.7910260176362205, 0.5349003409678459, 0.7701350184548731, 0.6432362882805814, 0.6703682650520114, 0.5028791013821406, 0.5661515750110305, 0.7838920219555262, 0.7041478999773098, 0.9103680812979191, 0.9597879560988181, 0.9972683615823538, 0.9794132628855903, 0.9985170516881946, 0.9351670943170586, 0.955725197483413, 0.993115352922233, 0.9888356893711977, 0.9514063431713815, 0.9969391734773062, 0.9978030011741079, 0.9985408983100716, 0.9715429340334474, 0.9753822384646958, 0.9708284617452204, 0.9741704821256767, 0.9173985647264323, 0.9827883380535065, 0.9998435303549045, 0.9666277334187935, 0.9746507642802753, 0.9849514179677448, 0.9339602585728114, 0.6822275747403225, 0.9208637705422109, 0.8681623514566063, 0.8027119690560058, 0.8693677367001298, 0.9315126489972867, 0.871128980349602, 0.889883632308504, 0.9301203055785686, 0.9992078181362968, 0.9855670061253612, 0.9887985640827465, 0.9989294578119503, 0.9668172438864623, 0.9993979460078993, 0.9558378906969642, 0.9975811066560837, 0.9907644904741237, 0.9835761054761075, 0.8766544160405539, 0.9966071150999678, 0.9692186509827321, 0.9661037610394435, 0.9853242515989872, 0.9977916782395722, 0.9335725193681937, 0.9858847320244591, 0.9966295324495517, 0.9826160286562642, 0.9085498722361286, 0.9046151009530315, 0.9981235859891274, 0.9081647702605229, 0.9289849027418133, 0.8084264573403034, 0.9540771970486357, 0.9113686384563654, 0.9889793459993521, 0.9199787647395357], [0.987571760354768, 0.980408679727531, 0.9301579495041288, 0.9509533038567983, 0.8146168271037322, 0.9868881910127244, 0.9584691251222508, 0.9214074844530563, 0.9163793693830342, 0.9175389729149412, 1.0, 0.9363072522784858, 0.8428561035096932, 0.7965201955934195, 0.3841187523867271, 0.8389543990968713, 0.119155113699286, 0.851072662494701, 0.878048722441409, 0.613619228401399, 0.8341618809959223, 0.6831662659496046, 0.6894152428249044, 0.6713461139203817, 0.48326396513080816, 0.7741952326954817, 0.5520885550639023, 0.6364360348403937, 0.8721215999259002, 0.8024787857139116, 0.8234278306416691, 0.8221990141019494, 0.916454684079496, 0.8418638582480645, 0.8983801558284416, 0.9796203834700405, 0.9805333586562484, 0.9143023968334041, 0.8797891855453445, 0.801925812461058, 0.9136068046017691, 0.9024025626621942, 0.9103954960657514, 0.8470564545628186, 0.9000295297593021, 0.9634574907194355, 0.9118501619123855, 0.9997647281465322, 0.8575402176515686, 0.9123583260921267, 0.8471027165588995, 0.8355859260262317, 0.8724918619072037, 0.7715864669623058, 0.45493659914461726, 0.7512926073180796, 0.8967174982699807, 0.5803043125092837, 0.6511910739716892, 0.911009251011485, 0.6514775987787004, 0.6636746728699093, 0.9987005272820361, 0.9294038854659027, 0.8518004346748455, 0.8527623375628024, 0.9159316548305714, 0.8015307814372241, 0.9162495801791017, 0.9686063409762882, 0.9247304595640566, 0.8977514932594944, 0.831688383720821, 0.9477559932565103, 0.8997241257612664, 0.7934644278002418, 0.9750075617578624, 0.9580270035586493, 0.9079473222002854, 0.9848472028709789, 0.8861198696781649, 0.902727775690915, 0.938673934720192, 0.9566275368842624, 0.922679885190355, 0.9050773855800013, 0.6779661163031956, 0.9769455380711948, 0.5766407711385161, 0.767031691620925, 0.9761319885985968, 0.9208552606293385, 0.7187602656852151], [0.9379903289221031, 0.944251632834682, 0.8343471385286402, 0.8960426474302887, 0.7539488433189927, 0.9144328464042482, 0.9129643768078666, 0.8977597980674507, 0.8589665861860507, 0.824958273419609, 0.9363072522784858, 1.0, 0.7554471737171204, 0.7536242824772451, 0.6792028018379556, 0.7721427984978425, 0.2585553638911642, 0.7608318288478518, 0.8117791176902747, 0.7250029577683362, 0.7538244424676017, 0.5947598994092177, 0.8677797971459901, 0.5737270836300459, 0.3364347302780295, 0.8237123938091119, 0.6967345841796455, 0.6000646056118167, 0.9182938614376079, 0.819288830856795, 0.7540318555803941, 0.7582188009780428, 0.8225828026859713, 0.7645726899250037, 0.81313298019512, 0.9607660931585656, 0.9299943059054547, 0.8625307557733398, 0.800529661097159, 0.7423863033112105, 0.8096496169890686, 0.7988924453321334, 0.8109374664455131, 0.775083445753336, 0.8738889315598622, 0.9331148272483651, 0.8381693412644674, 0.9382260541218191, 0.7612533241922756, 0.8180060957053124, 0.8313168256456164, 0.7715509517238552, 0.8055747156430444, 0.7524010522229774, 0.5628231458526106, 0.736915862646205, 0.9738390325908152, 0.6339034283335424, 0.6581634464497915, 0.944216509455756, 0.6602065661680411, 0.6440774685286975, 0.9343614652651451, 0.8385752042720953, 0.754897276147562, 0.7585859529213467, 0.8289622626115292, 0.7399427938894368, 0.8249042671486326, 0.8951137541161454, 0.823531452020221, 0.7972150717443416, 0.7368626519765217, 0.8297297070166816, 0.7835690487061253, 0.6801584756649783, 0.9179180564043402, 0.8392418650400362, 0.8335612562911312, 0.9622473471538083, 0.7954611554740427, 0.8341648497629979, 0.8953216476819157, 0.9841226764244729, 0.9688756121850665, 0.8082954205430585, 0.6224886857710358, 0.9507024541502002, 0.5594549574706074, 0.7045660316177343, 0.9832559130268295, 0.8740878258123747, 0.6846170075493445], [0.8042414679718511, 0.7307763690066779, 0.9804175554593424, 0.9531926133129706, 0.9955559627461097, 0.7673989838745839, 0.9522301195301841, 0.8096848698099637, 0.9838681374488844, 0.9833966760405553, 0.8428561035096932, 0.7554471737171204, 1.0, 0.8876902478773958, 0.2803376387815334, 0.9981331724822762, 0.45112951075471264, 0.9989993309878192, 0.9419049244038235, 0.4505269986534868, 0.9974262520727181, 0.7345929227760838, 0.43856377064397656, 0.707467585314187, 0.5990640711547703, 0.5535429702206192, 0.4155961823988843, 0.4380913125334518, 0.6851008152276179, 0.5851039371724099, 0.8615983018603625, 0.9903573690399207, 0.9871432225892313, 0.9990898904007008, 0.9908468231823213, 0.8884073144208354, 0.914670560978965, 0.9789187919226247, 0.972392851297641, 0.9879174350250796, 0.986490295768055, 0.9803362921745941, 0.9882410685192733, 0.9935851104420352, 0.9750062852850032, 0.9374336397452696, 0.9737236234263935, 0.8409611707671787, 0.9974699659787526, 0.9861810302616106, 0.9694661351752767, 0.9970601385204397, 0.9706546496695396, 0.9747210584588315, 0.7393528295441801, 0.967679965508629, 0.8366396950763415, 0.8727917515470592, 0.9113020866894268, 0.8997381985823897, 0.922703732844829, 0.9387272339104062, 0.8567118653632196, 0.9755433526097603, 0.9993544633902998, 0.9989185368094335, 0.978946977405154, 0.9941232129100087, 0.9865517367549999, 0.8881072841676132, 0.982116606763049, 0.9651422162639985, 0.9968276208080755, 0.7761182180582434, 0.9799374875478329, 0.9919030372163187, 0.9075708026177667, 0.9467939115504321, 0.9889407081805172, 0.881840150201202, 0.961186823394733, 0.9888362106668487, 0.9663804735088181, 0.853834092546846, 0.8576827621155981, 0.9905616248434505, 0.95258448890751, 0.8563589443560443, 0.8316147195772692, 0.986620442012226, 0.8503775775055396, 0.9785725840304692, 0.9703329044091553], [0.8325249558181046, 0.7459596959502849, 0.8833775409759326, 0.9249373983060766, 0.8980104633543452, 0.775749266025651, 0.8909486219031154, 0.9312901734622893, 0.9027933299262156, 0.916257166597817, 0.7965201955934195, 0.7536242824772451, 0.8876902478773958, 1.0, 0.3019799806736245, 0.8852862102286877, 0.6363325745011701, 0.8696035501261606, 0.9839193347067903, 0.770395513575704, 0.8564192509768075, 0.9483666656785585, 0.6393311112881865, 0.9317704140467626, 0.834278498956852, 0.8097950202105865, 0.7411795194547286, 0.7620770759009714, 0.8569279250810601, 0.8285114968992134, 0.9911023291412555, 0.8307884471432315, 0.8862708126359119, 0.8758493623834386, 0.9191933048698773, 0.8096799990400227, 0.8146941699208483, 0.927478053333293, 0.9645069787924547, 0.8268606596358111, 0.8837775040147848, 0.9321113708105766, 0.8965344958724303, 0.8419706907616991, 0.8765264533639491, 0.8710746674101438, 0.8155115157672851, 0.8047439305902473, 0.8602470359296571, 0.9127962545610172, 0.9442396812022532, 0.8751045858684905, 0.9692633960088819, 0.8519955329130955, 0.8094969379042236, 0.8359300533534578, 0.8044065702874478, 0.8046246721435159, 0.9166152856399891, 0.9074194524600471, 0.8863841300693341, 0.9005670396206276, 0.8257468886397847, 0.9206434027643059, 0.8803395146458841, 0.9025653250825331, 0.9332437220958885, 0.8993087713196709, 0.9040996181630075, 0.9166554100569537, 0.8863756619029741, 0.9548226514979038, 0.9145170013206103, 0.837637828126349, 0.9209610998081958, 0.8963124542966148, 0.9104089017596279, 0.8674379834863798, 0.9132431228758616, 0.8117689052891811, 0.9673020344074917, 0.9201828812391961, 0.8715739127018004, 0.8481295351887621, 0.8841683500266732, 0.8968830114637139, 0.910162833714214, 0.8883570843383473, 0.9434363579565498, 0.9079067564402092, 0.8279698259906065, 0.8952209356098703, 0.8628053288205613], [0.39073796945525774, 0.4211581838440388, 0.291918662749308, 0.38962379438157657, 0.3349675333973283, 0.33092632791987464, 0.42852801353584336, 0.40275012172889735, 0.38532790724441446, 0.2860858245934066, 0.3841187523867271, 0.6792028018379556, 0.2803376387815334, 0.3019799806736245, 1.0, 0.3344721579221377, 0.41955907020706285, 0.281524487712411, 0.3025759764238589, 0.5338265778728003, 0.3038823243977474, 0.0810470604616953, 0.785923713841983, 0.04487757296355155, -0.18974957031847683, 0.46915825426610525, 0.5905897483018355, 0.14066089268270643, 0.5430746721471843, 0.40021493052849677, 0.2350159890394592, 0.34767786309806503, 0.29254760483006725, 0.31056734586200063, 0.29909481664973536, 0.510285221754958, 0.43338413400360754, 0.3903318644266711, 0.28584868095090865, 0.3505023307960806, 0.2643093291188776, 0.24336024422874225, 0.2718849094975174, 0.3354709185510889, 0.46708960928541887, 0.472241044858729, 0.3612751729406226, 0.38664932259015394, 0.2703312108263891, 0.28098184754344, 0.44799185134254804, 0.34308356635627546, 0.31386673453013747, 0.4332649932670345, 0.551396756718614, 0.4389282159956621, 0.7136854224949597, 0.5160787041258855, 0.40389702744998757, 0.5947555496026538, 0.4223465727534994, 0.3530816062750355, 0.3783900680208727, 0.2919983415144358, 0.26067494112397616, 0.26168319959973485, 0.2937368557200015, 0.3254063120692816, 0.2937274691807221, 0.3244209251070467, 0.2745073253744874, 0.23650199428828733, 0.24566814019689798, 0.17364330786964954, 0.2109473294871118, 0.18115122150806462, 0.38146555480899313, 0.234154684243152, 0.3341157716925536, 0.4993537929104176, 0.2526114907894893, 0.34537364369461954, 0.4364871500162625, 0.6004089203011611, 0.6260403234534503, 0.2774749458993264, 0.26480147577230295, 0.4527857502240359, 0.2642259403893701, 0.3013932388024292, 0.5588747172531086, 0.41654728462283885, 0.3629896844401943], [0.7999888150020658, 0.7280876741869048, 0.9754148215741586, 0.95275577238361, 0.9982316349982921, 0.7589777864976817, 0.9544270674502164, 0.8079195072707496, 0.9854847211941526, 0.9782190680376488, 0.8389543990968713, 0.7721427984978425, 0.9981331724822762, 0.8852862102286877, 0.3344721579221377, 1.0, 0.47761240361751944, 0.9970581040623371, 0.9377012740366586, 0.4632810110234523, 0.9977562398883697, 0.7190992534406412, 0.46618327953770367, 0.6896030100022316, 0.5717342878118441, 0.5575112459535791, 0.43410058950366825, 0.4236337605976114, 0.6925692916987716, 0.5838839920692179, 0.8531653863137824, 0.994193639596454, 0.9828550663944733, 0.9993791920282816, 0.987440650527533, 0.8946055371712947, 0.9162782266388687, 0.9805644905531075, 0.9679270265262245, 0.9927409168701851, 0.9804540429659304, 0.9726836632006299, 0.9827363280440579, 0.9955657511218349, 0.9827911066506141, 0.9422098848893827, 0.97465259489787, 0.8371025002373581, 0.9945941496034075, 0.9809747269426086, 0.9772307774732325, 0.999721126235313, 0.968248863781863, 0.9856734858285106, 0.7658747668047118, 0.9798363878609588, 0.8585272789611138, 0.8950785218773348, 0.9229547128602609, 0.9134794060180343, 0.9361661911768516, 0.9473161477320328, 0.8524798582667584, 0.9700528693528641, 0.9958897948181021, 0.9952272285736901, 0.9740517670656819, 0.996641369936374, 0.9821399848047787, 0.881222131133487, 0.9761817698012621, 0.9566195344297279, 0.9927379758773265, 0.7583435585409792, 0.9703541000196887, 0.9851495914628976, 0.9047344389170734, 0.9362381763340796, 0.987497485658061, 0.8869284197161337, 0.9539710459393215, 0.9882707310415867, 0.9704397508868761, 0.8657149596424197, 0.8723179359906439, 0.9856909543837739, 0.9549540461049456, 0.8572398944629672, 0.8348476675210001, 0.9886594859812329, 0.8588614878035059, 0.982043449304317, 0.9785172918024774], [0.17430112914479956, 0.06258571889039644, 0.3266283250839195, 0.3894067745180958, 0.5266349989766981, 0.062347122340415284, 0.3524454277003558, 0.40007907095796524, 0.4146722716748781, 0.38488200462694533, 0.119155113699286, 0.2585553638911642, 0.45112951075471264, 0.6363325745011701, 0.41955907020706285, 0.47761240361751944, 1.0, 0.4166220944337271, 0.5216890047237448, 0.557797040954803, 0.4321144418387959, 0.5741756987394121, 0.39632053930837485, 0.5436129013175177, 0.5300763375259044, 0.3933780405722763, 0.6184595452226189, 0.33135706225472283, 0.39635582981411677, 0.3574019392746588, 0.5495195817929162, 0.43284115851411376, 0.35130226550533794, 0.4506406294792573, 0.4229170088130523, 0.2358540288700035, 0.21377856489532376, 0.4505187566539146, 0.495563198586531, 0.455725348424161, 0.3387123522496729, 0.4054983370479659, 0.36374021056764994, 0.4091455332515799, 0.4374316962822571, 0.33534265546509623, 0.292664310128558, 0.13080129636914495, 0.39002804361333254, 0.3858777179567915, 0.5870721100856905, 0.472512883662767, 0.5240197017066409, 0.5637022195154386, 0.919766178584114, 0.5706684601854821, 0.41907126007449347, 0.7679767151028188, 0.778336964852502, 0.4987350639943031, 0.750426295423102, 0.725439066637848, 0.1606660081436414, 0.3748711133992242, 0.42017291168389326, 0.44822778971446986, 0.4114087281330312, 0.5412185472603868, 0.37522688839548946, 0.30487381166567995, 0.33040095161040917, 0.4336780090720561, 0.48437316370812744, 0.1264611305914296, 0.37952979487293026, 0.4811847825243325, 0.32021590826574675, 0.23125708370611653, 0.4177213891041083, 0.22447497454827126, 0.4719369010284187, 0.4390014019365076, 0.3619207709180481, 0.3481501861651013, 0.4541569767653151, 0.3746761125778981, 0.6822167517245294, 0.30601822844001325, 0.8258170456848432, 0.5858394117742096, 0.275244980285021, 0.41147275245663195, 0.6156963572807405], [0.8069875323458131, 0.7380884090149944, 0.9830971422795963, 0.9518589484867386, 0.9920669956012039, 0.7738448746463208, 0.9542994533637911, 0.8004904109175381, 0.9842026611167528, 0.9825967310708317, 0.851072662494701, 0.7608318288478518, 0.9989993309878192, 0.8696035501261606, 0.281524487712411, 0.9970581040623371, 0.4166220944337271, 1.0, 0.9313391231892358, 0.42682923840403686, 0.9987629745440931, 0.7097873220757251, 0.4297798077114656, 0.6825398971452556, 0.5699563589518687, 0.5380327062503456, 0.3902206034406427, 0.4159717993340355, 0.6752105500491504, 0.5705438879672878, 0.8445630511413471, 0.9931637508176357, 0.9891901530061933, 0.9990709710211152, 0.9891760315956206, 0.8962474290203893, 0.9232207165276795, 0.9766872868115604, 0.964948795612864, 0.9900308983710056, 0.9886237174421978, 0.9772754772503838, 0.9891214980379276, 0.9966729676625833, 0.9765647957370702, 0.9409234140227601, 0.9814449583507687, 0.8483336288353956, 0.9995761461924789, 0.9855727345530756, 0.9621209631812198, 0.996710634253753, 0.9623428658391396, 0.972512777800914, 0.7164581849458291, 0.965699750020473, 0.8388194330273416, 0.8617188836670769, 0.8949421991901079, 0.8958113518080889, 0.9095835462229611, 0.9255812960562915, 0.8627605899553626, 0.9745721560724611, 0.9994333976468578, 0.9969870154108722, 0.9763273587737261, 0.9898488392913309, 0.9869299730181993, 0.8857345738503659, 0.9843477715795621, 0.9591631478697656, 0.9927367709367471, 0.7755157944873792, 0.9777776755820238, 0.9875275473475474, 0.9068318658524612, 0.9509006684287514, 0.9881631711375255, 0.8894718443599069, 0.9533456986553939, 0.9871661770191386, 0.9698719495546173, 0.8555955136463457, 0.8546897719782653, 0.9912521494267026, 0.9398550008420941, 0.8555859506008117, 0.8061228227728822, 0.9796476300999608, 0.8547869137117323, 0.9795737034008524, 0.9645214759912438], [0.8914765602115735, 0.817446963953819, 0.9518079431080084, 0.975142713209538, 0.94083162820576, 0.8481607926000216, 0.9529230715298425, 0.9445183099220815, 0.9600631543221883, 0.9717991891323031, 0.878048722441409, 0.8117791176902747, 0.9419049244038235, 0.9839193347067903, 0.3025759764238589, 0.9377012740366586, 0.5216890047237448, 0.9313391231892358, 1.0, 0.7030615699847333, 0.9184238714139054, 0.9032427902844505, 0.6220356905465555, 0.8855613607720321, 0.7694120122975731, 0.7826717131952813, 0.6632735787507702, 0.7103123975393453, 0.8571031880507971, 0.8087257974737966, 0.9799019744084194, 0.896572850401004, 0.9523789977641293, 0.9328892133971987, 0.9711424898936429, 0.8884159436197915, 0.899264978384142, 0.9748157941326964, 0.9940903976840231, 0.8894723782709993, 0.9508243708740869, 0.9798734488610947, 0.9587575859596307, 0.9097657577936931, 0.9355387648261958, 0.9366237337454497, 0.9002345329439422, 0.8829795009545393, 0.926426135883958, 0.9692053089949372, 0.9693276332487606, 0.9298784464697448, 0.9946920984481407, 0.8952407882262055, 0.7552819877039032, 0.8791309834758558, 0.8528734514119197, 0.8041182585103454, 0.9025677483637737, 0.9394947089989846, 0.8844551568191649, 0.901289880012328, 0.9000051287903716, 0.9752676114175233, 0.9392061063165146, 0.9539403082038956, 0.9815921777174452, 0.9391181570410562, 0.9639497308826545, 0.961882589790144, 0.9535475205991143, 0.9910995997137143, 0.957746167862564, 0.8874346246648948, 0.9728063249282645, 0.9390862054871889, 0.9613354887445414, 0.9415731398423112, 0.9677362161553764, 0.8897969695144401, 0.9958360401486911, 0.9709690821575555, 0.9389034021420443, 0.8999187088500112, 0.9171555396143176, 0.9582637794856245, 0.915594378599146, 0.9349640237150286, 0.8936500721845095, 0.937236871345529, 0.8908621235584313, 0.9540225959480668, 0.8931457261626662], [0.7206132627568935, 0.6900388881504704, 0.5084848388360866, 0.6480059674074917, 0.47747648538187726, 0.6636862494217827, 0.6096075172430686, 0.8469160239677568, 0.5559000219519864, 0.5498372638739858, 0.613619228401399, 0.7250029577683362, 0.4505269986534868, 0.770395513575704, 0.5338265778728003, 0.4632810110234523, 0.557797040954803, 0.42682923840403686, 0.7030615699847333, 1.0, 0.40780622333829397, 0.7900737169134674, 0.9111329459374703, 0.7858856545779908, 0.6380254627101019, 0.9662801191061031, 0.993499743688858, 0.8999655984001685, 0.920652697949163, 0.9440774816745137, 0.7835018546935171, 0.3847111262650107, 0.4985957887356066, 0.44129728693829173, 0.5404161640584088, 0.6001811717720895, 0.550385584823055, 0.6024278224631896, 0.6263699070511601, 0.37460430433205083, 0.4862976253499167, 0.5608882033643906, 0.5050206551741625, 0.40435871815338453, 0.5434227771434065, 0.6129311781107614, 0.4227572331433025, 0.6298865343038325, 0.4134443869418116, 0.5370130971517839, 0.6318784357787927, 0.4497521202847258, 0.6414483213957995, 0.44428694194869256, 0.6080587627947004, 0.4220576690572374, 0.688370721696034, 0.45691963075194186, 0.5775040930427333, 0.736630381336724, 0.5193649223892028, 0.5048113718971239, 0.6387849770462398, 0.5739614646208353, 0.437658442103364, 0.47415670254440045, 0.5844244552130682, 0.4735637975934466, 0.5279243893194027, 0.7123942369364891, 0.5037533915729133, 0.6139076227968512, 0.4830116621334658, 0.6891280664127151, 0.533387584352763, 0.4272191644600781, 0.6947295814953236, 0.5237812619606046, 0.5474525406834798, 0.6114294473822943, 0.6391281980870777, 0.5597604729361615, 0.5539315113283111, 0.7253088610593141, 0.7710588174359819, 0.5018883370101314, 0.48132512473098954, 0.7512570681062988, 0.6596051140244963, 0.4769032825478703, 0.6938955068236019, 0.5619020662817465, 0.4263046908813781], [0.7859575732939884, 0.7166399964361444, 0.9748156574282807, 0.9414823685637278, 0.993496695113701, 0.7502331437554612, 0.9465436071717438, 0.7797080180047136, 0.9796915775076006, 0.9735152634317064, 0.8341618809959223, 0.7538244424676017, 0.9974262520727181, 0.8564192509768075, 0.3038823243977474, 0.9977562398883697, 0.4321144418387959, 0.9987629745440931, 0.9184238714139054, 0.40780622333829397, 1.0, 0.6848099048022644, 0.4209925535430954, 0.6554254754114492, 0.5415755439388634, 0.5131275018006385, 0.3757752848275504, 0.379845218654413, 0.6558551368849739, 0.5429883654237336, 0.8252613671749923, 0.9975177483046318, 0.9822612574220008, 0.9992294530174718, 0.9823328829415754, 0.8887638809464332, 0.9147872176552545, 0.9708270659024895, 0.954917604275028, 0.9957920720368323, 0.9808736944767908, 0.9664847490725276, 0.9813780352712748, 0.9986688701816112, 0.9767755659376856, 0.9342192762306151, 0.979823940354435, 0.8309551936736574, 0.997831830154778, 0.9770497900198823, 0.9611442190433077, 0.998374081946032, 0.9534599516700791, 0.9809748842530305, 0.7315829273076603, 0.9758888007048917, 0.8402064292648911, 0.8792405809240764, 0.9013144138990506, 0.8920555395493517, 0.9191547499445072, 0.9324077683625801, 0.8454512859747771, 0.9640413842161426, 0.9968461673245668, 0.9932185715798585, 0.966398208019798, 0.9915730126104992, 0.9791099302499894, 0.8664799261829745, 0.9757527219279987, 0.9459457817271346, 0.9889413375820989, 0.7460997051967043, 0.9664540702074679, 0.9842433543587583, 0.8913427422572567, 0.9364880426373144, 0.9821658429346186, 0.8805562068900392, 0.940522467291975, 0.9815770552649894, 0.9659107145913974, 0.848084017569328, 0.8488750437799567, 0.9842507907810011, 0.9431197220629003, 0.8393342686781913, 0.8037219896670091, 0.9816083943693835, 0.8451445383324084, 0.9758803304766578, 0.9728081243729045], [0.753474913299464, 0.6625112711817766, 0.7454816126052959, 0.7994205573491115, 0.736182360978706, 0.7066021553634068, 0.742889950378789, 0.8824419622725845, 0.7480815690294073, 0.7910260176362205, 0.6831662659496046, 0.5947598994092177, 0.7345929227760838, 0.9483666656785585, 0.0810470604616953, 0.7190992534406412, 0.5741756987394121, 0.7097873220757251, 0.9032427902844505, 0.7900737169134674, 0.6848099048022644, 1.0, 0.557507050847988, 0.9986165714652101, 0.9552361702416985, 0.8205865269787775, 0.7481166644329783, 0.8795869861301637, 0.8074138741573071, 0.8488537606002073, 0.9685943880486286, 0.64053532487096, 0.7443392765537942, 0.7109425653627741, 0.7860843457152158, 0.6449813746600171, 0.6556505390027557, 0.7848316214779888, 0.8625269173961875, 0.6335448693843072, 0.7474617533502842, 0.8239325445258397, 0.7626652452322423, 0.6601484672609106, 0.6945474453096896, 0.7129144201535142, 0.6338335155405268, 0.6953906639616567, 0.7005126070358992, 0.7851845657694789, 0.7937758944723143, 0.7027449689014855, 0.8630016066375021, 0.6544343347980796, 0.66486801513641, 0.6319466693744915, 0.6101689119457399, 0.6045183490549584, 0.7770475386758894, 0.7519589050917957, 0.7230712643605167, 0.7519439158642611, 0.7185381385528382, 0.8015086139054162, 0.7299373916736036, 0.7618932278831241, 0.8158924618941823, 