"[[0.0006254205325987832, 0.0006524551158877279, 0.9338710343119752, 0.06485109003953837], [0.0006488096682022837, 0.0006589074094513724, 0.998050077447243, 0.0006422054751034215], [0.0008424431670758489, 0.0008369947906732279, 0.9974780458283662, 0.0008425162138848463], [0.04415895289810511, 0.0007894361508065351, 0.9542561883755565, 0.0007954225755319509], [0.0007898633531251765, 0.0007631820959234607, 0.9976970550305451, 0.000749899520406339], [0.000731336990509093, 0.000740702969784579, 0.9978048195114013, 0.0007231405283049638], [0.0008468575991049442, 0.000854717224676577, 0.9974632963352149, 0.000835128841003506], [0.0006619879233058352, 0.0006577085330997404, 0.9980286064837588, 0.0006516970598357059], [0.0008133076768007567, 0.0008200091897680536, 0.9975571193862727, 0.0008095637471585968], [0.000830798016036104, 0.0008297302159769765, 0.9975155536042735, 0.0008239181637135469], [0.0006427760914625999, 0.0006588273495176534, 0.9980583394264905, 0.0006400571325293571], [0.000708036256686389, 0.38767113325621116, 0.6109186315183887, 0.000702198968713826], [0.0007690368725666389, 0.0007595250329874684, 0.9977115431932276, 0.0007598949012183932], [0.0007413175182704368, 0.0007321714996425595, 0.9977970722286953, 0.0007294387533918129], [0.9980506882454278, 0.0006438034196930802, 0.0006668541153246363, 0.0006386542195546375], [0.0007613202176878092, 0.0007557525917655213, 0.9977289890994405, 0.0007539380911062831], [0.0006466790831835004, 0.0006421188477623088, 0.0006802759496833859, 0.9980309261193708], [0.0007408314356053066, 0.000741320750399513, 0.9977786243700867, 0.0007392234439084872], [0.0006980383216256632, 0.0006938509941566534, 0.9979187295983382, 0.0006893810858794777], [0.1793742515039738, 0.0006198237765432618, 0.8194039039950167, 0.0006020207244661763], [0.00076003374496449, 0.0007486484725965051, 0.9977519139042396, 0.0007394038781994288], [0.0006694952643959196, 0.0006673826748575518, 0.9979966333685354, 0.0006664886922111012], [0.0005663612511138755, 0.21111942599156075, 0.6183220163488083, 0.16999219640851707], [0.0006448429701454418, 0.0006641973944227726, 0.8923968322638317, 0.10629412737160016], [0.0006221735289447747, 0.0006235227526595707, 0.9981351650442074, 0.0006191386741882321], [0.0005964828127537047, 0.8900788969999683, 0.10873693985993342, 0.0005876803273445703], [0.000606573373694352, 0.9981610227607464, 0.0006308382303909016, 0.000601565635168394], [0.0005993925220121975, 0.3889755766953382, 0.6098319398150285, 0.0005930909676209772], [0.0006485794456830061, 0.0006615590239961051, 0.9980544301152118, 0.0006354314151089969], [0.0006271448589067274, 0.4342465993234732, 0.5645126851446636, 0.0006135706729565279], [0.0007234751734590948, 0.0007206013119316243, 0.9978436421918032, 0.000712281322805994], [0.44666166298883725, 0.0011789097732927396, 0.5510758927339946, 0.0010835345038753997], [0.0006434204279522539, 0.0006593705482321154, 0.8418523075337594, 0.15684490149005617], [0.0008353904459542413, 0.0008061826932949144, 0.9975615594736563, 0.0007968673870943573], [0.0011056387819594847, 0.001096962036183225, 0.9967130821441565, 0.0010843170377008342], [0.0006293436527554971, 0.0006568667551883857, 0.9980808141108385, 0.0006329754812176819], [0.0008797013154104824, 0.0008745261427379738, 0.9973852385824823, 0.0008605339593691533], [0.0007530753590934242, 0.2048543430532112, 0.7936371521675756, 0.0007554294201198174], [0.0006764628610653267, 0.0006611359299845442, 0.9980073555411755, 0.0006550456677745723], [0.0007969374003904823, 0.0007926886008004514, 0.9976092421816212, 0.00080113181718807], [0.0008017334992080522, 0.000788439697145594, 0.9976222585654991, 0.0007875682381471629], [0.1413985934954132, 0.11902896609792746, 0.7389556341973484, 0.0006168062093108402], [0.0008295698263092415, 0.0008193973784633898, 0.9975345829375679, 0.0008164498576593592], [0.0008810032234870018, 0.0008613097466630677, 0.9974042004178388, 0.0008534866120110813], [0.9979975306982118, 0.0006597307457711037, 0.0006815593900079843, 0.0006611791660090372], [0.9977626158337092, 0.0007393348584229161, 0.0007663882000590797, 0.0007316611078089316], [0.0007904212825573548, 0.0007639813930941247, 0.9976825008453708, 0.0007630964789777877], [0.9980758820475463, 0.0006379018562739752, 0.0006541851531482206, 0.0006320309430316002], [0.0006718844462711539, 0.0006917951009873405, 0.8422016029719521, 0.15643471748078938], [0.0006887808814581996, 0.000681824295484705, 0.0007239672320939377, 0.9979054275909631], [0.0005717744756121052, 0.2687466616848366, 0.7301160338465651, 0.000565529992986198], [0.0008191431449757526, 0.0008279083057633201, 0.9975347892407459, 0.0008181593085150756], [0.0006221834025594219, 0.9958600049994073, 0.002907339667597839, 0.0006104719304355598], [0.0006804547859112561, 0.0006558289122377663, 0.9980133338361001, 0.0006503824657508082], [0.0006332676218635494, 0.0006283325774359681, 0.7783959046243111, 0.22034249517638937], [0.000671418208782312, 0.3809299314496199, 0.6177411343523221, 0.000657515989275608], [0.9880971582722684, 0.0006430407290687733, 0.0106247992407368, 0.0006350017579260218], [0.0006778780188853426, 0.0607236812076568, 0.9379377719711128, 0.0006606688023449425], [0.0006570693452177416, 0.15442591630257835, 0.8442713142355692, 0.0006457001166347942], [0.24356630118937622, 0.0006503189847786182, 0.7551363417777285, 0.0006470380481166218]]"