"[[0.8586227639531256, 0.0006317353438908196, 0.0006353594814449184, 0.14011014122153873], [0.0006737735490471056, 0.39831903234614824, 0.0006635260760092356, 0.6003436680287955], [0.0008700439580533117, 0.35732389970093226, 0.15290831239814381, 0.48889774394287067], [0.0007957615045225972, 0.0007974211999352856, 0.0008081042379146476, 0.9975987130576274], [0.2951932764087998, 0.0007839819745493297, 0.29578542766127536, 0.40823731395537544], [0.0007362180301349793, 0.0007371046100736342, 0.0007371271572899938, 0.9977895502025015], [0.0008574590410227068, 0.00086498250609091, 0.0008695271636462628, 0.9974080312892402], [0.0006675127331587531, 0.0006707743119513885, 0.0006740413388454022, 0.9979876716160444], [0.20777427502050888, 0.06593152207444435, 0.19311039314134987, 0.5331838097636967], [0.023304903043858013, 0.2535234082398293, 0.16581689269003344, 0.5573547960262792], [0.031236548687437395, 0.282735866657001, 0.0006606410995919107, 0.6853669435559696], [0.0007122110219225412, 0.000714746588479361, 0.0006981213823557974, 0.9978749210072422], [0.0007837573738129303, 0.3094150676089049, 0.16502943640874165, 0.5247717386085405], [0.0007521229894811497, 0.0007534488347547592, 0.364511795190221, 0.633982632985543], [0.0006433908127928739, 0.9980482343624784, 0.000646440725459768, 0.0006619340992691334], [0.0007727226695734777, 0.0007866543766531236, 0.22286804625765358, 0.7755725766961199], [0.0006455069750609171, 0.9980404668630289, 0.0006517345474223068, 0.0006622916144878184], [0.5371441807259867, 0.0007574713535562709, 0.09447196232291102, 0.3676263855975461], [0.0007087601042002329, 0.0007075698869991415, 0.9978522051531511, 0.0007314648556495775], [0.0006100223308915608, 0.0006101331964128011, 0.0006010377218934442, 0.9981788067508023], [0.0007608235743033464, 0.0007604137281139192, 0.7109743969458684, 0.28750436575171434], [0.13145164219012542, 0.8671660619700892, 0.000686709167002714, 0.0006955866727827016], [0.9982656224682114, 0.0005734889485670159, 0.0005704258612675484, 0.0005904627219539024], [0.9980183364266582, 0.0006574227464291552, 0.0006596981641770252, 0.0006645426627356545], [0.9972708648069765, 0.0006405411512401766, 0.0006446155730369204, 0.0014439784687464727], [0.0006063759586234516, 0.0006039124043569033, 0.000599768198166419, 0.9981899434388533], [0.9981554554720841, 0.0006143191485964046, 0.0006099221590179833, 0.0006203032203015623], [0.0006103072524290224, 0.0006062638716157793, 0.0005963166788675671, 0.9981871121970877], [0.48959793754448505, 0.1700145671961866, 0.0006609352131264649, 0.3397265600462018], [0.3148257855915633, 0.0006379844762801996, 0.0006250145227888616, 0.6839112154093675], [0.0007455800071073242, 0.9977559517436281, 0.0007466169203656356, 0.0007518513288988447], [0.0010938034244837769, 0.0010907340211395561, 0.0010930804333778767, 0.9967223821209988], [0.0006615355551690461, 0.0006604047522942177, 0.6352190687778373, 0.36345899091469946], [0.0008360692901523579, 0.0008372492703759386, 0.8167350988710689, 0.18159158256840277], [0.12805396501929125, 0.0011436261695388732, 0.2953250508760208, 0.5754773579351491], [0.0006427447967766666, 0.0006442544503279783, 0.0006410254845193891, 0.998071975268376], [0.0008986551468687611, 0.0008966783536985111, 0.5646354641430621, 0.4335692023563707], [0.000767353709012104, 0.000769395704538638, 0.6187728445005118, 0.37969040608593735], [0.9979293154078553, 0.0006752418640828102, 0.000695216089875707, 0.0007002266381862871], [0.0008172435247131547, 0.0008261950762817027, 0.41590358365248836, 0.5824529777465168], [0.0008017990121172166, 0.0008171311865622066, 0.3064267354979891, 0.6919543343033315], [0.0006270550397954672, 0.0006243112494213559, 0.0006254906966156476, 0.9981231430141675], [0.0008463181416945849, 0.0008475566991222425, 0.4294897161990267, 0.5688164089601564], [0.0008848805795551, 0.10811701158630148, 0.17613709932497254, 0.714861008509171], [0.0006616310051519577, 0.0006760990430689881, 0.9979977378450059, 0.0006645321067730279], [0.0007436185801566636, 0.9977543446490501, 0.0007490498298690492, 0.0007529869409241496], [0.0007771472732980473, 0.08200176108544953, 0.6822153870816151, 0.2350057045596375], [0.000641115206633877, 0.9980717836072792, 0.0006422969834027381, 0.0006448042026842743], [0.0006760159054137334, 0.1664778312047638, 0.0006751405198075196, 0.8321710123700149], [0.0006883969473965975, 0.9979271419369465, 0.0006915650142312397, 0.0006928961014255761], [0.0005811158821131291, 0.0005765659676533693, 0.0005844280658247793, 0.9982578900844088], [0.0008477566929053058, 0.1813911353155903, 0.26108915913431185, 0.5566719488571925], [0.0006188901257737708, 0.0006283107873485317, 0.9981320104056545, 0.0006207886812232634], [0.556866613098027, 0.0006695275491202299, 0.44178741732796817, 0.0006764420248845623], [0.0006258333310175354, 0.0006360438666292874, 0.0006508218407508082, 0.9980873009616024], [0.0006758518122300382, 0.0006719739760460581, 0.0006746749683034618, 0.9979774992434204], [0.0006441420327759763, 0.0006456555617600327, 0.9980573162246987, 0.0006528861807652886], [0.0006749212238864946, 0.9979540348423916, 0.0006771909033618994, 0.0006938530303599285], [0.0006654054683278475, 0.2246479637449225, 0.0006684572813167568, 0.7740181735054329], [0.0006599027738125964, 0.6287048618543623, 0.3699584970493115, 0.0006767383225136224]]"