"[[1.0, 0.7678181155422013, -0.13351343289187279, 0.22026816101811963, -0.28047927216437585, -0.04973343832155375, -0.01864918299634355, 0.18368169860531047, -0.1460822987003778, 0.14694548029884946, 0.6507751086252755, 0.4515926056842461, -0.08480301245436239, -0.18159899830224657, -0.35280723105940615, 0.04511667727626678, -0.6853080260174544, -0.12186204506494103, 0.09914136943231833, 0.1470457342559296, -0.05383672075897561, 0.37017014785141045, 0.37797460936687366, 0.527015587950158, 0.8959584496143251, -0.016781000659897405, 0.3104476594534302, 0.4459379022415657, 0.5787266619643927, 0.19960293894214787, 0.6649472382039867, 0.013992630485403557, 0.8036485230338007, 0.07106578417712406, -0.1285134524302789, 0.17787184339803708, 0.029955118207531828, 0.18294047377768907, 0.35112293889389634, -0.009545415264733625, -0.08003494607770589, 0.029695414551353938, -0.24871134441550935, -0.2527281080348007, -0.8420575222067401, -0.7499985261398048, -0.29862261518500666, -0.08433693981301538, 0.4851863735487425, -0.8442151701989116, 0.23132771733527935, 0.2844383604121037, 0.12088229762841429, -0.5135895281743625, -0.4913658488602479, 0.3321462350433224, -0.6416236126550787, -0.4740117852355874, -0.19950688239268244, -0.4288088597046824], [0.7678181155422013, 1.0, -0.37723409431657506, 0.301829324610132, -0.24411548122740023, 0.5745146761310446, 0.3230359869491468, 0.5706721671588211, -0.13440195063072746, 0.18941242305913142, 0.984776759570849, 0.7633239469517347, -0.2868738211971871, 0.1757017810910646, 0.21712588735769, -0.050547222386151835, -0.22525393197673949, -0.15243819297468852, -0.008219859630888227, 0.7207269627707015, -0.17386706922542405, -0.15048874258780565, 0.5868381815898376, -0.06462645640022924, 0.41303802381030685, 0.12872324462535623, 0.41731715857794405, 0.5330314885671344, 0.4866196357340995, 0.4556915124486107, 0.25881783358982235, 0.3610552661707713, 0.5152746641653021, -0.21709392470585986, -0.31306461481301673, 0.10783997090989894, -0.39592638691631343, 0.03797295012516899, -0.31828528671506984, -0.17673138717536907, -0.1983966711444154, 0.14660007055052904, -0.4078757573341747, -0.4635788755596648, -0.8426752928426673, -0.7153810319021312, -0.4952390350147051, -0.049246366426254795, 0.9017380032861496, -0.5525957163635868, 0.3564043264708554, -0.06775362892554027, -0.42167392518395186, -0.9069854699637734, -0.9276132842965827, 0.31309124179046277, -0.7617857328239981, -0.6286801098871375, -0.03908592792605625, -0.861130383552517], [-0.13351343289187279, -0.37723409431657506, 1.0, 0.6286344626007037, 0.9015579845317951, -0.23088711194370704, 0.4547010442761752, 0.2936043800089867, 0.9098715629276597, 0.7673552997000437, -0.4120753642398447, -0.32249131515927787, 0.8983982613434395, 0.5101649472359507, -0.09146461837092468, 0.9250488480106767, 0.12233783767844808, 0.8994201813102418, 0.4200676735259251, -0.3059868036106699, 0.8766992187501403, -0.12041904135568493, -0.9629152795736746, 0.16768492260817003, 0.1077513162821534, -0.8055479474180629, -0.9074816957210845, -0.8004293304417505, -0.819311381703888, -0.9553421054418467, -0.010324924258449997, 0.4842796831775308, -0.25212569084592307, 0.9781368987888934, 0.968634758766746, -0.3591398453536785, 0.934886996814735, 0.7456287748885376, 0.3987997517121238, 0.9578554124714144, 0.9448360164359547, -0.4678437905954236, 0.9883278615162686, 0.8661468708103525, -0.11926380773637302, -0.02419355384301425, 0.9841504110787405, 0.0692916718066171, -0.24678856385519943, -0.2638412702487458, -0.7146250163134784, 0.818869924226431, 0.333563090255953, 0.19607318645851224, 0.32451260705576, -0.7015968191745261, 0.039440245036744814, -0.44556887469906936, -0.3055599700073899, 0.5202742317050032], [0.22026816101811963, 0.301829324610132, 0.6286344626007037, 1.0, 0.7920320077213924, 0.4464239230532201, 0.9146371476542422, 0.8553866762981568, 0.8400032563081798, 0.7086175453147503, 0.2739050847131529, -0.030028906150219692, 0.8001101375428846, 0.8703745630509615, 0.02651995458161971, 0.8700340911928078, -0.06177380607198035, 0.8769988591460256, 0.7555641834146395, 0.45391158721807423, 0.8757843892067398, -0.6213320509923181, -0.5188687042117284, -0.3003048575221301, 0.10147123693397209, -0.3682741560909897, -0.7358206345976956, -0.63900437605155, -0.5954277428278654, -0.410964603521744, -0.3064367536878134, 0.6877424475498982, 0.18383619633100934, 0.6623743416652043, 0.764472243613823, 0.11009270306679586, 0.564358288497484, 0.9243956278483471, 0.017144179784327473, 0.8228901147741632, 0.8373568681427492, 0.09464737252809607, 0.652068487901285, 0.6852527197309567, -0.6706578642259193, -0.6774192210689556, 0.5900880479206483, -0.4045262042333171, 0.3417256872826173, -0.6204807367735614, -0.10491301450480361, 0.7787256512919802, -0.4019920149047411, -0.3916174546867961, -0.3540246245956511, -0.19600695844449922, -0.17001623413453992, -0.7756959759695934, 0.175060135386639, -0.012608604018471414], [-0.28047927216437585, -0.24411548122740023, 0.9015579845317951, 0.7920320077213924, 1.0, 0.18753657171237625, 0.759886484785034, 0.5972750876349524, 0.989963874438875, 0.7945629672221158, -0.22599252275558057, -0.2351576229050416, 0.8901370638345681, 0.8205672285601433, 0.18429839471218012, 0.9425623150669263, 0.33885296619022, 0.9775049053235026, 0.5184130698833664, 0.08256318312273869, 0.9200113765405011, -0.5339163512175378, -0.8927838161333832, -0.26245147981792605, -0.20260836005217442, -0.670887256992341, -0.9461665111428315, -0.865470376651279, -0.9445003962988019, -0.8018944384407534, -0.36366696383810515, 0.6985707421858832, -0.36087282649663255, 0.8452048935707209, 0.9429533236949846, -0.28047414113861446, 0.7445726246416386, 0.7886398170184932, 0.02602574144968106, 0.9384097847700886, 0.9621423614002252, -0.2801093514521078, 0.9487974107529619, 0.8553418560371301, -0.16268048383216072, -0.10152414796693532, 0.9220026723589825, -0.06263017674238935, -0.02464818810179792, -0.16063992489473655, -0.5655950259606635, 0.7088748704479495, -0.08478144564168133, -0.017398941107106713, 0.07251798721061509, -0.6510195451820135, 0.05282027108681764, -0.5551069985104189, -0.07679368353630656, 0.32404278643807394], [-0.04973343832155375, 0.5745146761310446, -0.23088711194370704, 0.4464239230532201, 0.18753657171237625, 1.0, 0.732833890698798, 0.8141192359690715, 0.1914287546704807, 0.22630842874884183, 0.6796190377077118, 0.47253920574082464, -0.07415310357396598, 0.7030724339172908, 0.6796644517117051, 0.09212024818316611, 0.4283971295587897, 0.1628123508232624, 0.14107733000565004, 0.9784124403254965, 0.066879228901225, -0.8498667729934, 0.2556239280881951, -0.8333974476703596, -0.4677197107781512, 0.17779960972229436, 0.013957213980096084, 0.02486070816133079, -0.15205959049935625, 0.3436481881977559, -0.5622731615627319, 0.6300647401775736, -0.12650597651009554, -0.2438846885445387, -0.08947674098850467, 0.06371478518979912, -0.4485292009410973, 0.11122746499044511, -0.8459485477295279, -0.02775124815272423, 0.0334535790564886, 0.2896062875270895, -0.12738149391314124, -0.14714667294212114, -0.36767377841228965, -0.34086171813631383, -0.20487498845394136, -0.17002017952821014, 0.7576618234357814, 0.03646360667334558, 0.279895453850027, -0.21068444940141573, -0.8974883920618253, -0.744814655576798, -0.8046242823704697, 0.07199511842956197, -0.29281774858397536, -0.49370561525390655, 0.32147180448072143, -0.6778409389292361], [-0.01864918299634355, 0.3230359869491468, 0.4547010442761752, 0.9146371476542422, 0.759886484785034, 0.732833890698798, 1.0, 0.9555035455574811, 0.7783939179109365, 0.6612038098098264, 0.36457644151724355, 0.11431841969614809, 0.6133181711642904, 0.9850570463582897, 0.3756256078154959, 0.729901563054244, 0.2690118389401195, 0.7820473924531652, 0.5902052706860328, 0.6929929913264019, 0.7223550899028941, -0.8585397213016566, -0.3947518248450015, -0.621838866219993, -0.24557201410690288, -0.27434169578984635, -0.6294693547893575, -0.5606113910119661, -0.6397525723485376, -0.266046976740814, -0.5358484264416306, 0.8137958714879864, -0.07981490099235988, 0.44361858120099606, 0.6011428826651666, 0.01616033912697079, 0.27885199802130456, 0.7261964218476925, -0.3776801715823379, 0.6530408093292559, 0.6972802133322148, 0.11566634753638594, 0.530317716070016, 0.5191745519877736, -0.5224504866007904, -0.5057286636991747, 0.4586369453295551, -0.30778270647929507, 0.4908074936237079, -0.31572265965142043, -0.07399175709947481, 0.4801207008303655, -0.6439357060662898, -0.5205360268942267, -0.5072561283304102, -0.24082590144437965, -0.175770614604291, -0.7444873933555647, 0.2324256803344401, -0.20983801145887582], [0.18368169860531047, 0.5706721671588211, 0.2936043800089867, 0.8553866762981568, 0.5972750876349524, 0.8141192359690715, 0.9555035455574811, 1.0, 0.6455637806730189, 0.6739637626307348, 0.6134741742571312, 0.38582276705658347, 0.416665528849958, 0.9068047703498276, 0.46910319135234957, 0.6187120877079957, 0.24786556199547005, 0.6257361450221672, 0.428711836259106, 0.8131684919670391, 0.5480333798035651, -0.7782377835754173, -0.17744384841656236, -0.552962173599773, -0.11505858094911159, -0.26204313374165134, -0.407277608988839, -0.30117679865458835, -0.4268593367339, -0.13174066670000606, -0.3594014227781235, 0.8624320657000357, 0.004043602240786481, 0.3300021113266449, 0.4203529953059786, -0.051753778464625144, 0.10681295465591001, 0.5945440863263809, -0.46902453673667943, 0.5080511270357028, 0.5390492977359594, 0.056792339390135504, 0.3518083437619153, 0.2797933861701414, -0.6781886143637215, -0.5862725490831915, 0.26115992429460877, -0.18446799519332657, 0.7229703923800519, -0.38230934400023786, -0.034664135470005686, 0.3545248038321799, -0.6515723511521316, -0.748157984885776, -0.7313484532293826, -0.19594418938853808, -0.4305426561191039, -0.8554196624309964, 0.10833634467200581, -0.4742093473069433], [-0.1460822987003778, -0.13440195063072746, 0.9098715629276597, 0.8400032563081798, 0.989963874438875, 0.1914287546704807, 0.7783939179109365, 0.6455637806730189, 1.0, 0.8555189917050345, -0.1293194637556676, -0.1506928060350683, 0.8917756598452309, 0.8186548234280195, 0.1653990121965292, 0.9766729640807988, 0.27374854332081777, 0.9846752248742341, 0.5207391921534743, 0.10997268414668682, 0.928813254608592, -0.49174996765158685, -0.8628801303402727, -0.1905687348681835, -0.08208747116249304, -0.7133991495160878, -0.9205500277808447, -0.8127453270146194, -0.8893665924692722, -0.8056068110501096, -0.2647920623248443, 0.7397268894236327, -0.2767585720561363, 0.8824907446722402, 0.947000176499065, -0.29495161674350245, 0.7626477365269306, 0.8230965741805957, 0.06109410904564627, 0.9614131180577181, 0.9749703945890744, -0.3126520240759003, 0.9418583780428482, 0.8292290469313351, -0.2880361058651255, -0.197336113750473, 0.9055639923778552, -0.044232412303687685, 0.061318815195700926, -0.27435558536489446, -0.5718445705940045, 0.7570877788021668, -0.060722955515861265, -0.10809194070885386, -0.008499096711825693, -0.6463357403220962, -0.06231776617527496, -0.6526483839513637, -0.1364909302809365, 0.2529944196713956], [0.14694548029884946, 0.18941242305913142, 0.7673552997000437, 0.7086175453147503, 0.7945629672221158, 0.22630842874884183, 0.6612038098098264, 0.6739637626307348, 0.8555189917050345, 1.0, 0.2019275557239847, 0.338485153287732, 0.5956117897693852, 0.6647904204101182, 0.38184562649008136, 0.8642932784250795, 0.3419040371854505, 0.7726206671530698, 0.13619426743297436, 0.19047232810056403, 0.6607213075408029, -0.26527919304069947, -0.6196981999799251, 0.03244697079435532, 0.15602496156499868, -0.887090889168749, -0.600918370236601, -0.40050703850649527, -0.6130124654850859, -0.7570220607435822, 0.13791122677880252, 0.8890870470791505, -0.27564568349843377, 0.8180884459847771, 0.7223552131972816, -0.6121710064324772, 0.5688789226855308, 0.5792227574927161, -0.05453115374647277, 0.7948707177875025, 0.7770748992204808, -0.6285040940727213, 0.7612728979485784, 0.4592574318321967, -0.48945324179017335, -0.1982122697672848, 0.6953223165787795, 0.3501147774503983, 0.41240633559510886, -0.3249767637700052, -0.7235916190662888, 0.5692729192478834, 0.09645309236798472, -0.4537943885416882, -0.31162726360665083, -0.7734928678293724, -0.5530279418610635, -0.8749070293241545, -0.5432399130226766, -0.14707215258929351], [0.6507751086252755, 0.984776759570849, -0.4120753642398447, 0.2739050847131529, -0.22599252275558057, 0.6796190377077118, 0.36457644151724355, 0.6134741742571312, -0.1293194637556676, 0.2019275557239847, 1.0, 0.820611835472495, -0.3422686297049351, 0.23457456908862662, 0.3752671910148432, -0.08047152192870688, -0.06274767989447749, -0.1658321586565099, -0.0856200834855152, 0.8001682233432452, -0.2167551427215506, -0.24513543393209059, 0.6006983499661149, -0.1878083592157087, 0.2640048269853983, 0.12533034003636523, 0.434150370576164, 0.5435711688483764, 0.4354834641490267, 0.4722049971472291, 0.17058928643086446, 0.43530283044318563, 0.3734583227315573, -0.27295145017617717, -0.35058032978748743, 0.03136690000419362, -0.48552106122520566, -0.034613480942760955, -0.47628924417699414, -0.2181341262375187, -0.22812478312167683, 0.11613915526846608, -0.421092523013721, -0.5102426730687832, -0.769448055973645, -0.6204425913319809, -0.5122078708259779, 0.019342498676618414, 0.9530483075138263, -0.4149271298184445, 0.3235863939400875, -0.17639371339713383, -0.4965251820234302, -0.950903524420347, -0.9743591200072443, 0.24943758124247728, -0.7686988567471977, -0.6278079702357058, -0.04664350733855249, -0.9266315197937294], [0.4515926056842461, 0.7633239469517347, -0.32249131515927787, -0.030028906150219692, -0.2351576229050416, 0.47253920574082464, 0.11431841969614809, 0.38582276705658347, -0.1506928060350683, 0.338485153287732, 0.820611835472495, 1.0, -0.5138479617021163, 0.043648836216541476, 0.6458302107771825, -0.14107413416358905, 0.3012812589046736, -0.2751725353224943, -0.5774505475382541, 0.5360959337185267, -0.40917452416564837, 0.01663233366242045, 0.4970114948833375, 0.01811641573270062, 0.18995923758636346, -0.22091454924103493, 0.5247501829013307, 0.6821456402133886, 0.3810988871509403, 0.2129749166847691, 0.4258801646146084, 0.5138778609312932, -0.06336039580786879, -0.20107634086013348, -0.40033940569604076, -0.5054219886551301, -0.5007717285266755, -0.3547117385310774, -0.5450277436986024, -0.27985571550622446, -0.30563627276497196, -0.40817750178042056, -0.3412327040489558, -0.6648117230386617, -0.47730382199837784, -0.13365155308183096, -0.4220785839626111, 0.585592751761013, 0.889551721374744, -0.0600709625086675, -0.14449435610923822, -0.3962527636460349, -0.11115105335816566, -0.8753236067065666, -0.8287386560203136, -0.19135047754490664, -0.9276875518292487, -0.5718543041230877, -0.5414670419793528, -0.936101956840439], [-0.08480301245436239, -0.2868738211971871, 0.8983982613434395, 0.8001101375428846, 0.8901370638345681, -0.07415310357396598, 0.6133181711642904, 0.416665528849958, 0.8917756598452309, 0.5956117897693852, -0.3422686297049351, -0.5138479617021163, 1.0, 0.6386936202746439, -0.277845783324691, 0.9173794061908397, -0.10380063194982792, 0.949713954675682, 0.7740206870466443, -0.12266542187545904, 0.9887075966730812, -0.34402946611333496, -0.8814997804034117, -0.04543764917673587, 0.06745047015718442, -0.49084404799955017, -0.9692623664544189, -0.9222012819056717, -0.7977231548599186, -0.7318514555898314, -0.2767171540460287, 0.37863432227800553, 0.01690118400842655, 0.867965441344628, 0.9752441266009797, 0.06385595995735371, 0.9063993502391622, 0.9369356598975023, 0.4131594111379595, 0.9589132687592855, 0.9658614282050707, -0.03747036160272077, 0.9059788914603135, 0.9775914002509823, -0.23658562282687168, -0.3128236084731577, 0.9017411654719714, -0.370327306501419, -0.2602470082533994, -0.4337036971504056, -0.339657737817316, 0.9229908912069946, 0.018639777776704336, 0.20557995524297668, 0.2705516991964376, -0.35553109021127605, 0.2470776274991282, -0.3982024396999113, 0.1191158103199621, 0.5688126163487239], [-0.18159899830224657, 0.1757017810910646, 0.5101649472359507, 0.8703745630509615, 0.8205672285601433, 0.7030724339172908, 0.9850570463582897, 0.9068047703498276, 0.8186548234280195, 0.6647904204101182, 0.23457456908862662, 0.043648836216541476, 0.6386936202746439, 1.0, 0.4317075672983347, 0.7415195525874124, 0.39007850921818066, 0.8130345985951456, 0.5508976360076755, 0.6289054663979441, 0.7387987294274723, -0.8838166178510425, -0.486546268794652, -0.6667604077084048, -0.3713979870907127, -0.31910758509669157, -0.6926622139073979, -0.6378916067896514, -0.7470184629412044, -0.343443536623091, -0.6069478764008926, 0.818769668831748, -0.23170396938926685, 0.46749016164139756, 0.643237565690917, -0.05656500159975142, 0.305271422707281, 0.6950922643008108, -0.4091042465672674, 0.6755148420317819, 0.7276597089296235, 0.05887237982741744, 0.5999748368008181, 0.5707841825569714, -0.3758171709888396, -0.35748794764767067, 0.5375387197250632, -0.25248280377191756, 0.39588806541410415, -0.17520001262793383, -0.16282633505956978, 0.44827556611596986, -0.611698173687448, -0.4221596157848575, -0.40307417906016685, -0.33873279089049557, -0.08620209086499164, -0.6741370777008058, 0.21494333235489438, -0.12242173487528007], [-0.35280723105940615, 0.21712588735769, -0.09146461837092468, 0.02651995458161971, 0.18429839471218012, 0.6796644517117051, 0.3756256078154959, 0.46910319135234957, 0.1653990121965292, 0.38184562649008136, 0.3752671910148432, 0.6458302107771825, -0.277845783324691, 0.4317075672983347, 1.0, 0.012254363463036544, 0.9008244000150862, 0.02577131391710452, -0.49315441657328485, 0.5763573027781654, -0.17336369739154223, -0.4880810748322306, 0.08406481315057746, -0.5501550878636885, -0.5806702548604847, -0.27442877938608023, 0.1066660475850214, 0.1710072666133734, -0.2468307927353035, -0.020570023464952847, -0.24093718771267403, 0.6937366747559877, -0.7160466248162576, -0.13709782936203796, -0.13533373365294699, -0.6310173657863212, -0.4378909701294782, -0.30657605008811206, -0.8991720453266396, -0.09881383356592899, -0.05756826813029203, -0.39548027262929475, -0.00037605906219484453, -0.3161893392891706, 0.0682843134747132, 0.33553592540021204, -0.05761595794109797, 0.561887639768062, 0.6050421105300048, 0.5271036707313977, -0.34539962390876955, -0.487405748997491, -0.36077883109759323, -0.5764124648925704, -0.5444997049906677, -0.5116451207232178, -0.44234495450715317, -0.3705216917938954, -0.31515312017785924, -0.6239553268523226], [0.04511667727626678, -0.050547222386151835, 0.9250488480106767, 0.8700340911928078, 0.9425623150669263, 0.09212024818316611, 0.729901563054244, 0.6187120877079957, 0.9766729640807988, 0.8642932784250795, -0.08047152192870688, -0.14107413416358905, 0.9173794061908397, 0.7415195525874124, 0.012254363463036544, 1.0, 0.08583014378711784, 0.9750046714857042, 0.5706509735208146, 0.04979127752250667, 0.9466028611074211, -0.36389370585204284, -0.83620501167709, -0.026553132420579217, 0.12912321517724235, -0.7252996783555594, -0.8948041166043386, -0.7659247853009097, -0.7870683422867244, -0.8067246274820898, -0.11203405366864816, 0.6826810180494872, -0.09617284349611976, 0.9354158402654423, 0.9587231884462923, -0.2370437415476898, 0.8349779434396686, 0.8844842903718426, 0.22200740960025145, 0.9882206761768715, 0.9842464578581439, -0.30676185568268366, 0.9270030785807526, 0.8310601126832655, -0.42206943537160413, -0.33100563211594136, 0.8890269655221703, -0.0836839833807479, 0.06815886043487973, -0.45779203561737947, -0.5396502835855883, 0.8626881247625903, 0.02905239517073588, -0.12320774954932445, -0.01626759795382271, -0.577326323717581, -0.13094988447338096, -0.6988809497587745, -0.172386210226261, 0.25942380415128463], [-0.6853080260174544, -0.22525393197673949, 0.12233783767844808, -0.06177380607198035, 0.33885296619022, 0.4283971295587897, 0.2690118389401195, 0.24786556199547005, 0.27374854332081777, 0.3419040371854505, -0.06274767989447749, 0.3012812589046736, -0.10380063194982792, 0.39007850921818066, 0.9008244000150862, 0.08583014378711784, 1.0, 0.1424312940280641, -0.45886836812581144, 0.25928151434035074, -0.04793985257080147, -0.43741733942709327, -0.21691805242205042, -0.5194722749367207, -0.7518078555234444, -0.36787190258773483, -0.12262341221368023, -0.10248701417863137, -0.49937411581367885, -0.26252464322006785, -0.3578659868874152, 0.567312411461152, -0.9440109210380578, 0.007326112162692633, 0.051909906989697774, -0.6886820787680423, -0.21895408482788592, -0.2767785734014494, -0.7435051629961174, 0.030020586522757076, 0.0802632242903023, -0.4750042367891514, 0.22639955320071714, -0.06897072095516021, 0.41596837745989135, 0.6313242137117372, 0.20580106390372688, 0.5777977541194012, 0.2101532854610414, 0.7435592430642445, -0.5289236692747799, -0.41110376416101735, -0.17137861825491685, -0.18219454743657093, -0.1356729019975984, -0.6771305713344982, -0.11361385001677049, -0.1291428762919613, -0.3067861165480832, -0.23003643917292016], [-0.12186204506494103, -0.15243819297468852, 0.8994201813102418, 0.8769988591460256, 0.9775049053235026, 0.1628123508232624, 0.7820473924531652, 0.6257361450221672, 0.9846752248742341, 0.7726206671530698, -0.1658321586565099, -0.2751725353224943, 0.949713954675682, 0.8130345985951456, 0.02577131391710452, 0.9750046714857042, 0.1424312940280641, 1.0, 0.658151001186127, 0.09367114381895747, 0.9780583201481655, -0.5076251455540826, -0.862319380577782, -0.20040306989415235, -0.05417894001694523, -0.6085561069508425, -0.9565000420355232, -0.8730892435423918, -0.8747456170840324, -0.7546743620719454, -0.32284678230846686, 0.6443024982108558, -0.15639369225022381, 0.8696811073055677, 0.9679353620848995, -0.13027799827572517, 0.8014905638753628, 0.8998225863406762, 0.14825553947246084, 0.9744856608924662, 0.990499158171483, -0.16672173047811856, 0.9297019467547972, 0.8973085541061677, -0.3051691229875131, -0.2862828656569636, 0.9003064120653295, -0.20907845169046402, -0.014958148024655005, -0.35125970383015015, -0.450225093583692, 0.8279926908364406, -0.10532365179165448, -0.03517238982909232, 0.045107189946224535, -0.5175232178812419, 0.04937595803829864, -0.5936490212507803, 0.005676051366047652, 0.33942744227966004], [0.09914136943231833, -0.008219859630888227, 0.4200676735259251, 0.7555641834146395, 0.5184130698833664, 0.14107733000565004, 0.5902052706860328, 0.428711836259106, 0.5207391921534743, 0.13619426743297436, -0.0856200834855152, -0.5774505475382541, 0.7740206870466443, 0.5508976360076755, -0.49315441657328485, 0.5706509735208146, -0.45886836812581144, 0.658151001186127, 1.0, 0.16513443284005835, 0.7797530111238025, -0.4802283751090859, -0.4190984246176692, -0.2638882582356883, 0.07316022035410696, 0.13228645511894466, -0.677256369464994, -0.7225715994168338, -0.42216405708293414, -0.13847910324725898, -0.4839963982635236, 0.06954124495651393, 0.4651499118656506, 0.4056419999116082, 0.619387514339269, 0.6579815179573746, 0.5500447919359417, 0.8782928929772169, 0.33796769294199347, 0.6088263849364458, 0.6340741675649433, 0.5850330261194857, 0.4396883707479684, 0.762558644473295, -0.37450955755639237, -0.6611894009323795, 0.43533652275016377, -0.8647804165368342, -0.16880379547549862, -0.5876411887410775, 0.33118338304199857, 0.7633623758921072, -0.40000427310203324, 0.12580563538533107, 0.07989136702379973, 0.2946890803951343, 0.4105446765413716, -0.20719883768050362, 0.6563177613163687, 0.4164087607737992], [0.1470457342559296, 0.7207269627707015, -0.3059868036106699, 0.45391158721807423, 0.08256318312273869, 0.9784124403254965, 0.6929929913264019, 0.8131684919670391, 0.10997268414668682, 0.19047232810056403, 0.8001682233432452, 0.5360959337185267, -0.12266542187545904, 0.6289054663979441, 0.5763573027781654, 0.04979127752250667, 0.25928151434035074, 0.09367114381895747, 0.16513443284005835, 1.0, 0.020687782372874608, -0.7636502463794033, 0.37098771059964486, -0.732484463138088, -0.2942563654604389, 0.23702548489059594, 0.11032605456443056, 0.1348601227337528, 0.003154832357345261, 0.43545623257616284, -0.4423490641473038, 0.5745516352761012, 0.06320252417378858, -0.2805847195942661, -0.15762697419993454, 0.15057953838788918, -0.4753108710743459, 0.1206511802439838, -0.7676922024813035, -0.07637610505268011, -0.02799294545119313, 0.34671100467990257, -0.22527164625730678, -0.22119773659196906, -0.5130204242021927, -0.49072928763771384, -0.3087605155904005, -0.22260751697967174, 0.8289053092257114, -0.12231982759779214, 0.381734898047565, -0.1819037420167704, -0.886349360863049, -0.8195868438998448, -0.8852553152568876, 0.1970363785083754, -0.3824990137119322, -0.5352014315775757, 0.32658557371442964, -0.75229749922801], [-0.05383672075897561, -0.17386706922542405, 0.8766992187501403, 0.8757843892067398, 0.9200113765405011, 0.066879228901225, 0.7223550899028941, 0.5480333798035651, 0.928813254608592, 0.6607213075408029, -0.2167551427215506, -0.40917452416564837, 0.9887075966730812, 0.7387987294274723, -0.17336369739154223, 0.9466028611074211, -0.04793985257080147, 0.9780583201481655, 0.7797530111238025, 0.020687782372874608, 1.0, -0.4467850817440695, -0.8430938849446852, -0.1356712399103306, 0.03759796318238706, -0.497543352900228, -0.9605958123532545, -0.8999421224349287, -0.8084920919547975, -0.6979371594409098, -0.31637895878144473, 0.49300209817050344, 0.009056373053743183, 0.8536109500870395, 0.967611660646474, 0.045496199523049397, 0.8512368490251997, 0.9580634429647887, 0.2992047862650984, 0.9665634194457119, 0.9784017157103428, -0.028672924806822042, 0.8939462678235975, 0.9461887307406712, -0.3246862681261091, -0.37858292160560136, 0.8752113703772745, -0.3671759513205024, -0.1213454774245073, -0.45603210005211126, -0.322572645453028, 0.9052265626852035, -0.08989848816472357, 0.06708353415017199, 0.13001063050960782, -0.36449962908526623, 0.1574719130371044, -0.5065087513415982, 0.12536348475245318, 0.44597083203980736], [0.37017014785141045, -0.15048874258780565, -0.12041904135568493, -0.6213320509923181, -0.5339163512175378, -0.8498667729934, -0.8585397213016566, -0.7782377835754173, -0.49174996765158685, -0.26527919304069947, -0.24513543393209059, 0.01663233366242045, -0.34402946611333496, -0.8838166178510425, -0.4880810748322306, -0.36389370585204284, -0.43741733942709327, -0.5076251455540826, -0.4802283751090859, -0.7636502463794033, -0.4467850817440695, 1.0, 0.1815509017364798, 0.9328768608862538, 0.65386244777249, -0.10656062348322792, 0.438452646380348, 0.4811882413116695, 0.5664296824614304, -0.05225842585191898, 0.8598284945108757, -0.5829988315081533, 0.2471062975841677, -0.030727489158042687, -0.30003631012952336, -0.18211223009285638, 0.07397923627964798, -0.4199827555745115, 0.6425529351022504, -0.30332432722995284, -0.3849645357827507, -0.3786249585019972, -0.25006316366217285, -0.33618007420536, 0.14820536772047765, 0.24966800128026234, -0.20289963419567547, 0.4063408616755424, -0.3551862784710893, -0.08760797492302319, -0.18276140979894206, -0.09173046405620688, 0.8721477474436746, 0.35573754733001706, 0.41379006933886586, 0.0320481074498038, -0.1377691103825034, 0.35611632007021643, -0.52798495948656, 0.19223791953399028], [0.37797460936687366, 0.5868381815898376, -0.9629152795736746, -0.5188687042117284, -0.8927838161333832, 0.2556239280881951, -0.3947518248450015, -0.17744384841656236, -0.8628801303402727, -0.6196981999799251, 0.6006983499661149, 0.4970114948833375, -0.8814997804034117, -0.486546268794652, 0.08406481315057746, -0.83620501167709, -0.21691805242205042, -0.862319380577782, -0.4190984246176692, 0.37098771059964486, -0.8430938849446852, 0.1815509017364798, 1.0, -0.04416205383519278, 0.10802167320029477, 0.6968027600932596, 0.9375552576933618, 0.8870835847731926, 0.8974682952283918, 0.925318121092615, 0.19114714335599825, -0.3712485049596672, 0.3863607846056374, -0.887311280627727, -0.9413188047123717, 0.30449438527061856, -0.8913811538955614, -0.6696756630728959, -0.3504417701159579, -0.8931414866892071, -0.8985893548705737, 0.3833895787395115, -0.9778483903661233, -0.9046809767093853, -0.12362430547675385, -0.1518122532936177, -0.993925233901487, -0.016571029552411964, 0.42580315783552025, 0.0543503171563503, 0.6760300559007725, -0.7209850686311572, -0.29254971261956486, -0.38453734455660804, -0.49051866244817033, 0.6788309446001796, -0.2733345040926589, 0.2349950819574832, 0.17536346555238913, -0.6642188808086122], [0.527015587950158, -0.06462645640022924, 0.16768492260817003, -0.3003048575221301, -0.26245147981792605, -0.8333974476703596, -0.621838866219993, -0.552962173599773, -0.1905687348681835, 0.03244697079435532, -0.1878083592157087, 0.01811641573270062, -0.04543764917673587, -0.6667604077084048, -0.5501550878636885, -0.026553132420579217, -0.5194722749367207, -0.20040306989415235, -0.2638882582356883, -0.732484463138088, -0.1356712399103306, 0.9328768608862538, -0.04416205383519278, 1.0, 0.8262354767769685, -0.33957417232442033, 0.18124255521189592, 0.28306656086466075, 0.38811994505207714, -0.28830842172578985, 0.9117748121703975, -0.3669964668058818, 0.33981276937129967, 0.28911317426226624, 0.002502994067584474, -0.21957217688136632, 0.3608856926574503, -0.09391342711660888, 0.777480179520582, 0.024501612273707285, -0.06828258737600867, -0.4626927118589679, 0.02203725648706345, -0.08825558905091402, -0.10916080363552694, 0.02793901882235994, 0.05068639289639232, 0.3508985470118595, -0.2759785503413428, -0.36488872817627227, -0.31840572252405974, 0.24202447352209377, 0.8979246553440395, 0.25392578634808616, 0.34883724805489924, -0.10044073524020658, -0.25797757851320746, 0.06643153181470829, -0.5999174304053545, 0.23019949061253797], [0.8959584496143251, 0.41303802381030685, 0.1077513162821534, 0.10147123693397209, -0.20260836005217442, -0.4677197107781512, -0.24557201410690288, -0.11505858094911159, -0.08208747116249304, 0.15602496156499868, 0.2640048269853983, 0.18995923758636346, 0.06745047015718442, -0.3713979870907127, -0.5806702548604847, 0.12912321517724235, -0.7518078555234444, -0.05417894001694523, 0.07316022035410696, -0.2942563654604389, 0.03759796318238706, 0.65386244777249, 0.10802167320029477, 0.8262354767769685, 1.0, -0.2068466012568857, 0.15491328918787595, 0.2895890880268299, 0.4670249033327005, -0.09193442132689911, 0.8246276282859859, -0.15960448940209515, 0.7224322853322184, 0.2937873725520257, 0.04827117185174523, 0.06589780502033193, 0.32569872928117927, 0.2114786072925432, 0.6927754266073061, 0.1301109236012291, 0.04060623693407417, -0.16876837344522166, -0.037906669735784604, -0.059946499122717434, -0.624177621390329, -0.5306111664781326, -0.05345130076752569, 0.02095864423531646, 0.11171662299840357, -0.7981593309704911, -0.01436575061761447, 0.44043039788727345, 0.5137892026418384, -0.1487188435263742, -0.08544306721249706, 0.15918453001929678, -0.4681819211477585, -0.29741509162901325, -0.3646596317492401, -0.05701316913270249], [-0.016781000659897405, 0.12872324462535623, -0.8055479474180629, -0.3682741560909897, -0.670887256992341, 0.17779960972229436, -0.27434169578984635, -0.26204313374165134, -0.7133991495160878, -0.887090889168749, 0.12533034003636523, -0.22091454924103493, -0.49084404799955017, -0.31910758509669157, -0.27442877938608023, -0.7252996783555594, -0.36787190258773483, -0.6085561069508425, 0.13228645511894466, 0.23702548489059594, -0.497543352900228, -0.10656062348322792, 0.6968027600932596, -0.33957417232442033, -0.2068466012568857, 1.0, 0.5225719392319975, 0.3307074231736904, 0.558198452023908, 0.9047399347893567, -0.3690283770799274, -0.648727919769889, 0.433916070452667, -0.8382678414606142, -0.6635803413369197, 0.8078168858180512, -0.6388098186510609, -0.3456746394381285, -0.1562159858647867, -0.7001977052619928, -0.6625229742901504, 0.877419144562074, -0.7705433434065285, -0.404322088752769, 0.17009052308787354, -0.16336226825373323, -0.7406290740870078, -0.6109112054338899, -0.09842962718155812, 0.11466762041108813, 0.9458064595549157, -0.4700302990768739, -0.5112883382428408, 0.1331709366045999, -0.04165557672274356, 0.9222771764372975, 0.4505097588647692, 0.5980325916452691, 0.7867935973062077, -0.08390717248128388], [0.3104476594534302, 0.41731715857794405, -0.9074816957210845, -0.7358206345976956, -0.9461665111428315, 0.013957213980096084, -0.6294693547893575, -0.407277608988839, -0.9205500277808447, -0.600918370236601, 0.434150370576164, 0.5247501829013307, -0.9692623664544189, -0.6926622139073979, 0.1066660475850214, -0.8948041166043386, -0.12262341221368023, -0.9565000420355232, -0.677256369464994, 0.11032605456443056, -0.9605958123532545, 0.438452646380348, 0.9375552576933618, 0.18124255521189592, 0.15491328918787595, 0.5225719392319975, 1.0, 0.970658187126373, 0.9190505804005069, 0.7737449949029862, 0.40520754461054675, -0.4362953160949452, 0.21756362782496186, -0.8345516529211541, -0.9715978540085053, 0.0524480603771984, -0.8491559565142952, -0.8474417751743815, -0.25938476499580343, -0.936038492390012, -0.9588555965776426, 0.10342353923502134, -0.9439391871888763, -0.9757798043394859, 0.05657150199056871, 0.11559130706519405, -0.9444635762221179, 0.2719535919176863, 0.29640008635200077, 0.20690933870904293, 0.431788639378603, -0.8037736357804928, 0.016967422731180015, -0.2508724201910679, -0.31713524472131804, 0.4795465317522212, -0.3158714128497502, 0.33490452974973817, -0.10219762214067907, -0.5850826990683649], [0.4459379022415657, 0.5330314885671344, -0.8004293304417505, -0.63900437605155, -0.865470376651279, 0.02486070816133079, -0.5606113910119661, -0.30117679865458835, -0.8127453270146194, -0.40050703850649527, 0.5435711688483764, 0.6821456402133886, -0.9222012819056717, -0.6378916067896514, 0.1710072666133734, -0.7659247853009097, -0.10248701417863137, -0.8730892435423918, -0.7225715994168338, 0.1348601227337528, -0.8999421224349287, 0.4811882413116695, 0.8870835847731926, 0.28306656086466075, 0.2895890880268299, 0.3307074231736904, 0.970658187126373, 1.0, 0.8998511581698501, 0.6514629824416633, 0.5569229081301367, -0.2744327593626026, 0.21839620029852203, -0.6928077294833364, -0.8915030156569927, -0.10348365282727023, -0.7698415320936896, -0.7848544894014386, -0.24347995601763817, -0.82822343687264, -0.865664672465118, -0.07047390515942054, -0.8545189260104253, -0.972696561322075, -0.09958158294678543, 0.0505699186736297, -0.8721421360564348, 0.40505049851327657, 0.4342662695002215, 0.09364681482367854, 0.282677053132788, -0.7168513755762334, 0.09754598493946143, -0.39690847066036583, -0.4276671822310609, 0.33845421941426634, -0.52693926322732, 0.13251196689710731, -0.2915071194549348, -0.6853119098039586], [0.5787266619643927, 0.4866196357340995, -0.819311381703888, -0.5954277428278654, -0.9445003962988019, -0.15205959049935625, -0.6397525723485376, -0.4268593367339, -0.8893665924692722, -0.6130124654850859, 0.4354834641490267, 0.3810988871509403, -0.7977231548599186, -0.7470184629412044, -0.2468307927353035, -0.7870683422867244, -0.49937411581367885, -0.8747456170840324, -0.42216405708293414, 0.003154832357345261, -0.8084920919547975, 0.5664296824614304, 0.8974682952283918, 0.38811994505207714, 0.4670249033327005, 0.558198452023908, 0.9190505804005069, 0.8998511581698501, 1.0, 0.7544479871335056, 0.5335955970875395, -0.566429143407289, 0.5666631088549006, -0.7009687361577348, -0.853674023109273, 0.28196929857242914, -0.6398481165066459, -0.6174166385481004, 0.06942825039543288, -0.8066680789607381, -0.8500986987594665, 0.23795711128693453, -0.8967385897118028, -0.8284671633207752, -0.15604507544413293, -0.1673847458808131, -0.8935083062607871, 0.0407957519667872, 0.21324089070406482, -0.1425363775041535, 0.5536487278618223, -0.520742844299821, 0.09983539040636402, -0.18640637418686246, -0.2545059663105611, 0.655816045947589, -0.2852099509405004, 0.2933961577243426, -0.013163545392149922, -0.4490096046437224], [0.19960293894214787, 0.4556915124486107, -0.9553421054418467, -0.410964603521744, -0.8018944384407534, 0.3436481881977559, -0.266046976740814, -0.13174066670000606, -0.8056068110501096, -0.7570220607435822, 0.4722049971472291, 0.2129749166847691, -0.7318514555898314, -0.343443536623091, -0.020570023464952847, -0.8067246274820898, -0.26252464322006785, -0.7546743620719454, -0.13847910324725898, 0.43545623257616284, -0.6979371594409098, -0.05225842585191898, 0.925318121092615, -0.28830842172578985, -0.09193442132689911, 0.9047399347893567, 0.7737449949029862, 0.6514629824416633, 0.7544479871335056, 1.0, -0.14439351664185907, -0.45677018872646213, 0.42350296358213146, -0.9307511780148463, -0.8545606907005059, 0.585830552791806, -0.8551781656008477, -0.5195094365703798, -0.36162661735560464, -0.8389330532623724, -0.8162657323529297, 0.6881722854768917, -0.9347140148526218, -0.7104832197413176, -0.03203430023747189, -0.2135743116153972, -0.9376309837480741, -0.3424895543817299, 0.27132146529395695, 0.08178315987477103, 0.8808102964197282, -0.6469166522642336, -0.5212949160372573, -0.2303361405472184, -0.3831665614933075, 0.8472229115570263, 0.042726051384754826, 0.36837763936401424, 0.531597876517654, -0.48203470321235575], [0.6649472382039867, 0.25881783358982235, -0.010324924258449997, -0.3064367536878134, -0.36366696383810515, -0.5622731615627319, -0.5358484264416306, -0.3594014227781235, -0.2647920623248443, 0.13791122677880252, 0.17058928643086446, 0.4258801646146084, -0.2767171540460287, -0.6069478764008926, -0.24093718771267403, -0.11203405366864816, -0.3578659868874152, -0.32284678230846686, -0.4839963982635236, -0.4423490641473038, -0.31637895878144473, 0.8598284945108757, 0.19114714335599825, 0.9117748121703975, 0.8246276282859859, -0.3690283770799274, 0.40520754461054675, 0.5569229081301367, 0.5335955970875395, -0.14439351664185907, 1.0, -0.14611839120691927, 0.29369196554593746, 0.149447245634323, -0.19044828077495435, -0.3881113794133193, 0.09698275420400071, -0.25189765782759777, 0.4772204294518009, -0.1219889451232441, -0.21628836020852504, -0.5670485148619258, -0.15001857683315922, -0.3748217603057289, -0.2861662388572923, -0.027941402457030584, -0.15603466152213574, 0.5495559949049277, 0.1118856500702421, -0.3478827498320025, -0.32216919143094347, 0.03477535778647789, 0.7612473931161757, -0.12458055866333129, -0.024112496435397368, -0.14284786999571075, -0.6058240094253486, -0.15230430565324982, -0.7507791650090123, -0.18137456909466043], [0.013992630485403557, 0.3610552661707713, 0.4842796831775308, 0.6877424475498982, 0.6985707421858832, 0.6300647401775736, 0.8137958714879864, 0.8624320657000357, 0.7397268894236327, 0.8890870470791505, 0.43530283044318563, 0.5138778609312932, 0.37863432227800553, 0.818769668831748, 0.6937366747559877, 0.6826810180494872, 0.567312411461152, 0.6443024982108558, 0.06954124495651393, 0.5745516352761012, 0.49300209817050344, -0.5829988315081533, -0.3712485049596672, -0.3669964668058818, -0.15960448940209515, -0.648727919769889, -0.4362953160949452, -0.2744327593626026, -0.566429143407289, -0.45677018872646213, -0.14611839120691927, 1.0, -0.38488504459740325, 0.5059905901353356, 0.49257717563634906, -0.5439258368455844, 0.19951003387828792, 0.420452104226412, -0.4893903430126707, 0.5719077603642636, 0.588111210676646, -0.4360075602560649, 0.5330951799956652, 0.24817561039942793, -0.4665498127425707, -0.19706658691344092, 0.44832587381700806, 0.2966476916956944, 0.6615533071182119, -0.12762037522362357, -0.5071779539751184, 0.2691686326244882, -0.3016654853007452, -0.6829169153400243, -0.592257510130473, -0.6463381356589719, -0.5752988019118956, -0.8793353255500547, -0.34277037813457367, -0.4385995629176316], [0.8036485230338007, 0.5152746641653021, -0.25212569084592307, 0.18383619633100934, -0.36087282649663255, -0.12650597651009554, -0.07981490099235988, 0.004043602240786481, -0.2767585720561363, -0.27564568349843377, 0.3734583227315573, -0.06336039580786879, 0.01690118400842655, -0.23170396938926685, -0.7160466248162576, -0.09617284349611976, -0.9440109210380578, -0.15639369225022381, 0.4651499118656506, 0.06320252417378858, 0.009056373053743183, 0.2471062975841677, 0.3863607