"[[1.0, 0.6517729042614394, -0.18891839509535968, 0.1810235801655382, -0.24755405531030816, -0.16081800059556928, -0.04160957328933401, 0.2447401536399645, -0.19316152159719424, 0.149046329002684, 0.4511649971552434, 0.5672661986883533, -0.10830152024475792, -0.13483733790094532, -0.3525110371552653, 0.03511674586921398, -0.721316100790713, -0.03572436291019021, 0.16626752643106435, 0.10913983036327435, 0.008527060366335104, 0.3652702550239272, 0.18452108359136932, 0.6724669721845205, 0.9352123084742989, -0.06731731602767987, 0.21014874634047254, 0.4963678636238795, 0.5399583265216462, 0.23174115587275212, 0.7341515759305156, 0.09751202246319202, 0.6587772637681916, 0.13722307130395883, -0.06865063625686085, -0.20085061760025713, 0.07961893830713362, 0.274349106152726, 0.1345863347536813, 0.0838762720118118, -0.045494370798206285, -0.08174057253556954, -0.1751371162475146, -0.2652274867244411, -0.798396154128681, -0.5963410313647906, -0.2377181434550788, 0.1254679959710684, 0.49806095945390616, -0.7967800643387322, -0.0025877527335280703, 0.3640452978820039, 0.14573414176577493, -0.38047702499537017, -0.7128623665455964, 0.14222044818158186, -0.5338081010754774, -0.6166575012542688, -0.363674729016223, -0.37956656246360865], [0.6517729042614394, 1.0, -0.46318628268205075, 0.33324139180420853, -0.26227148322850047, 0.6007983174137733, 0.3626949686147872, 0.6138851183216009, -0.17530638148866773, 0.07597047727146822, 0.9429049676123846, 0.7057251369836005, -0.28076395141833155, 0.2484254305955056, 0.14046203923917333, -0.08280852858365129, -0.35578589912379166, -0.1302899679465468, 0.13885539266117375, 0.7915007684121284, -0.1371599166977422, -0.27678601706794215, 0.5956920596607996, -0.10120806307404862, 0.35268706845850706, 0.3169843408589176, 0.3491958266969195, 0.4777598546311248, 0.4438147895552742, 0.5889267712024538, 0.12333814216964878, 0.31627023084525097, 0.519868742403479, -0.27469469214906095, -0.313589098898732, 0.234477684622157, -0.41831416541009014, 0.11782234260265645, -0.48007462226477626, -0.19549514702836612, -0.190217444862687, 0.3463170362569883, -0.4353321650380815, -0.4229342991831606, -0.8416613007293836, -0.7682362480854668, -0.5146333806443943, -0.15868519488178578, 0.8571579806054197, -0.517555011897304, 0.37836980538832166, -0.04021321563512936, -0.6205941409589251, -0.8437862574485302, -0.9382517206580769, 0.4173383062409539, -0.6479091670276564, -0.5682147496721606, 0.11417813265273102, -0.821136791372068], [-0.18891839509535968, -0.46318628268205075, 1.0, 0.6424145336567724, 0.9447179613696015, -0.13160156460332773, 0.5236368482490926, 0.34654896113940514, 0.9206954449495575, 0.7529789226182726, -0.4497686227421229, -0.37171589155115337, 0.9103932236869324, 0.5914978268463041, -0.010303734639749207, 0.9192935187660982, 0.2181210558766502, 0.9280793155805137, 0.4415517412390031, -0.23024298938388466, 0.8945631929939427, -0.3030144711780731, -0.9756585170730161, 0.015230222248011627, -0.05409278254437222, -0.7877934879366169, -0.9581927698181114, -0.8185311488123679, -0.8733090853531698, -0.9643988562766963, -0.2025588147360904, 0.49543665128842007, -0.3345776207255857, 0.9449291944137654, 0.9749279982783696, -0.34894920826776854, 0.9125404622810133, 0.7408634893991329, 0.3241548651010455, 0.9449812778498637, 0.9530164266930006, -0.4336933766937432, 0.9983170013978474, 0.8955332715901323, -0.02796286080314414, 0.036308787268708564, 0.9980347418329188, 0.03243144194783132, -0.28893311192023896, -0.1337638618714554, -0.6216674962854463, 0.7680289094876042, 0.21185255259752123, 0.22179501494885512, 0.2898035527089755, -0.6897811239187313, 0.14672224690757707, -0.38121969462844363, -0.1995522558034748, 0.5479272726304719], [0.1810235801655382, 0.33324139180420853, 0.6424145336567724, 1.0, 0.7966300623978247, 0.4732159294910804, 0.9377111682861674, 0.8930036970886145, 0.841706044342607, 0.7384073369908373, 0.2939329197984937, 0.02092596851353512, 0.7839170986281923, 0.8795892306349947, 0.06784666816820195, 0.8863523434306595, -0.06124129195821104, 0.8810263682324594, 0.7205451717872856, 0.48569567116826007, 0.866742493234974, -0.7258233278018036, -0.49400681322437134, -0.27211453814664277, 0.061900925449677735, -0.38281823884909594, -0.7640699334412286, -0.6060771156611582, -0.594498611802698, -0.4514924699138534, -0.3642119081127846, 0.7006093067671799, 0.13241060316847808, 0.6739676328435524, 0.7642052194463165, 0.0865440574562677, 0.5701288771258658, 0.9057909787992862, -0.04362884917952492, 0.8048389229728096, 0.8438582080035932, 0.07263196664851501, 0.6549591160920862, 0.6787896054408666, -0.6672115176417632, -0.6717505788362883, 0.5994088718670172, -0.3449513169906626, 0.31779715783818063, -0.5439260025565109, -0.12954949642875202, 0.7456357539984565, -0.4769809740688167, -0.41898940149413, -0.3807233122260367, -0.20647524938976414, -0.20087863195973865, -0.7363845047994562, 0.16289162582668393, -0.03727412644722605], [-0.24755405531030816, -0.26227148322850047, 0.9447179613696015, 0.7966300623978247, 1.0, 0.199054187470449, 0.7602509858028424, 0.5877467391185682, 0.9959973070399816, 0.8192351921559704, -0.19995783127679156, -0.25912015572050096, 0.8976773736246615, 0.8169024788538607, 0.19256108934267935, 0.9572202770115279, 0.33462946231496415, 0.9678380250342137, 0.4779014967062607, 0.08697526649857878, 0.9086876241432214, -0.5884435581166878, -0.8527000215950817, -0.2653228599939148, -0.22038461579702706, -0.7018541365083046, -0.9559806340271171, -0.8378690948532266, -0.9398450381483294, -0.8646069060257657, -0.4132337483519124, 0.6700597182155968, -0.36418645146914486, 0.8607072853370419, 0.9432198314170297, -0.21727477509096804, 0.7718767927676604, 0.76626780411764, 0.0696799963341801, 0.9134740866875756, 0.9708178162149048, -0.2985433540571789, 0.9521511248297202, 0.8678343369887362, -0.1496718101034551, -0.10646279912129342, 0.9354657837755204, -0.06621722401649022, -0.07596749935889857, -0.10480349822788804, -0.5160646750240803, 0.6905661593516612, -0.10838223288117543, -0.031351340030170594, 0.11719360375685717, -0.622476913833165, 0.026966477960281288, -0.4787492153895423, -0.05293017880219919, 0.33579232872254905], [-0.16081800059556928, 0.6007983174137733, -0.13160156460332773, 0.4732159294910804, 0.199054187470449, 1.0, 0.7241524081346171, 0.7528174734691085, 0.26033960118952515, 0.27567029772626817, 0.7683473733843166, 0.4040692462353489, -0.042126966364694596, 0.7108181023886455, 0.6774220820684831, 0.14560573910931562, 0.40588804002168466, 0.14320669159735222, 0.0515058023026167, 0.9623693842249584, 0.046506262532961085, -0.8457959205966117, 0.3409932456454595, -0.82458310341972, -0.4901765938956697, 0.171369882330499, -0.0032988801659668, -0.0366546438344717, -0.2355107482888945, 0.24849443156330786, -0.5875950365897762, 0.5999618973918537, -0.15712304363873897, -0.20826163615426174, -0.07428889208518297, 0.2969110580810329, -0.4086491635957634, 0.0715298178129844, -0.8124143015441696, -0.06923034847161036, 0.08102490608872015, 0.30873256490867285, -0.09921814933936823, -0.09614254938187705, -0.37829211698424126, -0.3903036651264169, -0.15332732035806207, -0.2014788046035334, 0.6879534098245859, 0.11330007022270783, 0.22160681174295405, -0.23117506349128747, -0.9305948762238647, -0.8027893808168096, -0.5515998269162568, 0.10954946999545467, -0.43766167349821705, -0.35375509941691785, 0.34637032945692336, -0.6745359908681072], [-0.04160957328933401, 0.3626949686147872, 0.5236368482490926, 0.9377111682861674, 0.7602509858028424, 0.7241524081346171, 1.0, 0.9383819825174599, 0.8086824750295171, 0.7006734504612919, 0.4226140986747029, 0.09335074445467517, 0.6360708828033922, 0.972123046823938, 0.3519112548170793, 0.7744912167315232, 0.20973348215328835, 0.7758769896731915, 0.5480874861305789, 0.6845567392476226, 0.7179467494093555, -0.9013159469189058, -0.3340031378953805, -0.5683175275450187, -0.23504684042072443, -0.28889444877298254, -0.6557789219278733, -0.5645272325664537, -0.6516179471371317, -0.3465630860106379, -0.5643935565411069, 0.7787208890447105, -0.07082538612311495, 0.4827478966591806, 0.6163218818321728, 0.14464487103649137, 0.32906203558814096, 0.7145261321121358, -0.3332557618542311, 0.6308485064526711, 0.7294815504049842, 0.12044108667726316, 0.5443966345238916, 0.5523237864902341, -0.5497578873129174, -0.5616745146371767, 0.48912580028536645, -0.31503948531026627, 0.4246167215268789, -0.276800991705763, -0.08151198311473773, 0.4797032870420368, -0.6847216720370328, -0.5569325864799661, -0.3942638834065666, -0.19863675778159107, -0.26050115169698396, -0.6478954935379786, 0.24793361068473807, -0.20491874512101416], [0.2447401536399645, 0.6138851183216009, 0.34654896113940514, 0.8930036970886145, 0.5877467391185682, 0.7528174734691085, 0.9383819825174599, 1.0, 0.6569668926154852, 0.7261761413175437, 0.6621724656962479, 0.4089890739029034, 0.43702595472726546, 0.907716159311993, 0.39926424257866766, 0.6687525460438367, 0.10191581176992925, 0.6396147486504561, 0.4177100249033263, 0.7972246179385463, 0.5643137219807847, -0.7694203267622264, -0.14625785109350775, -0.4120768909715333, -0.008143037279351617, -0.2907166016759437, -0.4473647639973495, -0.26700805136588146, -0.42932323672890504, -0.18855925931411144, -0.30422656912238244, 0.8475866686913199, 0.03239043843802103, 0.4053291266835859, 0.4525668582815806, 0.016998178264927, 0.18966315994512117, 0.6378680738468705, -0.46170396689207327, 0.5152175726709409, 0.5903190423634089, 0.03855988005007627, 0.3796545433612908, 0.3036632629936379, -0.7624201503337704, -0.6593545234391369, 0.30059656601914964, -0.15000241584242424, 0.6904596387969072, -0.39335610216224737, -0.11080789324646956, 0.41925861570371237, -0.6698875767849328, -0.7775826667474628, -0.6823886918801785, -0.18061966492762083, -0.5471604124531515, -0.8279827157772481, 0.06372983640423913, -0.473000964934601], [-0.19316152159719424, -0.17530638148866773, 0.9206954449495575, 0.841706044342607, 0.9959973070399816, 0.26033960118952515, 0.8086824750295171, 0.6569668926154852, 1.0, 0.8459756542036933, -0.11480975615639188, -0.19394219467781237, 0.8866108866196475, 0.8575562554707558, 0.2160785723571883, 0.9681468941595199, 0.31428499897344864, 0.9741159120363723, 0.49376943712356813, 0.16345124037180891, 0.9115258806599346, -0.6251467583449521, -0.8140946126253712, -0.2806896580409801, -0.1939643407219125, -0.6906828303909225, -0.9409992650313623, -0.8073763947495847, -0.9191117095215362, -0.8288995803573642, -0.40798915828576465, 0.7170421073064224, -0.3296047254740404, 0.852525878981052, 0.9316918816155502, -0.20604285546774048, 0.7463628519760812, 0.7889187760050527, 0.021117932207807, 0.9123136446429136, 0.9718398451979595, -0.27852382191687, 0.9312326515982144, 0.8427616406957849, -0.22936562247670778, -0.17516037481140967, 0.906646494725763, -0.07512438897187002, 0.005471536344665351, -0.14999196159364026, -0.4969212927000317, 0.697159257346499, -0.16683114090576723, -0.11336593589103239, 0.030922252837573216, -0.6018247488200639, -0.037832613371174384, -0.5429108451169293, -0.04920546073297416, 0.2625774981493969], [0.149046329002684, 0.07597047727146822, 0.7529789226182726, 0.7384073369908373, 0.8192351921559704, 0.27567029772626817, 0.7006734504612919, 0.7261761413175437, 0.8459756542036933, 1.0, 0.1765741364095088, 0.3167425103363811, 0.5920323340204985, 0.7994240132164835, 0.42899519362133454, 0.8556965822563413, 0.3334427585963704, 0.8090533930059838, 0.15346966367908754, 0.27823838694297875, 0.6807528398934831, -0.39618998980994435, -0.6306896888106373, -0.044627930016300166, 0.07533601728201778, -0.8684276332870502, -0.6707641891656531, -0.3752115364462696, -0.7090559142395998, -0.7371910517595301, 0.01740445998535134, 0.9211936536488025, -0.3876487413056078, 0.8180884972406847, 0.7373650658320239, -0.5895290500275219, 0.5762972852708542, 0.6202874326380906, -0.2374316321419494, 0.779319114933353, 0.8151809749729453, -0.6062956401142121, 0.7884152428131149, 0.4792097695239539, -0.44676913514145156, -0.14131240602059103, 0.7298062328006344, 0.3621467293776516, 0.3962063638312109, -0.17430439034842382, -0.7462981424864104, 0.5729784402719891, -0.04202488400370008, -0.43202374217063433, -0.34311426267808054, -0.7855083017584168, -0.5307614635904196, -0.8328397452689313, -0.49100215251670787, -0.1267808464347413], [0.4511649971552434, 0.9429049676123846, -0.4497686227421229, 0.2939329197984937, -0.19995783127679156, 0.7683473733843166, 0.4226140986747029, 0.6621724656962479, -0.11480975615639188, 0.1765741364095088, 1.0, 0.8079436628463074, -0.3626490210869828, 0.37229331789748166, 0.4599456332004368, -0.09469442424601704, -0.027210268248011982, -0.1455226289898095, -0.08312171343725105, 0.9069725496825563, -0.2173327580991864, -0.3886735231508258, 0.6163662369474217, -0.30219223778826865, 0.10672059714574034, 0.2194694729739165, 0.37299214844506356, 0.49135070761521327, 0.2933231693556534, 0.5318634304349571, 0.01959611908418457, 0.48495593059718356, 0.21297015240956374, -0.31685937516654605, -0.3540332194596887, 0.10719270896816868, -0.5383851585948627, -0.029912306526383547, -0.7436581289111892, -0.25832257316912566, -0.20256180754512498, 0.2035532528957653, -0.4096522726501217, -0.49269234963982145, -0.7140297304034746, -0.5719165251754545, -0.4909532855077372, 0.01978777808683252, 0.9524135913361382, -0.2355226732709239, 0.23134412186333764, -0.2268730245255446, -0.6927674635650498, -0.9574925476948537, -0.9312139915217856, 0.2386209370001463, -0.7677811142814264, -0.5631656841375028, 0.026811312231017403, -0.9438344237102541], [0.5672661986883533, 0.7057251369836005, -0.37171589155115337, 0.02092596851353512, -0.25912015572050096, 0.4040692462353489, 0.09335074445467517, 0.4089890739029034, -0.19394219467781237, 0.3167425103363811, 0.8079436628463074, 1.0, -0.511637437595204, 0.14841023846398127, 0.5434840636649704, -0.1514837742372832, 0.09603730596328375, -0.23902940294299468, -0.48874566303582845, 0.572352516083093, -0.368057625411804, 0.06411404136703525, 0.4755963505292464, 0.10180126723803862, 0.3155511572708267, -0.16546890128878067, 0.471423496064714, 0.7242846789901464, 0.3236292036168902, 0.30771128779072754, 0.4940393237429477, 0.5255994206094763, -0.05738002924257035, -0.16432977551822936, -0.37399174425737547, -0.4586939982844884, -0.4495259829959455, -0.2283665157342769, -0.7043765338925354, -0.2622084178558999, -0.2532986442780416, -0.35365022857882433, -0.3203508817620684, -0.6522889491555124, -0.5601472684477145, -0.17186461933017583, -0.3992020370695877, 0.583316795852994, 0.9213520917257947, -0.07459471852946375, -0.25315009504122177, -0.27247189364016466, -0.17416851973253356, -0.8427869377741566, -0.8671588016948344, -0.1798730141122804, -0.9719099848910298, -0.6203982286703495, -0.5516363391618588, -0.9135270366166925], [-0.10830152024475792, -0.28076395141833155, 0.9103932236869324, 0.7839170986281923, 0.8976773736246615, -0.042126966364694596, 0.6360708828033922, 0.43702595472726546, 0.8866108866196475, 0.5920323340204985, -0.3626490210869828, -0.511637437595204, 1.0, 0.6071332720597347, -0.25066995753096966, 0.9202435948462416, -0.06137606343823587, 0.948826731460446, 0.7698197968120598, -0.11753525443179669, 0.9859844980722987, -0.4525203267472544, -0.8753965615941386, -0.06403292491607182, 0.00021779593988358048, -0.5002706137383703, -0.9834938023111242, -0.9091443759011808, -0.7573815088730786, -0.7739362672038737, -0.3678618883786482, 0.3539861866649434, 0.011428009158143015, 0.8565224411182416, 0.9708447623983656, 0.03119868699523387, 0.9047818821324157, 0.9068936685896744, 0.4525709881126879, 0.9491017233586001, 0.9488832940643807, -0.043960413004059395, 0.8957030210458629, 0.9820381403243872, -0.19270081030423802, -0.29713751939587985, 0.894664254657457, -0.36602632592077033, -0.3136697091908398, -0.3915790531791885, -0.25857119189499334, 0.8788424383142391, -0.018284000157448688, 0.21857877744292398, 0.23302857796713095, -0.3371672668421135, 0.3127437863827045, -0.3469525221167098, 0.1551660812143456, 0.5809245947574462], [-0.13483733790094532, 0.2484254305955056, 0.5914978268463041, 0.8795892306349947, 0.8169024788538607, 0.7108181023886455, 0.972123046823938, 0.907716159311993, 0.8575562554707558, 0.7994240132164835, 0.37229331789748166, 0.14841023846398127, 0.6071332720597347, 1.0, 0.5132923745557495, 0.7917291029991477, 0.40342696511587184, 0.7857965432725417, 0.37660628100025884, 0.6446699790934384, 0.685350609887754, -0.8677372565659045, -0.4008071971367584, -0.5791528309575087, -0.3189961006900157, -0.4454539995345492, -0.6672176190455796, -0.5525241722785277, -0.757041205018707, -0.4654504204913932, -0.5291912873920013, 0.8746296447348453, -0.29156160041070267, 0.5328339284040082, 0.6351880366756208, -0.044186614439036376, 0.33275529255221903, 0.6293947994454857, -0.42505665567517625, 0.6384939680456372, 0.751536253636055, -0.07960176129361862, 0.6194360884495737, 0.5299514449681438, -0.4400636326856784, -0.37102773213141993, 0.5656755253094279, -0.11571213446312312, 0.4315353677000464, -0.1055475884293271, -0.27651757763237805, 0.41146877245108526, -0.5932611205890033, -0.5586035056066478, -0.34500568042655044, -0.39870908721306964, -0.3354082756901877, -0.6559721041588134, 0.08338174384318398, -0.21666352495624097], [-0.3525110371552653, 0.14046203923917333, -0.010303734639749207, 0.06784666816820195, 0.19256108934267935, 0.6774220820684831, 0.3519112548170793, 0.39926424257866766, 0.2160785723571883, 0.42899519362133454, 0.4599456332004368, 0.5434840636649704, -0.25066995753096966, 0.5132923745557495, 1.0, 0.04043320960942565, 0.8668902508240595, 0.01025970162363421, -0.5802514327604098, 0.588102063791313, -0.19241263915190276, -0.43436830566780493, 0.15929288649107898, -0.5942548736198578, -0.5768409572292081, -0.2935955665209433, 0.09597708337328237, 0.1438906238979185, -0.3758588091748962, -0.07775372658107038, -0.2422392779506386, 0.6820110287379304, -0.7665991435157677, -0.10167463669629351, -0.12255723432335275, -0.374791255229987, -0.3955670801518969, -0.3158211899187817, -0.917595871269151, -0.1452357907866333, 0.00235063900581578, -0.38687094191506355, 0.03725235058293086, -0.27244254411493496, 0.06110308339716608, 0.3202056356032291, 0.00100515548368163, 0.515797740142294, 0.5724822094084071, 0.6279264206794323, -0.4038274239965256, -0.47493800149328225, -0.38152697125321766, -0.6227193016039569, -0.2998047363951468, -0.48478513914747023, -0.6016289084780957, -0.2552863248839867, -0.28650039221634915, -0.6078393187690869], [0.03511674586921398, -0.08280852858365129, 0.9192935187660982, 0.8863523434306595, 0.9572202770115279, 0.14560573910931562, 0.7744912167315232, 0.6687525460438367, 0.9681468941595199, 0.8556965822563413, -0.09469442424601704, -0.1514837742372832, 0.9202435948462416, 0.7917291029991477, 0.04043320960942565, 1.0, 0.08945747629418332, 0.9951453826432363, 0.596825917433786, 0.1081132722011352, 0.9610383762861241, -0.5098095059987469, -0.8298633495871315, -0.07860903206949343, 0.051902760785845214, -0.7042471024881061, -0.9404939153593104, -0.7495912458503124, -0.8017545811875475, -0.8108394255405811, -0.23799747335768084, 0.6792896726352098, -0.13400203107614983, 0.9238324517279288, 0.9634060432107424, -0.2252649168220724, 0.8361308374245465, 0.8976398015934913, 0.15779926576632985, 0.9754224153516784, 0.9933377110601989, -0.275923674650969, 0.9274980191968273, 0.8475594795263879, -0.38971328775301006, -0.3181059311197796, 0.8946861237238921, -0.09628116917978757, 0.030453516316800266, -0.3746640250300024, -0.4821125921996785, 0.8438950558739464, -0.08187049565286264, -0.11090526208490803, -0.0647542389900666, -0.5512746904774224, -0.07511171185797871, -0.6487713309444001, -0.10492154959328426, 0.272994868578023], [-0.721316100790713, -0.35578589912379166, 0.2181210558766502, -0.06124129195821104, 0.33462946231496415, 0.40588804002168466, 0.20973348215328835, 0.10191581176992925, 0.31428499897344864, 0.3334427585963704, -0.027210268248011982, 0.09603730596328375, -0.06137606343823587, 0.40342696511587184, 0.8668902508240595, 0.08945747629418332, 1.0, 0.09464798893418291, -0.5469823421338005, 0.20947665735934706, -0.08351235527306589, -0.3658968253979906, -0.13342043195503916, -0.6077430610980117, -0.7952962407425077, -0.36310971957552285, -0.11326849572425557, -0.16911801713890995, -0.604717384712822, -0.3392053546107159, -0.4060592204897133, 0.4698265249309759, -0.9592996152545346, 0.010482984597798617, 0.050331563564738, -0.3589125553557788, -0.179062936607566, -0.3300843127075459, -0.6316465753263094, -0.03962593434613071, 0.11004640599642734, -0.43311489272583525, 0.24610677906155987, -0.0018655908491305162, 0.4858734389955687, 0.6390208261911244, 0.25414616611062435, 0.4562661324519772, 0.0905134797879209, 0.8531065650636084, -0.4818318879482302, -0.43128065256688797, -0.14564003697838168, -0.16449752611075108, 0.20900169943573732, -0.5954397493372814, -0.1791140416473911, 0.08189247765694241, -0.20637209222219943, -0.14629219363530033], [-0.03572436291019021, -0.1302899679465468, 0.9280793155805137, 0.8810263682324594, 0.9678380250342137, 0.14320669159735222, 0.7758769896731915, 0.6396147486504561, 0.9741159120363723, 0.8090533930059838, -0.1455226289898095, -0.23902940294299468, 0.948826731460446, 0.7857965432725417, 0.01025970162363421, 0.9951453826432363, 0.09464798893418291, 1.0, 0.6367069394123869, 0.08651742728644263, 0.9767284922204791, -0.5417101669981199, -0.8429552232802209, -0.1257746654180827, -0.006893526431988928, -0.6577514810057568, -0.9660701139871102, -0.8100835114242049, -0.8254605714231313, -0.8100906789274869, -0.313099766614958, 0.629597010379757, -0.13061839045162715, 0.9060876291912378, 0.9739675119083427, -0.15405091210444, 0.8431875398116152, 0.9009858733286497, 0.19371223616491884, 0.9735641484135665, 0.9969106636633047, -0.21429990632627827, 0.9318628319503768, 0.8912097792583477, -0.3346296132585236, -0.3086666971863168, 0.9061755010582166, -0.16776832388232643, -0.040294694820400156, -0.35100221852205515, -0.4297995158290062, 0.8395752049256973, -0.10363122028068883, -0.05188508954876414, 0.007157745612599964, -0.5102715072455684, 0.014233189381460454, -0.5782893193629426, -0.024618400436833054, 0.33493100170404677], [0.16626752643106435, 0.13885539266117375, 0.4415517412390031, 0.7205451717872856, 0.4779014967062607, 0.0515058023026167, 0.5480874861305789, 0.4177100249033263, 0.49376943712356813, 0.15346966367908754, -0.08312171343725105, -0.48874566303582845, 0.7698197968120598, 0.37660628100025884, -0.5802514327604098, 0.596825917433786, -0.5469823421338005, 0.6367069394123869, 1.0, 0.06842196428477199, 0.7733734737733492, -0.4432550049803823, -0.4109978058038475, -0.054159340167151626, 0.20214599397796595, 0.08613165255249233, -0.6512873497066431, -0.6661920201526073, -0.25134171243595826, -0.2036612901260355, -0.379444012852723, 0.010730221846756982, 0.5969426130902822, 0.4475984142940963, 0.618318047936283, 0.5479313262618732, 0.5984126173041941, 0.8610039233423844, 0.5263974220979808, 0.633216481750503, 0.6011421538882343, 0.5262580701862494, 0.41325060217176013, 0.7379313315125374, -0.4439610257046176, -0.7374296001424216, 0.4063569995961953, -0.8037991852988888, -0.2082524277609552, -0.7272515965404778, 0.35976164489476803, 0.7820630636660009, -0.3022379781889275, 0.12257727014165198, 0.0069272729217774165, 0.31349459366743515, 0.4032158777339132, -0.23100184110418853, 0.5708349228639521, 0.40649378733282493], [0.10913983036327435, 0.7915007684121284, -0.23024298938388466, 0.48569567116826007, 0.08697526649857878, 0.9623693842249584, 0.6845567392476226, 0.7972246179385463, 0.16345124037180891, 0.27823838694297875, 0.9069725496825563, 0.572352516083093, -0.11753525443179669, 0.6446699790934384, 0.588102063791313, 0.1081132722011352, 0.20947665735934706, 0.08651742728644263, 0.06842196428477199, 1.0, 0.002293503351301296, -0.7321992153097119, 0.4368805040959308, -0.647737418466126, -0.24325217638783547, 0.18980652476034954, 0.10037546525922603, 0.13558775636436549, -0.05148181917970507, 0.3551189230727031, -0.3828113951075993, 0.6014731714019834, 0.02771742240448516, -0.2188459298001908, -0.14138645892755441, 0.2569628660989307, -0.43342859326633576, 0.1035636059567373, -0.7943307754676374, -0.09507733348533765, 0.020906862104762114, 0.3040511786780724, -0.19404782328502024, -0.2116927968401927, -0.5829391292855186, -0.5432801620467167, -0.26441938476810756, -0.1650965832387974, 0.8321962099780826, -0.08496778354736789, 0.24754362719776768, -0.17604079200275202, -0.8992723991725255, -0.912436526619453, -0.7511309721299066, 0.1770201427321796, -0.5861168900320863, -0.49559467459754614, 0.2565953617072203, -0.8010402072814475], [0.008527060366335104, -0.1371599166977422, 0.8945631929939427, 0.866742493234974, 0.9086876241432214, 0.046506262532961085, 0.7179467494093555, 0.5643137219807847, 0.9115258806599346, 0.6807528398934831, -0.2173327580991864, -0.368057625411804, 0.9859844980722987, 0.685350609887754, -0.19241263915190276, 0.9610383762861241, -0.08351235527306589, 0.9767284922204791, 0.7733734737733492, 0.002293503351301296, 1.0, -0.49298552584894706, -0.8347600150612029, -0.05764014119512506, 0.0716525972946469, -0.535486413582779, -0.9679223149834892, -0.8451507505912583, -0.7354891722887138, -0.7475149161845798, -0.31730337405270737, 0.4685096968370106, 0.045790703741911076, 0.8786528769393912, 0.9702622040474309, -0.010128472862738214, 0.8837743546107117, 0.9526224722471869, 0.36315735560880036, 0.9704656544427238, 0.9707630486739265, -0.06867996272582877, 0.8873781634769973, 0.9378877475644956, -0.3416652536487099, -0.397643727552381, 0.8703052082418271, -0.3280268182173731, -0.156040682115423, -0.47062628325561473, -0.28299610090384264, 0.9067222295212629, -0.08350059067284277, 0.06596058875531996, 0.06933712354531985, -0.35410718624229287, 0.16282087841343107, -0.4942957775859411, 0.10133115989748231, 0.4466823876891123], [0.3652702550239272, -0.27678601706794215, -0.3030144711780731, -0.7258233278018036, -0.5884435581166878, -0.8457959205966117, -0.9013159469189058, -0.7694203267622264, -0.6251467583449521, -0.39618998980994435, -0.3886735231508258, 0.06411404136703525, -0.4525203267472544, -0.8677372565659045, -0.43436830566780493, -0.5098095059987469, -0.3658968253979906, -0.5417101669981199, -0.4432550049803823, -0.7321992153097119, -0.49298552584894706, 1.0, 0.11565829617866752, 0.8578970809949681, 0.5764233726660092, -0.024174670656699426, 0.48347148498448433, 0.559694573084805, 0.5977894188249111, 0.1275672967778675, 0.8402503656533158, -0.569751238137818, 0.15397967723137385, -0.14855413106684834, -0.3762283340062036, -0.4136393734912467, -0.04650748807588756, -0.44497869774798926, 0.44305043858339177, -0.3406795450930762, -0.4861964632139093, -0.36787437461615924, -0.3155567042670211, -0.434091719770495, 0.2674030336478642, 0.4186011580904183, -0.28491458310561946, 0.47235733853026196, -0.30046781504353115, -0.010677182183315592, -0.17935969345767244, -0.15360042144773933, 0.8572279593964559, 0.4678568687994007, 0.20568584627009034, -0.021002633711769025, 0.04834389174823206, 0.29152914338255287, -0.5341776436580021, 0.19627980867672723], [0.18452108359136932, 0.5956920596607996, -0.9756585170730161, -0.49400681322437134, -0.8527000215950817, 0.3409932456454595, -0.3340031378953805, -0.14625785109350775, -0.8140946126253712, -0.6306896888106373, 0.6163662369474217, 0.4755963505292464, -0.8753965615941386, -0.4008071971367584, 0.15929288649107898, -0.8298633495871315, -0.13342043195503916, -0.8429552232802209, -0.4109978058038475, 0.4368805040959308, -0.8347600150612029, 0.11565829617866752, 1.0, -0.1675891630309878, -0.01957437451969657, 0.7637813796113853, 0.9117941459919605, 0.789369097272413, 0.7878202106601335, 0.966266346750669, 0.09848573365001356, -0.3175025537770848, 0.2938786437443739, -0.9260097825760643, -0.9372324822259963, 0.36904855133081504, -0.9479059908937066, -0.6753179962160469, -0.49056958064217504, -0.9010582849178426, -0.8799573959015605, 0.456674482246871, -0.9654020671767993, -0.8810746920611849, -0.09046628674838453, -0.13625565531018502, -0.9804554091283693, -0.05215293528449716, 0.45408067054002066, 0.12603553156797564, 0.6185505566997062, -0.7633656838414473, -0.39476467108373825, -0.4103437454711649, -0.4300599233762552, 0.6643179432393281, -0.27125590630585683, 0.2468238175158044, 0.2332989944644952, -0.6894275497672995], [0.6724669721845205, -0.10120806307404862, 0.015230222248011627, -0.27211453814664277, -0.2653228599939148, -0.82458310341972, -0.5683175275450187, -0.4120768909715333, -0.2806896580409801, -0.044627930016300166, -0.30219223778826865, 0.10180126723803862, -0.06403292491607182, -0.5791528309575087, -0.5942548736198578, -0.07860903206949343, -0.6077430610980117, -0.1257746654180827, -0.054159340167151626, -0.647737418466126, -0.05764014119512506, 0.8578970809949681, -0.1675891630309878, 1.0, 0.8737322003379505, -0.2643303732353728, 0.13261592329503458, 0.34843318139966595, 0.4387160783551469, -0.10749991577203, 0.9013085382228049, -0.30885944314996405, 0.37325284942706705, 0.26043426366913414, 0.015498647715810665, -0.4625597616701791, 0.3372421324934647, 0.054528813049879, 0.6008322045600951, 0.0988970671599606, -0.07919696162208889, -0.4042308423704537, 0.00542655013939497, -0.11783662276178797, -0.1481202841797724, 0.03998658938993682, 0.006525023980783362, 0.3572298790104351, -0.17798186475737654, -0.456951195158537, -0.2877843054977296, 0.338357627517744, 0.8178693775216003, 0.3372229742664642, -0.014590430159341583, -0.12068366991474822, -0.0686156590493987, -0.13028673844538052, -0.5835488403183953, 0.2362663349921158], [0.9352123084742989, 0.35268706845850706, -0.05409278254437222, 0.061900925449677735, -0.22038461579702706, -0.4901765938956697, -0.23504684042072443, -0.008143037279351617, -0.1939643407219125, 0.07533601728201778, 0.10672059714574034, 0.3155511572708267, 0.00021779593988358048, -0.3189961006900157, -0.5768409572292081, 0.051902760785845214, -0.7952962407425077, -0.006893526431988928, 0.20214599397796595, -0.24325217638783547, 0.0716525972946469, 0.5764233726660092, -0.01957437451969657, 0.8737322003379505, 1.0, -0.14652612897941975, 0.10954534993636766, 0.37743702616727226, 0.5053528976488407, 0.06591722882982387, 0.8186700748059915, -0.10089989400222188, 0.6521435224804724, 0.2568992645288217, 0.0404485583592753, -0.26331016020129794, 0.2827433538252153, 0.29487984169973, 0.44231449866148453, 0.1722180776721054, 0.00512579800468238, -0.1675448869468057, -0.05484870599904634, -0.1212718149768457, -0.5959366394667502, -0.42796782870668615, -0.09145980159950873, 0.13664727969459123, 0.1754983110582211, -0.784922136448915, -0.08495122760077378, 0.47522856286176896, 0.4423077826159336, -0.04003030847517075, -0.4225006215187619, 0.07561061028197513, -0.28866924926926973, -0.4477356969539077, -0.4159223791443387, -0.054274789201193], [-0.06731731602767987, 0.3169843408589176, -0.7877934879366169, -0.38281823884909594, -0.7018541365083046, 0.171369882330499, -0.28889444877298254, -0.2907166016759437, -0.6906828303909225, -0.8684276332870502, 0.2194694729739165, -0.16546890128878067, -0.5002706137383703, -0.4454539995345492, -0.2935955665209433, -0.7042471024881061, -0.36310971957552285, -0.6577514810057568, 0.08613165255249233, 0.18980652476034954, -0.535486413582779, -0.024174670656699426, 0.7637813796113853, -0.2643303732353728, -0.14652612897941975, 1.0, 0.5986353359470845, 0.30755657944508186, 0.653066341936837, 0.8797568546147128, -0.2749741342783416, -0.668409895569329, 0.5390162228710816, -0.8481445948139243, -0.6930850677066784, 0.8419297081337704, -0.6662555528627223, -0.40774821583019216, -0.01037675467696264, -0.7116695960134947, -0.7019124392508345, 0.876376524306704, -0.8135740733809078, -0.4344256350287239, 0.0961742954978454, -0.2622723549756545, -0.7872131290647331, -0.6198111955614993, -0.06774564998346944, -0.014630365626482122, 0.9590846018222764, -0.5048658369808092, -0.4360718489725137, 0.04942094184807677, 0.007643838213322374, 0.9571238302686723, 0.3612996390844996, 0.579307030356147, 0.7451194111652505, -0.1530875720326519], [0.21014874634047254, 0.3491958266969195, -0.9581927698181114, -0.7640699334412286, -0.9559806340271171, -0.0032988801659668, -0.6557789219278733, -0.4473647639973495, -0.9409992650313623, -0.6707641891656531, 0.37299214844506356, 0.471423496064714, -0.9834938023111242, -0.6672176190455796, 0.09597708337328237, -0.9404939153593104, -0.11326849572425557, -0.9660701139871102, -0.6512873497066431, 0.10037546525922603, -0.9679223149834892, 0.48347148498448433, 0.9117941459919605, 0.13261592329503458, 0.10954534993636766, 0.5986353359470845, 1.0, 0.9194268633959272, 0.8593406798440236, 0.8519512357329875, 0.3954408347509031, -0.4479285916728637, 0.1676733251838397, -0.8785444576119819, -0.9843956432928183, 0.07793766372046929, -0.8866691295134688, -0.8459284280393029, -0.3458938278128374, -0.9506484642276445, -0.9716579350942163, 0.16389848128605167, -0.9496215864910842, -0.9719226245484422, 0.11309053570751937, 0.16860073974599654, -0.948755688258746, 0.24346154624315774, 0.2899035263694756, 0.2455492961333341, 0.3822235965106101, -0.8116760536601728, 0.006173260329268682, -0.18900687898470858, -0.2608638929872438, 0.47434679433971993, -0.2557452836454046, 0.3528669858448168, -0.07028610429053583, -0.5516463947004695], [0.4963678636238795, 0.4777598546311248, -0.8185311488123679, -0.6060771156611582, -0.8378690948532266, -0.0366546438344717, -0.5645272325664537, -0.26700805136588146, -0.8073763947495847, -0.3752115364462696, 0.49135070761521327, 0.7242846789901464, -0.9091443759011808, -0.5525241722785277, 0.1438906238979185, -0.7495912458503124, -0.16911801713890995, -0.8100835114242049, -0.6661920201526073, 0.13558775636436549, -0.8451507505912583, 0.559694573084805, 0.789369097272413, 0.34843318139966595, 0.37743702616727226, 0.30755657944508186, 0.9194268633959272, 1.0, 0.8263423754988902, 0.6962497335304714, 0.6599886334819715, -0.19673172148879203, 0.17009061915410573, -0.6343366269760446, -0.8407052332068305, -0.21827177028796108, -0.7283226316568046, -0.6852856621214698, -0.3771307911855355, -0.7587044781327315, -0.8085303870263618, -0.10642372981548576, -0.7956587020898354, -0.9626143836454273, -0.14597338443321428, 0.0784020120971709, -0.8230298936718681, 0.47278239879857176, 0.5019097325637338, 0.06021781221903366, 0.11278234432586942, -0.6140290605082206, 0.12380127545720288, -0.3660803255190581, -0.500349794273619, 0.2415560510955188, -0.5522976109884121, 0.0033783251403157744, -0.3836408928193471, -0.6756978184772726], [0.5399583265216462, 0.4438147895552742, -0.8733090853531698, -0.594498611802698, -0.9398450381483294, -0.2355107482888945, -0.6516179471371317, -0.42932323672890504, -0.9191117095215362, -0.7090559142395998, 0.2933231693556534, 0.3236292036168902, -0.7573815088730786, -0.757041205018707, -0.3758588091748962, -0.8017545811875475, -0.604717384712822, -0.8254605714231313, -0.25134171243595826, -0.05148181917970507, -0.7354891722887138, 0.5977894188249111, 0.7878202106601335, 0.4387160783551469, 0.5053528976488407, 0.653066341936837, 0.8593406798440236, 0.8263423754988902, 1.0, 0.8448866203909349, 0.5429743888672214, -0.6084004115477524, 0.6199246752221611, -0.7012087361572981, -0.8119128587173945, 0.22863786594646973, -0.6085004988313867, -0.513959989384781, 0.06130734700209073, -0.7390186067640019, -0.8357402592091003, 0.33502655682418647, -0.8811233067591591, -0.777469430546148, -0.1460733975219568, -0.17484498231622125, -0.8833843252883533, -0.0229637726957288, 0.17153028197200793, -0.2364789307277304, 0.5374847696587434, -0.4263170079453449, 0.10692965432157009, -0.049417489863648134, -0.3026502103787365, 0.6723426754654697, -0.10842113166463974, 0.24675158916411222, 0.03133256062847156, -0.35285211462962174], [0.23174115587275212, 0.5889267712024538, -0.9643988562766963, -0.4514924699138534, -0.8646069060257657, 0.24849443156330786, -0.3465630860106379, -0.18855925931411144, -0.8288995803573642, -0.7371910517595301, 0.5318634304349571, 0.30771128779072754, -0.7739362672038737, -0.4654504204913932, -0.07775372658107038, -0.8108394255405811, -0.3392053546107159, -0.8100906789274869, -0.2036612901260355, 0.3551189230727031, -0.7475149161845798, 0.1275672967778675, 0.966266346750669, -0.10749991577203, 0.06591722882982387, 0.8797568546147128, 0.8519512357329875, 0.6962497335304714, 0.8448866203909349, 1.0, 0.062146852330189684, -0.46908897539922445, 0.5001135239244707, -0.910748174770819, -0.8855926502476434, 0.5441941239095575, -0.8556516968486143, -0.5576159194066528, -0.2845878035545688, -0.8489816260593519, -0.8519579445965273, 0.6302880152291875, -0.9669424992776516, -0.7718200797042147, -0.12386714281886091, -0.27034339026525767, -0.9736801999028317, -0.2645578831655686, 0.31976685182749875, -0.03872464312088475, 0.7791199507903634, -0.6358757935504467, -0.3934506856787363, -0.28127564247010794, -0.36099152253620126, 0.8293078150474334, -0.09310257662211341, 0.31179430580734224, 0.39513683437500724, -0.5427409022180174], [0.7341515759305156, 0.12333814216964878, -0.2025588147360904, -0.3642119081127846, -0.4132337483519124, -0.5875950365897762, -0.5643935565411069, -0.30422656912238244, -0.40798915828576465, 0.01740445998535134, 0.01959611908418457, 0.4940393237429477, -0.3678618883786482, -0.5291912873920013, -0.2422392779506386, -0.23799747335768084, -0.4060592204897133, -0.313099766614958, -0.379444012852723, -0.3828113951075993, -0.31730337405270737, 0.8402503656533158, 0.09848573365001356, 0.9013085382228049, 0.8186700748059915, -0.2749741342783416, 0.3954408347509031, 0.6599886334819715, 0.5429743888672214, 0.062146852330189684, 1.0, -0.1138747638833324, 0.21090572505769467, 0.07414371205860337, -0.23213764697372485, -0.6262445613168137, 0.025759293531550598, -0.18773311235877133, 0.1986007261817635, -0.1269062233859677, -0.2721492114000408, -0.5372350115505511, -0.19000327564104724, -0.45278748216125453, -0.2287939903385512, 0.10324272446188887, -0.21275459161433452, 0.6255777709755659, 0.17935528488389885, -0.2912755894858621, -0.3728098152789776, 0.05519416340943206, 0.6944862964547502, -0.0015349966501967405, -0.29416679926004985, -0.1964916654161657, -0.4367950521081698, -0.2596534435680984, -0.7671323509616315, -0.16633074652090984], [0.09751202246319202, 0.31627023084525097, 0.49543665128842007, 0.7006093067671799, 0.6700597182155968, 0.5999618973918537, 0.7787208890447105, 0.8475866686913199, 0.7170421073064224, 0.9211936536488025, 0.48495593059718356, 0.5255994206094763, 0.3539861866649434, 0.8746296447348453, 0.6820110287379304, 0.6792896726352098, 0.4698265249309759, 0.629597010379757, 0.010730221846756982, 0.6014731714019834, 0.4685096968370106, -0.569751238137818, -0.3175025537770848, -0.30885944314996405, -0.10089989400222188, -0.668409895569329, -0.4479285916728637, -0.19673172148879203, -0.6084004115477524, -0.46908897539922445, -0.1138747638833324, 1.0, -0.42896579053342876, 0.5385188601075179, 0.48630215963068935, -0.4646202798448127, 0.23488050318888765, 0.43165985222868697, -0.581539563858497, 0.5301257053922012, 0.6150693792810247, -0.4634279416087801, 0.5423452136916854, 0.2346979755231674, -0.5006732785111938, -0.19732775025803972, 0.4699786318481154, 0.3465334807384257, 0.6565394966658177, -0.04231930169059872, -0.5839358193320829, 0.29172919807378284, -0.34386702964477056, -0.7111346515415016, -0.5431939505926049, -0.6443617278015961, -0.7011482648453167, -0.8305615467882328, -0.37717547865310896, -0.45022169976967863], [0.6587772637681916, 0.519868742403479, -0.3345776207255857, 0.13241060316847808, -0.36418645146914486, -0.15712304363873897, -0.07082538612311495, 0.03239043843802103, -0.3296047254740404, -0.3876487413056078, 0.21297015240956374, -0.05738002924257035, 0.011428009158143015, -0.29156160041070267, -0.7665991435157677, -0.13400203107614983, -0.9592996152545346, -0.13061839045162715, 0.5969426130902822, 0.02771742240448516, 0.04579