"[[0.0005856474826727829, 0.0005865932567822368, 0.0005997543954828507, 0.9982280048650621], [0.0006197127650950286, 0.0006223437780456516, 0.0006378042214091645, 0.9981201392354502], [0.06390151954489273, 0.0007601259645958133, 0.0007707903431071658, 0.9345675641474043], [0.0730563800323984, 0.0007048486381676313, 0.0007154557641857088, 0.9255233155652483], [0.02672177024351336, 0.0007843284271958868, 0.2603290305388823, 0.7121648707904086], [0.12866250170906712, 0.0006307105994828339, 0.000651757618605973, 0.870055030072844], [0.0008095159692345689, 0.0008140152765989974, 0.0008355441985179166, 0.9975409245556485], [0.08666744871667365, 0.0006231831276271568, 0.0006385473355416028, 0.9120708208201576], [0.0007560339076002264, 0.0007623072875787428, 0.0007791084328018685, 0.9977025503720193], [0.0007508580466821892, 0.0007558656584181856, 0.0007708406728464928, 0.9977224356220532], [0.0006162492471496025, 0.0006196239732545542, 0.0006316086709322427, 0.9981325181086637], [0.0006484872557134387, 0.0006520498702235401, 0.21455949899749419, 0.7841399638765689], [0.1516040254134033, 0.0007697102233324546, 0.0007663754524002145, 0.8468598889108641], [0.08826871562936588, 0.000705990402175897, 0.0007335389868015217, 0.9102917549816567], [0.0005961016225493317, 0.0006013362851249211, 0.00061497485095109, 0.9981875872413747], [0.0007449201090927208, 0.21527294887463003, 0.01946924991971117, 0.764512881096566], [0.0006175475197129449, 0.9980785125236623, 0.0006397728686346292, 0.0006641670879901229], [0.000771444549909773, 0.0008139714324585715, 0.0008022931074526663, 0.997612290910179], [0.0006720198613710568, 0.0006781270390775196, 0.000694431056436077, 0.9979554220431154], [0.0005899076197398854, 0.0005947613001177202, 0.9932180118570489, 0.0055973192230935045], [0.0007749719081984947, 0.2306160990219382, 0.0007944851779434226, 0.7678144438919199], [0.0006291730476965271, 0.0006353265391382818, 0.9980594199217551, 0.0006760804914101265], [0.0005707326446745468, 0.0005725171360456884, 0.9982460236824016, 0.0006107265368780867], [0.0006616356802647583, 0.12166490022809973, 0.0006920707172598523, 0.8769813933743756], [0.0005989422458965051, 0.0006071803501907239, 0.6265643379662147, 0.37222953943769804], [0.0005695064688350452, 0.0005723955469569382, 0.0005896819836020934, 0.9982684160006059], [0.0005726180070735069, 0.0005757044424207792, 0.0005984698825926641, 0.998253207667913], [0.0005701171681231407, 0.0005731893586216969, 0.9982461303898491, 0.0006105630834060643], [0.0006306358961152366, 0.0006371125239658735, 0.0006552676191363598, 0.9980769839607825], [0.31298466709084705, 0.0005814116309688468, 0.0006001996488070284, 0.6858337216293772], [0.000668151322388056, 0.0006781301281423516, 0.3895699320342226, 0.6090837865152471], [0.000765501652720954, 0.2001290984814776, 0.0007975670744791933, 0.7983078327913223], [0.0008000279179758818, 0.000807130148286275, 0.0008258648833488494, 0.9975669770503889], [0.0007889745466223632, 0.07868237341718459, 0.0008033529917454977, 0.9197252990444476], [0.0007776423863258409, 0.0007863997515154267, 0.0008033458829149247, 0.9976326119792438], [0.0007242369315327939, 0.0007268586051976069, 0.0007409611110526643, 0.997807943352217], [0.0006889184449392409, 0.0006919145000520031, 0.0007052981356238738, 0.9979138689193848], [0.0007770041498256357, 0.0007846538366767261, 0.0008078617575614887, 0.9976304802559361], [0.0007478823012646422, 0.0007559837001406738, 0.08222973847061622, 0.9162663955279784], [0.07329454375068309, 0.10911615440775761, 0.0007916371378880813, 0.8167976647036712], [0.0007348624277731216, 0.0007389296468126402, 0.0007540581515770498, 0.9977721497738372], [0.0007433301536985525, 0.0007510079291774719, 0.0007721624888363479, 0.9977334994282877], [0.012168504452999765, 0.0008056526460630266, 0.0008231754781468959, 0.9862026674227904], [0.19819218044666964, 0.0008163159920120641, 0.0007881359165045692, 0.8002033676448137], [0.0006865788212570803, 0.0006960330851142663, 0.0007068829368628196, 0.9979105051567658], [0.0007372028389258185, 0.0007432704031933858, 0.0007584861891178148, 0.997761040568763], [0.0007410651238357391, 0.0007506789675198038, 0.0007547698905993136, 0.9977534860180451], [0.0006145424025918391, 0.0006197987467222899, 0.0006314091765225299, 0.9981342496741633], [0.0006843496368715976, 0.0007051673920656248, 0.39841385351054165, 0.6001966294605211], [0.0849715314009557, 0.0008256732672436793, 0.032019040921969465, 0.8821837544098311], [0.0007515797044669287, 0.0007596518409004351, 0.29493721247240023, 0.7035515559822324], [0.0007681004414838009, 0.1103794407389964, 0.0007946598936124491, 0.8880577989259073], [0.0007828793236849622, 0.0007933974041699406, 0.23864214876514128, 0.7597815745070039], [0.3145831250561642, 0.0007045773466016365, 0.0007015175535994107, 0.6840107800436348], [0.0005943229425587857, 0.9098814733057609, 0.0006152248346709197, 0.08890897891700937], [0.0006878957568896807, 0.40356450641465724, 0.0007073637251794112, 0.5950402341032738], [0.0006686528098704891, 0.0006783215482667607, 0.0006893577161864329, 0.9979636679256764], [0.0006880306775180727, 0.43731769670715276, 0.0007135045496264832, 0.5612807680657026], [0.0006755351782520387, 0.0006987148429711673, 0.6986263105069188, 0.2999994394718579], [0.0007526952184525596, 0.0007665018608012447, 0.0007790273192459669, 0.9977017756015002], [0.0006577951196186908, 0.0006734204248491425, 0.6282967532489759, 0.3703720312065563], [0.0006627113599640986, 0.43767833373036563, 0.0006807556095299089, 0.5609781993001404], [0.08409788382354702, 0.000636776137671838, 0.0006557557574834085, 0.9146095842812977], [0.0007488022182132129, 0.0007624378369783551, 0.018929399636008492, 0.9795593603087999], [0.0007588348854891792, 0.0007930454532529638, 0.24725865938504793, 0.7511894602762099], [0.18497650653256464, 0.0007420621012774551, 0.0007359672586465657, 0.8135454641075114], [0.0007468300601369197, 0.0007550922909240953, 0.0007685778500939219, 0.9977294997988451], [0.0007186523933482657, 0.0007522535874111649, 0.329313858525463, 0.6692152354937776], [0.0008261862348033626, 0.0008300649139791015, 0.0008510657002078364, 0.9974926831510097], [0.038558004503407184, 0.0006764955436176, 0.0007087811096525736, 0.9600567188433227], [0.000792473418964198, 0.0007996251438577122, 0.0008175852570983672, 0.9975903161800798], [0.0007707233889494504, 0.0007758961115679299, 0.0008023248513123775, 0.9976510556481702], [0.0007747709535530068, 0.0008040566502668581, 0.32105004999009046, 0.6773711224060897], [0.0006279091082163816, 0.0006147806640291639, 0.14572107738751805, 0.8530362328402364], [0.0007559460106261384, 0.0007617050853930349, 0.0007791743749348709, 0.997703174529046], [0.0006361452433765634, 0.26766446579953096, 0.0006600347573617694, 0.7310393541997307], [0.0006703798752555141, 0.0006766364932869276, 0.000692255386108705, 0.9979607282453489], [0.0007013825747171692, 0.0007062918617888326, 0.0007219159212177086, 0.9978704096422762], [0.0007106832951654133, 0.0007213104395567354, 0.0007304019757497878, 0.997837604289528], [0.0006934695877520325, 0.0006961436337151332, 0.00071079426381686, 0.997899592514716], [0.0006408116456411876, 0.0006482083633958848, 0.0006612183195811626, 0.9980497616713817], [0.000763242683425745, 0.0007728639742530751, 0.1273907682246, 0.8710731251177212], [0.0008619797812113585, 0.0008698995052462239, 0.0008829418177167574, 0.9973851788958257], [0.0006793888536720879, 0.0006840995369577701, 0.0007001096848920565, 0.9979364019244781], [0.000658283536873934, 0.0006648060561031336, 0.0006826232883044252, 0.9979942871187185], [0.0006820568849207918, 0.0007781885308023741, 0.000706124043256206, 0.9978336305410206], [0.21783470608918312, 0.0006647033404345474, 0.0830343326098343, 0.6984662579605481], [0.0006328182437230459, 0.0006365077140319944, 0.000654702264615616, 0.9980759717776294], [0.0005970738740258765, 0.0006077385957368565, 0.8776640472101616, 0.12113114032007574], [0.0006091053719576452, 0.0006257191257337205, 0.5117850391109596, 0.48698013639134907], [0.0006561130998292737, 0.0006587181748791331, 0.0006759635732929353, 0.9980092051519986], [0.000736235577269133, 0.0007403952848160483, 0.0007563197340825828, 0.9977670494038323], [0.0006335246242351455, 0.08724613732947868, 0.0006569660498064172, 0.9114633719964798]]"