"[[1.0, 0.0058118883998311555, 0.23863365803969216, 0.08136743220021836, 0.0006395798904268446, 0.0003809278520316983, 0.2125144344369735, 0.9926408125253596, 0.09377265660302758, 0.007481235828012189, 0.0, 0.009708514412912206, 0.0011283810075297662, 0.06375596759191615, 0.0, 0.004527696407792825, 0.0, 0.0007593198800944778, 0.004906606558431559, 0.0, 0.0006117090710087147, 0.0, 0.0, 0.01573372258194128, 0.03575887582758075, 0.0, 0.0029004618071527544, 1.5503665162786007e-07, 4.196158528979588e-06, 0.0, 0.004880942294206436, 0.0, 0.12780373608754492, 0.007217758523260898, 0.09177020071221431, 0.9694007192275189, 0.0666486886426767, 0.1842845420343734, 0.0015703964250614044, 0.018884587544918396, 1.5820064991567406e-05, 0.0011902156642871198, 0.0009464140110584385, 0.003268311099532295, 0.0004047314811299607, 0.001203799979599185, 0.007564094181059189, 0.0, 0.0, 0.009130861434991644, 0.0, 0.015953275524365984, 0.0, 4.122182737376079e-07, 0.0, 0.020908650558311703, 0.0, 0.0, 0.000579358609488434, 9.855750331411173e-05], [0.0058118883998311555, 1.0, 0.4140077809248468, 0.8510817923449367, 0.0, 0.06401456174043374, 0.3344334273219871, 0.0, 0.2078176110413088, 0.11136611271226327, 0.0, 0.25578067064814425, 0.041485121934852875, 0.0, 0.0, 0.15408544580074912, 0.0, 0.0, 0.0781697572578377, 0.0, 0.0, 0.0, 0.0, 0.0, 0.0, 0.0, 0.0, 0.0, 0.0, 0.0, 0.0, 0.0, 0.0, 0.0, 0.0, 0.0, 0.0, 0.0, 0.0, 0.16627798364980195, 0.0, 0.0, 0.0, 0.08920256340979582, 0.0, 0.0, 0.0, 0.0, 0.0, 0.0, 0.0, 0.0, 0.0, 0.0, 0.0, 0.11445380352013068, 0.0, 0.0, 0.09926844676260249, 0.0], [0.23863365803969216, 0.4140077809248468, 1.0, 0.7061365989208825, 0.6710723803337866, 0.08092566024087977, 0.7209225922915737, 0.2686952338902293, 0.8442853964957521, 0.6253567236020698, 0.0, 0.3115507972128704, 0.7006122861193104, 0.3160266602566284, 0.0, 0.685622477675241, 0.1889572002535297, 0.6180867411602886, 0.21580135562738434, 0.0, 0.18829919835325215, 0.0, 0.0, 0.0, 0.16037191758477531, 0.0, 0.0, 0.0, 0.0008078804862771127, 0.0, 0.07307475498622196, 0.0, 0.1859052677051034, 0.6844234384731966, 0.6328453200405767, 0.27554931566046614, 0.6653515511107239, 0.679572420858032, 0.44052183102713016, 0.6348275875887001, 0.5983726583977319, 0.008993734773674267, 0.651803504180946, 0.7484320021513501, 0.0, 0.0, 0.6904546974158743, 0.0947670083893597, 0.05753515507036122, 0.21261089008981338, 0.0, 0.6759947588159234, 0.1279743998661934, 0.0006292142240249543, 0.21927914715559238, 0.22609702464547932, 0.0475624773065324, 0.28819194443451546, 0.12726680364306686, 0.373117047805275], [0.08136743220021836, 0.8510817923449367, 0.7061365989208825, 1.0, 0.41112873799849736, 0.07947441380596554, 0.6487099122230695, 0.09794743059145494, 0.5605575928500336, 0.4912515173209444, 0.0, 0.3419977525388964, 0.3867252744519638, 0.29838625854534295, 0.015220026934684161, 0.5370328791293556, 0.020469932772536503, 0.3437708435801524, 0.20401649399103117, 0.10016164360762936, 0.12431879254125477, 0.12521619865998557, 0.0, 0.02366083376834749, 0.16202797886135523, 0.0, 0.0, 3.323699725443774e-07, 4.725420318718587e-05, 0.010331359626224557, 0.041410885795055696, 0.0, 0.200651567214016, 0.4239189866385342, 0.44944429974419076, 0.09094075920865963, 0.4266575749011946, 0.4481558321876671, 0.3779602893570907, 0.40009241401599127, 0.4260748759099633, 0.035881688301364734, 0.4302650765827086, 0.5181423351314837, 0.0, 0.0025807250218832234, 0.4477692612156202, 0.0, 0.07883327216951408, 0.16149603576474025, 0.0, 0.44437620548398815, 0.004690097060341625, 2.0246073840879397e-05, 0.0429620906599939, 0.2080996384287115, 0.0, 0.0, 0.11375472467330205, 0.0], [0.0006395798904268446, 0.0, 0.6710723803337866, 0.41112873799849736, 1.0, 0.024675189638420414, 0.7621431219315556, 0.05845898786203041, 0.8531535860413907, 0.7442379663493034, 0.0, 0.2537260857870298, 0.8388269761570898, 0.42067949596827015, 0.0, 0.8604240913299143, 0.06710353472004182, 0.8077681255421105, 0.29397421336462426, 0.09324299836674399, 0.3084810987796749, 0.0, 0.0, 0.0, 0.0, 0.0, 0.21430806472116704, 2.2752405526293984e-07, 0.00039935975218929887, 0.0, 0.043249384719505346, 0.02305223077483287, 0.11467942218972571, 0.9095943329707233, 0.8988763526477541, 0.025005214393916564, 0.8227972893657772, 0.8630536999879234, 0.6914878822358536, 0.5902183469774478, 0.9214166202726037, 0.05339286871366333, 0.9145604348886205, 0.8562025113408291, 0.0, 0.0017666367938123928, 0.8895398512291803, 0.07923493500369672, 0.0, 0.0, 0.0, 0.8237794925682832, 0.046701018989370735, 0.046877699371169035, 0.048410135198651005, 0.10372621099714197, 0.18181825565107756, 0.0, 0.009999979044787777, 0.16092997355487237], [0.0003809278520316983, 0.06401456174043374, 0.08092566024087977, 0.07947441380596554, 0.024675189638420414, 1.0, 0.21077572740804917, 0.007273419017701843, 0.14206423217004782, 0.4583895248947193, 0.9516278587271704, 0.5124220704985151, 0.07363636378994465, 0.14092766211300123, 0.005109805425999481, 0.3563412286683668, 0.0, 0.06444223435674223, 0.011904523004192535, 0.07916046340508431, 0.09535521348183695, 0.0, 0.0, 0.0, 0.0, 0.0, 0.0, 0.014201511032839287, 0.0007205080506068606, 0.2085547707370441, 0.0004075060417649823, 0.07974423976439182, 0.002702358638072666, 0.07014229045643106, 0.020317117096872228, 0.040470774113300356, 0.055808495934038915, 0.03788438351947532, 0.01590813450511641, 0.04171042071259845, 0.023302601177383253, 0.05436273300609318, 0.016647987976378897, 0.06536649761324853, 0.021946311681517505, 0.0, 0.1854025855103827, 0.0, 0.12075439021500012, 0.0, 0.0072435936665672385, 0.1721952531488402, 0.0, 4.727439329843541e-05, 0.0, 0.06941402388535345, 0.021277138870236745, 0.13503735664740057, 0.046957546393418315, 0.0], [0.2125144344369735, 0.3344334273219871, 0.7209225922915737, 0.6487099122230695, 0.7621431219315556, 0.21077572740804917, 1.0, 0.26527147158397657, 0.8368860456835999, 0.7300173078104156, 0.12685534743937366, 0.46319489377539236, 0.6545570585613278, 0.4444527916221557, 0.06320312530537453, 0.8248059321479043, 0.04481191348324798, 0.746566758202887, 0.2643425855890872, 0.1949916827001681, 0.44467787078527765, 0.0, 0.0, 0.0, 0.0011530396969660073, 0.22532878622438612, 0.0, 1.925990825157875e-06, 0.0030886247857143667, 0.0, 0.0329259592801463, 0.22888965234756908, 0.16217870339779017, 0.726559511492424, 0.7537504577870049, 0.28897610570609467, 0.7172254375209363, 0.7871943866691845, 0.59844773172818, 0.48545014353406946, 0.8026416526298569, 0.015601549907908074, 0.7281457017652981, 0.7903245160431708, 0.0, 0.01495457810751688, 0.7465648517148412, 0.10337125817098403, 0.0, 0.0, 0.22301865871493287, 0.6785511535654666, 0.0, 6.216428982352973e-05, 0.0, 0.13673515848300644, 0.06957182275354135, 0.16294206647982068, 0.09197446560983091, 0.0], [0.9926408125253596, 0.0, 0.2686952338902293, 0.09794743059145494, 0.05845898786203041, 0.007273419017701843, 0.26527147158397657, 1.0, 0.15144954799731936, 0.060232381560299864, 0.0, 0.022109501577836754, 0.047066991048645423, 0.1263211624218562, 0.0032761814986144167, 0.04485693252432055, 0.06427604174042734, 0.04088138707651101, 0.012662222598773365, 0.080279414429142, 0.014735614055080393, 0.0, 0.0, 0.0, 0.0, 0.0, 0.0, 0.0, 5.044624438399481e-06, 0.0, 0.0015463034640258444, 0.0, 0.11641655301285947, 0.04385133399011987, 0.13369993906674782, 0.964728278862326, 0.09455600413809073, 0.22892092821977106, 0.033863642462719334, 0.0676854106430741, 0.04651593474463678, 0.004680268307351243, 0.04487557188416558, 0.041909139503481185, 0.0, 0.0, 0.04365816148892965, 0.0, 0.0, 0.0, 0.0, 0.04492100734586224, 0.0, 0.0, 0.0, 0.001862752645224508, 0.014807021894332362, 0.0, 0.00014553183608123632, 0.0], [0.09377265660302758, 0.2078176110413088, 0.8442853964957521, 0.5605575928500336, 0.8531535860413907, 0.14206423217004782, 0.8368860456835999, 0.15144954799731936, 1.0, 0.8073878738957296, 0.06838719099008195, 0.35682638052407545, 0.7417132689061403, 0.40423888569700983, 0.005630363890127832, 0.8742812829276878, 0.15561822453333551, 0.7387661093253355, 0.2442491247675702, 0.11871218823480434, 0.24256296735940708, 0.0, 0.0, 0.0, 0.0, 0.0, 0.0, 0.0, 0.0009702026996295521, 0.0, 0.05372504199413941, 0.0, 0.14077362351176836, 0.833873597446906, 0.8143941577699187, 0.13492171981707213, 0.8266010107325783, 0.8003953113477119, 0.6167520892928705, 0.6005391576902448, 0.83330630030824, 0.010153013759612417, 0.8396010856216447, 0.8558841120818074, 0.0, 0.0, 0.833514995645281, 0.055815624119951446, 0.0, 0.0, 0.008441358822718126, 0.7155011953633156, 0.22424012933244175, 0.001038993519123399, 0.0, 0.11091859940823456, 0.0, 0.3235001764042311, 0.11760583358394983, 0.18071736635052238], [0.007481235828012189, 0.11136611271226327, 0.6253567236020698, 0.4912515173209444, 0.7442379663493034, 0.4583895248947193, 0.7300173078104156, 0.060232381560299864, 0.8073878738957296, 1.0, 0.4370773975451945, 0.5273703208488197, 0.6351011394708216, 0.4509662269204303, 0.09705900033007764, 0.9025021137772123, 0.20628197651381597, 0.606923188682356, 0.22618501900441734, 0.14478087868029887, 0.22150337274535592, 0.21516879664409494, 0.015326213097149655, 0.10055642169242318, 0.1468687548229215, 0.0, 0.0, 0.0, 0.00016034257697961074, 0.0, 0.08538829303528317, 0.009587869987561115, 0.3087003815345677, 0.7534549987324323, 0.7470359962222102, 0.03485584573141609, 0.7500879212458242, 0.6873232392755418, 0.6801922031046098, 0.5191592596509952, 0.7388483467934932, 0.01788134939304198, 0.7368480324394454, 0.7219331026168545, 0.0, 0.0, 0.7978707645165873, 0.1628761729050625, 0.065108416948357, 0.0, 0.0, 0.7288621313512341, 0.2555784075441173, 0.001069008390991999, 0.018173164232221706, 0.1318489324812563, 0.008697697533092574, 0.039681134229172854, 0.027231206688711262, 0.0], [0.0, 0.0, 0.0, 0.0, 0.0, 0.9516278587271704, 0.12685534743937366, 0.0, 0.06838719099008195, 0.4370773975451945, 1.0, 0.47722193307311755, 0.0, 0.0, 0.0, 0.342502035552805, 0.0, 0.0, 0.0, 0.0, 0.0, 0.0, 0.0, 0.0, 0.0, 0.0, 0.0, 0.0, 0.0, 0.0, 0.0, 0.0, 0.0, 0.05789115568863212, 0.0, 0.0, 0.0, 0.0, 0.0, 0.0, 0.0, 0.0, 0.0, 0.0, 0.0, 0.0, 0.1717537616647512, 0.0, 0.0, 0.0, 0.0, 0.07879676334222274, 0.0, 0.0, 0.0, 0.0, 0.0, 0.0, 0.0, 0.0], [0.009708514412912206, 0.25578067064814425, 0.3115507972128704, 0.3419977525388964, 0.2537260857870298, 0.5124220704985151, 0.46319489377539236, 0.022109501577836754, 0.35682638052407545, 0.5273703208488197, 0.47722193307311755, 1.0, 0.1977746275650326, 0.1725657523187576, 0.17223968816214275, 0.4756340622850912, 0.015356697101073458, 0.23162474406366396, 0.08263050013761442, 0.1115778246840522, 0.06898031628294854, 0.0, 0.016267545133177186, 0.5169227596416074, 0.0, 0.2745824804234789, 0.030624917576778654, 0.4636432734929131, 0.00048648523687355727, 0.0, 0.019464982876468362, 0.0, 0.2128893841528715, 0.3331870297516435, 0.29955666901205436, 0.07939386866592091, 0.43333927535545724, 0.3680716267318762, 0.2082497380800451, 0.2029533386521426, 0.27828682704707874, 0.057928988765959866, 0.25855648833886646, 0.2830187639338254, 0.0, 0.0, 0.3142493794158554, 0.15704605164076135, 0.0, 0.0, 0.0, 0.31852850247521847, 0.0, 5.6100448621032584e-05, 0.0, 0.16778079654894262, 0.05276782102378841, 0.16024862002320694, 0.08095610042198587, 0.0], [0.0011283810075297662, 0.041485121934852875, 0.7006122861193104, 0.3867252744519638, 0.8388269761570898, 0.07363636378994465, 0.6545570585613278, 0.047066991048645423, 0.7417132689061403, 0.6351011394708216, 0.0, 0.1977746275650326, 1.0, 0.29840791940035705, 0.0, 0.6898099933264218, 0.11982935541759532, 0.8606451299886361, 0.2615777058996246, 0.0, 0.4611299965054584, 0.1966090440081426, 0.0, 0.0, 0.023458970014221925, 0.0, 0.0, 2.7722511830585717e-07, 0.000824202826601339, 0.18458343954993284, 0.03747772634785074, 0.20891223966872152, 0.19303089035995336, 0.8034210158508547, 0.7389403878252108, 0.0736303927349643, 0.6477125409675443, 0.7221373792730007, 0.6514628347450614, 0.6845264944034126, 0.7580151177987116, 0.06639322288384464, 0.7761703355091313, 0.7611650458359623, 0.0, 0.002152546435497893, 0.7411131094862611, 0.0, 0.0, 0.0, 0.0034972486438329398, 0.8227689526984414, 0.03587303972827893, 0.05883181723194075, 0.07861407160651901, 0.06906785046130481, 0.31229068709584795, 0.0, 0.03235534291589137, 0.4648705163358968], [0.06375596759191615, 0.0, 0.3160266602566284, 0.29838625854534295, 0.42067949596827015, 0.14092766211300123, 0.4444527916221557, 0.1263211624218562, 0.40423888569700983, 0.4509662269204303, 0.0, 0.1725657523187576, 0.29840791940035705, 1.0, 0.0, 0.3590980416504337, 0.02087462929431083, 0.32598587895154696, 0.12332868075453196, 0.5999980947183527, 0.15993685041943118, 0.0, 0.0, 0.0, 0.12524474586077794, 0.0, 0.0, 2.107609762824758e-06, 0.0001967283091203198, 0.00373181205840456, 0.03779233352411837, 0.053507416640345085, 0.10277927865108571, 0.38076451670723555, 0.4065893583572747, 0.07152863097543305, 0.4181563583172965, 0.43197411908840433, 0.29009154054361463, 0.316107250174232, 0.381368975867166, 0.018798741954960674, 0.3757239721409571, 0.3341800953276379, 0.11517697520414771, 0.016364779315586442, 0.3955496762981636, 0.11699749943348592, 0.6698998688447845, 0.0, 0.0, 0.5169613059436595, 0.0, 5.603805611098522e-06, 0.0, 0.17575629183877728, 0.013677000650781479, 0.0, 3.291818345196873e-05, 0.0], [0.0, 0.0, 0.0, 0.015220026934684161, 0.0, 0.005109805425999481, 0.06320312530537453, 0.0032761814986144167, 0.005630363890127832, 0.09705900033007764, 0.0, 0.17223968816214275, 0.0, 0.0, 1.0, 0.020783096717213012, 0.0, 0.0, 0.0, 0.0, 0.0, 0.0, 0.0, 0.0, 0.0, 0.0, 0.0, 0.0, 0.0, 0.0, 0.0, 0.0, 0.0, 0.005195981685635398, 0.010670359253771688, 0.0, 0.016755105649882363, 0.0, 0.0, 0.0, 0.0, 0.0, 0.0, 0.00903110256342221, 0.0, 0.0, 0.0, 0.0, 0.0, 0.0, 0.0, 0.0, 0.0, 0.0, 0.0, 0.0, 0.0, 0.0, 0.044421176342876345, 0.0], [0.004527696407792825, 0.15408544580074912, 0.685622477675241, 0.5370328791293556, 0.8604240913299143, 0.3563412286683668, 0.8248059321479043, 0.04485693252432055, 0.8742812829276878, 0.9025021137772123, 0.342502035552805, 0.4756340622850912, 0.6898099933264218, 0.3590980416504337, 0.020783096717213012, 1.0, 0.0325600662612181, 0.7285327453091281, 0.3019187145775106, 0.0, 0.26179833338781766, 0.0, 0.0, 0.04236328976343995, 0.08293428345633025, 0.06498925399304711, 0.0, 0.0, 0.008544525274701065, 0.0, 0.06701032583004007, 0.0, 0.18029154973514183, 0.8829789697586037, 0.8771889326673076, 0.038184466587937616, 0.8250062396446927, 0.8206063729134295, 0.650396666088992, 0.5222454932771973, 0.8978099553724347, 0.02331888187560094, 0.8754120659080893, 0.8546529547018378, 0.0, 0.0, 0.9210897601661042, 0.06712378831216981, 0.0, 0.0, 0.0, 0.7653955122294678, 0.10269382320586518, 0.037922630240458055, 0.06401811385372458, 0.10242235698813118, 0.0, 0.06801762541270562, 0.06382660687648756, 0.0], [0.0, 0.0, 0.1889572002535297, 0.020469932772536503, 0.06710353472004182, 0.0, 0.04481191348324798, 0.06427604174042734, 0.15561822453333551, 0.20628197651381597, 0.0, 0.015356697101073458, 0.11982935541759532, 0.02087462929431083, 0.0, 0.0325600662612181, 1.0, 0.05345552195639591, 0.0, 0.0, 0.0035446748625638236, 0.0, 0.0, 0.0, 0.0, 0.0, 0.0, 0.0, 7.848374451491225e-05, 0.0, 0.0, 0.0, 0.06452190525261592, 0.0, 0.0, 0.0, 0.0, 0.0, 0.0, 0.40612105012151645, 0.0, 0.040712798225454594, 0.0014446332312666454, 0.0, 0.0, 0.0, 0.0019000086223984747, 0.0, 0.0, 0.0, 0.0, 0.010798835867233514, 0.0, 0.0, 0.0, 0.0, 0.0, 0.0, 0.0, 0.0], [0.0007593198800944778, 0.0, 0.6180867411602886, 0.3437708435801524, 0.8077681255421105, 0.06444223435674223, 0.746566758202887, 0.04088138707651101, 0.7387661093253355, 0.606923188682356, 0.0, 0.23162474406366396, 0.8606451299886361, 0.32598587895154696, 0.0, 0.7285327453091281, 0.05345552195639591, 1.0, 0.21386980971834002, 0.0, 0.6985469055291065, 0.0, 0.0, 0.03993633272002506, 0.0, 0.10259218193621489, 0.0, 0.0, 0.0017928110267760866, 0.07410203433543816, 0.0262857295399741, 0.4905643907621039, 0.10853850840813106, 0.8300874278655311, 0.7639114544009737, 0.0908757416366619, 0.692258757625735, 0.7657600816134725, 0.5634972426664913, 0.5964209187891769, 0.8487169627055903, 0.02187120684671562, 0.78993516368682, 0.748828620209132, 0.0, 0.0, 0.7715209829002386, 0.0, 0.0, 0.01078218681015597, 0.0, 0.7736357637694928, 0.0, 0.0, 0.0040144350523920735, 0.08833087527318328, 0.0, 0.0, 0.0, 0.3299804207102708], [0.004906606558431559, 0.0781697572578377, 0.21580135562738434, 0.20401649399103117, 0.29397421336462426, 0.011904523004192535, 0.2643425855890872, 0.012662222598773365, 0.2442491247675702, 0.22618501900441734, 0.0, 0.08263050013761442, 0.2615777058996246, 0.12332868075453196, 0.0, 0.3019187145775106, 0.0, 0.21386980971834002, 1.0, 0.0, 0.18783550636740332, 0.0, 0.0, 0.0, 0.12450874223437114, 0.003992096945015677, 0.0, 0.0, 0.0011960519878543296, 0.006383589375679399, 0.025532182872552545, 0.0, 0.14060704238738442, 0.2646197749262762, 0.28430168399731737, 0.009638897841147243, 0.24411513747295976, 0.36413150101179637, 0.22312879825637655, 0.6126143581346897, 0.26492758534797667, 0.056038340097304684, 0.4132429889946858, 0.3829294206481586, 0.0, 0.0, 0.315289624938339, 0.0, 0.010188503269911608, 0.0, 0.1383207147460268, 0.3485538481880486, 0.0, 0.9400526823427418, 0.0, 0.1045903977012621, 0.0, 0.0, 0.26256736312075846, 0.0], [0.0, 0.0, 0.0, 0.10016164360762936, 0.09324299836674399, 0.07916046340508431, 0.1949916827001681, 0.080279414429142, 0.11871218823480434, 0.14478087868029887, 0.0, 0.1115778246840522, 0.0, 0.5999980947183527, 0.0, 0.0, 0.0, 0.0, 0.0, 1.0, 0.0, 0.0, 0.0, 0.0, 0.0, 0.0, 0.0, 0.0, 0.0, 0.0, 0.0, 0.0, 0.0, 0.0, 0.0, 0.0, 0.0, 0.10582586821117002, 0.0, 0.03964500898084722, 0.0, 0.02570286298069091, 0.0, 0.0, 0.0, 0.0, 0.0, 0.0, 0.0, 0.0, 0.0, 0.092206891405064, 0.0, 0.0, 0.0, 0.023203366124059377, 0.0, 0.0, 0.0, 0.0], [0.0006117090710087147, 0.0, 0.18829919835325215, 0.12431879254125477, 0.3084810987796749, 0.09535521348183695, 0.44467787078527765, 0.014735614055080393, 0.24256296735940708, 0.22150337274535592, 0.0, 0.06898031628294854, 0.4611299965054584, 0.15993685041943118, 0.0, 0.26179833338781766, 0.0035446748625638236, 0.6985469055291065, 0.18783550636740332, 0.0, 1.0, 0.0, 0.0, 0.0, 0.017045486996295156, 0.0, 0.0, 1.5203694969656567e-08, 0.0714214678428029, 0.07022479544456983, 0.07849376510503803, 0.9434042632306511, 0.0662372629303033, 0.292050869186014, 0.2853647785584763, 0.11644551095952227, 0.23912039082145076, 0.2809352386008783, 0.20932000265331108, 0.30247613672457985, 0.38788165839724575, 0.01748155901043391, 0.29327540408175157, 0.2844121429977309, 0.0, 0.00011805084447757963, 0.2796110139331893, 0.0, 0.0, 0.0, 0.030594325088490026, 0.3540887588362879, 0.0, 0.11218597960338406, 0.010671964670437739, 0.1730151282003205, 0.08250452420642762, 0.0, 0.0240224132376351, 0.02069358917143682], [0.0, 0.0, 0.0, 0.12521619865998557, 0.0, 0.0, 0.0, 0.0, 0.0, 0.21516879664409494, 0.0, 0.0, 0.1966090440081426, 0.0, 0.0, 0.0, 0.0, 0.0, 0.0, 0.0, 0.0, 1.0, 0.0, 0.0, 0.0, 0.0, 0.0, 0.0, 0.0, 0.0, 0.014809922743124537, 0.0, 0.39837291496575444, 0.0, 0.09750227096912067, 0.06370126112753716, 0.06795415983740849, 0.0, 0.5917561299331848, 0.08773772623351683, 0.039080466765695654, 0.0, 0.06421660248598338, 0.11256120326730579, 0.0, 0.0, 0.0, 0.0, 0.0, 0.0, 0.0, 0.1375261852873665, 0.0, 0.0, 0.0, 0.0, 0.0, 0.0, 0.0, 0.0], [0.0, 0.0, 0.0, 0.0, 0.0, 0.0, 0.0, 0.0, 0.0, 0.015326213097149655, 0.0, 0.016267545133177186, 0.0, 0.0, 0.0, 0.0, 0.0, 0.0, 0.0, 0.0, 0.0, 0.0, 1.0, 0.0, 0.0, 0.0, 0.0, 0.0, 0.0, 0.0, 0.02579626462415019, 0.0, 0.19736193748101782, 0.02214690229063998, 0.0, 0.011003523836598195, 0.017255150362743277, 0.0, 0.15366333884754135, 0.0, 0.0, 0.0, 0.0, 0.0, 0.0, 0.0, 0.0, 0.0, 0.0, 0.0, 0.0, 0.0, 0.0, 0.0, 0.0, 0.10913156924613443, 0.0, 0.0, 0.0, 0.0], [0.01573372258194128, 0.0, 0.0, 0.02366083376834749, 0.0, 0.0, 0.0, 0.0, 0.0, 0.10055642169242318, 0.0, 0.5169227596416074, 0.0, 0.0, 0.0, 0.04236328976343995, 0.0, 0.03993633272002506, 0.0, 0.0, 0.0, 0.0, 0.0, 1.0, 0.0, 0.0, 0.0, 0.0, 0.0, 0.0, 0.0, 0.0, 0.34138631528108077, 0.16800044360011235, 0.14961644768505877, 0.0, 0.3222392786310143, 0.12496057394293314, 0.07463825158497761, 0.06845916027078458, 0.0, 0.03506623147099619, 0.0, 0.032786009970327545, 0.0, 0.0, 0.0, 0.0, 0.0, 0.0, 0.0, 0.12678655060071087, 0.0, 0.0, 0.0, 0.0, 0.0, 0.0, 0.0, 0.0], [0.03575887582758075, 0.0, 0.16037191758477531, 0.16202797886135523, 0.0, 0.0, 0.0011530396969660073, 0.0, 0.0, 0.1468687548229215, 0.0, 0.0, 0.023458970014221925, 0.12524474586077794, 0.0, 0.08293428345633025, 0.0, 0.0, 0.12450874223437114, 0.0, 0.017045486996295156, 0.0, 0.0, 0.0, 1.0, 0.0, 0.0, 0.0, 0.0, 0.0, 0.1344236429759167, 0.0, 0.4156441423133457, 0.12282937166685581, 0.0, 0.0, 0.13739431319203388, 0.0, 0.0, 0.050521268443159295, 0.0, 0.0, 0.0, 0.0, 0.0, 0.0, 0.16846251697823866, 0.0, 0.0, 0.0, 0.0, 0.3564793516239606, 0.0, 0.0, 0.0, 0.5286997724309085, 0.0, 0.0, 0.0, 0.0], [0.0, 0.0, 0.0, 0.0, 0.0, 0.0, 0.22532878622438612, 0.0, 0.0, 0.0, 0.0, 0.2745824804234789, 0.0, 0.0, 0.0, 0.06498925399304711, 0.0, 0.10259218193621489, 0.003992096945015677, 0.0, 0.0, 0.0, 0.0, 0.0, 0.0, 1.0, 0.0, 0.0, 0.0, 0.0, 0.0, 0.0, 0.020079777902955342, 0.0, 0.0, 0.1299953152128881, 0.11011367771915304, 0.15108617460125617, 0.0, 0.0, 0.08723632535063763, 0.0, 0.0, 0.039455685680467756, 0.0, 0.0, 0.0, 0.0, 0.0, 0.0, 0.0, 0.055586084736045205, 0.0, 0.0, 0.0, 0.03082135963467203, 0.0, 0.0, 0.0, 0.0], [0.0029004618071527544, 0.0, 0.0, 0.0, 0.21430806472116704, 0.0, 0.0, 0.0, 0.0, 0.0, 0.0, 0.030624917576778654, 0.0, 0.0, 0.0, 0.0, 0.0, 0.0, 0.0, 0.0, 0.0, 0.0, 0.0, 0.0, 0.0, 0.0, 1.0, 0.0, 0.0014467208354861372, 0.0, 0.0, 0.0, 0.0, 0.006583423418109469, 0.0, 0.0, 0.14133150249739612, 0.029243159794325235, 0.10733045770981542, 0.0, 0.0, 0.22013505047844284, 0.0, 0.0, 0.0, 0.0, 0.007768300350827095, 0.0, 0.0, 0.0, 0.0, 0.16497419684982417, 0.0, 0.0, 0.0, 0.40497117783074055, 0.0, 0.0, 0.0, 0.0], [1.5503665162786007e-07, 0.0, 0.0, 3.323699725443774e-07, 2.2752405526293984e-07, 0.014201511032839287, 1.925990825157875e-06, 0.0, 0.0, 0.0, 0.0, 0.4636432734929131, 2.7722511830585717e-07, 2.107609762824758e-06, 0.0, 0.0, 0.0, 0.0, 0.0, 0.0, 1.5203694969656567e-08, 0.0, 0.0, 0.0, 0.0, 0.0, 0.0, 1.0, 0.0, 0.0, 3.667302529430927e-07, 0.0, 0.0, 2.4852894453530894e-07, 1.2232721835481186e-06, 0.05422362471586217, 0.0, 0.10166866368101757, 1.0021126040093975e-08, 0.0, 0.060951700016173005, 0.05912339002982592, 0.08818128145139237, 5.867892238775596e-07, 0.0, 0.00012878937883242791, 2.4241689964288327e-06, 0.0, 0.0, 0.0, 0.0, 0.0, 0.0, 4.410145892919104e-08, 0.0, 0.1454423681046444, 0.0, 0.0, 2.590632184329422e-07, 0.0], [4.196158528979588e-06, 0.0, 0.0008078804862771127, 4.725420318718587e-05, 0.00039935975218929887, 0.0007205080506068606, 0.0030886247857143667, 5.044624438399481e-06, 0.0009702026996295521, 0.00016034257697961074, 0.0, 0.00048648523687355727, 0.000824202826601339, 0.0001967283091203198, 0.0, 0.008544525274701065, 7.848374451491225e-05, 0.0017928110267760866, 0.0011960519878543296, 0.0, 0.0714214678428029, 0.0, 0.0, 0.0, 0.0, 0.0, 0.0014467208354861372, 0.0, 1.0, 0.0, 0.9811061403447302, 0.0036460364244321752, 0.32273884394579244, 0.13950982726928496, 0.15611588406734422, 0.0007081509400649333, 0.0008447983426017602, 0.14979800883568817, 0.002105071974489725, 0.31457647829017965, 0.0004261509935060692, 0.0017076546166781004, 0.06805403448927583, 0.06469787604983424, 0.0, 0.0, 0.12886393668473517, 0.0, 0.0, 0.0, 0.008029171733490603, 0.04689938851201869, 0.0, 9.63365294981422e-07, 0.0, 0.002566327232932375, 0.0, 0.002751813272242054, 0.0021846836440541084, 0.0], [0.0, 0.0, 0.0, 0.010331359626224557, 0.0, 0.2085547707370441, 0.0, 0.0, 0.0, 0.0, 0.0, 0.0, 0.18458343954993284, 0.00373181205840456, 0.0, 0.0, 0.0, 0.07410203433543816, 0.006383589375679399, 0.0, 0.07022479544456983, 0.0, 0.0, 0.0, 0.0, 0.0, 0.0, 0.0, 0.0, 1.0, 0.0, 0.0, 0.0, 0.0, 0.0, 0.09223575518015925, 0.0, 0.05649023250668561, 0.0, 0.0, 0.0, 0.2468821057893188, 0.0, 0.11593861725007615, 0.0, 0.0, 0.0, 0.0, 0.0, 0.0, 0.0, 0.23679706240791465, 0.0, 0.0, 0.0, 0.0, 0.0, 0.0, 0.0, 0.0], [0.004880942294206436, 0.0, 0.07307475498622196, 0.041410885795055696, 0.043249384719505346, 0.0004075060417649823, 0.0329259592801463, 0.0015463034640258444, 0.05372504199413941, 0.08538829303528317, 0.0, 0.019464982876468362, 0.03747772634785074, 0.03779233352411837, 0.0, 0.06701032583004007, 0.0, 0.0262857295399741, 0.025532182872552545, 0.0, 0.07849376510503803, 0.014809922743124537, 0.02579626462415019, 0.0, 0.1344236429759167, 0.0, 0.0, 3.667302529430927e-07, 0.9811061403447302, 0.0, 1.0, 0.0, 0.3957163464746687, 0.18796015955566991, 0.18945783716735154, 0.005043011746747816, 0.06688888710923968, 0.178998164986931, 0.043609382517067585, 0.3357650165833954, 0.032889056805739725, 0.0010077337641422046, 0.1083933759434692, 0.10792607788692066, 0.0, 0.002847519385649089, 0.18729136503913202, 0.07341864069690218, 0.0, 0.007740353247550624, 0.0, 0.12672827731870062, 0.09777908551086223, 0.00040464119376415475, 0.047925389305014554, 0.08637468853539765, 0.0, 0.0, 5.727860040938282e-06, 0.0], [0.0, 0.0, 0.0, 0.0, 0.02305223077483287, 0.07974423976439182, 0.22888965234756908, 0.0, 0.0, 0.009587869987561115, 0.0, 0.0, 0.20891223966872152, 0.053507416640345085, 0.0, 0.0, 0.0, 0.4905643907621039, 0.0, 0.0, 0.9434042632306511, 0.0, 0.0, 0.0, 0.0, 0.0, 0.0, 0.0, 0.0036460364244321752, 0.0, 0.0, 1.0, 0.0, 0.01443398793645645, 0.0, 0.10963117574535797, 0.0, 0.0, 0.0, 0.07897023405459835, 0.11688061881402911, 0.0, 0.0, 0.0, 0.0, 0.0, 0.0, 0.0, 0.0, 0.0, 0.0, 0.09461610456019398, 0.0, 0.0, 0.0, 0.1730179574744244, 0.0, 0.0, 0.0, 0.0], [0.12780373608754492, 0.0, 0.1859052677051034, 0.200651567214016, 0.11467942218972571, 0.002702358638072666, 0.16217870339779017, 0.11641655301285947, 0.14077362351176836, 0.3087003815345677, 0.0, 0.2128893841528715, 0.19303089035995336, 0.10277927865108571, 0.0, 0.18029154973514183, 0.06452190525261592, 0.10853850840813106, 0.14060704238738442, 0.0, 0.0662372629303033, 0.39837291496575444, 0.19736193748101782, 0.34138631528108077, 0.4156441423133457, 0.020079777902955342, 0.0, 0.0, 0.32273884394579244, 0.0, 0.3957163464746687, 0.0, 1.0, 0.2622627383413487, 0.2910262780599304, 0.16644687511736533, 0.3300510465090547, 0.23006248217938297, 0.42311209238525804, 0.26661422159643333, 0.12837041207586464, 0.5610863499182493, 0.16274601294747493, 0.2344217520604711, 0.0, 0.0, 0.21575474813913065, 0.00556682431421196, 0.0, 0.0, 0.1797124752256578, 0.3671702094551548, 0.10580095420618352, 0.00043678318270568006, 0.0, 0.5396989743435716, 0.0, 0.0, 0.5369150214308488, 0.0], [0.007217758523260898, 0.0, 0.6844234384731966, 0.4239189866385342, 0.9095943329707233, 0.07014229045643106, 0.726559511492424, 0.04385133399011987, 0.833873597446906, 0.7534549987324323, 0.05789115568863212, 0.3331870297516435, 0.8034210158508547, 0.38076451670723555, 0.005195981685635398, 0.8829789697586037, 0.0, 0.8300874278655311, 0.2646197749262762, 0.0, 0.292050869186014, 0.0, 0.02214690229063998, 0.16800044360011235, 0.12282937166685581, 0.0, 0.006583423418109469, 2.4852894453530894e-07, 0.13950982726928496, 0.0, 0.18796015955566991, 0.01443398793645645, 0.2622627383413487, 1.0, 0.9461051854704228, 0.023353972733520023, 0.873107726634905, 0.8916113638502902, 0.6949298592195514, 0.6383156403533998, 0.9217481432994179, 0.0077091805260647295, 0.9359885319357827, 0.865900339648138, 0.10580245977881375, 0.001929731681255542, 0.9541392906315064, 0.026868692919732817, 0.0, 0.010348482155728478, 0.0, 0.857035871172037, 0.0, 6.607996976271124e-07, 0.03227069547852035, 0.1193205794059955, 0.0, 0.0, 0.0002346933246977212, 0.23859957674512022], [0.09177020071221431, 0.0, 0.6328453200405767, 0.44944429974419076, 0.8988763526477541, 0.020317117096872228, 0.7537504577870049, 0.13369993906674782, 0.8143941577699187, 0.7470359962222102, 0.0, 0.29955666901205436, 0.7389403878252108, 0.4065893583572747, 0.010670359253771688, 0.8771889326673076, 0.0, 0.7639114544009737, 0.28430168399731737, 0.0, 0.2853647785584763, 0.09750227096912067, 0.0, 0.14961644768505877, 0.0, 0.0, 0.0, 1.2232721835481186e-06, 0.15611588406734422, 0.0, 0.18945783716735154, 0.0, 0.2910262780599304, 0.9461051854704228, 1.0, 0.12015768626079959, 0.8903163410343058, 0.9225910921342783, 0.7639207802255331, 0.5770124584312294, 0.9478469754484464, 0.0604100191373671, 0.9507883857538371, 0.9041354537449197, 0.0971620299959135, 0.009498238089853173, 0.9298349624056284, 0.0, 0.04631731977742737, 0.07268536994312513, 0.0, 0.7876367731595821, 0.0, 0.026048088012613047, 0.0641265561749087, 0.07563551535804558, 0.03189709280350117, 0.0, 0.06027479380268952, 0.0], [0.9694007192275189, 0.0, 0.27554931566046614, 0.09094075920865963, 0.025005214393916564, 0.040470774113300356, 0.28897610570609467, 0.964728278862326, 0.13492171981707213, 0.03485584573141609, 0.0, 0.07939386866592091, 0.0736303927349643, 0.07152863097543305, 0.0, 0.038184466587937616, 0.0, 0.0908757416366619, 0.009638897841147243, 0.0, 0.11644551095952227, 0.06370126112753716, 0.011003523836598195, 0.0, 0.0, 0.1299953152128881, 0.0, 0.05422362471586217, 0.0007081509400649333, 0.09223575518015925, 0.005043011746747816, 0.10963117574535797, 0.16644687511736533, 0.023353972733520023, 0.12015768626079959, 1.0, 0.11197614964856029, 0.22672829650446413, 0.05409881763544655, 0.04332659315272391, 0.0504856903458315, 0.07367402736318185, 0.0313072241809933, 0.06981210834472407, 0.0, 0.0, 0.027185546052528986, 0.0, 0.0, 0.012665047762285608, 0.0, 0.06953315710380747, 0.0, 2.9717874297396918e-05, 0.06332791810168026, 0.08095761620634268, 0.0, 0.08488788348842458, 0.07224912144211904, 0.0], [0.0666486886426767, 0.0, 0.6653515511107239, 0.4266575749011946, 0.8227972893657772, 0.055808495934038915, 0.7172254375209363, 0.09455600413809073, 0.8266010107325783, 0.7500879212458242, 0.0, 0.43333927535545724, 0.6477125409675443, 0.4181563583172965, 0.016755105649882363, 0.8250062396446927, 0.0, 0.692258757625735, 0.24411513747295976, 0.0, 0.23912039082145076, 0.06795415983740849, 0.017255150362743277, 0.3222392786310143, 0.13739431319203388, 0.11011367771915304, 0.14133150249739612, 0.0, 0.0008447983426017602, 0.0, 0.06688888710923968, 0.0, 0.3300510465090547, 0.873107726634905, 0.8903163410343058, 0.11197614964856029, 1.0, 0.8446101969469305, 0.7262861458382388, 0.4869276114547173, 0.844375098480301, 0.06029838237255436, 0.8545462335138806, 0.8454037825027606, 0.18495390534358014, 0.0, 0.8557811395349594, 0.006186818663561078, 0.09102390353499457, 0.10859874122951463, 0.0, 0.7939832088617816, 0.17967264467319688, 0.000819660392428978, 0.014274629894491242, 0.28159792132951655, 0.010191038388337903, 0.2225442674175897, 0.0847769588246774, 0.008577260839962575], [0.1842845420343734, 0.0, 0.679572420858032, 0.4481558321876671, 0.8630536999879234, 0.03788438351947532, 0.7871943866691845, 0.22892092821977106, 0.8003953113477119, 0.6873232392755418, 0.0, 0.3680716267318762, 0.7221373792730007, 0.43197411908840433, 0.0, 0.8206063729134295, 0.0, 0.7657600816134725, 0.36413150101179637, 0.10582586821117002, 0.2809352386008783, 0.0, 0.0, 0.12496057394293314, 0.0, 0.15108617460125617, 0.029243159794325235, 0.10166866368101757, 0.14979800883568817, 0.05649023250668561, 0.178998164986931, 0.0, 0.23006248217938297, 0.8916113638502902, 0.9225910921342783, 0.22672829650446413, 0.8446101969469305, 1.0, 0.656544458632403, 0.614401186936974, 0.8884800797955363, 0.03534734092032488, 0.9150402788492661, 0.9120486311590087, 0.0, 0.0, 0.8923879004415487, 0.0, 0.03912083094060881, 0.2587201932146561, 0.08236607636225757, 0.8088756141354191, 0.018580732441772274, 0.12206920874904625, 0.0, 0.037382591739192006, 0.0, 0.0, 0.02794042249602835, 0.11716762485650312], [0.0015703964250614044, 0.0, 0.44052183102713016, 0.3779602893570907, 0.6914878822358536, 0.01590813450511641, 0.59844773172818, 0.033863642462719334, 0.6167520892928705, 0.6801922031046098, 0.0, 0.2082497380800451, 0.6514628347450614, 0.29009154054361463, 0.0, 0.650396666088992, 0.0, 0.5634972426664913, 0.22312879825637655, 0.0, 0.20932000265331108, 0.5917561299331848, 0.15366333884754135, 0.07463825158497761, 0.0, 0.0, 0.10733045770981542, 1.0021126040093975e-08, 0.002105071974489725, 0.0, 0.043609382517067585, 0.0, 0.42311209238525804, 0.6949298592195514, 0.7639207802255331, 0.05409881763544655, 0.7262861458382388, 0.656544458632403, 1.0, 0.43121042673848586, 0.7275930176743152, 0.026244477932493848, 0.7488429885902895, 0.747216216525956, 0.2091690993463282, 7.78101904514994e-05, 0.6855989260315991, 0.0, 0.0, 0.0, 0.24283884188276472, 0.673258026506843, 0.07910632037916365, 0.00032660508283599565, 0.0, 0.14784799962832418, 0.03650899409942221, 0.0, 1.565172419448757e-07, 0.0], [0.018884587544918396, 0.16627798364980195, 0.6348275875887001, 0.40009241401599127, 0.5902183469774478, 0.04171042071259845, 0.48545014353406946, 0.0676854106430741, 0.6005391576902448, 0.5191592596509952, 0.0, 0.2029533386521426, 0.6845264944034126, 0.316107250174232, 0.0, 0.5222454932771973, 0.40612105012151645, 0.5964209187891769, 0.6126143581346897, 0.03964500898084722, 0.30247613672457985, 0.08773772623351683, 0.0, 0.06845916027078458, 0.050521268443159295, 0.0, 0.0, 0.0, 0.31457647829017965, 0.0, 0.3357650165833954, 0.07897023405459835, 0.26661422159643333, 0.6383156403533998, 0.5770124584312294, 0.04332659315272391, 0.4869276114547173, 0.614401186936974, 0.43121042673848586, 1.0, 0.5084846568164881, 0.024140912413894267, 0.6464559116635717, 0.5895418324430246, 0.10477669312788784, 0.0, 0.599319429638053, 0.0, 0.10872624939005049, 0.0, 0.0, 0.6320579967416954, 0.0, 0.4873100624349551, 0.062341060206759225, 0.11455360825648675, 0.0, 0.0, 0.1249672157321311, 0.41560894348588406], [1.5820064991567406e-05, 0.0, 0.5983726583977319, 0.4260748759099633, 0.9214166202726037, 0.023302601177383253, 0.8026416526298569, 0.04651593474463678, 0.83330630030824, 0.7388483467934932, 0.0, 0.27828682704707874, 0.7580151177987116, 0.381368975867166, 0.0, 0.8978099553724347, 0.0, 0.8487169627055903, 0.26492758534797667, 0.0, 0.38788165839724575, 0.039080466765695654, 0.0, 0.0, 0.0, 0.08723632535063763, 0.0, 0.060951700016173005, 0.0004261509935060692, 0.0, 0.032889056805739725, 0.11688061881402911, 0.12837041207586464, 0.9217481432994179, 0.9478469754484464, 0.0504856903458315, 0.844375098480301, 0.8884800797955363, 0.7275930176743152, 0.5084846568164881, 1.0, 0.0036036711928101317, 0.9500278692453105, 0.8829213894608638, 0.03908780445594473, 0.0, 0.9158744336082626, 0.0, 0.0, 0.0, 0.0, 0.7712357163027684, 0.0, 0.0, 0.0, 0.047532211812398306, 0.0, 0.0, 0.0, 0.0], [0.0011902156642871198, 0.0, 0.008993734773674267, 0.035881688301364734, 0.05339286871366333, 0.05436273300609318, 0.015601549907908074, 0.004680268307351243, 0.010153013759612417, 0.01788134939304198, 0.0, 0.057928988765959866, 0.06639322288384464, 0.018798741954960674, 0.0, 0.02331888187560094, 0.040712798225454594, 0.02187120684671562, 0.056038340097304684, 0.02570286298069091, 0.01748155901043391, 0.0, 0.0, 0.03506623147099619, 0.0, 0.0, 0.22013505047844284, 0.05912339002982592, 0.0017076546166781004, 0.2468821057893188, 0.0010077337641422046, 0.0, 0.5610863499182493, 0.0077091805260647295, 0.0604100191373671, 0.07367402736318185, 0.06029838237255436, 0.03534734092032488, 0.026244477932493848, 0.024140912413894267, 0.0036036711928101317, 1.0, 0.00527237785077439, 0.056198407884707535, 0.0, 0.0, 0.002845374999825512, 0.013725857010925657, 0.0, 0.0, 0.0, 0.10263220963690167, 0.0, 0.0, 0.0, 0.5729539357284463, 0.0, 0.0, 0.8680047854731826, 0.0], [0.0009464140110584385, 0.0, 0.651803504180946, 0.4302650765827086, 0.9145604348886205, 0.016647987976378897, 0.7281457017652981, 0.04487557188416558, 0.8396010856216447, 0.7368480324394454, 0.0, 0.25855648833886646, 0.7761703355091313, 0.3757239721409571, 0.0, 0.8754120659080893, 0.0014446332312666454, 0.78993516368682, 0.4132429889946858, 0.0, 0.29327540408175157, 0.06421660248598338, 0.0, 0.0, 0.0, 0.0, 0.0, 0.08818128145139237, 0.06805403448927583, 0.0, 0.1083933759434692, 0.0, 0.16274601294747493, 0.9359885319357827, 0.9507883857538371, 0.0313072241809933, 0.8545462335138806, 0.9150402788492661, 0.7488429885902895, 0.6464559116635717, 0.9500278692453105, 0.00527237785077439, 1.0, 0.9143323519401941, 0.1637561182255559, 0.001785225471432117, 0.946373407880059, 0.0, 0.0, 0.09499596964120505, 0.0, 0.7881148419126967, 0.07891818257100325, 0.16895455958325134, 0.023055063936631703, 0.0838036899726936, 0.0, 0.0, 0.03611163635134884, 0.10747699937680444], [0.003268311099532295, 0.08920256340979582, 0.7484320021513501, 0.5181423351314837, 0.8562025113408291, 0.06536649761324853, 0.7903245160431708, 0.041909139503481185, 0.8558841120818074, 0.7219331026168545, 0.0, 0.2830187639338254, 0.7611650458359623, 0.3341800953276379, 0.00903110256342221, 0.8546529547018378, 0.0, 0.748828620209132, 0.3829294206481586, 0.0, 0.2844121429977309, 0.11256120326730579, 0.0, 0.032786009970327545, 0.0, 0.039455685680467756, 0.0, 5.867892238775596e-07, 0.06469787604983424, 0.11593861725007615, 0.10792607788692066, 0.0, 0.2344217520604711, 0.865900339648138, 0.9041354537449197, 0.06981210834472407, 0.8454037825027606, 0.9120486311590087, 0.747216216525956, 0.5895418324430246, 0.8829213894608638, 0.056198407884707535, 0.9143323519401941, 1.0, 0.0, 0.004556192670430836, 0.8926360301354876, 0.0, 0.0, 0.2431768525340493, 0.18878382067646748, 0.8096887489614036, 0.06859631639168973, 0.11640933912754448, 0.14760229289363314, 0.07678253851582073, 0.0, 0.17051806471932118, 0.1110689800503486, 0.08249885570180915], [0.0004047314811299607, 0.0, 0.0, 0.0, 0.0, 0.021946311681517505, 0.0, 0.0, 0.0, 0.0, 0.0, 0.0, 0.0, 0.11517697520414771, 0.0, 0.0, 0.0, 0.0, 0.0, 0.0, 0.0, 0.0, 0.0, 0.0, 0.0, 0.0, 0.0, 0.0, 0.0, 0.0, 0.0, 0.0, 0.0, 0.10580245977881375, 0.0971620299959135, 0.0, 0.18495390534358014, 0.0, 0.2091690993463282, 0.10477669312788784, 0.03908780445594473, 0.0, 0.1637561182255559, 0.0, 1.0, 0.0, 0.15814211321149307, 0.0, 0.0, 0.0, 0.0, 0.0, 0.0, 0.0, 0.0, 0.4030941159760144, 0.0, 0.0, 0.0, 0.0], [0.001203799979599185, 0.0, 0.0, 0.0025807250218832234, 0.0017666367938123928, 0.0, 0.01495457810751688, 0.0, 0.0, 0.0, 0.0, 0.0, 0.002152546435497893, 0.016364779315586442, 0.0, 0.0, 0.0, 0.0, 0.0, 0.0, 0.00011805084447757963, 0.0, 0.0, 0.0, 0.0, 0.0, 0.0, 0.00012878937883242791, 0.0, 0.0, 0.002847519385649089, 0.0, 0.0, 0.001929731681255542, 0.009498238089853173, 0.0, 0.0, 0.0, 7.78101904514994e-05, 0.0, 0.0, 0.0, 0.001785225471432117, 0.004556192670430836, 0.0, 1.0, 0.018822740030128293, 0.0, 0.0, 0.0, 0.0, 0.0, 0.0, 0.0003424308695563205, 0.0, 0.0, 0.0, 0.0, 0.002011526267307384, 0.0], [0.007564094181059189, 0.0, 0.6904546974158743, 0.4477692612156202, 0.8895398512291803, 0.1854025855103827, 0.7465648517148412, 0.04365816148892965, 0.833514995645281, 0.7978707645165873, 0.1717537616647512, 0.3142493794158554, 0.7411131094862611, 0.3955496762981636, 0.0, 0.9210897601661042, 0.0019000086223984747, 0.7715209829002386, 0.315289624938339, 0.0, 0.2796110139331893, 0.0, 0.0, 0.0, 0.16846251697823866, 0.0, 0.007768300350827095, 2.4241689964288327e-06, 0.12886393668473517, 0.0, 0.18729136503913202, 0.0, 0.21575474813913065, 0.9541392906315064, 0.9298349624056284, 0.027185546052528986, 0.8557811395349594, 0.8923879004415487, 0.6855989260315991, 0.599319429638053, 0.9158744336082626, 0.002845374999825512, 0.946373407880059, 0.8926360301354876, 0.15814211321149307, 0.018822740030128293, 1.0, 0.07707680048335441, 0.0, 0.1554855289788003, 0.0, 0.8362011201609472, 0.0, 0.049685547740350056, 0.025048980313678193, 0.17439492666470602, 0.0, 0.051933692916077745, 0.026199751814845462, 0.11314785742796196], [0.0, 0.0, 0.0947670083893597, 0.0, 0.07923493500369672, 0.0, 0.10337125817098403, 0.0, 0.055815624119951446, 0.1628761729050625, 0.0, 0.15704605164076135, 0.0, 0.11699749943348592, 0.0, 0.06712378831216981, 0.0, 0.0, 0.0, 0.0, 0.0, 0.0, 0