"[[1.0, 0.14856198954116673, 0.06343379799851945, 0.11673905889031821, -0.36055304771750607, -0.13637516925275728, 0.016522601832165362, 0.31999265870747706, -0.06854710709439926, -0.18837506767096102, 0.22391250811721564, -0.05779213906004732, -0.22793346718735874, -0.16862301559178117, -0.003437376739951814, -0.07357521469322936, -0.10650362802347035, -0.2722593746087494, -0.012186450858517661, 0.024572391915732572, 0.0006549279956474807, -0.02723396389653332, -0.02958917102705838, 0.1405142712097298, 0.18220309086519393, -0.016034692088793046, 0.004166396644451509, -0.07775064510457996, 0.10147516348435381, -0.0732029496280755, -0.14197852901860042, -0.11764939313392153, -0.13072605423168948, -0.12776263495204154, -0.15086948997733618, 0.3563274953342942, -0.11601216989509244, -0.06390102463961989, -0.07999474519339422, -0.11680040404644476, -0.09866526974964951, 0.009109830868353819, -0.237509322574172, -0.20332347675412432, -0.01431835012647964, 0.011403199816431675, -0.30330563256973253, -0.017447356142997084, 0.018690260002561243, 0.04141897333283551, 0.053850573159946125, 0.0005939904984446631, -0.061102260202070546, 0.06732472447256421, -0.03226273572914251, -0.03351940221696981, -0.10134975839151972, -0.21834955294910663, -0.20134545453567698, 0.12413266685931812], [0.14856198954116673, 1.0, 0.28299645902526727, 0.5606751549745024, -0.0767018206062382, 0.15623844037818613, 0.2545598757063432, -0.18634045007326172, 0.23801170647871528, 0.14977361474326412, 0.1831176252175858, 0.10214369676399315, -0.11882952461502971, -0.2885543700289699, -0.02201494219904032, 0.19946072324825692, -0.07043057062656399, -0.015427819416802713, 0.0032971725878844227, -0.0037796083674475067, -0.15873493140405937, -0.02659289484035532, 0.12241536158434152, -0.04540490980258238, 0.03880699119825015, -0.033801288504701876, 0.01175006687735869, 0.08499214102204522, -0.012416784256032543, -0.1358667785797163, -0.06181598832198776, 0.05641495018169329, -0.05916496106308, -0.020751316768638173, -0.16969561657172272, -0.12225845448216233, -0.1314825455953279, -0.19527037030104366, -0.0686417742717913, -0.007710054086629059, -0.06312115500555282, -0.10804651749341865, -0.28424707566923946, 0.0673284202775033, -0.02499030602314334, -0.011694288027707334, -0.18770500123969014, -0.08161815345900991, -0.02041488720215323, -0.09323104902459223, 0.17901706209017498, -0.41001215159560456, -0.040038868858270016, -0.2037281408054754, -0.14540362498045312, -0.02604905537976787, -0.06864499157949844, -0.14567710329268824, 0.17096589053121025, -0.1335477783687513], [0.06343379799851945, 0.28299645902526727, 1.0, 0.477803696930148, 0.3313653073800408, -0.08119479823084208, 0.18607888627459324, 0.05191971607547474, 0.6854971029697711, 0.3793994776533929, -0.026524790230337825, -0.013775410982440173, 0.41301313859039357, -0.16253444460783584, -0.14427733854392533, 0.5388520044839468, 0.08494916470670133, 0.2392204964604716, -0.13777700038887541, -0.3079992793649502, 0.20889475223031606, -0.0855977201773388, -0.17051054324952553, -0.3141860051658536, 0.06514783943447966, -0.29145999356414176, -0.13899857449288877, -0.20668114699337115, -0.09570741245241798, -0.44008834387412943, 0.07564291126157552, 0.047997913597178865, -0.1658678732484895, 0.5210940503926288, 0.40785838411281206, 0.005075567820639892, 0.3961799466279813, 0.2551858891112242, -0.00016011081985189968, 0.28112728209279036, 0.39296255046775175, -0.2505011784972777, 0.36608223283110286, 0.5276653938171498, -0.15675634126594606, -0.1166356963657107, 0.5591628071462059, -0.015182295063134843, -0.14071889427760542, 0.13849832169497045, -0.19677013839417334, 0.14875357411985124, 0.02698596368881101, -0.07098790462783655, 0.15108859416957598, -0.19302586840139058, 0.014771738161288517, 0.07755261335438879, -0.04906927071496092, 0.25911202315592907], [0.11673905889031821, 0.5606751549745024, 0.477803696930148, 1.0, 0.009620086152923535, -0.07251979962401123, 0.18130357128520458, -0.20957370002285014, 0.5319736910787902, 0.3976793734670654, -0.11062490883949816, 0.12999836584087276, 0.2467353989790898, -0.10008380854106602, -0.03167110710287235, 0.34541424407082566, 0.0016167429315562254, 0.061496670067395676, 0.14781539409733313, 0.0993831986945477, -0.07335954130909306, 0.040422723535077365, -0.10415163561668694, -0.15592871957581478, 0.09396868118603674, -0.0955089747334883, -0.12091980712930162, -0.11251266875290411, -0.1347421157126516, -0.02058517623313416, 0.11282506297886918, -0.13847116123093262, -0.3678107258560095, 0.18132455201164122, 0.18739338869779643, 0.06526254582348723, 0.2744992312488238, 0.08133553486239087, -0.16175329498169333, 0.33680235334358954, 0.03988046585633753, 0.20487199667274125, 0.04979491035272143, 0.46826013394833765, -0.1923121084674695, -0.042225694171335926, 0.10382980629392224, -0.21032691132018533, -0.11114630561581418, 0.059656764598891465, -0.15815800810307556, -0.012806644124956135, -0.039342773838068945, 0.049337296912535855, -0.06918814989302047, -0.232856986526901, -0.019828158535547757, -0.176100638818812, 0.08561022933260021, -0.09353729374146602], [-0.36055304771750607, -0.0767018206062382, 0.3313653073800408, 0.009620086152923535, 1.0, 0.27217717479246084, 0.42762878344072963, -0.011775153479762546, 0.26005850260242025, 0.2918079915192653, -0.0068643531761711785, 0.025011789663967332, 0.5333908736911418, 0.2247455667916185, -0.117991384538493, 0.3823196449303422, 0.058408455247712654, 0.5776722785652629, 0.22760527107842377, 0.08290270767368157, 0.34847352013105914, -0.20453282403480544, -0.1282063166478593, -0.21442777349318498, -0.151280153179989, -0.15918226951833936, 0.046469779173382464, -0.17865729681417664, -0.3894199706821757, -0.22052718537056615, -0.22980368289258069, 0.13664100654192723, -0.30412565229830957, 0.3237213456623709, 0.37500481687322795, -0.3908276084092117, 0.11565419842648694, 0.2682815850954534, 0.2616216387145853, 0.21275222575831976, 0.4292632944817829, -0.27938520547797596, 0.5310112693333889, 0.27579035132094476, -0.1261514249455713, -0.02634935309512687, 0.532352830809494, 0.009127745736259074, 0.040749128632782794, -0.20732974269849125, -0.03233141281749585, 0.4050607851515673, -0.03406224075408981, 0.1408589687132591, 0.16389454675884418, -0.08472833829270243, 0.10455731533266666, -0.09897619972937477, -0.28114744170663286, 0.14933612564739807], [-0.13637516925275728, 0.15623844037818613, -0.08119479823084208, -0.07251979962401123, 0.27217717479246084, 1.0, 0.11191276536250827, 0.013201659692228751, -0.04577425789345568, 0.11943023518961615, 0.6246618045387483, 0.1681314111841865, -0.039207168850038165, 0.12968612785787348, -0.015623345466296623, 0.14627972078632023, -0.02395289517297372, 0.09370104956987757, -0.0868632844129178, 0.09501333664793554, 0.04656009553395424, -0.14144241845002026, -0.02813894049621868, -0.11592765232139013, -0.17532729776664047, -0.09388744127191906, -0.08131446496003347, 0.09011951034370902, 0.02085879279813696, 0.3539714714341069, -0.0964326087423899, 0.10933734795072159, -0.24962806286619998, -0.16360433025809806, -0.3352376708895648, -0.07761457769941793, -0.49491737905943056, -0.05211003544358239, -0.09706053952623095, -0.357505362835274, -0.05056314372378923, -0.24580104627750776, -0.17024333429720162, -0.12091911361765906, -0.01867277219714758, -0.13061903212040438, 0.05207593470255434, -0.08290484678164689, 0.22673808589776923, -0.0973235871602538, 0.0572818603217774, -0.09430132319404816, -0.09848076074383894, -0.056048368877967825, -0.042652174567686885, -0.20346424869342905, 0.029388723868434496, 0.12417295037628673, 0.038245007321225044, -0.03584808205304024], [0.016522601832165362, 0.2545598757063432, 0.18607888627459324, 0.18130357128520458, 0.42762878344072963, 0.11191276536250827, 1.0, 0.3282985273153711, 0.3456220171902298, 0.32392245528731944, 0.011246207374814854, 0.2555910904859946, 0.43600956974144756, 0.06146578499817279, 0.042896020217921604, 0.4943330388355809, -0.05945142722522734, 0.4952562211010263, 0.18510318189509167, 0.2006365919935298, 0.46000259812118116, -0.1600421301068311, -0.1331040454683139, -0.2567717627760604, -0.12086297544560676, 0.005063753943757687, -0.13353047935144313, -0.2929536245120008, -0.3118403708249249, -0.16508938630491743, -0.4612772898488915, 0.40259806474903037, -0.052655048521828896, 0.07854567537771961, 0.22748560227159464, -0.05244489995288104, 0.03072876857468132, -0.10570166587339935, -0.12993499790268603, -0.04232144703494978, 0.4501241421588136, -0.06333397113666539, 0.21926800347231545, 0.3553704251329315, -0.2464808724498031, 0.060453212935034584, 0.12225177766921147, -0.01257916816385718, -0.1411165123407523, -0.1800717265779168, 0.2216115350719704, 0.08847438898392657, -0.16975747003689223, -0.08231922792344326, -0.11140625626394307, 0.2034503752169321, -0.0394774167186549, -0.008406276016142966, -0.1069728603260407, -0.2968745709799925], [0.31999265870747706, -0.18634045007326172, 0.05191971607547474, -0.20957370002285014, -0.011775153479762546, 0.013201659692228751, 0.3282985273153711, 1.0, 0.22199061553487187, -0.0018490512122193437, 0.16085265880568145, 0.3115163574053158, 0.009396765174295885, 0.10948905403630504, -0.00870139047053109, 0.12325467766801401, 0.12568229009198428, -0.11140671376199496, 0.02632484525468637, 0.2024553233801598, 0.019067724663427876, -0.11434905096669623, -0.05497701173074865, -0.1653883041532187, -0.03819430590563555, 0.02150815073150769, -0.13447313634437297, 0.0070803383497045624, 0.055344137843651664, -0.20131801241350544, -0.11991064211021651, -0.015839659484485624, 0.36151230333323603, 0.02110077330417015, 0.13007177386299096, 0.14091331092906711, 0.024922544448905515, 0.23955718909227208, -0.01713154452151211, 0.0008704691547788412, 0.10135033997604037, -0.21555788784700436, 0.12106369368029135, -0.11371494838748264, -0.07218953577686782, -0.09392156393820494, -0.05165632968247724, -0.04292933999170412, -0.2648630237359517, -0.11296494245484379, -0.0011990195003956927, 0.028411262992561914, -0.09437062515465633, -0.04027032098416483, -0.18368243705136011, -0.023703207755816802, 0.04956531691516275, -0.13275059549124757, -0.18712763287066325, -0.1506229927375502], [-0.06854710709439926, 0.23801170647871528, 0.6854971029697711, 0.5319736910787902, 0.26005850260242025, -0.04577425789345568, 0.3456220171902298, 0.22199061553487187, 1.0, 0.5641032637648253, -0.10024401833675123, 0.07593326173228454, 0.45184496852371536, 0.12580230556036276, -0.05323553117678359, 0.47832668489947006, 0.08111858369168035, 0.17609530757743586, -0.22187959770951382, 0.08267942789038096, 0.034742089191348136, -0.1852385356735784, -0.24232417948192486, -0.21303284364563857, -0.16322431944107674, -0.21232897594820632, -0.11911615068229975, -0.23969487131567524, -0.1430384311940769, -0.2170416586727384, 0.00937477835610634, 0.039783983905415155, -0.16613560050561693, 0.5591100914950643, 0.36931419762166795, 0.14559187308140475, 0.5682770044754122, 0.29442404736268646, 0.012540027598166303, 0.23581823085421494, 0.36376364230141545, -0.061909302898846, 0.31052088367063835, 0.5113841603905392, -0.17018100979249873, -0.03110179312678163, 0.3187217319142652, -0.0019249744517964018, -0.47888363177424753, -0.08401136656097608, -0.10146075776724328, 0.05467189677523099, 0.09442006895199306, -0.14519162298820332, -0.15333382335971524, -0.3108439269361196, -0.04468992521440596, 0.12691284048510765, 0.05773349593206656, 0.14562198229582057], [-0.18837506767096102, 0.14977361474326412, 0.3793994776533929, 0.3976793734670654, 0.2918079915192653, 0.11943023518961615, 0.32392245528731944, -0.0018490512122193437, 0.5641032637648253, 1.0, 0.13164590498407058, 0.10102043479980849, 0.3881745141771882, 0.3409292739446883, 0.1051550139290357, 0.5058892772912791, 0.10322492470184663, 0.2699044620009473, -0.18209926218652672, 0.14027804412711253, 0.1349528287499252, 0.03650034654922585, -0.13392565856843475, 0.0035226655742200963, 0.05000316644799796, -0.38684896510753664, -0.0684319078029143, -0.36989589176686577, -0.2510963547583698, -0.16407382200064924, 0.19591316923140012, 0.25465908225184464, -0.19457444058964168, 0.4684076262420189, 0.3674108288498117, 0.010260544124308435, 0.4743625967406748, -0.05667106209026551, -0.06482676465087223, 0.16400951065294145, 0.3865578064428645, -0.02204938175188431, 0.32946928976614376, 0.19976593712382007, -0.11942194001149908, -0.21910442615672676, 0.24566393877688697, 0.06447953141235585, -0.06043164057017836, -0.09840500335630487, -0.35188801448939544, 0.1747484776594359, 0.13519043301240052, -0.33754198131855984, -0.08101758523064029, -0.12664489907499532, -0.05609407906526864, -0.038255760393522964, -0.19953144780547727, -0.22570100838811302], [0.22391250811721564, 0.1831176252175858, -0.026524790230337825, -0.11062490883949816, -0.0068643531761711785, 0.6246618045387483, 0.011246207374814854, 0.16085265880568145, -0.10024401833675123, 0.13164590498407058, 1.0, 0.05380507990646577, -0.20810420456024703, 0.05644823201962512, -0.07908400902267121, 0.10049304775986789, -0.07399381472363076, -0.06151345786779672, -0.11339284304943176, -0.044579732871949496, -0.23321088030147386, -0.04816811455385506, 0.0051107117304657335, -0.04637494728589031, -0.0712855243663002, -0.05185664293025405, 0.12724102572140228, -0.057789148483649466, -0.08807322880819068, 0.10699022012335524, -0.1265156639404834, -0.06324783157641378, 0.08470854990379761, -0.15387127524167443, -0.19780736908719376, 0.046813484730252486, -0.3106792706560286, -0.0459723574663935, 0.008911584981620813, -0.32405921713196917, -0.11618597758521698, -0.1113472902196726, -0.2317933707659423, -0.3182514061656858, -0.08547552514095713, -0.02071096673639805, 0.008738775218353423, -0.04892564837477442, 0.09510131108299014, 0.0114425652293636, -0.24081930856839762, -0.10362047869329571, -0.010887078036121656, -0.10610937909348306, 0.030451940427987045, 0.04046649717733264, -0.1284055206027661, -0.024680768229055516, 0.142336473609744, -0.10762361534399667], [-0.05779213906004732, 0.10214369676399315, -0.013775410982440173, 0.12999836584087276, 0.025011789663967332, 0.1681314111841865, 0.2555910904859946, 0.3115163574053158, 0.07593326173228454, 0.10102043479980849, 0.05380507990646577, 1.0, -0.017027848287434644, -0.5298696819505218, 0.11120038321530268, 0.283559737667058, -0.008365201186308235, 0.265651644594612, -0.02268449281626217, 0.06791019248032415, -0.097187962335608, -0.05864204862772637, 0.019255816561140282, 0.10544367189111159, -0.11367516361124252, 0.06294347371140496, -0.05476969513573815, 0.15696240252341176, 0.04272669057663481, 0.10897401804871609, 0.061122873426391444, -0.1412216947108509, -0.009064939227095836, -0.1532598293496723, 0.0023965873871666377, -0.23256445771467682, -0.09991532488620103, -0.15445312484561047, -0.057147434658231466, -0.11543689324901196, -0.07447527476395432, 0.08761899081773061, -0.18912045381468356, 0.0683746282699742, -0.09387700429628998, -0.11607933326612319, -0.06861788775561362, 0.059292059089595894, -0.2736673738239448, -0.036380497747277696, -0.1640620070693779, -0.2143952639108868, -0.020155396842111983, -0.07687141095755567, -0.027622350438819998, 0.11159580814812353, 0.019819924592665905, 0.1222690367068372, -0.3523859040735331, -0.25942775792184625], [-0.22793346718735874, -0.11882952461502971, 0.41301313859039357, 0.2467353989790898, 0.5333908736911418, -0.039207168850038165, 0.43600956974144756, 0.009396765174295885, 0.45184496852371536, 0.3881745141771882, -0.20810420456024703, -0.017027848287434644, 1.0, 0.14004986183252977, -0.1484264993461104, 0.37754293309027187, 0.0006342162350549962, 0.5559183647909438, 0.09034080195018268, -0.15671143451946, 0.48823957228046977, 0.10171705998708824, -0.14412111448443432, -0.19227645424710382, -0.05879359134536877, -0.3242820127918953, -0.2826317609686688, -0.2841258682573342, -0.36185858404262783, 0.10602454278626061, -0.20539521541767258, 0.2683337921493063, -0.08858451834325898, 0.35237842943558484, 0.4632475291728293, 0.1259688870509892, 0.2951289347997228, 0.05152472118013385, 0.18245110707912093, 0.2154799626738717, 0.4642737456766006, 0.059181312416532794, 0.44196370185407097, 0.5378437251998301, -0.28340733881705904, 0.028273011974595086, 0.34858924464078134, -0.13426827169033406, -0.183378912206555, -0.2685261222971227, -0.12551206856122432, 0.4354299810374699, 0.0026514886301166607, 0.008956427782733645, 0.04716510952653119, 0.057998747903055925, 0.2064984591515897, -0.08996030324574056, -0.10102757345556057, 0.21568383480488007], [-0.16862301559178117, -0.2885543700289699, -0.16253444460783584, -0.10008380854106602, 0.2247455667916185, 0.12968612785787348, 0.06146578499817279, 0.10948905403630504, 0.12580230556036276, 0.3409292739446883, 0.05644823201962512, -0.5298696819505218, 0.14004986183252977, 1.0, -0.05094391850657454, -0.0168165473843902, 0.028389223144742015, -0.15849424975710047, 0.038326668201426495, 0.3549357403250919, 0.0737245884122133, -0.07058318647055595, -0.04266054331782332, -0.097120863927735, 0.13539573068824495, -0.11622944070515806, -0.07058325435341883, 0.04335571670914429, -0.3070755791575688, -0.07355083231919735, -0.07484415486979512, 0.20270700509609307, -0.12881202021070637, 0.20129749491720095, 0.08360816467763632, 0.2284142821111741, 0.185726412383298, 0.18098118682442665, -0.03303386327920954, 0.053024023365259576, 0.2573879607634981, -0.05532264071338733, 0.39974034514790313, -0.1925594248739797, 0.013316366657731504, 0.005123715355422331, 0.10257398974846654, 0.022583233540552805, 0.07478434422207958, -0.14290196023282564, -0.1251953456281487, 0.2642212714492882, -0.10962530408949966, 0.00976130467076386, -0.13423490297752783, -0.12387445963014376, 0.023241576170370037, -0.08327038971326961, 0.11207445984691122, -0.12084895263344686], [-0.003437376739951814, -0.02201494219904032, -0.14427733854392533, -0.03167110710287235, -0.117991384538493, -0.015623345466296623, 0.042896020217921604, -0.00870139047053109, -0.05323553117678359, 0.1051550139290357, -0.07908400902267121, 0.11120038321530268, -0.1484264993461104, -0.05094391850657454, 1.0, -0.04929655608818284, 0.01745619428289158, -0.11165826862285466, -0.028353835861014032, 0.07684786637193897, -0.0747980142010285, -0.04331415496258617, -0.04839368738493799, -0.011215142978512116, -0.08776397128239699, -0.06278973787635467, -0.010093439390912007, -0.025292102561632612, -0.022278466304093136, 0.06196677815967344, -0.008977639867099096, 0.00781092213154766, -0.040251835952335835, -0.05797681905104213, -0.04265325495693184, -0.11052959388436556, -0.04295432010532063, -0.09661591485578147, -0.06087834489903132, -0.13261511556382577, -0.1375245055784622, -0.10165919195443074, -0.0708882798771373, -0.10663122139951087, -0.0019156187399944624, -0.027436156114914123, -0.15482714010429488, 0.02184040041684354, 0.0691422983855845, 0.004373567588522809, -0.07388478155853373, -0.2613535232101911, -0.008662927791400321, -0.07947494314169656, -0.029221353718607013, -0.05806581802576849, -0.04486493727455709, 0.04112384520728052, 0.07473062657633811, -0.039460703856958546], [-0.07357521469322936, 0.19946072324825692, 0.5388520044839468, 0.34541424407082566, 0.3823196449303422, 0.14627972078632023, 0.4943330388355809, 0.12325467766801401, 0.47832668489947006, 0.5058892772912791, 0.10049304775986789, 0.283559737667058, 0.37754293309027187, -0.0168165473843902, -0.04929655608818284, 1.0, -0.05887213226240795, 0.4264808917232974, 0.12695598372022376, -0.2547666933833217, 0.4715266623389539, -0.3236760636192355, -0.19486334763796753, -0.039481709909154894, -0.13995741875277967, -0.053211884032900336, -0.38029445495467007, -0.21920951423357593, -0.218360030141868, -0.2904997434615859, 0.047376058848258684, 0.2110945541362278, -0.14056243538634616, 0.546867158755665, 0.5627327366357907, 0.07399123556580045, 0.4123219047366993, 0.15611524211493388, -0.11800995876436837, 0.27512079590076377, 0.6631811789385391, -0.07127091789194595, 0.53590980985235, 0.5652985616670229, -0.12750407979596923, -0.13361285840253978, 0.5409585374000272, -0.0013838991005250545, -0.027310693768869188, -0.23110778028494328, -0.25420373619148484, 0.17657036575310037, -0.014004304161141734, 0.012831959316457975, 0.1495981142811228, -0.10226069838435303, -0.16626650086890238, 0.020674766086948404, -0.033931254136456035, -0.20910233203404616], [-0.10650362802347035, -0.07043057062656399, 0.08494916470670133, 0.0016167429315562254, 0.058408455247712654, -0.02395289517297372, -0.05945142722522734, 0.12568229009198428, 0.08111858369168035, 0.10322492470184663, -0.07399381472363076, -0.008365201186308235, 0.0006342162350549962, 0.028389223144742015, 0.01745619428289158, -0.05887213226240795, 1.0, -0.01262475087741799, -0.06573463104510235, -0.06858833933231456, -0.13342059923648186, 0.036003999224871075, -0.02110286593986599, -0.004207394875541004, -0.039066669884259664, -0.025936949328104086, 0.008031591734862786, -0.04694782994063096, -0.03601530772166206, -0.08996531897460214, -0.15325431523018151, -0.07486063367899276, -0.02898079504232154, -0.15234438766324043, -0.12908389491724037, -0.012643433281700034, -0.15188065684674878, -0.17323073881420026, -0.08614502013892866, 0.2373239453844962, -0.15461581488090292, 0.007386447833629961, -0.058991815678896664, -0.231816782472392, 0.036807431698025805, 0.008863570779139684, -0.05546878544074252, 0.003018318320881286, 0.06545705318236206, 0.03931222511295318, -0.011848956269391753, -0.1638902328243168, -0.022999363769607095, -0.07897939185511627, -0.011040058222449911, -0.09023346915246977, -0.08186119904422573, -0.034380769816679146, -0.07592003149644855, 0.018094346509659798], [-0.2722593746087494, -0.015427819416802713, 0.2392204964604716, 0.061496670067395676, 0.5776722785652629, 0.09370104956987757, 0.4952562211010263, -0.11140671376199496, 0.17609530757743586, 0.2699044620009473, -0.06151345786779672, 0.265651644594612, 0.5559183647909438, -0.15849424975710047, -0.11165826862285466, 0.4264808917232974, -0.01262475087741799, 1.0, 0.010768193436300977, -0.02314285907948932, 0.5047806203424163, -0.11941175551669247, -0.20868953698113835, 0.031205914796015755, -0.16525913710362472, -0.01430536650663683, -0.14129310870462874, -0.21725914906948174, -0.20628358217108955, -0.006378813334841915, -0.3121851074209987, 0.46304289131533793, -0.06378865478031437, 0.3255049997691609, 0.42810232269031046, -0.36305058567558257, 0.18217213863058646, 0.08276901400251857, -0.003220263375139254, 0.2750600104742109, 0.5747993160716905, 0.0534621797204603, 0.3717193689769984, 0.49108488251311644, -0.17979885298520903, 0.015184124067867844, 0.42978815002435145, -0.12838607550350623, 0.08438351075775385, -0.03384108820746734, -0.19718975170662656, 0.3843428174266088, -0.06261763007973098, -0.12223082201423319, -0.021192305447303106, 0.22188988537617838, -0.09825070587946838, -0.0765393744459053, -0.2807555832316506, 0.2245816325405967], [-0.012186450858517661, 0.0032971725878844227, -0.13777700038887541, 0.14781539409733313, 0.22760527107842377, -0.0868632844129178, 0.18510318189509167, 0.02632484525468637, -0.22187959770951382, -0.18209926218652672, -0.11339284304943176, -0.02268449281626217, 0.09034080195018268, 0.038326668201426495, -0.028353835861014032, 0.12695598372022376, -0.06573463104510235, 0.010768193436300977, 1.0, -0.09872960578649681, 0.08756912975559694, -0.052106317528519686, -0.07248247039228972, -0.042644920876981685, 0.15048637622175165, 0.04773579639905701, -0.16097861590694218, -0.13163613270386, -0.23773315514198523, -0.004244898676612374, -0.12222955298941285, -0.3191729280305371, 0.08668060035595182, -0.08555705613144582, 0.26954412031001374, -0.19258596433486685, 0.045902791203919824, 0.2943231596597342, 0.24196058233061168, 0.35082835798902545, -5.529455729025301e-05, 0.07581622757386874, 0.27215932276066945, 0.1888233116882212, 0.02727347728086915, -0.12740442632040416, 0.20923435135460067, -0.12147965109427283, 0.1177377815471955, -0.08944463204017072, 0.23387976977367386, 0.3207631264435191, -0.13950515473723857, 0.47389582333146785, -0.23909450645144936, 0.0946140836341911, -0.03281122552908533, -0.2332070038656613, 0.10644940865056263, -0.20500784562620322], [0.024572391915732572, -0.0037796083674475067, -0.3079992793649502, 0.0993831986945477, 0.08290270767368157, 0.09501333664793554, 0.2006365919935298, 0.2024553233801598, 0.08267942789038096, 0.14027804412711253, -0.044579732871949496, 0.06791019248032415, -0.15671143451946, 0.3549357403250919, 0.07684786637193897, -0.2547666933833217, -0.06858833933231456, -0.02314285907948932, -0.09872960578649681, 1.0, -0.31581283296292906, 0.01785778331479637, 0.06180708953988101, -0.07474341729188905, -0.01208310425177661, 0.05480432016702097, -0.023447069406891785, -0.015518880147021408, 0.052265327937641826, -0.07892538196614818, -0.035771150133734775, -0.08368871012452872, -0.11974437596881105, -0.20594003395853222, -0.17016059023661478, -0.1719226979017896, -0.13970120116199936, 0.014114122359615622, -0.0724004474759794, -0.0234474626089074, -0.1491472060045418, 0.11275720190367533, -0.133533988629416, -0.16966760380197243, -0.08184669106866838, -0.09317547274923155, -0.35541787356928944, -0.06682405729435947, -0.04674016990459595, -0.017197058504947904, 0.11247797988325836, -0.06936771950549137, -0.12297573201505463, -0.10357518537267585, -0.003922423913357731, 0.022216563520226495, -0.07157281095047674, -0.07986966976086518, -0.027078657842193765, -0.04827133279208029], [0.0006549279956474807, -0.15873493140405937, 0.20889475223031606, -0.07335954130909306, 0.34847352013105914, 0.04656009553395424, 0.46000259812118116, 0.019067724663427876, 0.034742089191348136, 0.1349528287499252, -0.23321088030147386, -0.097187962335608, 0.48823957228046977, 0.0737245884122133, -0.0747980142010285, 0.4715266623389539, -0.13342059923648186, 0.5047806203424163, 0.08756912975559694, -0.31581283296292906, 1.0, -0.12779878134866118, -0.18470262821956895, -0.026967834813386826, -0.10307660938911356, -0.11090510661889552, -0.10645236452832996, -0.18454461188871396, -0.014488745558865368, 0.054558679729027504, -0.16021289898864355, 0.679701635846965, -0.09670565048184931, 0.43553516104992207, 0.4548528865595709, 0.1171452223007795, 0.19416261900551435, 0.10908606844133362, -0.19487907756168776, 0.19887446568788092, 0.6838599616627995, -0.09710992387223305, 0.5277168263755742, 0.4858042336503451, -0.0958309602848939, -0.07261693116436074, 0.42752603848043513, -0.07264141459004447, 0.2087557625708104, -0.137032623074286, 0.11084089861950885, 0.5056955995726291, -0.23886922490172968, 0.03044699712826804, 0.06656444808239004, -0.05588615346343473, 0.04115642137926967, -0.14700255180510746, -0.23597894633602845, -0.05674122150199934], [-0.02723396389653332, -0.02659289484035532, -0.0855977201773388, 0.040422723535077365, -0.20453282403480544, -0.14144241845002026, -0.1600421301068311, -0.11434905096669623, -0.1852385356735784, 0.03650034654922585, -0.04816811455385506, -0.05864204862772637, 0.10171705998708824, -0.07058318647055595, -0.04331415496258617, -0.3236760636192355, 0.036003999224871075, -0.11941175551669247, -0.052106317528519686, 0.01785778331479637, -0.12779878134866118, 1.0, -0.0860836248135115, 0.0006347633442838063, 0.08688796953760858, 0.0035824584447162744, 0.03659298955428403, -0.014403393159932332, 0.058609519098458684, 0.057202867306024974, 0.06367896114255955, 0.08025135486647506, 0.07802394863684659, -0.21651748117012004, -0.1183819864587845, 0.047615270427157186, -0.11695791456185911, -0.3135607217808747, 0.11163466758754903, 0.02855450671994819, -0.10410443492626187, -0.16861957661303717, -0.12860629423628644, -0.04602387603168068, 0.04250280186630273, -0.0971167081061226, -0.28144551699165987, 0.01030179141920462, 0.014543891788123542, -0.009567067337412638, -0.15345098752279585, -0.021817606801164846, 0.008123978077050342, 0.05017894611963347, 0.04242248559995465, -0.06245578567231669, -0.015705817215415196, 0.03145154799781302, -0.05999244881886501, -0.04326501347879641], [-0.02958917102705838, 0.12241536158434152, -0.17051054324952553, -0.10415163561668694, -0.1282063166478593, -0.02813894049621868, -0.1331040454683139, -0.05497701173074865, -0.24232417948192486, -0.13392565856843475, 0.0051107117304657335, 0.019255816561140282, -0.14412111448443432, -0.04266054331782332, -0.04839368738493799, -0.19486334763796753, -0.02110286593986599, -0.20868953698113835, -0.07248247039228972, 0.06180708953988101, -0.18470262821956895, -0.0860836248135115, 1.0, -0.05902775029687013, -0.02800208887830924, 0.07735834943088249, 0.09878481679972106, 0.060961339742918175, -0.015384965835004483, 0.08221922793530956, 0.13925205953908337, 0.04474979889499642, 0.10488921073363577, -0.18251952339845046, -0.3081986363711602, 0.09931255562382324, -0.22423753019136416, -0.28452828664738705, 0.05611227980278444, -0.17106496899243662, -0.3082379074813859, -0.06608358405591064, -0.2556544697901524, -0.3738304803758483, -0.037565652875206856, -0.08109345755109398, -0.3242990864406958, -0.018153321276205503, 0.001646981496039146, 0.06396825266097284, -0.01935553018779146, -0.3894458010914872, -0.08446718366450234, 0.05835647441658509, -0.00951281020463024, 0.1438329434231116, -0.03781929480034174, -0.03222097400299284, -0.012786075626864513, -0.08166812396571799], [0.1405142712097298, -0.04540490980258238, -0.3141860051658536, -0.15592871957581478, -0.21442777349318498, -0.11592765232139013, -0.2567717627760604, -0.1653883041532187, -0.21303284364563857, 0.0035226655742200963, -0.04637494728589031, 0.10544367189111159, -0.19227645424710382, -0.097120863927735, -0.011215142978512116, -0.039481709909154894, -0.004207394875541004, 0.031205914796015755, -0.042644920876981685, -0.07474341729188905, -0.026967834813386826, 0.0006347633442838063, -0.05902775029687013, 1.0, 0.10433774600132462, -0.036172733143763125, -0.06309700063233503, 0.011626559020801008, 0.08802348794416248, 0.03325504296294113, 0.026728714222925554, -0.00893464491391427, 0.057014465769980816, 0.10913408489425958, 0.02518990786342279, -0.09074610142390371, 0.1955870070229514, -0.06576970691405548, 0.04547180609057877, -0.027079468837674536, -0.023913662780734368, -0.003651912308120453, -0.06722974524233893, -0.15179787411352685, -0.028133839462534782, -0.012526026428025139, -0.29422043876182435, 0.005350987297483734, -0.11847205558488993, -0.036855235871172676, -0.052465903250767054, 0.001270629714996474, 0.07565920497022838, 0.0353348673349404, -0.0380146555584997, -0.18191111123074477, 0.011651461803571017, 0.02878058281959217, -0.05075552634723657, -0.0014031350830974176], [0.18220309086519393, 0.03880699119825015, 0.06514783943447966, 0.09396868118603674, -0.151280153179989, -0.17532729776664047, -0.12086297544560676, -0.03819430590563555, -0.16322431944107674, 0.05000316644799796, -0.0712855243663002, -0.11367516361124252, -0.05879359134536877, 0.13539573068824495, -0.08776397128239699, -0.13995741875277967, -0.039066669884259664, -0.16525913710362472, 0.15048637622175165, -0.01208310425177661, -0.10307660938911356, 0.08688796953760858, -0.02800208887830924, 0.10433774600132462, 1.0, -0.06162489833218765, -0.03794326346551391, 0.07064528281644533, -0.07313489468061918, -0.034317332199802486, 0.2904835827687392, -0.1795532729660958, 0.10435915889429381, -0.028517303868600186, -0.20258352493525766, -0.13768112428396329, -0.042657673366292004, -0.06104003931428714, -0.2074474242006994, 0.037963459810546496, -0.18819571378071975, -0.0732986283478465, -0.1385338526521609, -0.2683746240000493, -0.11930411070135882, -0.035935105834513204, 0.05778338331882926, -0.04240001398513571, 0.03468230238579817, -0.08306895586898921, -0.005644176357848085, 0.2538321927466616, -0.02265958883826147, -0.13029248237854896, -0.045024864919834595, 0.18124157498491833, -0.01275377225701968, 0.07201061482835647, -0.15382981559045827, 0.062427738089815166], [-0.016034692088793046, -0.033801288504701876, -0.29145999356414176, -0.0955089747334883, -0.15918226951833936, -0.09388744127191906, 0.005063753943757687, 0.02150815073150769, -0.21232897594820632, -0.38684896510753664, -0.05185664293025405, 0.06294347371140496, -0.3242820127918953, -0.11622944070515806, -0.06278973787635467, -0.053211884032900336, -0.025936949328104086, -0.01430536650663683, 0.04773579639905701, 0.05480432016702097, -0.11090510661889552, 0.0035824584447162744, 0.07735834943088249, -0.036172733143763125, -0.06162489833218765, 1.0, 0.10581810487579191, 0.00761526237175747, -0.07633554785606567, 0.0002717525266417997, -0.07952171915241779, -0.0735574106435255, 0.10006578875816474, -0.17913060608801623, -0.23780558584197609, 0.13203811405195998, -0.04729899504417734, 0.045583912370778856, -0.12850971239879194, -0.11000046598978153, -0.025739550485040397, 0.03974602702062646, -0.2783975702607062, -0.12139646062431986, -0.038049321185085194, 0.04134571291814615, -0.1962025617452785, -0.07498461778462029, 0.15042614626568573, -0.0757003520649524, -0.053554913530800885, -0.09351247295480225, -0.04551268921016205, -0.023908551752125584, -0.06529433457112921, -0.010250862531049565, -0.0059973310706809, 0.1101070511576594, 0.08081517864621579, -0.020638184102532042], [0.004166396644451509, 0.01175006687735869, -0.13899857449288877, -0.12091980712930162, 0.046469779173382464, -0.08131446496003347, -0.13353047935144313, -0.13447313634437297, -0.11911615068229975, -0.0684319078029143, 0.12724102572140228, -0.05476969513573815, -0.2826317609686688, -0.07058325435341883, -0.010093439390912007, -0.38029445495467007, 0.008031591734862786, -0.14129310870462874, -0.16097861590694218, -0.023447069406891785, -0.10645236452832996, 0.03659298955428403, 0.09878481679972106, -0.06309700063233503, -0.03794326346551391, 0.10581810487579191, 1.0, 0.06290166620784232, 0.12137174204420609, 0.049432715971344465, -0.032638583136114896, 0.029866987793182087, -0.08179304162487955, -0.08562063822890331, -0.17754878851540745, -0.13168731335192607, -0.000730989860675324, 0.0010330082431752041, 0.03244527923559626, -0.09002830521776195, -0.2502783159580755, 0.048922869254399926, -0.21726598011681175, -0.34733931196561074, -0.04671153762375346, -0.016935133204103447, -0.0524894845898396, -0.004730663562777293, -0.07797933021258974, -0.021373832972914064, 0.05512357817427593, -0.001112886082704323, 0.002855845714244798, -0.007686973192753799, -0.026973457415632396, 0.04706754451312456, -0.006439750745901751, -0.00451237414217065, -0.17455860999100836, -0.10508615688081235], [-0.07775064510457996, 0.08499214102204522, -0.20668114699337115, -0.11251266875290411, -0.17865729681417664, 0.09011951034370902, -0.2929536245120008, 0.0070803383497045624, -0.23969487131567524, -0.36989589176686577, -0.057789148483649466, 0.15696240252341176, -0.2841258682573342, 0.04335571670914429, -0.025292102561632612, -0.21920951423357593, -0.04694782994063096, -0.21725914906948174, -0.13163613270386, -0.015518880147021408, -0.18454461188871396, -0.014403393159932332, 0.060961339742918175, 0.011626559020801008, 0.07064528281644533, 0.00761526237175747, 0.06290166620784232, 1.0, 0.056375088457058964, 0.049738815442893713, -0.05605599356085733, 0.015509358447599708, -0.08836849467726582, -0.23875381560914866, -0.31640670344310706, 0.06952727731718389, -0.29514981107072047, 0.027522581920304323, 0.005972847268856718, -0.15248666736959038, -0.07841832282202876, 0.008901180836131672, -0.060447649102844725, -0.26863337337895876, -0.02766181407894064, 0.03526528770371795, -0.1650924808288763, 0.027398050559790388, 0.040964390525018546, 0.008480090991728084, -0.015918843481939504, -0.24922647698595668, -0.0064719394434549216, 0.01450637054159587, 0.003430182466472309, 0.06192652885857597, -0.08096896728079228, -0.02481448213462012, -0.047058429952570036, -0.10346136887742374], [0.10147516348435381, -0.012416784256032543, -0.09570741245241798, -0.1347421157126516, -0.3894199706821757, 0.02085879279813696, -0.3118403708249249, 0.055344137843651664, -0.1430384311940769, -0.2510963547583698, -0.08807322880819068, 0.04272669057663481, -0.36185858404262783, -0.3070755791575688, -0.022278466304093136, -0.218360030141868, -0.03601530772166206, -0.20628358217108955, -0.23773315514198523, 0.052265327937641826, -0.014488745558865368, 0.058609519098458684, -0.015384965835004483, 0.08802348794416248, -0.07313489468061918, -0.07633554785606567, 0.12137174204420609, 0.056375088457058964, 1.0, -0.022822620048724263, 0.40360728396060774, 0.038850741339967354, 0.08791898388882335, -0.13905876786570293, -0.09039691575501863, -0.10541634286160062, -0.12011276996849563, -0.01841392340678194, -0.08284057230360697, -0.015013624133054737, -0.24331899281952873, -0.03064270447322026, -0.2600582761178072, -0.06316663944023371, 0.007947735280059876, -0.013551681602119725, -0.13481454847833407, -0.10474380035890296, 0.2783587671737555, -0.08831958294134301, 0.11900126737913419, -0.1806292758987591, -0.10700255895415633, 0.025289785312694102, -0.1028721997976334, 0.004193472169212176, -0.024522769394597965, 0.13814920993933788, 0.11011007880581858, -0.028374008452685118], [-0.0732029496280755, -0.1358667785797163, -0.44008834387412943, -0.02058517623313416, -0.22052718537056615, 0.3539714714341069, -0.16508938630491743, -0.20131801241350544, -0.2170416586727384, -0.16407382200064924, 0.10699022012335524, 0.10897401804871609, 0.10602454278626061, -0.07355083231919735, 0.06196677815967344, -0.2904997434615859, -0.08996531897460214, -0.006378813334841915, -0.004244898676612374, -0.07892538196614818, 0.054558679729027504, 0.057202867306024974, 0.08221922793530956, 0.03325504296294113, -0.034317332199802486, 0.0002717525266417997, 0.049432715971344465, 0.049738815442893713, -0.022822620048724263, 1.0, 0.07306608450387653, -0.017272862914003317, 0.029630138736584044, -0.14725342906594974, -0.28693452473398673, 0.14832905867935753, -0.32924239867942107, -0.08189067977131881, -0.09359624862310545, -0.12190953299308016, -0.30686026782746145, 0.27271170753849006, -0.3532417120529079, -0.04819822108662697, -0.023135749372496406, 0.08640990009902083, -0.11720923962887886, -0.046585670662715684, -0.08861801880751097, -0.05710170005746806, 0.14506974679821927, 0.13590443451685097, -0.14449797728865454, -0.06474292122261849, -0.16679720216297245, -0.13258135572456098, -0.04041042829302666, -0.10199049967914475, -0.0021981061202369645, 0.09666042309691647], [-0.14197852901860042, -0.06181598832198776, 0.07564291126157552, 0.11282506297886918, -0.22980368289258069, -0.0964326087423899, -0.4612772898488915, -0.11991064211021651, 0.00937477835610634, 0.19591316923140012, -0.1265156639404834, 0.061122873426391444, -0.20539521541767258, -0.07484415486979512, -0.008977639867099096, 0.047376058848258684, -0.15325431523018151, -0.3121851074209987, -0.12222955298941285, -0.035771150133734775, -0.16021289898864355, 0.06367896114255955, 0.13925205953908337, 0.026728714222925554, 0.2904835827687392, -0.07952171915241779, -0.032638583136114896, -0.05605599356085733, 0.40360728396060774, 0.07306608450387653, 1.0, -0.2652797641155429, 0.08165637157092098, 0.3074619515499729, 0.14214625991636476, -0.0559596124249675, 0.23528197859859457, 0.15213041907212133, 0.06979412969090304, 0.1528277619130617, -0.13210201675815125, -0.12630487826557535, -0.016174234122444675, 0.0031093625933726887, 0.03948670412242694, -0.00910061658003114, 0.20619662921229065, 0.07696626889210245, 0.12973393708113923, -0.04081131758858225, -0.1551793765239038, 0.1416559460890171, 0.09930338249405068, -0.20415950697814056, 0.11963546159053928, -0.29544558059120085, -0.10815651478628219, -0.025895934039098067, -0.16833978531292804, -0.1768459615297897], [-0.11764939313392153, 0.05641495018169329, 0.047997913597178865, -0.13847116123093262, 0.13664100654192723, 0.10933734795072159, 0.40259806474903037, -0.015839659484485624, 0.039783983905415155, 0.25465908225184464, -0.06324783157641378, -0.1412216947108509, 0.2683337921493063, 0.20270700509609307, 0.00781092213154766, 0.211094554