"[[1.0, 0.33667005742418543, 0.471135818898736, 0.4187238658491069, 0.22019344934601048, 0.2533504720746802, 0.48347777777793177, 0.49815817571316123, 0.39102065386302165, 0.4294948838898409, 0.39506150765836323, 0.247146308972358, 0.31695421855909645, 0.2159932568354196, 0.1846862133820354, 0.3912093075174572, 0.09894142882079249, 0.13207885463664226, 0.3114039404856801, 0.22355339181222456, 0.4281624292483682, 0.18435514949171594, 0.18093956996807292, 0.33483005186162007, 0.4110969303342962, 0.22886677476559603, 0.21683928244925432, 0.1574523562007748, 0.2893558035322672, 0.24144889532138936, 0.22240797458300854, 0.1042585699428199, 0.20123765607046384, 0.38282651368067766, 0.41071044874145646, 0.5841447649830519, 0.4438344171415234, 0.42330975470364474, 0.1633551951458465, 0.39160040455930245, 0.3706809670892104, 0.29619897336120904, 0.3510374827024736, 0.3447748915622373, 0.1751533328118723, 0.15287666823885826, 0.30872085531852433, 0.14929722998971773, 0.23946580156837394, 0.2057993805026832, 0.32333722378485885, 0.4837747291093769, 0.17074375356222493, 0.3210398885210911, 0.20318744923328724, 0.28015004784935993, 0.14262593395758183, 0.09322563747755463, 0.11610359147739091, 0.21856829898705532], [0.33667005742418543, 1.0, 0.5381187415946517, 0.7259669643822951, 0.325953345978913, 0.4214624355992789, 0.514386108372129, 0.19993347667854056, 0.4967431033421721, 0.4722294028185984, 0.36090473746721474, 0.3992893130248141, 0.34996321953281107, 0.09487873934796298, 0.15206420530419462, 0.44826352421274107, 0.09098861429271632, 0.327786499011537, 0.3400909643697877, 0.19518325159151195, 0.27714148644819714, 0.20522023927522293, 0.3123960879126261, 0.20754199500224768, 0.2551821407704048, 0.16837092589964242, 0.2207097538477849, 0.25890084268726155, 0.23935999234431404, 0.13459168862756699, 0.1902251000055939, 0.25025242279662696, 0.2454192735969436, 0.403184378334263, 0.34987853395691315, 0.2021731552886208, 0.4001867556493497, 0.3100526526234455, 0.14741102056842847, 0.42651826989909114, 0.3422359862402222, 0.1472160299884735, 0.29382093649330576, 0.4748918585970152, 0.12472108415173644, 0.18762193341671152, 0.30408293389443086, 0.08802714837768055, 0.2894481515892088, 0.10321050489685535, 0.40672197983692127, 0.32705687802924066, 0.13780270491187985, 0.06507237585502135, 0.11751906912764942, 0.3460289641476094, 0.1277328470579009, 0.11672368603680827, 0.35787616819096035, 0.16088355596593984], [0.471135818898736, 0.5381187415946517, 1.0, 0.6953334042798516, 0.7908747001842386, 0.48930112934630077, 0.8079183237320846, 0.5210650288912873, 0.8903642736412758, 0.8503148774435648, 0.4116811029908023, 0.4463704574253968, 0.8289935262965186, 0.43285915117375984, 0.2380561564064334, 0.8508030674039512, 0.31716229301858245, 0.7001644104730809, 0.4788751290708324, 0.23138391178837514, 0.7293209719481518, 0.3283274161526255, 0.28645656054914426, 0.280259601711627, 0.4270675585692215, 0.2323250749554262, 0.275863916289639, 0.2619366477680988, 0.36692359511652284, 0.20463235356079235, 0.4906306653935799, 0.2768846535505094, 0.43860769283032, 0.8936486073039842, 0.8523668031882644, 0.5593748257520091, 0.8603652309364305, 0.7557030690607331, 0.4074737226657015, 0.7828787912527757, 0.8650379294256284, 0.33869266144216437, 0.8568197321012936, 0.8753564997404881, 0.18461411472418254, 0.26263074537527076, 0.8486808909656517, 0.2513559240981278, 0.406938111231549, 0.3579519568888593, 0.3686040013386974, 0.8376693975178319, 0.3396043075365238, 0.31839123477393017, 0.4267660290154286, 0.48336298105534103, 0.3418768404591699, 0.4310289835607506, 0.4056314046567647, 0.5185008638653972], [0.4187238658491069, 0.7259669643822951, 0.6953334042798516, 1.0, 0.5334137672110282, 0.3634993705353293, 0.6454187993784837, 0.17017840611793067, 0.7356632259800117, 0.7462867538250628, 0.3235179029853954, 0.4491658629678036, 0.6507537767369713, 0.3524742707167211, 0.22989085337941673, 0.6612312105855558, 0.23678407384600164, 0.5629969817816122, 0.48900567717119303, 0.3607784498682767, 0.4726040043136611, 0.35698054697943893, 0.23538356724202436, 0.31789083599338563, 0.38450196614855203, 0.25676634093956174, 0.14786801079399003, 0.20525695019666457, 0.2295416928287488, 0.2587164257550044, 0.3728914236564893, 0.16002805003419085, 0.14896691446279864, 0.6520742070536024, 0.665393182279734, 0.47377784288517133, 0.7173693770086244, 0.5614883957429737, 0.3405783480966553, 0.6730659104148117, 0.5924693208840535, 0.5459448933568659, 0.5745561894842098, 0.7431601438791298, 0.12365135862660603, 0.26545583679273754, 0.5847319417203298, 0.08930746787406196, 0.38537699435947337, 0.2578028009740898, 0.2818987163769404, 0.6258375192877799, 0.21506581823881177, 0.23884352169120138, 0.26318201415066433, 0.4061162740399775, 0.23318329714609598, 0.19380383704623227, 0.4348955262763914, 0.25738802547521433], [0.22019344934601048, 0.325953345978913, 0.7908747001842386, 0.5334137672110282, 1.0, 0.5546454202487621, 0.8460829508748687, 0.441679554687211, 0.7647542059953528, 0.7890786288875228, 0.3690432869771798, 0.4955399989356204, 0.8764336627185596, 0.5693378628737432, 0.21436153930359947, 0.8213162501967953, 0.27003581368168483, 0.8496142926584143, 0.6031287173122998, 0.3905378486540656, 0.7367271409409858, 0.2106631321314716, 0.2391464315040437, 0.20195067985829818, 0.3128871597459906, 0.24717321277807813, 0.3596818738807944, 0.251997941637901, 0.18448003536414226, 0.2953252093136989, 0.3522147806510645, 0.31123042108646515, 0.29466753898571385, 0.819182065739751, 0.8178527309001234, 0.29738057751037306, 0.7627462397750925, 0.7575470701698177, 0.476304892860816, 0.7516846851311496, 0.8350649068794322, 0.2912390408399612, 0.8598399406751664, 0.8083872501535232, 0.1904303715514467, 0.2616927926953242, 0.8465760306819788, 0.24007767261198132, 0.36946473517473777, 0.16544880081891167, 0.3640222912020724, 0.8327422012648755, 0.29384264891144896, 0.4511730911581012, 0.35181206684594013, 0.49617676444289116, 0.3910517111814844, 0.30993519420259985, 0.2359298532918106, 0.3846130460855426], [0.2533504720746802, 0.4214624355992789, 0.48930112934630077, 0.3634993705353293, 0.5546454202487621, 1.0, 0.5807527724192948, 0.3491875974843519, 0.5015647417303065, 0.5823206236942128, 0.7025437488253155, 0.4163320256781401, 0.5356527011385482, 0.4829264682157055, 0.21763553735680974, 0.5721311996058975, 0.15001961884393256, 0.5165827061995149, 0.21740747410675598, 0.3427229678445938, 0.44801612820875825, 0.16207088542603454, 0.24907797254222241, 0.20634311883710255, 0.12888765817647196, 0.15873968832064667, 0.16989656502070383, 0.33981088670337667, 0.32928760191941653, 0.539524739040968, 0.18938139713039703, 0.4190589284992057, 0.16361062613714106, 0.45844059945580895, 0.38383651176271183, 0.37553798098778846, 0.3842677490712354, 0.43996345104330126, 0.19927114048981065, 0.3409514255389188, 0.4850644693883024, 0.15443006033447348, 0.41826706963387383, 0.4900860732873654, 0.16992170900862247, 0.1186605427272075, 0.473856410837586, 0.10738986494617919, 0.41072852211299127, 0.11959474587519581, 0.3083122488823341, 0.48464482512260254, 0.16351421774683028, 0.22984814045551238, 0.12480001009540176, 0.3107490722189611, 0.2581504051424557, 0.39502810672081334, 0.36913762824647034, 0.25021018460421984], [0.48347777777793177, 0.514386108372129, 0.8079183237320846, 0.6454187993784837, 0.8460829508748687, 0.5807527724192948, 1.0, 0.6318513275774521, 0.8075809754032707, 0.8267671072761995, 0.38063129417679353, 0.5848517795869018, 0.8435357018781486, 0.5312127229558253, 0.3191557665209801, 0.8749415446866435, 0.2525347118245955, 0.7825651197314785, 0.6201635307322889, 0.44761646232749774, 0.8064381942645669, 0.28292879298353535, 0.29764781360463655, 0.2415837780981862, 0.3726548939941783, 0.3754159233046155, 0.3145196019553853, 0.24720980919986102, 0.3051299764310247, 0.38777556500746213, 0.3227365165926309, 0.4300655403640826, 0.4590911937624461, 0.7590205371466957, 0.8201671136564481, 0.47028670179766596, 0.7782790827743494, 0.7171948022451414, 0.30856268740472337, 0.7388143287029648, 0.8245975766404975, 0.4271765173674218, 0.7898783199869914, 0.8414348208854173, 0.15698053373778753, 0.30284624763571677, 0.7660017045434204, 0.2555843893080283, 0.3543688660784958, 0.21371465885477048, 0.5134789077996159, 0.8054521378273984, 0.2544090626348787, 0.4035871291631915, 0.2945351858548251, 0.612656573101398, 0.32809852862033007, 0.3899686164936986, 0.40224179962587625, 0.22371626524876842], [0.49815817571316123, 0.19993347667854056, 0.5210650288912873, 0.17017840611793067, 0.441679554687211, 0.3491875974843519, 0.6318513275774521, 1.0, 0.529179117412428, 0.5056465231674677, 0.319173382545468, 0.41298183608156824, 0.45201644665922935, 0.4429099644222374, 0.19345096106261883, 0.513022881868076, 0.2630519736001731, 0.3219753999636046, 0.3445029937802869, 0.3938198683445293, 0.4295587411224423, 0.1697493816706137, 0.20306977931028403, 0.22358038326567187, 0.21443264067304446, 0.2479085910589094, 0.11556355604703117, 0.23804003497682147, 0.23641238050751778, 0.09331339599787936, 0.15637424323072757, 0.21383804417376528, 0.6296434031732171, 0.47119999095810483, 0.5477415123194241, 0.44924071349866046, 0.5021493836285161, 0.5162000340361954, 0.25726789417558704, 0.4384798467326667, 0.5543819612130741, 0.16477215300608983, 0.5254131533407046, 0.39371702020862864, 0.1279079642020997, 0.15786283415072555, 0.3780379230600839, 0.13862553655704946, 0.09795889575787686, 0.09494057526295907, 0.24409482229566715, 0.49413320324164967, 0.11542140642140786, 0.0775523211434479, 0.10575642657803375, 0.3484112349886308, 0.22398076172398196, 0.16145394219300768, 0.21853889976503382, 0.13358544835189223], [0.39102065386302165, 0.4967431033421721, 0.8903642736412758, 0.7356632259800117, 0.7647542059953528, 0.5015647417303065, 0.8075809754032707, 0.529179117412428, 1.0, 0.8640898353691612, 0.3606988631467424, 0.48304593918228955, 0.8089383960540235, 0.43416766741399415, 0.2417628926842641, 0.8263826844246196, 0.30192970738085556, 0.6715079628051918, 0.40426558002599444, 0.3908229043450434, 0.634537993994082, 0.2679601484965577, 0.20015275987514103, 0.22133389326404473, 0.270671847438511, 0.2014600413864418, 0.20024697328384855, 0.18022129500029838, 0.32883449171167944, 0.2223981962004482, 0.44034920218190665, 0.15840878078981058, 0.31838141955605126, 0.8427227607251055, 0.8018097530513617, 0.5665754513768217, 0.8277843441176145, 0.6832089512701564, 0.43967296146260226, 0.7041896330446996, 0.8221416403507267, 0.4485881895491497, 0.7892032508387697, 0.8338409990359031, 0.13024513616149225, 0.2981616308947648, 0.7688386921375455, 0.22772526661834824, 0.2000201295274464, 0.20069364250227428, 0.37866802453668846, 0.752031099441862, 0.3538599369677422, 0.26101805711455306, 0.2373235126955061, 0.3804229553410301, 0.2571084657672824, 0.42061417845489135, 0.38928492290196504, 0.4510770074317847], [0.4294948838898409, 0.4722294028185984, 0.8503148774435648, 0.7462867538250628, 0.7890786288875228, 0.5823206236942128, 0.8267671072761995, 0.5056465231674677, 0.8640898353691612, 1.0, 0.434762689853037, 0.5348186383049983, 0.8251745774083313, 0.6026020710029125, 0.35410776862856264, 0.84095622082555, 0.322286341229743, 0.7429407981099466, 0.42892668679087254, 0.4208261451592126, 0.6875821929774321, 0.3967903215306654, 0.3091808669110967, 0.37354452398956584, 0.40630056776818135, 0.16479363216675957, 0.28924978680999436, 0.1902208928226221, 0.34343271118633933, 0.32297183211977687, 0.5089188733860397, 0.3906381656164457, 0.34346948640622377, 0.838628221167508, 0.8377958766621146, 0.5149742359965069, 0.8659459564065857, 0.6865656451036704, 0.3980419728440836, 0.7509498107625978, 0.8005924906767383, 0.46387566555102944, 0.7923858663557314, 0.7990010369246769, 0.19655520598696796, 0.18872090528155905, 0.7670824050249313, 0.28995770534930454, 0.4466404538648785, 0.23062189625887286, 0.2442309880984126, 0.804283489052914, 0.3927013928116503, 0.2424705470891213, 0.3015237358421059, 0.5142323056603857, 0.2918345836086149, 0.3630675548065636, 0.3220239312335389, 0.30546988148679155], [0.39506150765836323, 0.36090473746721474, 0.4116811029908023, 0.3235179029853954, 0.3690432869771798, 0.7025437488253155, 0.38063129417679353, 0.319173382545468, 0.3606988631467424, 0.434762689853037, 1.0, 0.4048478375448701, 0.35424420932663514, 0.2377055066349102, 0.08887562190020537, 0.4957562252640173, 0.13915700518091412, 0.31493363024355814, 0.2433251709080062, 0.20005270576445788, 0.1550512044511848, 0.140062116483455, 0.19078169457953542, 0.1167311415160256, 0.21174410911943908, 0.19788002957358608, 0.2843018557536299, 0.18136147953232407, 0.2458253599267528, 0.32787498155357153, 0.28113694779650134, 0.016248988380492824, 0.27398878606061505, 0.3832218750469031, 0.33657606991558264, 0.3062057838587511, 0.3025035671443117, 0.40952310336995024, 0.2925543203614751, 0.2912859507266967, 0.3058725695534318, 0.16962765657339207, 0.2917016498096723, 0.332388826484312, 0.08893887783313559, 0.12959040385365783, 0.45531941249406715, 0.1158282857068329, 0.3014833814468798, 0.17653354235327612, 0.06669548082997934, 0.4092885831722788, 0.16777337931991032, 0.23532864701698253, 0.20976838007436704, 0.3118923859700834, 0.11957596742070287, 0.16331787721784385, 0.35994682091379215, 0.16404320231264968], [0.247146308972358, 0.3992893130248141, 0.4463704574253968, 0.4491658629678036, 0.4955399989356204, 0.4163320256781401, 0.5848517795869018, 0.41298183608156824, 0.48304593918228955, 0.5348186383049983, 0.4048478375448701, 1.0, 0.482613577368864, -0.03559581428571734, 0.30709450838513463, 0.647527542526391, 0.19049959730383637, 0.5774424141386133, 0.3096074381623257, 0.312770926508244, 0.3577317689863013, 0.20479840064068755, 0.22424313210183533, 0.3886628006326407, 0.21323684914495245, 0.3510532446501703, 0.1890691420369014, 0.39546234285559057, 0.2706939196057976, 0.3164859723064859, 0.3783611687546302, 0.015173480950806395, 0.3359739160525368, 0.466646464449492, 0.5056452723793498, 0.17421284521134972, 0.46834930813832787, 0.3848960771425478, 0.3058408234458103, 0.4275174929680432, 0.4934907766132842, 0.376683525042677, 0.4089152396906093, 0.5048916452159745, 0.14504522006162823, 0.07968411094394989, 0.47377882677569483, 0.237298130184047, 0.0742214136436109, 0.1715862067282179, 0.19985404540692076, 0.4443147639553764, 0.17213528979572001, 0.164648530356428, 0.23263450277114273, 0.4567404034544168, 0.2464744466198716, 0.30596005081295385, 0.09212417988899235, 0.047127819640092716], [0.31695421855909645, 0.34996321953281107, 0.8289935262965186, 0.6507537767369713, 0.8764336627185596, 0.5356527011385482, 0.8435357018781486, 0.45201644665922935, 0.8089383960540235, 0.8251745774083313, 0.35424420932663514, 0.482613577368864, 1.0, 0.5261514919633832, 0.1946790692080569, 0.8531165949042628, 0.3073457974878251, 0.8292489108503043, 0.5933429128593398, 0.282475801814986, 0.7934053689490718, 0.38781719784501534, 0.2642156629906517, 0.2743366855140277, 0.4199730061856235, 0.236336625229002, 0.19049806035158856, 0.21484224022293885, 0.22426921422778157, 0.5038111207311743, 0.4315010960185863, 0.30869887945110697, 0.4488181751355651, 0.8283507394232328, 0.850277848186468, 0.5099871924901385, 0.7943980378361724, 0.7156718245042152, 0.45050873248788204, 0.7875188044240704, 0.8153517090516824, 0.4672960345284647, 0.8225600794299683, 0.8715116837957456, 0.1290016569805339, 0.2796812336374832, 0.820445911802369, 0.19131539739648207, 0.3360557902887057, 0.14353142196875923, 0.37529736044143336, 0.8658604873211339, 0.3113901752314172, 0.4115762612163725, 0.39588267350542883, 0.520587144423004, 0.4558089899746871, 0.3118872560322661, 0.38633725948611897, 0.44109326650345404], [0.2159932568354196, 0.09487873934796298, 0.43285915117375984, 0.3524742707167211, 0.5693378628737432, 0.4829264682157055, 0.5312127229558253, 0.4429099644222374, 0.43416766741399415, 0.6026020710029125, 0.2377055066349102, -0.03559581428571734, 0.5261514919633832, 1.0, 0.1302051365267467, 0.4074462635253835, 0.19599930939867782, 0.40040349677648956, 0.419296919632111, 0.4927922523094862, 0.42018850130582597, 0.2223380743119292, 0.22017336504224294, 0.2129938042995354, 0.34698642357943366, 0.12275235296674991, 0.14020602794834736, 0.22848688568706932, 0.084411088365269, 0.23560656143651937, 0.12434376163075, 0.43170547508704193, 0.1865914476960988, 0.4802831257896789, 0.5259105936372823, 0.4300846763581153, 0.5637392304333197, 0.5624145620363704, 0.3139785351455019, 0.4755193469286825, 0.5003506525460834, 0.2628174467585951, 0.5572390130619933, 0.44454833031124763, 0.18496734683357197, 0.25196084141142383, 0.4475519090985949, 0.1994854521185082, 0.49625675909093503, 0.0806529432258436, 0.16041031721110488, 0.5860148093032873, 0.1320915148720344, 0.19961418668786524, 0.1671493705993291, 0.3946914204412826, 0.19682114586421484, 0.22394227677800294, 0.3728215928732782, 0.1678160257912702], [0.1846862133820354, 0.15206420530419462, 0.2380561564064334, 0.22989085337941673, 0.21436153930359947, 0.21763553735680974, 0.3191557665209801, 0.19345096106261883, 0.2417628926842641, 0.35410776862856264, 0.08887562190020537, 0.30709450838513463, 0.1946790692080569, 0.1302051365267467, 1.0, 0.2545102135447552, 0.13159946759188113, 0.13650829916533747, 0.22836356187229134, 0.21801033022715466, 0.1777126771009595, 0.10438426099064979, 0.10481434309920101, 0.13088430859535016, 0.09855532836531, 0.0934685314763759, 0.12947085514032886, 0.125191206406839, 0.17064200211962266, 0.23040811760564617, 0.20231484340310213, 0.055600644361211926, 0.1479001908626396, 0.24331500918341087, 0.28343690634562935, 0.09655907023486221, 0.29070334759514926, 0.22053518856884324, 0.1186047415170528, 0.2152118445227582, 0.16989384997431267, 0.12285472996974289, 0.2525524356599539, 0.26122803838202624, 0.10345123427672309, 0.09646882563232928, 0.19149992240797042, 0.12445730977004821, 0.24799760762911838, 0.11743738143849614, 0.0908881887108981, 0.21877793799620782, 0.12417013018036127, 0.10303413133398787, 0.11101943730498542, 0.15122736252383173, 0.09586755151112436, 0.19719200330587827, 0.24893707244045804, 0.12749273810475437], [0.3912093075174572, 0.44826352421274107, 0.8508030674039512, 0.6612312105855558, 0.8213162501967953, 0.5721311996058975, 0.8749415446866435, 0.513022881868076, 0.8263826844246196, 0.84095622082555, 0.4957562252640173, 0.647527542526391, 0.8531165949042628, 0.4074462635253835, 0.2545102135447552, 1.0, 0.25053452971879786, 0.8251270953969337, 0.5673860354286225, 0.24795872924796847, 0.7855051954931552, 0.22170098887059275, 0.2526194466384999, 0.28002808559011494, 0.36280603805348244, 0.311027178792765, 0.11899807346697777, 0.2599239771738726, 0.358390458715673, 0.29858636755740786, 0.5055143167343296, 0.319365488902867, 0.42754688490288906, 0.8578821582576899, 0.8662625330216043, 0.4619931043093941, 0.8011151404213581, 0.7270557285415807, 0.34785361857644825, 0.7740334314578992, 0.889917643409041, 0.41527067009265917, 0.8486510609751896, 0.8722207537060621, 0.16764265642308085, 0.26297875114090685, 0.8953265854056176, 0.2339489580773908, 0.3860957413638446, 0.18303646735820456, 0.28935730145409155, 0.7955614286696518, 0.318411806707949, 0.447295573828677, 0.3525300233183454, 0.5611321501118729, 0.25421746735309025, 0.3880056056402291, 0.39450576686800365, 0.2638624266568925], [0.09894142882079249, 0.09098861429271632, 0.31716229301858245, 0.23678407384600164, 0.27003581368168483, 0.15001961884393256, 0.2525347118245955, 0.2630519736001731, 0.30192970738085556, 0.322286341229743, 0.13915700518091412, 0.19049959730383637, 0.3073457974878251, 0.19599930939867782, 0.13159946759188113, 0.25053452971879786, 1.0, 0.24419276624489028, 0.14487964325860947, 0.09025286367760621, 0.14204450118902723, 0.16968025143319787, 0.1152831877531082, 0.13398686447842367, 0.1425868639789991, 0.13043702842973892, 0.13427983711488645, 0.10576278281707152, 0.14947643764080332, 0.09822321994149452, 0.07254718375349278, -0.04521864338679604, 0.15676986860022524, 0.2056878021571953, 0.22039671256699966, 0.1840523859365043, 0.2261031520457052, 0.17737598453933046, 0.10487900643076842, 0.4136182355736042, 0.16911789343552142, 0.1768885800502431, 0.2358448307980998, 0.19407722290148077, 0.13394915724435863, 0.11278163975913691, 0.2542281507744063, 0.10211059506120423, 0.22665763785625148, 0.14872346605095244, 0.17868025446587454, 0.24251565017728083, 0.10255970844315487, 0.12126919539389625, 0.12522214775253138, 0.1566788275046298, 0.06701393228741737, 0.1155353959037132, 0.09600319035809413, 0.1530982799148629], [0.13207885463664226, 0.327786499011537, 0.7001644104730809, 0.5629969817816122, 0.8496142926584143, 0.5165827061995149, 0.7825651197314785, 0.3219753999636046, 0.6715079628051918, 0.7429407981099466, 0.31493363024355814, 0.5774424141386133, 0.8292489108503043, 0.40040349677648956, 0.13650829916533747, 0.8251270953969337, 0.24419276624489028, 1.0, 0.48939462647765075, 0.2803109162322426, 0.7630824576560669, 0.17383264280489752, 0.14133598959067928, 0.335859466016461, 0.28968547868309136, 0.32421540101409474, 0.2305421500911633, 0.1513705026803892, 0.17640838558238414, 0.43312746064058105, 0.3285051320086563, 0.4700207185489167, 0.35941667394140864, 0.794158873447117, 0.7712423698220364, 0.2135067892474729, 0.7121751921613231, 0.6930407491093104, 0.22306238102193954, 0.7590858007085173, 0.816163270433445, 0.38506628752770655, 0.7573042842485463, 0.8173674889646174, 0.11501851883143621, 0.18853905046730568, 0.8130050801184908, 0.12791289457934774, 0.3640696035416543, 0.2072742148096529, 0.24394629403436696, 0.7757871197075178, 0.24233840310888455, 0.29164713680386756, 0.31100217811997855, 0.46989229753710005, 0.22586515151914854, 0.26445290593559734, 0.21607239608043927, 0.34546981694479095], [0.3114039404856801, 0.3400909643697877, 0.4788751290708324, 0.48900567717119303, 0.6031287173122998, 0.21740747410675598, 0.6201635307322889, 0.3445029937802869, 0.40426558002599444, 0.42892668679087254, 0.2433251709080062, 0.3096074381623257, 0.5933429128593398, 0.419296919632111, 0.22836356187229134, 0.5673860354286225, 0.14487964325860947, 0.48939462647765075, 1.0, 0.20862673488547134, 0.4925685126553123, 0.2456788575665605, 0.19358196508158265, 0.2589115962046391, 0.40899031078589587, 0.3169165377942389, 0.15263740666196868, 0.2218570127156867, 0.12500803242839775, 0.27091401561932904, 0.21049629412954485, 0.06709955541551349, 0.487132883099731, 0.5653651388214109, 0.6839049513169736, 0.23680974843702873, 0.6180655620736838, 0.7293108232268436, 0.5355751861047277, 0.6948215795213865, 0.540749728779097, 0.32560597292346594, 0.6495834134606392, 0.6600349829811721, 0.23373495540865896, 0.13110312056523488, 0.605145859409989, 0.10864948011601183, 0.36461462406384926, 0.17009659026688095, 0.47725586753156757, 0.6810225008892584, 0.12079127218461028, 0.5626953896345891, 0.07800065804135836, 0.5087370262754172, 0.22071062179220335, 0.08687056958400874, 0.4752975009070175, 0.19296434316350874], [0.22355339181222456, 0.19518325159151195, 0.23138391178837514, 0.3607784498682767, 0.3905378486540656, 0.3427229678445938, 0.44761646232749774, 0.3938198683445293, 0.3908229043450434, 0.4208261451592126, 0.20005270576445788, 0.312770926508244, 0.282475801814986, 0.4927922523094862, 0.21801033022715466, 0.24795872924796847, 0.09025286367760621, 0.2803109162322426, 0.20862673488547134, 1.0, 0.113132099539062, 0.1875333719035268, 0.21930359462947435, 0.11333330922659612, 0.2197580607964048, 0.24652798217355, 0.16679611903287117, 0.18142780857643148, 0.25585077089413344, 0.14814805960530963, 0.25213900768391473, 0.011390764988660429, 0.144955667297205, 0.28268446686190885, 0.30758005630464147, 0.12028001864180815, 0.32131504332939553, 0.38709362538926106, 0.13530078113863053, 0.3626215812030811, 0.25364625437956123, 0.30132910255215717, 0.3073119638110713, 0.3153376956141929, 0.07335605756447117, 0.05311840876685969, 0.19720653550045752, 0.07953499605830006, 0.1581120855511522, 0.1374612283736737, 0.31973713473777665, 0.3785572076187885, 0.05520240051680991, 0.138392520789123, 0.18114800708819678, 0.23959129576469507, 0.11967855145714212, 0.10870148408625657, 0.20410378567930443, 0.1512353791106097], [0.4281624292483682, 0.27714148644819714, 0.7293209719481518, 0.4726040043136611, 0.7367271409409858, 0.44801612820875825, 0.8064381942645669, 0.4295587411224423, 0.634537993994082, 0.6875821929774321, 0.1550512044511848, 0.3577317689863013, 0.7934053689490718, 0.42018850130582597, 0.1777126771009595, 0.7855051954931552, 0.14204450118902723, 0.7630824576560669, 0.4925685126553123, 0.113132099539062, 1.0, 0.22115971861927408, 0.16742602340935897, 0.2478176213267026, 0.25877051285054387, 0.23103649363154755, 0.21577033107594623, 0.21080455887118, 0.399019731825611, 0.419701650103498, 0.35951553374789125, 0.6274087752982899, 0.3392557672496257, 0.7562050878018796, 0.7972041424404428, 0.4903425647037988, 0.7071200754394754, 0.6799269789921819, 0.20056512123956227, 0.7154913770432185, 0.8564722110486538, 0.3547543318814269, 0.7955241274927561, 0.7886611470414797, 0.1454329849146363, 0.2065672339447927, 0.7669304714198655, 0.15439473154276429, 0.47077613518641104, 0.1410346069419467, 0.38838207273848546, 0.7908865961911291, 0.12984740794496075, 0.3927603163986437, 0.29022348568102374, 0.42891148884551056, 0.32432783962722067, 0.23412921582338553, 0.21711921121856181, 0.2507659374925366], [0.18435514949171594, 0.20522023927522293, 0.3283274161526255, 0.35698054697943893, 0.2106631321314716, 0.16207088542603454, 0.28292879298353535, 0.1697493816706137, 0.2679601484965577, 0.3967903215306654, 0.140062116483455, 0.20479840064068755, 0.38781719784501534, 0.2223380743119292, 0.10438426099064979, 0.22170098887059275, 0.16968025143319787, 0.17383264280489752, 0.2456788575665605, 0.1875333719035268, 0.22115971861927408, 1.0, 0.1047687377358213, 0.1839979507624837, 0.27753779416632574, 0.19096299992961163, 0.22637246314019777, 0.18382559517892838, 0.2526106854500345, 0.2587503879832376, 0.32702529528617164, 0.19679212432599225, 0.2954262522989026, 0.27449056206328903, 0.33141801671898485, 0.3114284453593359, 0.35502238753962734, 0.1940470780778638, 0.24424713772465134, 0.392823608197437, 0.27284115683048293, 0.11268008491410864, 0.319667600034235, 0.3627781528589411, 0.18833871256931234, 0.044770830007863194, 0.20893012634051789, 0.14359056348872057, 0.18589983052820924, 0.13227415703621803, 0.062003106234525096, 0.37546391151925174, 0.1746080486813848, 0.24128306528305177, 0.19119077535103235, 0.14132562997258424, 0.16514619358268423, 0.22442879161994933, 0.20024023219592335, 0.13944182096130042], [0.18093956996807292, 0.3123960879126261, 0.28645656054914426, 0.23538356724202436, 0.2391464315040437, 0.24907797254222241, 0.29764781360463655, 0.20306977931028403, 0.20015275987514103, 0.3091808669110967, 0.19078169457953542, 0.22424313210183533, 0.2642156629906517, 0.22017336504224294, 0.10481434309920101, 0.2526194466384999, 0.1152831877531082, 0.14133598959067928, 0.19358196508158265, 0.21930359462947435, 0.16742602340935897, 0.1047687377358213, 1.0, 0.1389391492211658, 0.17299243714079815, 0.2447266101436194, 0.25081449643408504, 0.23032877196678436, 0.1897287065356117, 0.26453594459636365, 0.3424989973743655, 0.1524928631336122, 0.30958715538250026, 0.2707128751499006, 0.2436084764925477, 0.3248672400528113, 0.30067699880387155, 0.18414848226992153, 0.23327566325680227, 0.28329818904749415, 0.15192203147176597, 0.19580930326165114, 0.23126540059949585, 0.2154807191985324, 0.10537040924197139, 0.07443074573292063, 0.18025561232339926, 0.11433833044658737, 0.20730871051484978, 0.19614377838047337, 0.17648452118514668, 0.23911334240304827, 0.0875369908462571, 0.24013763980149005, 0.1486679567836987, 0.3756514489720788, 0.132338656366638, 0.16616473179303992, 0.19973204695090852, 0.10044287580989719], [0.33483005186162007, 0.20754199500224768, 0.280259601711627, 0.31789083599338563, 0.20195067985829818, 0.20634311883710255, 0.2415837780981862, 0.22358038326567187, 0.22133389326404473, 0.37354452398956584, 0.1167311415160256, 0.3886628006326407, 0.2743366855140277, 0.2129938042995354, 0.13088430859535016, 0.28002808559011494, 0.13398686447842367, 0.335859466016461, 0.2589115962046391, 0.11333330922659612, 0.2478176213267026, 0.1839979507624837, 0.1389391492211658, 1.0, 0.2875172852291632, 0.15470420491144465, 0.13206431295105447, 0.18927517132080418, 0.33253760198629023, 0.2776020022522103, 0.22103905588527706, 0.1411719005359915, 0.27943316485702197, 0.4085754919033766, 0.41180061299047876, 0.15732998047005542, 0.5136115787576448, 0.4305262596111181, 0.26522232459939876, 0.4072752612247723, 0.2568835934945324, 0.21751318976070277, 0.2990095007282916, 0.36501292044812583, 0.11960306226308037, 0.15615327435882387, 0.21552715458429517, 0.15533796533583755, 0.19312712794310927, 0.1279703522178579, 0.13651449623738943, 0.40672772650486033, 0.24242444847088518, 0.23389017612595242, 0.16681909939051875, 0.15490054777033402, 0.1735193360872469, 0.24328819374043875, 0.19779716044339413, 0.2244427853986677], [0.4110969303342962, 0.2551821407704048, 0.4270675585692215, 0.38450196614855203, 0.3128871597459906, 0.12888765817647196, 0.3726548939941783, 0.21443264067304446, 0.270671847438511, 0.40630056776818135, 0.21174410911943908, 0.21323684914495245, 0.4199730061856235, 0.34698642357943366, 0.09855532836531, 0.36280603805348244, 0.1425868639789991, 0.28968547868309136, 0.40899031078589587, 0.2197580607964048, 0.25877051285054387, 0.27753779416632574, 0.17299243714079815, 0.2875172852291632, 1.0, 0.15899891672169142, 0.1414642510196673, 0.25324795893150076, 0.21160928053824812, 0.21923470822785918, 0.48447567852296125, 0.010103237632729467, 0.33052282268615873, 0.4023954806633707, 0.35607917917813015, 0.16255683032133095, 0.4107156578948339, 0.3515986669871054, 0.15280711012475634, 0.40696862702251946, 0.2919520302209546, 0.22526334336023868, 0.3170136613268839, 0.3406490088809606, 0.05392426800718497, 0.15988948805121217, 0.42898976181424653, 0.12205587890482517, 0.2984802436742069, 0.11020995885905283, 0.21715778239727546, 0.5226794840406868, 0.16922105522799513, 0.1358983310244789, 0.1544183894501041, 0.5189650770067173, 0.1780919093407769, 0.2772230305410457, 0.14772457608847223, 0.26404367204778567], [0.22886677476559603, 0.16837092589964242, 0.2323250749554262, 0.25676634093956174, 0.24717321277807813, 0.15873968832064667, 0.3754159233046155, 0.2479085910589094, 0.2014600413864418, 0.16479363216675957, 0.19788002957358608, 0.3510532446501703, 0.236336625229002, 0.12275235296674991, 0.0934685314763759, 0.311027178792765, 0.13043702842973892, 0.32421540101409474, 0.3169165377942389, 0.24652798217355, 0.23103649363154755, 0.19096299992961163, 0.2447266101436194, 0.15470420491144465, 0.15899891672169142, 1.0, 0.2388603229521249, 0.17435884218029174, 0.18828451537693935, 0.21696509733034786, 0.16631210666896823, 0.116328044227198, 0.29027438806211503, 0.2618673335129067, 0.2722876389648837, 0.3716244530691619, 0.36257820712890365, 0.3665584054434995, 0.14716246506093011, 0.30915539687851434, 0.318906495446423, 0.25514401239552775, 0.22447880725439162, 0.3387111913708555, 0.09981711238388191, 0.2120249715608189, 0.25967504642257877, 0.07186290567369735, 0.3907200548878593, 0.08862813686763471, 0.1726508361090915, 0.3629334922196643, 0.1302277929694592, 0.2063413251815327, 0.11628530586765196, 0.34808867859535575, 0.1631980310603356, 0.29057449233018695, 0.2703716415927473, 0.18922399997096462], [0.21683928244925432, 0.2207097538477849, 0.275863916289639, 0.14786801079399003, 0.3596818738807944, 0.16989656502070383, 0.3145196019553853, 0.11556355604703117, 0.20024697328384855, 0.28924978680999436, 0.2843018557536299, 0.1890691420369014, 0.19049806035158856, 0.14020602794834736, 0.12947085514032886, 0.11899807346697777, 0.13427983711488645, 0.2305421500911633, 0.15263740666196868, 0.16679611903287117, 0.21577033107594623, 0.22637246314019777, 0.25081449643408504, 0.13206431295105447, 0.1414642510196673, 0.2388603229521249, 1.0, 0.2194392158336267, 0.3158574035203806, 0.21600603077644343, 0.1565611883712369, 0.1873027750009102, 0.1736151171702236, 0.26089778566458666, 0.28168292769564496, 0.12174173713533776, 0.34140675977896573, 0.31073381410085443, 0.24747622792789126, 0.27180590121740855, 0.18473082617447267, 0.2464149631571888, 0.24578464800924305, 0.2156069416147881, 0.07088719500589746, 0.171144704713186, 0.26786994767659444, 0.1171163811933944, 0.1961712050510449, 0.1296000186205044, 0.2277520236427033, 0.38421255425289147, 0.14970902472181846, 0.14247686900841572, 0.13403183012533315, 0.3765444311503712, 0.1353381694307103, 0.17961444248908176, 0.0674788486048844, 0.13908862771048458], [0.1574523562007748, 0.25890084268726155, 0.2619366477680988, 0.20525695019666457, 0.251997941637901, 0.33981088670337667, 0.24720980919986102, 0.23804003497682147, 0.18022129500029838, 0.1902208928226221, 0.18136147953232407, 0.39546234285559057, 0.21484224022293885, 0.22848688568706932, 0.125191206406839, 0.2599239771738726, 0.10576278281707152, 0.1513705026803892, 0.2218570127156867, 0.18142780857643148, 0.21080455887118, 0.18382559517892838, 0.23032877196678436, 0.18927517132080418, 0.25324795893150076, 0.17435884218029174, 0.2194392158336267, 1.0, 0.27314277688998956, 0.2330908312811245, 0.2165938587803341, 0.13219800400155246, 0.15576052878922553, 0.23272790512773767, 0.2409253512581232, 0.3300486934943826, 0.2520895652109726, 0.33362609565373147, 0.19774087419057618, 0.26704443774878195, 0.3222045048271234, 0.24311657064503023, 0.35629252541284795, 0.2698097777842693, 0.10369390166723913, 0.21019077723965696, 0.26637503774764637, 0.15091711023585397, 0.28239131004875384, 0.15704724546760396, 0.20724296858961833, 0.31806044580499304, 0.15829070079487484, 0.21480586464467177, 0.16424936721309547, 0.3576155528958135, 0.09855569211745618, 0.17061679567216104, 0.16386203096823004, 0.1305287424596], [0.2893558035322672, 0.23935999234431404, 0.36692359511652284, 0.2295416928287488, 0.18448003536414226, 0.32928760191941653, 0.3051299764310247, 0.23641238050751778, 0.32883449171167944, 0.34343271118633933, 0.2458253599267528, 0.2706939196057976, 0.22426921422778157, 0.084411088365269, 0.17064200211962266, 0.358390458715673, 0.14947643764080332, 0.17640838558238414, 0.12500803242839775, 0.25585077089413344, 0.399019731825611, 0.2526106854500345, 0.1897287065356117, 0.33253760198629023, 0.21160928053824812, 0.18828451537693935, 0.3158574035203806, 0.27314277688998956, 1.0, 0.20643858331790566, 0.6625000112991619, 0.14675309355375288, 0.35674411129452166, 0.41877048525408167, 0.4124837034747366, 0.25929495256889235, 0.4073085720084122, 0.4061874229336251, 0.1281658380659585, 0.4173627397710077, 0.3219118465497821, 0.2559459663193644, 0.36262260976824, 0.40474836882939735, 0.1975251037492325, 0.12954353737832391, 0.3873655512408558, 0.07096349725756057, 0.40993018668838577, 0.08710913492014982, 0.39077860845895485, 0.43397337099352185, 0.08256251138399484, 0.25661160162861973, 0.1270993039412145, 0.24418117467524536, 0.1987911040379382, 0.32218161080412333, 0.3534869203449469, 0.1362013746468862], [0.24144889532138936, 0.13459168862756699, 0.20463235356079235, 0.2587164257550044, 0.2953252093136989, 0.539524739040968, 0.38777556500746213, 0.09331339599787936, 0.2223981962004482, 0.32297183211977687, 0.32787498155357153, 0.3164859723064859, 0.5038111207311743, 0.23560656143651937, 0.23040811760564617, 0.29858636755740786, 0.09822321994149452, 0.43312746064058105, 0.27091401561932904, 0.14814805960530963, 0.419701650103498, 0.2587503879832376, 0.26453594459636365, 0.2776020022522103, 0.21923470822785918, 0.21696509733034786, 0.21600603077644343, 0.2330908312811245, 0.20643858331790566, 1.0, 0.2715573415121203, 0.2837029924554575, 0.3087415685727779, 0.33457871900631986, 0.3163675702546356, 0.37801340862300536, 0.2935730271079491, 0.3283151652988605, 0.22247821036000937, 0.34002272653229326, 0.237734907427263, 0.4190671262919794, 0.21663966917956645, 0.4081874472997069, 0.14547004726357338, 0.24906332030476397, 0.3212415787419123, 0.12117572575503144, 0.2335302503154818, 0.13186190807807907, 0.38354131195588614, 0.4796788401250738, 0.0627709570891265, 0.150071142427893, 0.11581280248012682, 0.26388171329554866, 0.15044243244873257, 0.14473799281983657, 0.24312744476536152, 0.2573409589441572], [0.22240797458300854, 0.1902251000055939, 0.4906306653935799, 0.3728914236564893, 0.3522147806510645, 0.18938139713039703, 0.3227365165926309, 0.15637424323072757, 0.44034920218190665, 0.5089188733860397, 0.28113694779650134, 0.3783611687546302, 0.4315010960185863, 0.12434376163075, 0.20231484340310213, 0.5055143167343296, 0.07254718375349278, 0.3285051320086563, 0.21049629412954485, 0.25213900768391473, 0.35951553374789125, 0.32702529528617164, 0.3424989973743655, 0.22103905588527706, 0.48447567852296125, 0.16631210666896823, 0.1565611883712369, 0.2165938587803341, 0.6625000112991619, 0.2715573415121203, 1.0, -0.023181487157572178, 0.37275887853822887, 0.6296878023869554, 0.5424375766993272, 0.2593148517349142, 0.5328046453608907, 0.45935594145843905, 0.3893639293247496, 0.5091297224373381, 0.42869046877603545, 0.22155603228127407, 0.4773659563290208, 0.503818531081822, 0.1796547333427998, 0.24422136224279578, 0.5806494670999374, 0.21983929324010076, 0.39634128528805346, 0.1783884247116987, 0.20054479392627866, 0.5662034285138977, 0.28195296624388866, 0.16017375335355066, 0.2681321364287823, 0.24046691690078847, 0.14048125826519753, 0.19302875371178463, 0.12194476615692684, 0.19790537009302556], [0.1042585699428199, 0.25025242279662696, 0.2768846535505094, 0.16002805003419085, 0.31123042108646515, 0.4190589284992057, 0.4300655403640826, 0.21383804417376528, 0.15840878078981058, 0.3906381656164457, 0.016248988380492824, 0.015173480950806395, 0.30869887945110697, 0.43170547508704193, 0.055600644361211926, 0.319365488902867, -0.04521864338679604, 0.4700207185489167, 0.06709955541551349, 0.011390764988660429, 0.6274087752982899, 0.19679212432599225, 0.1524928631336122, 0.1411719005359915, 0.010103237632729467, 0.116328044227198, 0.1873027750009102, 0.13219800400155246, 0.14675309355375288, 0.2837029924554575, -0.023181487157572178, 1.0, 0.13928253325958462, 0.2934367769405517, 0.2895002921942402, 0.21300391272780927, 0.27446831799722027, 0.23822277595817143, -0.2221167346545756, 0.29103422835870196, 0.4489475744075718, -0.018833091320693995, 0.33404835014763956, 0.3064669970868812, -0.0014239702520191244, 0.024836157369280465, 0.24060509721081702, 0.008546039998063581, 0.4906853775651616, -0.0115253821749981, 0.04109784468847877, 0.30548498873156493, 0.01904017410908221, -0.010550481810674972, 0.05559410935580256, 0.18841258100499514, -0.01986363167748273, 0.054923026634565386, 0.033563846600838, -0.0717641776082385], [0.20123765607046384, 0.2454192735969436, 0.43860769283032, 0.14896691446279864, 0.29466753898571385, 0.16361062613714106, 0.4590911937624461, 0.6296434031732171, 0.31838141955605126, 0.34346948640622377, 0.27398878606061505, 0.3359739160525368, 0.4488181751355651, 0.1865914476960988, 0.1479001908626396, 0.42754688490288906, 0.15676986860022524, 0.35941667394140864, 0.487132883099731, 0.144955667297205, 0.3392557672496257, 0.2954262522989026, 0.30958715538250026, 0.27943316485702197, 0.33052282268615873, 0.29027438806211503, 0.1736151171702236, 0.15576052878922553, 0.35674411129452166, 0.3087415685727779, 0.37275887853822887, 0.13928253325958462, 1.0, 0.46174271753259144, 0.5364140018307965, 0.22876409802217712, 0.468870642002824, 0.5122650540783656, 0.211090666748197, 0.5362901708216007, 0.3633095391493528, 0.28984377736839617, 0.4394968894323106, 0.47348163888274075, 0.12333877485561118, 0.10170670821288585, 0.39622813475112995, 0.15117367635467227, 0.18293386750181417, 0.17519806504655067, 0.3302226855648258, 0.5100554591720876, 0.21194432867693358, 0.11225437273718086, 0.17111939454635716, 0.4990735129098294, 0.20715600962986613, 0.09238284140049569, 0.511380