"[[1.0, 0.6253130114322265, -0.2262926193783712, 0.21729088364209292, -0.2752890903266594, -0.04732789095500656, -0.06746487097715481, 0.15535035651605522, -0.17309014941096357, 0.11607189491077108, 0.5799799068782541, 0.5279024960000165, -0.06598450599979833, -0.11798421056590858, -0.3579122991710393, -0.05431204109253618, -0.7486292175020779, -0.11314462407356851, 0.04460702227236102, 0.19811819437266454, -0.08941648896032817, 0.5027160028298474, 0.16910719273898656, 0.5538417934012331, 0.9005732849287724, 0.009684288618390435, 0.40653671762207066, 0.5302891094659128, 0.5340545114430204, 0.4073437864563425, 0.656721622145694, -0.09130723579386624, 0.6056450579783262, 0.019107509752107732, -0.13606263112743888, 0.28788133877782074, 0.043141321058685844, 0.20636420115529153, 0.5020363321295719, -0.10054089398080324, -0.08199718327105532, 0.21513884208397638, -0.2837936846007916, -0.2638930039354448, -0.8279947867106421, -0.6669369966840728, -0.3204745753019902, -0.07907574369619819, 0.33804576456779767, -0.8277165909210495, 0.11773863399327722, 0.3562731356036988, 0.09359682478269582, -0.5785935302816458, -0.45406496608748226, 0.31133898597845744, -0.5571984804481311, -0.4423228358176816, -0.25137068293760345, -0.3904264274524467], [0.6253130114322265, 1.0, -0.47819349717697324, 0.3266205060536065, -0.2358443996582349, 0.7245476615196947, 0.38383015517092656, 0.6162274656285467, -0.15039355691535672, 0.07533880859312525, 0.985193154742656, 0.6878719242560263, -0.2818279332691025, 0.29495406405182445, 0.2483402472574754, -0.1286686272123223, -0.2211423750307937, -0.15203858607694953, 0.06791457233841214, 0.8677978052855163, -0.18540575185055697, -0.21654854043832739, 0.5623995067641261, -0.27564646407483884, 0.2252759282522253, 0.3045662318575476, 0.42758135206907655, 0.4783038578487405, 0.4009518025158718, 0.6387851613133442, 0.01623516189856744, 0.3016657880618492, 0.4315681673363263, -0.34795503454908117, -0.34683963314777033, 0.3665833534141152, -0.4738394871565177, 0.0649332944217984, -0.33687835629571006, -0.25675133313236076, -0.21104453434099413, 0.43809702164119946, -0.4564632474767438, -0.4299455760801787, -0.7696884003737581, -0.7299278259841353, -0.5357989380245702, -0.21016241881234565, 0.8650265631577645, -0.4444911045739679, 0.45664889098677053, -0.0924800168636164, -0.6554665032536076, -0.8736907524163127, -0.9638362635092146, 0.4213029376594778, -0.6573893137215958, -0.5410960849916409, 0.14558360085526112, -0.8335750338671422], [-0.2262926193783712, -0.47819349717697324, 1.0, 0.6412283630454346, 0.933853469595316, -0.18577780722497028, 0.4931202880247587, 0.31556488651506753, 0.9212581057195853, 0.7607786774849623, -0.46770525140362795, -0.36357106702413544, 0.9105390723188124, 0.5852888252360064, -0.033147747725834176, 0.9253755837859132, 0.1906684851270164, 0.9169086824349303, 0.41763129971100343, -0.26122020953334957, 0.8889306352170566, -0.17741959505596272, -0.9831513645026406, 0.06173820362281435, 0.016258400643260562, -0.7732077134060258, -0.900435181676386, -0.7512824169185963, -0.8922295668879903, -0.9506192871418442, -0.13078007481753318, 0.5107856205307594, -0.3534500155659295, 0.9686162006729899, 0.9751663995198718, -0.40127933441515395, 0.9111992694527099, 0.7458087165991558, 0.2905959091733614, 0.9549924342433315, 0.951180463494468, -0.4649201741037876, 0.9952845630458862, 0.8921184019955377, -0.0733467289498273, 0.036367257497867844, 0.9947894047776049, 0.05353198453030572, -0.2696559832237253, -0.17374389741021123, -0.6796591470437425, 0.7711700801326612, 0.2640880391525977, 0.19203499525544954, 0.36352744269409587, -0.7038249845869835, 0.11003689129119731, -0.4297222464269943, -0.23916448411958102, 0.5294684760660447], [0.21729088364209292, 0.3266205060536065, 0.6412283630454346, 1.0, 0.7979928125710662, 0.4531151330105918, 0.9066251393302602, 0.8651129293564542, 0.8476846035032932, 0.7455536438404047, 0.28783991515024043, 0.00016504489501123487, 0.7990321884472529, 0.8914383408787284, 0.05061414355928584, 0.8828537475224605, -0.05911068122614327, 0.881322356751878, 0.7053152198220228, 0.467702211644911, 0.862450260847208, -0.5153759762058501, -0.538264605668064, -0.27825085198118216, 0.12246636091899121, -0.3842380127967382, -0.6874394976299221, -0.5468049578812297, -0.6246698561536408, -0.41268825639004403, -0.31746231430003014, 0.7113431843292137, 0.1436934550718031, 0.6894240066244832, 0.7666045837929519, 0.09993446520498594, 0.5760824338518893, 0.9263776567093922, 0.007404394255489555, 0.8255876506256977, 0.8454926908753171, 0.09500209527639958, 0.6566028881834299, 0.6867909130578588, -0.6812704914059149, -0.6767121315985478, 0.6007262297352011, -0.3664661568387524, 0.3578515699617342, -0.5950573796706693, -0.13989289494593526, 0.7678444406428286, -0.4105723573138129, -0.4144111555589549, -0.39881076264201987, -0.2182913578680019, -0.23836400586406592, -0.8093719994268356, 0.124596026093724, -0.021794943073878414], [-0.2752890903266594, -0.2358443996582349, 0.933853469595316, 0.7979928125710662, 1.0, 0.1756707238034706, 0.7598010739329929, 0.6025255086929033, 0.9940087819648363, 0.8242467505225605, -0.2196188492268667, -0.24780382450000005, 0.8870582094563297, 0.8305079714708267, 0.196401896632301, 0.9708426083699334, 0.34222963611703894, 0.9716494113377885, 0.49395270886933695, 0.08043680528875286, 0.9195397778879197, -0.4814006910490902, -0.8532782608221314, -0.2625719752310247, -0.17627438269126183, -0.6862171520693698, -0.9184139995926914, -0.7753752511484335, -0.9589502349193149, -0.8566232652199421, -0.3693289413931893, 0.7346312374873695, -0.36224433306933834, 0.8803599841764209, 0.9452603145260099, -0.3364921120578379, 0.7509394083038963, 0.7890435231591025, -0.01697962192288127, 0.9565067251263688, 0.9677448489264399, -0.34638614796169764, 0.9587843616983006, 0.8614775299848912, -0.1847642702434653, -0.10969760549996455, 0.9318604183999558, -0.03925994871914251, 0.015368197498264569, -0.13969002116459395, -0.542360212277055, 0.6844340377881215, -0.07858157190194714, -0.022260443602290403, 0.07250965277102128, -0.6527203272241358, -0.0052533191988946015, -0.5859356993952944, -0.08606013177597638, 0.30570514001158067], [-0.04732789095500656, 0.7245476615196947, -0.18577780722497028, 0.4531151330105918, 0.1756707238034706, 1.0, 0.7349811369300012, 0.8196521493081592, 0.2041244630790977, 0.2306196221253043, 0.7475839244780613, 0.41285768249237154, -0.07860635374511316, 0.6823345691215412, 0.6520235180047508, 0.13289851618357584, 0.3932628496557964, 0.1471373713502886, 0.16768055573571994, 0.9687344025215834, 0.0701304439689483, -0.7805638428135224, 0.3571386990736397, -0.8399207657394143, -0.4513110819797821, 0.18703578431513324, -0.0065649636909468345, 0.0036864626108242815, -0.15478876119810603, 0.267148798825126, -0.5715385612882558, 0.6521869695228727, -0.026084166093400363, -0.22242450062196428, -0.08856108401898033, 0.13987064210800904, -0.43841434709985205, 0.12456375147992749, -0.8194282677994167, 0.000991694640993357, 0.04860220233078649, 0.28419083693290326, -0.10729618847091293, -0.122419207277358, -0.3881936170047797, -0.4328783956954405, -0.18748499996793733, -0.19949160729805215, 0.8464755228387726, 0.041750833468730986, 0.33316636531801536, -0.21520156330837437, -0.9159893751587531, -0.6754034886020901, -0.8552679464247124, 0.11107724939218455, -0.41826885023396, -0.5054919873897565, 0.33960820938846203, -0.6839953384917212], [-0.06746487097715481, 0.38383015517092656, 0.4931202880247587, 0.9066251393302602, 0.7598010739329929, 0.7349811369300012, 1.0, 0.9514485487468836, 0.7871085624201681, 0.6599393912812013, 0.374967177733035, 0.04760982254847823, 0.6139915895074864, 0.9832247109099999, 0.3719184536599942, 0.7606648227634435, 0.27478742107033916, 0.7758816944554481, 0.5940650914908847, 0.6812018316265787, 0.723961558194069, -0.7988234324177195, -0.3365047402848502, -0.64700849789211, -0.2674597939843957, -0.2528055608554953, -0.6327152716004858, -0.5406836553041205, -0.6728615958729849, -0.32657001027896637, -0.5961337638096103, 0.8319795850096464, -0.04650304415157325, 0.46420174139881953, 0.6043869891777656, 0.04728796681320646, 0.2849249463525564, 0.7268404590539667, -0.4088667603755125, 0.6756590184841508, 0.7059365079558775, 0.11290110419074084, 0.5471471876201285, 0.5513534789498328, -0.4980319006093681, -0.535667628645311, 0.4807386883689787, -0.32581419934942524, 0.525259047795282, -0.26478651867158254, -0.031273818061665404, 0.4461916254168117, -0.672764876770017, -0.45499461686933573, -0.52981445607778, -0.21746798672330292, -0.2322397936897318, -0.7354697406948199, 0.2601658803840492, -0.18977996089302374], [0.15535035651605522, 0.6162274656285467, 0.31556488651506753, 0.8651129293564542, 0.6025255086929033, 0.8196521493081592, 0.9514485487468836, 1.0, 0.6553911986036871, 0.6743213376874917, 0.6250086037290817, 0.3388553466391411, 0.42725799797531083, 0.9338258754989164, 0.4605827934879696, 0.6319294911973047, 0.2188932800277873, 0.6233789898318229, 0.4284446962992998, 0.8272257194967375, 0.5470225632918354, -0.6776047540267487, -0.16322777745242245, -0.5773428520574151, -0.12038663105977143, -0.24272822535598504, -0.38946966002605454, -0.25965594021530913, -0.4737154429265662, -0.14682601702352382, -0.4083251331875102, 0.8620562906501533, -0.007331165372662429, 0.3428534096962117, 0.42670045654114785, 0.0206203057849651, 0.1210855666860492, 0.6163263594634102, -0.43668690063985416, 0.5114910253091433, 0.5587546044426372, 0.09564842643583216, 0.3673855401368902, 0.3126010922589535, -0.6781083799305789, -0.6177777435396139, 0.2807903776020584, -0.20658616142610575, 0.7452823556609856, -0.33984451649256564, -0.01497878365243177, 0.3574537955515723, -0.6904932146546203, -0.7063270922391172, -0.7446039380747362, -0.17419258883969468, -0.4969898791736749, -0.8555234194233852, 0.1229532067535819, -0.4600124277819395], [-0.17309014941096357, -0.15039355691535672, 0.9212581057195853, 0.8476846035032932, 0.9940087819648363, 0.2041244630790977, 0.7871085624201681, 0.6553911986036871, 1.0, 0.8638521691867893, -0.13632561991797565, -0.17490700377818746, 0.8902581080708727, 0.8536777632961305, 0.18826627255360595, 0.9861498633180874, 0.2850459926847767, 0.9800503591615007, 0.5039958858868183, 0.13324171416896902, 0.9253877159227003, -0.4556434352408396, -0.8404104071481724, -0.23086489629528306, -0.09512094201469945, -0.6990456585954314, -0.8879920028177044, -0.7264354194467348, -0.9238077877663908, -0.8226824261586123, -0.3165793628645144, 0.7625286657991246, -0.3121784807454402, 0.8927707354847884, 0.9437519325262022, -0.3168582736311789, 0.7543759699564929, 0.8253551118803046, 0.010213439324987306, 0.9616265937724356, 0.9771720117213688, -0.3300852214472907, 0.9429839629900216, 0.8405430432274847, -0.2898528230324766, -0.19164898569690503, 0.9086469977888648, -0.04414614267393335, 0.08210621084502268, -0.22668982182643127, -0.5372736656897594, 0.7261013650542075, -0.09350463126509401, -0.110461676851624, -0.0027508108971958656, -0.6352733799263452, -0.0861173643612001, -0.663615571000113, -0.11420870436336328, 0.24287367021673922], [0.11607189491077108, 0.07533880859312525, 0.7607786774849623, 0.7455536438404047, 0.8242467505225605, 0.2306196221253043, 0.6599393912812013, 0.6743213376874917, 0.8638521691867893, 1.0, 0.14631826555215288, 0.30995798725152324, 0.6260712760316254, 0.7665375613023442, 0.39836402234043855, 0.8400496215797366, 0.30651340128386506, 0.7819741553597369, 0.1170372382402528, 0.24731787736095268, 0.663302457340453, -0.17177380363602301, -0.7017350122002077, -0.03423284383486136, 0.14085946930719784, -0.8764484878810723, -0.5457971369427614, -0.28520408831047095, -0.7046350995250594, -0.7062966652823246, 0.07862272202108511, 0.8677550426297829, -0.43878380914582604, 0.8168449038377781, 0.7376024699533098, -0.5740611269488367, 0.583585428506677, 0.6218492596129777, 0.00883962958522233, 0.762484058415978, 0.8093234706402989, -0.5818894179068916, 0.7772555151705289, 0.49325242843589256, -0.5025367613780425, -0.15489411080862303, 0.7124186629146625, 0.3377780769314557, 0.37477217600891866, -0.25606033134744255, -0.7304136435172468, 0.6044854341821445, 0.04833967661950567, -0.46968819649902205, -0.22933321728981948, -0.7748753668802022, -0.5479899053850346, -0.8757984628167774, -0.5225674878368451, -0.13962942202276518], [0.5799799068782541, 0.985193154742656, -0.46770525140362795, 0.28783991515024043, -0.2196188492268667, 0.7475839244780613, 0.374967177733035, 0.6250086037290817, -0.13632561991797565, 0.14631826555215288, 1.0, 0.7889681741885008, -0.3377249269425584, 0.312307446414673, 0.3904771913573778, -0.13681992779191599, -0.08881064466416211, -0.17189875326722337, -0.06952763461857159, 0.8850713278566323, -0.23591685237682558, -0.19832646231697493, 0.5548997311104664, -0.28969632899000786, 0.17865785308664361, 0.20406943509591746, 0.4628011586627434, 0.5402123551854559, 0.36776056703705007, 0.587549707875332, 0.059843170805636614, 0.38644400368677356, 0.2775501932597576, -0.3426216392496071, -0.3671976518412663, 0.20890351024483755, -0.5143370327951793, -0.011758196416207234, -0.4104751230206025, -0.2792661741301874, -0.22362946967358366, 0.2925465090681052, -0.4386575130656132, -0.490325016728695, -0.7384896891582389, -0.6213882576513503, -0.5255557898359409, -0.05020340792280775, 0.9291557878214043, -0.34035214827426175, 0.33996838807536056, -0.1629693778352974, -0.6153576119273589, -0.9291398914335698, -0.9812587058314348, 0.29283787738109446, -0.755938266670479, -0.5832705242015557, 0.018253485414169046, -0.9118208632912577], [0.5279024960000165, 0.6878719242560263, -0.36357106702413544, 0.00016504489501123487, -0.24780382450000005, 0.41285768249237154, 0.04760982254847823, 0.3388553466391411, -0.17490700377818746, 0.30995798725152324, 0.7889681741885008, 1.0, -0.48737604242124855, 0.09114043177076359, 0.572210930443659, -0.21102911951086512, 0.13517825962885444, -0.2961642447175996, -0.5894307728014918, 0.5632705688584398, -0.43007817234345347, 0.21921665935369705, 0.38669969574725616, 0.050985763474454826, 0.28088919996615913, -0.21762422000025472, 0.6062561700060586, 0.7811975205278789, 0.3527303106239792, 0.329528078123722, 0.4911540660319553, 0.4048721079609747, -0.18209174664003092, -0.2207935323947039, -0.39869886592495196, -0.35748900229098113, -0.4572607496824832, -0.2928599954927691, -0.2792263130355772, -0.35161381158369487, -0.28049658247495923, -0.29860006161221553, -0.34669071009236574, -0.653996486687785, -0.5464949169214779, -0.1371220593783784, -0.42948480978869985, 0.5611144517515899, 0.8256408616664519, -0.07945225266070777, -0.1850726301295822, -0.2725960147806623, -0.09814976324685198, -0.886991662142804, -0.7260936237250506, -0.16574395230423766, -0.9618527698365367, -0.5619357771329623, -0.5704372015968167, -0.922680063772988], [-0.06598450599979833, -0.2818279332691025, 0.9105390723188124, 0.7990321884472529, 0.8870582094563297, -0.07860635374511316, 0.6139915895074864, 0.42725799797531083, 0.8902581080708727, 0.6260712760316254, -0.3377249269425584, -0.48737604242124855, 1.0, 0.6333421274755074, -0.27276763969447204, 0.9404738600029633, -0.09614423016509654, 0.9574386699294185, 0.7485362367948457, -0.12949969560307117, 0.9887738893338816, -0.307786522879435, -0.8772057973050342, -0.00730393002462848, 0.10417875580581049, -0.4978622549470959, -0.9363320891054423, -0.8419827558045616, -0.7891475946578721, -0.7462958474538199, -0.27745387837128543, 0.4046773768057492, 0.03560759907316324, 0.9004705436182647, 0.9768943839610659, 0.004320925912700058, 0.9154831232302857, 0.9345376854416303, 0.3513235571030766, 0.9783390859699157, 0.960757289362182, -0.06690543812075767, 0.8983072120779197, 0.9733645510036971, -0.25328858735529636, -0.31863164812867995, 0.9000857445301288, -0.3461994245343527, -0.25477819975731775, -0.44866166564621923, -0.3402356918173082, 0.9005990345199103, 0.028168869300971733, 0.17186599510020362, 0.23238719585113776, -0.36063182607937594, 0.23124171665148463, -0.43077306337838994, 0.09322154656637593, 0.5631598799074893], [-0.11798421056590858, 0.29495406405182445, 0.5852888252360064, 0.8914383408787284, 0.8305079714708267, 0.6823345691215412, 0.9832247109099999, 0.9338258754989164, 0.8536777632961305, 0.7665375613023442, 0.312307446414673, 0.09114043177076359, 0.6333421274755074, 1.0, 0.4585856355487661, 0.8120446144492892, 0.38251514545329623, 0.8148420113446093, 0.48895901486239257, 0.6207908986091029, 0.7376346512745431, -0.7459693453842897, -0.4352608997414127, -0.6025070975392559, -0.277777025164311, -0.41176365407299587, -0.6635948543456425, -0.5364563551718975, -0.7561517513259179, -0.45644843722338035, -0.528583830253375, 0.9068491458678031, -0.20849296829725295, 0.5526755082389063, 0.661156565443941, -0.13287657065703673, 0.34046027770896914, 0.7042830310720527, -0.40361609112744645, 0.7237807185600965, 0.7600737257643699, -0.0697818428728989, 0.6406911528116445, 0.5670298968125936, -0.4552275546449369, -0.4109020184041494, 0.5719914714643358, -0.16425870278320187, 0.514976514004905, -0.18845585716952828, -0.20652314212601208, 0.45218829981791697, -0.5616253793376345, -0.4537410163664295, -0.4700703209323194, -0.3910431025014234, -0.2916166814286174, -0.7767318415767002, 0.10508351960438866, -0.18354769001539628], [-0.3579122991710393, 0.2483402472574754, -0.033147747725834176, 0.05061414355928584, 0.196401896632301, 0.6520235180047508, 0.3719184536599942, 0.4605827934879696, 0.18826627255360595, 0.39836402234043855, 0.3904771913573778, 0.572210930443659, -0.27276763969447204, 0.4585856355487661, 1.0, 0.03963709471328014, 0.8725528589787527, 0.0074306563300534645, -0.48873287323711434, 0.5758429682427705, -0.16531143928992753, -0.42380206838494217, 0.1476532018085953, -0.5996785264833828, -0.5720688665449059, -0.3102820394495691, 0.09059659630108774, 0.18790003997017513, -0.293389631049209, -0.11822555400262447, -0.22657944707424948, 0.7188173121385537, -0.7393409239219291, -0.11009008247324026, -0.1209231886478066, -0.6170125818093404, -0.4218603279887605, -0.28612585339793695, -0.8300319263321652, -0.08581522616453174, -0.02114778743443213, -0.47646665673711475, 0.04865455277038755, -0.28646470816652814, 0.037860700343080866, 0.31032580367668516, -0.021361463402589376, 0.5661539552467862, 0.6831735696637035, 0.5771759177586057, -0.3138694005866729, -0.46856148707033984, -0.35105279521441757, -0.5177768026908369, -0.47785279942328196, -0.5124937684455029, -0.5583524955502388, -0.38448734995581635, -0.30432843725577463, -0.6471796262560046], [-0.05431204109253618, -0.1286686272123223, 0.9253755837859132, 0.8828537475224605, 0.9708426083699334, 0.13289851618357584, 0.7606648227634435, 0.6319294911973047, 0.9861498633180874, 0.8400496215797366, -0.13681992779191599, -0.21102911951086512, 0.9404738600029633, 0.8120446144492892, 0.03963709471328014, 1.0, 0.12252051918753115, 0.9941030098415354, 0.5882815516530099, 0.08861079816565676, 0.9624551521261782, -0.38359792646667024, -0.8597720178799717, -0.12708929175004546, 0.040287678911803626, -0.6671597590182614, -0.8893784409361056, -0.7284424810554175, -0.8662714068549713, -0.7890183547332446, -0.25363058797311644, 0.684565598601509, -0.17265115858199986, 0.9243910863182919, 0.9688343796515818, -0.21485400904650054, 0.8239340022152677, 0.8997869984596492, 0.1473627408970537, 0.9864706500004263, 0.9956584139116761, -0.25054193038725536, 0.9334342160800424, 0.8761628941356145, -0.36939207860665224, -0.2954865760712371, 0.9038721578710835, -0.13242664696995088, 0.029800349213191857, -0.37150842477617996, -0.49086687135636375, 0.8286192565985251, -0.05645444501970376, -0.09630671745523056, 0.01422872077002002, -0.55320644499399, -0.0597191919637452, -0.6664820240653424, -0.087323725592926, 0.2961363756322387], [-0.7486292175020779, -0.2211423750307937, 0.1906684851270164, -0.05911068122614327, 0.34222963611703894, 0.3932628496557964, 0.27478742107033916, 0.2188932800277873, 0.2850459926847767, 0.30651340128386506, -0.08881064466416211, 0.13517825962885444, -0.09614423016509654, 0.38251514545329623, 0.8725528589787527, 0.12252051918753115, 1.0, 0.12022661689089797, -0.39728144866725223, 0.21973010903568257, -0.021359670997773694, -0.4760069012730621, -0.09468792523678582, -0.6103875523762676, -0.7996936280296967, -0.3494072808066726, -0.18998705522230375, -0.15486200233881187, -0.534803897408449, -0.39968989523291043, -0.4102652683320456, 0.5770190325373389, -0.8934555647450706, 0.021285793175090717, 0.06443087137627734, -0.6799407130077502, -0.21609609257668283, -0.270985339296236, -0.7542819135780019, 0.06285191623373576, 0.09976623306229415, -0.5597680564656886, 0.2710775037915748, -0.014503045781325996, 0.4460397128464677, 0.6090927900001307, 0.2419718045671686, 0.5221369928904276, 0.2592095985501772, 0.8121736825892761, -0.41176006331828385, -0.4364077912902198, -0.1762507139448144, -0.04898328024251852, -0.032624249819655615, -0.63010834076798, -0.13332929685916395, -0.08233869691581552, -0.19991712159022934, -0.20513146571972207], [-0.11314462407356851, -0.15203858607694953, 0.9169086824349303, 0.881322356751878, 0.9716494113377885, 0.1471373713502886, 0.7758816944554481, 0.6233789898318229, 0.9800503591615007, 0.7819741553597369, -0.17189875326722337, -0.2961642447175996, 0.9574386699294185, 0.8148420113446093, 0.0074306563300534645, 0.9941030098415354, 0.12022661689089797, 1.0, 0.6533663105327885, 0.08553801689628204, 0.9817919146232277, -0.44831131205964647, -0.8450259355458878, -0.18457695181516698, -0.021505964196536276, -0.5959833231698313, -0.9265290799456904, -0.7932238024865075, -0.8807609196384074, -0.7737661423800724, -0.34218393814489456, 0.6497594021400492, -0.13632286241050107, 0.8973561243612969, 0.9714064821234226, -0.14502232991889508, 0.8163655159189833, 0.911304739746905, 0.12233088084823796, 0.9892066298569469, 0.9924447058999226, -0.17697603488943314, 0.9275986716496303, 0.912166043851126, -0.3204681219333061, -0.304861198319506, 0.9037497104607808, -0.21610270927104125, -0.012646589558389154, -0.35163865905935277, -0.4193592232533274, 0.8169181240672053, -0.10841916197990531, -0.03298957660899626, 0.039741887536850706, -0.4958891992234713, 0.031273083593970075, -0.6070931182343864, 0.013618849050553994, 0.3488536124440018], [0.04460702227236102, 0.06791457233841214, 0.41763129971100343, 0.7053152198220228, 0.49395270886933695, 0.16768055573571994, 0.5940650914908847, 0.4284446962992998, 0.5039958858868183, 0.1170372382402528, -0.06952763461857159, -0.5894307728014918, 0.7485362367948457, 0.48895901486239257, -0.48873287323711434, 0.5882815516530099, -0.39728144866725223, 0.6533663105327885, 1.0, 0.13256348891991565, 0.7673407140003404, -0.5156059277591769, -0.3554168767250454, -0.24586094728948482, 0.030413981613069407, 0.18379595883061028, -0.6862285632620253, -0.748606571670889, -0.3891655669964422, -0.15748527010170443, -0.5509825918707449, 0.08512360168603161, 0.5722821184695822, 0.40070470272190284, 0.5976538232287044, 0.6465165575352582, 0.5247324071120649, 0.8328395754259255, 0.19661446177499564, 0.6306615212363145, 0.5942012953517966, 0.6087704729229362, 0.41018904551764446, 0.7557800590351089, -0.3065984431023747, -0.6768786926550381, 0.4204825686927075, -0.8772201940435393, -0.17037589292130617, -0.5748866375453572, 0.3681987867453076, 0.6756084844882231, -0.425200409156959, 0.1623455145028222, -0.02025296071557703, 0.3211989292203308, 0.4408648260293091, -0.17932159321364005, 0.6799027126198756, 0.44718708859231926], [0.19811819437266454, 0.8677978052855163, -0.26122020953334957, 0.467702211644911, 0.08043680528875286, 0.9687344025215834, 0.6812018316265787, 0.8272257194967375, 0.13324171416896902, 0.24731787736095268, 0.8850713278566323, 0.5632705688584398, -0.12949969560307117, 0.6207908986091029, 0.5758429682427705, 0.08861079816565676, 0.21973010903568257, 0.08553801689628204, 0.13256348891991565, 1.0, 0.010787712580609177, -0.624140434455793, 0.41353454120512234, -0.6825813460557422, -0.22540961532612336, 0.18305857291630134, 0.12645350159482804, 0.16881076318452282, -0.000880100882488799, 0.37484383535787935, -0.3788952545233846, 0.6148191860284721, 0.10086680351025135, -0.23625215368489383, -0.15055411300012045, 0.1836874732902578, -0.44829629910739177, 0.1350878548927632, -0.6946841835836417, -0.05477154256081507, -0.0017143328129527458, 0.3100789207527551, -0.19758874941381954, -0.22152210741585487, -0.5730727066599308, -0.562705907459939, -0.2861223945460638, -0.17987415450480482, 0.926436951363157, -0.13720543130813434, 0.3455787430058683, -0.15682438560643797, -0.8641514797667003, -0.8160292058611995, -0.9561127712501851, 0.17612159052627252, -0.5683416547025333, -0.597616143390082, 0.24610698287886001, -0.7918646288020272], [-0.08941648896032817, -0.18540575185055697, 0.8889306352170566, 0.862450260847208, 0.9195397778879197, 0.0701304439689483, 0.723961558194069, 0.5470225632918354, 0.9253877159227003, 0.663302457340453, -0.23591685237682558, -0.43007817234345347, 0.9887738893338816, 0.7376346512745431, -0.16531143928992753, 0.9624551521261782, -0.021359670997773694, 0.9817919146232277, 0.7673407140003404, 0.010787712580609177, 1.0, -0.42943225840744925, -0.8293646610699539, -0.13935211245572932, 0.02303334683523428, -0.4766230800558686, -0.9433151372970088, -0.8476511594382428, -0.8228278251965455, -0.7169416433525386, -0.36917900740937837, 0.5070338581198658, 0.015620651103358862, 0.8697425295428592, 0.9669186046852513, 0.012957364981183606, 0.8503838026013067, 0.9481820951773646, 0.22082632615852815, 0.9809316483055804, 0.9705510639291166, -0.03556814081501258, 0.8893904292232755, 0.9581917053989192, -0.29774894060525336, -0.36819699079776314, 0.8795143560735484, -0.3671812254647582, -0.13236933268043338, -0.42666170073941045, -0.29948312714523584, 0.8623961061862032, -0.105808236541022, 0.07825245526159363, 0.11260642714290148, -0.35590285127413646, 0.1731212329613938, -0.5019757168315024, 0.14053299377850403, 0.4653606122802023], [0.5027160028298474, -0.21654854043832739, -0.17741959505596272, -0.5153759762058501, -0.4814006910490902, -0.7805638428135224, -0.7988234324177195, -0.6776047540267487, -0.4556434352408396, -0.17177380363602301, -0.19832646231697493, 0.21921665935369705, -0.307786522879435, -0.7459693453842897, -0.42380206838494217, -0.38359792646667024, -0.4760069012730621, -0.44831131205964647, -0.5156059277591769, -0.624140434455793, -0.42943225840744925, 1.0, 0.005003765060137666, 0.9490512472112842, 0.7345752353622775, -0.18035377873003222, 0.505319817721798, 0.5795861491142165, 0.5476742699064862, 0.10035644993420889, 0.9425369524859849, -0.5447074676144186, 0.08478069971624802, -0.025886275492154498, -0.27450562754433294, -0.21280404484510496, 0.08621425034072117, -0.3476803163093505, 0.7225192964052911, -0.3325148851194224, -0.34155998974706003, -0.33089345164141126, -0.25643095908567837, -0.37532700081646, -0.002400852620772831, 0.2552156984908657, -0.22269104522701233, 0.45848121519416263, -0.3474266489189428, -0.18798730695550914, -0.3076525982591787, 0.02415161137117372, 0.8481193644318725, 0.11802810218058046, 0.3732777455610159, -0.040295999553690676, -0.16210280701267532, 0.22207282298780284, -0.6293585527141086, 0.08920815770008506], [0.16910719273898656, 0.5623995067641261, -0.9831513645026406, -0.538264605668064, -0.8532782608221314, 0.3571386990736397, -0.3365047402848502, -0.16322777745242245, -0.8404104071481724, -0.7017350122002077, 0.5548997311104664, 0.38669969574725616, -0.8772057973050342, -0.4352608997414127, 0.1476532018085953, -0.8597720178799717, -0.09468792523678582, -0.8450259355458878, -0.3554168767250454, 0.41353454120512234, -0.8293646610699539, 0.005003765060137666, 1.0, -0.23327754312995186, -0.1314037699666375, 0.7866855432971057, 0.8394621949169739, 0.689509426368228, 0.8075957296307716, 0.9472979220400979, -0.01214723637367987, -0.3786962640879281, 0.32579591930039076, -0.9700307998308118, -0.9421488437621428, 0.4161767458709338, -0.9492876121833338, -0.6924481890619285, -0.4393819188091499, -0.9080431477635669, -0.8978768977228184, 0.5049052568680266, -0.9628397938604412, -0.8579965570926331, 0.03386721321587749, -0.09601692345376045, -0.9742084611125954, -0.10317742094102655, 0.3876429099167449, 0.19846124430385315, 0.7204035833747271, -0.7853120957815003, -0.42690247437385054, -0.27275536025263314, -0.47971547912484347, 0.6964074266351894, -0.14362432577676953, 0.3460835681908847, 0.31714952921475537, -0.603427523765333], [0.5538417934012331, -0.27564646407483884, 0.06173820362281435, -0.27825085198118216, -0.2625719752310247, -0.8399207657394143, -0.64700849789211, -0.5773428520574151, -0.23086489629528306, -0.03423284383486136, -0.28969632899000786, 0.050985763474454826, -0.00730393002462848, -0.6025070975392559, -0.5996785264833828, -0.12708929175004546, -0.6103875523762676, -0.18457695181516698, -0.24586094728948482, -0.6825813460557422, -0.13935211245572932, 0.9490512472112842, -0.23327754312995186, 1.0, 0.8383548473694408, -0.27287364282651394, 0.25012357252008943, 0.34293604047010684, 0.37537086295963085, -0.06768344987963659, 0.8897087750383957, -0.4945441614869879, 0.19736458406643353, 0.2252392782232946, -0.0004765282716621133, -0.12581863626157985, 0.3699259887440036, -0.04754325063256437, 0.8977497358866146, -0.05759971604284697, -0.0765622606085159, -0.2762124068490208, -0.028737954398534216, -0.08808826724638252, -0.11580590874620356, 0.09517741755150166, 0.009397058261940816, 0.2876047780871611, -0.4533689719680494, -0.4006875560231218, -0.34765959935499025, 0.3272355281316932, 0.8633086217744603, 0.18169673179900048, 0.4454328183447862, -0.06583729335930188, -0.06668228354196315, 0.11594926969534414, -0.5624035666809339, 0.2802575006753334], [0.9005732849287724, 0.2252759282522253, 0.016258400643260562, 0.12246636091899121, -0.17627438269126183, -0.4513110819797821, -0.2674597939843957, -0.12038663105977143, -0.09512094201469945, 0.14085946930719784, 0.17865785308664361, 0.28088919996615913, 0.10417875580581049, -0.277777025164311, -0.5720688665449059, 0.040287678911803626, -0.7996936280296967, -0.021505964196536276, 0.030413981613069407, -0.22540961532612336, 0.02303334683523428, 0.7345752353622775, -0.1314037699666375, 0.8383548473694408, 1.0, -0.18843569660619708, 0.24175973544359453, 0.37667263125860473, 0.4116071034103952, 0.12381814383194589, 0.80580449912814, -0.24790401322979894, 0.5015383334404009, 0.2509557313328763, 0.056093011157415607, 0.1381376408199786, 0.34306366239011254, 0.2506812278843833, 0.8132506042774347, 0.05141474941728197, 0.05052870573018409, 0.007368653960351024, -0.06674503906113971, -0.06449713766366427, -0.6231717011188223, -0.43508804770111453, -0.07061730960118417, 0.023800179153724565, -0.04765229910634261, -0.7964786878777077, -0.13158560822380228, 0.5225422501427129, 0.4787629989922313, -0.250210415172037, -0.037834075181271576, 0.12668441358596827, -0.344388854864204, -0.28359626238193947, -0.4073022571802183, -0.02383944384150105], [0.009684288618390435, 0.3045662318575476, -0.7732077134060258, -0.3842380127967382, -0.6862171520693698, 0.18703578431513324, -0.2528055608554953, -0.24272822535598504, -0.6990456585954314, -0.8764484878810723, 0.20406943509591746, -0.21762422000025472, -0.4978622549470959, -0.41176365407299587, -0.3102820394495691, -0.6671597590182614, -0.3494072808066726, -0.5959833231698313, 0.18379595883061028, 0.18305857291630134, -0.4766230800558686, -0.18035377873003222, 0.7866855432971057, -0.27287364282651394, -0.18843569660619708, 1.0, 0.4442074288943554, 0.18766578218858465, 0.6327494431256627, 0.8342381206784023, -0.33932438529505093, -0.6151473973795529, 0.646119912798641, -0.8147748844347618, -0.6584661808065309, 0.8211202736399437, -0.6313225877891511, -0.35875850924252783, -0.21319964234601096, -0.6364692704062564, -0.671183947343206, 0.8663868679467206, -0.7688975276503864, -0.4058904175216389, 0.17406768911713644, -0.25758970893321775, -0.7371355801123531, -0.6310596902536854, -0.04389822971429558, 0.030114674028372868, 0.9664613242079474, -0.4889248549277885, -0.48902867159435837, 0.17159243661404655, -0.16581638735803805, 0.9405299428822692, 0.41731763869193417, 0.5864066300602063, 0.7815803189909905, -0.07345358959524173], [0.40653671762207066, 0.42758135206907655, -0.900435181676386, -0.6874394976299221, -0.9184139995926914, -0.0065649636909468345, -0.6327152716004858, -0.38946966002605454, -0.8879920028177044, -0.5457971369427614, 0.4628011586627434, 0.6062561700060586, -0.9363320891054423, -0.6635948543456425, 0.09059659630108774, -0.8893784409361056, -0.18998705522230375, -0.9265290799456904, -0.6862285632620253, 0.12645350159482804, -0.9433151372970088, 0.505319817721798, 0.8394621949169739, 0.25012357252008943, 0.24175973544359453, 0.4442074288943554, 1.0, 0.9565013310880033, 0.9159439101672682, 0.8057030173146968, 0.5183277710423068, -0.44048271463563715, 0.17222038408696805, -0.8044880785666377, -0.9373997736933055, 0.08075082237024245, -0.7979831400478328, -0.7960293808914387, -0.09987133871082898, -0.932210357927443, -0.9123508386646157, 0.11228436329294045, -0.9137355609459723, -0.9775369086848129, -0.02763851243490434, 0.09338253333800606, -0.9232208824181112, 0.3084144203592736, 0.29891949359897585, 0.12701556278228499, 0.3271759348766474, -0.6915759860931652, 0.06571887980522884, -0.31633293951761443, -0.31614851126878674, 0.4261998368435851, -0.3811663600177515, 0.2727310051630645, -0.19812741484881724, -0.6103835127243227], [0.5302891094659128, 0.4783038578487405, -0.7512824169185963, -0.5468049578812297, -0.7753752511484335, 0.0036864626108242815, -0.5406836553041205, -0.25965594021530913, -0.7264354194467348, -0.28520408831047095, 0.5402123551854559, 0.7811975205278789, -0.8419827558045616, -0.5364563551718975, 0.18790003997017513, -0.7284424810554175, -0.15486200233881187, -0.7932238024865075, -0.748606571670889, 0.16881076318452282, -0.8476511594382428, 0.5795861491142165, 0.689509426368228, 0.34293604047010684, 0.37667263125860473, 0.18766578218858465, 0.9565013310880033, 1.0, 0.8192173129856664, 0.6617238654096708, 0.6710001548384158, -0.24533676508975444, 0.060311375671584844, -0.614215176133565, -0.805586385270014, -0.10974921260039383, -0.6725541601032785, -0.6910409059844962, -0.042125273773446104, -0.7962240997735393, -0.7601778501008003, -0.08828080939022231, -0.7674308390159252, -0.9368955340019876, -0.20045409519657564, 0.06468057654554138, -0.7961998502341381, 0.47884306716329683, 0.4206446496284211, 0.03154857304533776, 0.09833582432445798, -0.5516964727880369, 0.15576256128590926, -0.49102218510733264, -0.3920677518430895, 0.21525090839475636, -0.6086628341048115, 0.02868034020164234, -0.4356262285246746, -0.7049339756620585], [0.5340545114430204, 0.4009518025158718, -0.8922295668879903, -0.6246698561536408, -0.9589502349193149, -0.15478876119810603, -0.6728615958729849, -0.4737154429265662, -0.9238077877663908, -0.7046350995250594, 0.36776056703705007, 0.3527303106239792, -0.7891475946578721, -0.7561517513259179, -0.293389631049209, -0.8662714068549713, -0.534803897408449, -0.8807609196384074, -0.3891655669964422, -0.000880100882488799, -0.8228278251965455, 0.5476742699064862, 0.8075957296307716, 0.37537086295963085, 0.4116071034103952, 0.6327494431256627, 0.9159439101672682, 0.8192173129856664, 1.0, 0.8858052539117411, 0.4907123621020065, -0.6795577206602912, 0.5235720761358283, -0.7753337745999713, -0.8682142084170854, 0.41499095626717664, -0.6484296208311673, -0.6175710525525815, 0.15789035111716498, -0.8659656857364892, -0.8719369788981572, 0.40314377103727506, -0.9305989562365946, -0.8223348366417211, -0.08512943712903831, -0.12360404005443582, -0.9170539110733262, -0.026628208584740243, 0.08339840543856547, -0.13290197092747835, 0.5428028633685807, -0.49069572726947785, 0.0699835907775942, -0.14403660289812814, -0.20401800425042182, 0.6932074368893828, -0.1387595073261303, 0.3911714637391793, 0.03907448430307481, -0.3749168815585162], [0.4073437864563425, 0.6387851613133442, -0.9506192871418442, -0.41268825639004403, -0.8566232652199421, 0.267148798825126, -0.32657001027896637, -0.14682601702352382, -0.8226824261586123, -0.7062966652823246, 0.587549707875332, 0.329528078123722, -0.7462958474538199, -0.45644843722338035, -0.11822555400262447, -0.7890183547332446, -0.39968989523291043, -0.7737661423800724, -0.15748527010170443, 0.37484383535787935, -0.7169416433525386, 0.10035644993420889, 0.9472979220400979, -0.06768344987963659, 0.12381814383194589, 0.8342381206784023, 0.8057030173146968, 0.6617238654096708, 0.8858052539117411, 1.0, 0.08070643477825834, -0.4782446467166459, 0.5996089710421453, -0.8830339381105248, -0.8611229308251138, 0.6196344179852499, -0.8005266445719097, -0.5036191771915033, -0.19644872148362413, -0.822398227049788, -0.8221943093508841, 0.6686816386062084, -0.9538642731667273, -0.7617921842576725, -0.1615266305772054, -0.33820200663312083, -0.9608262816118103, -0.29380312996633173, 0.3265403078957656, -0.1067245679349682, 0.8109751376124901, -0.558341717369216, -0.3978891501801549, -0.28346272814676565, -0.4884314631212836, 0.8463460421973301, -0.11632533954953073, 0.28908316333548667, 0.38197404461342566, -0.5209308619807391], [0.656721622145694, 0.01623516189856744, -0.13078007481753318, -0.31746231430003014, -0.3693289413931893, -0.5715385612882558, -0.5961337638096103, -0.4083251331875102, -0.3165793628645144, 0.07862272202108511, 0.059843170805636614, 0.4911540660319553, -0.27745387837128543, -0.528583830253375, -0.22657944707424948, -0.25363058797311644, -0.4102652683320456, -0.34218393814489456, -0.5509825918707449, -0.3788952545233846, -0.36917900740937837, 0.9425369524859849, -0.01214723637367987, 0.8897087750383957, 0.80580449912814, -0.33932438529505093, 0.5183277710423068, 0.6710001548384158, 0.4907123621020065, 0.08070643477825834, 1.0, -0.2696195681350706, 0.02291622870554122, 0.06217634213438605, -0.21895553748210927, -0.3240700043074929, 0.07853557552447532, -0.24956974945983434, 0.6255327585397101, -0.25341765263480465, -0.23798028081038325, -0.4237940418014263, -0.19945019940993136, -0.4091020347878489, -0.2653153300865747, 0.11321409806847738, -0.1999504981688347, 0.5631580924293983, -0.04972252895212681, -0.2954104326292417, -0.4122813383352466, 0.09247751557296646, 0.7425987533191375, -0.20093441874858597, 0.10510497707729971, -0.16274544073143726, -0.4730568742010186, -0.09498936382187817, -0.773847792988192, -0.1650591798797305], [-0.09130723579386624, 0.3016657880618492, 0.5107856205307594, 0.7113431843292137, 0.7346312374873695, 0.6521869695228727, 0.8319795850096464, 0.8620562906501533, 0.7625286657991246, 0.8677550426297829, 0.38644400368677356, 0.4048721079609747, 0.4046773768057492, 0.9068491458678031, 0.7188173121385537, 0.684565598601509, 0.5770190325373389, 0.6497594021400492, 0.08512360168603161, 0.6148191860284721, 0.5070338581198658, -0.5447074676144186, -0.3786962640879281, -0.4945441614869879, -0.24790401322979894, -0.6151473973795529, -0.44048271463563715, -0.24533676508975444, -0.6795577206602912, -0.4782446467166459, -0.2696195681350706, 1.0, -0.4973195364104632, 0.5003183976894181, 0.5104982477613601, -0.48062105321309634, 0.20046039640242208, 0.4489934526115834, -0.4781587001307137, 0.5645734349040247, 0.6240775896374019, -0.40353246195266257, 0.5707476763996133, 0.30984075208280015, -0.4259094381196933, -0.1698805720237928, 0.48649222519028834, 0.25241644470144675, 0.6588729240163483, -0.0058869101304741545, -0.4623677074703727, 0.26237731977137124, -0.3797463433076187, -0.6135456508896806, -0.5155199092859482, -0.6297458538916749, -0.5779244567795345, -0.8454014448713845, -0.26326999573920373, -0.41062121319284706], [0.6056450579783262, 0.4315681673363263, -0.3534500155659295, 0.1436934550718031, -0.36224433306933834, -0.026084166093400363, -0.04650304415157325, -0.007331165372662429, -0.3121784807454402, -0.43878380914582604, 0.2775501932597576, -0.18209174664003092, 0.03560759907316324, -0.20849296829725295, -0.7393409239219291, -0.1726511585