"[[1.0, 0.6955445069076706, -0.11321982100708716, 0.23885310328528198, -0.19947413067345598, -0.20316210598690887, -0.006692003568310234, 0.23884855128990057, -0.1770511239265009, 0.13895976226922901, 0.40970112776831025, 0.42917259777270966, -0.05153332969005309, -0.10050960509043727, -0.36667831987378463, -0.007612055776453408, -0.6899104996667877, -0.07174403185321743, 0.15930528926622922, 0.1912480054237221, 0.01529333481084294, 0.37221549624266426, 0.22024748083721413, 0.510460967179663, 0.9078528294255369, -0.0002413510022138965, 0.3604227053026092, 0.4880260312488437, 0.5089560236188589, 0.058217621779856454, 0.6628182728276928, 0.03596746099758774, 0.6880534447289081, 0.055063992245391824, -0.08424246431186377, 0.039381779908804315, 0.04532122343394873, 0.2833644942648994, 0.2115930222843586, 0.030613978447079027, -0.04674283290046288, 0.06124612853255784, -0.19022868279818428, -0.26710325087774245, -0.8663477206119672, -0.7145969449456602, -0.25935688601984364, -0.02029545805842714, 0.7638331113810958, -0.7810324097436958, 0.10053792976658193, 0.3885941206895558, 0.11511644964764356, -0.49626013713576045, -0.5579191175219202, 0.34225669829173744, -0.3976014353012851, -0.6679736342580807, -0.28721566948937927, -0.3776100604665191], [0.6955445069076706, 1.0, -0.4130472318193841, 0.3493201722012562, -0.24550473430942166, 0.5327179915838612, 0.36313829317939783, 0.5959773359744155, -0.1558417312909106, 0.07447856758961846, 0.9240536199042527, 0.6661388176989588, -0.250018682684916, 0.24403742717690902, 0.1324706383555454, -0.11073061600763978, -0.28184784644672156, -0.1330655609093443, 0.10168883751782531, 0.811315467044582, -0.13093135119104793, -0.2422666040037298, 0.5756022724405616, -0.21912475121396446, 0.3316751522629019, 0.3087968275424857, 0.41378072642557684, 0.47393193750202967, 0.43804501372149085, 0.5272054541880544, 0.09501261201601574, 0.2815880580376393, 0.4918202203839326, -0.30430912869772575, -0.3202041680129899, 0.35794650522222815, -0.4331552832079111, 0.11665515526149972, -0.4732068029941934, -0.21981896269718693, -0.19177142201255126, 0.3925448739418742, -0.4463726145771929, -0.42064543550543565, -0.8151079670981349, -0.773243653785318, -0.5088431518155807, -0.22559555919834562, 0.8723598616916032, -0.47956595996831175, 0.4335020519687798, -0.01775645883952115, -0.5959067280114418, -0.8560924455090015, -0.9332317267401329, 0.44369692771192404, -0.5846256075641407, -0.5584884114720412, 0.1113717859127974, -0.7899813127352378], [-0.11321982100708716, -0.4130472318193841, 1.0, 0.6493385745029878, 0.9415591282445154, -0.17024569471923878, 0.5080881727818048, 0.36478805659545344, 0.9043148613123282, 0.784039598806422, -0.3975004131768545, -0.31456492455511786, 0.9019772320135169, 0.5925909519314593, -0.04151781928701048, 0.934381705563709, 0.16369060620557885, 0.9193817082166336, 0.42265158308480144, -0.2436383992784017, 0.8963164020592378, -0.1970865885624664, -0.9790676321395753, 0.0802722973545249, 0.07614486994658431, -0.829782078839556, -0.8822916492378086, -0.7625015302496818, -0.8603281539513445, -0.934942628695735, -0.08925553902112537, 0.5226966895960836, -0.28297956974965777, 0.984116144610243, 0.9794041757916288, -0.42073209599736816, 0.9438006081280764, 0.7727424572666997, 0.37067000527821126, 0.966713367521651, 0.9581954016938589, -0.45504620796830375, 0.9964667912991746, 0.8707590942128067, -0.1175616660414025, -0.016443373032270392, 0.9887741731075613, 0.07573721666394317, -0.2068058885833901, -0.22137043021883018, -0.679417562490366, 0.8055117476124919, 0.260904253724512, 0.12686675546534887, 0.2939756652678651, -0.658239263179969, 0.0737441796535554, -0.4613828969877454, -0.28085869541011754, 0.5004822270767091], [0.23885310328528198, 0.3493201722012562, 0.6493385745029878, 1.0, 0.7988112697560403, 0.43116736966877367, 0.9290905100234949, 0.8895975905212798, 0.835964541108265, 0.7336703108508164, 0.3438552093577232, 0.02533668579034576, 0.7904504640287926, 0.8920410900468306, 0.046725027550467146, 0.8734605462564214, -0.02391698219945404, 0.8777562085480309, 0.6886961796057159, 0.4853826854164688, 0.8675820394808221, -0.6501234788988002, -0.5162744826195955, -0.3645487638026388, 0.10383840459100613, -0.40816449727759796, -0.6970229108463069, -0.5902156365557745, -0.6138469286978365, -0.3921667685053669, -0.34334939554244137, 0.6946075616784783, 0.1323049901698774, 0.6704686865428754, 0.7536849370261499, 0.12413418954386612, 0.5592548694687166, 0.9153639340786892, -0.06684917070783403, 0.8007188813511309, 0.834944695439402, 0.11088991995799047, 0.6345610246727387, 0.6723920135901675, -0.6461435235354307, -0.6720896653070492, 0.5958141460955922, -0.37455420055786237, 0.3057159318191869, -0.5701856729588517, -0.12467377897151599, 0.7571002581157151, -0.44350979351626374, -0.47197270977263783, -0.37924727984639084, -0.1778842690880047, -0.19105196492327203, -0.7445392748613138, 0.12958511230076075, -0.025434927132578444], [-0.19947413067345598, -0.24550473430942166, 0.9415591282445154, 0.7988112697560403, 1.0, 0.1679669848935208, 0.7514763696041896, 0.6009696493687646, 0.9937448817075928, 0.8293966192370605, -0.15075196148454473, -0.21618022345531385, 0.9027519729075298, 0.8195877032368066, 0.15470740008745776, 0.9800963443237861, 0.3125017398205917, 0.982271368138256, 0.4768424658942003, 0.05781287381701361, 0.9263518864388149, -0.508178510905873, -0.8839897272499826, -0.24637153590316085, -0.1346529301564341, -0.740718046813523, -0.9279474530743994, -0.8242597356087966, -0.9431410364037327, -0.7812587180980675, -0.34852377252408195, 0.6879145277530757, -0.3346054371887197, 0.9054308016748049, 0.9590002208143314, -0.27180809369137293, 0.8075823897166775, 0.8034040508016453, 0.09287662613878755, 0.9466080118568319, 0.982755354818913, -0.3021666929058784, 0.953085215291792, 0.8755123267114725, -0.1727061361734583, -0.12066419449477239, 0.9435911918987822, -0.052709279361060624, -0.12551537970693882, -0.1706886208936922, -0.5498554441418766, 0.724094917140443, -0.0720613465950577, -0.06945283142131031, 0.09902627426153177, -0.6245867043030708, -0.020112816224848062, -0.49789866649271675, -0.10342060744000192, 0.33009730682256966], [-0.20316210598690887, 0.5327179915838612, -0.17024569471923878, 0.43116736966877367, 0.1679669848935208, 1.0, 0.7112774891958397, 0.7262945025898324, 0.26577550255528537, 0.20904535796976087, 0.7792260209444984, 0.41622086048385853, -0.04765536888223165, 0.6787838222768433, 0.665232796872069, 0.13333631123298995, 0.49319674466553265, 0.16940749837056335, 0.05598099221356212, 0.919894192995413, 0.05172410979659858, -0.8693349491534241, 0.29500198627028806, -0.9196976405835309, -0.5822885572224665, 0.18097052237707256, -0.07778447680318834, -0.098611840901073, -0.23103378983392542, 0.4204757931779639, -0.6715714504427912, 0.5679711994423524, -0.21438853853017892, -0.21349362500207691, -0.07920258433493754, 0.3226894650101537, -0.4194930007073734, 0.05702235211231488, -0.8750926164165329, -0.0711809457486392, 0.0650645208789028, 0.33846313921707716, -0.12710607986762334, -0.05481305547976545, -0.21309923652263363, -0.2813207215673543, -0.14121744537165393, -0.250792436889852, 0.34017819541576344, 0.18031788502860613, 0.2874147973656065, -0.2606685687209378, -0.9465244672703055, -0.6657429125194458, -0.6503158810252607, 0.015043527960174052, -0.4094833892191274, -0.1872588647347706, 0.3927132948875969, -0.5989095169814271], [-0.006692003568310234, 0.36313829317939783, 0.5080881727818048, 0.9290905100234949, 0.7514763696041896, 0.7112774891958397, 1.0, 0.9468532296913006, 0.8125284982654105, 0.688193807896406, 0.48878881694417387, 0.13578923128984743, 0.632885605552399, 0.9807414471698517, 0.3460056507356064, 0.7727457560574261, 0.27179968906421337, 0.7921173698608838, 0.5235743828391022, 0.6786340005942721, 0.7233854634004077, -0.8592097369075806, -0.3678616567798203, -0.6610086734802636, -0.22948867482181434, -0.31804127047841124, -0.6421235314495524, -0.5691262116741473, -0.6637729545057984, -0.21782547602879054, -0.5688571208307653, 0.7883401852464137, -0.09590501437934162, 0.49145370325613125, 0.6105031498472636, 0.1505481665736229, 0.31961436908045393, 0.7226229135959762, -0.39103905383088344, 0.6365721269052963, 0.7228641844809675, 0.14262787771312313, 0.5214548111104694, 0.5592664958738376, -0.48701671584491324, -0.5229701633315385, 0.49221121967931325, -0.33532650051404755, 0.28053396906465167, -0.27873857658053414, -0.06936518886012677, 0.47795586316007777, -0.6743018751519347, -0.560562656046828, -0.4633305978734954, -0.2351970264969543, -0.2800730591844085, -0.6057053877778782, 0.22475528236525455, -0.18970126245881924], [0.23884855128990057, 0.5959773359744155, 0.36478805659545344, 0.8895975905212798, 0.6009696493687646, 0.7262945025898324, 0.9468532296913006, 1.0, 0.6811296449857681, 0.7176758452315575, 0.6935063569910812, 0.4194056463737028, 0.44894018592390705, 0.9205397881746539, 0.41567882307319015, 0.6588527019468507, 0.21541115040755576, 0.6513859007183158, 0.36831304943659293, 0.8043477234198815, 0.5708560727955881, -0.732329325961596, -0.18421790430400353, -0.5513167417031761, -0.04777363585199712, -0.3162297235527398, -0.4019772817139726, -0.2882477378030681, -0.4604620772134531, -0.1245458648159985, -0.3428648586725862, 0.8482740530259097, -0.028017322804980038, 0.39884805618710506, 0.4500925746980988, 0.06845146374553801, 0.17861386409452185, 0.6357400772503505, -0.4938113206020023, 0.5067402364259784, 0.5900792171103589, 0.07412233365450949, 0.3648595971610684, 0.3178570471511488, -0.6912267348404737, -0.6176714743681633, 0.313104809335497, -0.1912808569456721, 0.5737802883734399, -0.34175644166297614, -0.08244107790501198, 0.4133083995389285, -0.6656617585198874, -0.7890878861987896, -0.7079331274679428, -0.20303950978015095, -0.5371157829935953, -0.7703084035685965, 0.053381185117320595, -0.45408266801493014], [-0.1770511239265009, -0.1558417312909106, 0.9043148613123282, 0.835964541108265, 0.9937448817075928, 0.26577550255528537, 0.8125284982654105, 0.6811296449857681, 1.0, 0.8572180611190947, -0.042363966793002694, -0.1290470991062973, 0.8701491237984796, 0.8765303993692587, 0.22987377544984966, 0.9768396416771444, 0.35028602860520697, 0.977843423937063, 0.4576010751528724, 0.16670705991205104, 0.9086328233022791, -0.5705932165251433, -0.8277928128842298, -0.31546074532163026, -0.15884764394293382, -0.7258362547681669, -0.8975670472314121, -0.7884896046650276, -0.9334829774408651, -0.7282508489648323, -0.3746034085003269, 0.7543658233349327, -0.34407982770760404, 0.8726818320971557, 0.9275695693890051, -0.2560522880405127, 0.7467427637762004, 0.7970903878407652, -0.007053976361071523, 0.9211659758306006, 0.9698009557051654, -0.2826998592136558, 0.9176600467334123, 0.8322300740601282, -0.22879205218511567, -0.16435242159118624, 0.902925651915018, -0.052259586572591, -0.043395494543993385, -0.16545195010301383, -0.526663988049964, 0.6912281864879992, -0.1605171143438262, -0.1719503724870699, -0.004192592908608406, -0.6196333165131189, -0.10290167508520831, -0.5458052583403683, -0.09582025291203333, 0.22933876263863961], [0.13895976226922901, 0.07447856758961846, 0.784039598806422, 0.7336703108508164, 0.8293966192370605, 0.20904535796976087, 0.688193807896406, 0.7176758452315575, 0.8572180611190947, 1.0, 0.1735902064309106, 0.330316570229638, 0.6024279920600214, 0.7802123377420948, 0.41414953050519365, 0.8497558244425495, 0.3775506919105507, 0.7970451173577682, 0.10401168376063563, 0.26310208855164363, 0.6849773759422977, -0.2981970907394884, -0.6516774306712749, -0.06941662906606583, 0.10759654065072932, -0.8872082898655687, -0.5626468839623642, -0.36785751699078295, -0.7071700595433021, -0.7322729414830111, 0.05008745460002262, 0.9110972421322171, -0.3974140874125356, 0.8298824412778644, 0.7431955138297326, -0.5775303831177556, 0.6076436142267088, 0.634330603740795, -0.14508399237338798, 0.7750969889066784, 0.8204895270977508, -0.585364861746613, 0.7811670412124624, 0.4819393794707403, -0.4723923396635845, -0.1603720039638128, 0.7319158754612016, 0.3449927475382011, 0.37266668218627375, -0.1574866570015192, -0.7392304853506606, 0.5965694849778762, -0.01250365817403476, -0.48166660501327874, -0.30823036869985776, -0.754533426293438, -0.5495532204003397, -0.812453647264685, -0.5250521619351509, -0.14377035436796026], [0.40970112776831025, 0.9240536199042527, -0.3975004131768545, 0.3438552093577232, -0.15075196148454473, 0.7792260209444984, 0.48878881694417387, 0.6935063569910812, -0.042363966793002694, 0.1735902064309106, 1.0, 0.7694571072841165, -0.3012625479831157, 0.4150203068606383, 0.48204191223925474, -0.07905907190714023, 0.0979221604959406, -0.09397945793042517, -0.07225379908970031, 0.9555635396777522, -0.16815583154006264, -0.45460127884165247, 0.5709330484995927, -0.48800902194135976, -0.007546419052852471, 0.2273592258115742, 0.35411409466176225, 0.40628816114311683, 0.24640274011985963, 0.5342060133788695, -0.11338590938586979, 0.4830985293710466, 0.15168184419565345, -0.3281361436617136, -0.3254333445596371, 0.24676101579538645, -0.5392628907641068, -0.0006963418063443694, -0.7685945713259301, -0.2505641884112264, -0.1676222373419889, 0.28245063415546334, -0.4004277050082201, -0.4302376873141174, -0.6473143235993208, -0.5639887323338946, -0.4552689503610541, -0.09495687389158558, 0.8232742117955053, -0.16134351162230587, 0.3234377466491869, -0.20842280730214524, -0.7541403703122576, -0.9328003718327462, -0.971376735963871, 0.22216159532453816, -0.7072810269982543, -0.4897293918674541, 0.09850146315369712, -0.9019804380867842], [0.42917259777270966, 0.6661388176989588, -0.31456492455511786, 0.02533668579034576, -0.21618022345531385, 0.41622086048385853, 0.13578923128984743, 0.4194056463737028, -0.1290470991062973, 0.330316570229638, 0.7694571072841165, 1.0, -0.5032677950327993, 0.1663746957993324, 0.6580005006221756, -0.17198462800792336, 0.30084097167261104, -0.244570064668457, -0.5888635004335678, 0.6349575360031986, -0.3780752827868463, 0.026008630236360464, 0.47168931816383963, -0.05279819461781532, 0.14868755991696414, -0.1649413115373095, 0.5506893986512312, 0.6825780287965435, 0.2848002241484162, 0.22770465657855954, 0.38111671888472043, 0.5435364397129911, -0.2012869028921629, -0.20540969754440797, -0.3780062374347468, -0.3773497842803111, -0.47366547512687296, -0.27130705817565737, -0.6911960793014513, -0.30938339315871, -0.24476473211843053, -0.3365834576278366, -0.31948703793449673, -0.6450386248070474, -0.5123212426553332, -0.12714810117130027, -0.38475861914538023, 0.5514715168851033, 0.8808871956970303, 0.11932740572435419, -0.20335077969970294, -0.31775996161367837, -0.23393827821749436, -0.8650652701196477, -0.8507565114904341, -0.2117559531113884, -0.9694934941859348, -0.5328553220915064, -0.5258691790090328, -0.9499249668936307], [-0.05153332969005309, -0.250018682684916, 0.9019772320135169, 0.7904504640287926, 0.9027519729075298, -0.04765536888223165, 0.632885605552399, 0.44894018592390705, 0.8701491237984796, 0.6024279920600214, -0.3012625479831157, -0.5032677950327993, 1.0, 0.6381537269078787, -0.2739618978091123, 0.9284415864130696, -0.08900881058031418, 0.9481409548933021, 0.7687578483741103, -0.12005474232250402, 0.9891466787114864, -0.3946041406218932, -0.8836497598245607, -0.08785790247751457, 0.0779014605331757, -0.5250272320013092, -0.9473822048314742, -0.8837507805039011, -0.7853081297505295, -0.7170847111712604, -0.3188851124343455, 0.37092179737899955, 0.04541718656472227, 0.8712817731460153, 0.9685099915940397, 0.009044360097217985, 0.902891945407846, 0.9265368891920261, 0.4249233489850047, 0.9645949976918949, 0.9475043201767632, -0.028269121339839387, 0.8909008062816519, 0.9720203363179054, -0.21332482503569117, -0.3195359531425548, 0.8903236213440161, -0.3595356768210982, -0.25297303341710053, -0.4676914486048107, -0.2973524797548275, 0.890172479262957, 0.008873634910281702, 0.143958420188244, 0.2587079173086023, -0.29620942635856995, 0.29945052211927825, -0.4046979284189369, 0.11794006955853986, 0.5747702736714098], [-0.10050960509043727, 0.24403742717690902, 0.5925909519314593, 0.8920410900468306, 0.8195877032368066, 0.6787838222768433, 0.9807414471698517, 0.9205397881746539, 0.8765303993692587, 0.7802123377420948, 0.4150203068606383, 0.1663746957993324, 0.6381537269078787, 1.0, 0.45759116511722, 0.8157911480311546, 0.41943305413036525, 0.8262170235271582, 0.40457385232922904, 0.6164761779253619, 0.7266030805170499, -0.8249582398272282, -0.45669372949322207, -0.6351234116439861, -0.2897613737452098, -0.46366335833064687, -0.6795479612987467, -0.5893426557400838, -0.7622788435465748, -0.3383151093505896, -0.53592988165361, 0.8673771892862876, -0.2744209363775283, 0.5694784457408697, 0.6608957328249084, -0.02527076826310415, 0.36888420293443025, 0.6808467437798552, -0.41463702142830794, 0.6757837221760392, 0.7707684636659928, -0.034865504068956055, 0.6138641491113466, 0.5760184980272299, -0.40184083942038096, -0.36784238218323306, 0.5860980306113088, -0.17286556249463914, 0.24115269861369637, -0.14580090293483328, -0.2428450164083853, 0.4540167478210164, -0.5844531370011261, -0.5334156165590702, -0.4058104271857945, -0.4179235705342401, -0.3364192813580966, -0.6037004242698036, 0.08792222649237602, -0.17501520816736704], [-0.36667831987378463, 0.1324706383555454, -0.04151781928701048, 0.046725027550467146, 0.15470740008745776, 0.665232796872069, 0.3460056507356064, 0.41567882307319015, 0.22987377544984966, 0.41414953050519365, 0.48204191223925474, 0.6580005006221756, -0.2739618978091123, 0.45759116511722, 1.0, 0.05069759055105416, 0.9055596296219026, 0.0288494012220184, -0.5969022527064465, 0.5630248591212997, -0.18735917325121587, -0.41414475555036945, 0.13905052808531615, -0.5423030716813346, -0.5888553771519545, -0.3073114792421505, 0.07972005655143244, 0.13697305906678536, -0.3068576493335593, 0.046583018070799564, -0.22904753188382276, 0.6958168023416627, -0.7913199622549811, -0.06775474213800292, -0.11594133164653675, -0.4386846449329618, -0.3611011726268156, -0.30447844433419435, -0.8806712143188635, -0.13455642415894276, 0.003303060923317891, -0.41970048386693315, 0.01565721828815947, -0.2620021829695891, 0.07924345820183976, 0.3557697826322752, -0.0011067371443405083, 0.5337171196729602, 0.3074121687613569, 0.6697030456032583, -0.37219371850748195, -0.4661995178119116, -0.39582066891835077, -0.5518583046379546, -0.4557013958185503, -0.5926829715894293, -0.7003628747072801, -0.15402366174016735, -0.30519786518862557, -0.6346377222380348], [-0.007612055776453408, -0.11073061600763978, 0.934381705563709, 0.8734605462564214, 0.9800963443237861, 0.13333631123298995, 0.7727457560574261, 0.6588527019468507, 0.9768396416771444, 0.8497558244425495, -0.07905907190714023, -0.17198462800792336, 0.9284415864130696, 0.8157911480311546, 0.05069759055105416, 1.0, 0.15260822073228297, 0.9940359784635232, 0.5603209896340777, 0.09517679475901397, 0.962781818395317, -0.4619758089446786, -0.8578531917566972, -0.16353852411843084, 0.04040702252967587, -0.7241505567055873, -0.8907292859973364, -0.7674054100932588, -0.8587980323111855, -0.7695205575949409, -0.2515790315059929, 0.6835090042263592, -0.17073217631662674, 0.9274947840423015, 0.9669830489453569, -0.2230596942395393, 0.8377031050759768, 0.8940975127930025, 0.1554610325825625, 0.9765876159140006, 0.9959731099126877, -0.2507348244964076, 0.9302438803567635, 0.8609891441624441, -0.3463963498609015, -0.28951831736225286, 0.9087829296539498, -0.10778372882907261, 0.002054449747016629, -0.35357756533248197, -0.5019690525285063, 0.8289590070741236, -0.06837248588728673, -0.15043838627408057, 0.003991134687416409, -0.5316903748868094, -0.05979421291028619, -0.6242435918382083, -0.11618752718820646, 0.2870545912468707], [-0.6899104996667877, -0.28184784644672156, 0.16369060620557885, -0.02391698219945404, 0.3125017398205917, 0.49319674466553265, 0.27179968906421337, 0.21541115040755576, 0.35028602860520697, 0.3775506919105507, 0.0979221604959406, 0.30084097167261104, -0.08900881058031418, 0.41943305413036525, 0.9055596296219026, 0.15260822073228297, 1.0, 0.15190368037189494, -0.525197521747133, 0.25365879355696075, -0.0546375294708521, -0.4094963165808887, -0.13538155039206523, -0.5294744555210615, -0.7690211946341976, -0.3978302233821589, -0.17793879190945083, -0.1595864273629246, -0.5437373287205003, -0.16283819789645237, -0.37542135591033854, 0.5764557777811653, -0.954360189478112, 0.07964926312550824, 0.07371757151322067, -0.4905461886927627, -0.14605590343348607, -0.2760861337044922, -0.6713811324010366, 0.01048902999717416, 0.13939373529151655, -0.4893925880394301, 0.23634524528295153, 0.001591632831622558, 0.4165391806789308, 0.6175018381925523, 0.24961351806825482, 0.5092931210205638, -0.10513354357230242, 0.8236836827950266, -0.4868120810483836, -0.4087975921691567, -0.22307363525092394, -0.1753523407614681, -0.04885773247974723, -0.7304187592420588, -0.3822705990127695, 0.09048490984054947, -0.24028125965199965, -0.2516960743184016], [-0.07174403185321743, -0.1330655609093443, 0.9193817082166336, 0.8777562085480309, 0.982271368138256, 0.16940749837056335, 0.7921173698608838, 0.6513859007183158, 0.977843423937063, 0.7970451173577682, -0.09397945793042517, -0.244570064668457, 0.9481409548933021, 0.8262170235271582, 0.0288494012220184, 0.9940359784635232, 0.15190368037189494, 1.0, 0.6155732841205289, 0.10136731478445293, 0.9756752428147016, -0.5253720985322623, -0.8525546404235964, -0.23290030969230613, -0.027495345558371742, -0.6592788063013701, -0.9273507428943384, -0.8258758247160503, -0.8779254491296833, -0.7276355218388986, -0.34586420700985077, 0.644220497680215, -0.15549367078974496, 0.8966323382578073, 0.9669668015368987, -0.13876448303354838, 0.82351335551207, 0.8989319561783591, 0.15288050132129294, 0.9693733462851708, 0.9923699386009629, -0.1686769506735395, 0.9195255761607104, 0.8984202598412155, -0.2961966285330455, -0.2933343442320753, 0.9050358211247903, -0.19337809775632975, -0.06797196333002065, -0.34222269203444444, -0.4306562823248514, 0.8131365455916796, -0.12451886494750641, -0.10506502620114833, 0.04267272543878675, -0.4819679038505704, 0.018970035841647248, -0.5571328137137477, -0.013670621315936327, 0.3325087100536047], [0.15930528926622922, 0.10168883751782531, 0.42265158308480144, 0.6886961796057159, 0.4768424658942003, 0.05598099221356212, 0.5235743828391022, 0.36831304943659293, 0.4576010751528724, 0.10401168376063563, -0.07225379908970031, -0.5888635004335678, 0.7687578483741103, 0.40457385232922904, -0.5969022527064465, 0.5603209896340777, -0.525197521747133, 0.6155732841205289, 1.0, 0.05185090972084372, 0.7522386962910121, -0.4386936306333846, -0.41569230160895554, -0.18805369303240727, 0.17349485207213045, 0.10737440771870665, -0.6513755479371164, -0.6820263559405499, -0.3189228103193895, -0.15450432315783647, -0.42953711464201016, -0.03329785234547278, 0.5877524837213822, 0.3992442965262931, 0.5881083990937447, 0.6178099941664495, 0.540305521683733, 0.8253363641158492, 0.43158874684923343, 0.6077101121995868, 0.5672257103785859, 0.5906949936837504, 0.3947228069134161, 0.7383525568618734, -0.3313278388190781, -0.6853516500560299, 0.40010202483997204, -0.848893888154074, -0.18795937418311004, -0.7357528148444423, 0.3639153479639108, 0.7342875744606706, -0.28276679227437485, 0.12496831020690635, 0.11300915850320736, 0.37675649175630666, 0.5182460475406049, -0.2112414546485648, 0.6070430769896576, 0.483362178624401], [0.1912480054237221, 0.811315467044582, -0.2436383992784017, 0.4853826854164688, 0.05781287381701361, 0.919894192995413, 0.6786340005942721, 0.8043477234198815, 0.16670705991205104, 0.26310208855164363, 0.9555635396777522, 0.6349575360031986, -0.12005474232250402, 0.6164761779253619, 0.5630248591212997, 0.09517679475901397, 0.25365879355696075, 0.10136731478445293, 0.05185090972084372, 1.0, 0.008464439095158371, -0.6935833842550987, 0.412551919145816, -0.7046597073221541, -0.22849134232659418, 0.17111930283352106, 0.11134749529854937, 0.14507604193110835, -0.006075159911654415, 0.454463459504444, -0.3760650123018321, 0.5913986241652527, 0.02151029343261568, -0.21698942557923218, -0.15197917563342944, 0.2953737758515863, -0.43871034761271965, 0.11738374315281386, -0.8245315265462243, -0.09851574319059075, 0.010049576818706107, 0.32196921603593154, -0.22960258444844017, -0.21312532208360002, -0.544806394948472, -0.5260132611545916, -0.27242040367592235, -0.2001269408221822, 0.6666853430958932, -0.08529381964743354, 0.3017902991026319, -0.15313657998734254, -0.8853848610077726, -0.8814112796002846, -0.8894644144083559, 0.12512749073170093, -0.6112653014687119, -0.44787360267942433, 0.23409868101471576, -0.7896892829559436], [0.01529333481084294, -0.13093135119104793, 0.8963164020592378, 0.8675820394808221, 0.9263518864388149, 0.05172410979659858, 0.7233854634004077, 0.5708560727955881, 0.9086328233022791, 0.6849773759422977, -0.16815583154006264, -0.3780752827868463, 0.9891466787114864, 0.7266030805170499, -0.18735917325121587, 0.962781818395317, -0.0546375294708521, 0.9756752428147016, 0.7522386962910121, 0.008464439095158371, 1.0, -0.45332252944492013, -0.848368466846106, -0.13851419005218202, 0.09308319559849709, -0.5558992181686717, -0.9257436807170187, -0.8416978417424867, -0.7887097302802306, -0.697651490539684, -0.3126902899295241, 0.48460256290021264, 0.037568141157894086, 0.879159825353645, 0.9662381218791464, -0.008317834756419895, 0.8700149645637674, 0.9559700573037424, 0.32267923552071864, 0.9741841064999944, 0.9691428399085761, -0.041245529869736064, 0.8841521692066076, 0.9363517491895489, -0.32370211473105015, -0.39282677871377025, 0.8731434703575044, -0.3349952762088151, -0.12114137668135272, -0.4943332441285333, -0.3108468185604454, 0.8962027773088019, -0.07272695907381954, -0.002652901454115897, 0.11782460432581221, -0.319310624256828, 0.16938194248238048, -0.5174168147998848, 0.0824924017412697, 0.4483706930298772], [0.37221549624266426, -0.2422666040037298, -0.1970865885624664, -0.6501234788988002, -0.508178510905873, -0.8693349491534241, -0.8592097369075806, -0.732329325961596, -0.5705932165251433, -0.2981970907394884, -0.45460127884165247, 0.026008630236360464, -0.3946041406218932, -0.8249582398272282, -0.41414475555036945, -0.4619758089446786, -0.4094963165808887, -0.5253720985322623, -0.4386936306333846, -0.6935833842550987, -0.45332252944492013, 1.0, 0.11456166971745951, 0.9407116290056002, 0.627985545247332, -0.05997992212586256, 0.5278891546808638, 0.5690055072466401, 0.5657383187067712, -0.13118165276437255, 0.8879461213947966, -0.5289236956838463, 0.17451827255000407, -0.1090852214374749, -0.32248720533468456, -0.41751938669635447, 0.0131962542634394, -0.39952823922375114, 0.5587627095256602, -0.3061444009634904, -0.4214405736792095, -0.4099295370020679, -0.24081277460075512, -0.4255931031619882, 0.10292632704112503, 0.3103287414902395, -0.24689347600231293, 0.5009562179604498, 0.007412316208139869, -0.03677532553899865, -0.2403455800121046, -0.08324966036913617, 0.872531033123796, 0.36240081485605247, 0.31299164021562986, 0.03577619237649399, 0.03938452319985841, 0.13964975602407725, -0.5731815380247505, 0.14719759972961777], [0.22024748083721413, 0.5756022724405616, -0.9790676321395753, -0.5162744826195955, -0.8839897272499826, 0.29500198627028806, -0.3678616567798203, -0.18421790430400353, -0.8277928128842298, -0.6516774306712749, 0.5709330484995927, 0.47168931816383963, -0.8836497598245607, -0.45669372949322207, 0.13905052808531615, -0.8578531917566972, -0.13538155039206523, -0.8525546404235964, -0.41569230160895554, 0.412551919145816, -0.848368466846106, 0.11456166971745951, 1.0, -0.13895498749129165, -0.034543161055617055, 0.7707484667846759, 0.8863407571586335, 0.7983622634872901, 0.8397323530746043, 0.937028466034768, 0.10090445378716983, -0.3593982518843637, 0.28793056974202447, -0.9428510713576634, -0.9513177082991655, 0.39817051888433885, -0.955469687690536, -0.6969663846162617, -0.48657997830496935, -0.9207583369576817, -0.898554177587523, 0.4374578892514749, -0.9789371013101764, -0.8905662686429308, -0.05292494397375824, -0.1052376447180563, -0.9864579756953864, -0.055190726785319555, 0.38787285245921055, 0.154594345018906, 0.6529371057889894, -0.7594497435422556, -0.3651552189052498, -0.32543939029128377, -0.4823055366625968, 0.6242390369544079, -0.24360682233138764, 0.285180308180187, 0.23140710484961424, -0.6554744129279784], [0.510460967179663, -0.21912475121396446, 0.0802722973545249, -0.3645487638026388, -0.24637153590316085, -0.9196976405835309, -0.6610086734802636, -0.5513167417031761, -0.31546074532163026, -0.06941662906606583, -0.48800902194135976, -0.05279819461781532, -0.08785790247751457, -0.6351234116439861, -0.5423030716813346, -0.16353852411843084, -0.5294744555210615, -0.23290030969230613, -0.18805369303240727, -0.7046597073221541, -0.13851419005218202, 0.9407116290056002, -0.13895498749129165, 1.0, 0.7949570212885697, -0.24755023576446655, 0.2846528958258463, 0.3701461236024757, 0.3885043951774174, -0.36427314905267405, 0.9026019684499366, -0.3910582183010374, 0.2767897254744167, 0.18603361909367888, -0.02423618325158161, -0.43432434295074707, 0.31117644811786216, -0.0658985508246408, 0.7210458408007543, 0.008688253398572043, -0.12318890211069244, -0.4349594015797047, 0.02138955249755181, -0.16255831375679408, -0.0991502007025733, 0.11137703077075767, 0.003535740528904485, 0.4088460689086424, 0.052993037793104936, -0.29518240021526476, -0.3430093594956869, 0.25827141638813, 0.9049862235326634, 0.32467844719233996, 0.30577255574316253, -0.028038365376855445, 0.05534594932522896, -0.10194965305363324, -0.604813253492577, 0.26364736634806785], [0.9078528294255369, 0.3316751522629019, 0.07614486994658431, 0.10383840459100613, -0.1346529301564341, -0.5822885572224665, -0.22948867482181434, -0.04777363585199712, -0.15884764394293382, 0.10759654065072932, -0.007546419052852471, 0.14868755991696414, 0.0779014605331757, -0.2897613737452098, -0.5888553771519545, 0.04040702252967587, -0.7690211946341976, -0.027495345558371742, 0.17349485207213045, -0.22849134232659418, 0.09308319559849709, 0.627985545247332, -0.034543161055617055, 0.7949570212885697, 1.0, -0.14657891585001925, 0.23419413177795567, 0.3592184563786023, 0.42905197777922854, -0.20928607157180723, 0.8016127307869975, -0.14876655801288008, 0.6468140610523645, 0.2316260925050475, 0.06606217388898128, -0.11996633759065412, 0.30523501987254176, 0.30473216748082055, 0.5697389438779723, 0.15789920310643035, 0.037365811341924515, -0.11185141076730254, -0.006233082649610422, -0.10255450859348869, -0.6560329532155573, -0.5014445099191269, -0.058816229629000016, 0.0697649287438249, 0.4775048626268361, -0.7609688866656827, -0.08494432975233246, 0.5199119663282101, 0.4905629041271007, -0.1336278026249489, -0.17598697801741303, 0.22735584842922107, -0.14903799841476695, -0.5299361942474987, -0.4074202005853116, -0.018209707195415703], [-0.0002413510022138965, 0.3087968275424857, -0.829782078839556, -0.40816449727759796, -0.740718046813523, 0.18097052237707256, -0.31804127047841124, -0.3162297235527398, -0.7258362547681669, -0.8872082898655687, 0.2273592258115742, -0.1649413115373095, -0.5250272320013092, -0.46366335833064687, -0.3073114792421505, -0.7241505567055873, -0.3978302233821589, -0.6592788063013701, 0.10737440771870665, 0.17111930283352106, -0.5558992181686717, -0.05997992212586256, 0.7707484667846759, -0.24755023576446655, -0.14657891585001925, 1.0, 0.5121222173172235, 0.32546116118190604, 0.6767555648005579, 0.9147465977744603, -0.2706457488264815, -0.6857367877169627, 0.5466031582500218, -0.8645198210072325, -0.7172930802521649, 0.8326421760168042, -0.7053384563887484, -0.43592088942165796, -0.11455090343358165, -0.7200058854930398, -0.7302846443406701, 0.8475565484417095, -0.8284823015315195, -0.453668807110563, 0.1631050320231371, -0.209443157211064, -0.7974273002409884, -0.5969768164918565, -0.10954641005455223, -0.03674068993002644, 0.9551895265967721, -0.5259187967041892, -0.4123953591668674, 0.1263480612454435, -0.05857374930833714, 0.9057003393718149, 0.3869851677039087, 0.5805848451120371, 0.7408545582922341, -0.10963911821621752], [0.3604227053026092, 0.41378072642557684, -0.8822916492378086, -0.6970229108463069, -0.9279474530743994, -0.07778447680318834, -0.6421235314495524, -0.4019772817139726, -0.8975670472314121, -0.5626468839623642, 0.35411409466176225, 0.5506893986512312, -0.9473822048314742, -0.6795479612987467, 0.07972005655143244, -0.8907292859973364, -0.17793879190945083, -0.9273507428943384, -0.6513755479371164, 0.11134749529854937, -0.9257436807170187, 0.5278891546808638, 0.8863407571586335, 0.2846528958258463, 0.23419413177795567, 0.5121222173172235, 1.0, 0.9730306299858136, 0.9150386177467337, 0.6841494881221024, 0.5225934645584989, -0.3979487502566528, 0.20482821717957655, -0.8025659506090426, -0.9352512753011097, 0.02001992259540597, -0.8127290503906441, -0.7832159419977622, -0.2688301763475931, -0.8979596587131309, -0.915405370820646, 0.06016407329898665, -0.8981740431862639, -0.9826626124864957, -0.0429711213284063, 0.08662518227679128, -0.9159430189036237, 0.31093919872169584, 0.4307455853281925, 0.177957338199642, 0.3255334057690009, -0.7009133692292822, 0.07232057989533947, -0.2281447339617959, -0.3607762771932128, 0.4133194884654061, -0.3457428584150013, 0.20836007949881052, -0.18606708266672412, -0.6005590410519244], [0.4880260312488437, 0.47393193750202967, -0.7625015302496818, -0.5902156365557745, -0.8242597356087966, -0.098611840901073, -0.5691262116741473, -0.2882477378030681, -0.7884896046650276, -0.36785751699078295, 0.40628816114311683, 0.6825780287965435, -0.8837507805039011, -0.5893426557400838, 0.13697305906678536, -0.7674054100932588, -0.1595864273629246, -0.8258758247160503, -0.6820263559405499, 0.14507604193110835, -0.8416978417424867, 0.5690055072466401, 0.7983622634872901, 0.3701461236024757, 0.3592184563786023, 0.32546116118190604, 0.9730306299858136, 1.0, 0.8591946642303079, 0.5420067453077032, 0.6537593318382575, -0.2354165114689788, 0.1680350054591322, -0.6533093008964714, -0.8345961196601657, -0.1407582575257913, -0.7094143450855697, -0.686288334812065, -0.2711286638811117, -0.780783546485976, -0.7997649515343808, -0.09869047335820835, -0.7866759973627042, -0.9625627341865264, -0.19514470428750763, 0.03661644914922402, -0.8210257584677889, 0.44080795269717665, 0.582115229007697, 0.10789551682183873, 0.15745082270626587, -0.5827893882432722, 0.13519685087245858, -0.3569564089464523, -0.4619455410036988, 0.2764672888881239, -0.5127363505347884, 0.0016165495318907208, -0.37227549741804844, -0.6771162730831168], [0.5089560236188589, 0.43804501372149085, -0.8603281539513445, -0.6138469286978365, -0.9431410364037327, -0.23103378983392542, -0.6637729545057984, -0.4604620772134531, -0.9334829774408651, -0.7071700595433021, 0.24640274011985963, 0.2848002241484162, -0.7853081297505295, -0.7622788435465748, -0.3068576493335593, -0.8587980323111855, -0.5437373287205003, -0.8779254491296833, -0.3189228103193895, -0.006075159911654415, -0.7887097302802306, 0.5657383187067712, 0.8397323530746043, 0.3885043951774174, 0.42905197777922854, 0.6767555648005579, 0.9150386177467337, 0.8591946642303079, 1.0, 0.71037649316502, 0.5087309243317719, -0.6264731263134753, 0.5622179119690801, -0.7754747860919982, -0.8579293015209128, 0.29388355369078867, -0.6765892478903339, -0.5882458707394602, 0.026272719779244724, -0.8095216442894757, -0.871776738063549, 0.32626131631452204, -0.897567599702584, -0.8299997805910682, -0.13245716631993742, -0.154104043008656, -0.9100017121392554, -0.009449836304183279, 0.334983060970402, -0.14125229586782218, 0.5497521181553097, -0.4833105237562272, 0.10044220550408156, -0.07206305479038377, -0.24556534843862665, 0.6992908105978217, -0.0649203819099311, 0.2326437337856082, 0.03647600971647491, -0.3757096337092516], [0.058217621779856454, 0.5272054541880544, -0.934942628695735, -0.3921667685053669, -0.7812587180980675, 0.4204757931779639, -0.21782547602879054, -0.1245458648159985, -0.7282508489648323, -0.7322729414830111, 0.5342060133788695, 0.22770465657855954, -0.7170847111712604, -0.3383151093505896, 0.046583018070799564, -0.7695205575949409, -0.16283819789645237, -0.7276355218388986, -0.15450432315783647, 0.454463459504444, -0.697651490539684, -0.13118165276437255, 0.937028466034768, -0.36427314905267405, -0.20928607157180723, 0.9147465977744603, 0.6841494881221024, 0.5420067453077032, 0.71037649316502, 1.0, -0.21120813605484856, -0.4185588876364488, 0.36300514533064154, -0.9440675041173308, -0.8503815159196317, 0.6661541076621146, -0.9093658661800896, -0.5655895554689288, -0.4646743370871236, -0.8367479601074548, -0.8047649958438545, 0.6959809263532017, -0.9251529050416929, -0.683107292465321, 0.030837451403094462, -0.19226918466070253, -0.91509710642216, -0.3628447935874979, 0.19179684891134408, 0.10825449073474613, 0.8493234599709444, -0.6997031938286022, -0.5580123674716444, -0.2142049372968624, -0.38091177276269783, 0.7577236663082051, -0.0018416875296769497, 0.40857022015886424, 0.5543501730263051, -0.4890729019062383], [0.6628182728276928, 0.09501261201601574, -0.08925553902112537, -0.34334939554244137, -0.34852377252408195, -0.6715714504427912, -0.5688571208307653, -0.3428648586725862, -0.3746034085003269, 0.05008745460002262, -0.11338590938586979, 0.38111671888472043, -0.3188851124343455, -0.53592988165361, -0.22904753188382276, -0.2515790315059929, -0.37542135591033854, -0.34586420700985077, -0.42953711464201016, -0.3760650123018321, -0.3126902899295241, 0.8879461213947966, 0.10090445378716983, 0.9026019684499366, 0.8016127307869975, -0.2706457488264815, 0.5225934645584989, 0.6537593318382575, 0.5087309243317719, -0.21120813605484856, 1.0, -0.15067527872741882, 0.18760200741444466, 0.055832476290849975, -0.21098403092128382, -0.5434513971129231, 0.06090438690696376, -0.19471732039149803, 0.3680474318502527, -0.15052778133997213, -0.2457801221974092, -0.52579588556967, -0.14626953642730167, -0.4479111572376453, -0.3096098114068042, 0.04285447452658131, -0.19032353176426287, 0.6033261898511959, 0.42927452655847387, -0.2237489964908408, -0.37824671125130616, 0.08484825173025123, 0.7299639816704612, -0.06928673997928758, -0.08665964959636008, -0.0895584317808431, -0.35820708819922364, -0.30784826603379045, -0.77010319473685, -0.17126971030644023], [0.03596746099758774, 0.2815880580376393, 0.5226966895960836, 0.6946075616784783, 0.6879145277530757, 0.5679711994423524, 0.7883401852464137, 0.8482740530259097, 0.7543658233349327, 0.9110972421322171, 0.4830985293710466, 0.5435364397129911, 0.37092179737899955, 0.8673771892862876, 0.6958168023416627, 0.6835090042263592, 0.5764557777811653, 0.644220497680215, -0.03329785234547278, 0.5913986241652527, 0.48460256290021264, -0.5289236956838463, -0.3593982518843637, -0.3910582183010374, -0.14876655801288008, -0.6857367877169627, -0.3979487502566528, -0.2354165114689788, -0.6264731263134753, -0.4185588876364488, -0.15067527872741882, 1.0, -0.4890993073572685, 0.5512829393831095, 0.5018300852562628, -0.4428282301032329, 0.260353998927909, 0.4403913086419684, -0.5352183213112207, 0.5318646406784089, 0.6292360752332457, -0.4384345198211099, 0.539962053219668, 0.2660279102005414, -0.45572194355810924, -0.16597303312191825, 0.49040364944551895, 0.31169701873368727, 0.49763487580151144, 0.029703001694062037, -0.55370503894745, 0.29578687349384314, -0.35040621640444547, -0.7051216747846163, -0.5533364349406971, -0.6728966626254098, -0.7133036336951488, -0.7428006356422794, -0.3771564601652866, -0.44458218540542793], [0.6880534447289081, 0.4918202203839326, -0.28297956974965777, 0.1323049901698774, -0.3346054371887197, -0.21438853853017892, -0.09590501437934162, -0.028017322804980038, -0.34407982770760404, -0.3974140874125356, 0.15168184419565345, -0.2012869028921629, 0.04541718656472227, -0.2744209363775283, -0.7913199622549811, -0.17073217631662674, -0.954360189478112, -0.15549367078974496, 0.58775248372138