"[[1.0, 0.9550163858100255, 0.9150421683177693, 0.9454145983482486, 0.8969798668436054, 0.9712521581984713, 0.9512531284556298, 0.8935642310344188, 0.8879687593858192, 0.9179762419514557, 0.973476600946748, 0.9674666466870997, 0.8754343220064481, 0.9054778742836092, 0.7001036163151118, 0.902745620980687, 0.7235849536864976, 0.8616034712018512, 0.8611459669861065, 0.7840124485734978, 0.878198869485594, 0.8867621666350052, 0.6801964390505082, 0.8933412062585747, 0.9856714305004843, 0.7245220842800996, 0.69596847544229, 0.7687560829204979, 0.8985958096295812, 0.9152945770878326, 0.9274033448637429, 0.7957322515945728, 0.937331023907624, 0.9015968776847697, 0.9051197636322823, 0.9373072582944265, 0.9376079110316089, 0.9308105554136443, 0.9331129735008944, 0.9337054653374696, 0.8644429209592697, 0.8760629564490259, 0.8802473885850126, 0.9063371025967459, 0.41939347662109505, 0.5904836365856134, 0.8896729665878761, 0.543264071533125, 0.991958786971867, 0.6884948345659312, 0.8974078863923589, 0.9472863762944571, 0.6115362239952497, 0.8245592650192788, 0.7911500501817501, 0.8786657539344102, 0.646442138102087, 0.7775773272015529, 0.8083675173809901, 0.7434332551741537], [0.9550163858100255, 1.0, 0.7825729432432644, 0.8834860167473766, 0.7892556268535275, 0.9915771192642843, 0.9113982903955011, 0.9113764008134937, 0.7913705379790353, 0.8362105449980385, 0.9929773661709422, 0.9642414297679304, 0.7607352278641057, 0.8614457335956548, 0.6989751225624977, 0.806667359323134, 0.6416300302455423, 0.7673970494304138, 0.7892253643135347, 0.912022687258314, 0.7797055914960948, 0.7434711352225236, 0.7955428210854152, 0.7312528791255942, 0.8929948322326543, 0.7653401029261417, 0.7431468967610044, 0.7860605318419123, 0.8876553105029276, 0.9277629424626012, 0.8161745337551687, 0.8964603952012535, 0.9099454165783939, 0.7767227684638442, 0.7864036335015626, 0.9064856306020237, 0.8167302962621528, 0.8482062629299127, 0.8150375370709325, 0.8296528305066336, 0.7571429110303886, 0.8721212057609198, 0.7432586259916452, 0.7839660956644855, 0.1848613698891718, 0.3646007743797117, 0.7466669807627103, 0.41631774703647073, 0.9662011510706712, 0.5295058151913506, 0.9008614952089699, 0.8467325166015693, 0.3604621729131121, 0.6429942494698647, 0.5835543817802209, 0.8684600628475702, 0.4654280496880694, 0.6452797746603595, 0.7858896669694292, 0.5349368251568987], [0.9150421683177693, 0.7825729432432644, 1.0, 0.9673278404642255, 0.9894055128606061, 0.8479048305689256, 0.9456159961219649, 0.8620050691867899, 0.9802753329775028, 0.9663740363190543, 0.8224640409413495, 0.8362560037673173, 0.9769670232262947, 0.9423445725864816, 0.6288633960543417, 0.9840305216095712, 0.7370022530519451, 0.9666408517753645, 0.9075499967848681, 0.6150933325546862, 0.9660809176045139, 0.842160111281442, 0.3296654885585266, 0.9046730115462938, 0.9629344493943411, 0.49817450016695375, 0.38227670388392954, 0.500172274801207, 0.6839789946449577, 0.7013053312513943, 0.8754565147350868, 0.6879207154430328, 0.8469455598098395, 0.997484405844778, 0.9925164198824287, 0.8396691602313268, 0.9921408518353575, 0.9737399917078428, 0.94783241141629, 0.9940232426151367, 0.9762491878192804, 0.7581676612272851, 0.9957755242103429, 0.9836330439548383, 0.47520593261025823, 0.6382335271976746, 0.9973786490840479, 0.5371161242495979, 0.8907793997609638, 0.6484369396962874, 0.741854048281062, 0.9851261352471247, 0.7422104413954098, 0.8858097510584785, 0.8783729514177872, 0.7294831693635251, 0.7166591839658643, 0.7025084607241158, 0.7339689028622728, 0.8974406890377722], [0.9454145983482486, 0.8834860167473766, 0.9673278404642255, 1.0, 0.9832131528337563, 0.9340783919590019, 0.9968679892653056, 0.9560201647177056, 0.982841437491487, 0.9693071627835416, 0.8990177474200438, 0.8861704364730035, 0.9711042661459087, 0.9889696955754131, 0.642846803659033, 0.9891654606961527, 0.6892823971054558, 0.9773752541073214, 0.9436099360927637, 0.7800066867626438, 0.975770524624212, 0.7646667282273306, 0.4420862825864844, 0.8187064062229924, 0.9549570188659795, 0.589856720400977, 0.4279875566734459, 0.5232209724731204, 0.718503208183409, 0.7656408766345535, 0.8252476820039097, 0.8421009918100588, 0.9062232851373403, 0.973887557964079, 0.9786341658717324, 0.893933558455579, 0.972371199789832, 0.9928672014213299, 0.9297314127685669, 0.9890670778339904, 0.9748733038894188, 0.8364453756575615, 0.9621277386717985, 0.9681448001436028, 0.29380492190211727, 0.46232916674171953, 0.9584599227967501, 0.41870650520781183, 0.9312736976154831, 0.5209949760323395, 0.8182451796224696, 0.9849232867519274, 0.5600579033181275, 0.8031874388260488, 0.7655077514449854, 0.793383346242829, 0.6336859561455122, 0.6406025237997159, 0.8019112544735985, 0.7989157272284123], [0.8969798668436054, 0.7892556268535275, 0.9894055128606061, 0.9832131528337563, 1.0, 0.8590071452198578, 0.9660878582542805, 0.9081314338705684, 0.9978719535881829, 0.9733670203524117, 0.819300372451815, 0.8222828820490597, 0.9883105665745211, 0.9746442969692921, 0.6194688940322174, 0.9989446899975601, 0.7079859684082004, 0.9924969216395488, 0.9289710407027304, 0.6733479470752957, 0.9839535481961528, 0.7617787215434997, 0.29382816975112, 0.8355239890739508, 0.9366288711497018, 0.475770731452575, 0.3112822539090625, 0.42824471794118835, 0.6291335766175895, 0.6665278489390171, 0.8145886406720089, 0.7556363545136174, 0.8429684045805229, 0.9968413956426242, 0.9946328488490015, 0.8298736557744391, 0.9795583078463417, 0.9848729803781429, 0.921938461087557, 0.9950265688507114, 0.9955057029399861, 0.7582600807122815, 0.9940414792370206, 0.9801295440579472, 0.35269912233439726, 0.5207858725054281, 0.9887909779673736, 0.4549487319583063, 0.8770450420074933, 0.5416500532600403, 0.730095748572863, 0.9810225476586927, 0.6449662228846521, 0.8286651515747192, 0.8097173291025609, 0.7102610448875871, 0.659818159103054, 0.6186651909173286, 0.7387399156628615, 0.8580695267700438], [0.9712521581984713, 0.9915771192642843, 0.8479048305689256, 0.9340783919590019, 0.8590071452198578, 1.0, 0.9541844679112813, 0.9505127543502598, 0.862649678724635, 0.8976346413381584, 0.9922086858147224, 0.9704825579633702, 0.8289702000837066, 0.9191903775259184, 0.7235115995264298, 0.8735098790991951, 0.688924974384246, 0.8402217983750815, 0.8369469341367742, 0.9081860862733693, 0.8443476481520541, 0.7585674990142766, 0.7128151141503279, 0.7660810602771748, 0.9264851646491239, 0.7128324789083489, 0.6690735990447704, 0.732455674704137, 0.8514081156590304, 0.8939599103632372, 0.8376852571239629, 0.9116592397983135, 0.9160279703676268, 0.846289937310015, 0.8518483406263955, 0.9093939885804698, 0.8711992387554783, 0.9016052722858741, 0.8516733183130732, 0.889436657011723, 0.8312010598503481, 0.8649121238924666, 0.8174877343388891, 0.843616851136044, 0.19652881353900886, 0.39037410666860306, 0.8170735518541286, 0.4422985056966524, 0.9803517105782869, 0.5399129114880207, 0.8828901485538801, 0.8974269184163406, 0.4154623738606047, 0.6830935288105575, 0.6306937654208465, 0.8494466943097667, 0.4939903901421172, 0.6362653294206487, 0.7868691714772781, 0.6023701147480158], [0.9512531284556298, 0.9113982903955011, 0.9456159961219649, 0.9968679892653056, 0.9660878582542805, 0.9541844679112813, 1.0, 0.9691595274725386, 0.9671359826566289, 0.9562087426915822, 0.9194222143379673, 0.8985771376840549, 0.9546248381940671, 0.9866935634126401, 0.6406247684530184, 0.9753776971151418, 0.6674331072003684, 0.9631214279736602, 0.9422157071431686, 0.819933495279192, 0.9637432853086471, 0.7465664178412977, 0.49185487704508923, 0.793347327983096, 0.9475870321499419, 0.6277969805744132, 0.4606158735064647, 0.5452982812865932, 0.7393682868012545, 0.7925762680948659, 0.8112926434925892, 0.8746331039092309, 0.9215104320914475, 0.9529757114928312, 0.9611428263275418, 0.9089848733633912, 0.9566969282290866, 0.9860882859104686, 0.9195001528612418, 0.9750824324279249, 0.9576223452847649, 0.8595085752744269, 0.9376706262989343, 0.9520124254450664, 0.2525356507222005, 0.4184828179788316, 0.9339714401615451, 0.3863801115150438, 0.9397043776454344, 0.491985776242988, 0.8437889907606065, 0.9746502378785927, 0.5069628854458244, 0.7774855190140691, 0.7309436381682418, 0.8164610719442736, 0.6108472404078235, 0.6327561621103684, 0.8204174098746564, 0.7619841814005918], [0.8935642310344188, 0.9113764008134937, 0.8620050691867899, 0.9560201647177056, 0.9081314338705684, 0.9505127543502598, 0.9691595274725386, 1.0, 0.9246354842475676, 0.9321438439247004, 0.911444325030061, 0.8899236215237808, 0.8751674345783175, 0.9780563784498885, 0.7089657340183537, 0.9228070191715102, 0.6814105546793823, 0.9149390708542405, 0.8612245624355258, 0.9176480419438784, 0.8926105076015712, 0.6096663288783205, 0.4847796152464635, 0.6619851456059234, 0.8661314653756295, 0.533817893491769, 0.41018234335260784, 0.5014732062435449, 0.6514510315728815, 0.720575167660894, 0.7239859776369404, 0.9600635737006089, 0.8382567406106914, 0.8806697037148613, 0.8811235986772632, 0.8192429758882239, 0.8620747629973214, 0.920851949133812, 0.795193097363541, 0.9077137182397795, 0.899210354354249, 0.7741337392846108, 0.8591542832512267, 0.854892789390678, 0.01947577125826294, 0.23555944457387212, 0.8425857497296128, 0.3493035397020079, 0.9080531025704253, 0.372375344277326, 0.7602166589859944, 0.8921588766312417, 0.3296461888125539, 0.5996566575950284, 0.548306426896122, 0.7161795214464493, 0.40137275591807586, 0.44563121639174263, 0.7174408794101258, 0.5901150361228906], [0.8879687593858192, 0.7913705379790353, 0.9802753329775028, 0.982841437491487, 0.9978719535881829, 0.862649678724635, 0.9671359826566289, 0.9246354842475676, 1.0, 0.9795831129538779, 0.8208267145282442, 0.8250876088761692, 0.9798466572082757, 0.9836172116015276, 0.6453881063367902, 0.9977265702634766, 0.7231331558506255, 0.9928847359372155, 0.916444428494189, 0.7008776704420518, 0.9770193738542935, 0.7323446322578121, 0.2828055795374089, 0.8103452919359089, 0.9239468183504593, 0.44496938601546343, 0.29087295813491854, 0.41319947381310396, 0.6044136867325098, 0.6459628562913718, 0.799423261793874, 0.7824327938338608, 0.8244949728286771, 0.9911121031536476, 0.9860229664572556, 0.8093058097053434, 0.9658172579805893, 0.9782646575972919, 0.8975980592299243, 0.9892027156632017, 0.9934874637935721, 0.7367285923652588, 0.9872706649191311, 0.9660566693078098, 0.2956673960522129, 0.4804055348188483, 0.9781208387791117, 0.4537613710659214, 0.8747709249231843, 0.5164855380867436, 0.7078894898334714, 0.9697989516973613, 0.6100807200719881, 0.7906730136400356, 0.771777069343368, 0.6834354458416586, 0.610506116736142, 0.5711674808783559, 0.7131601345086072, 0.8250675285505475], [0.9179762419514557, 0.8362105449980385, 0.9663740363190543, 0.9693071627835416, 0.9733670203524117, 0.8976346413381584, 0.9562087426915822, 0.9321438439247004, 0.9795831129538779, 1.0, 0.8763325186575047, 0.899588927340862, 0.9286297169059949, 0.9743167901143082, 0.7825525118909249, 0.9715223798478319, 0.8384202827783994, 0.9496929034640376, 0.8428791350843139, 0.7510973151424923, 0.9231395571376092, 0.7801936190687061, 0.37481474581236407, 0.8458516295164684, 0.9428377730481875, 0.42075423587316063, 0.3999159570018258, 0.5371911678878237, 0.6574512079281638, 0.6815352981810876, 0.8700509923222753, 0.8039331721474763, 0.7959747080309837, 0.9712623409697605, 0.9524907055622641, 0.7838717251153352, 0.9438182159143974, 0.9455122051887543, 0.8650862891920243, 0.973082356069711, 0.9511289760424894, 0.6937949010718076, 0.961538796465473, 0.9233152018367082, 0.2843533014528705, 0.5271100570626013, 0.9507679737086463, 0.5960942839632535, 0.9252896454860992, 0.6191485696997766, 0.6889385378415159, 0.9462446794880243, 0.6298303557586469, 0.7489152896845449, 0.7440341928565275, 0.6581996390241518, 0.5213655571950075, 0.5610004913358064, 0.6386655172550761, 0.7548507712261058], [0.973476600946748, 0.9929773661709422, 0.8224640409413495, 0.8990177474200438, 0.819300372451815, 0.9922086858147224, 0.9194222143379673, 0.911444325030061, 0.8208267145282442, 0.8763325186575047, 1.0, 0.9883956349994345, 0.7804598637639221, 0.8768462884145459, 0.7601171401233637, 0.8317337657067921, 0.7222373943973871, 0.7868098038908035, 0.7806413409115576, 0.8883905398791306, 0.7925850602873882, 0.7978862630036431, 0.7694948780496169, 0.7916742261423273, 0.9253624245175559, 0.7168401566839343, 0.7460398228709231, 0.8096534839640502, 0.891162670383386, 0.9176161238770977, 0.8736533893003066, 0.8735025906924155, 0.8947506611011692, 0.813429061646857, 0.8138774226434106, 0.8925723825346575, 0.8459523332432846, 0.8618659754264062, 0.832957203805462, 0.8587144462151554, 0.7808802588764459, 0.8404415347867059, 0.7824397010947423, 0.8063792258633721, 0.2424349126217994, 0.4483516769295012, 0.7853874517790197, 0.5166459041759032, 0.9880349935998095, 0.6138071635506127, 0.874121569088112, 0.8683337039693578, 0.44834483864386687, 0.6766348024786604, 0.6333494238280972, 0.8425257628549023, 0.47608860081454907, 0.6640705231177714, 0.7486516762612848, 0.5731802649732922], [0.9674666466870997, 0.9642414297679304, 0.8362560037673173, 0.8861704364730035, 0.8222828820490597, 0.9704825579633702, 0.8985771376840549, 0.8899236215237808, 0.8250876088761692, 0.899588927340862, 0.9883956349994345, 1.0, 0.7663813081636146, 0.8679565201229533, 0.8378343562875636, 0.8287844662224189, 0.8153643023120243, 0.7762080248914589, 0.7299631875824361, 0.8526824024687637, 0.7705171741762433, 0.834494059474985, 0.7318725114987656, 0.8339326465078197, 0.9329906930009342, 0.6283817985807526, 0.7416327459278471, 0.8304809518327257, 0.8711503455226968, 0.8795931184854369, 0.9196823223422536, 0.8333127133856336, 0.8402363880381525, 0.8238068784147153, 0.8106523386652312, 0.8395365056123637, 0.8444373530717576, 0.842671667909672, 0.8144036259668682, 0.8599773980726241, 0.7747076174489843, 0.7658046785144055, 0.7950723169679166, 0.7945171459906931, 0.2803625960690628, 0.5246043726659831, 0.7960198026644881, 0.6383115756421308, 0.9910991996096651, 0.7005760664479657, 0.8082855310896383, 0.858151577146146, 0.525558515702013, 0.6745565799282258, 0.6530715096967934, 0.7760425762494974, 0.44256838217107275, 0.6493587452599906, 0.663526454401041, 0.5752931794205753], [0.8754343220064481, 0.7607352278641057, 0.9769670232262947, 0.9711042661459087, 0.9883105665745211, 0.8289702000837066, 0.9546248381940671, 0.8751674345783175, 0.9798466572082757, 0.9286297169059949, 0.7804598637639221, 0.7663813081636146, 1.0, 0.9502503853817215, 0.49671695087157985, 0.9890930906128013, 0.5976728567292627, 0.9907264858766833, 0.9677689381478334, 0.6221146522604969, 0.9980317989373276, 0.7419504826800176, 0.27363978162374125, 0.8128254995098151, 0.917718789149225, 0.5361344230538602, 0.28179143562007813, 0.3759403327630978, 0.6249112331516231, 0.670574829904064, 0.7666929239999712, 0.716505912180437, 0.8726684708933505, 0.9844095639150052, 0.9953930003599778, 0.8602131421290349, 0.9805351318274966, 0.9890072946196091, 0.9450196112965755, 0.9843406409444747, 0.9942260441802586, 0.8057468042974744, 0.9843435043811366, 0.9934311091121587, 0.393599185964957, 0.5043134635184119, 0.9844808390255787, 0.34601008257242927, 0.8377065215797216, 0.4829900557986565, 0.7661092673952902, 0.9830436699259477, 0.6307918222756286, 0.8657111711817647, 0.83394839805389, 0.7541546744252797, 0.7421961822401196, 0.6615202412296903, 0.8072031268943738, 0.8995850495094655], [0.9054778742836092, 0.8614457335956548, 0.9423445725864816, 0.9889696955754131, 0.9746442969692921, 0.9191903775259184, 0.9866935634126401, 0.9780563784498885, 0.9836172116015276, 0.9743167901143082, 0.8768462884145459, 0.8679565201229533, 0.9502503853817215, 1.0, 0.6819183714664261, 0.9817000085199838, 0.7114602685675554, 0.9761927634976179, 0.9103143538641548, 0.816056849283617, 0.9572476146576582, 0.6840914154947914, 0.37996529126845324, 0.7519753473177493, 0.9122071808348974, 0.4960889217103741, 0.3475115063580081, 0.45668743681880275, 0.634902721978955, 0.6913966459300388, 0.7743359757898691, 0.8817732303522275, 0.8473082998519694, 0.9575180661641955, 0.9555710202714056, 0.8297946364585703, 0.934833273932929, 0.9704198337381306, 0.8661899200777551, 0.9692489165348134, 0.968878986656623, 0.7698382072688911, 0.9454008820414932, 0.9325250635577559, 0.16787457311275977, 0.3687148648776878, 0.9324959257395388, 0.40524902561987863, 0.9044827280708982, 0.4514027627659336, 0.7464175029111687, 0.9515327035635571, 0.48524138361093383, 0.7149107214373764, 0.6794455101160979, 0.712306321975457, 0.5246948418884542, 0.5208476908444646, 0.7313941394096295, 0.7304432604486941], [0.7001036163151118, 0.6989751225624977, 0.6288633960543417, 0.642846803659033, 0.6194688940322174, 0.7235115995264298, 0.6406247684530184, 0.7089657340183537, 0.6453881063367902, 0.7825525118909249, 0.7601171401233637, 0.8378343562875636, 0.49671695087157985, 0.6819183714664261, 1.0, 0.6136700861704697, 0.9626814683328353, 0.5554604703549286, 0.3540674759172868, 0.7127157932955966, 0.48657428193929564, 0.6154579480358502, 0.4589329551247795, 0.6427677403572671, 0.6854227107051742, 0.12311574868856812, 0.510581963683777, 0.6692033321939976, 0.5312404546738377, 0.5063400752931833, 0.7764386189189367, 0.6724767424798886, 0.4206951742355238, 0.6240319414808833, 0.563035313650239, 0.41552224752822664, 0.5746187041075702, 0.5586782178925316, 0.4590633417747495, 0.6310377641231011, 0.5544500841394342, 0.29594021542342674, 0.6003664811643696, 0.5018232090710776, 0.04587081815375538, 0.42282099285918384, 0.5781753107384477, 0.8324440011721193, 0.7782986883307439, 0.6735018406354207, 0.3560846343076114, 0.5750774033408287, 0.43985454887635855, 0.32621791815482304, 0.3676804517079446, 0.30656998313829487, 0.0032726399426776798, 0.2464583661287839, 0.1616510497974215, 0.27115596999167635], [0.902745620980687, 0.806667359323134, 0.9840305216095712, 0.9891654606961527, 0.9989446899975601, 0.8735098790991951, 0.9753776971151418, 0.9228070191715102, 0.9977265702634766, 0.9715223798478319, 0.8317337657067921, 0.8287844662224189, 0.9890930906128013, 0.9817000085199838, 0.6136700861704697, 1.0, 0.6924198968699684, 0.9948619296880363, 0.9392579052698755, 0.6990929578766661, 0.9876003691587836, 0.7494239697757057, 0.31472816069929244, 0.821107749056027, 0.9357805598323023, 0.4988825249352109, 0.3201976279147145, 0.4313576110675361, 0.6378390852352376, 0.6808293640070895, 0.8045752303128489, 0.7801309645848282, 0.857569553331165, 0.9928461621870702, 0.9933787757038398, 0.8437607890476028, 0.9776773428156312, 0.9897213741848624, 0.9224354111802623, 0.9945807101201027, 0.9958711549378069, 0.7775342765781438, 0.9884194202685316, 0.9797119554248013, 0.3265277451865376, 0.491243854618546, 0.9828196764634828, 0.4277009680088606, 0.8831463095607462, 0.5175350503198565, 0.7484703179872574, 0.9825937120970575, 0.6139579833449766, 0.8191179191313326, 0.7938905544097116, 0.7271363143699481, 0.6534904786031326, 0.6139997564048766, 0.7575437584253898, 0.8453785929381722], [0.7235849536864976, 0.6416300302455423, 0.7370022530519451, 0.6892823971054558, 0.7079859684082004, 0.688924974384246, 0.6674331072003684, 0.6814105546793823, 0.7231331558506255, 0.8384202827783994, 0.7222373943973871, 0.8153643023120243, 0.5976728567292627, 0.7114602685675554, 0.9626814683328353, 0.6924198968699684, 1.0, 0.6363247350143777, 0.42370440237605433, 0.5819492103270377, 0.5740203279254461, 0.7228334218418575, 0.3360269563223206, 0.7681734974785177, 0.7525306871741109, 0.08978748062138231, 0.44338598503120363, 0.6230919322161801, 0.5237710991094783, 0.4818042580058719, 0.8496081416595411, 0.5709145063872455, 0.4429563066189871, 0.7266309545022684, 0.6635037227465718, 0.44033508816424816, 0.674853005422436, 0.6276350417728391, 0.5603871714110741, 0.7147712404976206, 0.6465919340195883, 0.30211049494414977, 0.714865218715768, 0.6079568730672662, 0.25132513773618903, 0.6052406252322499, 0.6985252223763907, 0.9063714251608739, 0.7803941239580982, 0.7844342919858145, 0.3508631811184757, 0.6578680476821455, 0.6484883026845849, 0.4864080188367138, 0.5475479274229023, 0.315055122338604, 0.17587276086544412, 0.3596429771139471, 0.19131864495185502, 0.46042471295625], [0.8616034712018512, 0.7673970494304138, 0.9666408517753645, 0.9773752541073214, 0.9924969216395488, 0.8402217983750815, 0.9631214279736602, 0.9149390708542405, 0.9928847359372155, 0.9496929034640376, 0.7868098038908035, 0.7762080248914589, 0.9907264858766833, 0.9761927634976179, 0.5554604703549286, 0.9948619296880363, 0.6363247350143777, 1.0, 0.9479963368870667, 0.6806624286448595, 0.9915221813815699, 0.6862655578958808, 0.24650153977977396, 0.7675048240252644, 0.8978109238474345, 0.4700880597233994, 0.23655527099036355, 0.3439182805924701, 0.5742080450849814, 0.6283999097894548, 0.7411067494354427, 0.7749835931357465, 0.8376931058770601, 0.9813020440027022, 0.9858658913435073, 0.8207105365458918, 0.9597587626120129, 0.9825321284172442, 0.9008292079421232, 0.9802711138666096, 0.9987222387954929, 0.7629615323158164, 0.9794097091567945, 0.9721113471844917, 0.2792948937298332, 0.4264703508231851, 0.9712437269880922, 0.3492252021069727, 0.837664777339051, 0.43574019518920437, 0.7213131806198492, 0.9670621429037514, 0.5665726614292925, 0.7935792071387066, 0.7626575912509149, 0.6997085175518731, 0.6448323718377077, 0.5657363763144486, 0.7563355108829511, 0.8395799496995965], [0.8611459669861065, 0.7892253643135347, 0.9075499967848681, 0.9436099360927637, 0.9289710407027304, 0.8369469341367742, 0.9422157071431686, 0.8612245624355258, 0.916444428494189, 0.8428791350843139, 0.7806413409115576, 0.7299631875824361, 0.9677689381478334, 0.9103143538641548, 0.3540674759172868, 0.9392579052698755, 0.42370440237605433, 0.9479963368870667, 1.0, 0.6511204259855058, 0.978379839846538, 0.6786459756647796, 0.36776398253631504, 0.7283431931213497, 0.8758836500272562, 0.688949250713947, 0.32800310146237166, 0.37200437332039993, 0.6684732467722733, 0.7358025969089701, 0.6807566201247723, 0.740463318410459, 0.9358626564127006, 0.9161842907284785, 0.9493956490154075, 0.9240067226771576, 0.9400228851608946, 0.971098975114467, 0.9425449186390958, 0.9340400121630789, 0.9454639120443544, 0.9067411330289359, 0.9109523525683679, 0.9647616830929953, 0.3480228007537769, 0.3886238546649714, 0.9173787776740968, 0.15408474182817322, 0.809821246857043, 0.35483289027690756, 0.861238200633806, 0.9556871374466208, 0.4940790059195377, 0.8450904454043321, 0.7795418319570447, 0.8527656537297902, 0.7788429151273677, 0.6917387180715938, 0.9203773306186758, 0.8564391072577697], [0.7840124485734978, 0.912022687258314, 0.6150933325546862, 0.7800066867626438, 0.6733479470752957, 0.9081860862733693, 0.819933495279192, 0.9176480419438784, 0.7008776704420518, 0.7510973151424923, 0.8883905398791306, 0.8526824024687637, 0.6221146522604969, 0.816056849283617, 0.7127157932955966, 0.6990929578766661, 0.5819492103270377, 0.6806624286448595, 0.6511204259855058, 1.0, 0.6547664923220411, 0.4367816077790949, 0.6597274583289471, 0.4477438257595695, 0.6953251772042933, 0.5483346211532284, 0.5283387723560455, 0.5790316765359808, 0.6390127372180079, 0.7144107123047461, 0.5824348794485212, 0.9847334638892047, 0.7237823981449523, 0.6339057210328086, 0.6351751816209666, 0.7065228169136959, 0.6284815048843858, 0.7148703759067048, 0.574437739774586, 0.6871726049065403, 0.6530271164258195, 0.6877702960614546, 0.596131934087152, 0.6057323803512852, -0.22671902673743594, 0.004538928640404061, 0.5763209575000465, 0.26009359457211045, 0.8290114805201154, 0.23668120704487705, 0.7020648825979106, 0.6775407070779438, 0.03378472412210143, 0.3248769838971566, 0.25568871965341655, 0.6452158788499864, 0.12348961356637833, 0.27865152679535155, 0.5948722726735316, 0.2574476561633027], [0.878198869485594, 0.7797055914960948, 0.9660809176045139, 0.975770524624212, 0.9839535481961528, 0.8443476481520541, 0.9637432853086471, 0.8926105076015712, 0.9770193738542935, 0.9231395571376092, 0.7925850602873882, 0.7705171741762433, 0.9980317989373276, 0.9572476146576582, 0.48657428193929564, 0.9876003691587836, 0.5740203279254461, 0.9915221813815699, 0.978379839846538, 0.6547664923220411, 1.0, 0.7192087696400591, 0.296268555294666, 0.7879171115460212, 0.911694109926295, 0.5617237524652304, 0.28749796512164094, 0.37396688282673785, 0.6301713894295101, 0.6837879046739022, 0.7477449823697137, 0.747879615845812, 0.88743313663644, 0.9757788307095102, 0.9903347414372313, 0.8738064889617274, 0.9739036365300179, 0.9920505553702231, 0.9407927558072263, 0.9801984578318144, 0.9921582246621529, 0.8268539434524929, 0.9736541360471652, 0.9891498563403873, 0.3529235984186291, 0.4590746335209138, 0.972988490043456, 0.30576664163346123, 0.8411849507725462, 0.4449384864059216, 0.7855033378366114, 0.9811647874372239, 0.5844659298499862, 0.8476227613342029, 0.8074864497878995, 0.771346637801326, 0.7287820426392747, 0.6486847514416997, 0.828101910427192, 0.8785457625161609], [0.8867621666350052, 0.7434711352225236, 0.842160111281442, 0.7646667282273306, 0.7617787215434997, 0.7585674990142766, 0.7465664178412977, 0.6096663288783205, 0.7323446322578121, 0.7801936190687061, 0.7978862630036431, 0.834494059474985, 0.7419504826800176, 0.6840914154947914, 0.6154579480358502, 0.7494239697757057, 0.7228334218418575, 0.6862655578958808, 0.6786459756647796, 0.4367816077790949, 0.7192087696400591, 1.0, 0.5881024810784077, 0.9874587603421173, 0.9196311221054347, 0.6152057130488309, 0.7251592581381721, 0.8059889417421442, 0.8754933018692471, 0.825645143935144, 0.9727902199034943, 0.43465073615772454, 0.7828271653360992, 0.8024856972261746, 0.7930769139721693, 0.7989735771079509, 0.8572928651289055, 0.7724504234718238, 0.8816439847165829, 0.8135846081444301, 0.7116666947363782, 0.7077098934071643, 0.7935487810993138, 0.8078293525762288, 0.7605985987490265, 0.8927357443350427, 0.8204942849471524, 0.7312750591105199, 0.8625872459421718, 0.9189231324335759, 0.7528299308391735, 0.8334409345183661, 0.8720084680421029, 0.9012797424229183, 0.9182785328567655, 0.7618321275894829, 0.7473711616439975, 0.9033664892188752, 0.6467975752601584, 0.8038611767363686], [0.6801964390505082, 0.7955428210854152, 0.3296654885585266, 0.4420862825864844, 0.29382816975112, 0.7128151141503279, 0.49185487704508923, 0.4847796152464635, 0.2828055795374089, 0.37481474581236407, 0.7694948780496169, 0.7318725114987656, 0.27363978162374125, 0.37996529126845324, 0.4589329551247795, 0.31472816069929244, 0.3360269563223206, 0.24650153977977396, 0.36776398253631504, 0.6597274583289471, 0.296268555294666, 0.5881024810784077, 1.0, 0.4833488852460124, 0.5672568941993388, 0.8195089697724985, 0.9611050165481433, 0.9113169094100607, 0.8881986811222451, 0.8860669599431463, 0.6008900413666654, 0.55455564798122, 0.6655624974190547, 0.296820004443864, 0.31660219164766823, 0.6823969165698939, 0.4017654919854219, 0.40523132224567116, 0.4865168831493698, 0.37692968265834703, 0.24015361178456407, 0.6862014936549079, 0.25204991530756304, 0.3430796622281318, 0.21013522584323374, 0.29171170687244463, 0.27710504433198857, 0.310290778730008, 0.696338743963821, 0.4794878398887479, 0.7683932222211269, 0.43179538500035775, 0.14232049751595877, 0.3705213341601101, 0.3093585050245863, 0.754482305719909, 0.27622986179976927, 0.6087834734744044, 0.5769533358502411, 0.15222799742658522], [0.8933412062585747, 0.7312528791255942, 0.9046730115462938, 0.8187064062229924, 0.8355239890739508, 0.7660810602771748, 0.793347327983096, 0.6619851456059234, 0.8103452919359089, 0.8458516295164684, 0.7916742261423273, 0.8339326465078197, 0.8128254995098151, 0.7519753473177493, 0.6427677403572671, 0.821107749056027, 0.7681734974785177, 0.7675048240252644, 0.7283431931213497, 0.4477438257595695, 0.7879171115460212, 0.9874587603421173, 0.4833488852460124, 1.0, 0.942553404654143, 0.5417134530515441, 0.6199103467066586, 0.7238776925436945, 0.8132484749155131, 0.7713730696796653, 0.9746986694237967, 0.46834921258809536, 0.7794658610064853, 0.8726959921307264, 0.858676663369109, 0.7903617792366644, 0.9062523628448236, 0.8271443493013636, 0.9056541829252857, 0.8732309216735308, 0.7922336959968169, 0.6902557070839941, 0.8685028937820636, 0.864552825431128, 0.7310092835584461, 0.8827478851710239, 0.8887881985301895, 0.7386679815109033, 0.8694446922839268, 0.8974623434295829, 0.7206946933248506, 0.8806576636164908, 0.8997082052501232, 0.9196002017607046, 0.9419836585104426, 0.7259315914763047, 0.7513697880541534, 0.8599437431786137, 0.6387605873744789, 0.857668447411898], [0.9856714305004843, 0.8929948322326543, 0.9629344493943411, 0.9549570188659795, 0.9366288711497018, 0.9264851646491239, 0.9475870321499419, 0.8661314653756295, 0.9239468183504593, 0.9428377730481875, 0.9253624245175559, 0.9329906930009342, 0.917718789149225, 0.9122071808348974, 0.6854227107051742, 0.9357805598323023, 0.7525306871741109, 0.8978109238474345, 0.8758836500272562, 0.6953251772042933, 0.911694109926295, 0.9196311221054347, 0.5672568941993388, 0.942553404654143, 1.0, 0.6527689143679442, 0.6161232960883337, 0.7082406143796497, 0.8509815586403735, 0.857532336450593, 0.9480604083222186, 0.7261649607450317, 0.9121503167016789, 0.948504862866342, 0.9470713763934304, 0.9122770104396124, 0.9745320054791867, 0.9507226569026294, 0.9608544032271191, 0.9659996904160651, 0.9067688829584846, 0.8370549050781063, 0.9352271999812014, 0.9470382998185187, 0.5083919287822578, 0.6761890943390632, 0.945131635618358, 0.590370093251325, 0.969182516974272, 0.7356011062511429, 0.8500775432324118, 0.9732942726571188, 0.7196313911982897, 0.8856488778095739, 0.8683512692411657, 0.837426168358718, 0.7085169472858829, 0.7982098803491579, 0.7831236759231666, 0.8310526520831324], [0.7245220842800996, 0.7653401029261417, 0.49817450016695375, 0.589856720400977, 0.475770731452575, 0.7128324789083489, 0.6277969805744132, 0.533817893491769, 0.44496938601546343, 0.42075423587316063, 0.7168401566839343, 0.6283817985807526, 0.5361344230538602, 0.4960889217103741, 0.12311574868856812, 0.4988825249352109, 0.08978748062138231, 0.4700880597233994, 0.688949250713947, 0.5483346211532284, 0.5617237524652304, 0.6152057130488309, 0.8195089697724985, 0.5417134530515441, 0.6527689143679442, 1.0, 0.7593113627464959, 0.6734914897340123, 0.875740275657624, 0.9136784258492895, 0.5452786846581661, 0.5279556990472136, 0.873547491330334, 0.47420361010513123, 0.5348147471880206, 0.8854171280875014, 0.5995005148312283, 0.6157788391321157, 0.7269175425183383, 0.5445418844532962, 0.4671296933760408, 0.927724136638213, 0.44650462378734934, 0.5947780178783598, 0.40136985153665694, 0.3181840637060911, 0.48337510409255935, 0.0007322346033631355, 0.6714579242039238, 0.3322114670157208, 0.9465685161545188, 0.6281958682980668, 0.24070735290835854, 0.6533471563861029, 0.5542386212800449, 0.9563625654120013, 0.6851632164747512, 0.8062578432217238, 0.9058747167085716, 0.5011370334299083], [0.69596847544229, 0.7431468967610044, 0.38227670388392954, 0.4279875566734459, 0.3112822539090625, 0.6690735990447704, 0.4606158735064647, 0.41018234335260784, 0.29087295813491854, 0.3999159570018258, 0.7460398228709231, 0.7416327459278471, 0.28179143562007813, 0.3475115063580081, 0.510581963683777, 0.3201976279147145, 0.44338598503120363, 0.23655527099036355, 0.32800310146237166, 0.5283387723560455, 0.28749796512164094, 0.7251592581381721, 0.9611050165481433, 0.6199103467066586, 0.6161232960883337, 0.7593113627464959, 1.0, 0.976954375998423, 0.9189049691911875, 0.8779425928399714, 0.7144681257104913, 0.42047533150518746, 0.6309852274879428, 0.33544506428958054, 0.3415437412404154, 0.6554128460539698, 0.44193442615145195, 0.3986122080008925, 0.5270362923484827, 0.40053099953003857, 0.24372261047343835, 0.6273522953155783, 0.29756596747487807, 0.36882342175940597, 0.4243677897518099, 0.5213784535579913, 0.3296517937020078, 0.5037884360435132, 0.707600654873641, 0.6821388184137311, 0.7236655145599104, 0.4512830020738694, 0.36198955780668773, 0.4741039968168377, 0.4473508275659479, 0.7211969215849586, 0.36084962103392026, 0.7129011291768202, 0.5139548835159016, 0.2520840691921752], [0.7687560829204979, 0.7860605318419123, 0.500172274801207, 0.5232209724731204, 0.42824471794118835, 0.732455674704137, 0.5452982812865932, 0.5014732062435449, 0.41319947381310396, 0.5371911678878237, 0.8096534839640502, 0.8304809518327257, 0.3759403327630978, 0.45668743681880275, 0.6692033321939976, 0.4313576110675361, 0.6230919322161801, 0.3439182805924701, 0.37200437332039993, 0.5790316765359808, 0.37396688282673785, 0.8059889417421442, 0.9113169094100607, 0.7238776925436945, 0.7082406143796497, 0.6734914897340123, 0.976954375998423, 1.0, 0.920767009536303, 0.8714041540533649, 0.8238024040598164, 0.4811230087759, 0.642442066429945, 0.4555686357224662, 0.4449271653655109, 0.6639512973984106, 0.5367110663000569, 0.4837307681763643, 0.5848172882837237, 0.5083376673964863, 0.35371211455750173, 0.6050771579070774, 0.420360571510618, 0.45593766042591755, 0.44392557319210635, 0.6111279494075135, 0.4452000121682613, 0.6640747776834525, 0.7920795942322156, 0.7909798376399618, 0.7021309421671929, 0.5390942648733678, 0.47988018988815506, 0.5277002965340871, 0.5218593354566479, 0.6927759654787492, 0.35620319542214873, 0.7088194492632133, 0.47993717297191707, 0.3271229516576285], [0.8985958096295812, 0.8876553105029276, 0.6839789946449577, 0.718503208183409, 0.6291335766175895, 0.8514081156590304, 0.7393682868012545, 0.6514510315728815, 0.6044136867325098, 0.6574512079281638, 0.891162670383386, 0.8711503455226968, 0.6249112331516231, 0.634902721978955, 0.5312404546738377, 0.6378390852352376, 0.5237710991094783, 0.5742080450849814, 0.6684732467722733, 0.6390127372180079, 0.6301713894295101, 0.8754933018692471, 0.8881986811222451, 0.8132484749155131, 0.8509815586403735, 0.875740275657624, 0.9189049691911875, 0.920767009536303, 1.0, 0.9882944699988622, 0.8563905389671643, 0.593791811482675, 0.8775566241522217, 0.6476466026142319, 0.6656471244596593, 0.893672439459632, 0.743795626368633, 0.7122305867785743, 0.8159961947985247, 0.7025426657489957, 0.5821216314205874, 0.8605761612786447, 0.6181827063164966, 0.6961438894213118, 0.5355602979185302, 0.6195803535504602, 0.6487133928829784, 0.48037407034655355, 0.8815497813222589, 0.7154862133572881, 0.9178356918426938, 0.7527942301021012, 0.5369930304900145, 0.7525758398416277, 0.710168346994763, 0.9168426064735254, 0.6418577044891445, 0.8767033933435857, 0.7812276885527458, 0.5841543327260578], [0.9152945770878326, 0.9277629424626012, 0.7013053312513943, 0.7656408766345535, 0.6665278489390171, 0.8939599103632372, 0.7925762680948659, 0.720575167660894, 0.6459628562913718, 0.6815352981810876, 0.9176161238770977, 0.8795931184854369, 0.670574829904064, 0.6913966459300388, 0.5063400752931833, 0.6808293640070895, 0.4818042580058719, 0.6283999097894548, 0.7358025969089701, 0.7144107123047461, 0.6837879046739022, 0.825645143935144, 0.8860669599431463, 0.7713730696796653, 0.857532336450593, 0.9136784258492895, 0.8779425928399714, 0.8714041540533649, 0.9882944699988622, 1.0, 0.8170792422466425, 0.6810163277079239, 0.9250018089301534, 0.6737785761264039, 0.6998952978244173, 0.9359359646568708, 0.7662831633488901, 0.7593674361118532, 0.8350992255694932, 0.7336180254636786, 0.6298617554758519, 0.917367848334507, 0.6426474608477317, 0.7300168160961507, 0.44480218831347806, 0.5193473150522121, 0.6691478498314494, 0.3804989401928962, 0.8961770306128272, 0.6172794488244644, 0.9610473689653077, 0.7850371023389239, 0.4549559106877896, 0.7401335760659155, 0.679297077401235, 0.9546892737299317, 0.6393406456932968, 0.843840910581427, 0.8460696301878352, 0.5839490426355943], [0.9274033448637429, 0.8161745337551687, 0.8754565147350868, 0.8252476820039097, 0.8145886406720089, 0.8376852571239629, 0.8112926434925892, 0.7239859776369404, 0.799423261793874, 0.8700509923222753, 0.8736533893003066, 0.9196823223422536, 0.7666929239999712, 0.7743359757898691, 0.7764386189189367, 0.8045752303128489, 0.8496081416595411, 0.7411067494354427, 0.6807566201247723, 0.5824348794485212, 0.7477449823697137, 0.9727902199034943, 0.6008900413666654, 0.9746986694237967, 0.9480604083222186, 0.5452786846581661, 0.7144681257104913, 0.8238024040598164, 0.8563905389671643, 0.8170792422466425, 1.0, 0.575155856920311, 0.7739694955247435, 0.8451533587837843, 0.8228199563349196, 0.7836166000402224, 0.8734363416005796, 0.808211375515251, 0.8581513138166543, 0.8570543830563653, 0.759412762244285, 0.6797525715001932, 0.8310381434731828, 0.8170436379852429, 0.6029857358365083, 0.8145616346456791, 0.8450648568824015, 0.7979434920369126, 0.9287275682017375, 0.9056895464193879, 0.727804229308951, 0.8571702787384783, 0.8112811768396868, 0.8262000502071368, 0.8459057864565631, 0.7192926116037492, 0.6123973184333846, 0.7941704139245084, 0.5958516262458996, 0.7378583224554918], [0.7957322515945728, 0.8964603952012535, 0.6879207154430328, 0.8421009918100588, 0.7556363545136174, 0.9116592397983135, 0.8746331039092309, 0.9600635737006089, 0.7824327938338608, 0.8039331721474763, 0.8735025906924155, 0.8333127133856336, 0.716505912180437, 0.8817732303522275, 0.6724767424798886, 0.7801309645848282, 0.5709145063872455, 0.7749835931357465, 0.740463318410459, 0.9847334638892047, 0.747879615845812, 0.43465073615772454, 0.55455564798122, 0.46834921258809536, 0.7261649607450317, 0.5279556990472136, 0.42047533150518746, 0.4811230087759, 0.593791811482675, 0.6810163277079239, 0.575155856920311, 1.0, 0.7567104164998808, 0.7133442492563742, 0.7184028188595433, 0.7351063069306023, 0.6969108384167548, 0.7886507887344818, 0.6332730391978583, 0.7573238288223102, 0.7477300383382776, 0.7165512046443306, 0.681989797113237, 0.688789437575444, -0.20973397351031164, 0.0060188147345755505, 0.6598102391485596, 0.21355195879139188, 0.8286256147657488, 0.19901135016403793, 0.7098126449699945, 0.7441494089994576, 0.0736519911966994, 0.38855058923051955, 0.31702126187520197, 0.6547900512501729, 0.19941076001799063, 0.28488995788484894, 0.6455428367990408, 0.35717552551559417], [0.937331023907624, 0.9099454165783939, 0.8469455598098395, 0.9062232851373403, 0.8429684045805229, 0.9160279703676268, 0.9215104320914475, 0.8382567406106914, 0.8244949728286771, 0.7959747080309837, 0.8947506611011692, 0.8402363880381525, 0.8726684708933505, 0.8473082998519694, 0.4206951742355238, 0.857569553331165, 0.4429563066189871, 0.8376931058770601, 0.9358626564127006, 0.7237823981449523, 0.88743313663644, 0.7828271653360992, 0.6655624974190547, 0.7794658610064853, 0.9121503167016789, 0.873547491330334, 0.6309852274879428, 0.642442066429945, 0.8775566241522217, 0.9250018089301534, 0.7739694955247435, 0.7567104164998808, 1.0, 0.838039945126879, 0.8742388817112512, 0.9990695278489601, 0.9034417280149378, 0.921087499951514, 0.9473219113023507, 0.8811865036228764, 0.8360939411897894, 0.98731492790527, 0.8187863064885873, 0.9017008621749182, 0.41394915379136554, 0.458696129241996, 0.8371492441408868, 0.23904805042235666, 0.8956294056828628, 0.4842212780953665, 0.9822681781024807, 0.9238076969045573, 0.48165046807063794, 0.8432912670191275, 0.7697507756465806, 0.9754871510901911, 0.7680739537846889, 0.818918824618065, 0.9624051427448844, 0.7674660172521052], [0.9015968776847697, 0.7767227684638442, 0.997484405844778, 0.973887557964079, 0.9968413956426242, 0.846289937310015, 0.9529757114928312, 0.8806697037148613, 0.9911121031536476, 0.9712623409697605, 0.813429061646857, 0.8238068784147153, 0.9844095639150052, 0.9575180661641955, 0.6240319414808833, 0.9928461621870702, 0.7266309545022684, 0.9813020440027022, 0.9161842907284785, 0.6339057210328086, 0.9757788307095102, 0.8024856972261746, 0.296820004443864, 0.8726959921307264, 0.948504862866342, 0.47420361010513123, 0.33544506428958054, 0.4555686357224662, 0.6476466026142319, 0.6737785761264039, 0.8451533587837843, 0.7133442492563742, 0.838039945126879, 1.0, 0.9954454723825715, 0.8277782588256799, 0.9868488351326318, 0.9785775823188732, 0.9339740682833649, 0.9955508099664337, 0.9882029880460929, 0.7493947670747486, 0.9986370214471619, 0.9831331328954341, 0.4199315866368505