"[[1.0, 0.0, 0.09373594388590822, 0.25605217879310627, 0.0, 1.3977687613353496e-05, 0.13463481051857296, 0.06832690998624513, 0.048152368410989355, 0.0009721022523601075, 0.0, 0.00028773925259095723, 0.00011066944948101565, 0.0013771554795727337, 0.0009330046471746067, 0.07587445208239463, 0.0, 0.0, 0.0007320415131678581, 0.0, 0.06742883624391172, 0.0, 0.0, 0.0, 0.006061848498485789, 0.0, 0.0, 0.0, 0.0, 0.0, 0.0010776194201111977, 0.0, 8.634652063710391e-05, 0.021606648429469355, 0.000193599114234555, 0.9551613189707842, 0.023653788019964206, 0.190757433886797, 0.0, 0.00016742163397942544, 0.08972131826105223, 0.0, 0.0, 9.651635891172461e-06, 0.0, 0.0, 0.0010568425373012058, 0.0, 0.0003001853232673657, 0.0, 0.0, 0.05140620348184266, 0.0, 0.0, 0.0, 0.0017205580553941724, 0.0, 0.0, 2.297736004130968e-05, 0.0], [0.0, 1.0, 0.41814710877049643, 0.7672815768336534, 0.0, 0.06905158880737816, 0.2799475246856442, 0.0, 0.22972142383295857, 0.09314516239945758, 0.0, 0.257653222418762, 0.042706781186867326, 0.0, 0.0, 0.15922190967122374, 0.0, 0.0, 0.12255873085749458, 0.0, 0.0, 0.0, 0.0, 0.0, 0.0, 0.0, 0.0, 0.0, 0.0, 0.0, 0.0, 0.0, 0.0, 0.0, 0.0, 0.0, 0.0, 0.0, 0.0, 0.16917532472235397, 0.0, 0.0, 0.0, 0.07143403870297083, 0.0, 0.0, 0.0, 0.0, 0.037259343984537674, 0.0, 0.0, 0.0, 0.0, 0.0, 0.0, 0.04123348584005182, 0.0, 0.0, 0.03005443219552928, 0.0], [0.09373594388590822, 0.41814710877049643, 1.0, 0.6730287205846692, 0.693396552830192, 0.06128228105020306, 0.6352755408386049, 0.14688102519593416, 0.7966966559063063, 0.6190948233485741, 0.0, 0.29530905691005027, 0.7540463604356815, 0.4413550935777535, 0.0, 0.7132729518319558, 0.16020604929975435, 0.6743547790439485, 0.30377093193000615, 0.0, 0.5830757940611798, 0.0, 0.0, 0.0, 0.1686380902063207, 0.0, 0.0, 0.0, 9.305059399200566e-05, 0.0, 0.11731011262334778, 0.5309044575244046, 0.14737259164686667, 0.7260978227643747, 0.6576501563881796, 0.15025011743166583, 0.6760275644563283, 0.6580674944410096, 0.15101388438845598, 0.7257320913447981, 0.6092704265693791, 0.0014144874061077228, 0.6663619872094126, 0.6939412931284874, 0.0, 0.0, 0.6867428801135125, 0.09297012471138844, 0.20598259728282908, 0.18015042889313615, 0.0, 0.7132395989508985, 0.1420982745892161, 0.0013405134932051865, 0.4004321084383581, 0.10827037679794072, 0.05361737172781167, 0.040434002871599484, 0.01284433189098888, 0.3621901987514691], [0.25605217879310627, 0.7672815768336534, 0.6730287205846692, 1.0, 0.4109033287477708, 0.08159878164257339, 0.6091835694061919, 0.02111281921797792, 0.5850815184940583, 0.4981264201045026, 0.0, 0.2726911838113375, 0.4151905952985726, 0.39805514823819665, 0.027952100123290302, 0.5909980332043505, 0.010247795159568973, 0.4222746786466345, 0.22032741181577686, 0.07589127900017201, 0.432078723594997, 0.17221372966014914, 0.0, 0.012966702564322974, 0.13346477005475965, 0.0, 0.0, 4.36565255468313e-06, 0.0015779230809436218, 0.0, 0.04212809387712224, 0.3874610168085869, 0.020267579064209063, 0.4409560120656638, 0.4423325138442875, 0.34167312209398526, 0.4432222875685826, 0.41852823087696867, 0.0, 0.40256440508056723, 0.46643783872510614, 0.2872066988327304, 0.45419528896829675, 0.5152027269424998, 0.0, 0.01815115510953169, 0.45503341552282617, 0.0, 0.1629917017175324, 0.11820720181658695, 0.0, 0.4178219687185992, 0.012446480376132163, 0.00017079496499050606, 0.041296696484205975, 0.34590920696863503, 0.0, 0.0, 0.31073881797400515, 0.0], [0.0, 0.0, 0.693396552830192, 0.4109033287477708, 1.0, 0.056529992140097796, 0.734246578745074, 0.004142823832227749, 0.874959892028726, 0.7658461007349683, 0.0, 0.16441446123409742, 0.8616741223793076, 0.6503983733907736, 0.0, 0.8663845675236442, 0.04100560821207788, 0.9102970319815694, 0.24041125750114567, 0.076111942224653, 0.8919372009932638, 0.0, 0.0, 0.0, 0.0, 0.0, 0.23923355813513247, 3.290643945219607e-06, 4.503374808018101e-05, 0.0, 0.0465261663542893, 0.8155565840420356, 0.0027751852386834752, 0.9258418801615832, 0.8153724107974929, 0.0629043539313211, 0.8681413427017843, 0.8097704629582102, 0.16553202338559547, 0.5931519508007116, 0.9066848306097467, 0.010683636671654173, 0.910134982718653, 0.790320543012045, 0.0046469311539437674, 0.01368157174957918, 0.8923139635355011, 0.07603625074979392, 0.2364332948166482, 0.0, 0.0034671746399038694, 0.8259103318587097, 0.06405813944502659, 0.038148506154441986, 0.0860876193789002, 0.061462592562231966, 0.19839676842265863, 0.0, 0.0014660218173162542, 0.143228323673395], [1.3977687613353496e-05, 0.06905158880737816, 0.06128228105020306, 0.08159878164257339, 0.056529992140097796, 1.0, 0.16252010457178367, 0.003656449400306405, 0.1214454798573481, 0.4017546438472168, 0.9692448882070274, 0.37993832322375964, 0.08190655515462253, 0.09832956524326508, 0.014981369766719266, 0.3034500961349854, 0.0, 0.0687039395339244, 0.023100728273145577, 0.07880692814800794, 0.10177435671755786, 0.0, 0.0, 0.0, 0.0, 0.0, 0.0, 0.02524004081122211, 0.00019907620883952148, 0.21250044035949, 0.0008662717573078016, 0.4303487180849117, 0.0012945935342181247, 0.08682275973875642, 0.042176904214549116, 0.011600140593532204, 0.04308756497041266, 0.06135817964084378, 0.0, 0.041225922523395186, 0.05187552417935237, 0.005574063996373169, 0.051597609309043335, 0.07065578891116653, 0.005312578140962754, 0.0, 0.17509620080383403, 0.0, 0.2216095818425443, 0.0, 0.012061515724932637, 0.16116026816485307, 0.0, 0.0, 0.0, 0.005278001193348203, 0.02231459392356583, 0.018430484479511677, 0.003197145018655312, 0.0], [0.13463481051857296, 0.2799475246856442, 0.6352755408386049, 0.6091835694061919, 0.734246578745074, 0.16252010457178367, 1.0, 0.22378988874583983, 0.8192268830188814, 0.713894127007481, 0.08625801996461469, 0.41155334794734744, 0.6213871452690013, 0.619611374182766, 0.10743992509949618, 0.8030834110579661, 0.005087805941734191, 0.746520572352852, 0.38542094034898056, 0.14183368253071582, 0.7715897171056443, 0.003637764447409264, 0.009356304807123461, 0.0, 0.0, 0.12398735023113328, 0.0, 2.5576791407577737e-05, 0.005807557511978478, 0.003540594492504212, 0.0235240867514529, 0.7121294152010789, 0.21829741000781555, 0.7380720666890929, 0.7197601901887984, 0.17979861866542235, 0.6962880605939773, 0.7350624166871903, 0.0, 0.5515595525631987, 0.7806889753259346, 0.019331848193738232, 0.7460174066989036, 0.8365162701613, 0.0, 0.10634110301443855, 0.7539563323589628, 0.08313230555758655, 0.27599871233630036, 0.0, 0.43523623648647114, 0.6768524189570693, 0.0, 0.0003127255635636539, 0.0, 0.06494799614506364, 0.06573771587802357, 0.022107489222798815, 0.030178685443143838, 0.0], [0.06832690998624513, 0.0, 0.14688102519593416, 0.02111281921797792, 0.004142823832227749, 0.003656449400306405, 0.22378988874583983, 1.0, 0.10355806944624524, 0.0075284188210900105, 0.0, 0.6564383295791689, 0.041066578679478605, 0.033055912835496915, 0.0, 0.005298801661223762, 0.014910526566709215, 0.00018878361909202557, 0.5513742150079461, 0.046397562831521966, 0.004607377337947138, 0.0, 0.0, 0.0, 0.0, 0.0, 0.0, 0.0, 0.0, 0.0, 0.0, 0.0, 0.994418643393945, 0.0014301575623869578, 0.3698714097599425, 0.06551786822833339, 0.20548765246335043, 0.16101095580891855, 0.0, 0.4043299622764749, 0.006130611048830614, 9.340902185595024e-05, 0.0, 0.0, 0.0, 0.0, 0.0, 0.0, 0.0020104635337793164, 0.0, 0.0, 0.007050013456136206, 0.0, 0.0, 0.0, 0.0951351305134518, 0.0, 0.0, 0.0, 0.0], [0.048152368410989355, 0.22972142383295857, 0.7966966559063063, 0.5850815184940583, 0.874959892028726, 0.1214454798573481, 0.8192268830188814, 0.10355806944624524, 1.0, 0.8462977032948685, 0.05204954909941173, 0.27501262516510183, 0.7926220500338075, 0.64907641318708, 0.00664145550848616, 0.9013327941202717, 0.1251342314707029, 0.8909196629154047, 0.2761344705282014, 0.11724593874563582, 0.8292676366272209, 0.0, 0.0, 0.0, 0.0, 0.0, 0.0, 0.0, 0.0010049196756938272, 0.0, 0.059585506057521886, 0.7840760833229339, 0.10069695253170363, 0.892284337275662, 0.7719797137232273, 0.09722704252379011, 0.8347490272785991, 0.7855489860591064, 0.0858475186215708, 0.6835142426733698, 0.8695483054696381, 0.001071592696507584, 0.8937249032266146, 0.7995837300971217, 0.0, 0.0, 0.8529723392348348, 0.06509581184201274, 0.25512799100395167, 0.0, 0.0682577324949053, 0.7450012609643563, 0.2866470326429771, 0.002704144129518582, 0.0, 0.039859921772647744, 0.0, 0.051426344397232926, 0.00745386042994689, 0.211772705721891], [0.0009721022523601075, 0.09314516239945758, 0.6190948233485741, 0.4981264201045026, 0.7658461007349683, 0.4017546438472168, 0.713894127007481, 0.0075284188210900105, 0.8462977032948685, 1.0, 0.35433509366271476, 0.346368917104224, 0.6591309334606819, 0.6494403211132794, 0.18218874038955213, 0.897079926249121, 0.14852082749333007, 0.7587165165892348, 0.16552325695018966, 0.11452961648733162, 0.7455681252251157, 0.2472143508747816, 0.025969510082271885, 0.052267971543607517, 0.13232255987825314, 0.0, 0.007635125496557538, 0.0, 9.82797648307887e-06, 0.0, 0.09046512013986285, 0.8110011094550312, 0.012504703792376004, 0.7897125825287888, 0.6689300955386781, 0.047046676254822395, 0.7545024944097604, 0.6242256855718015, 0.0, 0.5321151518386366, 0.7928927498566296, 0.002270058060571678, 0.8151809185467931, 0.718662585566256, 0.0, 0.0, 0.8209178644373197, 0.1448203639846879, 0.3303031195893982, 0.0, 0.0, 0.6948846883694012, 0.26927606237132573, 0.002540271484994694, 0.01659930457864056, 0.06507750174894555, 0.00863419619775696, 0.004270627540242988, 0.007544565275148907, 0.0], [0.0, 0.0, 0.0, 0.0, 0.0, 0.9692448882070274, 0.08625801996461469, 0.0, 0.05204954909941173, 0.35433509366271476, 1.0, 0.34319429472519336, 0.0, 0.005497800023344657, 0.0, 0.25273627884813354, 0.0, 0.0, 0.0, 0.0, 0.0, 0.0, 0.0, 0.0, 0.0, 0.0, 0.0, 0.0, 0.0, 0.0, 0.0, 0.32537992001727956, 0.0, 0.04005318312410466, 0.0, 0.0, 0.0, 0.0, 0.0, 0.0, 0.0, 0.0, 0.0, 0.0, 0.0, 0.0, 0.13132725776956655, 0.0, 0.2081107496742095, 0.0, 0.0, 0.07303645509969159, 0.0, 0.0, 0.0, 0.0, 0.0, 0.0, 0.0006464365062121002, 0.0], [0.00028773925259095723, 0.257653222418762, 0.29530905691005027, 0.2726911838113375, 0.16441446123409742, 0.37993832322375964, 0.41155334794734744, 0.6564383295791689, 0.27501262516510183, 0.346368917104224, 0.34319429472519336, 1.0, 0.15012635206382863, 0.15803880414929883, 0.30840066387912624, 0.27872702014539374, 0.0, 0.13907380864556285, 0.41755857715878375, 0.0704302966877417, 0.13202818021112206, 0.0, 0.0028971339201079305, 0.20349560815471013, 0.0, 0.10038320811404045, 0.07848916862491917, 0.4343185622318182, 8.279225005258795e-05, 0.0, 0.014052501983939258, 0.28410143613325944, 0.6544479178105124, 0.1645981012916219, 0.37028836637543583, 0.034802984560495465, 0.30845667294654844, 0.2697484852004136, 0.0, 0.3845364110506453, 0.1647052222041978, 0.00704711723987006, 0.17082003081365627, 0.13683611827659492, 0.0, 0.0, 0.1834032684779865, 0.1374086742263012, 0.22871448217613444, 0.0, 0.0, 0.16335549759465884, 0.0, 0.0, 0.0, 0.11573438610861242, 0.04447972508898934, 0.035976364392271254, 0.01580714466779687, 0.0], [0.00011066944948101565, 0.042706781186867326, 0.7540463604356815, 0.4151905952985726, 0.8616741223793076, 0.08190655515462253, 0.6213871452690013, 0.041066578679478605, 0.7926220500338075, 0.6591309334606819, 0.0, 0.15012635206382863, 1.0, 0.5029612337005109, 0.0, 0.7174287722169094, 0.08187612050409199, 0.8347105990002516, 0.278670410769317, 0.0, 0.7866050551947328, 0.1736819709745675, 0.0, 0.0, 0.018256716496409364, 0.0, 0.0, 4.008391196297367e-06, 0.0005546352466091475, 0.16009260044191798, 0.049464191610818276, 0.7014854651064635, 0.05572933105963296, 0.837779585987671, 0.7581181420123528, 0.0953070558851572, 0.7572307703915574, 0.7617710073271051, 0.264995175009179, 0.6827157439198221, 0.7458339180505424, 0.07046633011236425, 0.7875367502710986, 0.7313720749829148, 0.0, 0.01666576289183619, 0.7541857823693235, 0.0, 0.21081937028228737, 0.0, 0.014842427176729234, 0.8356176086742622, 0.040523080475166395, 0.028518713764977832, 0.12638159471291044, 0.09060868439104597, 0.3337338188234198, 0.0, 0.06819629901793323, 0.4293315007616152], [0.0013771554795727337, 0.0, 0.4413550935777535, 0.39805514823819665, 0.6503983733907736, 0.09832956524326508, 0.619611374182766, 0.033055912835496915, 0.64907641318708, 0.6494403211132794, 0.005497800023344657, 0.15803880414929883, 0.5029612337005109, 1.0, 0.0, 0.6215588569721029, 0.038903222445386354, 0.6111118986702221, 0.14912266247911532, 0.6999472239871763, 0.6082297278262417, 0.04262588175856019, 0.0, 0.0, 0.2271840808817287, 0.0, 0.0, 0.005056137090607815, 0.0004816606869423312, 0.023100427903345433, 0.06826338486326844, 0.5690686403362024, 0.00861653820040753, 0.6324188078772917, 0.5498408314484222, 0.05366136289685153, 0.5674263425649897, 0.5628104483397027, 0.0, 0.38696638896244373, 0.6321824917507872, 0.08909985695371592, 0.6220994076755502, 0.5487066363952513, 0.0352048660863048, 0.14968981879592946, 0.6682150859145074, 0.14027592037179093, 0.1757731993739291, 0.0, 0.0, 0.6117703995170451, 0.0, 0.000440204508094455, 0.0, 0.1604716062206608, 0.023357269473045283, 0.0, 0.08770910063016879, 0.0], [0.0009330046471746067, 0.0, 0.0, 0.027952100123290302, 0.0, 0.014981369766719266, 0.10743992509949618, 0.0, 0.00664145550848616, 0.18218874038955213, 0.0, 0.30840066387912624, 0.0, 0.0, 1.0, 0.034675383540728744, 0.0, 0.0, 0.0, 0.0, 0.0, 0.0, 0.0, 0.0, 0.0, 0.0, 0.0, 0.0, 0.0, 0.0, 0.0, 0.0, 0.0, 0.007189489800027871, 0.018501811900769716, 0.0, 0.03590469406592012, 0.0, 0.0, 0.0, 0.0, 0.0, 0.0, 0.010344681476617379, 0.0, 0.0, 0.0, 0.0, 0.10742638698835716, 0.0, 0.0, 0.0, 0.0, 0.0, 0.0, 0.0, 0.0, 0.0, 0.024627272876817097, 0.0], [0.07587445208239463, 0.15922190967122374, 0.7132729518319558, 0.5909980332043505, 0.8663845675236442, 0.3034500961349854, 0.8030834110579661, 0.005298801661223762, 0.9013327941202717, 0.897079926249121, 0.25273627884813354, 0.27872702014539374, 0.7174287722169094, 0.6215588569721029, 0.034675383540728744, 1.0, 0.009669597658994666, 0.8886458801753154, 0.22179101750943297, 0.0, 0.8803225374775057, 0.0, 0.0, 0.023780002858272642, 0.06670255401430647, 0.02751904042735598, 0.0, 0.0, 0.00054107539862569, 0.0, 0.06177966369903154, 0.8978158594898794, 0.0067166949286459054, 0.9054455620323069, 0.7878448304667922, 0.14424257855468003, 0.8170795511300388, 0.7298533992160444, 0.0, 0.5571560628798253, 0.9245003603621224, 0.09378539424465904, 0.9156393612570174, 0.8269620940154134, 0.0, 0.0, 0.9237072255033913, 0.06814540071258368, 0.30658562621713803, 0.0, 0.0, 0.734968070784998, 0.12724634570275362, 0.032837545891920894, 0.11211007026820796, 0.13502966669172123, 0.0, 0.012369001823477555, 0.10034465497725731, 0.0], [0.0, 0.0, 0.16020604929975435, 0.010247795159568973, 0.04100560821207788, 0.0, 0.005087805941734191, 0.014910526566709215, 0.1251342314707029, 0.14852082749333007, 0.0, 0.0, 0.08187612050409199, 0.038903222445386354, 0.0, 0.009669597658994666, 1.0, 0.012661096725685717, 0.0, 0.0, 0.0, 0.0, 0.0, 0.0, 0.0, 0.0, 0.0, 0.0, 0.0, 0.0, 0.0, 0.0, 0.0, 0.0, 0.0, 0.016913668132691018, 0.0, 0.0, 0.0, 0.34854630124157326, 0.0, 0.006264636023286307, 0.0, 0.0, 0.0, 0.0, 0.0, 0.0, 0.1348351800175942, 0.0, 0.0, 0.011535755948749227, 0.0, 0.0, 0.0, 0.0, 0.0, 0.0, 0.0, 0.0], [0.0, 0.0, 0.6743547790439485, 0.4222746786466345, 0.9102970319815694, 0.0687039395339244, 0.746520572352852, 0.00018878361909202557, 0.8909196629154047, 0.7587165165892348, 0.0, 0.13907380864556285, 0.8347105990002516, 0.6111118986702221, 0.0, 0.8886458801753154, 0.012661096725685717, 1.0, 0.16929997856794066, 0.0, 0.9273378013392729, 0.0, 0.0, 0.02434939189785168, 0.0, 0.06724740458826728, 0.0, 0.0, 0.0, 0.09526715405557329, 0.016454640997074277, 0.877285231466326, 0.004067470434689691, 0.9702947737402452, 0.7815838627515485, 0.053513542274668424, 0.8039607305571316, 0.7790716874401871, 0.0, 0.6333290341506012, 0.9530568623801153, 0.0027109309180876062, 0.9536338201699411, 0.8177064167051059, 0.0, 0.0, 0.929041517228515, 0.0, 0.2646697525252474, 0.005744431406003447, 0.0, 0.7850193570268761, 0.0, 0.0, 0.0, 0.015222834466375068, 0.0, 0.0, 0.0, 0.25887281791171124], [0.0007320415131678581, 0.12255873085749458, 0.30377093193000615, 0.22032741181577686, 0.24041125750114567, 0.023100728273145577, 0.38542094034898056, 0.5513742150079461, 0.2761344705282014, 0.16552325695018966, 0.0, 0.41755857715878375, 0.278670410769317, 0.14912266247911532, 0.0, 0.22179101750943297, 0.0, 0.16929997856794066, 1.0, 0.0, 0.23243580631114635, 0.0, 0.0, 0.0, 0.1207620931718697, 0.0, 0.0, 0.0, 0.0035744391567472666, 0.01434334818822336, 0.03752978255216022, 0.15894429781526498, 0.5639360927739779, 0.20928670845033015, 0.49942267532834883, 0.07148997936258428, 0.4065771005623504, 0.46214057722523294, 0.33017259383410336, 0.5499446473948982, 0.18150864659604882, 0.11566461742963063, 0.24594193300427902, 0.31171278364684274, 0.0, 0.0, 0.21507766988165933, 0.0, 0.0524495400936239, 0.0, 0.22640289400199087, 0.3632280553114722, 0.0, 0.677993421193557, 0.0, 0.20503066581156937, 0.0, 0.0, 0.14527750249058835, 0.0], [0.0, 0.0, 0.0, 0.07589127900017201, 0.076111942224653, 0.07880692814800794, 0.14183368253071582, 0.046397562831521966, 0.11724593874563582, 0.11452961648733162, 0.0, 0.0704302966877417, 0.0, 0.6999472239871763, 0.0, 0.0, 0.0, 0.0, 0.0, 1.0, 0.0, 0.0, 0.0, 0.0, 0.0, 0.0, 0.0, 0.0, 0.0, 0.0, 0.0, 0.0, 0.0, 0.0, 0.0, 0.0, 0.0, 0.11037729304401855, 0.0, 0.026934011936983526, 0.0, 0.0, 0.0, 0.0, 0.0, 0.0, 0.0, 0.0, 0.0, 0.0, 0.0, 0.07575103286024465, 0.0, 0.0, 0.0, 0.0, 0.0, 0.0, 0.0, 0.0], [0.06742883624391172, 0.0, 0.5830757940611798, 0.432078723594997, 0.8919372009932638, 0.10177435671755786, 0.7715897171056443, 0.004607377337947138, 0.8292676366272209, 0.7455681252251157, 0.0, 0.13202818021112206, 0.7866050551947328, 0.6082297278262417, 0.0, 0.8803225374775057, 0.0, 0.9273378013392729, 0.23243580631114635, 0.0, 1.0, 0.0, 0.0, 0.0, 0.0, 0.0, 0.0, 0.0, 0.13462425405083578, 0.23551962234896506, 0.14527086985140536, 0.9068616991878643, 0.0036865927796232434, 0.9063931247348133, 0.7884027418456906, 0.11642017683833439, 0.7780771542390024, 0.7743829765655056, 0.0, 0.5696265095565408, 0.942056732594088, 0.006071010421517253, 0.9262147269783648, 0.8308233010417237, 0.0, 0.0, 0.9023949052349532, 0.0, 0.35315478091953, 0.0, 0.05792696315016754, 0.7683198675976567, 0.0, 0.0744977021736456, 0.0, 0.013910729142377343, 0.14747079951233577, 0.0, 0.002892898176523606, 0.0], [0.0, 0.0, 0.0, 0.17221372966014914, 0.0, 0.0, 0.003637764447409264, 0.0, 0.0, 0.2472143508747816, 0.0, 0.0, 0.1736819709745675, 0.04262588175856019, 0.0, 0.0, 0.0, 0.0, 0.0, 0.0, 0.0, 1.0, 0.0, 0.0, 0.0, 0.0, 0.0, 0.0, 0.0, 0.0, 0.020624517414162824, 0.0018097041977512829, 0.029227038137008, 0.0, 0.07570217631772069, 0.03100100013003715, 0.05882294497707574, 0.0, 0.0, 0.11781276809554753, 0.045938599173094286, 0.0, 0.09692721883748079, 0.13889581261526374, 0.0, 0.0, 0.0, 0.0, 0.04625695326024892, 0.0, 0.0, 0.11564971676323155, 0.0, 0.0, 0.0, 0.0, 0.0, 0.0, 0.0, 0.0], [0.0, 0.0, 0.0, 0.0, 0.0, 0.0, 0.009356304807123461, 0.0, 0.0, 0.025969510082271885, 0.0, 0.0028971339201079305, 0.0, 0.0, 0.0, 0.0, 0.0, 0.0, 0.0, 0.0, 0.0, 0.0, 1.0, 0.0, 0.0, 0.0, 0.0, 0.0, 0.0, 0.0, 0.02302134264004696, 0.01043543525580748, 0.009414299077110999, 0.021488129927843325, 0.0, 0.007502112228929936, 0.011831888499858167, 0.0, 0.0, 0.0, 0.0, 0.0, 0.0, 0.0, 0.0, 0.0, 0.0, 0.0, 0.0023408210135920093, 0.0, 0.0, 0.0, 0.0, 0.0, 0.0, 0.04902660217740884, 0.0, 0.0, 0.0, 0.0], [0.0, 0.0, 0.0, 0.012966702564322974, 0.0, 0.0, 0.0, 0.0, 0.0, 0.052267971543607517, 0.0, 0.20349560815471013, 0.0, 0.0, 0.0, 0.023780002858272642, 0.0, 0.02434939189785168, 0.0, 0.0, 0.0, 0.0, 0.0, 1.0, 0.0, 0.0, 0.0, 0.0, 0.0, 0.0, 0.0, 0.0, 0.00141578906614237, 0.08294459492303419, 0.05848812423612493, 0.0, 0.14964554258795149, 0.0522735105808968, 0.0, 0.02802257628697591, 0.0, 0.007224155109356922, 0.0, 0.01974976192592326, 0.0, 0.0, 0.0, 0.0, 0.0, 0.0, 0.0, 0.05017996401415936, 0.0, 0.0, 0.0, 0.0, 0.0, 0.0, 0.0, 0.0], [0.006061848498485789, 0.0, 0.1686380902063207, 0.13346477005475965, 0.0, 0.0, 0.0, 0.0, 0.0, 0.13232255987825314, 0.0, 0.0, 0.018256716496409364, 0.2271840808817287, 0.0, 0.06670255401430647, 0.0, 0.0, 0.1207620931718697, 0.0, 0.0, 0.0, 0.0, 0.0, 1.0, 0.0, 0.0, 0.0, 0.0, 0.0, 0.17777076091234312, 0.0, 0.014244255800624162, 0.11046554033605083, 0.0, 0.0, 0.14228196183157105, 0.0, 0.0, 0.027618907668387926, 0.0, 0.0, 0.0, 0.0, 0.0, 0.0, 0.17434327789043536, 0.0, 0.032985978621527856, 0.0, 0.0, 0.3602417887168001, 0.0, 0.0, 0.0, 0.283833892553387, 0.0, 0.0, 0.0, 0.0], [0.0, 0.0, 0.0, 0.0, 0.0, 0.0, 0.12398735023113328, 0.0, 0.0, 0.0, 0.0, 0.10038320811404045, 0.0, 0.0, 0.0, 0.02751904042735598, 0.0, 0.06724740458826728, 0.0, 0.0, 0.0, 0.0, 0.0, 0.0, 0.0, 1.0, 0.0, 0.0, 0.0, 0.0, 0.0, 0.03720732432855178, 0.0, 0.0, 0.0, 0.08813004342984332, 0.0870841038050384, 0.10328496268955589, 0.0, 0.0, 0.04281367654995816, 0.0, 0.0, 0.011100474275379635, 0.0, 0.0, 0.0, 0.0, 0.33403947882026763, 0.0, 0.0, 0.05045242135040995, 0.0, 0.0, 0.0, 0.016379787574485882, 0.0, 0.0, 0.0, 0.0], [0.0, 0.0, 0.0, 0.0, 0.23923355813513247, 0.0, 0.0, 0.0, 0.0, 0.007635125496557538, 0.0, 0.07848916862491917, 0.0, 0.0, 0.0, 0.0, 0.0, 0.0, 0.0, 0.0, 0.0, 0.0, 0.0, 0.0, 0.0, 0.0, 1.0, 0.0, 0.0, 0.0, 0.0, 0.055646521483374234, 0.0, 0.02734118763310589, 0.0, 0.0, 0.15850039111124592, 0.023103497834061848, 0.0, 0.0, 0.0, 0.04217941297082761, 0.0, 0.0, 0.0, 0.0, 0.03520171864569166, 0.0, 0.0, 0.0, 0.0, 0.16568976522698486, 0.0, 0.0, 0.0, 0.16903325907403732, 0.0, 0.0, 0.0, 0.0], [0.0, 0.0, 0.0, 4.36565255468313e-06, 3.290643945219607e-06, 0.02524004081122211, 2.5576791407577737e-05, 0.0, 0.0, 0.0, 0.0, 0.4343185622318182, 4.008391196297367e-06, 0.005056137090607815, 0.0, 0.0, 0.0, 0.0, 0.0, 0.0, 0.0, 0.0, 0.0, 0.0, 0.0, 0.0, 0.0, 1.0, 0.0, 0.0, 6.697158979052098e-06, 0.10870955253830761, 0.0, 4.21189265475963e-06, 1.850415206205991e-05, 0.04514052831752069, 0.0, 0.10100131754282637, 0.0, 0.0, 0.06599032852994813, 0.003820163683441069, 0.09750199473238441, 9.326597392167457e-06, 0.0, 0.00024051651414724873, 3.261853556546512e-05, 0.0, 0.10846010392752747, 0.0, 0.0, 0.0, 0.0, 7.073056447204351e-07, 0.0, 0.050970959303717756, 0.0, 0.0, 1.6992607421162376e-07, 0.0], [0.0, 0.0, 9.305059399200566e-05, 0.0015779230809436218, 4.503374808018101e-05, 0.00019907620883952148, 0.005807557511978478, 0.0, 0.0010049196756938272, 9.82797648307887e-06, 0.0, 8.279225005258795e-05, 0.0005546352466091475, 0.0004816606869423312, 0.0, 0.00054107539862569, 0.0, 0.0, 0.0035744391567472666, 0.0, 0.13462425405083578, 0.0, 0.0, 0.0, 0.0, 0.0, 0.0, 0.0, 1.0, 0.0, 0.9641187615185396, 0.0, 0.010474730836747326, 0.10426134109926966, 0.10597834904597081, 0.0013674467297604131, 0.002762115984492608, 0.11768263144157842, 0.0, 0.28133432010881176, 0.0, 0.005482932043462618, 0.03766634475176345, 0.04061951877789327, 0.0, 0.0, 0.10557878970748968, 0.0, 0.8554512149801685, 0.0, 0.012988601024568225, 0.0653640383889098, 0.0, 0.0, 0.0, 0.005145052893135826, 0.0, 0.002301295627036626, 0.005497342087847024, 0.0], [0.0, 0.0, 0.0, 0.0, 0.0, 0.21250044035949, 0.003540594492504212, 0.0, 0.0, 0.0, 0.0, 0.0, 0.16009260044191798, 0.023100427903345433, 0.0, 0.0, 0.0, 0.09526715405557329, 0.01434334818822336, 0.0, 0.23551962234896506, 0.0, 0.0, 0.0, 0.0, 0.0, 0.0, 0.0, 0.0, 1.0, 0.0, 0.3185157358300721, 0.004921865730056041, 0.0, 0.0, 0.037734579172432836, 0.0, 0.04606681908404453, 0.0, 0.0, 0.0, 0.025777089658041152, 0.0, 0.0884037020233478, 0.0, 0.0, 0.0, 0.0, 0.0, 0.0, 0.0, 0.20739513383393815, 0.0, 0.0, 0.0, 0.0, 0.0, 0.0, 0.0, 0.0], [0.0010776194201111977, 0.0, 0.11731011262334778, 0.04212809387712224, 0.0465261663542893, 0.0008662717573078016, 0.0235240867514529, 0.0, 0.059585506057521886, 0.09046512013986285, 0.0, 0.014052501983939258, 0.049464191610818276, 0.06826338486326844, 0.0, 0.06177966369903154, 0.0, 0.016454640997074277, 0.03752978255216022, 0.0, 0.14527086985140536, 0.020624517414162824, 0.02302134264004696, 0.0, 0.17777076091234312, 0.0, 0.0, 6.697158979052098e-06, 0.9641187615185396, 0.0, 1.0, 0.015372884400478015, 0.014375496445757086, 0.15310578584630286, 0.14684622940603853, 0.009983022979653033, 0.08768914996005117, 0.14784621106638574, 0.03955448755560276, 0.3039383663057572, 0.01886770353819578, 0.00037657267021107277, 0.07367615576215603, 0.0896686726152719, 0.0, 0.02784490288671715, 0.16543304225225963, 0.08521260195721947, 0.8364633418453113, 0.005848242529772674, 0.0, 0.1693737605926121, 0.12463056907218384, 0.0012576139512180395, 0.11075114515939222, 0.06063895193606883, 0.0, 0.0, 1.9672557829752968e-05, 0.0], [0.0, 0.0, 0.5309044575244046, 0.3874610168085869, 0.8155565840420356, 0.4303487180849117, 0.7121294152010789, 0.0, 0.7840760833229339, 0.8110011094550312, 0.32537992001727956, 0.28410143613325944, 0.7014854651064635, 0.5690686403362024, 0.0, 0.8978158594898794, 0.0, 0.877285231466326, 0.15894429781526498, 0.0, 0.9068616991878643, 0.0018097041977512829, 0.01043543525580748, 0.0, 0.0, 0.03720732432855178, 0.055646521483374234, 0.10870955253830761, 0.0, 0.3185157358300721, 0.015372884400478015, 1.0, 0.0017188262867680049, 0.8462653182065188, 0.7169688462793967, 0.060583412141198556, 0.7353870707098792, 0.7025103819818357, 0.0, 0.47504128719453487, 0.8823167503924809, 0.010972834598699688, 0.8625478051527319, 0.753698523151191, 0.0, 0.0, 0.870547044280287, 0.0, 0.31278799144564406, 0.0, 0.0, 0.7383056545357538, 0.0, 0.0, 0.0, 0.029049480835830588, 0.0, 0.0, 0.00021033745868748177, 0.0], [8.634652063710391e-05, 0.0, 0.14737259164686667, 0.020267579064209063, 0.0027751852386834752, 0.0012945935342181247, 0.21829741000781555, 0.994418643393945, 0.10069695253170363, 0.012504703792376004, 0.0, 0.6544479178105124, 0.05572933105963296, 0.00861653820040753, 0.0, 0.0067166949286459054, 0.0, 0.004067470434689691, 0.5639360927739779, 0.0, 0.0036865927796232434, 0.029227038137008, 0.009414299077110999, 0.00141578906614237, 0.014244255800624162, 0.0, 0.0, 0.0, 0.010474730836747326, 0.004921865730056041, 0.014375496445757086, 0.0017188262867680049, 1.0, 0.0065343620786860734, 0.38267815877875333, 0.012439634858030235, 0.21569304583323223, 0.14970941916476854, 0.0, 0.41108788509027283, 0.0013426491899927173, 0.045909084352944385, 0.005826310041542215, 0.021558428734667734, 0.0, 0.0, 0.005125014970443931, 0.0, 0.010361872012506934, 0.0, 0.020618876172983636, 0.017638583523570284, 0.01142336587862225, 0.00010776468709683407, 0.0, 0.1427813338206233, 0.0, 0.0, 0.04576059528539633, 0.013767782650486615], [0.021606648429469355, 0.0, 0.7260978227643747, 0.4409560120656638, 0.9258418801615832, 0.08682275973875642, 0.7380720666890929, 0.0014301575623869578, 0.892284337275662, 0.7897125825287888, 0.04005318312410466, 0.1645981012916219, 0.837779585987671, 0.6324188078772917, 0.007189489800027871, 0.9054455620323069, 0.0, 0.9702947737402452, 0.20928670845033015, 0.0, 0.9063931247348133, 0.0, 0.021488129927843325, 0.08294459492303419, 0.11046554033605083, 0.0, 0.02734118763310589, 4.21189265475963e-06, 0.10426134109926966, 0.0, 0.15310578584630286, 0.8462653182065188, 0.0065343620786860734, 1.0, 0.8262742951956049, 0.07541434035672656, 0.8579627328755406, 0.8199386658871772, 0.0926451077540934, 0.6598622339493465, 0.9402022017668209, 0.001885361302848776, 0.9493434630446851, 0.8198151763132678, 0.033382906574265236, 0.017511864703558255, 0.9608115241894571, 0.030078076820504562, 0.33937939933548233, 0.014387599499772974, 0.0, 0.8457159287562773, 0.018923738239685073, 0.00023001950700529683, 0.06415951793171026, 0.05639136777702136, 0.0, 0.0, 0.00021532158356085684, 0.24599431842094432], [0.000193599114234555, 0.0, 0.6576501563881796, 0.4423325138442875, 0.8153724107974929, 0.042176904214549116, 0.7197601901887984, 0.3698714097599425, 0.7719797137232273, 0.6689300955386781, 0.0, 0.37028836637543583, 0.7581181420123528, 0.5498408314484222, 0.018501811900769716, 0.7878448304667922, 0.0, 0.7815838627515485, 0.49942267532834883, 0.0, 0.7884027418456906, 0.07570217631772069, 0.0, 0.05848812423612493, 0.0, 0.0, 0.0, 1.850415206205991e-05, 0.10597834904597081, 0.0, 0.14684622940603853, 0.7169688462793967, 0.38267815877875333, 0.8262742951956049, 1.0, 0.12774115076688553, 0.911689178450695, 0.8608558576490696, 0.33565906321311134, 0.6547020898321364, 0.8184028942885495, 0.19510812608347028, 0.8138829400280737, 0.7612807555930649, 0.024242724702486895, 0.07693505839970494, 0.8012757433406497, 0.0, 0.3036463747437921, 0.06496654606771901, 0.0, 0.7417166952085229, 0.0, 0.02700757246736274, 0.12985639272851746, 0.23759351597387357, 0.02842389802795431, 0.0, 0.1961871313482546, 0.0], [0.9551613189707842, 0.0, 0.15025011743166583, 0.34167312209398526, 0.0629043539313211, 0.011600140593532204, 0.17979861866542235, 0.06551786822833339, 0.09722704252379011, 0.047046676254822395, 0.0, 0.034802984560495465, 0.0953070558851572, 0.05366136289685153, 0.0, 0.14424257855468003, 0.016913668132691018, 0.053513542274668424, 0.07148997936258428, 0.0, 0.11642017683833439, 0.03100100013003715, 0.007502112228929936, 0.0, 0.0, 0.08813004342984332, 0.0, 0.04514052831752069, 0.0013674467297604131, 0.037734579172432836, 0.009983022979653033, 0.060583412141198556, 0.012439634858030235, 0.07541434035672656, 0.12774115076688553, 1.0, 0.1329289149021493, 0.28095379164401835, 0.10460996860625238, 0.03973275846032154, 0.14163265759639032, 0.24699623846824648, 0.05323142986000673, 0.091125945785125, 0.0, 0.0, 0.044760121736950986, 0.0, 0.049511033475265975, 0.0, 0.0, 0.13547597320682236, 0.0, 0.0, 0.03837935392713421, 0.2366362317345333, 0.0, 0.007201257832463948, 0.24573335946391317, 0.0], [0.023653788019964206, 0.0, 0.6760275644563283, 0.4432222875685826, 0.8681413427017843, 0.04308756497041266, 0.6962880605939773, 0.20548765246335043, 0.8347490272785991, 0.7545024944097604, 0.0, 0.30845667294654844, 0.7572307703915574, 0.5674263425649897, 0.03590469406592012, 0.8170795511300388, 0.0, 0.8039607305571316, 0.4065771005623504, 0.0, 0.7780771542390024, 0.05882294497707574, 0.011831888499858167, 0.14964554258795149, 0.14228196183157105, 0.0870841038050384, 0.15850039111124592, 0.0, 0.002762115984492608, 0.0, 0.08768914996005117, 0.7353870707098792, 0.21569304583323223, 0.8579627328755406, 0.911689178450695, 0.1329289149021493, 1.0, 0.8818904515533392, 0.3659069861301686, 0.557148897812332, 0.8315141461720148, 0.10762426823751337, 0.835893673586563, 0.7472078127017135, 0.04736515589384649, 0.0, 0.8210036599741252, 0.006747886322894692, 0.25461886936487765, 0.10389907277654864, 0.0, 0.8316254783676814, 0.21029467182459505, 0.001983858325830923, 0.026369630668206523, 0.20471388721714945, 0.00939631650268502, 0.03212931037006439, 0.10090755834356724, 0.02805258082278439], [0.190757433886797, 0.0, 0.6580674944410096, 0.41852823087696867, 0.8097704629582102, 0.06135817964084378, 0.7350624166871903, 0.16101095580891855, 0.7855489860591064, 0.6242256855718015, 0.0, 0.2697484852004136, 0.7617710073271051, 0.5628104483397027, 0.0, 0.7298533992160444, 0.0, 0.7790716874401871, 0.46214057722523294, 0.11037729304401855, 0.7743829765655056, 0.0, 0.0, 0.0522735105808968, 0.0, 0.10328496268955589, 0.023103497834061848, 0.10100131754282637, 0.11768263144157842, 0.04606681908404453, 0.14784621106638574, 0.7025103819818357, 0.14970941916476854, 0.8199386658871772, 0.8608558576490696, 0.28095379164401835, 0.8818904515533392, 1.0, 0.46380366646130744, 0.5911224417097537, 0.7950043198002207, 0.0029254340381277277, 0.7953041618618244, 0.7532180436737297, 0.0, 0.0, 0.7751161033810482, 0.0, 0.34928145506273656, 0.21504743396619042, 0.14698256624320927, 0.8343968559568237, 0.028390385228699078, 0.09193392389894617, 0.0, 0.03989005585081695, 0.0, 0.0, 0.003559582081789303, 0.13329586209641375], [0.0, 0.0, 0.15101388438845598, 0.0, 0.16553202338559547, 0.0, 0.0, 0.0, 0.0858475186215708, 0.0, 0.0, 0.0, 0.264995175009179, 0.0, 0.0, 0.0, 0.0, 0.0, 0.33017259383410336, 0.0, 0.0, 0.0, 0.0, 0.0, 0.0, 0.0, 0.0, 0.0, 0.0, 0.0, 0.03955448755560276, 0.0, 0.0, 0.0926451077540934, 0.33565906321311134, 0.10460996860625238, 0.3659069861301686, 0.46380366646130744, 1.0, 0.0, 0.023631157432821626, 0.0, 0.0, 0.0, 0.0, 0.0, 0.0, 0.0, 0.0, 0.0, 0.0, 0.33396142840294774, 0.0, 0.0, 0.0, 0.007819446928201912, 0.0, 0.0, 0.0, 0.0], [0.00016742163397942544, 0.16917532472235397, 0.7257320913447981, 0.40256440508056723, 0.5931519508007116, 0.041225922523395186, 0.5515595525631987, 0.4043299622764749, 0.6835142426733698, 0.5321151518386366, 0.0, 0.3845364110506453, 0.6827157439198221, 0.38696638896244373, 0.0, 0.5571560628798253, 0.34854630124157326, 0.6333290341506012, 0.5499446473948982, 0.026934011936983526, 0.5696265095565408, 0.11781276809554753, 0.0, 0.02802257628697591, 0.027618907668387926, 0.0, 0.0, 0.0, 0.28133432010881176, 0.0, 0.3039383663057572, 0.47504128719453487, 0.41108788509027283, 0.6598622339493465, 0.6547020898321364, 0.03973275846032154, 0.557148897812332, 0.5911224417097537, 0.0, 1.0, 0.5402139686400191, 0.0023859551522020794, 0.630296794908122, 0.5717629298582438, 0.03250062587665681, 0.0, 0.611804465401742, 0.0, 0.4354035458971406, 0.0, 0.0, 0.5840893206766821, 0.0, 0.31045582665055504, 0.14510069261639158, 0.06742935799464167, 0.0, 0.0, 0.01714010317923287, 0.43150373053131985], [0.08972131826105223, 0.0, 0.6092704265693791, 0.46643783872510614, 0.9066848306097467, 0.05187552417935237, 0.7806889753259346, 0.006130611048830614, 0.8695483054696381, 0.7928927498566296, 0.0, 0.1647052222041978, 0.7458339180505424, 0.6321824917507872, 0.0, 0.9245003603621224, 0.0, 0.9530568623801153, 0.18150864659604882, 0.0, 0.942056732594088, 0.045938599173094286, 0.0, 0.0, 0.0, 0.04281367654995816, 0.0, 0.06599032852994813, 0.0, 0.0, 0.01886770353819578, 0.8823167503924809, 0.0013426491899927173, 0.9402022017668209, 0.8184028942885495, 0.14163265759639032, 0.8315141461720148, 0.7950043198002207, 0.023631157432821626, 0.5402139686400191, 1.0, 0.00025209387109159653, 0.9700841059380224, 0.8225159095972882, 0.01590305599193098, 0.0, 0.9300144028150232, 0.0, 0.2719704166848278, 0.0, 0.0, 0.7367427933634523, 0.0, 0.0, 0.0, 0.019504775506753003, 0.0, 0.0, 0.0, 0.0], [0.0, 0.0, 0.0014144874061077228, 0.2872066988327304, 0.010683636671654173, 0.005574063996373169, 0.019331848193738232, 9.340902185595024e-05, 0.001071592696507584, 0.002270058060571678, 0.0, 0.00704711723987006, 0.07046633011236425, 0.08909985695371592, 0.0, 0.09378539424465904, 0.006264636023286307, 0.0027109309180876062, 0.11566461742963063, 0.0, 0.006071010421517253, 0.0, 0.0, 0.007224155109356922, 0.0, 0.0, 0.04217941297082761, 0.003820163683441069, 0.005482932043462618, 0.025777089658041152, 0.00037657267021107277, 0.010972834598699688, 0.045909084352944385, 0.001885361302848776, 0.19510812608347028, 0.24699623846824648, 0.10762426823751337, 0.0029254340381277277, 0.0, 0.0023859551522020794, 0.00025209387109159653, 1.0, 0.0003724608492643444, 0.1461858241806795, 0.0, 0.0, 0.0018282928055248782, 0.004419213374097897, 0.0012590287000392442, 0.0, 0.0, 0.012948061790520993, 0.0, 0.0, 0.0, 0.9392369394995457, 0.0, 0.0, 0.9971826827910718, 0.0], [0.0, 0.0, 0.6663619872094126, 0.45419528896829675, 0.910134982718653, 0.051597609309043335, 0.7460174066989036, 0.0, 0.8937249032266146, 0.8151809185467931, 0.0, 0.17082003081365627, 0.7875367502710986, 0.6220994076755502, 0.0, 0.9156393612570174, 0.0, 0.9536338201699411, 0.24594193300427902, 0.0, 0.9262147269783648, 0.09692721883748079, 0.0, 0.0, 0.0, 0.0, 0.0, 0.09750199473238441, 0.03766634475176345, 0.0, 0.07367615576215603, 0.8625478051527319, 0.005826310041542215, 0.9493434630446851, 0.8138829400280737, 0.05323142986000673, 0.835893673586563, 0.7953041618618244, 0.0, 0.630296794908122, 0.9700841059380224, 0.0003724608492643444, 1.0, 0.860002690328777, 0.048228805831856514, 0.013878372643311931, 0.9435583742041815, 0.0, 0.29455445974935657, 0.07899512347483606, 0.0, 0.7560625460270248, 0.10536498332176891, 0.11393022116503115, 0.04344010923712549, 0.024964557495966266, 0.0, 0.0, 0.004393765463819643, 0.10275693055302593], [9.651635891172461e-06, 0.07143403870297083, 0.6939412931284874, 0.5152027269424998, 0.790320543012045, 0.07065578891116653, 0.8365162701613, 0.0, 0.7995837300971217, 0.718662585566256, 0.0, 0.13683611827659492, 0.7313720749829148, 0.5487066363952513, 0.010344681476617379, 0.8269620940154134, 0.0, 0.8177064167051059, 0.31171278364684274, 0.0, 0.8308233010417237, 0.13889581261526374, 0.0, 0.01974976192592326, 0.0, 0.011100474275379635, 0.0, 9.326597392167457e-06, 0.04061951877789327, 0.0884037020233478, 0.0896686726152719, 0.753698523151191, 0.021558428734667734, 0.8198151763132678, 0.7612807555930649, 0.091125945785125, 0.7472078127017135, 0.7532180436737297, 0.0, 0.5717629298582438, 0.8225159095972882, 0.1461858241806795, 0.860002690328777, 1.0, 0.0010366290917124266, 0.038777368054268235, 0.8272606589427538, 0.0, 0.26116028436693295, 0.1797648856976367, 0.3965168506244092, 0.7703789587845503, 0.08182811527957234, 0.07631192971193568, 0.24365247141875668, 0.16031363477655824, 0.0, 0.02148343166647404, 0.14923385562382308, 0.07141384964843867], [0.0, 0.0, 0.0, 0.0, 0.0046469311539437674, 0.005312578140962754, 0.0, 0.0, 0.0, 0.0, 0.0, 0.0, 0.0, 0.0352048660863048, 0.0, 0.0, 0.0, 0.0, 0.0, 0.0, 0.0, 0.0, 0.0, 0.0, 0.0, 0.0, 0.0, 0.0, 0.0, 0.0, 0.0, 0.0, 0.0, 0.033382906574265236, 0.024242724702486895, 0.0, 0.04736515589384649, 0.0, 0.0, 0.03250062587665681, 0.01590305599193098, 0.0, 0.048228805831856514, 0.0010366290917124266, 1.0, 0.0, 0.0468820075133477, 0.0, 0.0, 0.0, 0.0, 0.0, 0.0, 0.0, 0.0, 0.04076969170923539, 0.0, 0.0, 0.0, 0.0], [0.0, 0.0, 0.0, 0.01815115510953169, 0.01368157174957918, 0.0, 0.10634110301443855, 0.0, 0.0, 0.0, 0.0, 0.0, 0.01666576289183619, 0.14968981879592946, 0.0, 0.0, 0.0, 0.0, 0.0, 0.0, 0.0, 0.0, 0.0, 0.0, 0.0, 0.0, 0.0, 0.00024051651414724873, 0.0, 0.0, 0.02784490288671715, 0.0, 0.0, 0.017511864703558255, 0.07693505839970494, 0.0, 0.0, 0.0, 0.0, 0.0, 0.0, 0.0, 0.013878372643311931, 0.038777368054268235, 0.0, 1.0, 0.13561869413063454, 0.0, 0.0, 0.0, 0.0, 0.0, 0.0, 0.0029407778807896134, 0.0, 0.0, 0.0, 0.0, 0.0007065048102256055, 0.0], [0.0010568425373012058, 0.0, 0.6867428801135125, 0.45503341552282617, 0.8923139635355011, 0.17509620080383403, 0.7539563323589628, 0.0, 0.8529723392348348, 0.8209178644373197, 0.13132725776956655, 0.1834032684779865, 0.7541857823693235, 0.6682150859145074, 0.0, 0.9237072255033913, 0.0, 0.929041517228515, 0.21507766988165933, 0.0, 0.9023949052349532, 0.0, 0.0, 0.0, 0.17434327789043536, 0.0, 0.03520171864569166, 3.261853556546512e-05, 0.10557878970748968, 0.0, 0.16543304225225963, 0.870547044280287, 0.005125014970443931, 0.9608115241894571, 0.8012757433406497, 0.044760121736950986, 0.8210036599741252, 0.7751161033810482, 0.0, 0.611804465401742, 0.9300144028150232, 0.0018282928055248782, 0.9435583742041815, 0.8272606589427538, 0.0468820075133477, 0.13561869413063454, 1.0, 0.07772989181711765, 0.36657469135637655, 0.13025213111527856, 0.0, 0.8129049537926429, 0.0, 0.044326384057026824, 0.04900419693477642, 0.07472221079203811, 0.0, 0.00898527894326806, 0.0019480972772336624, 0.11552669991037345], [0.0, 0.0, 0.09297012471138844, 0.0, 0.07603625074979392, 0.0, 0.08313230555758655, 0.0, 0.06509581184201274, 0.1448203639846879, 0.0, 0.1374086742263012, 0.0, 0.14027592037179093, 0.0, 0.06814540071258368, 0.0, 0.0, 0.0, 0.0, 0.0, 0.0, 0.0, 0.0, 0.0, 0.0, 0.0, 0.0, 0.0, 0.0, 0.08521260195721947, 0.0, 0.0, 0.030078076820504562, 0.0, 0.0, 0.006747886322894692, 0.0, 0.0, 0.0, 0.0, 0.004419213374097897, 0.0, 0.0, 0.0, 0.0, 0.07772989181711765, 1.0, 0.0, 0.0, 0.0, 0.04040235844856854, 0.0, 0.0, 0.0, 0.02200977167995044, 0.0, 0.0, 0.0, 0.0], [0.0003001853232673657, 0.037259343984537674, 0.20598259728282908, 0.1629917017175324, 0.2364332948166482, 0.2216095818425443, 0.27599871233630036, 0.0020104635337793164, 0.25512799100395167, 0.3303031195893982, 0.2081107496742095, 0.22871448217613444, 0.21081937028228737, 0.1757731993739291, 0.10742638698835716, 0.306