"[[1.0, 0.15142883657941553, 0.02752256020609878, 0.23646458972906714, -0.3911241449436307, -0.1857099697422373, -0.0011304793569266725, 0.3731515471254314, -0.09900122353823604, -0.14368098189112555, 0.17023578641434933, -0.10162419767571684, -0.17417052203554517, -0.09688053623854898, -0.0058059553059657265, -0.15444595111736859, -0.0996464700415487, -0.23785298324054116, -0.10104119520789134, 0.00900645113608356, 0.017688432933573806, -0.02769248675092073, -0.015015918878837908, 0.1188908825402929, 0.17017625914247858, -0.02681358158524194, -0.01791269384637606, -0.08967259585147169, 0.09629042522438258, 0.011608233180610439, -0.11741193694880514, -0.08779181232031252, -0.13900202353757707, -0.19878717724159056, -0.14807448578021987, 0.37184265197489763, -0.1326908455425273, -0.06396986001256577, -0.08307776288179358, -0.07105702417034454, -0.11201270199242108, 0.030481020564666395, -0.16088357894882788, -0.22169557980542365, -0.010525981623622727, -0.005356703915141425, -0.28773769319034637, -0.022837802394957807, 0.006725036242135052, 0.019683584039815183, 0.052267435464521395, -0.03271674350392262, -0.02625231581566534, 0.11064743044202763, -0.0348793095059301, -0.04642762998627403, -0.08950056051326327, -0.1711477443996583, -0.2195983807448736, 0.04696229547214137], [0.15142883657941553, 1.0, 0.2704423674913794, 0.5521542480764154, -0.07023235360324631, 0.19033456312656993, 0.2536156147279427, -0.12157219055013102, 0.10030815819076411, 0.05865523877793666, 0.21689958749964144, 0.11015655729150087, -0.04869533372035506, -0.3039036052640176, -0.0016559445859458677, 0.17282566094942842, -0.08433347443541961, 0.023014945910531992, 0.042203234567096515, -0.027798803617532952, -0.15804930386661287, -0.005928279111181212, 0.14932686680429275, -0.044339155833552635, 0.04048399181961859, -0.05661717171889791, 0.009761649085302304, 0.06470614121332563, -0.023704957481108124, -0.171082697719821, -0.09541036534233238, 0.04237328591297529, -0.052473894574533775, -0.0856320199257663, -0.21998573417919376, -0.14355640808855363, -0.25736556879146333, -0.23337331749256363, -0.06646890233083602, -0.0510875549425891, 0.0024069266714974447, -0.13392537218846723, -0.1987271973352982, 0.05941437222150259, -0.054848220326096264, 0.02892048977472328, -0.14437118053474274, -0.08641762645457862, 0.052500241348558796, -0.09569659591429303, 0.2549519532556589, -0.34586776036292655, -0.07142977150873486, -0.248169565470846, -0.13481483935358418, 0.0018466481926172618, -0.08003967020441083, -0.0957377775544741, 0.10126945488090844, -0.06408279044479492], [0.02752256020609878, 0.2704423674913794, 1.0, 0.33126256574942725, 0.4102394170611622, -0.09700217655462984, 0.2501266644210147, 0.0412063564143893, 0.6180284986622878, 0.375390604623725, 0.044745005742165445, -0.05695246377838559, 0.4598998925749701, -0.12312625464215676, -0.1516929761003598, 0.5066066674491858, 0.1130998365501108, 0.32910094323791084, -0.14179967055527554, -0.2802339796032338, 0.3010209641535184, -0.1030748271136861, -0.1898697659869626, -0.25160729390851033, 0.08135505837791146, -0.3260282828245171, -0.18957823962960885, -0.25777361647738517, -0.20753350953712246, -0.4487029937920579, 0.07501850007225042, 0.08984278113178434, -0.13004366779965282, 0.48111844422679606, 0.39643593923881104, 0.07853286469342335, 0.3115290325431803, 0.18865995215362985, 0.03573765810111562, 0.23298024097890002, 0.4924663698447518, -0.3216882438685551, 0.3726079022782851, 0.4508311788521929, -0.1862888186456253, -0.07502142246184129, 0.5271079387730069, -0.037086293005524906, -0.06460785097814892, 0.14895355950566747, -0.1659445912923243, 0.2153687286484397, 0.045672783881497536, -0.14917160079496639, 0.20236556133989514, -0.10758995744159328, -0.015573426261766832, 0.09300948440209156, -0.05866425458763036, 0.2909061515363178], [0.23646458972906714, 0.5521542480764154, 0.33126256574942725, 1.0, 0.03861126283370164, -0.06998595100887783, 0.2611811460586744, -0.27331785045152857, 0.3373184750648295, 0.38888549249661164, -0.03314035552066219, 0.04160333628702717, 0.23949134109348313, -0.12333403770839624, 0.019255726749006108, 0.4074091846335379, -0.014097492924173949, 0.19705338914110593, 0.1593960899761917, 0.06435288000695971, 0.04514430419529447, 0.09857793299252604, -0.06960857502883266, -0.046955133311968655, 0.07087387136284895, -0.064719875860892, -0.1872212041048522, -0.13376536391055227, -0.23478340878880344, -0.15358851312031252, -0.020522350117084587, -0.14182438668006592, -0.4514617824629672, 0.12260988795767447, 0.18556070741091912, 0.1396326542517381, 0.16197329313639264, -0.0930605027173419, -0.07222758975799826, 0.16021600224638488, 0.3119994557297221, 0.2900501675817464, 0.16720958076628878, 0.4269350244393637, -0.1728937494786189, -0.039573603379167155, 0.12738187792491396, -0.19868230875174975, 0.030386148865002016, 0.039111490663953585, -0.04950826001941033, 0.003638773938121287, -0.0768011388908334, -0.08640950352309784, -0.08206816648012016, -0.18575473960362676, -0.0214537940888746, -0.1275492684592039, 0.008967556268399401, -0.13501915543266851], [-0.3911241449436307, -0.07023235360324631, 0.4102394170611622, 0.03861126283370164, 1.0, 0.1783184891009989, 0.5229639878494646, 0.039632451433780025, 0.4771792654580713, 0.3917842447476133, -0.04998144162818119, 0.04932030746155236, 0.5164357812045725, 0.25406050648849055, -0.1079213485917907, 0.37828943049356867, 0.04834270880959357, 0.4566595137806162, 0.22296674235061487, 0.05016514223713042, 0.4151399127048394, -0.2786830691126614, -0.15993503433695966, -0.283812392204259, -0.1109920142596672, -0.1618498856834274, 0.088855838083716, -0.1643560784768121, -0.4131616871991697, -0.18606009210575714, -0.0913630236088856, 0.10387151673016448, -0.32138669048442114, 0.4349495770432157, 0.4323272958578508, -0.2974255176900127, 0.3078102913702899, 0.34146679722255735, 0.22782416623835844, 0.23008497555871232, 0.4422397682114423, -0.2803868414417119, 0.4686614825698354, 0.306115645379886, -0.08966403090424135, -0.039779786708316944, 0.5505212594290949, 0.007012038727115644, -0.08502774411915293, -0.2268264378999758, -0.02704892922561597, 0.435259164193357, -0.02788474980961042, 0.10887173793597293, 0.06562524961447702, -0.05461472055553962, 0.15382599205338932, -0.03385537834609753, -0.3234491342182666, 0.03624712635675609], [-0.1857099697422373, 0.19033456312656993, -0.09700217655462984, -0.06998595100887783, 0.1783184891009989, 1.0, 0.14939061043902924, -0.055626942412294156, 0.08013244524150831, 0.2537556437294468, 0.5954249759532282, 0.13595198713155554, -0.05013540184719956, 0.23858369624169817, -0.012935172189736388, 0.10021662564756151, -0.05468522194784908, 0.13123489404091626, -0.15055228152644973, 0.13102924756569956, 0.011582300897703068, -0.1577235074805856, -0.02381120232249767, -0.030837672516599524, -0.1735408103701137, -0.14191569889990374, -0.09317843139353665, 0.1015799168778535, -0.006181771170809869, 0.3508422721800002, -0.22790961765960627, 0.2812178121303073, -0.23179921378121793, -0.08084234134216217, -0.33197319188453234, -0.08926885685592678, -0.3198759141939458, -0.09469046187914953, -0.09885853949458245, -0.33023396153853835, -0.06330520411628426, -0.15640911803056, -0.26011686656062527, -0.1358877944965906, -0.0031995547723053797, -0.12892241607094945, -0.010388253072443732, -0.1010226500350071, 0.17355427144604874, -0.07447419818347223, -0.0022479733960087955, -0.16244948804298232, -0.07070396237175314, -0.08403914280931124, -0.12303382391750772, -0.004365613069824192, 0.013196130236568404, 0.15807619251984784, 0.07642819313575122, -0.1073949762593438], [-0.0011304793569266725, 0.2536156147279427, 0.2501266644210147, 0.2611811460586744, 0.5229639878494646, 0.14939061043902924, 1.0, 0.3790899777617789, 0.4680978975356074, 0.32429423415368885, -0.075405704712737, 0.20298385380098782, 0.4557851077751064, 0.14090743022115326, 0.03985531057972869, 0.4772022983971005, -0.04728031354468243, 0.4540604270264387, 0.11543218738930361, 0.16593657415595708, 0.44605838429555567, -0.20979519070803843, -0.12669635754458608, -0.3211084116633143, -0.06301596856005198, -0.012897372425718867, -0.06318468311491565, -0.26944149827586106, -0.3126875249321759, -0.11391974627414725, -0.3774072090857057, 0.3710070596421604, -0.03488185161962387, 0.14114497977489782, 0.2638782397632726, -0.12162537640195459, 0.05472173355145349, 0.014003861870870549, -0.1660373856285975, 0.00015978763535084983, 0.43613926906415723, -0.05806013598273685, 0.21734443779573076, 0.37275993263589124, -0.24143836583488598, 0.02400470218170969, 0.2541266039438639, -0.02096395508242499, -0.23722982529855985, -0.20226339986134412, 0.2206413942571802, 0.05155068657834694, -0.16938344728997534, -2.289374062791616e-05, -0.10019080618162812, 0.06572838967146699, -0.03140337417235828, -0.0023640698131048854, -0.0725029060707949, -0.34748870894593575], [0.3731515471254314, -0.12157219055013102, 0.0412063564143893, -0.27331785045152857, 0.039632451433780025, -0.055626942412294156, 0.3790899777617789, 1.0, 0.18793257597869495, -0.0073779941906544355, 0.10893264831123517, 0.19874267364972353, 0.021961767492141515, 0.18945057444269664, 0.030245574821379573, 0.06077977760485853, 0.113724011302197, -0.1399237504827746, -0.00020497685870091154, 0.16437081471344694, 0.05937167237294616, -0.13203129405226077, -0.07371874653721733, -0.07567544028684203, -0.025756604071387468, 0.058568402242839546, -0.14790518186366786, -0.01763452133024379, -0.03866180874302594, -0.21317555057285742, -0.1798476219602696, 0.06856990523676154, 0.36980200097220794, -0.03832006276033373, 0.13052914725584297, 0.22783583271254626, 0.031362555365140876, 0.2016351260637299, 0.08966882074349491, -0.0804653642077644, 0.12093441042360198, -0.21492647389502406, 0.05250060470127116, -0.23497757002413389, -0.06195531005062249, -0.10524492874131797, -0.13219635044244682, -0.021387681077372545, -0.18628585844981727, -0.09648275364448833, 0.02050904760582606, -0.009941906773034637, -0.12114759731656899, -0.15128031519665774, -0.13010494178906473, 0.035786253264669554, 0.03825822616791452, -0.0974707024697481, -0.17546307883544587, -0.2190996353874246], [-0.09900122353823604, 0.10030815819076411, 0.6180284986622878, 0.3373184750648295, 0.4771792654580713, 0.08013244524150831, 0.4680978975356074, 0.18793257597869495, 1.0, 0.5941562412365206, 0.04949377122138232, 0.14823224773060395, 0.48993245961074394, 0.111605175811337, -0.058632213475303674, 0.6244064918822335, 0.08135107724740043, 0.2846327108843648, -0.1326205383404211, 0.12413919374287508, 0.17556461232970733, -0.19211214540083255, -0.2859430839845578, -0.2346247262522949, -0.13472458589909353, -0.26458951603027625, -0.15123727845979484, -0.2739033485903275, -0.2593923732056107, -0.26125627799257156, 0.05117101778350486, -0.011092197330108355, -0.15485418089669367, 0.5242964167443706, 0.39422181141569723, 0.2009828322648326, 0.42102363405008014, 0.21289307246968336, 0.0009408633701896152, 0.10385514994356071, 0.5138451661949558, -0.04434197362010406, 0.40532889875248834, 0.4322558812903845, -0.16110723602796972, -0.04337384590047222, 0.4294262823139964, -0.029526983124350314, -0.4556751008468334, -0.08929237946362867, -0.08076173732452663, 0.12532781457381414, 0.15405529924215822, -0.1760451450491063, -0.1790909396160687, -0.26336046671052316, -0.08602966472191542, 0.1585370848681411, 0.04509206361724638, 0.13397980811178012], [-0.14368098189112555, 0.05865523877793666, 0.375390604623725, 0.38888549249661164, 0.3917842447476133, 0.2537556437294468, 0.32429423415368885, -0.0073779941906544355, 0.5941562412365206, 1.0, 0.12025116609739939, 0.10268859966617838, 0.2948814419620831, 0.30811037875392433, 0.09437786402261616, 0.5182414288473399, 0.10414489253300085, 0.2965705854456485, -0.1648433921921908, 0.11813287666845473, 0.15212047735526435, 0.002865382540609751, -0.10923164890012615, 0.011705011571132129, 0.09522776794509558, -0.3822420612583628, -0.07924070099462499, -0.3459470899443655, -0.23122587136680672, -0.18351238430750438, 0.15384232850700863, 0.22669297713175518, -0.2416042165159351, 0.5073334406278823, 0.37617044195884075, -0.058688858103712604, 0.46944049202408, -0.052062740576999555, -0.0873486484727628, 0.10556660431145093, 0.42285906756347735, 0.07530739886759341, 0.31773749729601986, 0.204171747770303, -0.10214048380140084, -0.24201130851004793, 0.3406425023063908, 0.04877936723042264, -0.0028729677617465033, -0.10857317367537456, -0.34982979152220084, 0.16229094546585354, 0.15219890543005554, -0.346762304773212, -0.08444303939051112, -0.13806668838583525, -0.07507165178644759, -0.023493887974414207, -0.2572495837445581, -0.2036721559450796], [0.17023578641434933, 0.21689958749964144, 0.044745005742165445, -0.03314035552066219, -0.04998144162818119, 0.5954249759532282, -0.075405704712737, 0.10893264831123517, 0.04949377122138232, 0.12025116609739939, 1.0, 0.07006060172745165, -0.23348490906704633, 0.0034052908288290107, -0.09616180218400072, 0.14787491461251445, -0.04878029595712041, -0.19863980084165656, -0.023740410271575252, -0.030725661409795713, -0.3352671912361016, -0.05621316416201694, -0.010624123664598306, -0.09596313756462127, -0.09677583484749142, -0.016561864146455108, 0.1280237439807368, -0.024413424696564157, -0.027402029044570453, 0.12428568843261334, -0.037568554137044075, -0.12488286165180762, 0.04530047217855815, 0.029647987514426766, -0.22080830264388673, 0.028860967924062675, -0.25197578222171546, 0.008900234830641063, -0.05868017748671961, -0.15610192408424517, -0.17164045843410602, -0.11302000295700854, -0.20511549697350673, -0.21859529867250949, -0.07994722948858879, -0.0597925790383278, 0.09601998004628853, -0.0403476992532148, 0.05215664699865097, -0.006818930298041481, -0.23627590046359703, -0.0984927212893596, -0.01693671870141622, -0.018673296738114464, 0.059681623447350174, -0.08891361643819362, -0.08786544761620863, -0.07615950521351844, 0.10591716064995993, -0.09028627341873796], [-0.10162419767571684, 0.11015655729150087, -0.05695246377838559, 0.04160333628702717, 0.04932030746155236, 0.13595198713155554, 0.20298385380098782, 0.19874267364972353, 0.14823224773060395, 0.10268859966617838, 0.07006060172745165, 1.0, 0.033857800897670653, -0.5751654301464839, 0.12610577294649472, 0.347033073710331, -0.008077235829981877, 0.3546156433068939, -0.2239093004462287, 0.11994440939500361, -0.06293001247364916, -0.05403430978722312, 0.0005836844782559636, 0.10782927377763296, -0.09831776693260097, 0.07245412102865267, -0.050818970017639575, 0.17670928878161252, 0.05277191037963935, 0.08163579663028608, 0.05265745687796797, -0.08006699727423805, 0.047099416916537074, -0.06033973299219486, -0.0254063915325613, -0.20695315707792394, -0.1368702389716625, -0.1943814200745575, 0.032351156444020646, -0.14396782170392886, 0.05275734606089044, 0.03520179958845293, -0.2532288155420521, -0.049231262352178895, -0.08398481704468108, -0.11194214076849973, 0.034540737886544104, 0.06029803452901661, -0.3540914894776048, -0.01826413224789447, -0.18406939436006664, -0.33289042935631796, -0.039527815249313925, -0.06722382403096683, -0.08583635605419881, 0.15860984554256152, 0.01532060122305201, 0.057587080208923336, -0.27006059061006016, -0.1851506218724781], [-0.17417052203554517, -0.04869533372035506, 0.4598998925749701, 0.23949134109348313, 0.5164357812045725, -0.05013540184719956, 0.4557851077751064, 0.021961767492141515, 0.48993245961074394, 0.2948814419620831, -0.23348490906704633, 0.033857800897670653, 1.0, 0.09360470304088431, -0.15419712443565348, 0.43231616750557356, 0.020906605430534353, 0.5753485111813504, 0.002988317225115722, -0.14020459183388745, 0.5382565321511137, 0.1259759622898594, -0.1442549525410446, -0.20900524145338517, -0.11660591057127889, -0.300137393474488, -0.255751875240237, -0.24360844330334697, -0.3794223901572391, 0.10387103922373442, -0.139355885537777, 0.257144937203722, -0.006323595840314944, 0.30648804601545443, 0.45594996106692864, 0.149799921611251, 0.1630070307229453, 0.02613153844792815, 0.12086025327408978, 0.22657792276553412, 0.48164276584562105, 0.00025039688078343225, 0.3914535127197607, 0.5171023623267725, -0.27165372250416997, 0.022728690525913753, 0.2944608491254984, -0.11375137314068184, -0.2698130999196524, -0.2714161602936469, -0.09066588835095013, 0.36095334165668436, -0.02329895558361561, 0.04458850768700384, 0.11525499616362844, -0.10246928803616395, 0.24702470703030244, -0.17901077182481484, -0.02841700949738768, 0.18987772286664895], [-0.09688053623854898, -0.3039036052640176, -0.12312625464215676, -0.12333403770839624, 0.25406050648849055, 0.23858369624169817, 0.14090743022115326, 0.18945057444269664, 0.111605175811337, 0.30811037875392433, 0.0034052908288290107, -0.5751654301464839, 0.09360470304088431, 1.0, -0.0409450130863267, -0.1291568544692936, 0.0030851829219091798, -0.19646572963569087, 0.12481835142083586, 0.3028001711470081, 0.04729972143891681, -0.008987321759965194, -0.0018546959176701794, -0.05992659298792247, 0.08957889008445563, -0.12698298270991604, -0.09767812466314263, 0.01650562393806021, -0.30480789613713166, -0.061940054278674994, -0.18986841422333023, 0.25501385906808316, -0.1307155800129014, 0.12458653721498991, 0.0960032568708743, 0.1787195867619914, 0.21618267237627098, 0.19601019860998625, -0.008789814480045344, -0.0254288516572172, 0.14338626185216652, -0.016479647615292636, 0.3174845334888756, -0.12922562613491784, -0.0011019592214565055, 0.038984474947275305, -0.029082880563741975, 0.029528059827040543, 0.1450590701407355, -0.15204277596091265, -0.107521286903427, 0.3031783197946847, -0.10951001294067919, -0.08213888266276936, -0.07545815119586208, -0.11873759703723463, -0.002751120052848499, -0.024795079983089385, 0.06014911163503911, -0.09722306461687147], [-0.0058059553059657265, -0.0016559445859458677, -0.1516929761003598, 0.019255726749006108, -0.1079213485917907, -0.012935172189736388, 0.03985531057972869, 0.030245574821379573, -0.058632213475303674, 0.09437786402261616, -0.09616180218400072, 0.12610577294649472, -0.15419712443565348, -0.0409450130863267, 1.0, -0.0680683850948487, 0.013176951271236526, -0.12993366925004435, 0.010439084258141107, 0.07492275694957029, -0.11255894352110118, -0.045693124981316835, -0.05048562668673906, -0.014903094751228751, -0.10028236238050914, -0.07106696135495438, -0.00287429429044872, -0.02391542595923024, -0.014089637906825159, 0.07199340382048458, -0.004231903550082183, 0.010775472681946119, -0.04058037853697072, -0.0975244745483208, -0.030470925839187313, -0.1676175773113655, -0.0401842555146632, -0.11105950403906739, -0.08429228363492025, -0.11555409340555456, -0.19854565535897395, -0.06568949111275613, -0.05166771746926724, -0.07941761887750909, -0.0024136498597380207, -0.030427754098813375, -0.17910595698101273, 0.023216785771990378, 0.07544011251759197, 0.006346965508050362, -0.10355155793400339, -0.2560464812327894, 0.00037560683086068636, -0.06903123449897852, -0.02207017679237544, -0.08255105292371079, -0.04710201389260904, 0.05239538250959508, 0.08252103391795296, -0.03938605758624347], [-0.15444595111736859, 0.17282566094942842, 0.5066066674491858, 0.4074091846335379, 0.37828943049356867, 0.10021662564756151, 0.4772022983971005, 0.06077977760485853, 0.6244064918822335, 0.5182414288473399, 0.14787491461251445, 0.347033073710331, 0.43231616750557356, -0.1291568544692936, -0.0680683850948487, 1.0, -0.05231989112376523, 0.4702757457104829, 0.06218130821528689, -0.17744699416404575, 0.3688824837982896, -0.24251743386990343, -0.17482617132738287, -0.12741644621070813, -0.13365602982507596, -0.11374900315534009, -0.37233988057820966, -0.1429711238799638, -0.1532866076603454, -0.28669613951278805, 0.12099585639026711, 0.13422303222557908, -0.04953758100828276, 0.6023075194770114, 0.5650576643850669, -0.0010394630667598381, 0.3424137039370492, 0.11706615221849936, -0.2053019109283234, 0.3093768928784697, 0.6996054357853134, 0.04583231162761192, 0.53132405061168, 0.6088750139825223, -0.15130864720239146, -0.050590192331468, 0.6754497870899729, -0.038632341204955845, -0.1832533037591677, -0.20231310467069452, -0.3082658842452288, 0.05510934373674681, 0.029574367408891633, 0.07352586041056952, 0.022215840224372396, -0.1298238656578028, -0.12672292273584018, -0.03637424290745228, 0.04921261995140602, -0.18887546359306207], [-0.0996464700415487, -0.08433347443541961, 0.1130998365501108, -0.014097492924173949, 0.04834270880959357, -0.05468522194784908, -0.04728031354468243, 0.113724011302197, 0.08135107724740043, 0.10414489253300085, -0.04878029595712041, -0.008077235829981877, 0.020906605430534353, 0.0030851829219091798, 0.013176951271236526, -0.05231989112376523, 1.0, 0.017783067866078195, -0.07528083118705453, -0.05663224403522338, -0.0958004240171264, 0.032432329525859616, -0.020507441583348385, -0.022268093017247637, -0.041401682163601405, -0.031211427430672067, 0.0033194028914846907, -0.04204352365242858, -0.023968046036576762, -0.0717151002665053, -0.12473269342995175, -0.09569684929553057, -0.036017530866857994, -0.1561983701435099, -0.1235768275992788, -0.02734579617931665, -0.16873459386318101, -0.19353150012829579, -0.09149059625821465, 0.28170620332962626, -0.15730364186225354, -0.012354852259986115, -0.03535284170180453, -0.2307421540086847, 0.03119736411270624, 0.005855964093909871, -0.047079877565509465, -0.0006417979762771697, 0.05760660604981971, 0.03892590936355722, -0.010580402483011175, -0.14698191665326266, -0.019996166576561114, -0.05014396043689673, -0.022620409579206413, -0.07054284706185632, -0.0749568288997966, -0.028683974282506908, -0.08969607699399318, 0.020670879897656036], [-0.23785298324054116, 0.023014945910531992, 0.32910094323791084, 0.19705338914110593, 0.4566595137806162, 0.13123489404091626, 0.4540604270264387, -0.1399237504827746, 0.2846327108843648, 0.2965705854456485, -0.19863980084165656, 0.3546156433068939, 0.5753485111813504, -0.19646572963569087, -0.12993366925004435, 0.4702757457104829, 0.017783067866078195, 1.0, -0.12516615529251585, -0.005409280725272803, 0.5867787109713875, -0.10639649183519695, -0.20290145884896682, -0.0031432883977455806, -0.15879233670938064, -0.015542518432297925, -0.15206960112961476, -0.2599116750934596, -0.15201649351701452, 0.056778949193627914, -0.25092086864082197, 0.502913399113761, -0.12618570390296302, 0.32185821762526057, 0.38637969852207665, -0.2637135943200546, 0.19264605056716677, 0.1123392705661923, -0.033616668848635456, 0.32966931244072917, 0.5599041281182005, -0.014331404865815411, 0.19141452311131646, 0.5088581480304827, -0.2190795524508482, -0.0013659062083375417, 0.4037143424232281, -0.1316424831766887, 0.027759901628815142, -0.02778937731848763, -0.18242442918421387, 0.2706295000012936, -0.028410740686946045, 0.04491301856181584, 0.01208928543726473, 0.14249595390430125, -0.0809688620456559, -0.19034580134886614, -0.2292100651046085, 0.14979120772046695], [-0.10104119520789134, 0.042203234567096515, -0.14179967055527554, 0.1593960899761917, 0.22296674235061487, -0.15055228152644973, 0.11543218738930361, -0.00020497685870091154, -0.1326205383404211, -0.1648433921921908, -0.023740410271575252, -0.2239093004462287, 0.002988317225115722, 0.12481835142083586, 0.010439084258141107, 0.06218130821528689, -0.07528083118705453, -0.12516615529251585, 1.0, -0.10702692006959702, -0.009283998247082925, -0.042605276869470465, -0.08143986135250936, -0.036438909588406565, 0.14528691843342834, 0.09853974503006291, -0.14768398477083, -0.06896116007912756, -0.28705829340038624, -0.015340571338346765, -0.0783406943556606, -0.3606721174643561, 0.17061737735683224, 0.13033252090207248, 0.3056230205796926, -0.2549131500363986, 0.2034603560433076, 0.4673889152051356, 0.25021834818967115, 0.42768554902908584, 0.018316126815049905, 0.04685312700689015, 0.3035799433829558, 0.25364064768745687, 0.03750647016107944, -0.12111963980106677, 0.25138789869972467, -0.11962217988124291, 0.05742110310766091, -0.09808334164211963, 0.2274799583977687, 0.3957679657550549, -0.1651965642946951, 0.3351347812869996, -0.22327816768740272, -0.012207336026414106, -0.035097426527980646, -0.263121196128981, 0.1589716492614981, -0.13574334913289698], [0.00900645113608356, -0.027798803617532952, -0.2802339796032338, 0.06435288000695971, 0.05016514223713042, 0.13102924756569956, 0.16593657415595708, 0.16437081471344694, 0.12413919374287508, 0.11813287666845473, -0.030725661409795713, 0.11994440939500361, -0.14020459183388745, 0.3028001711470081, 0.07492275694957029, -0.17744699416404575, -0.05663224403522338, -0.005409280725272803, -0.10702692006959702, 1.0, -0.2837431307465905, 0.010743777233256258, 0.059134078726253314, -0.1131623731242124, 0.007037845782574048, 0.059502453647037545, -0.017864243094354082, -0.011081559376776129, 0.08370887136412664, -0.08678085221186893, -0.0038820610487861895, -0.11594147375655628, -0.11973265761746998, -0.17711124789175425, -0.18808247436538106, -0.16914263451951328, -0.1696932347885587, 0.04357633639950542, -0.06926986492288201, -0.021060815668260124, -0.14024161361826337, 0.06922768716140715, -0.14618034112739164, -0.19105906789028038, -0.08814433104838937, -0.08696322582719285, -0.3092442446991328, -0.06990463707729178, -0.07603749357545375, -0.015564511123369984, 0.11984710252780317, -0.05495275323027227, -0.12548074461301373, -0.07787313405094931, -0.017318222664895133, 0.0018027543469273377, -0.06497829280807244, -0.11206642540350087, -0.01890628398009553, -0.017159226310035747], [0.017688432933573806, -0.15804930386661287, 0.3010209641535184, 0.04514430419529447, 0.4151399127048394, 0.011582300897703068, 0.44605838429555567, 0.05937167237294616, 0.17556461232970733, 0.15212047735526435, -0.3352671912361016, -0.06293001247364916, 0.5382565321511137, 0.04729972143891681, -0.11255894352110118, 0.3688824837982896, -0.0958004240171264, 0.5867787109713875, -0.009283998247082925, -0.2837431307465905, 1.0, -0.18373021523200705, -0.19623462131768887, -0.16757290699590466, -0.08211764959021162, -0.11616132553829028, -0.11643452290168144, -0.151124804164384, 0.08215939187868171, 0.12954043144181848, -0.0015382823163223591, 0.5885399284502659, -0.14649711609903804, 0.39087394948916, 0.4879845058447789, 0.08571063801471912, 0.20869333803197432, 0.23959815016479213, -0.14450946476601945, 0.2886941601021664, 0.64244876856553, -0.12960872843876747, 0.46127450209616017, 0.49334064123948695, -0.11462682619600417, -0.0703885880580164, 0.47389250617796064, -0.10615041624728438, 0.18779654667554424, -0.14733292480919835, 0.0500848932681176, 0.46781514304906535, -0.19965845303678065, 0.13383673695610854, -0.0812016366259356, -0.07894075954585444, 0.05349204744664693, -0.12666827369734768, -0.24383199694741453, -0.002574284564291318], [-0.02769248675092073, -0.005928279111181212, -0.1030748271136861, 0.09857793299252604, -0.2786830691126614, -0.1577235074805856, -0.20979519070803843, -0.13203129405226077, -0.19211214540083255, 0.002865382540609751, -0.05621316416201694, -0.05403430978722312, 0.1259759622898594, -0.008987321759965194, -0.045693124981316835, -0.24251743386990343, 0.032432329525859616, -0.10639649183519695, -0.042605276869470465, 0.010743777233256258, -0.18373021523200705, 1.0, -0.08363814655669644, 0.0025988313537871344, 0.08891464697147289, 0.006529993806694612, 0.04927017058647276, -0.005024045069484728, 0.0549073052451845, 0.03225445403995375, 0.06346582438890669, 0.07288259108086692, 0.0885358204576, -0.2211030690184863, -0.13018209884620058, 0.035487396966233375, -0.1381261702555503, -0.34558103081973535, 0.10512342346326153, 0.03712067767396976, -0.07745236048183424, -0.11083147804639815, -0.07209583632489625, -0.03338012505124044, 0.05681697731848245, -0.1019274781233177, -0.26917660343937455, 0.010849182941749413, 0.003266257566823083, -0.017714990801602548, -0.1662560581624859, -0.010257526622996282, 0.015733208918200514, 0.03642543155630784, 0.02931663822332109, -0.125995086983421, -0.01199538559259028, 0.036319270308925566, -0.04333721706207361, -0.06264340272668223], [-0.015015918878837908, 0.14932686680429275, -0.1898697659869626, -0.06960857502883266, -0.15993503433695966, -0.02381120232249767, -0.12669635754458608, -0.07371874653721733, -0.2859430839845578, -0.10923164890012615, -0.010624123664598306, 0.0005836844782559636, -0.1442549525410446, -0.0018546959176701794, -0.05048562668673906, -0.17482617132738287, -0.020507441583348385, -0.20290145884896682, -0.08143986135250936, 0.059134078726253314, -0.19623462131768887, -0.08363814655669644, 1.0, -0.041022746890312156, -0.03520891966303896, 0.08279063879571247, 0.10641223526483823, 0.06457024593666316, -0.04294495724256531, 0.07098134657659727, 0.14232187117240813, 0.027507682182100313, 0.10851057715954959, -0.19483612144216056, -0.27399091955408617, 0.1106967837994568, -0.20650751918204535, -0.2975354262625063, 0.037366416161649596, -0.17150647718724343, -0.3218660232984343, -0.032937555199331614, -0.19662500977451036, -0.3657748555364315, -0.025006848515119362, -0.08851208135785504, -0.3453152336949792, -0.016985854041756454, -0.008800456715481797, 0.056630473677229065, -0.030555098603021857, -0.36271283266614085, -0.07635595029686648, 0.05428325809342993, -0.0087652453152689, 0.10746666141090022, -0.03627237514744652, -0.04057031867245109, 0.02166758675943381, -0.1243907597499736], [0.1188908825402929, -0.044339155833552635, -0.25160729390851033, -0.046955133311968655, -0.283812392204259, -0.030837672516599524, -0.3211084116633143, -0.07567544028684203, -0.2346247262522949, 0.011705011571132129, -0.09596313756462127, 0.10782927377763296, -0.20900524145338517, -0.05992659298792247, -0.014903094751228751, -0.12741644621070813, -0.022268093017247637, -0.0031432883977455806, -0.036438909588406565, -0.1131623731242124, -0.16757290699590466, 0.0025988313537871344, -0.041022746890312156, 1.0, 0.10207570127930798, -0.031684873698768046, -0.06402163824054918, 0.009393344101308876, 0.13110805111384327, 0.023499814434711386, -0.03955399931091752, -0.024156859474509185, 0.05636454662896595, 0.11998495509649776, 0.023911440229797964, -0.17274769005894464, 0.2756021629650627, 0.07282469903206445, 0.05854342072352492, 0.029361427090906056, -0.09166500031770775, 0.034927788138040095, -0.0849408775776499, -0.07997883197365696, -0.03332668213197221, 0.0009771459627356816, -0.26273715366515615, 0.012299235440197731, -0.08398023335618077, -0.04491277123049198, -0.06232218079144536, 0.03048714930665708, 0.07418406590117232, -0.001506397211498589, -0.02854787695137051, -0.2135596500817718, 0.0014423832708942985, 0.05200214874528686, -0.08843681576736184, 0.03384450502784475], [0.17017625914247858, 0.04048399181961859, 0.08135505837791146, 0.07087387136284895, -0.1109920142596672, -0.1735408103701137, -0.06301596856005198, -0.025756604071387468, -0.13472458589909353, 0.09522776794509558, -0.09677583484749142, -0.09831776693260097, -0.11660591057127889, 0.08957889008445563, -0.10028236238050914, -0.13365602982507596, -0.041401682163601405, -0.15879233670938064, 0.14528691843342834, 0.007037845782574048, -0.08211764959021162, 0.08891464697147289, -0.03520891966303896, 0.10207570127930798, 1.0, -0.07836801143436833, -0.044667971863132205, 0.05936406171637654, -0.03878205023132586, -0.009891772255565812, 0.23785667898253982, -0.1446702841754699, 0.10657585290921545, -0.02784473521988895, -0.16997734323641023, -0.19202491131052346, 0.011644630548774071, -0.08576821811065805, -0.2105231943972432, 0.018212921893526746, -0.23882035278177716, -0.03200765092493629, -0.1837528053055304, -0.2527057902503973, -0.13351842358829846, -0.03047913583627304, 0.033310126658421146, -0.042243616698081965, -0.0017109156181258633, -0.0572809205027196, -0.05905950473965804, 0.2025938069824461, -0.004051772382841268, -0.09250672209885225, -0.05654029505123037, 0.25458861950139067, -0.019034434121394828, 0.06658420373690821, -0.14493655488378554, 0.040773739802484554], [-0.02681358158524194, -0.05661717171889791, -0.3260282828245171, -0.064719875860892, -0.1618498856834274, -0.14191569889990374, -0.012897372425718867, 0.058568402242839546, -0.26458951603027625, -0.3822420612583628, -0.016561864146455108, 0.07245412102865267, -0.300137393474488, -0.12698298270991604, -0.07106696135495438, -0.11374900315534009, -0.031211427430672067, -0.015542518432297925, 0.09853974503006291, 0.059502453647037545, -0.11616132553829028, 0.006529993806694612, 0.08279063879571247, -0.031684873698768046, -0.07836801143436833, 1.0, 0.09419725722138073, 0.0025342676701679556, -0.0725194497359758, 0.014836909110290675, -0.08512284356087219, -0.06143794193112195, 0.08437977230338545, -0.1985992926042115, -0.2585993629203662, 0.12068472783824513, -0.04822089656449524, 0.01647764799546858, -0.1565373255335325, -0.052657359397211057, -0.06459691869130091, 0.05420049028260465, -0.24845364514938995, -0.13412573993738208, -0.04730498634759073, 0.047447801877035234, -0.19111535357954645, -0.07932822428147102, 0.17830236331684202, -0.07386916532124532, -0.05293343005793849, -0.08917630051446235, -0.037110225427777754, -0.009674613413888533, -0.06836330632771648, 0.04035520516100655, -0.005622702073220021, 0.14448645681157246, 0.037646832200219915, -0.02344011225935727], [-0.01791269384637606, 0.009761649085302304, -0.18957823962960885, -0.1872212041048522, 0.088855838083716, -0.09317843139353665, -0.06318468311491565, -0.14790518186366786, -0.15123727845979484, -0.07924070099462499, 0.1280237439807368, -0.050818970017639575, -0.255751875240237, -0.09767812466314263, -0.00287429429044872, -0.37233988057820966, 0.0033194028914846907, -0.15206960112961476, -0.14768398477083, -0.017864243094354082, -0.11643452290168144, 0.04927017058647276, 0.10641223526483823, -0.06402163824054918, -0.044667971863132205, 0.09419725722138073, 1.0, 0.06845056464339838, 0.13118575718245917, 0.01787158319396087, -0.02821831653373752, 0.03125744402664021, -0.06451678732316513, -0.08736332779110412, -0.1550355598137969, -0.11369157218978176, -0.011035347072447355, -0.01694538102816745, 0.020395250122639208, -0.1415406679109661, -0.20009155921333122, 0.05150179708810565, -0.1100183685373044, -0.2992296333258171, -0.060276362464345645, 0.007110520802882991, -0.08306395777256737, -0.008756316605797787, -0.08101232230722855, -0.015245911761084807, 0.06112163805440629, 0.03647290023098049, -0.006266449936383811, -0.038657556132349224, -0.04960108588864043, 0.051287870738132346, -0.008068546041827274, -0.002746176298241032, -0.1861194925297882, -0.05685839410540705], [-0.08967259585147169, 0.06470614121332563, -0.25777361647738517, -0.13376536391055227, -0.1643560784768121, 0.1015799168778535, -0.26944149827586106, -0.01763452133024379, -0.2739033485903275, -0.3459470899443655, -0.024413424696564157, 0.17670928878161252, -0.24360844330334697, 0.01650562393806021, -0.02391542595923024, -0.1429711238799638, -0.04204352365242858, -0.2599116750934596, -0.06896116007912756, -0.011081559376776129, -0.151124804164384, -0.005024045069484728, 0.06457024593666316, 0.009393344101308876, 0.05936406171637654, 0.0025342676701679556, 0.06845056464339838, 1.0, 0.0426021785012346, 0.02550779755657795, 0.006498504138008232, -0.01571576356382076, -0.10255330263699136, -0.2747024470527901, -0.3256956514784597, 0.1348278981765575, -0.3423253565285367, 0.0046028654794959545, -0.04689345794352029, -0.1713251220466261, -0.05275330523907673, 0.0067355523322214506, -0.008970355533113983, -0.2870378730134937, -0.027923712277665214, 0.04308190243688215, -0.17604407283206114, 0.01992807804079788, 0.0367400913384881, 4.940970455313831e-05, 0.009923657747937908, -0.2112113309741499, -0.008136788106994475, 0.017722276247023827, -0.0040618821244000625, 0.03170172428717999, -0.07365373363521033, -0.03637790240645811, -0.059969803883142214, -0.09418408658617738], [0.09629042522438258, -0.023704957481108124, -0.20753350953712246, -0.23478340878880344, -0.4131616871991697, -0.006181771170809869, -0.3126875249321759, -0.03866180874302594, -0.2593923732056107, -0.23122587136680672, -0.027402029044570453, 0.05277191037963935, -0.3794223901572391, -0.30480789613713166, -0.014089637906825159, -0.1532866076603454, -0.023968046036576762, -0.15201649351701452, -0.28705829340038624, 0.08370887136412664, 0.08215939187868171, 0.0549073052451845, -0.04294495724256531, 0.13110805111384327, -0.03878205023132586, -0.0725194497359758, 0.13118575718245917, 0.0426021785012346, 1.0, -0.030612876434453318, 0.39726872261714896, 0.027517981360827504, 0.0974075542563334, -0.1639516596376389, -0.09398657369150332, -0.05695638672752246, -0.18640811129167978, -0.06599537733850758, -0.0682316625031012, -0.056100526459783584, -0.17226707306546474, -0.07913928384856361, -0.21561168587293666, -0.14507569990672797, 0.028839560631245376, -0.025759718263163256, -0.13507278856383564, -0.1090164917508929, 0.2710995614102252, -0.08224341815619463, 0.1424864929882681, -0.19920645195703113, -0.11159847390200683, 0.06215549912555152, -0.09204428407973331, 0.07177261108480404, -0.025501702352938027, 0.09858112248855533, 0.17197773140953498, -0.10340937558515861], [0.011608233180610439, -0.171082697719821, -0.4487029937920579, -0.15358851312031252, -0.18606009210575714, 0.3508422721800002, -0.11391974627414725, -0.21317555057285742, -0.26125627799257156, -0.18351238430750438, 0.12428568843261334, 0.08163579663028608, 0.10387103922373442, -0.061940054278674994, 0.07199340382048458, -0.28669613951278805, -0.0717151002665053, 0.056778949193627914, -0.015340571338346765, -0.08678085221186893, 0.12954043144181848, 0.03225445403995375, 0.07098134657659727, 0.023499814434711386, -0.009891772255565812, 0.014836909110290675, 0.01787158319396087, 0.02550779755657795, -0.030612876434453318, 1.0, 0.04322522200159307, 0.030221746702797647, 0.025864872846985798, -0.18140037348827853, -0.30448136615025057, 0.14679601827145916, -0.3696623176072351, -0.1732295303041267, 0.00579840476634097, -0.17227829183107302, -0.33818652557889317, 0.1867087467937032, -0.4166379836620937, -0.1216487591023423, -0.035617176680866613, 0.07325656743195874, -0.166805320099227, -0.04304441981271978, -0.02951096551003407, -0.049907963136175626, 0.18181059353051554, 0.13283198795759266, -0.15044959022027227, -0.05895859843332518, -0.1250409491058131, -0.06496318434871662, -0.03827833122369251, -0.0625377802033451, -0.052879998171591946, 0.05784596352217897], [-0.11741193694880514, -0.09541036534233238, 0.07501850007225042, -0.020522350117084587, -0.0913630236088856, -0.22790961765960627, -0.3774072090857057, -0.1798476219602696, 0.05117101778350486, 0.15384232850700863, -0.037568554137044075, 0.05265745687796797, -0.139355885537777, -0.18986841422333023, -0.004231903550082183, 0.12099585639026711, -0.12473269342995175, -0.25092086864082197, -0.0783406943556606, -0.0038820610487861895, -0.0015382823163223591, 0.06346582438890669, 0.14232187117240813, -0.03955399931091752, 0.23785667898253982, -0.08512284356087219, -0.02821831653373752, 0.006498504138008232, 0.39726872261714896, 0.04322522200159307, 1.0, -0.30076242744586046, 0.06506459822854604, 0.384078768987437, 0.1552580611234322, -0.005991834703663157, 0.14540295165919148, 0.04766014053663137, 0.018587513724652727, 0.14487858201106818, -0.023543445139396102, -0.1688620213177192, 0.11208753219490541, 0.0092761186192446, 0.020343709288985767, -0.005695022000299366, 0.23482147238950812, 0.05512370023243873, 0.07466756424181953, -0.05020969689551258, -0.10113951624925033, 0.1576000363293808, 0.072545516937915, -0.1869120974322951, 0.041486156229671, -0.3164076228758379, -0.06461789544685459, -0.01576997979272221, -0.1915346305031156, -0.06856793386760662], [-0.08779181232031252, 0.04237328591297529, 0.08984278113178434, -0.14182438668006592, 0.10387151673016448, 0.2812178121303073, 0.3710070596421604, 0.06856990523676154, -0.011092197330108355, 0.22669297713175518, -0.12488286165180762, -0.08006699727423805, 0.257144937203722, 0.25501385906808316, 0.010775472681946119, 0.13422303222557908, -0.09569684929553057, 0.502913399113761, -0.3606721174643561, -0.1