"[[1.0, 0.9999999909538149, 0.9999987677370594, 0.9999994567121119, 0.9999990028759571, 0.999999985922313, 0.9999978429981301, 0.9999999630083615, 0.9999990656474511, 0.9999988001740552, 0.9999999594550015, 0.9999999662146645, 0.9999987952386864, 0.9999996550445645, 0.9820533817805044, 0.9999989341668583, 0.9489808102908273, 0.9999987803084526, 0.9999997338981065, 0.9999999713023504, 0.9999986281926847, 0.9999999921024958, 0.9996757188937607, 0.9999999649656861, 0.9999999991036177, 0.999999972768634, 0.9999997863132228, 0.9999999106510633, 0.9999999855267756, 0.9999999863770214, 0.9999998018043827, 0.9999987512056645, 0.9999983377097121, 0.9999978256634128, 0.999998827506497, 0.9999993310363537, 0.9999996932320798, 0.9999982139702918, 0.9999990329295197, 0.9999987740649812, 0.9999991556916888, 0.9999989810341208, 0.9999986104667478, 0.999998883157587, 0.9999997500537678, 0.9999993550486461, 0.9999991875724323, 0.9999999832344282, 0.9999996977284641, 0.9999986004721463, 0.9999994249172373, 0.999998592996062, 0.9999991930192542, 0.9999997699968259, 0.990635884387248, 0.9999997345856397, 0.9999998532843754, 0.9999996391979614, 0.9999997041102285, 0.999999268439554, 0.9999998482635633, 0.9999998395012131, 0.9999999151670808, 0.9999986726104942, 0.9999988031217781, 0.9999989233275338, 0.9999986675783271, 0.999999133481352, 0.9999978436754444, 0.9999996319933213, 0.9999978665796241, 0.9999986430244749, 0.9999983734991165, 0.9999999809567366, 0.9999984703467695, 0.999999878085994, 0.9999996262408188, 0.999999097103984, 0.9999990567143555, 0.9999996492006624, 0.9999998480392942, 0.9999989502338398, 0.999998224907368, 0.9999996759150875, 0.9999998535865654, 0.9999996653672847, 0.99999994552715, 0.999999951003891, 0.999999999829059, 0.9999999840515763, 0.9999998227866262, 0.9999989197440611, 0.999999900178127], [0.9999999909538149, 1.0, 0.9999989698399411, 0.9999995878660974, 0.9999991837675959, 0.9999999994447263, 0.999998113310699, 0.9999999905465814, 0.9999992404681604, 0.9999989994801762, 0.9999999887095509, 0.9999999921324794, 0.9999989949743191, 0.9999997577154199, 0.9820678285774377, 0.9999991215050426, 0.9490053765888304, 0.9999989813371759, 0.9999998229723759, 0.9999999300337559, 0.9999988419330775, 0.9999999661529217, 0.9996776420389488, 0.9999999915227067, 0.9999999843626631, 0.9999999323339368, 0.9999996893393028, 0.9999998447480287, 0.9999999993640308, 0.9999999551333436, 0.9999998774389828, 0.9999989547201076, 0.999998573903123, 0.999998097096104, 0.9999990244246147, 0.9999994775647789, 0.9999997895396664, 0.999998459125298, 0.999999210937164, 0.9999989756250565, 0.9999993214227506, 0.9999991639945376, 0.9999988256371246, 0.9999990751310857, 0.9999998361031471, 0.9999994987603469, 0.9999993499735784, 0.9999999988156987, 0.9999997932593803, 0.9999988164479605, 0.9999995601164351, 0.9999988095726796, 0.9999993548431869, 0.9999998521739699, 0.9906463754614407, 0.9999998235364027, 0.9999999170956309, 0.9999997444060167, 0.9999997985301566, 0.9999994220840072, 0.9999999133141824, 0.9999999066589327, 0.9999999615214441, 0.9999988827113485, 0.9999990021767504, 0.9999991116563429, 0.9999988780927116, 0.9999993015036142, 0.9999981139442915, 0.9999997383373729, 0.9999981353611311, 0.9999988555527048, 0.9999986070417846, 0.999999998160751, 0.9999986965581888, 0.9999999354545004, 0.9999997334832192, 0.9999992687987276, 0.9999992324085976, 0.9999997528125363, 0.9999999131409567, 0.9999991360742169, 0.9999984692734165, 0.9999997751521157, 0.9999999173253773, 0.999999766353765, 0.9999999808777533, 0.9999999840612939, 0.9999999883352046, 0.9999999990280435, 0.999999893813394, 0.999999108395224, 0.9999999512320257], [0.9999987677370594, 0.9999989698399411, 1.0, 0.9999998608741858, 0.9999999875648472, 0.9999990170783271, 0.9999998714057394, 0.9999991577502483, 0.9999999794136488, 0.9999999997835112, 0.9999991742359067, 0.9999991420256045, 0.9999999998434506, 0.9999997267381866, 0.9822221562001523, 0.9999999938576285, 0.9492622575851096, 0.9999999999574299, 0.999999646898009, 0.9999983629387577, 0.9999999962567252, 0.999998562540273, 0.9996972236921118, 0.9999991482573125, 0.9999987003704395, 0.9999983741389873, 0.9999975277605821, 0.9999980147582386, 0.9999990203577702, 0.9999984949976324, 0.9999995579320557, 0.999999999944923, 0.9999999678783555, 0.9999998671468696, 0.9999999992569701, 0.999999914635785, 0.9999996906285572, 0.9999999487614157, 0.9999999839531788, 0.9999999999918548, 0.9999999634367731, 0.9999999898722127, 0.999999995275228, 0.999999997160921, 0.9999996277445822, 0.9999999057511451, 0.9999999564334803, 0.9999990384326967, 0.9999996860848628, 0.9999999946772484, 0.9999998762828743, 0.9999999942049231, 0.9999999551593409, 0.9999996024859479, 0.9907581279179045, 0.9999996461003134, 0.9999994714143496, 0.9999997405059564, 0.9999996795100001, 0.9999999350971098, 0.9999994808130381, 0.9999994966795549, 0.9999993295443219, 0.9999999982314627, 0.999999999731316, 0.9999999947395929, 0.9999999980402998, 0.9999999678708547, 0.9999998715710796, 0.9999997465497295, 0.9999998771145735, 0.99999999699169, 0.9999999726825786, 0.999999055055873, 0.9999999839349087, 0.9999994210134113, 0.9999997512828287, 0.9999999744431579, 0.9999999807217779, 0.9999997318908818, 0.9999994812353957, 0.9999999926889137, 0.9999999505541229, 0.9999997075444862, 0.9999994708351301, 0.9999997174012589, 0.999999231389334, 0.9999992101716633, 0.9999987389451864, 0.9999990321442076, 0.9999995251324123, 0.9999999949987041, 0.9999993693309386], [0.9999994567121119, 0.9999995878660974, 0.9999998608741858, 1.0, 0.999999931626784, 0.9999996175423231, 0.9999994647687739, 0.9999997032478607, 0.9999999473027603, 0.9999998716291879, 0.9999997130004801, 0.9999996938833634, 0.9999998700096011, 0.9999999775733828, 0.9821659687600887, 0.9999999127062418, 0.9491677274986756, 0.9999998650667328, 0.9999999510572062, 0.9999991782869425, 0.9999998114988395, 0.9999993178091118, 0.9996902547626604, 0.9999996976023953, 0.9999994116798974, 0.9999991862159573, 0.999998561576792, 0.999998926717995, 0.9999996195872674, 0.9999992710365319, 0.9999999148000432, 0.9999998552830217, 0.999999695053035, 0.9999994561169279, 0.99999988046473, 0.9999999934663291, 0.9999999664292997, 0.9999996407869283, 0.9999999393261789, 0.9999998629950198, 0.9999999669552453, 0.99999992582041, 0.9999998048974075, 0.9999998977709019, 0.9999999437666252, 0.9999999956395293, 0.9999999730144947, 0.9999996308207253, 0.9999999649219341, 0.9999998011410045, 0.9999999995476694, 0.999999798316554, 0.9999999740014274, 0.9999999336953973, 0.9907175092724165, 0.9999999507548614, 0.9999998746512637, 0.9999999813902687, 0.9999999627033304, 0.9999999860193514, 0.9999998792022928, 0.9999998867945523, 0.9999998012446387, 0.9999998277378581, 0.999999872581429, 0.9999999096570076, 0.9999998259231021, 0.9999999624296285, 0.9999994651060957, 0.9999999829820665, 0.9999994764828256, 0.9999998169765001, 0.9999997102672855, 0.9999996410893238, 0.9999997502781788, 0.999999849518391, 0.9999999841921186, 0.9999999545747327, 0.999999945171884, 0.9999999790336537, 0.9999998794109494, 0.9999999173433577, 0.9999996456654254, 0.9999999718443584, 0.9999998743664172, 0.9999999748437988, 0.9999997462665349, 0.9999997340219293, 0.9999994375343664, 0.9999996269155511, 0.9999999000713797, 0.999999908628888, 0.9999998226210767], [0.9999990028759571, 0.9999991837675959, 0.9999999875648472, 0.999999931626784, 1.0, 0.999999225755434, 0.9999997789937951, 0.9999993499942906, 0.9999999989724879, 0.9999999906284871, 0.9999993644669842, 0.99999933617116, 0.9999999901863537, 0.9999998308881585, 0.9822053809067492, 0.9999999987554873, 0.949234033675965, 0.999999988788629, 0.9999997669900194, 0.9999986358589206, 0.9999999701792129, 0.9999988174987675, 0.9996951691562501, 0.9999993416516121, 0.9999989421865678, 0.9999986460811724, 0.9999978659952431, 0.9999983165619692, 0.9999992286658002, 0.9999987561657301, 0.9999996937822309, 0.9999999858546653, 0.99999991547157, 0.9999997734215638, 0.9999999929008501, 0.9999999673621982, 0.9999998022424219, 0.9999998858461194, 0.9999999997699709, 0.9999999881931956, 0.999999993647374, 0.9999999998816209, 0.9999999675173665, 0.9999999966054924, 0.9999997513831997, 0.9999999617834768, 0.9999999905494044, 0.999999244695315, 0.9999997986064462, 0.9999999659751457, 0.9999999422935937, 0.9999999647996208, 0.999999989951186, 0.9999997306651026, 0.9907460091147244, 0.9999997663405473, 0.9999996211272444, 0.9999998416809532, 0.9999997933339061, 0.9999999794798875, 0.999999629076772, 0.9999996424694806, 0.9999994997254318, 0.9999999764183769, 0.9999999908767656, 0.9999999984617464, 0.999999975741753, 0.999999995403089, 0.9999997792105559, 0.999999846393764, 0.9999997864979924, 0.9999999723319117, 0.9999999233881486, 0.9999992594188112, 0.9999999432383918, 0.999999578280612, 0.9999998500735894, 0.999999997661926, 0.9999999992523531, 0.9999998349368904, 0.999999629435096, 0.9999999993218486, 0.999999888561101, 0.9999998157198784, 0.9999996206361266, 0.9999998235265856, 0.9999994144790866, 0.9999993959438693, 0.9999989769585188, 0.9999992391194976, 0.9999996663851973, 0.9999999983358095, 0.9999995340082469], [0.999999985922313, 0.9999999994447263, 0.9999990170783271, 0.9999996175423231, 0.999999225755434, 1.0, 0.9999981774345669, 0.9999999945708258, 0.9999992809466349, 0.9999990460252051, 0.9999999931593087, 0.999999995753757, 0.9999990416238229, 0.9999997803393404, 0.9820715165665508, 0.9999991650635984, 0.9490110111884476, 0.9999990283016874, 0.9999998422309122, 0.9999999170253568, 0.9999988920490426, 0.9999999569366237, 0.9996781363596114, 0.9999999953042917, 0.9999999779213107, 0.9999999195320859, 0.9999996625411917, 0.9999998256417173, 0.9999999999972371, 0.9999999446039198, 0.9999998933701284, 0.9999990023079821, 0.9999986295807574, 0.9999981614974048, 0.999999070379882, 0.9999995110457788, 0.9999998105855712, 0.999998517023472, 0.9999992522107688, 0.9999990227290231, 0.9999993596585433, 0.9999992064947223, 0.9999988761123884, 0.9999991198587972, 0.9999998546126808, 0.9999995315415964, 0.9999993873833947, 0.9999999998816859, 0.9999998141158136, 0.9999988671222121, 0.9999995907927739, 0.9999988603946273, 0.9999993921116599, 0.9999998697244405, 0.9906490527086549, 0.9999998427599437, 0.9999999301002991, 0.9999997676580621, 0.9999998191125272, 0.9999994573265838, 0.9999999266208691, 0.9999999204908847, 0.999999970204982, 0.9999989319301605, 0.9999990486525081, 0.9999991554766477, 0.9999989274152082, 0.9999993402965266, 0.9999981780571618, 0.999999761869492, 0.9999981991057686, 0.999998905373695, 0.9999986620584076, 0.9999999996244511, 0.9999987497574294, 0.9999999468639893, 0.9999997572377204, 0.9999993085095322, 0.999999273108032, 0.9999997756706255, 0.9999999264654813, 0.9999991792874316, 0.9999985269822383, 0.9999997969274375, 0.999999930308392, 0.9999997885606433, 0.9999999868291471, 0.9999999894524552, 0.9999999826924143, 0.9999999999396361, 0.9999999086039476, 0.9999991523036431, 0.9999999610710096], [0.9999978429981301, 0.999998113310699, 0.9999998714057394, 0.9999994647687739, 0.9999997789937951, 0.9999981774345669, 1.0, 0.9999983709514496, 0.9999997479311058, 0.9999998606407365, 0.9999983939105779, 0.9999983491112068, 0.9999998623142299, 0.9999992232313002, 0.9822761936806721, 0.9999998095136158, 0.949352673531329, 0.9999998672878216, 0.9999990921265751, 0.9999973167038776, 0.9999999115317202, 0.9999975740655196, 0.9997036434956768, 0.9999983577596205, 0.9999977541588734, 0.999997331048532, 0.9999962714880144, 0.999996875639608, 0.9999981819012063, 0.9999974865532366, 0.9999989524842211, 0.9999998766732183, 0.9999999678244992, 0.9999999999652405, 0.9999998511147086, 0.9999995764958998, 0.9999991631205968, 0.9999999825055168, 0.9999997645067702, 0.999999869350776, 0.9999996977056069, 0.9999997891024252, 0.9999999159600561, 0.999999830363685, 0.9999990615667311, 0.9999995569844339, 0.9999996781408582, 0.9999982065558044, 0.9999991556565665, 0.999999918397484, 0.999999495426134, 0.9999999201877345, 0.9999996746958357, 0.9999990217059938, 0.9907971183231223, 0.9999990908486575, 0.9999988213875785, 0.999999246565733, 0.9999991448964216, 0.9999996237884794, 0.9999988354440119, 0.9999988592668866, 0.9999986136970377, 0.9999998997959111, 0.9999998596189399, 0.9999998141831333, 0.9999999011688806, 0.999999710746093, 0.9999999999999418, 0.9999992568892304, 0.9999999999351854, 0.9999999077134543, 0.9999999626189479, 0.9999982292843204, 0.9999999462201079, 0.9999987466930339, 0.9999992650096329, 0.9999997311935542, 0.9999997525478956, 0.9999992319365953, 0.9999988360757013, 0.9999998027789792, 0.9999999813454477, 0.99999919109545, 0.9999988205233707, 0.9999992075436073, 0.9999984740256949, 0.9999984441851328, 0.9999978049601355, 0.9999981979714185, 0.9999989023107794, 0.999999815684127, 0.9999986711777819], [0.9999999630083615, 0.9999999905465814, 0.9999991577502483, 0.9999997032478607, 0.9999993499942906, 0.9999999945708258, 0.9999983709514496, 1.0, 0.9999994004792497, 0.999999184529925, 0.9999999999184657, 0.9999999999267444, 0.9999991804604906, 0.9999998439771327, 0.9820827548641462, 0.999999294285957, 0.9490298368819743, 0.9999991681379868, 0.9999998953351428, 0.9999998691473034, 0.9999990417355897, 0.999999920926756, 0.9996796179462303, 0.9999999999733917, 0.9999999505953354, 0.9999998723001047, 0.9999995715059653, 0.9999997586784644, 0.9999999948119996, 0.9999999044913908, 0.9999999360618415, 0.9999991440735267, 0.9999987966640926, 0.9999983558821879, 0.9999992070351513, 0.9999996086618946, 0.9999998692924044, 0.9999986910508569, 0.9999993742151119, 0.9999991629803907, 0.9999994721523717, 0.9999993323364706, 0.9999990269093214, 0.9999992526817616, 0.9999999053732529, 0.9999996269747126, 0.9999994972965661, 0.9999999960481548, 0.9999998722219956, 0.9999990185429277, 0.9999996796317712, 0.9999990122804582, 0.9999995015784263, 0.9999999174847909, 0.9906572092687687, 0.9999998957664804, 0.9999999636321716, 0.9999998332615326, 0.9999998763585269, 0.999999560455778, 0.999999961110834, 0.9999999566148635, 0.9999999902124597, 0.9999990787987312, 0.9999991869595628, 0.9999992854736157, 0.9999990746048643, 0.9999994545609533, 0.999998371540098, 0.9999998283525783, 0.9999983914363776, 0.999999054123545, 0.9999988270860705, 0.9999999970462887, 0.9999989091041152, 0.9999999754042518, 0.9999998244168042, 0.9999994256229907, 0.9999993933194486, 0.9999998400381025, 0.9999999609973103, 0.9999993073605478, 0.999998700401556, 0.9999998579056468, 0.9999999637825246, 0.9999998508935375, 0.999999998307943, 0.9999999991578442, 0.9999999578798142, 0.9999999956353969, 0.9999999477258044, 0.9999992825539561, 0.999999984715896], [0.9999990656474511, 0.9999992404681604, 0.9999999794136488, 0.9999999473027603, 0.9999999989724879, 0.9999992809466349, 0.9999997479311058, 0.9999994004792497, 1.0, 0.9999999834191053, 0.9999994143739374, 0.9999993872048041, 0.9999999828372462, 0.9999998561353336, 0.9822002295190148, 0.9999999956233966, 0.9492269081718704, 0.9999999810172795, 0.9999997968025083, 0.9999987094539666, 0.999999958127101, 0.9999988859488644, 0.9996945430796207, 0.9999993924655828, 0.999999006871167, 0.9999987193960717, 0.9999979583009866, 0.9999983984308813, 0.9999992837511354, 0.9999988264001793, 0.9999997281104753, 0.999999977229173, 0.9999998958692995, 0.9999997419820629, 0.9999999864899958, 0.9999999778777736, 0.9999998296327354, 0.9999998632271302, 0.9999999997121256, 0.9999999802244239, 0.9999999977092602, 0.999999998158499, 0.9999999549706069, 0.9999999918638376, 0.9999997822126565, 0.9999999732490089, 0.9999999957345808, 0.9999992991916853, 0.9999998262518892, 0.9999999531591611, 0.999999956613765, 0.9999999517836602, 0.9999999953257019, 0.9999997627965873, 0.9907422854583368, 0.9999997962058351, 0.9999996594257272, 0.9999998660759006, 0.999999821349297, 0.9999999876052827, 0.9999996669706539, 0.999999679646979, 0.999999543886452, 0.9999999655790456, 0.9999999837689704, 0.9999999949572351, 0.9999999647593947, 0.9999999987205634, 0.9999997481629583, 0.999999870409845, 0.9999997559501133, 0.9999999606732102, 0.9999999046874757, 0.999999313380503, 0.9999999270067271, 0.9999996187440022, 0.9999998737878542, 0.9999999997246278, 0.9999999999750999, 0.9999998598642724, 0.9999996672988298, 0.9999999966304367, 0.9999998661886291, 0.9999998421161265, 0.9999996589679391, 0.9999998493390836, 0.9999994623564039, 0.9999994445734538, 0.9999990405652002, 0.9999992938311084, 0.9999997022610618, 0.9999999947029469, 0.9999995766104329], [0.9999988001740552, 0.9999989994801762, 0.9999999997835112, 0.9999998716291879, 0.9999999906284871, 0.9999990460252051, 0.9999998606407365, 0.999999184529925, 0.9999999834191053, 1.0, 0.9999992007498678, 0.99999916905671, 0.9999999999943594, 0.9999997418985862, 0.9822199020423226, 0.9999999959357984, 0.9492586892308894, 0.9999999999106993, 0.9999996641608861, 0.9999984003589457, 0.9999999942420275, 0.99999859759148, 0.9996969473846192, 0.9999991751886201, 0.9999987336881604, 0.9999984114301563, 0.9999975737953154, 0.999998055987886, 0.9999990492559656, 0.9999985308687291, 0.9999995772735006, 0.9999999995101152, 0.9999999623898024, 0.9999998562085821, 0.9999999998421291, 0.9999999230136859, 0.9999997067743158, 0.9999999418860632, 0.9999999874629502, 0.9999999998593314, 0.9999999688445309, 0.999999992615827, 0.9999999930370077, 0.9999999985123597, 0.9999996454753222, 0.9999999145658319, 0.9999999623569326, 0.9999990670607249, 0.9999997023494271, 0.9999999923146415, 0.9999998864128853, 0.9999999917498941, 0.9999999611713746, 0.9999996208157351, 0.9907564997644795, 0.9999996633842909, 0.9999994925840607, 0.9999997552739648, 0.9999996959459614, 0.9999999423745363, 0.9999995017932672, 0.999999517332255, 0.9999993534135423, 0.9999999967778814, 0.9999999999898832, 0.9999999966570168, 0.9999999965221937, 0.9999999729288569, 0.9999998608129181, 0.9999997611425828, 0.9999998665864431, 0.9999999951621639, 0.9999999676061675, 0.9999990834347541, 0.9999999799933994, 0.9999994431795931, 0.9999997657367595, 0.9999999789292192, 0.9999999845899905, 0.9999997469052209, 0.9999995022053687, 0.999999994987127, 0.999999943798179, 0.9999997232352795, 0.9999994920177426, 0.9999997328221935, 0.9999992569639597, 0.9999992360975235, 0.9999987717631542, 0.9999990608678786, 0.9999995451864057, 0.99999999686248, 0.9999993924769938], [0.9999999594550015, 0.9999999887095509, 0.9999991742359067, 0.9999997130004801, 0.9999993644669842, 0.9999999931593087, 0.9999983939105779, 0.9999999999184657, 0.9999994143739374, 0.9999992007498678, 1.0, 0.9999999996909048, 0.9999991967206713, 0.9999998510262051, 0.9820841551932402, 0.999999309363324, 0.9490320397540695, 0.9999991845194389, 0.9999999010939591, 0.999999862535817, 0.9999990593247702, 0.9999999157690832, 0.9996798038272079, 0.9999999997988045, 0.9999999465014839, 0.9999998657677938, 0.9999995596078259, 0.9999997497291542, 0.9999999934303596, 0.9999998988305523, 0.9999999405450606, 0.9999991606931649, 0.9999988163851418, 0.9999983789476611, 0.999999223028854, 0.9999996198732959, 0.9999998757367734, 0.9999987116229874, 0.999999388414017, 0.9999991794145207, 0.9999994851865219, 0.9999993470055621, 0.999999044635709, 0.9999992682051974, 0.9999999108449423, 0.9999996379180754, 0.9999995100142276, 0.9999999948323233, 0.9999998785934558, 0.9999990363456448, 0.999999689767936, 0.9999990301398959, 0.9999995142417402, 0.999999922588849, 0.9906582253734848, 0.9999999015123249, 0.9999999669934099, 0.9999998405514094, 0.9999998826248155, 0.999999572342525, 0.9999999645883357, 0.9999999602933776, 0.9999999919170468, 0.9999990960435816, 0.9999992031536551, 0.9999993006496903, 0.9999990918893269, 0.9999994678096973, 0.9999983944950275, 0.9999998357499418, 0.9999984142501399, 0.9999990715991214, 0.9999988465541798, 0.9999999959833337, 0.9999989278757384, 0.9999999781539658, 0.9999998318994234, 0.9999994392227602, 0.9999994072983783, 0.9999998471768223, 0.9999999644811299, 0.9999993223029827, 0.9999987209004696, 0.999999864629237, 0.9999999671358314, 0.9999998577827285, 0.9999999989659079, 0.9999999996002891, 0.9999999540926353, 0.9999999943608451, 0.9999999517717411, 0.9999992977629852, 0.9999999868642453], [0.9999999662146645, 0.9999999921324794, 0.9999991420256045, 0.9999996938833634, 0.99999933617116, 0.999999995753757, 0.9999983491112068, 0.9999999999267444, 0.9999993872048041, 0.99999916905671, 0.9999999996909048, 1.0, 0.9999991649500172, 0.9999998371673069, 0.9820813772818198, 0.9999992799017319, 0.9490279348610581, 0.9999991525149814, 0.999999889743989, 0.9999998752427132, 0.9999990249697772, 0.9999999256488151, 0.9996794348568998, 0.9999999999879496, 0.9999999543122908, 0.9999998783206938, 0.9999995825956741, 0.9999997669823177, 0.9999999959666948, 0.9999999096898213, 0.9999999316759696, 0.999999128222286, 0.999998777882897, 0.9999983339413984, 0.9999991917750828, 0.9999995979198439, 0.9999998630548701, 0.9999986714646336, 0.999999360650776, 0.9999991473044441, 0.9999994596877939, 0.9999993183276924, 0.999999010011589, 0.9999992378673601, 0.9999999000534766, 0.9999996164866538, 0.9999994851317291, 0.9999999970457198, 0.9999998660523164, 0.9999990015732841, 0.9999996699054373, 0.9999989952575772, 0.9999994894642235, 0.9999999125125365, 0.9906562096606963, 0.9999998901894318, 0.999999960306067, 0.9999998262242102, 0.9999998702877217, 0.9999995490757263, 0.9999999576768392, 0.9999999529895176, 0.9999999884512438, 0.9999990623566181, 0.9999991715136416, 0.9999992709894989, 0.9999990581246996, 0.9999994418977998, 0.9999983497038906, 0.9999998212141678, 0.9999983697335519, 0.9999990374628485, 0.9999988085457308, 0.9999999979011196, 0.9999988912228124, 0.9999999726559886, 0.9999998171978456, 0.9999994126246788, 0.9999993799635198, 0.9999998331430138, 0.999999957555202, 0.9999992930934276, 0.999998680881669, 0.9999998514026365, 0.9999999604654151, 0.9999998442347173, 0.9999999975388263, 0.9999999985893249, 0.999999961309181, 0.9999999966904054, 0.9999999437530134, 0.9999992680353533, 0.9999999825387104], [0.9999987952386864, 0.9999989949743191, 0.9999999998434506, 0.9999998700096011, 0.9999999901863537, 0.9999990416238229, 0.9999998623142299, 0.9999991804604906, 0.9999999828372462, 0.9999999999943594, 0.9999991967206713, 0.9999991649500172, 1.0, 0.9999997396062291, 0.9822201432179682, 0.9999999956610556, 0.9492595286287835, 0.9999999999498688, 0.9999996615464043, 0.9999983946613518, 0.9999999945792538, 0.9999985922564554, 0.9996969796234844, 0.9999991710958362, 0.9999987286181422, 0.9999984057523035, 0.9999975667798757, 0.9999980497073919, 0.9999990448619899, 0.9999985254099482, 0.9999995743414973, 0.9999999996034055, 0.9999999632561443, 0.9999998579084108, 0.9999999997790926, 0.9999999217588311, 0.9999997043327298, 0.999999942962631, 0.9999999869528492, 0.9999999999064532, 0.9999999680429619, 0.9999999922224367, 0.9999999934043904, 0.9999999983343735, 0.9999996427895608, 0.9999999132450497, 0.9999999614778499, 0.9999990627071633, 0.99999969988817, 0.9999999927014391, 0.9999998848897025, 0.9999999921512798, 0.9999999602774363, 0.9999996180387263, 0.9907566736881525, 0.9999996607697268, 0.9999994893720592, 0.9999997530416398, 0.9999996934575338, 0.9999999412880392, 0.9999994986134617, 0.9999995142002065, 0.9999993497882664, 0.9999999970265748, 0.9999999999825273, 0.9999999963960204, 0.9999999967795562, 0.9999999721877513, 0.9999998624854749, 0.9999997589377885, 0.9999998682238496, 0.9999999954671914, 0.9999999684125057, 0.9999990791222044, 0.9999999806279345, 0.9999994398154015, 0.9999997635531921, 0.9999999782697961, 0.9999999840260216, 0.9999997446341324, 0.9999994990235395, 0.9999999946615623, 0.9999999448511065, 0.9999997208605399, 0.9999994888062309, 0.9999997304898118, 0.9999992530833774, 0.9999992321582842, 0.9999987667730805, 0.999999056503057, 0.999999542145376, 0.999999996604196, 0.9999993889677783], [0.9999996550445645, 0.9999997577154199, 0.9999997267381866, 0.9999999775733828, 0.9999998308881585, 0.9999997803393404, 0.9999992232313002, 0.9999998439771327, 0.9999998561353336, 0.9999997418985862, 0.9999998510262051, 0.9999998371673069, 0.9999997396062291, 1.0, 0.9821429793741139, 0.9999998018624991, 0.9491300095962778, 0.9999997326359009, 0.9999999948902871, 0.9999994273556269, 0.9999996590448873, 0.9999995427578767, 0.9996874020373132, 0.9999998398762268, 0.9999996189794085, 0.9999994339720241, 0.9999988983574875, 0.9999992145752724, 0.9999997818882129, 0.9999995043256018, 0.9999999797969517, 0.9999997189242464, 0.9999995072387174, 0.9999992128148967, 0.9999997544911038, 0.9999999468360996, 0.9999999988777946, 0.999999438854077, 0.9999998431297697, 0.9999997297137616, 0.9999998900847216, 0.9999998218234356, 0.9999996501782634, 0.9999997795888755, 0.9999999923642127, 0.9999999534432279, 0.9999999013922769, 0.9999997903720286, 0.9999999985909852, 0.9999996451552964, 0.9999999707534974, 0.999999641384924, 0.9999999032831407, 0.9999999883914901, 0.9907008669219466, 0.9999999947920619, 0.9999999582637038, 0.9999999998220617, 0.9999999981175857, 0.9999999281845257, 0.9999999608722314, 0.9999999651406551, 0.9999999123428223, 0.9999996810064377, 0.9999997432592737, 0.9999997972243067, 0.999999678535653, 0.9999998819718781, 0.9999992236377406, 0.9999999996270647, 0.9999992373565578, 0.9999996664181874, 0.9999995266343522, 0.9999997980946465, 0.999999578194422, 0.9999999432763663, 0.9999999994223991, 0.9999998683185106, 0.9999998526206317, 0.9999999999743312, 0.9999999609899834, 0.9999998088096292, 0.9999994449531957, 0.9999999996729747, 0.9999999580996517, 0.9999999999210561, 0.9999998747069863, 0.9999998660597618, 0.999999639730702, 0.9999997874297045, 0.9999999723237105, 0.9999997956736727, 0.999999926335263], [0.9820533817805044, 0.9820678285774377, 0.9822221562001523, 0.9821659687600887, 0.9822053809067492, 0.9820715165665508, 0.9822761936806721, 0.9820827548641462, 0.9822002295190148, 0.9822199020423226, 0.9820841551932402, 0.9820813772818198, 0.9822201432179682, 0.9821429793741139, 1.0, 0.9822093614319867, 0.9328867885563752, 0.9822209909452875, 0.982132258607638, 0.9820274488042036, 0.9822312239494094, 0.9820397373531824, 0.9817026404770897, 0.9820819756678967, 0.982048785851626, 0.9820280731340711, 0.9819823823630227, 0.9820075169143703, 0.9820717991091272, 0.9820353754732183, 0.9821213634353921, 0.9822232852616923, 0.982249200331875, 0.9822771354629669, 0.9822181206052201, 0.9821779633110712, 0.9821379892038924, 0.9822567429613446, 0.9822030207691878, 0.9822217259400079, 0.9821935026223451, 0.9822070796969828, 0.982232944572824, 0.9822140691560954, 0.9821297209538564, 0.9821760972377049, 0.9821905932937398, 0.982073393639215, 0.9821372628573927, 0.9822334843325993, 0.9821691709887798, 0.9822340680060828, 0.9821903891874958, 0.982126555838365, 0.9985982235353124, 0.9821318153018705, 0.9821119494844892, 0.9821449871760637, 0.982136624738155, 0.9821836235435084, 0.9821126979862682, 0.9821145050676273, 0.9820980343324468, 0.9822286215173787, 0.9822193659564393, 0.9822108377975751, 0.9822292274057196, 0.9821946748123818, 0.9822761546278566, 0.9821458562434959, 0.982274969921449, 0.9822308218514035, 0.9822469781605784, 0.9820743504381456, 0.9822409658961606, 0.9821067320412632, 0.9821465921252631, 0.9821979982762746, 0.9822011264612516, 0.9821439630939257, 0.982113073148375, 0.9822095355661877, 0.9822573315234837, 0.9821404901683292, 0.9821117221400045, 0.9821417737204668, 0.9820887176169664, 0.9820872113619171, 0.982051153184717, 0.9820725136212142, 0.9821176591731986, 0.9822114644091482, 0.9821013202450566], [0.9999989341668583, 0.9999991215050426, 0.9999999938576285, 0.9999999127062418, 0.9999999987554873, 0.9999991650635984, 0.9999998095136158, 0.999999294285957, 0.9999999956233966, 0.9999999959357984, 0.999999309363324, 0.9999992799017319, 0.9999999956610556, 0.9999998018624991, 0.9822093614319867, 1.0, 0.949246218532554, 0.9999999947625275, 0.9999997331299464, 0.9999985557057465, 0.9999999806319304, 0.9999987427885126, 0.9996956451465351, 0.9999992855928972, 0.9999988714555936, 0.9999985662238047, 0.9999977660547166, 0.9999982276563972, 0.9999991680855558, 0.9999986795951452, 0.9999996551527075, 0.9999999926483331, 0.9999999338723433, 0.999999804337603, 0.9999999973484132, 0.9999999539140498, 0.999999770976413, 0.9999999074100202, 0.9999999975039573, 0.9999999942935187, 0.9999999870088274, 0.9999999993697637, 0.9999999784325608, 0.9999999993242163, 0.9999997164512626, 0.9999999473495684, 0.9999999827429904, 0.9999991847248016, 0.999999767044704, 0.9999999771803905, 0.9999999248197333, 0.9999999762249443, 0.9999999819256664, 0.9999996943620633, 0.9907488825926403, 0.9999997324730671, 0.999999578294547, 0.9999998135564034, 0.9999997613678754, 0.9999999685594434, 0.9999995867225049, 0.9999996008351715, 0.9999994506887742, 0.9999999855469716, 0.9999999961512833, 0.9999999999277863, 0.9999999850046646, 0.9999999896600943, 0.999999809716192, 0.9999998186816479, 0.9999998164757211, 0.9999999823104397, 0.9999999408846202, 0.9999992000580222, 0.999999958151702, 0.9999995331620285, 0.9999998226804252, 0.9999999931538657, 0.999999996176272, 0.9999998062340811, 0.9999995870567606, 0.9999999998306077, 0.9999999097882826, 0.9999997854611852, 0.9999995778071893, 0.9999997939018064, 0.9999993615997022, 0.9999993421909166, 0.999998907422687, 0.9999991789730063, 0.9999996261185233, 0.999999999850504, 0.999999486704907], [0.9489808102908273, 0.9490053765888304, 0.9492622575851096, 0.9491677274986756, 0.949234033675965, 0.9490110111884476, 0.949352673531329, 0.9490298368819743, 0.9492269081718704, 0.9492586892308894, 0.9490320397540695, 0.9490279348610581, 0.9492595286287835, 0.9491300095962778, 0.9328867885563752, 0.949246218532554, 1.0, 0.9492619717703868, 0.9491118018041954, 0.9489376948120025, 0.9492781808797475, 0.9489582386960713, 0.9486374528378083, 0.9490284919174963, 0.9489732060046521, 0.9489388034380963, 0.9488629762057328, 0.9489046361431213, 0.9490114284613121, 0.9489515163687038, 0.9490939556431777, 0.9492641224839136, 0.949307467554714, 0.949354127953858, 0.949255310299459, 0.9491883879206884, 0.9491218965538935, 0.9493189916640166, 0.9492302531202246, 0.9492615433591531, 0.9492137256190978, 0.9492367436819199, 0.9492792605897978, 0.9492492448426075, 0.9491078130807573, 0.9491849206412457, 0.9492095654151093, 0.9490135864219009, 0.9491204946905254, 0.9492803992687543, 0.9491732909135888, 0.9492813215257376, 0.9492085466179522, 0.9491027271820323, 0.9406139944106666, 0.9491122963983625, 0.9490781187832928, 0.9491333877872943, 0.9491188432762567, 0.9491978545374458, 0.949080466418879, 0.9490827590175333, 0.9490547585892759, 0.9492727837664293, 0.9492593809163827, 0.949245163564786, 0.9492731094499036, 0.9492182519378165, 0.9493526401792863, 0.9491350639170987, 0.9493506776936322, 0.9492757873305828, 0.9493046322835275, 0.9490163573446964, 0.9492952876617323, 0.9490695662951647, 0.9491362586415066, 0.9492218693544046, 0.9492273912373945, 0.9491310605814112, 0.9490797698859229, 0.9492405308138432, 0.9493169423706309, 0.94912519599787, 0.9490785581845529, 0.949127753580242, 0.9490412557805953, 0.9490371193726159, 0.9489783104816967, 0.9490134795773921, 0.9490878004690271, 0.9492443946288934, 0.9490621943206154], [0.9999987803084526, 0.9999989813371759, 0.9999999999574299, 0.9999998650667328, 0.999999988788629, 0.9999990283016874, 0.9999998672878216, 0.9999991681379868, 0.9999999810172795, 0.9999999999106993, 0.9999991845194389, 0.9999991525149814, 0.9999999999498688, 0.9999997326359009, 0.9822209909452875, 0.9999999947625275, 0.9492619717703868, 1.0, 0.9999996536067155, 0.9999983774357315, 0.9999999955276004, 0.9999985761224446, 0.9996970670649427, 0.9999991587030465, 0.9999987132823351, 0.9999983885858718, 0.9999975455850738, 0.9999980307260162, 0.9999990315623188, 0.9999985089028374, 0.9999995654447918, 0.999999999817872, 0.9999999657988305, 0.9999998629616149, 0.9999999995231236, 0.9999999179130743, 0.9999996969136192, 0.9999999461407575, 0.9999999853500796, 0.9999999999818359, 0.9999999655636459, 0.9999999909717932, 0.9999999944464563, 0.9999999977317122, 0.9999996346345736, 0.9999999092028933, 0.999999958763772, 0.9999990495301926, 0.9999996924091139, 0.9999999938014634, 0.9999998802371077, 0.9999999932958659, 0.9999999575199168, 0.9999996096085935, 0.990757285482488, 0.9999996528281503, 0.999999479632361, 0.9999997462520026, 0.9999996858979479, 0.9999999379492798, 0.9999994889696444, 0.999999504700684, 0.999999338804321, 0.9999999977096345, 0.9999999998922335, 0.9999999955418011, 0.9999999974901546, 0.9999999698875186, 0.9999998674562303, 0.9999997522309132, 0.9999998730886941, 0.9999999963213275, 0.9999999707740527, 0.9999990660670743, 0.9999999824710899, 0.9999994296170732, 0.9999997569103438, 0.9999999762173041, 0.9999999822607957, 0.9999997377290462, 0.9999994893751736, 0.9999999936160824, 0.9999999479642723, 0.9999997136434025, 0.999999479067277, 0.9999997233997002, 0.9999992413283011, 0.9999992202279906, 0.9999987516769651, 0.9999990432902823, 0.9999995329202325, 0.9999999957597363, 0.9999993783311569], [0.9999997338981065, 0.9999998229723759, 0.999999646898009, 0.9999999510572062, 0.9999997669900194, 0.9999998422309122, 0.9999990921265751, 0.9999998953351428, 0.9999997968025083, 0.9999996641608861, 0.9999999010939591, 0.999999889743989, 0.9999996615464043, 0.9999999948902871, 0.982132258607638, 0.9999997331299464, 0.9491118018041954, 0.9999996536067155, 1.0, 0.9999995304269758, 0.9999995704595619, 0.9999996343155853, 0.9996860036991821, 0.9999998919715655, 0.9999997021129845, 0.9999995364162524, 0.9999990432949315, 0.9999993361606307, 0.999999843543349, 0.9999995998634325, 0.9999999950069314, 0.9999996380231926, 0.9999994017770288, 0.9999990808685714, 0.9999996785478977, 0.9999999087641094, 0.9999999985531152, 0.9999993266584288, 0.9999997813989494, 0.99999965028158, 0.999999837581301, 0.9999997563706464, 0.9999995605181302, 0.9999997073636185, 0.9999999997467388, 0.9999999174923451, 0.9999998513910693, 0.9999998507168824, 0.999999998847383, 0.9999995548894773, 0.9999999411978118, 0.999999550668966, 0.9999998537162618, 0.9999999986842041, 0.9906931018299416, 0.9999999999955664, 0.9999999823598373, 0.9999999928053095, 0.9999999992098629, 0.9999998847642744, 0.9999999840387517, 0.999999986721698, 0.9999999495593199, 0.9999995951555752, 0.999999665713247, 0.999999727739846, 0.9999995923748094, 0.9999998277494995, 0.9999990925659709, 0.9999999917570981, 0.9999991074026027, 0.9999995787437976, 0.9999994231675369, 0.9999998572205419, 0.999999480238086, 0.999999972214537, 0.9999999908773767, 0.9999998113323064, 0.9999997926292103, 0.99999999415797, 0.999999984116555, 0.9999997411933261, 0.9999993333539224, 0.9999999971446096, 0.9999999822518053, 0.9999999960782091, 0.9999999201963146, 0.9999999132694142, 0.9999997204260254, 0.9999998482299477, 0.9999999909966562, 0.9999997259433726, 0.9999999600223066], [0.9999999713023504, 0.9999999300337559, 0.9999983629387577, 0.9999991782869425, 0.9999986358589206, 0.9999999170253568, 0.9999973167038776, 0.9999998691473034, 0.9999987094539666, 0.9999984003589457, 0.999999862535817, 0.9999998752427132, 0.9999983946613518, 0.9999994273556269, 0.9820274488042036, 0.9999985557057465, 0.9489376948120025, 0.9999983774357315, 0.9999995304269758, 1.0, 0.9999982026705728, 0.9999999935138784, 0.9996722137157692, 0.9999998728519849, 0.9999999805497135, 0.999999999980703, 0.9999999142335131, 0.9999999832272474, 0.99999991606906, 0.9999999972222837, 0.9999996222726111, 0.999998343892996, 0.9999978721888538, 0.999997297373814, 0.9999984319428408, 0.9999990252276726, 0.9999994768819632, 0.9999977324840983, 0.999998671049887, 0.9999983702336067, 0.9999988156774804, 0.9999986103318639, 0.9999981823897386, 0.9999984964067625, 0.9999995519707834, 0.9999990542614288, 0.9999988534918565, 0.9999999106687897, 0.9999994827572374, 0.9999981709610144, 0.9999991392886965, 0.9999981624165148, 0.9999988599646298, 0.9999995788118132, 0.9906170397916851, 0.9999995313411425, 0.9999996948118958, 0.999999406989655, 0.9999994911166354, 0.9999989499557236, 0.9999996875908375, 0.9999996750696447, 0.9999997877885564, 0.9999982535654168, 0.9999984037649018, 0.9999985430764888, 0.9999982477948672, 0.9999987894012963, 0.9999973174593406, 0.9999993977633348, 0.9999973430128397, 0.9999982196539863, 0.9999979127072816, 0.99999990550662, 0.9999980226172168, 0.9999997310897843, 0.9999993904107098, 0.9999987464690115, 0.9999986989576726, 0.9999994198338802, 0.9999996872677621, 0.9999985744017886, 0.999997744818284, 0.9999994543404884, 0.9999996952488344, 0.9999994406788328, 0.9999998377610455, 0.9999998473110181, 0.9999999754994497, 0.9999999125702143, 0.9999996514622334, 0.9999985389060628, 0.9999997644407849], [0.9999986281926847, 0.9999988419330775, 0.9999999962567252, 0.9999998114988395, 0.9999999701792129, 0.9999988920490426, 0.9999999115317202, 0.9999990417355897, 0.999999958127101, 0.9999999942420275, 0.9999990593247702, 0.9999990249697772, 0.9999999945792538, 0.9999996590448873, 0.9822312239494094, 0.9999999806319304, 0.9492781808797475, 0.9999999955276004, 0.9999995704595619, 0.9999982026705728, 1.0, 0.9999984121246921, 0.9996983197759632, 0.9999990316114679, 0.9999985571635394, 0.9999982144071529, 0.9999973316655282, 0.9999978386463196, 0.9999988955309285, 0.9999983411785204, 0.9999994728502888, 0.9999999971094577, 0.9999999860604596, 0.9999999079930953, 0.9999999921787799, 0.9999998751495596, 0.9999996188438535, 0.9999999727054476, 0.9999999647129512, 0.9999999958994933, 0.9999999362997989, 0.9999999738169225, 0.9999999999346868, 0.9999999869044516, 0.9999995493609646, 0.9999998644538428, 0.9999999271560889, 0.999998914726692, 0.9999996137995083, 0.999999999855087, 0.999999829509862, 0.9999999997694717, 0.999999925509542, 0.9999995216122411, 0.990764675311826, 0.9999995695851127, 0.9999993787280954, 0.9999996744444777, 0.9999996065092243, 0.9999999001875932, 0.9999993889265612, 0.9999994061463364, 0.9999992256303476, 0.9999999996316626, 0.9999999940322329, 0.9999999821420422, 0.9999999997053624, 0.9999999422133443, 0.9999999116690302, 0.9999996812194745, 0.99999991625597, 0.999999999951987, 0.9999999891623286, 0.9999989323960232, 0.9999999957010798, 0.9999993241837162, 0.9999996865303196, 0.9999999511427887, 0.999999959994473, 0.9999996648018243, 0.9999993893787178, 0.9999999784855459, 0.9999999739858259, 0.9999996376415894, 0.9999993781043297, 0.9999996486244412, 0.9999991204029643, 0.9999990977063291, 0.9999985978295669, 0.9999989080521083, 0.9999994370870983, 0.9999999826039168, 0.999999268444048], [0.9999999921024958, 0.9999999661529217, 0.999998562540273, 0.9999993178091118, 0.9999988174987675, 0.9999999569366237, 0.9999975740655196, 0.999999920926756, 0.9999988859488644, 0.99999859759148, 0.9999999157690832, 0.9999999256488151, 0.9999985922564554, 0.9999995427578767, 0.9820397373531824, 0.9999987427885126, 0.9489582386960713, 0.9999985761224446, 0.9999996343155853, 0.9999999935138784, 0.9999984121246921, 1.0, 0.9996738903895741, 0.9999999238007118, 0.9999999965274601, 0.9999999942009345, 0.999999860576214, 0.9999999558809904, 0.999999956246858, 0.999999999223653, 0.9999997147805344, 0.9999985446898446, 0.9999981006583372, 0.9999975556839469, 0.9999986271539696, 0.9999991777687082, 0.9999995868934595, 0.9999979685427389, 0.9999988502475047, 0.9999985693754359, 0.9999989844796051, 0.9999987937235861, 0.9999983930573026, 0.9999986874284524, 0.999999653298059, 0.9999992044144719, 0.9999990194736017, 0.9999999523237352, 0.9999995921134028, 0.9999983823105695, 0.9999992822354566, 0.9999983742737919, 0.9999990254581197, 0.9999996768598706, 0.9906259715390974, 0.9999996351227005, 0.9999997773079496, 0.9999995245404885, 0.9999995995321191, 0.9999991085226445, 0.9999997711334, 0.999999760398949, 0.9999998555021321, 0.9999984599397292, 0.9999986007802693, 0.9999987310088068, 0.9999984545196585, 0.9999989601376678, 0.9999975747838394, 0.99999951627537, 0.9999975990778494, 0.9999984280840865, 0.9999981389288006, 0.9999999485335668