"[[1.0, 0.9999999999980196, 0.9999999999197609, 0.9999999999521749, 0.999999999987836, 0.9999999999979892, 0.9999999999052909, 0.9999999999920417, 0.9999999999317413, 0.9999999999141136, 0.9999999999986082, 0.9999999999983733, 0.9999999999733162, 0.9999999999449782, 0.9999999999128566, 0.9999999999804792, 0.9999999998640685, 0.9999999999774133, 0.9999999999870937, 0.9999999999942173, 0.9999999999818454, 0.9999999999968681, 0.9999999999918578, 0.9999999999778724, 0.9999999999777288, 0.9999999999952336, 0.9999999999995807, 0.9999999999996751, 0.9999999999917855, 0.9999999999999385, 0.9999999999597412, 0.9999999999459547, 0.9999999999204525, 0.9999999999289484, 0.9999999999230655, 0.9999999999738882, 0.9999999999773387, 0.9999999999003337, 0.999999999924342, 0.9999999999464346, 0.9999999999592033, 0.999999999852634, 0.9999999998983098, 0.9999999999772172, 0.9999999999888738, 0.9999999999318778, 0.9999999999739305, 0.9999999999948583, 0.9999999999988609, 0.9999999999478368, 0.9999999999909049, 0.9999999999717339, 0.9999999999232497, 0.9999999999844856, 0.9999999998932165, 0.9999999999427394, 0.9999999999964762, 0.9999999999915237, 0.9999999999823055, 0.9999999999914645, 0.9999999999975699, 0.9999999999846274, 0.9999999999866727, 0.9999999998850893, 0.9999999999640657, 0.9999999999811788, 0.9999999998755794, 0.9999999999788216, 0.9999999998546394, 0.9999999999201561, 0.9999999998733351, 0.9999999998774882, 0.9999999999634782, 0.9999999999893093, 0.9999999998894533, 0.9999999999988121, 0.9999999999322107, 0.999999999899081, 0.9999999999105964, 0.9999999999535358, 0.9999999999761369, 0.9999999999493956, 0.9999999999110032, 0.999999999994228, 0.9999999999918531, 0.9999999999848039, 0.9999999999985719, 0.999999999992349, 0.9999999999645277, 0.9999999999764712, 0.9999999999988107, 0.9999999999695222, 0.9999999999935529], [0.9999999999980196, 1.0, 0.9999999999429916, 0.9999999999696583, 0.9999999999956717, 0.9999999999999998, 0.9999999999307008, 0.9999999999980012, 0.999999999953014, 0.9999999999382165, 0.9999999999999483, 0.9999999999928035, 0.9999999999858745, 0.9999999999638749, 0.9999999998846031, 0.9999999999909339, 0.9999999998292743, 0.999999999988809, 0.9999999999952245, 0.999999999999005, 0.9999999999918572, 0.9999999999998685, 0.9999999999818466, 0.9999999999891314, 0.9999999999890308, 0.999999999999398, 0.9999999999957782, 0.999999999996091, 0.9999999999978717, 0.999999999997261, 0.9999999999756188, 0.9999999999646652, 0.9999999999435744, 0.999999999950692, 0.9999999999457717, 0.9999999999862899, 0.9999999999887564, 0.9999999999264513, 0.9999999999468425, 0.9999999999650531, 0.9999999999751998, 0.9999999998848199, 0.9999999999247111, 0.9999999999886708, 0.9999999999962814, 0.9999999999531273, 0.9999999999863205, 0.9999999999992599, 0.9999999999938768, 0.9999999999661839, 0.9999999999974125, 0.9999999999847171, 0.9999999999459264, 0.9999999999714198, 0.9999999998621525, 0.9999999999194618, 0.9999999999997792, 0.9999999999813494, 0.9999999999684861, 0.999999999997707, 0.9999999999912023, 0.9999999999716122, 0.9999999999949671, 0.9999999999132793, 0.9999999999789568, 0.9999999999914087, 0.9999999999049929, 0.9999999999897936, 0.999999999886592, 0.9999999999433247, 0.9999999999030305, 0.99999999990666, 0.9999999999785067, 0.9999999999965314, 0.9999999999170648, 0.9999999999998993, 0.9999999999534032, 0.9999999999253745, 0.999999999935228, 0.9999999999707404, 0.9999999999879053, 0.9999999999674367, 0.9999999999355742, 0.9999999999990095, 0.9999999999979061, 0.9999999999937951, 0.9999999999999549, 0.9999999999981537, 0.9999999999457848, 0.9999999999608389, 0.9999999999998996, 0.9999999999830798, 0.9999999999844265], [0.9999999999197609, 0.9999999999429916, 1.0, 0.99999999999583, 0.9999999999700798, 0.9999999999431544, 0.9999999999994005, 0.9999999999623423, 0.9999999999995158, 0.999999999999904, 0.9999999999395042, 0.9999999998952853, 0.9999999999856207, 0.9999999999976285, 0.9999999996653774, 0.9999999999793938, 0.9999999995749559, 0.9999999999823173, 0.9999999999712157, 0.999999999957059, 0.9999999999779399, 0.999999999948334, 0.9999999998604986, 0.9999999999819065, 0.9999999999820359, 0.9999999999541069, 0.9999999999077418, 0.9999999999092264, 0.9999999999628932, 0.9999999999152609, 0.999999999993174, 0.9999999999974205, 0.9999999999999984, 0.9999999999997207, 0.9999999999999653, 0.9999999999851954, 0.9999999999823831, 0.999999999998948, 0.9999999999999327, 0.9999999999973144, 0.9999999999933931, 0.9999999999898761, 0.9999999999987309, 0.99999999998249, 0.9999999999683926, 0.9999999999995044, 0.9999999999851636, 0.9999999999552421, 0.9999999998995012, 0.999999999996989, 0.9999999999646947, 0.9999999999867426, 0.9999999999999613, 0.9999999998336815, 0.9999999996278481, 0.9999999997269341, 0.9999999999498668, 0.9999999998591262, 0.9999999998267061, 0.9999999999635657, 0.9999999998894031, 0.9999999998341464, 0.9999999999718359, 0.9999999999968954, 0.9999999999912199, 0.9999999999786622, 0.9999999999951742, 0.9999999999810285, 0.9999999999903967, 0.9999999999999994, 0.9999999999947242, 0.9999999999955442, 0.9999999999915068, 0.9999999999676468, 0.9999999999975773, 0.9999999999380988, 0.9999999999994755, 0.9999999999988158, 0.9999999999997522, 0.9999999999954154, 0.9999999999834135, 0.9999999999965998, 0.9999999999997733, 0.9999999999570302, 0.999999999962749, 0.9999999999744023, 0.9999999999397415, 0.999999999961664, 0.9999999997775879, 0.9999999998093314, 0.9999999999381081, 0.9999999999881872, 0.9999999998678255], [0.9999999999521749, 0.9999999999696583, 0.99999999999583, 1.0, 0.9999999999882497, 0.9999999999697771, 0.9999999999920685, 0.999999999983235, 0.9999999999981874, 0.9999999999944684, 0.9999999999671001, 0.9999999999329083, 0.9999999999969378, 0.9999999999997479, 0.9999999997359172, 0.9999999999937633, 0.9999999996549868, 0.9999999999953213, 0.9999999999889574, 0.999999999979652, 0.9999999999929523, 0.9999999999735203, 0.9999999999045666, 0.9999999999951089, 0.9999999999951761, 0.9999999999776046, 0.9999999999428004, 0.9999999999439679, 0.9999999999836018, 0.9999999999486868, 0.9999999999996745, 0.9999999999998099, 0.9999999999959864, 0.9999999999977088, 0.9999999999965565, 0.9999999999967398, 0.9999999999953552, 0.999999999990589, 0.9999999999968223, 0.9999999999998374, 0.9999999999997209, 0.9999999999727112, 0.99999999998996, 0.9999999999954101, 0.9999999999871838, 0.9999999999982097, 0.9999999999967248, 0.9999999999783955, 0.9999999999362742, 0.9999999999999059, 0.9999999999847919, 0.9999999999974432, 0.9999999999965954, 0.9999999998821822, 0.999999999702466, 0.9999999997902531, 0.9999999999746143, 0.9999999999034308, 0.9999999998763001, 0.9999999999840479, 0.9999999999281839, 0.9999999998825735, 0.9999999999893403, 0.9999999999855289, 0.9999999999991516, 0.999999999993358, 0.9999999999820323, 0.9999999999946474, 0.9999999999735703, 0.9999999999959197, 0.9999999999811733, 0.9999999999827531, 0.9999999999992392, 0.9999999999867073, 0.9999999999870504, 0.9999999999660616, 0.9999999999982632, 0.9999999999902014, 0.9999999999935495, 0.9999999999999902, 0.9999999999958767, 0.9999999999999607, 0.9999999999936584, 0.9999999999796321, 0.9999999999835059, 0.9999999999908955, 0.9999999999672751, 0.9999999999827813, 0.9999999998343265, 0.9999999998615562, 0.9999999999660685, 0.9999999999980542, 0.9999999999106095], [0.999999999987836, 0.9999999999956717, 0.9999999999700798, 0.9999999999882497, 1.0, 0.9999999999957163, 0.9999999999610105, 0.9999999999995556, 0.9999999999772072, 0.999999999966594, 0.9999999999946733, 0.999999999977313, 0.9999999999971845, 0.9999999999845555, 0.9999999998355769, 0.9999999999991341, 0.9999999997705784, 0.9999999999984002, 0.9999999999999889, 0.999999999998827, 0.9999999999994023, 0.9999999999970486, 0.9999999999597899, 0.9999999999985205, 0.9999999999984832, 0.9999999999982983, 0.9999999999829003, 0.9999999999835361, 0.9999999999996136, 0.9999999999860463, 0.999999999991836, 0.9999999999850706, 0.9999999999705016, 0.9999999999755815, 0.9999999999720843, 0.9999999999973683, 0.9999999999983802, 0.9999999999578072, 0.999999999972851, 0.9999999999853224, 0.9999999999915927, 0.9999999999251474, 0.9999999999564868, 0.9999999999983478, 0.9999999999999769, 0.9999999999772862, 0.9999999999973817, 0.9999999999985111, 0.9999999999792522, 0.999999999986052, 0.9999999999997773, 0.9999999999966551, 0.9999999999721952, 0.9999999999448468, 0.9999999998089715, 0.999999999877792, 0.9999999999974061, 0.9999999999590516, 0.9999999999407995, 0.9999999999996795, 0.9999999999745321, 0.9999999999451143, 0.9999999999999734, 0.9999999999476991, 0.9999999999937159, 0.9999999999992764, 0.9999999999412217, 0.9999999999987583, 0.9999999999265747, 0.9999999999703211, 0.999999999939676, 0.9999999999425314, 0.9999999999934688, 0.9999999999999525, 0.9999999999506295, 0.9999999999942505, 0.999999999977478, 0.9999999999569907, 0.9999999999643872, 0.9999999999889193, 0.9999999999980476, 0.9999999999868523, 0.9999999999646438, 0.9999999999988223, 0.9999999999995988, 0.9999999999998315, 0.9999999999947435, 0.9999999999994791, 0.9999999999108192, 0.9999999999304718, 0.9999999999942534, 0.9999999999958671, 0.9999999999636778], [0.9999999999979892, 0.9999999999999998, 0.9999999999431544, 0.9999999999697771, 0.9999999999957163, 1.0, 0.9999999999308802, 0.9999999999980316, 0.9999999999531617, 0.9999999999383858, 0.9999999999999432, 0.9999999999927456, 0.9999999999859555, 0.9999999999640043, 0.9999999998843712, 0.9999999999909988, 0.9999999998289922, 0.9999999999888809, 0.9999999999952714, 0.9999999999990263, 0.9999999999919186, 0.9999999999998763, 0.9999999999817545, 0.9999999999892023, 0.9999999999891019, 0.9999999999994145, 0.9999999999957336, 0.9999999999960482, 0.999999999997903, 0.9999999999972251, 0.9999999999757251, 0.9999999999647933, 0.9999999999437362, 0.9999999999508433, 0.9999999999459304, 0.9999999999863696, 0.9999999999888286, 0.999999999926636, 0.9999999999469995, 0.9999999999651803, 0.9999999999753071, 0.9999999998850513, 0.9999999999248981, 0.9999999999887432, 0.9999999999963229, 0.9999999999532747, 0.9999999999864001, 0.9999999999992784, 0.9999999999938232, 0.9999999999663092, 0.9999999999974472, 0.9999999999848013, 0.9999999999460848, 0.9999999999713042, 0.9999999998618991, 0.9999999999192679, 0.9999999999997891, 0.9999999999812561, 0.9999999999683649, 0.9999999999977394, 0.999999999991138, 0.999999999971497, 0.9999999999950153, 0.9999999999134799, 0.9999999999790556, 0.9999999999914717, 0.999999999905203, 0.9999999999898623, 0.9999999998868216, 0.999999999943487, 0.9999999999032427, 0.9999999999068683, 0.9999999999786067, 0.9999999999965714, 0.9999999999172611, 0.9999999999998923, 0.9999999999535503, 0.9999999999255607, 0.9999999999354015, 0.9999999999708569, 0.9999999999879802, 0.9999999999675595, 0.9999999999357472, 0.9999999999990308, 0.9999999999979372, 0.9999999999938487, 0.9999999999999502, 0.9999999999981828, 0.9999999999456258, 0.9999999999607037, 0.9999999999998926, 0.9999999999831684, 0.9999999999843412], [0.9999999999052909, 0.9999999999307008, 0.9999999999994005, 0.9999999999920685, 0.9999999999610105, 0.9999999999308802, 1.0, 0.9999999999522406, 0.9999999999978391, 0.9999999999997844, 0.9999999999268611, 0.9999999998788407, 0.9999999999791496, 0.9999999999946445, 0.9999999996364528, 0.9999999999717654, 0.9999999995424328, 0.9999999999752065, 0.9999999999623086, 0.9999999999463127, 0.9999999999700677, 0.9999999999366045, 0.9999999998416103, 0.9999999999747206, 0.9999999999748735, 0.9999999999430177, 0.9999999998922695, 0.9999999998938741, 0.9999999999528613, 0.9999999999004073, 0.9999999999885291, 0.9999999999943341, 0.9999999999993391, 0.999999999998303, 0.9999999999990772, 0.9999999999786382, 0.9999999999752844, 0.9999999999999367, 0.9999999999989315, 0.9999999999941773, 0.9999999999888134, 0.9999999999942035, 0.9999999999998759, 0.9999999999754112, 0.9999999999590878, 0.9999999999978149, 0.9999999999785998, 0.9999999999442835, 0.9999999998833786, 0.9999999999937026, 0.9999999999548947, 0.9999999999805053, 0.999999999999057, 0.9999999998131126, 0.9999999995973772, 0.999999999700747, 0.9999999999383036, 0.9999999998401483, 0.9999999998057227, 0.9999999999536198, 0.9999999998725195, 0.9999999998136054, 0.9999999999630189, 0.9999999999990242, 0.9999999999860323, 0.9999999999709099, 0.9999999999979763, 0.9999999999736845, 0.9999999999945958, 0.9999999999993658, 0.9999999999976814, 0.9999999999982133, 0.9999999999863947, 0.9999999999582398, 0.999999999999388, 0.9999999999253166, 0.9999999999977547, 0.9999999999999014, 0.9999999999999235, 0.9999999999915005, 0.9999999999765078, 0.999999999993145, 0.9999999999999112, 0.9999999999462803, 0.9999999999526988, 0.9999999999659686, 0.9999999999271221, 0.9999999999514771, 0.9999999997538958, 0.9999999997873505, 0.9999999999253268, 0.9999999999822659, 0.999999999849424], [0.9999999999920417, 0.9999999999980012, 0.9999999999623423, 0.999999999983235, 0.9999999999995556, 0.9999999999980316, 0.9999999999522406, 1.0, 0.9999999999703973, 0.9999999999584434, 0.9999999999973062, 0.9999999999832194, 0.999999999994503, 0.9999999999788711, 0.9999999998522293, 0.9999999999974492, 0.9999999997903293, 0.9999999999962694, 0.9999999999994049, 0.9999999999998267, 0.9999999999979272, 0.9999999999988948, 0.9999999999678002, 0.9999999999964545, 0.9999999999963969, 0.9999999999995932, 0.9999999999879694, 0.9999999999885016, 0.999999999999998, 0.9999999999905824, 0.9999999999875819, 0.9999999999794746, 0.9999999999628157, 0.9999999999685485, 0.9999999999645953, 0.9999999999947609, 0.999999999996239, 0.9999999999487021, 0.9999999999654595, 0.99999999997977, 0.9999999999872824, 0.9999999999131676, 0.9999999999472473, 0.9999999999961895, 0.9999999999997353, 0.9999999999704873, 0.9999999999947798, 0.9999999999996936, 0.999999999984881, 0.9999999999806282, 0.9999999999999621, 0.9999999999937723, 0.9999999999647202, 0.9999999999543043, 0.9999999998269552, 0.999999999892087, 0.9999999999991092, 0.9999999999671392, 0.999999999950614, 0.99999999999999, 0.9999999999808165, 0.9999999999545478, 0.9999999999993119, 0.9999999999376122, 0.9999999999899292, 0.9999999999976978, 0.9999999999305553, 0.9999999999968283, 0.9999999999147053, 0.999999999962613, 0.999999999928876, 0.9999999999319795, 0.999999999989617, 0.9999999999997988, 0.9999999999408167, 0.9999999999970032, 0.9999999999707061, 0.9999999999478022, 0.9999999999559861, 0.9999999999840368, 0.9999999999957403, 0.9999999999815734, 0.9999999999562714, 0.9999999999998248, 0.9999999999999989, 0.9999999999988398, 0.999999999997356, 0.999999999999997, 0.9999999999229661, 0.9999999999411452, 0.9999999999970053, 0.999999999992712, 0.999999999971269], [0.9999999999317413, 0.999999999953014, 0.9999999999995158, 0.9999999999981874, 0.9999999999772072, 0.9999999999531617, 0.9999999999978391, 0.9999999999703973, 1.0, 0.9999999999989886, 0.9999999999498431, 0.9999999999090408, 0.9999999999904132, 0.9999999999992872, 0.9999999996903479, 0.9999999999852264, 0.9999999996031601, 0.9999999999876846, 0.9999999999781972, 0.9999999999656934, 0.9999999999839915, 0.9999999999578519, 0.9999999998764497, 0.9999999999873415, 0.9999999999874496, 0.9999999999630496, 0.9999999999206235, 0.999999999922, 0.9999999999708855, 0.9999999999275861, 0.9999999999963254, 0.9999999999991713, 0.9999999999995681, 0.9999999999999719, 0.9999999999997404, 0.9999999999900655, 0.9999999999877395, 0.9999999999970366, 0.9999999999998096, 0.9999999999991106, 0.9999999999964857, 0.9999999999849645, 0.9999999999966792, 0.9999999999878287, 0.9999999999757316, 0.9999999999999999, 0.9999999999900393, 0.9999999999640674, 0.9999999999129668, 0.9999999999989195, 0.9999999999724787, 0.9999999999913252, 0.9999999999997511, 0.9999999998511431, 0.9999999996542082, 0.9999999997494444, 0.9999999999592353, 0.9999999998751581, 0.99999999984454, 0.9999999999714808, 0.9999999999035529, 0.9999999998515827, 0.9999999999787366, 0.9999999999939593, 0.999999999994859, 0.9999999999846059, 0.9999999999916332, 0.9999999999866053, 0.9999999999856004, 0.9999999999995461, 0.9999999999910438, 0.9999999999921227, 0.9999999999950779, 0.9999999999750777, 0.9999999999949274, 0.9999999999485627, 0.9999999999999991, 0.9999999999968174, 0.9999999999985756, 0.9999999999979108, 0.9999999999885966, 0.9999999999986815, 0.9999999999986265, 0.9999999999656676, 0.9999999999707578, 0.9999999999809583, 0.9999999999500593, 0.9999999999697955, 0.9999999997978561, 0.9999999998280618, 0.9999999999485711, 0.9999999999924858, 0.9999999998833392], [0.9999999999141136, 0.9999999999382165, 0.999999999999904, 0.9999999999944684, 0.999999999966594, 0.9999999999383858, 0.9999999999997844, 0.9999999999584434, 0.9999999999989886, 1.0, 0.9999999999345881, 0.9999999998888478, 0.9999999999831748, 0.9999999999965781, 0.9999999996539453, 0.9999999999764846, 0.9999999995620834, 0.9999999999796153, 0.9999999999677949, 0.999999999952902, 0.9999999999749332, 0.9999999999437836, 0.9999999998530831, 0.9999999999791744, 0.9999999999793132, 0.9999999999498128, 0.9999999999016934, 0.9999999999032261, 0.9999999999590221, 0.9999999999094601, 0.9999999999914588, 0.9999999999963292, 0.9999999999998784, 0.9999999999992972, 0.9999999999997538, 0.9999999999827149, 0.999999999979686, 0.9999999999994875, 0.9999999999996758, 0.9999999999962027, 0.999999999991704, 0.9999999999917519, 0.999999999999333, 0.9999999999798008, 0.9999999999648126, 0.999999999998972, 0.9999999999826805, 0.9999999999510001, 0.9999999998931925, 0.9999999999958176, 0.9999999999609165, 0.9999999999843903, 0.9999999999997432, 0.9999999998255934, 0.9999999996157971, 0.9999999997165975, 0.9999999999453828, 0.9999999998516749, 0.9999999998184521, 0.999999999959729, 0.99999999988279, 0.9999999998260695, 0.9999999999684511, 0.9999999999978912, 0.9999999999892876, 0.9999999999757034, 0.9999999999964395, 0.9999999999782332, 0.9999999999922211, 0.9999999999998898, 0.9999999999960516, 0.9999999999967564, 0.9999999999896048, 0.9999999999640259, 0.9999999999984459, 0.999999999933127, 0.9999999999989306, 0.9999999999993942, 0.9999999999999647, 0.9999999999939924, 0.9999999999807936, 0.999999999995361, 0.9999999999999724, 0.9999999999528717, 0.9999999999588707, 0.9999999999711708, 0.9999999999348349, 0.9999999999577309, 0.9999999997682498, 0.9999999998006782, 0.9999999999331367, 0.9999999999859612, 0.9999999998606047], [0.9999999999986082, 0.9999999999999483, 0.9999999999395042, 0.9999999999671001, 0.9999999999946733, 0.9999999999999432, 0.9999999999268611, 0.9999999999973062, 0.9999999999498431, 0.9999999999345881, 1.0, 0.9999999999939725, 0.9999999999841126, 0.9999999999610882, 0.9999999998894393, 0.9999999999895122, 0.9999999998351681, 0.999999999987235, 0.9999999999941784, 0.9999999999984994, 0.9999999999905069, 0.9999999999996518, 0.9999999999837336, 0.9999999999875795, 0.9999999999874719, 0.999999999998993, 0.9999999999966613, 0.9999999999969389, 0.9999999999971562, 0.9999999999979623, 0.9999999999733202, 0.9999999999619087, 0.9999999999401046, 0.999999999947445, 0.9999999999423691, 0.9999999999845532, 0.9999999999871789, 0.9999999999224971, 0.9999999999434731, 0.9999999999623113, 0.999999999972882, 0.9999999998798847, 0.9999999999207111, 0.9999999999870874, 0.9999999999953523, 0.9999999999499602, 0.9999999999845858, 0.9999999999988167, 0.9999999999949509, 0.9999999999634861, 0.9999999999966289, 0.9999999999828865, 0.9999999999425285, 0.9999999999738005, 0.9999999998674431, 0.9999999999234935, 0.9999999999995136, 0.9999999999832627, 0.9999999999709888, 0.9999999999969661, 0.9999999999925001, 0.9999999999739848, 0.9999999999938946, 0.9999999999089901, 0.9999999999768179, 0.9999999999900232, 0.999999999900506, 0.9999999999882881, 0.9999999998816945, 0.9999999999398473, 0.9999999998984979, 0.9999999999022121, 0.9999999999763455, 0.9999999999956322, 0.9999999999128691, 0.9999999999999919, 0.9999999999502454, 0.999999999921392, 0.9999999999315141, 0.9999999999682272, 0.9999999999862711, 0.9999999999647883, 0.99999999993187, 0.9999999999985049, 0.9999999999971959, 0.9999999999926099, 0.9999999999999998, 0.9999999999974837, 0.9999999999490835, 0.9999999999636346, 0.999999999999992, 0.9999999999811562, 0.9999999999861704], [0.9999999999983733, 0.9999999999928035, 0.9999999998952853, 0.9999999999329083, 0.999999999977313, 0.9999999999927456, 0.9999999998788407, 0.9999999999832194, 0.9999999999090408, 0.9999999998888478, 0.9999999999939725, 1.0, 0.9999999999585134, 0.999999999924431, 0.9999999999350417, 0.9999999999675828, 0.9999999998921812, 0.9999999999636642, 0.9999999999763034, 0.999999999986457, 0.9999999999693506, 0.9999999999907273, 0.9999999999975098, 0.999999999964247, 0.9999999999640645, 0.9999999999880383, 0.9999999999996058, 0.9999999999995024, 0.9999999999828482, 0.999999999998944, 0.9999999999419301, 0.999999999925576, 0.9999999998960758, 0.9999999999058209, 0.9999999998990656, 0.9999999999592273, 0.9999999999635696, 0.9999999998732421, 0.9999999999005285, 0.9999999999261393, 0.9999999999412845, 0.9999999998200426, 0.9999999998709608, 0.9999999999634155, 0.999999999978739, 0.9999999999091983, 0.9999999999592801, 0.9999999999874479, 0.9999999999999567, 0.9999999999277877, 0.9999999999815858, 0.9999999999565461, 0.9999999998992766, 0.9999999999929061, 0.9999999999179486, 0.9999999999604147, 0.9999999999900615, 0.9999999999973235, 0.9999999999914087, 0.9999999999823859, 0.9999999999999196, 0.9999999999930018, 0.9999999999757343, 0.9999999998561195, 0.9999999999471485, 0.9999999999684861, 0.9999999998455006, 0.9999999999654565, 0.9999999998222593, 0.9999999998957371, 0.9999999998430007, 0.9999999998476286, 0.9999999999464366, 0.9999999999793427, 0.9999999998610076, 0.9999999999944054, 0.9999999999095825, 0.9999999998718297, 0.9999999998848514, 0.9999999999345222, 0.9999999999620499, 0.9999999999296237, 0.9999999998853132, 0.9999999999864733, 0.9999999999829459, 0.999999999973234, 0.9999999999938972, 0.9999999999836671, 0.9999999999780932, 0.9999999999872176, 0.9999999999944027, 0.9999999999538137, 0.999999999998403], [0.9999999999733162, 0.9999999999858745, 0.9999999999856207, 0.9999999999969378, 0.9999999999971845, 0.9999999999859555, 0.9999999999791496, 0.999999999994503, 0.9999999999904132, 0.9999999999831748, 0.9999999999841126, 0.9999999999585134, 1.0, 0.9999999999949283, 0.9999999997897301, 0.9999999999994413, 0.999999999716933, 0.9999999999998295, 0.9999999999975253, 0.9999999999923772, 0.9999999999991813, 0.9999999999884679, 0.9999999999356946, 0.9999999999997868, 0.9999999999998006, 0.9999999999911051, 0.9999999999662077, 0.9999999999671039, 0.9999999999947121, 0.9999999999706952, 0.9999999999986091, 0.9999999999952218, 0.9999999999859126, 0.999999999989349, 0.9999999999869996, 0.9999999999999969, 0.9999999999998357, 0.9999999999767901, 0.9999999999875212, 0.9999999999953637, 0.9999999999985077, 0.999999999951366, 0.999999999975808, 0.999999999999846, 0.9999999999966509, 0.9999999999904644, 0.9999999999999964, 0.9999999999916008, 0.9999999999611509, 0.9999999999957697, 0.9999999999953784, 0.9999999999999771, 0.9999999999870753, 0.999999999917109, 0.9999999997597737, 0.9999999998378782, 0.9999999999891859, 0.9999999999347617, 0.9999999999121635, 0.999999999994964, 0.9999999999547811, 0.999999999917437, 0.9999999999977048, 0.9999999999691529, 0.999999999999313, 0.9999999999993157, 0.9999999999641347, 0.9999999999996824, 0.9999999999525151, 0.9999999999857878, 0.999999999962925, 0.9999999999651561, 0.9999999999992297, 0.9999999999964053, 0.9999999999713937, 0.9999999999833884, 0.9999999999905886, 0.9999999999761835, 0.9999999999815983, 0.9999999999972747, 0.9999999999999212, 0.999999999996205, 0.9999999999817826, 0.999999999992365, 0.9999999999946576, 0.9999999999983936, 0.9999999999842342, 0.9999999999942419, 0.9999999998763125, 0.9999999998996741, 0.9999999999833933, 0.9999999999998739, 0.9999999999406373], [0.9999999999449782, 0.9999999999638749, 0.9999999999976285, 0.9999999999997479, 0.9999999999845555, 0.9999999999640043, 0.9999999999946445, 0.9999999999788711, 0.9999999999992872, 0.9999999999965781, 0.9999999999610882, 0.999999999924431, 0.9999999999949283, 1.0, 0.9999999997193465, 0.9999999999910034, 0.9999999996360824, 0.9999999999928972, 0.9999999999853684, 0.9999999999748701, 0.9999999999900344, 0.9999999999681009, 0.9999999998945045, 0.9999999999926359, 0.9999999999927185, 0.9999999999726004, 0.9999999999349536, 0.999999999936199, 0.9999999999792832, 0.9999999999412414, 0.9999999999988494, 0.9999999999999956, 0.9999999999977461, 0.9999999999989767, 0.9999999999981679, 0.9999999999946745, 0.9999999999929389, 0.9999999999934175, 0.9999999999983603, 0.9999999999999902, 0.9999999999989382, 0.9999999999777047, 0.9999999999928898, 0.9999999999930065, 0.9999999999833367, 0.9999999999993012, 0.9999999999946554, 0.9999999999734759, 0.9999999999280058, 0.9999999999999618, 0.9999999999806237, 0.9999999999955854, 0.9999999999981962, 0.9999999998710304, 0.9999999996848925, 0.9999999997754578, 0.9999999999693028, 0.9999999998933107, 0.9999999998648792, 0.9999999999797851, 0.999999999919422, 0.9999999998714397, 0.9999999999858096, 0.9999999999890969, 0.9999999999979746, 0.9999999999905178, 0.9999999999860367, 0.9999999999920721, 0.9999999999784805, 0.9999999999976961, 0.9999999999852782, 0.9999999999866713, 0.9999999999981112, 0.999999999982794, 0.9999999999904119, 0.9999999999599595, 0.9999999999993345, 0.9999999999930926, 0.9999999999958478, 0.9999999999996385, 0.9999999999935856, 0.9999999999999076, 0.9999999999959351, 0.9999999999748481, 0.9999999999791755, 0.9999999999876135, 0.9999999999612785, 0.9999999999783622, 0.9999999998211491, 0.9999999998494886, 0.9999999999599669, 0.9999999999964014, 0.9999999999008632], [0.9999999999128566, 0.9999999998846031, 0.9999999996653774, 0.9999999997359172, 0.9999999998355769, 0.9999999998843712, 0.9999999996364528, 0.9999999998522293, 0.9999999996903479, 0.9999999996539453, 0.9999999998894393, 0.9999999999350417, 0.9999999997897301, 0.9999999997193465, 1.0, 0.9999999998108472, 0.9999999999945994, 0.9999999998015394, 0.9999999998328775, 0.9999999998621781, 0.9999999998151524, 0.9999999998766838, 0.9999999999579886, 0.999999999802905, 0.999999999802477, 0.99999999986733, 0.9999999999245259, 0.9999999999231719, 0.9999999998511317, 0.999999999917421, 0.9999999997541364, 0.9999999997215572, 0.9999999996667917, 0.999999999684431, 0.9999999996721625, 0.9999999997913414, 0.9999999998013186, 0.9999999996268012, 0.999999999674803, 0.9999999997226477, 0.99999999975281, 0.999999999538846, 0.9999999996228941, 0.999999999800959, 0.9999999998394546, 0.9999999996906388, 0.9999999997914609, 0.9999999998653806, 0.9999999999316439, 0.9999999997258505, 0.9999999998474562, 0.9999999997853296, 0.9999999996725428, 0.9999999999708806, 0.9999999999990029, 0.9999999999968743, 0.9999999998742863, 0.9999999999587366, 0.9999999999736977, 0.9999999998497757, 0.999999999939531, 0.9999999999706857, 0.9999999998313713, 0.9999999995978092, 0.9999999997650042, 0.9999999998130382, 0.9999999995801823, 0.9999999998057587, 0.9999999995423987, 0.9999999996661852, 0.999999999576068, 0.9999999995836948, 0.9999999997635054, 0.9999999998411213, 0.9999999996060103, 0.9999999998913202, 0.9999999996913483, 0.9999999996243805, 0.9999999996469208, 0.9999999997391286, 0.9999999997977905, 0.9999999997294393, 0.9999999996477296, 0.99999999986223, 0.9999999998514202, 0.9999999998248807, 0.9999999998891178, 0.9999999998535639, 0.999999999988581, 0.9999999999798901, 0.999999999891308, 0.9999999997793074, 0.9999999999538148], [0.9999999999804792, 0.9999999999909339, 0.9999999999793938, 0.9999999999937633, 0.9999999999991341, 0.9999999999909988, 0.9999999999717654, 0.9999999999974492, 0.9999999999852264, 0.9999999999764846, 0.9999999999895122, 0.9999999999675828, 0.9999999999994413, 0.9999999999910034, 0.9999999998108472, 1.0, 0.9999999997415239, 0.9999999999998883, 0.9999999999993182, 0.9999999999959457, 0.9999999999999752, 0.9999999999929854, 0.9999999999471229, 0.9999999999999183, 0.9999999999999094, 0.9999999999950047, 0.9999999999743386, 0.9999999999751188, 0.9999999999975908, 0.9999999999782285, 0.9999999999962876, 0.9999999999913957, 0.9999999999797435, 0.999999999983912, 0.9999999999810514, 0.9999999999995215, 0.999999999999883, 0.99999999996903, 0.9999999999816822, 0.9999999999915865, 0.9999999999961231, 0.9999999999403829, 0.9999999999678972, 0.9999999999998741, 0.9999999999988278, 0.9999999999852899, 0.9999999999995273, 0.9999999999953744, 0.9999999999699092, 0.9999999999921366, 0.9999999999980334, 0.9999999999991929, 0.9999999999811428, 0.9999999999301599, 0.9999999997823834, 0.9999999998563526, 0.9999999999935429, 0.9999999999462768, 0.9999999999256144, 0.99999999999776, 0.9999999999642744, 0.999999999930461, 0.9999999999994109, 0.9999999999602922, 0.9999999999975153, 0.9999999999999937, 0.9999999999546241, 0.9999999999999662, 0.999999999941656, 0.9999999999795939, 0.9999999999532647, 0.9999999999557738, 0.9999999999973591, 0.9999999999986808, 0.9999999999628402, 0.9999999999889222, 0.9999999999854442, 0.99999999996833, 0.9999999999746274, 0.9999999999942485, 0.9999999999997822, 0.9999999999927346, 0.9999999999748439, 0.9999999999959368, 0.9999999999975541, 0.9999999999997295, 0.9999999999896108, 0.9999999999972702, 0.9999999998923784, 0.999999999914088, 0.9999999999889262, 0.9999999999987846, 0.9999999999515958], [0.9999999998640685, 0.9999999998292743, 0.9999999995749559, 0.9999999996549868, 0.9999999997705784, 0.9999999998289922, 0.9999999995424328, 0.9999999997903293, 0.9999999996031601, 0.9999999995620834, 0.9999999998351681, 0.9999999998921812, 0.999999999716933, 0.9999999996360824, 0.9999999999945994, 0.9999999997415239, 1.0, 0.9999999997306623, 0.9999999997673918, 0.9999999998022133, 0.9999999997465607, 0.9999999998196701, 0.9999999999224627, 0.9999999997322535, 0.9999999997317547, 0.9999999998083947, 0.999999999878747, 0.9999999998770324, 0.9999999997890225, 0.9999999998697842, 0.9999999996758581, 0.9999999996386004, 0.9999999995765498, 0.9999999995964655, 0.9999999995826072, 0.9999999997188029, 0.999999999730405, 0.9999999995316124, 0.9999999995855873, 0.999999999639843, 0.9999999996743352, 0.9999999994336359, 0.9999999995272366, 0.9999999997299861, 0.9999999997751633, 0.9999999996034894, 0.9999999997189417, 0.9999999998060534, 0.9999999998878162, 0.9999999996434938, 0.9999999997846512, 0.999999999711831, 0.9999999995830364, 0.9999999999403993, 0.9999999999982434, 0.9999999999832564, 0.9999999998167735, 0.99999999992348, 0.9999999999444604, 0.9999999997874086, 0.999999999897988, 0.9999999999401206, 0.9999999997656157, 0.9999999994991982, 0.9999999996883546, 0.9999999997440863, 0.9999999994795505, 0.9999999997355813, 0.9999999994375739, 0.9999999995758664, 0.9999999994749709, 0.9999999994834622, 0.999999999686629, 0.9999999997771364, 0.9999999995083544, 0.9999999998374662, 0.9999999996042928, 0.9999999995289011, 0.999999999554186, 0.9999999996586587, 0.9999999997262978, 0.9999999996475881, 0.9999999995550948, 0.9999999998022755, 0.9999999997893658, 0.9999999997579744, 0.9999999998347755, 0.9999999997919198, 0.9999999999674745, 0.9999999999536469, 0.9999999998374514, 0.9999999997048602, 0.9999999999168279], [0.9999999999774133, 0.999999999988809, 0.9999999999823173, 0.9999999999953213, 0.9999999999984002, 0.9999999999888809, 0.9999999999752065, 0.9999999999962694, 0.9999999999876846, 0.9999999999796153, 0.999999999987235, 0.9999999999636642, 0.9999999999998295, 0.9999999999928972, 0.9999999998015394, 0.9999999999998883, 0.9999999997306623, 1.0, 0.9999999999986544, 0.9999999999944876, 0.9999999999997582, 0.9999999999911029, 0.9999999999421489, 0.9999999999999976, 0.9999999999999989, 0.9999999999933985, 0.9999999999708398, 0.9999999999716718, 0.9999999999964413, 0.999999999974997, 0.9999999999974643, 0.9999999999932452, 0.9999999999826412, 0.9999999999864821, 0.9999999999838503, 0.9999999999998723, 1.0, 0.9999999999726392, 0.9999999999844322, 0.9999999999934142, 0.9999999999973279, 0.9999999999454339, 0.999999999971574, 0.9999999999999997, 0.9999999999979923, 0.9999999999877426, 0.9999999999998752, 0.9999999999938245, 0.9999999999661296, 0.9999999999938999, 0.9999999999969837, 0.9999999999996818, 0.9999999999839346, 0.9999999999244602, 0.999999999772408, 0.999999999848227, 0.9999999999917322, 0.9999999999412641, 0.9999999999197358, 0.9999999999966476, 0.9999999999601661, 0.9999999999247733, 0.9999999999987859, 0.9999999999643938, 0.9999999999984575, 0.9999999999998286, 0.9999999999590163, 0.9999999999999774, 0.9999999999466515, 0.9999999999825027, 0.999999999957724, 0.9999999999601088, 0.999999999998334, 0.9999999999978011, 0.9999999999668043, 0.9999999999865851, 0.9999999999878835, 0.9999999999719811, 0.9999999999778837, 0.9999999999957403, 0.9999999999999825, 0.9999999999944251, 0.9999999999780858, 0.9999999999944773, 0.9999999999963967, 0.9999999999992701, 0.9999999999873439, 0.9999999999960538, 0.9999999998853302, 0.9999999999077787, 0.9999999999865894, 0.99999999999941, 0.9999999999468321], [0.9999999999870937, 0.9999999999952245, 0.9999999999712157, 0.9999999999889574, 0.9999999999999889, 0.9999999999952714, 0.9999999999623086, 0.9999999999994049, 0.9999999999781972, 0.9999999999677949, 0.9999999999941784, 0.9999999999763034, 0.9999999999975253, 0.9999999999853684, 0.9999999998328775, 0.9999999999993182, 0.9999999997673918, 0.9999999999986544, 1.0, 0.999999999998589, 0.9999999999995535, 0.9999999999966773, 0.9999999999584495, 0.9999999999987645, 0.9999999999987306, 0.9999999999980138, 0.9999999999820224, 0.9999999999826743, 0.9999999999994722, 0.9999999999852522, 0.9999999999924241, 0.9999999999858697, 0.9999999999716294, 0.9999999999766065, 0.999999999973181, 0.9999999999976974, 0.9999999999986361, 0.9999999999591581, 0.9999999999739325, 0.9999999999861147, 0.9999999999921897, 0.9999999999269503, 0.9999999999578588, 0.9999999999986062, 0.9999999999999339, 0.9999999999782743, 0.9999999999977099, 0.9999999999982443, 0.9999999999782861, 0.9999999999868241, 0.9999999999996674, 0.9999999999970276, 0.9999999999732898, 0.9999999999432787, 0.9999999998060627, 0.9999999998754632, 0.9999999999970575, 0.999999999957699, 0.9999999999391753, 0.9999999999995498, 0.999999999973463, 0.99999999994355, 0.9999999999999967, 0.9999999999492043, 0.9999999999942304, 0.9999999999994438, 0.9999999999428182, 0.999999999998981, 0.9999999999283602, 0.9999999999714522, 0.9999999999412934, 0.9999999999441098, 0.9999999999939937, 0.9999999999998956, 0.9999999999520917, 0.9999999999937368, 0.999999999978462, 0.9999999999583546, 0.9999999999656274, 0.9999999999896063, 0.9999999999983296, 0.9999999999876015, 0.9999999999658795, 0.9999999999985838, 0.9999999999994549, 0.9999999999999065, 0.9999999999942518, 0.9999999999993169, 0.9999999999088283, 0.9999999999287128, 0.9999999999937398, 0.9999999999962823, 0.9999999999624032], [0.9999999999942173, 0.999999999999005, 0.999999999957059, 0.999999999979652, 0.999999999998827, 0.9999999999990263, 0.9999999999463127, 0.9999999999998267, 0.9999999999656934, 0.999999999952902, 0.9999999999984994, 0.999999999986457, 0.9999999999923772, 0.9999999999748701, 0.9999999998621781, 0.9999999999959457, 0.9999999998022133, 0.9999999999944876, 0.999999999998589, 1.0, 0.9999999999965549, 0.9999999999995968, 0.9999999999723519, 0.9999999999947131, 0.999999999994643, 0.9999999999999509, 0.9999999999906841, 0.9999999999911519, 0.9999999999997871, 0.9999999999929645, 0.9999999999844742, 0.9999999999755287, 0.9999999999575646, 0.9999999999637053, 0.9999999999594673, 0.9999999999926815, 0.9999999999944507, 0.9999999999425648, 0.9999999999603922, 0.9999999999758511, 0.9999999999841395, 0.9999999999052347, 0.9999999999410258, 0.9999999999943905, 0.9999999999991334, 0.9999999999657903, 0.9999999999927038, 0.9999999999999811, 0.9999999999879454, 0.9999999999767897, 0.9999999999996265, 0.9999999999915209, 0.999999999959601, 0.9999999999597597, 0.9999999998377356, 0.9999999999005638, 0.9999999999997217, 0.9999999999717392, 0.9999999999562923, 0.9999999999997329, 0.9999999999842901, 0.9999999999599882, 0.9999999999984476, 0.9999999999308617, 0.9999999999871132, 0.999999999996261, 0.9999999999234428, 0.9999999999951719, 0.9999999999068415, 0.9999999999573481, 0.9999999999216801, 0.9999999999249385, 0.9999999999867604, 0.9999999999992518, 0.9999999999342373, 0.9999999999982713, 0.9999999999660258, 0.9999999999416128, 0.9999999999502883, 0.9999999999805363, 0.9999999999938483, 0.9999999999778255, 0.9999999999505915, 1.0, 0.9999999999997978, 0.9999999999977693, 0.9999999999985365, 0.9999999999998694, 0.9999999999301011, 0.9999999999473599, 0.9999999999982728, 0.9999999999902907, 0.999999999975559], [0.9999999999818454, 0.9999999999918572, 0.9999999999779399, 0.9999999999929523, 0.9999999999994023, 0.9999999999919186, 0.9999999999700677, 0.9999999999979272, 0.9999999999839915, 0.9999999999749332, 0.9999999999905069, 0.9999999999693506, 0.9999999999991813, 0.9999999999900344, 0.9999999998151524, 0.9999999999999752, 0.9999999997465607, 0.9999999999997582, 0.9999999999995535, 0.9999999999965549, 1.0, 0.9999999999937945, 0.9999999999493874, 0.9999999999998035, 0.9999999999997898, 0.9999999999956836, 0.9999999999759087, 0.9999999999766644, 0.9999999999980548, 0.9999999999796728, 0.9999999999956564, 0.9999999999904474, 0.9999999999783018, 0.9999999999826246, 0.9999999999796562, 0.999999999999279, 0.9999999999997504, 0.9999999999672532, 0.99999999998031, 0.9999999999906485, 0.9999999999954785, 0.9999999999379272, 0.9999999999660887, 0.9999999999997375, 0.999999999999144, 0.9999999999840576, 0.999999999999286, 0.9999999999960267, 0.9999999999716115, 0.999999999991229, 0.99999999999845, 0.9999999999988853, 0.9999999999797509, 0.9999999999327661, 0.999999999787003, 0.9999999998601012, 0.9999999999943181, 0.9999999999485596, 0.9999999999283049, 0.9999999999982064, 0.9999999999661313, 0.9999999999330615, 0.9999999999996277, 0.9999999999582836, 0.9999999999969943, 0.999999999999994, 0.9999999999524785, 0.9999999999998836, 0.9999999999392264, 0.9999999999781469, 0.9999999999510877, 0.9999999999536553, 0.9999999999968228, 0.9999999999990177, 0.9999999999608962, 0.9999999999899454, 0.9999999999842183, 0.9999999999665334, 0.9999999999730168, 0.9999999999934688, 0.9999999999996105, 0.9999999999918612, 0.9999999999732401, 0.9999999999965467, 0.9999999999980217, 0.9999999999998685, 0.9999999999906009, 0.9999999999977656, 0.9999999998956197, 0.9999999999169813, 0.9999999999899492, 0.9999999999984128, 0.9999999999537614], [0.9999999999968681, 0.9999999999998685, 0.999999999948334, 0.9999999999735203, 0.9999999999970486, 0.9999999999998763, 0.9999999999366045, 0.9999999999988948, 0.9999999999578519, 0.9999999999437836, 0.9999999999996518, 0.9999999999907273, 0.9999999999884679, 0.9999999999681009, 0.9999999998766838, 0.9999999999929854, 0.9999999998196701, 0.9999999999911029, 0.9999999999966773, 0.9999999999995968, 0.9999999999937945, 1.0, 0.9999999999786262, 0.99999999999139, 0.9999999999913004, 0.999999999999829, 0.9999999999941571, 0.9999999999945262, 0.999999999998798, 0.9999999999959297, 0.9999999999790672, 0.9999999999688433, 0.9999999999488888, 0.9999999999556514, 0.999999999950979, 0.9999999999888428, 0.999999999991056, 0.9999999999325373, 0.9999999999519968, 0.9999999999692073, 0.9999999999786788, 0.9999999998924691, 0.9999999999308703, 0.9999999999909797, 0.9999999999975481, 0.9999999999579593, 0.9999999999888705, 0.9999999999997522, 0.9999999999919513, 0.9999999999702683, 0.9999999999984474, 0.9999999999874198, 0.999999999951126, 0.9999999999674125, 0.9999999998535093, 0.9999999999128242, 0.9999999999999885, 0.9999999999780871, 0.9999999999642848, 0.9999999999986733, 0.9999999999889204, 0.9999999999676181, 0.9999999999964622, 0.9999999999198992, 0.9999999999821512, 0.9999999999934023, 0.999999999911928, 0.9999999999919784, 0.9999999998941811, 0.9999999999486511, 0.9999999999100382, 0.9999999999135327, 0.9999999999817364, 0.9999999999977