"[[1.0, 0.9931564348227206, 0.9399956797836432, 0.963195565901239, 0.839867583134636, 0.9430597728229446, 0.8575138856859915, 0.8395591589678277, 0.9415514455918024, 0.8758622136371239, 0.9422500124437725, 0.9675760070981569, 0.8674839143285911, 0.9078905696785894, 0.8606285790487961, 0.9329428185186297, 0.7393482231423945, 0.8715412439076173, 0.8356762469312017, 0.9015379394870904, 0.924233228534709, 0.9319286208016696, 0.9838598579121548, 0.9643727383113441, 0.9034167908153657, 0.8366853463357533, 0.9667128936241802, 0.8638473309997012, 0.9163518058949409, 0.9655655683508054, 0.9392041563072221, 0.8880824256401854, 0.912352280152519, 0.9315363801761278, 0.7756390959614357, 0.8503128530276678, 0.7451105248310542, 0.7875407313242615, 0.7656891408273685, 0.8508726041347023, 0.737073874299837, 0.8894079862773998, 0.7594920787492742, 0.8636077853142909, 0.7554623801182054, 0.7211512022444311, 0.9073962855067257, 0.7262587382814629, 0.7605996659162555, 0.7702666743139233, 0.8201900296089559, 0.9893530042179203, 0.8084573894444103, 0.8235459029471106, 0.8257216640141256, 0.784588705016406, 0.846098031319243, 0.8238453780502506, 0.7967127994579706, 0.8669046809662548, 0.9031136043391385, 0.8709356314185526, 0.9643168653146825, 0.941298576028736, 0.9068721994296443, 0.8648851010966747, 0.9057481710821613, 0.8593054140400413, 0.9036105320432253, 0.8549205400946276, 0.8973229132907201, 0.9259733863521139, 0.9193181836721983, 0.8651757807331014, 0.8954714035601438, 0.7810555282252929, 0.841266872813572, 0.9341559851681712, 0.9153927219229929, 0.9079208777460401, 0.8910087295320265, 0.9354321055433473, 0.9256871551595298, 0.8985255211485623, 0.8954686113253982, 0.9703696721550299, 0.9305448497972386, 0.9038748704088975, 0.8638368944416065, 0.8958019527381358, 0.897068518802573, 0.9116957237714163, 0.9387675290611436], [0.9931564348227206, 1.0, 0.9560995001614842, 0.9687380715908853, 0.8295117820163997, 0.9751502950419322, 0.8389644071192972, 0.8849230432307946, 0.9500496545997258, 0.8682468497816188, 0.9622142794063833, 0.9727238085577992, 0.8771851683768914, 0.9450395361023476, 0.8631806641619248, 0.9488049799599578, 0.8016417288946469, 0.8682830845343908, 0.8891349574914805, 0.9291810376221867, 0.9027689515945367, 0.9674226209083014, 0.9964884721158742, 0.975336330094364, 0.929195906400222, 0.8904169909271664, 0.9823412153291164, 0.9133575076359999, 0.9416410838760654, 0.950155399624992, 0.9713959606353001, 0.8573557096178138, 0.8942175402976605, 0.929386897820218, 0.7400843166595675, 0.8006315950437891, 0.7238019946584683, 0.7550965793303392, 0.7594446745434719, 0.8096098312428996, 0.6870720730345266, 0.8909980515411726, 0.7647615591571464, 0.8263651464616515, 0.7159564904928941, 0.6869927008195833, 0.9315065648495245, 0.6926151482644888, 0.7676989579729592, 0.8004116506177301, 0.7973555547319207, 0.9791748774741631, 0.8622262736387987, 0.7975977478044713, 0.8609065623502691, 0.7377385429267311, 0.8171445285384697, 0.782983974906406, 0.8518386938711271, 0.8438935094843332, 0.8803326719564555, 0.8529878189706048, 0.9544014106022953, 0.9560758552214543, 0.9008277548782462, 0.9013974136947289, 0.9169350932337935, 0.875384851286777, 0.90210134009794, 0.895393113724083, 0.8925199399086607, 0.9253464009275829, 0.9417083550898184, 0.9146580098414411, 0.9156164247980976, 0.8322626554206463, 0.8885786699213634, 0.9645846533289659, 0.9421268477671326, 0.8775030245425907, 0.9149081203339267, 0.9279148221381965, 0.9032840021885776, 0.879649096534439, 0.8735407030948761, 0.9532367752365887, 0.9160608228993314, 0.875172593363167, 0.8472616438516344, 0.874674347907337, 0.882165782330893, 0.8887169268223915, 0.9313037185727593], [0.9399956797836432, 0.9560995001614842, 1.0, 0.859088950776662, 0.9328377665125764, 0.9478516922390428, 0.9219944373208726, 0.9240544409302094, 0.9967753886759956, 0.9557131513750117, 0.9987058346080615, 0.9226672132121889, 0.9726338286394184, 0.9554371729807244, 0.7439033611673818, 0.9994737997465614, 0.8040608967404916, 0.9608963004477944, 0.888615236033399, 0.839146344913624, 0.9044810119530237, 0.9438232923019809, 0.9738876036166513, 0.9902055040820195, 0.9898768577163942, 0.8616827076152607, 0.985005128341904, 0.9125188896934251, 0.8584948703856711, 0.8273969767440229, 0.9295006015148537, 0.8871863686367947, 0.7678402375398307, 0.8958373107171358, 0.6475907879220668, 0.7029325438610092, 0.6141765965759627, 0.6691632012610125, 0.6453806294222687, 0.8305066071171779, 0.5805002564196351, 0.8724859510488554, 0.6663257444803126, 0.8207699209925172, 0.620843075484147, 0.5594879046268786, 0.8690011101239952, 0.5809960886040539, 0.6708709380702791, 0.725444922709265, 0.6391730895036115, 0.9401612067019505, 0.8265419974152952, 0.6555640848488848, 0.8345002138230557, 0.5688469753896084, 0.6560666247786254, 0.6040636100890031, 0.7930549814145005, 0.6675273383894276, 0.7572666945345998, 0.6803710323454326, 0.8501575583752526, 0.9463532996577824, 0.9613475121246489, 0.9359223667635799, 0.9893043049416776, 0.8295373609931733, 0.9537301499553976, 0.9402915232734511, 0.9532771360035907, 0.9606786773764235, 0.9586399707307418, 0.910834711582972, 0.9595563855606786, 0.8187074163837699, 0.9264416567346176, 0.9737591076055508, 0.921579539084389, 0.8304906042361972, 0.8694953720373595, 0.8669585502228551, 0.9093261334711411, 0.8075653700844351, 0.7765173845708084, 0.8856101983476641, 0.8697262982492091, 0.7553586772001555, 0.7240698499767622, 0.7270456299400709, 0.8029198606885455, 0.7782081303747819, 0.8741791069210765], [0.963195565901239, 0.9687380715908853, 0.859088950776662, 1.0, 0.6837425709286478, 0.9476652240158056, 0.707273680499846, 0.8252851477034431, 0.8461664503060657, 0.7316065375104112, 0.8734504870202698, 0.9446184296587448, 0.7448993327999442, 0.8949932670423173, 0.9075432677890767, 0.8472436471188967, 0.7968369473970551, 0.7304624343381034, 0.8666564286671655, 0.956711574268071, 0.8226386271733896, 0.9390066194662223, 0.9495843768563451, 0.8958817194834624, 0.8293404482135815, 0.8915285859868505, 0.9153409429783014, 0.8844929108244071, 0.9597567600898795, 0.9823776500793009, 0.9582738280634695, 0.7657442392380589, 0.9435256531045245, 0.9025175095077002, 0.7774550769431695, 0.8209370042623685, 0.7878119691309369, 0.7864095103036504, 0.8303013865901525, 0.7277220539384225, 0.7349522692699644, 0.8605631341382444, 0.828054678593031, 0.769690949129937, 0.7568854646677984, 0.763695823143405, 0.9435843811661149, 0.7554441182193312, 0.8301331982906058, 0.8503091143718284, 0.8723802934493143, 0.9337943336667449, 0.8759671942891969, 0.8728835130987268, 0.8607219201867908, 0.8294443155597468, 0.8900054677864755, 0.8756066673578072, 0.8860935594578048, 0.9355149155888971, 0.9126193092607442, 0.940730037075452, 0.9777158985887131, 0.9119225955287606, 0.7884382203655922, 0.839066626436503, 0.7996206303719187, 0.8801699854792513, 0.8019520170438343, 0.8262065290184192, 0.7830426861512514, 0.8364005885644646, 0.8802519223320124, 0.8880645428165681, 0.8333173126956636, 0.8325218386435768, 0.82990502417385, 0.9078233419851878, 0.9167748636683593, 0.8537287630143409, 0.9156783366503998, 0.9060706463039112, 0.8192451815079268, 0.8668215131938709, 0.882554519521016, 0.9309331908996514, 0.8788518773976968, 0.9022006118150903, 0.8861782261920981, 0.9322968430838319, 0.8775206962146613, 0.9082528972921005, 0.9057595443519214], [0.839867583134636, 0.8295117820163997, 0.9328377665125764, 0.6837425709286478, 1.0, 0.7775447084808014, 0.9914830552299922, 0.7944364744775374, 0.9510622978382599, 0.9965403973954168, 0.9150272843422274, 0.7961004009332523, 0.9781311262717904, 0.8113502296154282, 0.5779841639399542, 0.9400429347446699, 0.6135246946306364, 0.9959469958758647, 0.7034056732159557, 0.6298172297319191, 0.8970509735440892, 0.7691046486014703, 0.8516895699777913, 0.906622816224528, 0.9186515635697464, 0.6506086138884885, 0.8784876290799684, 0.7327874441676521, 0.6590047770807913, 0.6939817770420609, 0.7473301260831465, 0.9393481246124231, 0.6497015509859565, 0.8145779443873042, 0.6261517503734157, 0.7004857943222457, 0.5459199117385458, 0.6437028600419007, 0.5310827602904877, 0.9080250049502245, 0.58912799303251, 0.8015499732225615, 0.5367960392496833, 0.8642008088989941, 0.6102522960507842, 0.511936345382453, 0.6974990262569685, 0.5454392653865515, 0.5378015668200327, 0.5493253434799823, 0.5118410747668645, 0.8608309487130735, 0.6146166357870831, 0.5581367856223443, 0.678665476961755, 0.5058576136088413, 0.5392386499002428, 0.5088539026615613, 0.5582413358097293, 0.5220977723496406, 0.6484315315566931, 0.5233892792414243, 0.7211899645531525, 0.8393757691490595, 0.9726312867773157, 0.8220000098974602, 0.9653324633370636, 0.7020457771998574, 0.9470759412588284, 0.826058119295525, 0.9635301588270793, 0.934325801297845, 0.8579756829209236, 0.7283285605956089, 0.8916720371076228, 0.6380482830838349, 0.7900615400216171, 0.8417064494230394, 0.778179688721889, 0.8141088192679649, 0.7163942720461007, 0.7670201613903795, 0.9081277269159358, 0.7320251727338609, 0.688139928693162, 0.8012893612937035, 0.8010490079710628, 0.6646857420485176, 0.6037119449375932, 0.5947364976720488, 0.7110895177098093, 0.6793291706433378, 0.7770080304524556], [0.9430597728229446, 0.9751502950419322, 0.9478516922390428, 0.9476652240158056, 0.7775447084808014, 1.0, 0.7724434699278746, 0.9410738334824345, 0.927189632389487, 0.8189959403720745, 0.9614329431483108, 0.945128867505737, 0.8610924552711756, 0.981283661058078, 0.8418827728281817, 0.9405020839895444, 0.8991387159933413, 0.8274490604504834, 0.9619095300653433, 0.9508167216261767, 0.8264114867993084, 0.9989453752142905, 0.9816330631109151, 0.9563596911843839, 0.9417213620291038, 0.9646385438169442, 0.9724259178251254, 0.9763022455092085, 0.9573290152949463, 0.8905431640061147, 0.9978521912611431, 0.7698860647401953, 0.8367978536893405, 0.8955309567878502, 0.6617919622325967, 0.6888652794064516, 0.675451557431907, 0.6812784184320435, 0.7372155020110467, 0.7065500430789937, 0.585513559937815, 0.8673283660799449, 0.7635319263677057, 0.7318489299931269, 0.6321430541643672, 0.6174557467234345, 0.9489400182666641, 0.623021264179295, 0.7696390755976708, 0.8421807349643616, 0.7351393149605192, 0.9218776725629474, 0.9400379484950376, 0.7346986205790558, 0.9044313791055291, 0.6394014078138148, 0.7423862559776122, 0.6912626742238271, 0.933502874729045, 0.7814053943280251, 0.8098320609438252, 0.7984823913910752, 0.9058638687520346, 0.9505313184024324, 0.855065641721807, 0.939754183994775, 0.9015823414680894, 0.8824400641751493, 0.8661700686958207, 0.9409584297903151, 0.8502461836432607, 0.8900119295630765, 0.9504128038190487, 0.9775453440027699, 0.9208298066790895, 0.907556500388199, 0.9479658967107532, 0.9860157599171965, 0.9613703102189324, 0.7941798790258916, 0.9329075728650867, 0.8791698347378873, 0.8250500863177073, 0.8130424213092959, 0.8031582921178879, 0.885443835875827, 0.8540301037422983, 0.7936367022159923, 0.7906217868219583, 0.8098278314618529, 0.8233523474122093, 0.8163688384098641, 0.8822405017450685], [0.8575138856859915, 0.8389644071192972, 0.9219944373208726, 0.707273680499846, 0.9914830552299922, 0.7724434699278746, 1.0, 0.7933339658805915, 0.9396862836119453, 0.9868182766479863, 0.9052355926542734, 0.785013404828149, 0.9700759401515817, 0.8108978340032109, 0.5649720373017001, 0.9300915122217828, 0.6110190975461562, 0.9867773229057142, 0.6973641806745406, 0.6180409799830457, 0.8837992531089865, 0.7584361157633687, 0.8517660693135336, 0.8940636692405843, 0.9099450748652262, 0.6439469121209432, 0.865931733067541, 0.7256252374328169, 0.6467718006620362, 0.7244412396285863, 0.7482200684430055, 0.9749405629401999, 0.7113315886335716, 0.8601945077035392, 0.710479230189854, 0.7743006047881749, 0.6297825173884065, 0.726218536800259, 0.6067423573968551, 0.9532904539812315, 0.6763991700235669, 0.8501452089475883, 0.6058149365069754, 0.9204662789516502, 0.6965068608897017, 0.600048806480404, 0.7293403862861992, 0.6334801893214558, 0.6054370537909334, 0.5953577995981221, 0.5221929407585821, 0.8647687366611925, 0.6183802691620852, 0.6350565194449396, 0.7097144972451506, 0.5799331067592235, 0.5604702094266261, 0.5627280370856488, 0.5560762284166677, 0.56737575928302, 0.6557184359206196, 0.5567670749838884, 0.7661644109508139, 0.8644109063084964, 0.9852554482619031, 0.8294055074481078, 0.9593499490368844, 0.7498706054318437, 0.9671801487424043, 0.8260901697999818, 0.9803053644099644, 0.9559858840370075, 0.8733994859570906, 0.7210606855071682, 0.905093442865649, 0.6518061943935951, 0.785206437131551, 0.8406701441031923, 0.8002991229268632, 0.8745458318667283, 0.751243619107445, 0.7523416516813356, 0.8968019044989396, 0.7184736648539984, 0.683101850140705, 0.8049005773553103, 0.7863286302379091, 0.6753330341180389, 0.5995595417678465, 0.6130877600333553, 0.6966127381847097, 0.6833609423081979, 0.7623180455612999], [0.8395591589678277, 0.8849230432307946, 0.9240544409302094, 0.8252851477034431, 0.7944364744775374, 0.9410738334824345, 0.7933339658805915, 1.0, 0.8923400600371932, 0.8150401793480611, 0.9383851456904089, 0.7995596083863918, 0.8993394364144485, 0.9872424698624767, 0.6315429274061567, 0.9267255947919022, 0.9597193728478168, 0.8380896380612208, 0.9809675797621191, 0.8089098368384542, 0.6932394428834096, 0.937668469301298, 0.901882328572836, 0.8855330754269091, 0.9624741423475732, 0.9527939655982194, 0.8960499828630409, 0.981335267140089, 0.815337220848382, 0.7365445149712408, 0.938980321763554, 0.7760979417974502, 0.7590855460405261, 0.8995283109625777, 0.6682840632605869, 0.6291764896720398, 0.6910094994749728, 0.6934581664969763, 0.7495172033483428, 0.7156125120571526, 0.5668149225959478, 0.9072428898919884, 0.795928962085791, 0.7444763545473375, 0.6373094435728525, 0.6073131259235556, 0.9357596872292613, 0.6294454716823119, 0.8031749920254775, 0.8822311678317641, 0.5057075134671107, 0.7960075721111606, 0.9508844897480129, 0.6791445900624381, 0.9584290317566591, 0.5205569549461286, 0.5223190687576301, 0.5161322070980304, 0.9096701452727672, 0.6104121001578502, 0.596763686306879, 0.6100422046059429, 0.8159904770526232, 0.9555526510351631, 0.8749786596586298, 0.9960646812220305, 0.9169724894729401, 0.9202736344894524, 0.9029529155237958, 0.9982560295881842, 0.8840980040252366, 0.911347015402146, 0.9759819100087977, 0.9789241923331489, 0.9700230198693522, 0.9662320181721622, 0.9993195151859446, 0.9740651647003287, 0.9716172330778421, 0.7775847621834655, 0.9473074092188788, 0.6976992900102869, 0.6993635379101844, 0.6098508365591877, 0.5900023029422947, 0.7202896014680578, 0.6771847695333016, 0.5823594136611199, 0.5659110556130531, 0.601813519667003, 0.6171183443951095, 0.6068719234392711, 0.7043297669521833], [0.9415514455918024, 0.9500496545997258, 0.9967753886759956, 0.8461664503060657, 0.9510622978382599, 0.927189632389487, 0.9396862836119453, 0.8923400600371932, 1.0, 0.9720127899652016, 0.9917357325617717, 0.9255527246527664, 0.9744999761345308, 0.9297902727964935, 0.7463687500427167, 0.9962524610262281, 0.7571021735712302, 0.9735945507517685, 0.8509619117078763, 0.8222313941402997, 0.9309675981484538, 0.9226040714910828, 0.9674383825195723, 0.9910716171261742, 0.9782244446108501, 0.823135953114672, 0.9817294038292252, 0.8787392299630301, 0.8440202059661644, 0.8282657954544712, 0.9059069312558021, 0.9026859886706755, 0.7581402003266818, 0.8827073118102652, 0.6429292469511667, 0.7142885289438193, 0.5973599286779943, 0.6630248729257452, 0.6196579609078368, 0.8500938776967533, 0.5855231532402079, 0.8552787683970637, 0.6343595290192949, 0.8320767675853985, 0.6183433162193399, 0.5505698190182876, 0.8388874526295969, 0.5722586690527343, 0.6380311799231134, 0.6832456473352597, 0.6513544618918456, 0.9501153216592886, 0.7834101178559909, 0.6448650821819027, 0.7961850094644007, 0.5748729294588585, 0.6690883366993223, 0.6131719627962644, 0.7502736761777788, 0.6660742418473731, 0.7725228375674874, 0.6796337784480302, 0.8415306869790035, 0.928466158706486, 0.967074072367877, 0.9081154656136412, 0.9887642971159787, 0.7997677080005454, 0.9525608162448629, 0.9124120761330166, 0.9563028605129751, 0.9578655350625637, 0.9390281631360053, 0.8770333671750036, 0.9431989450389802, 0.7742152498440478, 0.8945934748580051, 0.9539648444374711, 0.8945890440784123, 0.8337221227778215, 0.8387865323685522, 0.8808030205622606, 0.9359745837373208, 0.8294240699733681, 0.7966726315159469, 0.9001868039816501, 0.8896398582959937, 0.7741943873172523, 0.7384104103679467, 0.735781752765966, 0.8216859656746626, 0.7953843049045994, 0.8881415387837823], [0.8758622136371239, 0.8682468497816188, 0.9557131513750117, 0.7316065375104112, 0.9965403973954168, 0.8189959403720745, 0.9868182766479863, 0.8150401793480611, 0.9720127899652016, 1.0, 0.9402436327830248, 0.8410634179953674, 0.9820785670649392, 0.8411383254702613, 0.6331563533532818, 0.9605319812065005, 0.6406741300466869, 0.9985999929146185, 0.7364855174342179, 0.6850584988316869, 0.9223796797334981, 0.8114721514657615, 0.8889398811796947, 0.9374655195378396, 0.9365225452411803, 0.6907664411981811, 0.9133251298865632, 0.7672283415905967, 0.7131725541721885, 0.7387189321166101, 0.790128678436599, 0.9381072855498898, 0.6814572094390132, 0.8336109102826026, 0.6306878653400024, 0.7113846164935096, 0.5556973877713522, 0.6485937815040677, 0.5488239691389127, 0.9014429441336914, 0.5908708126616855, 0.8142055924497091, 0.5548558696862969, 0.8619837121214893, 0.6127828046222026, 0.5206129281924532, 0.7316905495442382, 0.5507440859263403, 0.5563549193256009, 0.574799870990268, 0.5612751396779783, 0.8965581444657311, 0.6513645323845682, 0.5817591646163172, 0.7017136258737691, 0.5303119521773288, 0.5862014530047974, 0.5458171350966011, 0.6020002635421813, 0.567394082787976, 0.6954802710468397, 0.572887643637354, 0.7578147948734428, 0.8633158622082924, 0.9775165370882732, 0.8407300165468454, 0.9767572889172962, 0.722561169955249, 0.9523785209732484, 0.8448705045026823, 0.9666843203480953, 0.9445627740603098, 0.8788185416602525, 0.7635939337419955, 0.9047963215485467, 0.6640891608667994, 0.812674074155801, 0.87223126995178, 0.8064665596284151, 0.8245151827606794, 0.7444808926067124, 0.8112855226861446, 0.9316971718697751, 0.7740929128598011, 0.7326388439886837, 0.8414434577544625, 0.840140087593505, 0.7087356342756256, 0.6533434734236367, 0.6439800113890596, 0.7558757995387345, 0.7249020913176614, 0.8205717339083811], [0.9422500124437725, 0.9622142794063833, 0.9987058346080615, 0.8734504870202698, 0.9150272843422274, 0.9614329431483108, 0.9052355926542734, 0.9383851456904089, 0.9917357325617717, 0.9402436327830248, 1.0, 0.9253395039836487, 0.9644100344835249, 0.968612153586574, 0.7523388277449388, 0.9976097327264677, 0.8297518518301013, 0.9469828880115914, 0.9095465759008221, 0.8558944872787043, 0.8902439205444084, 0.9576942541284854, 0.9790146397868105, 0.9889971499899739, 0.9918242609609098, 0.8853359793512061, 0.987027707061084, 0.9313859660824693, 0.8733787583011052, 0.834855677898672, 0.9455479000857661, 0.874472045910938, 0.7799222170718052, 0.9033286693603548, 0.6532178015477308, 0.7006250989631115, 0.6278647721513287, 0.675173982539773, 0.6647037048210223, 0.8157884737912863, 0.5817675144683354, 0.8809215965764021, 0.688187967316215, 0.8121432433372054, 0.6253994936104061, 0.5700276458691551, 0.8887706627696159, 0.5901988116251455, 0.6931546331349068, 0.7522094040628866, 0.6441879814504718, 0.9373513483922744, 0.8527713278980977, 0.6687163510989464, 0.8560375989232958, 0.5750387781519095, 0.6603125422508771, 0.6102962174383872, 0.8211822118710338, 0.6797710984561939, 0.7579658970192045, 0.6924982539200982, 0.8607026686799546, 0.955589541254581, 0.9527151824281517, 0.9480432929170911, 0.9840912669967182, 0.8470687804455532, 0.9492293236366773, 0.9520011081083593, 0.9459172738165699, 0.9582707009451523, 0.9672164276965803, 0.9299511021735085, 0.9643399119108198, 0.8434898635369323, 0.9411245176087701, 0.9838259277353105, 0.9368210290442638, 0.8293226670260492, 0.8881210558720821, 0.8646329876540206, 0.8945691625759478, 0.8016559103852837, 0.7730832143226991, 0.882510409801069, 0.8629232331850509, 0.7536721056935223, 0.7258470123494931, 0.7327212148751641, 0.7993164191749675, 0.7770240438678782, 0.8714890372268358], [0.9675760070981569, 0.9727238085577992, 0.9226672132121889, 0.9446184296587448, 0.7961004009332523, 0.945128867505737, 0.785013404828149, 0.7995596083863918, 0.9255527246527664, 0.8410634179953674, 0.9253395039836487, 1.0, 0.8214155535747873, 0.8800811067523715, 0.9376277410578973, 0.9103823161954868, 0.7217806620320083, 0.832077050842934, 0.8260248574581229, 0.9538971366754132, 0.9425282673967486, 0.9449449988097562, 0.9737907904455151, 0.9660280745884138, 0.8719017966846656, 0.8428056461366977, 0.9735338008795225, 0.8567222706430578, 0.9661817455229303, 0.9416238897479288, 0.9347475100385555, 0.7803283860124155, 0.8194917554007, 0.8249209228534449, 0.6209582278356123, 0.7230745096039295, 0.5985023220014256, 0.6326683010880898, 0.6367375683042221, 0.7285354545726596, 0.5871473796713611, 0.7689612924155005, 0.6360491536032935, 0.7275658168351533, 0.5991857100123563, 0.5772633522807502, 0.8434927492891349, 0.5741222699908168, 0.6391706061844332, 0.6833869159643133, 0.8688781852540923, 0.9830919889361405, 0.7946664229648858, 0.7077493169411948, 0.746127186288046, 0.6950564970101398, 0.8709079549523228, 0.784235542617264, 0.8088529443814314, 0.8408544016036744, 0.9378532581290946, 0.8697859257099874, 0.8956493258363809, 0.8670892170326998, 0.8316803653806384, 0.8080556148763101, 0.8647882891804943, 0.7527940220711679, 0.8145301066716124, 0.8097225649797904, 0.8123484674188649, 0.8404982252356612, 0.8534057753613757, 0.8597777651481796, 0.8218760274186563, 0.7340271359867974, 0.810280986109702, 0.9087198681225959, 0.8521021360564892, 0.7800654564185021, 0.8119747670435453, 0.985757117547489, 0.9373743682697828, 0.9556707613895399, 0.9460533071394366, 0.9816694914269073, 0.9751380824225868, 0.9302402104873082, 0.92581697704197, 0.916970626978101, 0.9592817251540957, 0.9473960285665566, 0.9870222657401015], [0.8674839143285911, 0.8771851683768914, 0.9726338286394184, 0.7448993327999442, 0.9781311262717904, 0.8610924552711756, 0.9700759401515817, 0.8993394364144485, 0.9744999761345308, 0.9820785670649392, 0.9644100344835249, 0.8214155535747873, 1.0, 0.90504541068848, 0.5967959175104085, 0.9792994057304413, 0.750602671162419, 0.9904066188530833, 0.8235486262802966, 0.7012164376775158, 0.8595021348005576, 0.8539904303238599, 0.9009905762504514, 0.9375600808795701, 0.977462717520684, 0.7729705752017829, 0.9201182975576754, 0.8450353197798831, 0.7252556507797503, 0.7190224074718771, 0.8373399806556456, 0.9221405530425224, 0.6946358396292329, 0.8721549077141355, 0.646507288989919, 0.6859939235958636, 0.595307702647506, 0.6689146918096263, 0.6056281116400986, 0.8766207521485463, 0.5815676132140366, 0.8664923168609053, 0.6278178680326187, 0.8534472476002735, 0.623447356480544, 0.5388058663877262, 0.7983681979583873, 0.5723210454236862, 0.6313107545745082, 0.6701477539225464, 0.5, 0.8678534540708456, 0.7455736095291688, 0.5977184850920066, 0.7953814890157894, 0.5, 0.525735823893826, 0.5, 0.6880047170528446, 0.5442768011228324, 0.6349622501074605, 0.5453986087423145, 0.7689843377225282, 0.912361911792394, 0.9846420649569061, 0.9175912599104197, 0.9955673399054453, 0.7970524672322197, 0.9756327558659752, 0.9220808921827389, 0.9813463751016824, 0.968320814947468, 0.9351938007889478, 0.8407120704376896, 0.9593508375369678, 0.7696515594152831, 0.8958446527568438, 0.9222310558385562, 0.8730114268951695, 0.8262992076905762, 0.8174593022627998, 0.7623596453132311, 0.8700744644508446, 0.7040774105495432, 0.6631903236463682, 0.7949813085602646, 0.7805996709523733, 0.6417235491137148, 0.5912288707586882, 0.5960439761358454, 0.6910292058795937, 0.6619858185044956, 0.7723021336937658], [0.9078905696785894, 0.9450395361023476, 0.9554371729807244, 0.8949932670423173, 0.8113502296154282, 0.981283661058078, 0.8108978340032109, 0.9872424698624767, 0.9297902727964935, 0.8411383254702613, 0.968612153586574, 0.8800811067523715, 0.90504541068848, 1.0, 0.7303129222889646, 0.9540160721938573, 0.9363206917046005, 0.8574557295077656, 0.9809162633189936, 0.878655509990998, 0.7733417117835384, 0.9775532150932864, 0.956687740579656, 0.9370200814820155, 0.9727980891336577, 0.9641346806694985, 0.9485623755426404, 0.9891463198955346, 0.8865974041544865, 0.8228174970703234, 0.9785834883677711, 0.8023708041038264, 0.8130939822674322, 0.9215581786902843, 0.6862864178835814, 0.6800123334534584, 0.7003754860478766, 0.7094038618175216, 0.7580284910350061, 0.7407043863112925, 0.5952112862008128, 0.9124820559413482, 0.7942055408293227, 0.7674029285302443, 0.6554765135295829, 0.6276562794673137, 0.9569528666027325, 0.643874252051452, 0.8007226950674569, 0.8734580685967042, 0.6140858914563999, 0.873524946196576, 0.9516213215819675, 0.7208348226432955, 0.9473926825396453, 0.5885491487486365, 0.6296921740205501, 0.6067899110762811, 0.9224616554765732, 0.6981576816062579, 0.7041832786318531, 0.703853263271717, 0.8764382383573022, 0.9747430829409302, 0.8924981884292642, 0.9874814938929065, 0.9328637455102406, 0.9209580603492284, 0.9125369442487332, 0.9881520364017494, 0.8953883812274903, 0.9276294832057519, 0.9849685245967713, 0.9881704996524442, 0.9695783462616292, 0.9478354242906809, 0.9891752259015922, 0.9966566217364319, 0.9845596592850322, 0.8119579635556593, 0.9572730716944478, 0.7928568121862789, 0.7769236713611175, 0.7135618280994079, 0.6974777654461647, 0.8128709486474875, 0.7720776950243391, 0.6904425761466553, 0.6743931038562954, 0.7059169015068919, 0.7209309070562944, 0.7137155783922511, 0.7983626467623377], [0.8606285790487961, 0.8631806641619248, 0.7439033611673818, 0.9075432677890767, 0.5779841639399542, 0.8418827728281817, 0.5649720373017001, 0.6315429274061567, 0.7463687500427167, 0.6331563533532818, 0.7523388277449388, 0.9376277410578973, 0.5967959175104085, 0.7303129222889646, 1.0, 0.7238350419385127, 0.6267408690000312, 0.6164166890946229, 0.7143096944242286, 0.9551925186809748, 0.8402758217280981, 0.847429223503452, 0.8517417964298805, 0.8215710999859673, 0.6758508060281697, 0.767720786976249, 0.8422275931380887, 0.7400828437612021, 0.9557632540250276, 0.9180606772281437, 0.8422834066335143, 0.5829411137788035, 0.7707118152903573, 0.6696632549310428, 0.5424764851638111, 0.6498545462853521, 0.5464987683425584, 0.5437560596883895, 0.5908832959033781, 0.5432143388180195, 0.5393298161465006, 0.6012888791742771, 0.5777346920312764, 0.5542204704042396, 0.5287338420580947, 0.5538096035333515, 0.7434370982538026, 0.5287126250668357, 0.5798589526202942, 0.6170408290343619, 0.9676150705799553, 0.8831557491444786, 0.7212844338934473, 0.685734124736979, 0.6215650350961008, 0.7313226168281097, 0.9514460727001708, 0.8496488620762519, 0.7769930757360384, 0.8962242102553342, 0.9712113941627003, 0.9351558883538102, 0.8248449769813145, 0.7030176119539171, 0.6146478423068418, 0.6288054355561989, 0.654467098324074, 0.6248963349473108, 0.5968879826316337, 0.6298204513434591, 0.5911770562962971, 0.6342818401291483, 0.6734726702638452, 0.7467261002605365, 0.6184436989811593, 0.6265160278729773, 0.6482897092253812, 0.7559948404689396, 0.709594702677247, 0.6374870156818142, 0.6905448191218491, 0.95721359864881, 0.8265952089250652, 0.955088244702329, 0.9666347825771353, 0.9271881978248261, 0.93204532679735, 0.9563753184891417, 0.9860867089528773, 0.9666828921174202, 0.9682017360934608, 0.967070937211348, 0.9525657291744003], [0.9329428185186297, 0.9488049799599578, 0.9994737997465614, 0.8472436471188967, 0.9400429347446699, 0.9405020839895444, 0.9300915122217828, 0.9267255947919022, 0.9962524610262281, 0.9605319812065005, 0.9976097327264677, 0.9103823161954868, 0.9792994057304413, 0.9540160721938573, 0.7238350419385127, 1.0, 0.8033917868060088, 0.9666009897696435, 0.8857561490604462, 0.8231384022678734, 0.8975479348286212, 0.9358995255945806, 0.9673369444711206, 0.9855064172473751, 0.9923858738487038, 0.8553334341766602, 0.9789602579968066, 0.9090282935135896, 0.8430150330574553, 0.8149064841377864, 0.9217456611226839, 0.8942122198625392, 0.7620422271772895, 0.8978798496546807, 0.6514482223930428, 0.7028705541888873, 0.6165449953301892, 0.6733890385793353, 0.6456743799137155, 0.8386010472215155, 0.5832681638003555, 0.8774274151881567, 0.6674064575473084, 0.828086904638346, 0.624875109851815, 0.560512407667306, 0.8655406856831179, 0.5838632677596065, 0.6718834793314964, 0.724925192669739, 0.6191962994840605, 0.9318332008317816, 0.8218650312262159, 0.6517712898538649, 0.8361701384555671, 0.5610253540589842, 0.6377051997076535, 0.5905050521661719, 0.7844898240572915, 0.652519429941476, 0.7400818193144898, 0.6633395431315878, 0.8431615848345, 0.9471529440798292, 0.9675602490763164, 0.9394249960868255, 0.9933795653507338, 0.8317133940902306, 0.9606513130500074, 0.943628258083401, 0.9605311711920271, 0.9658268645165193, 0.9609289688619499, 0.9069540778272711, 0.9647719514874227, 0.8189902839839548, 0.9281889158085834, 0.9716571639011615, 0.921009044853916, 0.8335806720452387, 0.8688541601280991, 0.8525424787113003, 0.9032859812782432, 0.7920866600222007, 0.7598567433596024, 0.8737884638953488, 0.8568954438343716, 0.739120725125357, 0.7049084015159297, 0.7094378739461322, 0.7865090313988858, 0.7617331817046229, 0.8601885022080951], [0.7393482231423945, 0.8016417288946469, 0.8040608967404916, 0.7968369473970551, 0.6135246946306364, 0.8991387159933413, 0.6110190975461562, 0.9597193728478168, 0.7571021735712302, 0.6406741300466869, 0.8297518518301013, 0.7217806620320083, 0.750602671162419, 0.9363206917046005, 0.6267408690000312, 0.8033917868060088, 1.0, 0.6685003986665661, 0.9831751998590981, 0.8146153645472726, 0.5445155996262941, 0.9009099939416383, 0.8140994186590298, 0.7713241837240579, 0.8563341591101059, 0.9754540099776827, 0.7978445958559495, 0.9697221234997431, 0.8082415183874614, 0.6827665259933862, 0.9095272165871894, 0.6074122453280768, 0.7212492369216886, 0.8144588966158686, 0.6152400580084377, 0.535514834242182, 0.6820084288376451, 0.6375736535031099, 0.7625276925353317, 0.5466353242183096, 0.5101001659261992, 0.8288924250610522, 0.8176780256540201, 0.5994860819739412, 0.5850152591643826, 0.5964479474395595, 0.9199579029041463, 0.6066597578131041, 0.8263592321045754, 0.922884557281042, 0.5, 0.680957857033337, 0.9873014750393296, 0.6645182485737733, 0.956181868856594, 0.5, 0.5031867561319099, 0.5, 0.9672661830953773, 0.6100453870767706, 0.5439646978734836, 0.6128335233147318, 0.7603092771149892, 0.8764004771676596, 0.7175971290090031, 0.9388543096087438, 0.7777310189984836, 0.8935777850383643, 0.7614076555899645, 0.941802632377169, 0.7316445082058537, 0.7774442917245397, 0.8947804351819575, 0.9690579800564948, 0.8715002644081791, 0.9908216470867136, 0.9622764738963647, 0.9058977202101115, 0.9266075845404407, 0.662960406168245, 0.9234703144788761, 0.6144156367057546, 0.5458247256321536, 0.5252700260203857, 0.5202071543034292, 0.619090739518358, 0.5729553581349355, 0.5175490161510823, 0.5322458507436243, 0.5728447288464731, 0.5446086078372554, 0.5420380234179294, 0.617508798988061], [0.8715412439076173, 0.8682830845343908, 0.9608963004477944, 0.7304624343381034, 0.9959469958758647, 0.8274490604504834, 0.9867773229057142, 0.8380896380612208, 0.9735945507517685, 0.9985999929146185, 0.9469828880115914, 0.832077050842934, 0.9904066188530833, 0.8574557295077656, 0.6164166890946229, 0.9666009897696435, 0.6685003986665661, 1.0, 0.7579153820470428, 0.6832973182903654, 0.9048146854593073, 0.819852776640124, 0.8902154042765482, 0.9367166334758036, 0.9489139213252087, 0.7094854560946167, 0.9136784123579209, 0.7861493883752713, 0.7106596696375982, 0.7289205338641538, 0.7995774575696919, 0.9374063381244455, 0.6821328131235791, 0.8443399609984445, 0.6354999456964467, 0.7045287741093608, 0.5657653278830235, 0.6547499598978848, 0.5624888359405945, 0.898737092444641, 0.5887831662176533, 0.8294831052042001, 0.5730067429373721, 0.8628630761795933, 0.6163009834025112, 0.5246100118345023, 0.7472713111189907, 0.5563968982922285, 0.5750018025780795, 0.5982823092208325, 0.5378461484414502, 0.886804566429623, 0.6735717949970211, 0.5835375047778311, 0.726099717216374, 0.5187219588185715, 0.5635456332471125, 0.5282986233102155, 0.6205485025001947, 0.5551787234126168, 0.6736843189220616, 0.5589151701619279, 0.7578699357008609, 0.8765109378481485, 0.9826816277572819, 0.8621874339590454, 0.9842404222872838, 0.7421523810523819, 0.9617548516469616, 0.8664468032914034, 0.9740946430061086, 0.9533237096106031, 0.8946064840479415, 0.7821788526401615, 0.9213720093859235, 0.69104972505821, 0.8351096636815787, 0.8848401130581549, 0.823444813643548, 0.8261835851860819, 0.7627688915734138, 0.7940344925127876, 0.9148024418445595, 0.7509985815386594, 0.7090246921862824, 0.825696778168949, 0.8209043057485261, 0.6856663317213588, 0.6304007955026074, 0.6249485171193445, 0.7336863035393255, 0.7028864843860321, 0.8036764279564695], [0.8356762469312017, 0.8891349574914805, 0.888615236033399, 0.8666564286671655, 0.7034056732159557, 0.9619095300653433, 0.6973641806745406, 0.9809675797621191, 0.8509619117078763, 0.7364855174342179, 0.9095465759008221, 0.8260248574581229, 0.8235486262802966, 0.9809162633189936, 0.7143096944242286, 0.8857561490604462, 0.9831751998590981, 0.7579153820470428, 1.0, 0.881106183772316, 0.6707233394005967, 0.9629413488450359, 0.9020504426493774, 0.8688680717369408, 0.9200352052404195, 0.9932169606753647, 0.890848389358725, 0.9979895444473461, 0.8808237817832516, 0.7698962786663301, 0.9657159400387029, 0.6880346207362628, 0.7697090004029492, 0.8634105476606215, 0.6316312372713356, 0.5937893158127323, 0.6767716368905454, 0.65467204819226, 0.7529011792619947, 0.621847606944476, 0.5318432419190761, 0.8616557866120669, 0.8001623192256493, 0.6624934458108922, 0.5997252698076951, 0.596627324070601, 0.9484348858874543, 0.6071706648048638, 0.8083648729166409, 0.9020360939051785, 0.585092519298879, 0.7920055443665954, 0.9889626146683406, 0.6882622558109819, 0.9553382521536056, 0.5420940758224503, 0.5899391433631986, 0.5636260557367285, 0.9711011689870254, 0.6711792120161408, 0.6489238113023543, 0.6807739181624297, 0.8265229944900482, 0.9283234030723692, 0.7966630027684738, 0.9670448993391663, 0.8553799638712897, 0.9049836170845065, 0.8275164633341081, 0.9705486808418631, 0.803239191230988, 0.8459902224430396, 0.9426008763469682, 0.9977844512812302, 0.9183717940716984, 0.9794460559568972, 0.9854071633030719, 0.9641189653934903, 0.9627425011210682, 0.724193798032245, 0.9455289298052856, 0.729734023663753, 0.6714335640100799, 0.6445767903569118, 0.6343034989286367, 0.734664058643153, 0.694851745527328, 0.6259396763352323, 0.6332297985865682, 0.6639338217161086, 0.6601837283457054, 0.652028480633826, 0.7334230493827801], [0.9015379394870904, 0.9291810376221867, 0.839146344913624, 0.956711574268071, 0.6298172297319191, 0.9508167216261767, 0.6180409799830457, 0.8089098368384542, 0.8222313941402997, 0.6850584988316869, 0.8558944872787043, 0.9538971366754132, 0.7012164376775158, 0.878655509990998, 0.9551925186809748, 0.8231384022678734, 0.8146153645472726, 0.6832973182903654, 0.881106183772316, 1.0, 0.8062043624836466, 0.9556438613853513, 0.9261481734108713, 0.8864094249621715, 0.8060919009264056, 0.9183867123371516, 0.912843034641196, 0.8972422496669819, 0.9989688136250406, 0.9178660637737595, 0.9542590144775023, 0.6287768280952634, 0.814543128223042, 0.7794664674173072, 0.5871293591438911, 0.6425289500196373, 0.6150001383742023, 0.598187741236825, 0.6834675547754739, 0.570414924792551, 0.5392036342650613, 0.730394189809544, 0.6962415567399117, 0.5995129881006034, 0.5628928249498928, 0.5837235054854406, 0.8777088211004112, 0.5693066738244035, 0.7016042615248278, 0.772071071768571, 0.87373152487177, 0.8959712338894961, 0.8848200306736682, 0.7193246738064363, 0.7948033135312159, 0.6848797435405056, 0.86326037920614, 0.7794495101096048, 0.9186460815411422, 0.8631316030929534, 0.9004715500080466, 0.8954239932216141, 0.8769502842290415, 0.8329654924900155, 0.7014562936308333, 0.7991188326140586, 0.7580673540809236, 0.7722513828740538, 0.7045525482346714, 0.8013241909824453, 0.6882233497627777, 0.7405862991289867, 0.817810090600205, 0.9020878648929957, 0.7655177364868218, 0.8115896486020726, 0.8231692377599442, 0.8876688093724068, 0.8567239730216321, 0.6904754408200292, 0.8377183232836736, 0.9235071963811683, 0.7962775367354266, 0.8831600710222831, 0.8884935081506113, 0.9028743575929233, 0.8874685378948373, 0.8782489288798772, 0.9056478856258222, 0.9067582326401231, 0.900862628783942, 0.8976065602267043, 0.921491800251286], [0.924233228534709, 0.9027689515945367, 0.9044810119530237, 0.8226386271733896, 0.8970509735440892, 0.8264114867993084, 0.8837992531089865, 0.6932394428834096, 0.9309675981484538, 0.9223796797334981, 0.8902439205444084, 0.9425282673967486, 0.8595021348005576, 0.7733417117835384, 0.8402758217280981, 0.8975479348286212, 0.5445155996262941, 0.9048146854593073, 0.6707233394005967, 0.8062043624836466, 1.0, 0.8228853877902367, 0.9089244289279632, 0.9411140428634406, 0.8388169908019145, 0.6662510893286064, 0.9265143079664065, 0.7121062668038867, 0.8300138985114991, 0.8645572998013291, 0.8016963352259165, 0.8577935347599466, 0.7311721699638267, 0.7689405759980024, 0.5971300571817725, 0.7388450470480166, 0.5232922257519044, 0.6056930400910643, 0.5202380610276471, 0.8243808422104264, 0.5926735732566573, 0.7130584159681317, 0.5028144964131334, 0.7860784853284973, 0.5839151574709396, 0.5230138527116763, 0.7011817486686378, 0.5300572316597367, 0.5027600275354915, 0.5106413385317456, 0.8016531487337151, 0.9675338540076592, 0.6077401542999773, 0.6234383510303749, 0.6021109495762893, 0.6519944406550825, 0.8118137639496508, 0.7274083241093041, 0.6047553730112045, 0.7397341030046305, 0.8959127539888161, 0.763896514064849, 0.8087153759145016, 0.7927462818294758, 0.8752776386996435, 0.717596912995065, 0.8795092122778325, 0.6374639039604151, 0.8347530315191374, 0.7202785098476925, 0.8505593143293482, 0.8447603153801807, 0.7834625068976635, 0.7130624934490837, 0.7798967439333253, 0.5656663593807366, 0.6996557385990574, 0.8194931431001525, 0.7386907376841795, 0.7854156122527267, 0.6815982196943591, 0.9585261359168795, 0.9995376926115749, 0.9523229230627657, 0.9281072451039161, 0.9651306965182986, 0.9783186838720145, 0.9053296564321511, 0.8739460086668557, 0.8462319206628182, 0.9401056192365747, 0.9168831795912453, 0.9623863132483794], [0.9319286208016696, 0.9674226209083014, 0.9438232923019809, 0.9390066194662223, 0.7691046486014703, 0.9989453752142905, 0.7584361157633687, 0.937668469301298, 0.9226040714910828, 0.8114721514657615, 0.9576942541284854, 0.9449449988097562, 0.8539904303238599, 0.9775532150932864, 0.847429223503452, 0.9358995255945806, 0.9009099939416383, 0.819852776640124, 0.9629413488450359, 0.9556438613853513, 0.8228853877902367, 1.0, 0.9765207054790159, 0.9537082265425836, 0.9373423317228603, 0.967383270039635, 0.970732456434729, 0.9770171817315622, 0.9615494712848385, 0.8786417134589519, 0.9956069206641163, 0.7481660343694869, 0.8151166814252686, 0.8752500390417236, 0.6313679746784009, 0.6601171243760577, 0.6476075662994261, 0.6511734857320676, 0.7131980625257053, 0.6817993914553704, 0.5543425659493109, 0.8461462985540031, 0.7418827076749657, 0.7048846418644977, 0.6012129593696887, 0.5885243227256254, 0.9371739643502913, 0.5932329016336212, 0.7484926509274856, 0.828761660912859, 0.7335518602760869, 0.9145530205227996, 0.9400424870693416, 0.7094124350044282, 0.8930591367190059, 0.6155348295706817, 0.736424315889237, 0.6746332556819568, 0.9370187937708383, 0.7682358069745624, 0.8061855438279673, 0.7894625193358276, 0.8884869646400091, 0.9370715986162079, 0.8410523927721045, 0.9326748032869457, 0.8945418790372917, 0.864494790074211, 0.8504789805061634, 0.9362700900416907, 0.8350482121597282, 0.8743901339695755, 0.9396889364265538, 0.9784326011664876, 0.9095404258218064, 0.9032182990788272, 0.94601872757444