"[[1.0, 0.9744346440433715, 0.955101847803925, 0.9624279214722196, 0.9647932600564096, 0.996267037633096, 0.9944742821852455, 0.9829144250329203, 0.9604837600533438, 0.9663169662618134, 0.9958647497493347, 0.9786546205708611, 0.9498502726854858, 0.981649706269393, 0.5899950168240962, 0.9485687065618587, 0.5, 0.9521816226520526, 0.9935908589936935, 0.7861463953292416, 0.9521816226520526, 0.9783697977324549, 0.7404145636827908, 0.9720706692539194, 0.9839248175283795, 0.7865045005475658, 0.6934752621980064, 0.7498492348162558, 0.8975534420026796, 0.8339981162641101, 0.9793235954139039, 0.9521816226520526, 0.9521816226520526, 0.9513218608970373, 0.9521816226520526, 0.9968120090828386, 0.964919526409402, 0.9609623576693371, 0.9521816226520526, 0.9521816226520526, 0.9521816226520526, 0.9521816226520526, 0.9521816226520526, 0.9515883896740321, 0.9556894650783719, 0.9722334009279989, 0.9520770006409205, 0.9867519454803497, 0.9521816226520526, 0.9546468780606218, 0.9731340201492535, 0.9521284963218101, 0.9760351571733871, 0.9507681532426561, 0.9109719726919504, 0.9526851825486722, 0.9860415857073145, 0.9541004405523925, 0.9127592380611262, 0.9971632121409402, 0.9555217151463655, 0.9515279474813434, 0.9989434456905747, 0.9544414739753062, 0.9519950231151189, 0.9520271047640101, 0.9813725843968449, 0.9441542964202551, 0.9563297345747057, 0.9929315909438237, 0.9555267381806047, 0.9537138585418155, 0.9454962591653471, 0.9910187801976018, 0.9521816226520526, 0.9521812904771805, 0.9975760990201258, 0.9531066549943867, 0.9519341268657735, 0.9935164439592483, 0.962683632850811, 0.96275229493703, 0.9803827905137046, 0.9971031386109741, 0.9655688754095573, 0.9521775318111407, 0.9619539529016616, 0.7936686183961671, 0.918406841326669, 0.9504219967596067, 0.9968134056303991, 0.9578440167144333, 0.9531968737214782], [0.9744346440433715, 1.0, 0.8873798351495046, 0.8883206749140466, 0.9047437982829256, 0.9755134274618116, 0.9546500601565775, 0.9923631112359457, 0.8941231041195112, 0.9032762882762351, 0.9687044023370592, 0.9983218502753894, 0.8805168790519222, 0.9371139238465349, 0.523626507585401, 0.8790583560960841, 0.5, 0.8824889085628969, 0.9560119701273555, 0.8869534844875266, 0.8824889085628969, 0.9428882109954839, 0.858879480345827, 0.997932489629342, 0.9425144790741224, 0.8961227731677439, 0.8211604318182439, 0.8669828278538307, 0.9652996958679816, 0.9308539693986375, 0.9347159882061871, 0.8824889085628969, 0.8824889085628969, 0.8817616580095213, 0.8824889085628969, 0.9641846893816406, 0.901720438828544, 0.8976355973599435, 0.8824889085628969, 0.8824889085628969, 0.8824889085628969, 0.8824889085628969, 0.8824889085628969, 0.8819871079082047, 0.8831566834838327, 0.8969569932605623, 0.8822935484655621, 0.9262015608479958, 0.8824889085628969, 0.8866119329771568, 0.9100594124443676, 0.8824439703543265, 0.926784603335554, 0.8812932908186014, 0.8476307160891454, 0.8826168591548917, 0.9289998896947418, 0.8814213190540008, 0.9773777937247534, 0.9680936593975573, 0.8899485116112128, 0.8819359813980714, 0.9698058213121724, 0.8829864982860501, 0.8823310687709975, 0.8823582058200383, 0.9335304950416423, 0.875698797918703, 0.8873881235857414, 0.9897315550662245, 0.888227705800662, 0.8861218370208142, 0.876833929998357, 0.9835899870444494, 0.8824889085628969, 0.8824886275846395, 0.9635984409029872, 0.884028676701329, 0.8824590741012797, 0.9467551065506576, 0.8877011491901117, 0.8971002276844251, 0.9243323119009158, 0.9833333313680409, 0.9750085785185221, 0.8824854482248445, 0.8945689611466998, 0.9015614927947411, 0.8698440769045694, 0.8810004858730642, 0.9883091942015902, 0.8905041693483189, 0.8815898459753485], [0.955101847803925, 0.8873798351495046, 1.0, 0.9971975941813311, 0.9987133938530327, 0.9655582624369938, 0.9806823157583344, 0.9088367077217875, 0.9996951382056742, 0.998886950261291, 0.9723577247995125, 0.8868978472316424, 0.9973633537893719, 0.9840726069076031, 0.5, 0.995236673200587, 0.5, 0.9999409403968142, 0.96082766519598, 0.6019254277784498, 0.9999409403968142, 0.9723751424626123, 0.5585901438567706, 0.8917949622723106, 0.9900014693079517, 0.6154218811148051, 0.507684797664811, 0.5705267956343604, 0.7472991949879767, 0.6750577055521089, 0.9903894396761691, 0.9999409403968142, 0.9999409403968142, 0.9989903708053331, 0.9999409403968142, 0.9742897492290412, 0.9993700390968093, 0.9995420114688912, 0.9999409403968142, 0.9999409403968142, 0.9999409403968142, 0.9999409403968142, 0.9999409403968142, 0.9992850502897229, 0.9994611535261839, 0.9838155446503711, 0.9996227290660094, 0.9695197608977704, 0.9999409403968142, 0.9999985210200768, 0.9971336516537652, 0.9998822028759359, 0.9947347175674098, 0.9983781806773648, 0.9543787367989686, 0.999932885994077, 0.9535020993036067, 0.9969627559291656, 0.7867983192623929, 0.9715398987270507, 0.9951299984238082, 0.9992182242067096, 0.9666033326783012, 0.9997595739033975, 0.9997346322602183, 0.9997701023653986, 0.9932966228680782, 0.9910657698366763, 0.9999317096229344, 0.9428554680412632, 0.9998302039246254, 0.9985753079973327, 0.9925494703745794, 0.9500544052040872, 0.9999409403968142, 0.9999405731377093, 0.969180878148787, 0.9999721111604984, 0.9994322589003246, 0.9812573407406988, 0.996506520606349, 0.9969580454864835, 0.9945956009456401, 0.9302071371055722, 0.848920458051143, 0.9999364174822374, 0.9912680135935961, 0.6241560589416271, 0.9345528536766663, 0.9979954632271395, 0.9317712586581431, 0.999940766111532, 0.9977317642721071], [0.9624279214722196, 0.8883206749140466, 0.9971975941813311, 1.0, 0.9959749648932162, 0.9664884334301647, 0.9840075355076572, 0.9118754504281796, 0.9979785280667681, 0.9977489308551949, 0.9735969156949127, 0.8916079983426892, 0.9945608233845977, 0.9845517513303106, 0.5528545402939827, 0.992823148395091, 0.5, 0.9971238858724336, 0.9693721445973547, 0.6100585243784864, 0.9971238858724336, 0.9719862815366322, 0.5603577639149705, 0.8905168171526237, 0.9879510620191587, 0.6157231776169028, 0.5086162442748159, 0.5717012087748186, 0.7540740100082436, 0.6749892859874188, 0.9881987591855903, 0.9971238858724336, 0.9971238858724336, 0.9961786725263649, 0.9971238858724336, 0.977407688948082, 0.997740601316927, 0.9967749771699769, 0.9971238858724336, 0.9971238858724336, 0.9971238858724336, 0.9971238858724336, 0.9971238858724336, 0.9964716915582739, 0.9989618393208167, 0.9942107708715626, 0.9969150563904896, 0.9826725220816134, 0.9971238858724336, 0.9971937529240943, 0.9985276587153668, 0.9970654793242475, 0.9920962616644935, 0.9955699319517948, 0.9518184150232287, 0.9974158986928003, 0.9701741913699982, 0.9968714260137429, 0.7864988311290202, 0.9741927715315872, 0.9931387432011916, 0.9964052420251774, 0.9713825126683662, 0.998367105621093, 0.9969187402356905, 0.9969540104748223, 0.99207660361191, 0.9882987248981505, 0.9980004616290206, 0.9429773999889826, 0.9970317778417453, 0.9957804105585593, 0.9897740651179132, 0.9490359095254997, 0.9971238858724336, 0.9971235206827511, 0.9747120481057614, 0.9971595677396574, 0.9966191816513954, 0.9869511640361434, 0.9999613892645545, 0.9964834374515574, 0.9960203876890754, 0.9399033737630679, 0.8662677809916628, 0.997119388443461, 0.9931017200501214, 0.6244042957456624, 0.9344773604763082, 0.9951893710281461, 0.9387345007120369, 0.9977876535851592, 0.9966969344708931], [0.9647932600564096, 0.9047437982829256, 0.9987133938530327, 0.9959749648932162, 1.0, 0.974835207144946, 0.9868038836782946, 0.9267936719312373, 0.9994219526745429, 0.9997231038448631, 0.9805116734738484, 0.9048009863102144, 0.9977580102000525, 0.9915620137204403, 0.5, 0.9963756920449564, 0.5209018259825168, 0.9982068998398735, 0.9712452504391217, 0.6310782952157358, 0.9982068998398735, 0.9827531266819394, 0.58757342607731, 0.9103877257844901, 0.9945286733786074, 0.6437450881831227, 0.5367831295914144, 0.599173776897334, 0.7719950596728585, 0.7022891876310136, 0.9960430270376636, 0.9982068998398735, 0.9982068998398735, 0.9985479518816023, 0.9982068998398735, 0.9817779801782442, 0.999408433302231, 0.9997890780415466, 0.9982068998398735, 0.9982068998398735, 0.9982068998398735, 0.9982068998398735, 0.9982068998398735, 0.9986236029203017, 0.9977287771055944, 0.9840744771667027, 0.9986342162750433, 0.9734346295640501, 0.9982068998398735, 0.9986410873733815, 0.9981105970981434, 0.9984687604547844, 0.9983952978363481, 0.9983009378893974, 0.9615206873712882, 0.9981988733737583, 0.9587232115372466, 0.9972495149794391, 0.8123251437028101, 0.979613756846508, 0.9972770849128834, 0.9986101740300684, 0.9751152997590196, 0.9980261624144724, 0.9986017246447815, 0.9985830346793725, 0.9968670705422029, 0.9932834706023752, 0.9986149328830862, 0.9555652483028595, 0.9991753062272595, 0.9988548479885585, 0.9944219827416487, 0.9631316152835532, 0.9982068998398735, 0.9982318691562878, 0.9781298074513207, 0.9983779999638811, 0.9986836102083607, 0.9865078115912035, 0.9952510691555652, 0.9986887754316555, 0.9969550018379618, 0.9424777453137878, 0.8663258705845425, 0.9982913020959293, 0.9944611681200521, 0.6520460408192953, 0.9464822204237815, 0.9981103419037929, 0.9444986871048846, 0.9989743528415591, 0.997839162623527], [0.996267037633096, 0.9755134274618116, 0.9655582624369938, 0.9664884334301647, 0.974835207144946, 1.0, 0.9963105938364325, 0.9823763969727033, 0.9695921651196944, 0.9745907596694223, 0.9995626697859417, 0.9755124797586283, 0.9603532925965911, 0.9870902133956038, 0.5301673691014516, 0.9586000536791985, 0.5, 0.9627390744855227, 0.9889750869303093, 0.773063133454657, 0.9627390744855227, 0.9843534329748072, 0.733756167240105, 0.9758049878860646, 0.9922810676467609, 0.7824444761703537, 0.6869825627853536, 0.7440522429717692, 0.888725782433025, 0.8314274027463101, 0.9879859988145567, 0.9627390744855227, 0.9627390744855227, 0.9618592391740819, 0.9627390744855227, 0.9985324468387871, 0.9737867906815377, 0.9711852250476181, 0.9627390744855227, 0.9627390744855227, 0.9627390744855227, 0.9627390744855227, 0.9627390744855227, 0.9621319908150421, 0.9636163250774233, 0.9672285702803771, 0.9625059496728434, 0.9777276474318306, 0.9627390744855227, 0.9651194465298543, 0.9783925151879032, 0.962684707771672, 0.9854635933759373, 0.9612926036570939, 0.9205672693365912, 0.9629028605296188, 0.9725591644291325, 0.9615286663842341, 0.9127872620247712, 0.9992597317029401, 0.9648833698447574, 0.9620701374293591, 0.9984801268809779, 0.963383720488237, 0.9625481182575502, 0.9625809489427708, 0.9890470193125791, 0.9545243277443582, 0.9658048489451738, 0.9966804470684686, 0.9659589281681087, 0.9641437337917743, 0.9558976223842772, 0.996361368239483, 0.9627390744855227, 0.9627387345550937, 0.9964498389802978, 0.9636327668807092, 0.9624732516533607, 0.9928458005300389, 0.9660021298265979, 0.9703347460412646, 0.9852832542823005, 0.9898452162118789, 0.9475592534815872, 0.9627348881324234, 0.9668255011087956, 0.7898192855093567, 0.9242568281225907, 0.9609383651773123, 0.9925839856497709, 0.9675138286347135, 0.9617044101089005], [0.9944742821852455, 0.9546500601565775, 0.9806823157583344, 0.9840075355076572, 0.9868038836782946, 0.9963105938364325, 1.0, 0.9675162637773072, 0.9840951645649822, 0.9877026110027842, 0.9983360913908137, 0.9568888363305554, 0.9762157454180869, 0.9928139577367843, 0.5546129247383581, 0.974569055233482, 0.5, 0.9786837345015018, 0.9919477329888813, 0.7280497159788863, 0.9786837345015018, 0.9866769570618797, 0.6829264288296532, 0.9548328827866646, 0.9966999808286323, 0.7338783995135247, 0.6337135399846181, 0.6934960235447218, 0.8536928829619638, 0.7866124326680956, 0.993730388087531, 0.9786837345015018, 0.9786837345015018, 0.9777735825911731, 0.9786837345015018, 0.9994142742451642, 0.9869806052296293, 0.9844944398129555, 0.9786837345015018, 0.9786837345015018, 0.9786837345015018, 0.9786837345015018, 0.9786837345015018, 0.9780557324706303, 0.9806164022288424, 0.9851385834059182, 0.9784902214402349, 0.9897377284356667, 0.9786837345015018, 0.9803736002256913, 0.9914156454753464, 0.9786274944667748, 0.9930476241990347, 0.9771874224410397, 0.935058810019375, 0.9789860256435345, 0.9833269964677167, 0.978631246090093, 0.8784296407660931, 0.9987641739029278, 0.9791957239280472, 0.9779917477948534, 0.9980176566921759, 0.9799810035559215, 0.9784861984701351, 0.9785201604065139, 0.9960006915755697, 0.9701859311715875, 0.9813858034477014, 0.9863481585760023, 0.9809116036685357, 0.979250866676304, 0.9716065456021672, 0.9876624105231924, 0.9786837345015018, 0.9786833828580463, 0.9978847782969487, 0.9793211168225308, 0.9783406955327778, 0.9992608765228261, 0.9838644152131568, 0.9845425213146888, 0.9954551023584967, 0.9836708923521115, 0.9334378417345413, 0.9786794038986935, 0.9817666942481664, 0.7417428375055126, 0.9329882185856451, 0.9768209779202384, 0.9843431130028233, 0.9824425797663119, 0.9783971453904277], [0.9829144250329203, 0.9923631112359457, 0.9088367077217875, 0.9118754504281796, 0.9267936719312373, 0.9823763969727033, 0.9675162637773072, 1.0, 0.9165832289501299, 0.9254853937913821, 0.9776647570702863, 0.995378262769421, 0.9097134778275808, 0.9620677993737228, 0.5453497591807706, 0.9108330576965258, 0.5713861197934329, 0.9045596831073772, 0.9781936473629318, 0.8601628549851721, 0.9045596831073772, 0.9699367441166691, 0.8227941704154511, 0.9958227725447704, 0.9557770888979862, 0.8630394204294818, 0.7813874269528442, 0.8305541258354528, 0.9457145940070225, 0.9022043892139671, 0.9553623303592835, 0.9045596831073772, 0.9045596831073772, 0.9081904899563625, 0.9045596831073772, 0.9747984975029256, 0.9217900949017676, 0.919609170419053, 0.9045596831073772, 0.9045596831073772, 0.9045596831073772, 0.9045596831073772, 0.9045596831073772, 0.907684390720576, 0.9061577586835032, 0.9210143674908268, 0.9069369295893888, 0.9457116252316433, 0.9045596831073772, 0.908166294194867, 0.9305768149221647, 0.9056063965795871, 0.9456138795634073, 0.908935032615231, 0.8974645596711397, 0.904810587300831, 0.9474724721336794, 0.9113403623060371, 0.9667303908544198, 0.9775872184745993, 0.9205390434141014, 0.9078118901588383, 0.9793583353918847, 0.905634351964097, 0.9064433441617235, 0.9062874940951816, 0.9493428886477152, 0.9107690311310969, 0.9092421664615806, 0.9924326338203753, 0.9113996617545437, 0.9129221876636684, 0.9108083158257807, 0.9924577814727591, 0.9045596831073772, 0.9046459137092545, 0.978891656627294, 0.9059079613165351, 0.907707690659741, 0.9618304476198765, 0.9115409681203395, 0.9247442767126651, 0.9422299356387707, 0.9881630211164347, 0.9732606659673719, 0.9048596761372427, 0.9274668935906487, 0.8680381330914815, 0.9197450784476452, 0.9092769517604913, 0.9914453107809666, 0.9120377208579069, 0.9105533783827721], [0.9604837600533438, 0.8941231041195112, 0.9996951382056742, 0.9979785280667681, 0.9994219526745429, 0.9695921651196944, 0.9840951645649822, 0.9165832289501299, 1.0, 0.9997147333642443, 0.9760722510817899, 0.8946463606808954, 0.9979014481502737, 0.9878096729607152, 0.5100651631023176, 0.9961958897033065, 0.5098513886124914, 0.9994775681010715, 0.9670608818860171, 0.6139115961039993, 0.9994775681010715, 0.9771145866736402, 0.5691152498620677, 0.8987536757365897, 0.9918486331570294, 0.6255232437269347, 0.517994487988521, 0.5808107578396096, 0.7575576601582328, 0.6848045758029548, 0.9928332191055173, 0.9994775681010715, 0.9994775681010715, 0.9991350889964585, 0.9994775681010715, 0.9781298748735519, 0.9997485993440168, 0.9998449483730465, 0.9994775681010715, 0.9994775681010715, 0.9994775681010715, 0.9994775681010715, 0.9994775681010715, 0.9993267452277587, 0.9994390815831901, 0.9865396523462425, 0.9995309997968052, 0.9740213771769513, 0.9994775681010715, 0.9996685698727412, 0.9984269318775161, 0.9995698923925209, 0.9962880208324392, 0.9986945792638808, 0.9580665174446663, 0.9995266547366107, 0.9591066191180302, 0.9979655806274503, 0.7963438226025691, 0.9754914529893284, 0.9965213997680858, 0.9992850388498197, 0.9711055219922942, 0.9995674610202903, 0.9995544381700259, 0.9995644068156977, 0.9949925867596532, 0.9924586381374442, 0.9997821563327738, 0.9479474336015546, 0.9998123806574153, 0.9990094064843885, 0.9937806957894657, 0.9552426276781115, 0.9994775681010715, 0.9994891421440137, 0.9741341399557957, 0.9995583148192719, 0.9994290716906762, 0.9848190108111106, 0.9973993518110006, 0.9983873716245932, 0.9963566902271164, 0.9369039064958384, 0.8587711073809801, 0.999514953940817, 0.9938068591506934, 0.6340728688404316, 0.9405200796737054, 0.9984021410231565, 0.9381086018270803, 0.9998774689596144, 0.9984717507745003], [0.9663169662618134, 0.9032762882762351, 0.998886950261291, 0.9977489308551949, 0.9997231038448631, 0.9745907596694223, 0.9877026110027842, 0.9254853937913821, 0.9997147333642443, 1.0, 0.9805164458932362, 0.9042357448385885, 0.9974153894702612, 0.991043300055386, 0.5152168398344098, 0.9959419235791913, 0.5152660629831879, 0.9984370158901956, 0.9726418137571609, 0.6294462161833401, 0.9984370158901956, 0.9813793472961106, 0.5842040200730644, 0.9078999433277, 0.9941116743952993, 0.6401259686999129, 0.5331049285896239, 0.5957281481885235, 0.7709372047057119, 0.6987919740548781, 0.9951831089005776, 0.9984370158901956, 0.9984370158901956, 0.9984302592124759, 0.9984370158901956, 0.9824208047664618, 0.9997384105495708, 0.9996896492591011, 0.9984370158901956, 0.9984370158901956, 0.9984370158901956, 0.9984370158901956, 0.9984370158901956, 0.9985648269791785, 0.9986251721938822, 0.98781130258188, 0.9986944415207111, 0.9774449451903681, 0.9984370158901956, 0.9988235971719226, 0.999162955642382, 0.9986124614694388, 0.9978120730942648, 0.9980850734582118, 0.9593792069321123, 0.9985153621043912, 0.9635432340709544, 0.9977160825437914, 0.8088655315353592, 0.9800385865820729, 0.9968262112897378, 0.9985370323317714, 0.976084739470789, 0.9986660396175466, 0.9986698550953788, 0.9986657514737056, 0.9968040325206897, 0.9924522929733933, 0.9990432905481934, 0.9545319668085731, 0.9991915518088947, 0.9986045779286029, 0.99368317367705, 0.9615413170406494, 0.9984370158901956, 0.9984551538757365, 0.9790955761428768, 0.9985904279904136, 0.9986530306297705, 0.9882078970321029, 0.9972162316600095, 0.9988515628059464, 0.9978408352137278, 0.9442928332545597, 0.8694918368486555, 0.9984974433849615, 0.994897619089819, 0.6485231317881204, 0.9441913665152359, 0.9978428574899036, 0.9454673152072999, 0.9992840226920596, 0.9980833396182089], [0.9958647497493347, 0.9687044023370592, 0.9723577247995125, 0.9735969156949127, 0.9805116734738484, 0.9995626697859417, 0.9983360913908137, 0.9776647570702863, 0.9760722510817899, 0.9805164458932362, 1.0, 0.96916578556228, 0.9674771405997766, 0.9902305082707885, 0.5338094388735508, 0.965741657046767, 0.500622997018203, 0.9698363332275795, 0.9902736753664743, 0.7562556398829725, 0.9698363332275795, 0.9863688118823202, 0.7153487494493944, 0.9692333209523865, 0.9951177502279391, 0.7651213673179463, 0.6676614257873105, 0.7258206017121264, 0.8759379551903069, 0.8156259130042437, 0.9913719324717836, 0.9698363332275795, 0.9698363332275795, 0.9689814030752484, 0.9698363332275795, 0.9995503748172888, 0.9797723475332231, 0.9773410086063796, 0.9698363332275795, 0.9698363332275795, 0.9698363332275795, 0.9698363332275795, 0.9698363332275795, 0.9692518401753648, 0.9708662958765741, 0.9737043412796005, 0.9696282928944906, 0.9817707046559275, 0.9698363332275795, 0.9719661426621928, 0.9840185202308491, 0.969790682297083, 0.9895389250927911, 0.9684168978900445, 0.9272775644988951, 0.9700206786593012, 0.9757738623319367, 0.9688302363092978, 0.901092235807412, 0.9998198513847026, 0.9713850432243939, 0.9691906227546061, 0.9988329429235155, 0.9705764986519128, 0.9696603441685152, 0.9696920677733993, 0.9927295416210438, 0.9616124603843121, 0.9726837004980229, 0.9938860200097345, 0.9727118402460915, 0.9709803208761907, 0.9629966826733347, 0.9943267651260957, 0.9698363332275795, 0.9698367432240685, 0.9974565946472854, 0.9706370445450806, 0.969569471904516, 0.995624709967458, 0.9731690697421826, 0.9766273821886357, 0.9898669509756889, 0.9875743638813677, 0.9414985044207799, 0.9698347326904144, 0.973185174096506, 0.7726882190926838, 0.9286404665170764, 0.9680629130596856, 0.989838176567925, 0.9741804438490151, 0.9689469149762004], [0.9786546205708611, 0.9983218502753894, 0.8868978472316424, 0.8916079983426892, 0.9048009863102144, 0.9755124797586283, 0.9568888363305554, 0.995378262769421, 0.8946463606808954, 0.9042357448385885, 0.96916578556228, 1.0, 0.8820856863693305, 0.9406758112296258, 0.5593458796392001, 0.8815705905583804, 0.5194811487929663, 0.8820799284737247, 0.9641831795725594, 0.8887138480779424, 0.8820799284737247, 0.9469175445928371, 0.8550795780568399, 0.996389076709986, 0.9414381650091741, 0.8916622056774051, 0.8164071422535675, 0.8626249481485158, 0.9662665940536355, 0.9266218973555775, 0.9354276892999279, 0.8820799284737247, 0.8820799284737247, 0.8825542139370808, 0.8820799284737247, 0.9660147270072432, 0.9017837440887259, 0.8975090637533392, 0.8820799284737247, 0.8820799284737247, 0.8820799284737247, 0.8820799284737247, 0.8820799284737247, 0.882576234102594, 0.8843126097651401, 0.9050692020091395, 0.8826513640189402, 0.9354652254320679, 0.8820799284737247, 0.8861414910883222, 0.9121269244831873, 0.8823336558186794, 0.926507341180449, 0.8824247239623424, 0.8553844161487861, 0.8824106419667954, 0.940361910596721, 0.8847193132253718, 0.9761430573903631, 0.9694942554069815, 0.8925701461047418, 0.8825747140650699, 0.9725504894232665, 0.8835397186796181, 0.8824818650213082, 0.8824586088572302, 0.9333728500082986, 0.8789515323288095, 0.8875003082285755, 0.9889336269496594, 0.8882351723232755, 0.8871131008873988, 0.8797685208042062, 0.9835621629333045, 0.8820799284737247, 0.8821032610812833, 0.9681556811184621, 0.8835968467824297, 0.882930932071859, 0.9507576263552602, 0.8914338809566145, 0.8998459033712427, 0.9260176857508605, 0.988617957080216, 0.9845072632270528, 0.8821593382258062, 0.9001190511823678, 0.8968440253071717, 0.8798605723244266, 0.8823100580268963, 0.9916657296024141, 0.8904613271200439, 0.8840878336180892], [0.9498502726854858, 0.8805168790519222, 0.9973633537893719, 0.9945608233845977, 0.9977580102000525, 0.9603532925965911, 0.9762157454180869, 0.9097134778275808, 0.9979014481502737, 0.9974153894702612, 0.9674771405997766, 0.8820856863693305, 1.0, 0.9876279174176195, 0.5, 0.9996719490037398, 0.5507074509647251, 0.9974221088941062, 0.9631673821720474, 0.5971194502569148, 0.9974221088941062, 0.9791329649537213, 0.5512281152511027, 0.8890383156680279, 0.9858980236191236, 0.6080741081042641, 0.5, 0.5625866531786341, 0.7402874876578314, 0.6679684597319845, 0.9910178616009239, 0.9974221088941062, 0.9974221088941062, 0.9996017806238093, 0.9974221088941062, 0.9695024219629964, 0.9963892927615552, 0.9979903510680785, 0.9974221088941062, 0.9974221088941062, 0.9974221088941062, 0.9974221088941062, 0.9974221088941062, 0.9993660959770769, 0.9969447393135729, 0.9808694321962987, 0.9989114600529396, 0.9656989116316048, 0.9974221088941062, 0.9973804777005355, 0.9942575365433786, 0.9981409383276212, 0.9932951013911351, 0.9998734342825817, 0.9732390700585734, 0.9974140950715291, 0.9494336128613294, 0.9993362925856024, 0.7856859547906745, 0.9666151872218696, 0.9993286411027064, 0.9994285848951225, 0.9615929727637047, 0.9972416561718978, 0.9986734418320837, 0.9985776403432326, 0.9898389299839158, 0.9981038264674318, 0.997303390239058, 0.9379419303510208, 0.9984826585181951, 0.9997750209636602, 0.9987551155328933, 0.9488314712308241, 0.9974221088941062, 0.997483206468003, 0.967358728907423, 0.9974163590684137, 0.999213007188474, 0.9770160357066779, 0.9938824775741879, 0.9988917228761134, 0.9910339312523782, 0.9244265491695327, 0.8427256618548291, 0.9976333015611816, 0.9965302174902317, 0.6160956175531154, 0.9559273896629192, 0.9999555078780223, 0.9258614386300447, 0.9973645485034062, 0.9996727714792062], [0.981649706269393, 0.9371139238465349, 0.9840726069076031, 0.9845517513303106, 0.9915620137204403, 0.9870902133956038, 0.9928139577367843, 0.9620677993737228, 0.9878096729607152, 0.991043300055386, 0.9902305082707885, 0.9406758112296258, 0.9876279174176195, 1.0, 0.5284225293679098, 0.9884136736175168, 0.5747502702726908, 0.982534971310362, 0.991136126281549, 0.7004930642225108, 0.982534971310362, 0.9979913409880423, 0.6537551476853707, 0.9447630918699449, 0.9938075852653716, 0.7064880475871853, 0.6037523897604196, 0.6639597997166198, 0.827244645882108, 0.7611533617340676, 0.9983538312257634, 0.982534971310362, 0.982534971310362, 0.986224874712174, 0.982534971310362, 0.9909360215516394, 0.9884450312875891, 0.9888465117198639, 0.982534971310362, 0.982534971310362, 0.982534971310362, 0.982534971310362, 0.982534971310362, 0.9857296482016855, 0.983316799792259, 0.9803992293560195, 0.9849479453376644, 0.9799043442989697, 0.982534971310362, 0.9838368901535461, 0.9910035761148958, 0.9836240910540718, 0.9955400024516976, 0.9869323680586599, 0.969736712741569, 0.98268853407554, 0.9704026586242831, 0.9883071633919358, 0.8655455023389274, 0.9899186194915153, 0.9918553548302206, 0.9858552818189649, 0.9876672863863747, 0.983125440983764, 0.9844830919113619, 0.98432407681548, 0.9943788995574916, 0.9879911463306164, 0.9843749224768179, 0.9758209433999108, 0.9861415049803526, 0.988284952594339, 0.9882071124960943, 0.9838769292391757, 0.982534971310362, 0.9826252223499343, 0.9923878879138066, 0.9830282512329884, 0.9855527868401541, 0.9917853793036335, 0.9841176474658972, 0.9928401158836476, 0.9930455822658721, 0.9670214499440599, 0.9084451279975895, 0.9828485688937991, 0.9937103376059508, 0.7135080086491071, 0.9677893675845357, 0.9872453034570061, 0.9685868114706251, 0.9854324249821793, 0.98791246025785], [0.5899950168240962, 0.523626507585401, 0.5, 0.5528545402939827, 0.5, 0.5301673691014516, 0.5546129247383581, 0.5453497591807706, 0.5100651631023176, 0.5152168398344098, 0.5338094388735508, 0.5593458796392001, 0.5, 0.5284225293679098, 1.0, 0.5035666021439815, 0.5, 0.5, 0.6025104829946485, 0.5734364894295296, 0.5, 0.5191442893363689, 0.5106742632124078, 0.5030011799224245, 0.5047511943272465, 0.5, 0.5, 0.5057220993677186, 0.5692920894214821, 0.5, 0.5036801850818857, 0.5, 0.5, 0.5, 0.5, 0.5518856489466443, 0.5106438032467558, 0.5, 0.5, 0.5, 0.5, 0.5, 0.5, 0.5, 0.5219000753317822, 0.6235143583926538, 0.501017782002555, 0.6476966220783245, 0.5, 0.5, 0.5388712344136358, 0.5, 0.5, 0.5, 0.5, 0.5028381841625233, 0.6797394442133565, 0.5256264002640723, 0.5049168096268082, 0.547157179715908, 0.5072397386884878, 0.5, 0.5668754598423591, 0.5134668116952996, 0.5, 0.5, 0.5131303174599304, 0.5, 0.5082470747942416, 0.5203739546612021, 0.5, 0.5, 0.5, 0.5102961093742815, 0.5, 0.5, 0.5743762126844083, 0.5, 0.5, 0.5773255489108311, 0.5590011030940776, 0.5215360461891227, 0.5385524455970385, 0.6103003375144882, 0.6768626853156037, 0.5, 0.5430456626523328, 0.5, 0.5213857380819404, 0.5, 0.5843834395175396, 0.5060547732723457, 0.5167419535176697], [0.9485687065618587, 0.8790583560960841, 0.995236673200587, 0.992823148395091, 0.9963756920449564, 0.9586000536791985, 0.974569055233482, 0.9108330576965258, 0.9961958897033065, 0.9959419235791913, 0.965741657046767, 0.8815705905583804, 0.9996719490037398, 0.9884136736175168, 0.5035666021439815, 1.0, 0.5683371561930791, 0.9952951770738225, 0.9644003800614414, 0.5983248708419537, 0.9952951770738225, 0.9811246595976499, 0.5512742971187643, 0.888811119099967, 0.9838542589819624, 0.607857943519605, 0.5, 0.5623598552301439, 0.7400537171041581, 0.6675999417487979, 0.9905419729861004, 0.9952951770738225, 0.9952951770738225, 0.9985655339557682, 0.9952951770738225, 0.9678649831251993, 0.9943427015923356, 0.9963325665199809, 0.9952951770738225, 0.9952951770738225, 0.9952951770738225, 0.9952951770738225, 0.9952951770738225, 0.9981447175496229, 0.9949760663935805, 0.9796943312711199, 0.997421028675135, 0.9647611755033744, 0.9952951770738225, 0.9952537238914596, 0.9925286675319887, 0.996284493980654, 0.9919684931582287, 0.9991460099898318, 0.9786591641605222, 0.9953074428650621, 0.9487939936715921, 0.9991005659362131, 0.7868163012845657, 0.9649563648009545, 0.9996930556822752, 0.9982523332858121, 0.9600962793966353, 0.9952115574700169, 0.9970538114740137, 0.9969122813831668, 0.9879696215538053, 0.9993217960669922, 0.9952357941182607, 0.9365505343366898, 0.9968129364924309, 0.9989842774829807, 0.9996799633582771, 0.9485379351353277, 0.9952951770738225, 0.9953776453432317, 0.966944710473631, 0.9952894518338633, 0.9978899216081614, 0.9755279373415251, 0.9921915478179607, 0.9986094086186614, 0.9892093171705123, 0.9233985345822857, 0.8426647887135346, 0.9955813799420827, 0.9975796971684447, 0.6155992032226021, 0.962734215779635, 0.9993906375640526, 0.9246424180576898, 0.9953268277587306, 0.9992213660563944], [0.5, 0.5, 0.5, 0.5, 0.5209018259825168, 0.5, 0.5, 0.5713861197934329, 0.5098513886124914, 0.5152660629831879, 0.500622997018203, 0.5194811487929663, 0.5507074509647251, 0.5747502702726908, 0.5, 0.5683371561930791, 1.0, 0.5, 0.5695438269481813, 0.5307302688258358, 0.5, 0.6093732103590012, 0.5052975841107366, 0.5396404313698002, 0.5, 0.5068907109232677, 0.5, 0.5, 0.5083882522778556, 0.5097974228032335, 0.544754024976898, 0.5, 0.5, 0.5308184699364498, 0.5, 0.5, 0.5, 0.5132120120293535, 0.5, 0.5, 0.5, 0.5, 0.5, 0.5256034625780168, 0.5, 0.5, 0.5178076320585837, 0.5, 0.5, 0.5, 0.5030049246117978, 0.5076642683157402, 0.5219279901098258, 0.5395031838995903, 0.7085453934054242, 0.5, 0.5, 0.5480931618950765, 0.5649101443329139, 0.5, 0.568580744123423, 0.5268752511569095, 0.5, 0.5, 0.5143627969185662, 0.5130701576319132, 0.503685231804974, 0.593794625369116, 0.5, 0.5094100213841872, 0.5129365406061088, 0.5377174023008553, 0.5856603552523626, 0.5434869604566184, 0.5, 0.5006060547462573, 0.5295246368840999, 0.5, 0.5227356285689092, 0.5, 0.5, 0.5475521261515868, 0.5, 0.5, 0.5040061869742325, 0.5021268353066222, 0.5802829748549692, 0.5, 0.7410491989418475, 0.544067235213139, 0.5, 0.5012824630050119, 0.5438664163315174], [0.9521816226520526, 0.8824889085628969, 0.9999409403968142, 0.9971238858724336, 0.9982068998398735, 0.9627390744855227, 0.9786837345015018, 0.9045596831073772, 0.9994775681010715, 0.9984370158901956, 0.9698363332275795, 0.8820799284737247, 0.9974221088941062, 0.982534971310362, 0.5, 0.9952951770738225, 0.5, 1.0, 0.958478416647338, 0.5944901135040712, 1.0, 0.9704665144378344, 0.5509535667712355, 0.8870135427476378, 0.9884161911292971, 0.6079317599799483, 0.5, 0.562911008637895, 0.7406776755541095, 0.6678402025901704, 0.9890003156760647, 1.0, 1.0, 0.9990493181147292, 1.0, 0.9719356192337507, 0.9989618312957106, 0.9992243481778578, 1.0, 1.0, 1.0, 1.0, 1.0, 0.9993440324105376, 0.9995201564506304, 0.9833615390210457, 0.999681751077885, 0.9681123972022174, 1.0, 0.9999581530526828, 0.9965127037746155, 0.9999412555402727, 0.9936162543281516, 0.9984370556668065, 0.9544324139950592, 0.9999919446457708, 0.9517628034874976, 0.9970214637100088, 0.7805495512548102, 0.9690334213926195, 0.9949252585071564, 0.999277198433148, 0.9639851792976607, 0.9998186120811863, 0.999793667491572, 0.9998291417869479, 0.9920018469324079, 0.9911237809879168, 0.999880666085277, 0.9392523031663413, 0.9997472887028032, 0.9985201757626999, 0.9926076568000533, 0.9467244594223665, 1.0, 0.9999996326975096, 0.9667710606849764, 0.9999942203758241, 0.999482498628381, 0.979488172296165, 0.9964420245334614, 0.9966297434631051, 0.9935787156144602, 0.9266261406365102, 0.8440934456620635, 0.999995476551117, 0.9909194009837239, 0.6166972833306756, 0.9337175620835897, 0.9980542930049593, 0.9280684664146124, 0.9998114064019001, 0.9977905628983359], [0.9935908589936935, 0.9560119701273555, 0.96082766519598, 0.9693721445973547, 0.9712452504391217, 0.9889750869303093, 0.9919477329888813, 0.9781936473629318, 0.9670608818860171, 0.9726418137571609, 0.9902736753664743, 0.9641831795725594, 0.9631673821720474, 0.991136126281549, 0.6025104829946485, 0.9644003800614414, 0.5695438269481813, 0.958478416647338, 1.0, 0.7574979872507501, 0.958478416647338, 0.9905033847633212, 0.7051626575480643, 0.95922830791313, 0.9822625808984864, 0.7525991322467865, 0.6563739060014655, 0.7139806832845361, 0.8713803689208867, 0.8025335046581739, 0.9848133166339247, 0.958478416647338, 0.958478416647338, 0.9618931510764859, 0.958478416647338, 0.9924195087465871, 0.9692143469564287, 0.967268676894554, 0.958478416647338, 0.958478416647338, 0.958478416647338, 0.958478416647338, 0.958478416647338, 0.9614380482253604, 0.9625283954255915, 0.9789448025076124, 0.9608720845373244, 0.9892825986560629, 0.958478416647338, 0.9604631435635997, 0.9774968152317519, 0.9594905556124413, 0.9796201595308272, 0.9625396693309876, 0.945700996783019, 0.9590529174938891, 0.9875751924782687, 0.9676903418364269, 0.8951152842514003, 0.9918819435902377, 0.9702038510962714, 0.961553654442787, 0.9935558877945228, 0.9610730704982711, 0.9602869063705974, 0.960139644602434, 0.9818782795827634, 0.9633849813610668, 0.962299959921456, 0.9826359765565528, 0.9629343680208392, 0.9646875795235634, 0.9636142548800675, 0.9866195012621177, 0.958478416647338, 0.9585623745795993, 0.9975221228309363, 0.9592249870990465, 0.9613443626281093, 0.9926756647106125, 0.9698179875956321, 0.9742914089912138, 0.9823728394348716, 0.9877048658403355, 0.9513859867457892, 0.9587700853729966, 0.9784172151098238, 0.7590615607194535, 0.9536511437692735, 0.9628234956821409, 0.9861957337097981, 0.9635588069020613, 0.9659861866143649], [0.7861463953292416, 0.8869534844875266, 0.6019254277784498, 0.6100585243784864, 0.6310782952157358, 0.773063133454657, 0.7280497159788863, 0.8601628549851721, 0.6139115961039993, 0.6294462161833401, 0.7562556398829725, 0.8887138480779424, 0.5971194502569148, 0.7004930642225108, 0.5734364894295296, 0.5983248708419537, 0.5307302688258358, 0.5944901135040712, 0.7574979872507501, 1.0, 0.5944901135040712, 0.7222772131855679, 0.9933558259129689, 0.8803453083720624, 0.6965810869051811, 0.9938446163920192, 0.9844939122921424, 0.9933409336492285, 0.9754270377844185, 0.9886034886317436, 0.686922439597301, 0.5944901135040712, 0.5944901135040712, 0.5962045731574763, 0.5944901135040712, 0.7487394804370296, 0.6253087048945045, 0.6189005531219465, 0.5944901135040712, 0.5944901135040712, 0.5944901135040712, 0.5944901135040712, 0.5944901135040712, 0.5959397511758939, 0.5976159618623996, 0.6417093776305768, 0.5956739220656929, 0.7023709376033413, 0.5944901135040712, 0.6007503804196503, 0.6425705209460435, 0.5949500620141286, 0.6688217016363738, 0.5966226348506048, 0.5986960527601213, 0.5949054437639008, 0.7247925713133707, 0.6006468863714958, 0.9537774360385862, 0.757079779488588, 0.6154030692500981, 0.596005285685513, 0.7660249515125783, 0.5964337455234199, 0.5953338659605862, 0.5952611235954319, 0.6804276353236725, 0.5985773517242168, 0.6026194817629453, 0.8170160723810611, 0.6041864716873406, 0.6037168789290854, 0.5983578382972665, 0.8018727250331286, 0.5944901135040712, 0.5945272925417145, 0.7563537359074222, 0.5968185435287006, 0.5963418618784224, 0.7170800949691787, 0.6102465598682796, 0.6243352544366936, 0.6667248780249329, 0.8257677381083078, 0.8981345305509019, 0.594619975103116, 0.6296649215553678, 0.9931666939057453, 0.6558114953036381, 0.5968308093234793, 0.8299232652421971, 0.6073002109056855, 0.5992275676966857], [0.9521816226520526, 0.8824889085628969, 0.9999409403968142, 0.9971238858724336, 0.9982068998398735, 0.9627390744855227, 0.9786837345015018, 0.9045596831073772, 0.9994775681010715, 0.9984370158901956, 0.9698363332275795, 0.8820799284737247, 0.9974221088941062, 0.982534971310362, 0.5, 0.9952951770738225, 0.5, 1.0, 0.958478416647338, 0.5944901135040712, 1.0, 0.9704665144378344, 0.5509535667712355, 0.8870135427476378, 0.9884161911292971, 0.6079317599799483, 0.5, 0.562911008637895, 0.7406776755541095, 0.6678402025901704, 0.9890003156760647, 1.0, 1.0, 0.9990493181147292, 1.0, 0.9719356192337507, 0.9989618312957106, 0.9992243481778578, 1.0, 1.0, 1.0, 1.0, 1.0, 0.9993440324105376, 0.9995201564506304, 0.9833615390210457, 0.999681751077885, 0.9681123972022174, 1.0, 0.9999581530526828, 0.9965127037746155, 0.9999412555402727, 0.9936162543281516, 0.9984370556668065, 0.9544324139950592, 0.9999919446457708, 0.9517628034874976, 0.9970214637100088, 0.7805495512548102, 0.9690334213926195, 0.9949252585071564, 0.999277198433148, 0.9639851792976607, 0.9998186120811863, 0.999793667491572, 0.9998291417869479, 0.9920018469324079, 0.9911237809879168, 0.999880666085277, 0.9392523031663413, 0.9997472887028032, 0.9985201757626999, 0.9926076568000533, 0.9467244594223665, 1.0, 0.9999996326975096, 0.9667710606849764, 0.9999942203758241, 0.999482498628381, 0.979488172296165, 0.9964420245334614, 0.9966297434631051, 0.9935787156144602, 0.9266261406365102, 0.8440934456620635, 0.999995476551117, 0.9909194009837239, 0.6166972833306756, 0.9337175620835897, 0.9980542930049593, 0.9280684664146124, 0.9998114064019001, 0.9977905628983359], [0.9783697977324549, 0.9428882109954839, 0.9723751424626123, 0.9719862815366322, 0.9827531266819394, 0.9843534329748072, 0.9866769570618797, 0.9699367441166691, 0.9771145866736402, 0.9813793472961106, 0.9863688118823202, 0.9469175445928371, 0.9791329649537213, 0.9979913409880423, 0.5191442893363689, 0.9811246595976499, 0.6093732103590012, 0.9704665144378344, 0.9905033847633212, 0.7222772131855679, 0.9704665144378344, 1.0, 0.6766073219386988, 0.9532148688148037, 0.9870713249022462, 0.7278361439146989, 0.6277977145111995, 0.6861877853307407, 0.8415377994805542, 0.7804258646382929, 0.9941088377648036, 0.9704665144378344, 0.9704665144378344, 0.976313416442633, 0.9704665144378344, 0.9861225073299169, 0.9776657923373917, 0.9788901133952521, 0.9704665144378344, 0.9704665144378344, 0.9704665144378344, 0.9704665144378344, 0.9704665144378344, 0.9754499586639658, 0.9708535365508194, 0.9680395863943752, 0.9741013887161671, 0.9704414018331251, 0.9704665144378344, 0.9720805314716638, 0.9806324756935914, 0.9720877710969041, 0.9888260997014479, 0.9776370685774389, 0.9732090260843171, 0.9705676049265755, 0.9617722982952408, 0.9791653167330463, 0.8828331754050387, 0.9857385132468979, 0.9853475156325715, 0.9756652715667316, 0.9835906899122593, 0.97081146563305, 0.9734141797831596, 0.9731647985021201, 0.986748151708731, 0.9826318253799111, 0.9725007720676355, 0.9769287394776001, 0.9754190882256067, 0.9792207421161825, 0.9822487106691068, 0.986498941058021, 0.9704665144378344, 0.9705987411372925, 0.9894984783425003, 0.9710755475326411, 0.9750985751244499, 0.9844899724012417, 0.9714255005238068, 0.9849569506182951, 0.9837809191540001, 0.966039650018977, 0.9123658763203673, 0.9709274957861561, 0.9878937763134812, 0.7340725401077903, 0.9763894643896243, 0.9782752844354987, 0.9684327502465294, 0.9739344545223544, 0.9786242292602971], [0.7404145636827908, 0.858879480345827, 0.5585901438567706, 0.5603577639149705, 0.58757342607731, 0.733756167240105, 0.6829264288296532, 0.8227941704154511, 0.5691152498620677, 0.5842040200730644, 0.7153487494493944, 0.8550795780568399, 0.5512281152511027, 0.6537551476853707, 0.5106742632124078, 0.5512742971187643, 0.5052975841107366, 0.5509535667712355, 0.7051626575480643, 0.9933558259129689, 0.5509535667712355, 0.6766073219386988, 1.0, 0.8522690437407021, 0.6561848678112152, 0.9965543603934115, 0.997254190269676, 0.9998028416924729, 0.9563879194130211, 0.985508047371962, 0.6440077757452826, 0.5509535667712355, 0.5509535667712355, 0.5511832123787019, 0.5509535667712355, 0.7051351623185833, 0.5813021710778614, 0.5753848910498458, 0.5509535667712355, 0.5509535667712355, 0.5509535667712355, 0.5509535667712355, 0.5509535667712355, 0.551157991987563, 0.5513722016274964, 0.5849661805115707, 0.5511315379390929, 0.6455000844948515, 0.5509535667712355, 0.5573825644526118, 0.5954339262500195, 0.5510287845038331, 0.6266796063509127, 0.5512128344730534, 0.5485194782239657, 0.5510133369227685, 0.6658711226220579, 0.5517066736995617, 0.935861097273071, 0.7145741002549064, 0.5683482793432376, 0.5511646559424395, 0.7216681551978681, 0.5512225786337052, 0.5510847162662281, 0.5510746356192926, 0.6379983032732224, 0.5510427865690748, 0.5582409144084796, 0.7818