"[[1.0, 0.9785818452975306, 0.3144828105940337, 0.743361817430673, 0.44678972387270066, 0.4503387901912972, 0.3806110065431515, 0.5366506522989583, 0.6352488486995785, 0.4390971452130128, 0.7080357208517204, 0.9021458507730323, 0.4400536831637343, 0.8112743824246094, 0.9802831567533492, 0.46499921491768736, 0.715815298644761, 0.3880109660313925, 0.5307727952191574, 0.8582810657166806, 0.4457186145833476, 0.9253375045574115, 0.9492893627345101, 0.9142709114761858, 0.7548040533202539, 0.8319682312735193, 0.954600132180508, 0.7952089038244898, 0.7886306402102468, 0.956464670940729, 0.8808005126637468, 0.18234801183058225, 0.11239813420434042, 0.18123983453822423, 0.22390756500072717, 0.2887473649873823, 0.33215859759025257, 0.2870470300104916, 0.264064160884909, 0.4505187939723666, 0.481549876223051, 0.05106996396863117, 0.33036336198058525, 0.3602803996898989, 0.2339051253412644, 0.4765330887508479, 0.12197550394206569, 0.4526877228280597, 0.2738324393430642, 0.0929081635778124, 0.5110947604306588, 0.22769490364093725, 0.3633739897401457, 0.33980857590407243, 0.46647097529270853, 0.5874870603725362, 0.6774549126822994, 0.5045417565905363, 0.4593946658983473, 0.4371104376032957, 0.6873018562293505, 0.7636795563161849, 0.718806516431854, 0.374520103463855, 0.3196735465497784, 0.2570113835379342, 0.23282022616599762, 0.1360199891892837, 0.2099692678132299, 0.2597530862145552, 0.1883313658989202, 0.3387372676492919, 0.07281858984050815, 0.6662961237798264, 0.13697120443385435, 0.26433745107517204, 0.4807395166933499, 0.38038388445950455, 0.183654823732597, 0.6123816174896415, 0.15860741422400415, 0.5021785972660597, 0.393416440046646, 0.7712598865105268, 0.7362480210556657, 0.5196045328645573, 0.8889582132649785, 0.7215844777805058, 0.873356381538768, 0.7001178832880484, 0.8021307388949577, 0.5855941571725217, 0.5264489172301716], [0.9785818452975306, 1.0, 0.2889659592067406, 0.7458314306343669, 0.3978548509604525, 0.47606525019103063, 0.3433060577343594, 0.6533791357110883, 0.6107696832851871, 0.38486247851769495, 0.7373846478747816, 0.8408743370275613, 0.4356088961296126, 0.8957722613460546, 0.9793047506778024, 0.464447212413615, 0.8285261458877337, 0.34386756935960916, 0.6270395768491679, 0.8775048552598486, 0.3184440813797369, 0.97447325751309, 0.9828659287114834, 0.9114961278081366, 0.8029975055028588, 0.9150776009810271, 0.9782764826009771, 0.8625832259624451, 0.7965512614942887, 0.941495561650791, 0.9546656387978143, 0.12568290655011183, 0.09493690044097103, 0.21576588905463845, 0.2264681202518506, 0.2339315473744359, 0.3781190232749366, 0.3016725216974421, 0.318233934983681, 0.37770891792562156, 0.44273743922199427, 0.11180366066426362, 0.42746908313942844, 0.3352945259654837, 0.24043675288913413, 0.4973392185779326, 0.15069286675564197, 0.4918578569168073, 0.3593820599408186, 0.15331822536662876, 0.42699763545971425, 0.13513848145057195, 0.47682767911185286, 0.3375268134709678, 0.6062443429910545, 0.5244585595327538, 0.5763122159700138, 0.41995891373207683, 0.5477561012364014, 0.39419432280520195, 0.576350106031404, 0.7311002830586808, 0.7101039851221811, 0.47132214781863135, 0.2889911827684025, 0.3672449329243709, 0.2161460361880716, 0.2386182383371136, 0.2250028267058286, 0.3564461038901683, 0.19308173295508535, 0.3455186465887917, 0.11947793024091946, 0.7723926886146666, 0.19726233808320326, 0.3831312984863863, 0.5999156104495941, 0.4608126324644307, 0.2981018606673499, 0.608404344455566, 0.2581318549722684, 0.4065539247054246, 0.2712922076288269, 0.6522725133350112, 0.619038522135289, 0.4001672562222339, 0.8076831840382745, 0.5990530795671425, 0.8004238839201877, 0.6228433819889609, 0.7036669538013496, 0.4605125855685419, 0.4418844226435129], [0.3144828105940337, 0.2889659592067406, 1.0, 0.2779694772904313, 0.7535368033235773, 0.76552870278946, 0.6801760156850358, 0.6436136613691705, 0.8364961338605013, 0.8752011699098678, 0.7773753266997951, 0.525891051698822, 0.8305898149711888, 0.3520069957918365, 0.31323340932520116, 0.885705730819897, 0.44532183677579507, 0.9341704758161763, 0.6860883450452157, 0.4274072860384033, 0.8179367077633205, 0.39762651605580024, 0.3039161336923203, 0.5625494769124589, 0.6932182895929676, 0.4137628395167027, 0.4026850527006156, 0.5748912719764069, 0.5125725703008555, 0.14888623159846848, 0.2910172341569799, 0.7163981926704905, 0.47002630933811584, 0.43412960385266897, 0.2565671795890231, 0.2985759568526206, 0.13126703831995867, 0.21755977352046063, 0.21683360086759507, 0.4565815057857261, 0.14976328098850122, 0.5771879218711058, 0.17404656410543973, 0.3948972968161105, 0.25115522116306677, 0.06607650697645584, 0.7022696604688881, 0.0925771344948969, 0.24621261049440846, 0.5904618206601625, 0.41559125546079567, 0.8343536395149662, 0.5690850772524714, 0.1487026140919856, 0.43273288594421444, 0.11230730553810542, 0.308568200636545, 0.22607018746484564, 0.451182083031883, 0.287435230429671, 0.41729157655926163, 0.12216384398654268, 0.12251039375567396, 0.5240076410469069, 0.7792094427879148, 0.7119023934410459, 0.9462972513607051, 0.4175047895896996, 0.7189117744953736, 0.8081684149637123, 0.7622207053379677, 0.6857244383983903, 0.8232319286441867, 0.5529361414226547, 0.7975161079241715, 0.6340086388940699, 0.6706345410734271, 0.8469085253278332, 0.6886155286465863, 0.2400081998716881, 0.6085911290350943, 0.8072080926940366, 0.8358386833876522, 0.5939418536317479, 0.5294668095140418, 0.7436511274637548, 0.5915898879018475, 0.44637695005499145, 0.4212973871544954, 0.3444695987199662, 0.5881685361974998, 0.5628418728558366, 0.8083399324233869], [0.743361817430673, 0.7458314306343669, 0.2779694772904313, 1.0, 0.05998760814615789, 0.7268019322873577, 0.02751556285519352, 0.43018950093596486, 0.25179851812565646, 0.11137019572771556, 0.4338550493938137, 0.8072712452826103, 0.0770903421029221, 0.5103714001323483, 0.8377651009507273, 0.13950143888752242, 0.6767094009348892, 0.1316973895845691, 0.6309670840515915, 0.9169455079856853, 0.3713247564304518, 0.6824388543803779, 0.6310950164138991, 0.5498247094662617, 0.48494392616745796, 0.7419718476084584, 0.6322391211125338, 0.6773903017961576, 0.9138403961808415, 0.8156270668781176, 0.6380451429340344, 0.06605091819211006, 0.5179052983262034, 0.12946278813871026, 0.3565978928727255, 0.35588383152563274, 0.48613619108061257, 0.3267983272494084, 0.6472173141276082, 0.1566143040459469, 0.4219466871601696, 0.18317860563096533, 0.5603133288182981, 0.12830322991576137, 0.34080817981334177, 0.5073177824917104, 0.5578848215561699, 0.4458674020440073, 0.6515480687441768, 0.527631686170962, 0.832594951499602, 0.4024617538188475, 0.6685960160492059, 0.6153401807922962, 0.6321838910682546, 0.6371621827874165, 0.8276024250002203, 0.7019944730108854, 0.8344687632298384, 0.8344323133379216, 0.8177953178886778, 0.9232088240986758, 0.9487156042298408, 0.15248753190483644, 0.01641667890174625, 0.22962604686776533, 0.10103895877350544, 0.3853046831140936, 0.005791525279337906, 0.34496778468887057, 0.008371016736124615, 0.010241103904537696, 0.14501540437853166, 0.6634172934607605, 0.10106278134971425, 0.5254072987742262, 0.43555112635621507, 0.4171693693916537, 0.3350944183052065, 0.2710263491113477, 0.519114583768552, 0.627900359255591, 0.3592712139428317, 0.6949667494576987, 0.7682886758947469, 0.6138906425945783, 0.6827622121730501, 0.7644326571792808, 0.8810297673339922, 0.9158061505196127, 0.765693733324254, 0.7185417729919078, 0.6567689411612305], [0.44678972387270066, 0.3978548509604525, 0.7535368033235773, 0.05998760814615789, 1.0, 0.28037934679347387, 0.9831421696305913, 0.5199774231362169, 0.8820164185727442, 0.9712205575225594, 0.6782087444486493, 0.4109920265231184, 0.9594176381888091, 0.5263171321226503, 0.32842629231085263, 0.9141712090317766, 0.31571399286398916, 0.9325396873644647, 0.34053241932947376, 0.203763229513777, 0.7608368110790253, 0.4370185314189735, 0.49354293272252125, 0.6341876753554708, 0.6169979860403152, 0.31572923247791773, 0.5197563574121624, 0.4057723958435724, 0.20200665756905845, 0.3223852620500691, 0.4249508974962083, 0.8843929289667718, 0.3306280558709932, 0.700093176959327, 0.48422514988355614, 0.5634641469247879, 0.343770947265883, 0.523733068352414, 0.16378156380991693, 0.8709120235421532, 0.5382075380934628, 0.5979564956693673, 0.23704121932013256, 0.8140735286918699, 0.5000721129485988, 0.3900042210309802, 0.30014613205127316, 0.43200678108452906, 0.14442952269919385, 0.27403371990818925, 0.222701087657161, 0.61600398103766, 0.19997715449223408, 0.2583704621780212, 0.234264893601144, 0.37915140446026385, 0.29042710798325966, 0.31711290535305836, 0.07249330254450348, 0.1358217739198906, 0.3311331825979761, 0.14447117182936553, 0.08212757757821354, 0.7245275833458009, 0.9815514262692373, 0.6220598562437627, 0.880109667585058, 0.3705508161608845, 0.9009184453187068, 0.5356167779240767, 0.9050594827734298, 0.9500257741592801, 0.6995109470102059, 0.33277275489465397, 0.7547061451901396, 0.3094590307831341, 0.4944899186175268, 0.5327034267503012, 0.4791933722930146, 0.731793265136069, 0.2825718935796324, 0.5016614410934184, 0.7505098872553081, 0.5258402765943452, 0.42543403947116054, 0.5299658551419385, 0.5569344198494919, 0.4126238082543665, 0.3159915918570443, 0.1996471033037881, 0.4510806019018907, 0.42501738406680056, 0.47449860414616574], [0.4503387901912972, 0.47606525019103063, 0.76552870278946, 0.7268019322873577, 0.28037934679347387, 1.0, 0.2034359625348069, 0.6824441699299851, 0.5339560812528246, 0.43963211378768574, 0.6938305803860998, 0.6857823840915002, 0.41587524015595156, 0.4047150106109182, 0.5629292154660708, 0.5268183406221905, 0.6952943216446006, 0.533368596936513, 0.8929584841386196, 0.7867399329542147, 0.5563834689838661, 0.5556179439598146, 0.398671979741247, 0.5339671755293139, 0.6744379185790712, 0.677705276872626, 0.4818093921475922, 0.7583389955223487, 0.8641487683884992, 0.37672950917812886, 0.4458163912711126, 0.2875197400968025, 0.5357967006895019, 0.17519126949154706, 0.18344993878836602, 0.1527746312929561, 0.21453116263651206, 0.12019664288957976, 0.4677654166260121, 0.06713933878199385, 0.059286629571885685, 0.4095815163391976, 0.3778507886785304, 0.046220147346752505, 0.16576234055983563, 0.12326110131499113, 0.8382304166307206, 0.11273511677356285, 0.530038511894688, 0.7414783027241892, 0.6480083538172199, 0.6734440059356314, 0.8640258687778911, 0.3028608309654912, 0.7106637117971192, 0.18560037494393722, 0.49710648870698426, 0.3461347691439898, 0.868491541242312, 0.5835250862687934, 0.5785701788596546, 0.4678645870685718, 0.5243394912707047, 0.31308751349548336, 0.30321788516617354, 0.596749599212674, 0.5698262516894352, 0.47944653779116264, 0.30148440325693526, 0.7825541929193055, 0.337843253695143, 0.24441455281866076, 0.5871925668489377, 0.7856217330891573, 0.5244736856344543, 0.8114415303257432, 0.7248639408377721, 0.8506933616257328, 0.6914472077034679, 0.014910719779935855, 0.7795103270133524, 0.8125807598041357, 0.5758526471697021, 0.6062392048244778, 0.6227149831655915, 0.7121087365672815, 0.6113275101692348, 0.5377676329284831, 0.6500700723936601, 0.6352348807129614, 0.683720162945279, 0.6241588713356971, 0.8482844997308467], [0.3806110065431515, 0.3433060577343594, 0.6801760156850358, 0.02751556285519352, 0.9831421696305913, 0.2034359625348069, 1.0, 0.48769276617466706, 0.7940916155443192, 0.9204207346178916, 0.5777905483246566, 0.30225177441095186, 0.9245133122619644, 0.5093701638613901, 0.25849886942653155, 0.8555058152577859, 0.27885106489726996, 0.8747222912020087, 0.28007898702716383, 0.12091727386879891, 0.6975137964232068, 0.37142016589451654, 0.45115534668815305, 0.5390069954241262, 0.5254290662256149, 0.258921025591065, 0.4511185715412761, 0.3202663556112947, 0.11021548036259587, 0.29953206390226406, 0.39904578825313797, 0.9238856634203552, 0.40605094244337236, 0.8084370278185904, 0.6081721319667542, 0.6630957373991395, 0.4697235319816365, 0.6491469314801743, 0.2665534638157133, 0.9185838547041676, 0.6350930795817168, 0.6900762336444497, 0.3478485643585394, 0.8978275032361593, 0.6251163238506392, 0.5034326314287751, 0.3135939147295058, 0.5492070432597037, 0.23880852887422355, 0.32468257670884204, 0.20934562046849248, 0.586495146304892, 0.19650350761695257, 0.36533808513785615, 0.25060553009364683, 0.4463166440971087, 0.2737030365299238, 0.36414950567145143, 0.06565995831350946, 0.16940088540662912, 0.28581087056300214, 0.15302332016696352, 0.09731693563151678, 0.7755430635056393, 0.9857640713383413, 0.6407473695581589, 0.8510365023991124, 0.47103908125319227, 0.9427402504027411, 0.5188855423422722, 0.9393054120383582, 0.9762018061332118, 0.7287214120008265, 0.27875456039238333, 0.7831716549249577, 0.3204762237311547, 0.4651403365153072, 0.4774162970686645, 0.5078018752128031, 0.7969844036479232, 0.31895981918324157, 0.40921600610706177, 0.6934045878869289, 0.43152925244716234, 0.34722407363422914, 0.45071968473508595, 0.44438077090459016, 0.35810064104268147, 0.23178307456837755, 0.1628445820068256, 0.3471105313758298, 0.3697955508576133, 0.3752205995850997], [0.5366506522989583, 0.6533791357110883, 0.6436136613691705, 0.43018950093596486, 0.5199774231362169, 0.6824441699299851, 0.48769276617466706, 1.0, 0.7164383758132283, 0.5616962348160139, 0.8718656672192899, 0.46850161125866896, 0.7069149931936193, 0.8496657112941473, 0.5806831354717108, 0.7554182090320836, 0.926273856164946, 0.6010230766423172, 0.9250373653114685, 0.6418291075819055, 0.2517698966763865, 0.7909898937084632, 0.7041687721696793, 0.7270985464799393, 0.9019443298128698, 0.8582683586995659, 0.730949019205631, 0.8900691210680531, 0.6191738163856354, 0.4301074654092393, 0.7955541483907438, 0.3396230961159744, 0.22813693730581175, 0.469998663772792, 0.2497595288029939, 0.11565745232344105, 0.3573226573053424, 0.30312028300102456, 0.37729114794140584, 0.25655030007192714, 0.1697096592263374, 0.5674070432213341, 0.5409089854789622, 0.33887918707519993, 0.2670840379797579, 0.30500622999813753, 0.515538436836311, 0.3782958932267181, 0.5030322126571407, 0.5459933537957526, 0.12945329632264468, 0.26338805770632734, 0.8253770288073642, 0.1923201241644088, 0.8906912151349186, 0.08979279873414014, 0.09459725764674132, 0.0332870436477426, 0.6979758559016663, 0.1549929463547145, 0.13127453884214668, 0.24431139616769526, 0.29791972214573503, 0.822749114720875, 0.5382322579977998, 0.906619739745974, 0.6262305055854035, 0.6279662131585474, 0.6021003116147109, 0.9023192543494736, 0.5817849773506778, 0.619161619158531, 0.6794500688975849, 0.9437498331109623, 0.7482468186960447, 0.8515997963887272, 0.9950844169142443, 0.9206991292833095, 0.8554765983778776, 0.42482877093137983, 0.7207542231428163, 0.3426682423451253, 0.2548450523411159, 0.26634284498670324, 0.20696684359876005, 0.2372817937816165, 0.45109506366116636, 0.1343155667537943, 0.34419504256410915, 0.1936450490286381, 0.3366949173828623, 0.13183862664865198, 0.3881715812445783], [0.6352488486995785, 0.6107696832851871, 0.8364961338605013, 0.25179851812565646, 0.8820164185727442, 0.5339560812528246, 0.7940916155443192, 0.7164383758132283, 1.0, 0.9349536994558898, 0.9298272008442896, 0.6607052973872762, 0.9385277856941292, 0.6733230324118993, 0.5699797369620916, 0.965943721226727, 0.575908307992378, 0.9275207838158773, 0.62073515701168, 0.5134059377304938, 0.7240442095089595, 0.692624419180076, 0.6673852666416457, 0.8658206105627649, 0.8831280265886112, 0.6028468898773682, 0.7416464705872592, 0.7241948405239886, 0.5163966427339179, 0.4354972870351044, 0.6092732608367575, 0.6256429350655317, 0.13526945593205197, 0.40739508073144315, 0.1694419028832279, 0.23701403725266135, 0.1066182688553492, 0.2146253530366682, 0.022948018726698938, 0.6000899291900966, 0.25546545229628514, 0.38213962140944147, 0.11099270757814705, 0.5100627053652076, 0.18422346714130333, 0.15909368862908102, 0.30866217717708744, 0.20022338450205557, 0.060860629684531764, 0.22858290346090437, 0.2271101132562081, 0.5461399531468432, 0.37643447914439665, 0.03579735833230657, 0.391109107345349, 0.18471681311819332, 0.28462828756799785, 0.1553299385083855, 0.26547745070190965, 0.08162098724517008, 0.37647859262374217, 0.18546651492030497, 0.14105200561785214, 0.6442789989990528, 0.8252377093711132, 0.6454512378215396, 0.832570402207425, 0.23169660793824742, 0.7089703613283387, 0.648655677212382, 0.7182129062845657, 0.7873586868966651, 0.6014130083573765, 0.6200034945304048, 0.6660378287993257, 0.4257864096276145, 0.6872344400961614, 0.7321753271814435, 0.5068921429324021, 0.5313484537925152, 0.3151296206155967, 0.6260127795231191, 0.7019995714562445, 0.6471409168661465, 0.5278717863765378, 0.5935523016479962, 0.7638537928188681, 0.4540172011500533, 0.5120952923907998, 0.2874527527487569, 0.6347647823789254, 0.4520360521007769, 0.6342666861435637], [0.4390971452130128, 0.38486247851769495, 0.8752011699098678, 0.11137019572771556, 0.9712205575225594, 0.43963211378768574, 0.9204207346178916, 0.5616962348160139, 0.9349536994558898, 1.0, 0.7617345309392132, 0.49494086193080056, 0.9664810483588098, 0.4791687548622867, 0.34716270878108724, 0.9580120785014423, 0.34969343952550314, 0.9892851234003435, 0.4498820809910281, 0.28751778727126975, 0.8329249106335205, 0.4489533935201433, 0.4564219634778047, 0.6668113594058904, 0.6846580385436896, 0.3526393882732761, 0.5180194903928934, 0.4830254735382026, 0.31554739507053864, 0.2747209980937768, 0.38848304354310803, 0.845227668862827, 0.3262443418663319, 0.5821243863949974, 0.3598640422345848, 0.4494584106769165, 0.21090663331302917, 0.37764705636718277, 0.10615308207113117, 0.7584184338980113, 0.3875419152568569, 0.5491838270969551, 0.14328705298615718, 0.6758221581195353, 0.3697399403920011, 0.23619059948390353, 0.394037741715221, 0.2729121677541384, 0.1008420032625903, 0.3218063744994393, 0.27473232316015495, 0.7065935333642205, 0.27947152091869587, 0.1627806380248431, 0.2556753422556136, 0.26983254809374957, 0.2997554313104984, 0.2654705913855647, 0.15096243276896426, 0.14541963750714348, 0.37650255049814063, 0.11606249566190163, 0.06275602172838002, 0.6483999399854345, 0.9527571325993788, 0.6366280980320799, 0.93626681408889, 0.32026737043858367, 0.8515927474839455, 0.614939781705675, 0.8715543850341755, 0.8882496811871062, 0.7286301654226387, 0.4021503381667271, 0.7632477424133721, 0.3753931839683913, 0.5480577916894263, 0.6432656445535991, 0.5143764008482241, 0.575078088772194, 0.3370038930299636, 0.6403216823495225, 0.8266525953784268, 0.6012494308750103, 0.49744399668592, 0.6399389035044697, 0.6300813012075531, 0.4531726785578192, 0.3810671036896448, 0.24715396288668945, 0.5445646480218274, 0.4964260687524159, 0.6219088827815009], [0.7080357208517204, 0.7373846478747816, 0.7773753266997951, 0.4338550493938137, 0.6782087444486493, 0.6938305803860998, 0.5777905483246566, 0.8718656672192899, 0.9298272008442896, 0.7617345309392132, 1.0, 0.7292416377279446, 0.8129290811594918, 0.7915667564013065, 0.7058120460397868, 0.8799997151756344, 0.8047620603637786, 0.7812445172582969, 0.8326908069811016, 0.7162410334535406, 0.5449198395116732, 0.8447655653158954, 0.7659482838888878, 0.9196957382568494, 0.9894490759830883, 0.8202981938953018, 0.8424098386212437, 0.916711051729446, 0.710612722404058, 0.5173499123159004, 0.7585738857236369, 0.38973556630169004, 0.08708492169801008, 0.2776352214213872, 0.06120279256719763, 0.061377842795865556, 0.09659275522552702, 0.10967798197671219, 0.09504895447842954, 0.35722531490306986, 0.11840719004275857, 0.3213721482926557, 0.20568570380176698, 0.3055722378821464, 0.07509900227444666, 0.12341610646459267, 0.37434724443510536, 0.16783093997249687, 0.18236677665256407, 0.30669921955823165, 0.230767799903852, 0.41362965858384626, 0.5972089814287065, 0.01381465890621747, 0.6201175213585892, 0.10049357261795655, 0.25868066112630084, 0.07844547601009211, 0.5058706993705206, 0.11754281479981776, 0.3503918097858697, 0.26796326932178016, 0.26286668256144763, 0.6350326950396242, 0.6242355687130998, 0.7045973231256428, 0.702671528310647, 0.2886005771840561, 0.5492353498177904, 0.7490678042667326, 0.5505157440341713, 0.6221213338726896, 0.5450961791877966, 0.8474029205344233, 0.6116843634898143, 0.600798999346211, 0.8482485842061647, 0.8528775195199909, 0.6043218661877658, 0.40536179339677414, 0.45034325321324675, 0.5923211912379779, 0.5242185786739837, 0.5945720992180683, 0.49421439080264973, 0.5137155702929053, 0.7655790409436897, 0.3981287593314935, 0.5758671184186402, 0.3353141326730469, 0.6389541150211699, 0.38280833665857616, 0.6287218562137828], [0.9021458507730323, 0.8408743370275613, 0.525891051698822, 0.8072712452826103, 0.4109920265231184, 0.6857823840915002, 0.30225177441095186, 0.46850161125866896, 0.6607052973872762, 0.49494086193080056, 0.7292416377279446, 1.0, 0.41661494128791254, 0.5861671506458107, 0.9171823707500033, 0.48903705764431316, 0.6226957902187498, 0.4893377567092786, 0.600130695353341, 0.9088140757014149, 0.6577774948492503, 0.802982014362654, 0.7612978695716102, 0.8533679895579083, 0.7309520494112525, 0.7459736135619335, 0.82235018079418, 0.7802439147403502, 0.9086722514636171, 0.8195901186129071, 0.6768826035635639, 0.21302696149276978, 0.23126710992407973, 0.030453919937929785, 0.11046159637821806, 0.22348238552106436, 0.15439122232913804, 0.11197872422708266, 0.22022669073347834, 0.3338507674997052, 0.30724139506355774, 0.013169253671724501, 0.16922620564711877, 0.18648598586337706, 0.10399074439138711, 0.25605568833029224, 0.3349062830767069, 0.20715547306812043, 0.21846327943579458, 0.21859434306224912, 0.697163156465964, 0.4973662245975996, 0.42743000957023214, 0.270714270374532, 0.3947318151399366, 0.48942257040393233, 0.774530980851112, 0.5354476643307884, 0.5393975705683622, 0.5487656845739122, 0.8382931807475384, 0.7356506676924436, 0.6969806622600268, 0.17378839268335122, 0.2967751147779275, 0.20944906604161195, 0.34727081289684414, 0.060302013708401936, 0.14655793924253901, 0.3263149254271476, 0.1620291400018674, 0.23100678801237384, 0.14269739702642847, 0.6392233574025641, 0.14329320650718746, 0.3142525393326493, 0.4425423121093397, 0.48008024305843056, 0.19383681327639213, 0.34311100010946827, 0.23868877672357713, 0.7929342868830378, 0.6191850013404436, 0.931681817608367, 0.9093662484461084, 0.7864133047049541, 0.9781416545128863, 0.8603328248422848, 0.9734160424228839, 0.8323477851699439, 0.9689518848651939, 0.8002138641164818, 0.8160341860265006], [0.4400536831637343, 0.4356088961296126, 0.8305898149711888, 0.0770903421029221, 0.9594176381888091, 0.41587524015595156, 0.9245133122619644, 0.7069149931936193, 0.9385277856941292, 0.9664810483588098, 0.8129290811594918, 0.41661494128791254, 1.0, 0.6193021674373428, 0.35620893566611933, 0.9862803971224008, 0.48301819413954317, 0.9560082771823049, 0.5374730432946182, 0.28938730740115226, 0.6772175678080685, 0.5305127174771849, 0.535004759243275, 0.6961231526445344, 0.7602474342981153, 0.4549124348711199, 0.579643300125918, 0.5633571510848061, 0.29229704264228407, 0.2772008564665345, 0.5074780639573082, 0.7975410300841803, 0.2636146038612772, 0.6491929635799047, 0.369149541045916, 0.3950305792319565, 0.2707818737533001, 0.41463289368090495, 0.1395243991966948, 0.7207555914314111, 0.3708985343368949, 0.6175738473403519, 0.2502529852263653, 0.6933112144187988, 0.38748979404938744, 0.2818191189820798, 0.36826852976362323, 0.3456540170448089, 0.170281479727031, 0.3415514977155387, 0.1304352144091121, 0.5636167519052986, 0.37079884116946604, 0.14558936273209144, 0.40235803195592923, 0.2051999851060553, 0.1594801631376741, 0.15026584902984053, 0.20418186085562262, 0.049280663040162986, 0.22094471602304755, 0.06256101848497342, 0.029079314000974965, 0.801416903190441, 0.9544058609154108, 0.7710389560762296, 0.9232695652748044, 0.42596027717146234, 0.9010895907118053, 0.7107162077467879, 0.9037046774519879, 0.9426908859579621, 0.7744545360371897, 0.5183277244092195, 0.8401286268192295, 0.48056774244964406, 0.6879685838927045, 0.7193296715368718, 0.6314872922367311, 0.6313433617846433, 0.41048553542489197, 0.4901610630614742, 0.6723727886242038, 0.45353784428516664, 0.34073922143708746, 0.46896550875215914, 0.5416257005175734, 0.2938505590444428, 0.2806033455783187, 0.12235574692255624, 0.41419605066330445, 0.32009800829428403, 0.4830534367011359], [0.8112743824246094, 0.8957722613460546, 0.3520069957918365, 0.5103714001323483, 0.5263171321226503, 0.4047150106109182, 0.5093701638613901, 0.8496657112941473, 0.6733230324118993, 0.4791687548622867, 0.7915667564013065, 0.5861671506458107, 0.6193021674373428, 1.0, 0.7993027947115929, 0.6221291412839411, 0.9000254296380232, 0.44486066468592933, 0.7000625469004705, 0.6943434506494034, 0.18751761727703553, 0.9400805210629943, 0.9506039621898674, 0.8591636167625671, 0.8605185606166876, 0.9075449149116317, 0.9282156999876537, 0.8599006557093727, 0.6001462778768809, 0.7569788270440982, 0.9820683511686442, 0.2561637645564038, 0.08417533450527404, 0.45704371523846665, 0.3185005819255481, 0.2380070810824535, 0.4705486923074097, 0.4224284138905221, 0.34989138271210063, 0.43428921564203493, 0.43243673350202105, 0.3701389330533884, 0.5590627038102389, 0.48129625421049127, 0.34510909555333913, 0.5368255086030083, 0.18209981759940896, 0.5871213527739145, 0.4333838838361427, 0.2493744207111812, 0.1525759519249148, 0.052382246055152515, 0.5700782302130851, 0.29919697512334975, 0.7522566067604284, 0.37444828808668007, 0.2726631710368752, 0.21043102574381756, 0.5254611659625105, 0.18639879572174478, 0.25957520763884223, 0.48297886383496835, 0.4875027079509039, 0.779220640760519, 0.4707317292766262, 0.6609065813621129, 0.3798210899083977, 0.46381651617357034, 0.48600543045105826, 0.5744847926950848, 0.4380422941986447, 0.5859627980635949, 0.3673363193683624, 0.8404443477809493, 0.48225794726734894, 0.5542538466433486, 0.799781085870729, 0.6139449491936071, 0.5539817141435813, 0.7086807741980398, 0.41081788364224103, 0.20024648108442245, 0.15595045028219845, 0.3711535911195373, 0.3103166935961885, 0.16632981198701668, 0.5804174839236766, 0.28735906310478176, 0.49904048546350976, 0.310968192137965, 0.41813733271253284, 0.17104953822117053, 0.23692407436065277], [0.9802831567533492, 0.9793047506778024, 0.31323340932520116, 0.8377651009507273, 0.32842629231085263, 0.5629292154660708, 0.25849886942653155, 0.5806831354717108, 0.5699797369620916, 0.34716270878108724, 0.7058120460397868, 0.9171823707500033, 0.35620893566611933, 0.7993027947115929, 1.0, 0.40400957215260347, 0.787299176618582, 0.3192251639879108, 0.6294885015789067, 0.9376567651241323, 0.38949300999211367, 0.938290862813604, 0.9271460247821637, 0.8831352328142265, 0.7616141822364889, 0.8912865690557445, 0.937999499274039, 0.849863809263796, 0.8794610761150401, 0.9488092674903232, 0.8863724583080024, 0.09088092547681348, 0.15422135412935678, 0.12079173342970861, 0.1913445300819564, 0.22593711488107604, 0.3310555999775233, 0.23940277217854866, 0.3314499646249268, 0.3176704948127158, 0.4060214387400921, 0.04963747552358533, 0.37936947561556655, 0.24580769482749631, 0.19673714192480452, 0.44535032072785197, 0.22018736300568786, 0.4176869175542257, 0.3588689891314931, 0.18864508409685343, 0.5595979431476426, 0.22524542547805215, 0.48934772217491207, 0.3552533440994341, 0.5667943661107216, 0.5469173048982733, 0.684811240389345, 0.49529071701298844, 0.5981705855542446, 0.5007460635879468, 0.6975213921971685, 0.8004148141902709, 0.7796151557036389, 0.335228188946219, 0.2153334146719551, 0.28088593072682644, 0.18813140188620514, 0.18588103524979416, 0.13076823567303553, 0.32105276015643813, 0.11238337474851723, 0.23765108112542477, 0.07699469810851212, 0.7482979198109284, 0.1239149094567733, 0.3698266298580515, 0.537222561043291, 0.444581317410791, 0.24700825428452866, 0.5020422016423418, 0.26370992835955276, 0.5277537233177072, 0.3443703794165315, 0.7500316296342917, 0.7348637670985402, 0.5212183925763776, 0.8667917978280602, 0.7096458185072527, 0.8971589222216434, 0.7453687368670079, 0.8067118933492601, 0.5880802050406193, 0.5627263515391056], [0.46499921491768736, 0.464447212413615, 0.885705730819897, 0.13950143888752242, 0.9141712090317766, 0.5268183406221905, 0.8555058152577859, 0.7554182090320836, 0.965943721226727, 0.9580120785014423, 0.8799997151756344, 0.48903705764431316, 0.9862803971224008, 0.6221291412839411, 0.40400957215260347, 1.0, 0.5433769914001324, 0.9652585816308525, 0.6313342192471436, 0.3786632932743774, 0.6911838007296359, 0.5756164426800766, 0.5455295933460955, 0.7392735829570691, 0.8250351577472312, 0.5195946071271094, 0.6109859876483175, 0.6464908005387277, 0.39456909355901204, 0.2782601397395441, 0.5229015253028797, 0.7308051755263789, 0.23810395764292647, 0.5522177810267548, 0.27180335122983856, 0.2964830413697003, 0.18636821846960883, 0.3081008485982101, 0.10628008377040032, 0.621311049709867, 0.2643723729590104, 0.5646017360698781, 0.2028984774292446, 0.5811795239636866, 0.287110396071644, 0.18742708389617802, 0.4157751545038765, 0.24816318407207194, 0.1526402722029223, 0.36344238902971515, 0.15893946826429872, 0.5858260773153123, 0.4417088914549909, 0.0802235162808076, 0.4456349935630721, 0.1329009811705968, 0.16604048163032648, 0.10825743260515941, 0.2801323617535272, 0.05510356845646758, 0.2486213806125186, 0.06611368625146452, 0.0415152089849099, 0.7537050163499387, 0.9046583143215625, 0.7799256944287639, 0.9284238566307084, 0.3912996183909394, 0.8411521774451871, 0.7620405861104953, 0.8507771755071172, 0.8800551706105816, 0.7679470787980778, 0.5968370108999133, 0.825040023974502, 0.5339922546656806, 0.7417518565744371, 0.7959514308844414, 0.6540226046952626, 0.5293646252591148, 0.4472444512797691, 0.5639667163342865, 0.6868019542843062, 0.4988808051598367, 0.3849387934568762, 0.5204247925487203, 0.5984680438691315, 0.31620557784916203, 0.33981918742595607, 0.16185100478522596, 0.4789257367166053, 0.35296053394240856, 0.5667607743249454], [0.715815298644761, 0.8285261458877337, 0.44532183677579507, 0.6767094009348892, 0.31571399286398916, 0.6952943216446006, 0.27885106489726996, 0.926273856164946, 0.575908307992378, 0.34969343952550314, 0.8047620603637786, 0.6226957902187498, 0.48301819413954317, 0.9000254296380232, 0.787299176618582, 0.5433769914001324, 1.0, 0.3764918141838698, 0.9158883293026687, 0.8356917270053732, 0.1576643084522774, 0.9100902577196643, 0.8306695956232063, 0.773333668767097, 0.871803996636646, 0.9789117531350542, 0.8391857520674437, 0.9529998480038988, 0.7889275933242434, 0.6643390027841329, 0.9126715615402725, 0.12032985755761172, 0.2052138190233762, 0.31566175341657887, 0.22328621914854185, 0.09743302918293817, 0.4055630464420411, 0.27857498444356155, 0.4552791296783051, 0.1544719500212144, 0.2227083059929965, 0.38326246911418693, 0.5960515953434935, 0.22185905724146482, 0.23648120123666705, 0.393889164004225, 0.44917574147386063, 0.4340937903425375, 0.5712532563951217, 0.48393493426148104, 0.28115174016527444, 0.1481569427629248, 0.8342960667964932, 0.2920762719614328, 0.9212978199607265, 0.24143958016429568, 0.2873615314700181, 0.1791385642095672, 0.8046071014363461, 0.319403932248573, 0.30025143800789045, 0.5059329371110737, 0.5593356377101912, 0.6648074333778619, 0.29697263930773, 0.7212130042114887, 0.3675386837163881, 0.549255921733404, 0.35024543339182324, 0.7396215740786325, 0.32137690500015315, 0.3904601366204238, 0.434275121935914, 0.9861321060724735, 0.49700688263636594, 0.7855332953682854, 0.9113840960568319, 0.7902423242710865, 0.7038136511590071, 0.4121819655130896, 0.6509709984631957, 0.34035469610480873, 0.14645843835708738, 0.36454404391584516, 0.3407620565765166, 0.24992861649446474, 0.5501431970956125, 0.28404458060253734, 0.5458933020239229, 0.40735860788163547, 0.4600848279535279, 0.22745429626873814, 0.3960542000631375], [0.3880109660313925, 0.34386756935960916, 0.9341704758161763, 0.1316973895845691, 0.9325396873644647, 0.533368596936513, 0.8747222912020087, 0.6010230766423172, 0.9275207838158773, 0.9892851234003435, 0.7812445172582969, 0.4893377567092786, 0.9560082771823049, 0.44486066468592933, 0.3192251639879108, 0.9652585816308525, 0.3764918141838698, 1.0, 0.5246995914223633, 0.310417928799809, 0.835624934021052, 0.4286242722096084, 0.4053280229157218, 0.6388427562709703, 0.6987130388615842, 0.36430062982466993, 0.48010788841421526, 0.5102847742041681, 0.3565949485337274, 0.2149576972287328, 0.35481696741226476, 0.828596649326225, 0.36243647679158897, 0.554242227916759, 0.3272176595981593, 0.40101842282529565, 0.17887604520741496, 0.32990015729404676, 0.12468281398692738, 0.6801390597465866, 0.30860130564529387, 0.5751742238664896, 0.14455329858123278, 0.6055199649091569, 0.33354263235996573, 0.1742460240055702, 0.48640502260979046, 0.21268536637152535, 0.13227315626769431, 0.4024923745462794, 0.29228676989484415, 0.750589278901016, 0.36442155476923, 0.14127421628506942, 0.3078351892286343, 0.20227293936073543, 0.2759184753290511, 0.230761785764654, 0.22672991218323235, 0.16144957407544047, 0.3651884428751595, 0.08635298364249633, 0.0487154413408033, 0.6344915660705308, 0.9300115938191291, 0.6830233371724228, 0.9684141213863214, 0.35544213918166445, 0.8415754629292804, 0.6923833502510371, 0.8687148138953249, 0.8570666304036496, 0.7825489733398461, 0.44812967448817065, 0.8022091479190363, 0.4596099101137613, 0.5995548669394983, 0.7213717415779874, 0.5837037085232313, 0.4808029867733934, 0.42250397686614927, 0.6861464897445956, 0.837457677528856, 0.5871360256860367, 0.4892579709598416, 0.6646626228881336, 0.6106783765157823, 0.43087544574960557, 0.37056931685337524, 0.24778130052458314, 0.5433543778915413, 0.4999979514449272, 0.673005054637144], [0.5307727952191574, 0.6270395768491679, 0.6860883450452157, 0.6309670840515915, 0.34053241932947376, 0.8929584841386196, 0.28007898702716383, 0.9250373653114685, 0.62073515701168, 0.4498820809910281, 0.8326908069811016, 0.600130695353341, 0.5374730432946182, 0.7000625469004705, 0.6294885015789067, 0.6313342192471436, 0.9158883293026687, 0.5246995914223633, 1.0, 0.7901447399493804, 0.3252927495968023, 0.7511590615423028, 0.6098844973061925, 0.6722866500531158, 0.8533326676820219, 0.8670344888603996, 0.6656017074502107, 0.9148903106928166, 0.8097418719493458, 0.4365678917022391, 0.6998249405152805, 0.22462841673553124, 0.3374640248298053, 0.2803881023318565, 0.16538186630024987, 0.05326104700887191, 0.275758415232098, 0.16833145892909496, 0.43263524320643, 0.0751900495760145, 0.056154517115669544, 0.46741002758978567, 0.4926162717279434, 0.12317672819336511, 0.16685704145853975, 0.1968964762677916, 0.683304886739802, 0.2346426922315461, 0.5506425784870363, 0.6582829184389818, 0.35855308220533444, 0.3982859775468922, 0.9284568607814447, 0.21910845608410512, 0.8978502822105219, 0.08928154283433076, 0.2605662535994777, 0.13377042462931688, 0.8654957564144807, 0.3515286749177464, 0.3205185385603012, 0.36938771814862426, 0.4388215450528067, 0.5914120975330257, 0.36027851992406834, 0.7941122827218958, 0.558727962688761, 0.5749732489455832, 0.4073071287594625, 0.8932445982696828, 0.40990615852117573, 0.3907786961443943, 0.6181088062236434, 0.9674113802902796, 0.6297846971110271, 0.9018823600999599, 0.9430574048876924, 0.9450990338986571, 0.8205513665460168, 0.18797562437539228, 0.7965508892074589, 0.5472049624630365, 0.33571170841182174, 0.40450119054422917, 0.3835651857686717, 0.42434389843810016, 0.5329894430190625, 0.2939714838370052, 0.5095537715211054, 0.4073624763869331, 0.5006525496429923, 0.3266163515383931, 0.5998783985173572], [0.8582810657166806, 0.8775048552598486, 0.4274072860384033, 0.9169455079856853, 0.203763229513777, 0.7867399329542147, 0.12091727386879891, 0.6418291075819055, 0.5134059377304938, 0.28751778727126975, 0.7162410334535406, 0.9088140757014149, 0.28938730740115226, 0.6943434506494034, 0.9376567651241323, 0.3786632932743774, 0.8356917270053732, 0.310417928799809, 0.7901447399493804, 1.0, 0.3934173225873253, 0.874602140965131, 0.7925613130675462, 0.7922549458884953, 0.7612289600394955, 0.9073470898504588, 0.8309277768218053, 0.89486436098237, 0.986272931232923, 0.8213541693453545, 0.7923218072417465, 0.038129497519276856, 0.2691301062708542, 0.046325650965447274, 0.13270584685408549, 0.13241673387822683, 0.2760882524605224, 0.13916293192034979, 0.4062162453772403, 0.1243056377947811, 0.23813389266690388, 0.10339768086818935, 0.39872634677280616, 0.07075714740812711, 0.1276352257084563, 0.3192342856362207, 0.4517400030927209, 0.2886737351402865, 0.45768425698850035, 0.3930128363895026, 0.640842843099958, 0.3364830262498488, 0.6902034361627087, 0.34024690492910337, 0.6839683995323422, 0.4201709025387408, 0.6654075029765749, 0.45354800847458254, 0.7927693229597446, 0.5832656965046137, 0.7025058617634459, 0.767546152130298, 0.7847846786821819, 0.2697025242711051, 0.1291017970946975, 0.3593683436098496, 0.23269561757990065, 0.2721047280340675, 0.07679201618031373, 0.4782351428948326, 0.0762953134888944, 0.12886725150446643, 0.18265436218747966, 0.8398194704600387, 0.18635004007669087, 0.560877951121002, 0.6292759617300516, 0.6015233490022047, 0.3922637628440103, 0.26939183193832206, 0.4680320626929886, 0.6441742039265732, 0.3681761615377894, 0.7269320507158793, 0.7360815484279654, 0.5923921937270662, 0.8175056811191009, 0.6830449819616564, 0.8911683562257436, 0.7833199580210417, 0.8144482167356839, 0.6224030117307391, 0.6904478136481049], [0.4457186145833476, 0.3184440813797369, 0.8179367077633205, 0.3713247564304518, 0.7608368110790253, 0.5563834689838661, 0.6975137964232068, 0.2517698966763865, 0.7240442095089595, 0.8329249106335205, 0.5449198395116732, 0.6577774948492503, 0.6772175678080685, 0.18751761727703553, 0.38949300999211367, 0.6911838007296359, 0.1576643084522774, 0.835624934021052, 0.3252927495968023, 0.3934173225873253, 1.0, 0.29820535264501136, 0.2952409005620764, 0.5194337240600031, 0.45120398356990477, 0.2171236830522334, 0.3689150119869191, 0.33887321192926556, 0.46758601900721275, 0.3502442767732794, 0.18279691800390463, 0.7750367248160133, 0.5489711382014919, 0.3928252976673382, 0.39020618896257186, 0.5628744411254147, 0.20688951641368292, 0.33665143613836224, 0.22641466834736335, 0.6825440601948998, 0.439730512174052, 0.39491014346916775, 0.08802400741843919, 0.5277584858803144, 0.3766430308066412, 0.23761066751908633, 0.5338441585474277, 0.202257408353689, 0.1550122984491067, 0.3962903109383368, 0.6830172956067353, 0.922584634639152, 0.22951271063658307, 0.3439620393339269, 0.0893460907541479, 0.4804494545648983, 0.6712246959365378, 0.5957621407278022, 0.23523410174118387, 0.5134767586385822, 0.7493396591243175, 0.3919622828263012, 0.3290602577379974, 0.25873808205507465, 0.7294966778198718, 0.31598941958884463, 0.7738928218190406, 0.19946637178751359, 0.5816841274297824, 0.397080795842758, 0.6310537443687143, 0.5827603441125306, 0.5499043056076978, 0.2291244991748812, 0.4985720667005329, 0.2518557611369362, 0.260305028175579, 0.45369140701630395, 0.2952943807228836, 0.38477901614380194, 0.2963963741658071, 0.9037994506448319, 0.9969242292122857, 0.8532897464437432, 0.8183216865212033, 0.9373917522616882, 0.7452927364225866, 0.7937595471548031, 0.6397929749854336, 0.6217374070257139, 0.7928446940117155, 0.8624395034513849, 0.8730395326369029], [0.9253375045574115, 0.97447325751309, 0.39762651605580024, 0.6824388543803779, 0.4370185314189735, 0.5556179439598146, 0.37142016589451654, 0.7909898937084632, 0.692624419180076, 0.4489533935201433, 0.8447655653158954, 0.802982014362654, 0.5305127174771849, 0.9400805210629943, 0.938290862813604, 0.5756164426800766, 0.9100902577196643, 0.4286242722096084, 0.7511590615423028, 0.874602140965131, 0.29820535264501136, 1.0, 0.9741945166336516, 0.9413105334197782, 0.9042528802226473, 0.9666281368673553, 0.9872063269100364, 0.9436837767432458, 0.8035168139615889, 0.8461661295527116, 0.9726996908001759, 0.137311332531725, 0.055525598297884615, 0.22713066627032485, 0.15897160738099858, 0.13278943797234477, 0.3138494582012754, 0.2378195444472866, 0.27407706227277817, 0.3168804605312763, 0.3220803792327407, 0.174298