"[[1.0, 0.5098828781587771, 0.48552203765450574, 0.4989189337075638, 0.40820594646333386, 0.5073864849230905, 0.5901476666272142, 0.5260214513294306, 0.49420816808762424, 0.4251593746137451, 0.58941619022119, 0.4948481361625384, 0.4494511165149577, 0.5356941630812373, 0.5050458011348329, 0.438550293370626, 0.4820038503596229, 0.44251894182152407, 0.46837450015768267, 0.5030933633659607, 0.4092383706473931, 0.5020195733563984, 0.5171694307671013, 0.5036303215530581, 0.4855822354604701, 0.48851597692408966, 0.4940144320036842, 0.5108197230301748, 0.457160282948193, 0.5240564727118145, 0.48290257434587724, 0.44466353161018723, 0.4340093993792483, 0.37319141579627, 0.48374678703451934, 0.5729417432175457, 0.5528133503573194, 0.43119839031740526, 0.48407056983849095, 0.47266622941608993, 0.5053330595543426, 0.4680524267185908, 0.4608759868418283, 0.46632785453764136, 0.538151021804499, 0.46019787458137995, 0.5103845887405221, 0.4827890668743703, 0.43867144644057543, 0.42572931898299793, 0.44469704873663884, 0.5215474541363672, 0.4817843174148343, 0.4835109637676813, 0.49387261073561184, 0.423601932517364, 0.6107736983799859, 0.46258521324894886, 0.4066021005624063, 0.5705128508372185, 0.4277639798566413, 0.580222331175997, 0.3895804498115646, 0.46460716385883716, 0.44721758714647764, 0.4012871141958704, 0.34485607866544, 0.3668107360807503, 0.4536168874945681, 0.46360006754323024, 0.38270474761940243, 0.41024362863991903, 0.3867604848781636, 0.5263604325547203, 0.4228322788845513, 0.483919811123132, 0.501681653185923, 0.5073088199094603, 0.48842889183774685, 0.5777427006778677, 0.5454546760338135, 0.4551787554183504, 0.4424902847244566, 0.5156115034243763, 0.44787099621009674, 0.5124062244523542, 0.4974273758067176, 0.49664238445357267, 0.4913689552668743, 0.47206243690598837, 0.6325817716781209, 0.39090600893775396, 0.5252234970390466], [0.5098828781587771, 1.0, 0.5680042556240384, 0.6761232124891065, 0.45593278961859574, 0.5611837202015314, 0.5275680617041267, 0.42726454195355146, 0.6806429361552184, 0.43662711662652154, 0.4932568442604406, 0.54279011743451, 0.4341286520948082, 0.46881543950552973, 0.49631132822112356, 0.5523533068839941, 0.48013821761424036, 0.47491539393149784, 0.460961064179239, 0.4872833307931481, 0.40558718160718965, 0.4789400842810856, 0.523111981027096, 0.49838560643759966, 0.5021468110328329, 0.4855489537875829, 0.518460589175936, 0.5036627265285547, 0.47913728396387156, 0.5319641353626136, 0.4772776572970501, 0.38465586638305327, 0.469159754339904, 0.43666986040711386, 0.506953195794491, 0.607235801663856, 0.6602072428844517, 0.4705577055948499, 0.44748026707188837, 0.3704604116281529, 0.5623049594661877, 0.3993317618133557, 0.4824414397757767, 0.3348395653964211, 0.4764708293112979, 0.4503304350494598, 0.48653313193596404, 0.4775268153842084, 0.5134208906959981, 0.5335513198316473, 0.4788062482415115, 0.4204767884811068, 0.5176319606932964, 0.49345348547302526, 0.4798534908086647, 0.5068707362507352, 0.48722470327942957, 0.3597264410802774, 0.44021965439130994, 0.48958039957101396, 0.4901325055242829, 0.478046953960809, 0.5768958927423741, 0.3561107834670043, 0.43921356113508125, 0.4034053151039587, 0.4236747309647134, 0.3870271126631242, 0.4196571296868923, 0.3684926494516887, 0.46334791259017805, 0.3959913691546115, 0.39334148244001144, 0.5462064616248861, 0.5182778167131594, 0.4537744310159004, 0.5482034136722767, 0.5120962478931049, 0.5569180510611202, 0.4292314299381552, 0.5618101672629392, 0.3503920342524396, 0.4439493138569318, 0.46480829326530526, 0.5522074144295932, 0.44911581143009904, 0.434607878829381, 0.5357178021755644, 0.4837091750126026, 0.48279018553517805, 0.5991118577855129, 0.4083341830822229, 0.4490210379505323], [0.48552203765450574, 0.5680042556240384, 1.0, 0.5881927576318581, 0.8060891858741396, 0.5966696105750828, 0.8023710900335588, 0.4800212053705962, 0.8670343752628651, 0.7932124412600264, 0.5505887645209093, 0.4524800805737702, 0.8361195124648354, 0.4822056237822463, 0.4080000335618241, 0.8624680551823725, 0.4482183521006282, 0.9028877214467481, 0.6444963062507482, 0.3928866228478315, 0.775962839868148, 0.44821834513773595, 0.43199585495382853, 0.5636584102974009, 0.573582816205328, 0.41671583984067584, 0.4343030606026145, 0.4512810361972106, 0.37378944012647275, 0.4463901559987272, 0.3677639290102912, 0.6989299459739342, 0.4347343950801582, 0.6963363120755232, 0.43257741820978934, 0.4144595535233333, 0.41007451659852867, 0.4068159125837161, 0.322157937182288, 0.7578181285027763, 0.4173529791449655, 0.652690523506827, 0.398184029813497, 0.5815355197330289, 0.42771861513694676, 0.5255149401094729, 0.6844686680744952, 0.43858744447609366, 0.3151676255727579, 0.34471221597338, 0.5168528501044704, 0.836847277942028, 0.6509804019906741, 0.4518058387765874, 0.4525118554650579, 0.4644028941943934, 0.46353074051498255, 0.3632569668115707, 0.5094915259379337, 0.3069292510041818, 0.3627276316336072, 0.3885505522051369, 0.5515616343838886, 0.7213571935074549, 0.8258845155472718, 0.5774254915244774, 0.7267507596221808, 0.4608043891589807, 0.6920337884552074, 0.43287852945036553, 0.7439461951345793, 0.6714927451405706, 0.5408629683623309, 0.31180172317359056, 0.6334271757000571, 0.4215873366375157, 0.40371108655789434, 0.6526388365646245, 0.5222300521094673, 0.6091108846723423, 0.5064361345325405, 0.7151133590285771, 0.774261724972543, 0.5770309434008358, 0.6658306989356633, 0.6490061340182962, 0.6295224394016153, 0.4866857186724616, 0.47988956676449257, 0.420767618759715, 0.5223513165866783, 0.5695220674608614, 0.6696566153299309], [0.4989189337075638, 0.6761232124891065, 0.5881927576318581, 1.0, 0.41470595907799046, 0.5794650395691168, 0.43887166044558956, 0.48929393476361416, 0.6334470761852271, 0.5537236945491335, 0.5391664205896984, 0.4410844037516768, 0.44255646746311295, 0.4940469388762059, 0.49418786838468676, 0.4385257181210769, 0.4461379025725738, 0.47864625895717905, 0.6722104007755719, 0.46608393264738646, 0.4610976127009252, 0.5141008018307335, 0.43222643584725584, 0.4785496684039148, 0.422591860931819, 0.5260908489712275, 0.4187728815074818, 0.5005004326931368, 0.4317452566978732, 0.4490528285982385, 0.4786411655274032, 0.4658757335005508, 0.7241662028489187, 0.5162487239626503, 0.7341824537351249, 0.7473007535097778, 0.7717268526793706, 0.7010126455299773, 0.7576617581747717, 0.3978608182660962, 0.8227575007971428, 0.6726579477224561, 0.6871729503607837, 0.45085179752169213, 0.4622345802882677, 0.564159226573838, 0.6012798534618884, 0.4150257777204198, 0.6718959775009932, 0.5596959561503165, 0.5887495448550337, 0.4837135016966293, 0.5025985914330598, 0.6930340186928211, 0.42991015181517156, 0.32799287661944976, 0.4793367521943368, 0.4206836183834116, 0.4151636071628959, 0.5905399855561171, 0.4616376822107039, 0.6839011228475108, 0.7453728338961008, 0.4455115529876015, 0.4111580525502949, 0.4723855634977828, 0.48297677792505644, 0.3717447990416214, 0.4099574984575489, 0.43994862218320085, 0.5098366694874626, 0.4870646421904613, 0.3828251230834957, 0.33340830449047576, 0.5751813136893177, 0.3076378054109955, 0.36348208692689277, 0.5718923344946709, 0.59182076320706, 0.4653697997441604, 0.6096400412058803, 0.5213688767045793, 0.38958905457101467, 0.48759228166671686, 0.45527299136955657, 0.5625246076422641, 0.38050287993516907, 0.41737400204903286, 0.439310878143892, 0.5186307362588172, 0.41558133978104905, 0.43177627082710623, 0.4324099333185527], [0.40820594646333386, 0.45593278961859574, 0.8060891858741396, 0.41470595907799046, 1.0, 0.5158017815628735, 0.7719682147006729, 0.45333406537876675, 0.770194391583706, 0.844415744446587, 0.47753376037854856, 0.5116293589587041, 0.9198582482658071, 0.45652804196157926, 0.44018925127896, 0.8687988419973921, 0.47045564538390017, 0.9370944248017365, 0.4418237781498371, 0.4599351989495991, 0.852118559078846, 0.4856950680672655, 0.46279628755513824, 0.5231145262669734, 0.5041036412529549, 0.4515665371553549, 0.4835200513571173, 0.42065277039385995, 0.40659142969961093, 0.4481875117612846, 0.5617459770140234, 0.7987844674532298, 0.49252950727916955, 0.7974976613562195, 0.4173189620015728, 0.3162704728080127, 0.2656402649513421, 0.45039166016535714, 0.2834069670550393, 0.840652091245976, 0.327994496064258, 0.6328229318751619, 0.3854333484467395, 0.6722017387534471, 0.4276213223045059, 0.37873740328393546, 0.6325015482035343, 0.32468157852228674, 0.34626880068809074, 0.3866006827474595, 0.5612662074153771, 0.9086470813224796, 0.7315741892397362, 0.5564777424871814, 0.49223434571611113, 0.5458323384520836, 0.32303921502670374, 0.47301766083432584, 0.5002998937562592, 0.2774785876363074, 0.5518535466951413, 0.44735973454430145, 0.3328018196564393, 0.7836151667427873, 0.9133642267375883, 0.6942946392344985, 0.8389678522912436, 0.6087112561869438, 0.7541921389679686, 0.40000815106794174, 0.7161020967167634, 0.7313288481100259, 0.6654448360067429, 0.3141962025350391, 0.6435323274366668, 0.5595139124005053, 0.40450536641210644, 0.5982432570216554, 0.5548729378689703, 0.6662130488065903, 0.4778162280629429, 0.6761728912100626, 0.8199354855338649, 0.4892074358068408, 0.41787363591748394, 0.5238987098689187, 0.5763218514474007, 0.4693572116902033, 0.44921273488225943, 0.41936555712596224, 0.47405938395707625, 0.6368964151523185, 0.7279802507846123], [0.5073864849230905, 0.5611837202015314, 0.5966696105750828, 0.5794650395691168, 0.5158017815628735, 1.0, 0.5769631935415755, 0.5291463557062159, 0.5162219788636012, 0.4447865752301807, 0.7465619103918897, 0.4713293399939994, 0.5379282754189794, 0.4320125192954104, 0.4932343233445624, 0.5764415874528388, 0.4677480332787597, 0.6009570686091398, 0.44210599235574044, 0.5145835041279392, 0.5332229859804313, 0.5126226915337982, 0.49838200725875514, 0.4418078026588167, 0.5041001030401231, 0.5263343381745114, 0.4993850425509435, 0.5035959339960422, 0.5111842057762015, 0.48761956474534585, 0.45246623258990715, 0.5713663643010476, 0.538948842038061, 0.4406755440485314, 0.4704708649575299, 0.5979343999569235, 0.5917662377067963, 0.3786799253993982, 0.3934456871594306, 0.5383985259383743, 0.4745684715607552, 0.420657081534516, 0.4917610457221423, 0.52682553448542, 0.49540446977262154, 0.48082613676284747, 0.5868727313499349, 0.4425962122970327, 0.4964602864684915, 0.37499769703365926, 0.44338333615964065, 0.5199762322388417, 0.5022619572963749, 0.5530023383629247, 0.47673406790205697, 0.4776486490304229, 0.45599540846744535, 0.4826877075919642, 0.40142432198120326, 0.49845883018701953, 0.4501261211703951, 0.5349405471611925, 0.7804589142639311, 0.383428971655304, 0.5538254848171162, 0.3596011732390718, 0.4389095373659587, 0.3900754948778392, 0.31496428315840197, 0.5430935685270796, 0.37151301832481853, 0.4401666064424755, 0.34720820407577435, 0.5749398775626391, 0.34683204401276546, 0.3976995008140841, 0.438590792653769, 0.45442139011970195, 0.3579344466688402, 0.49734340659483345, 0.2880303666618176, 0.44421610880727613, 0.5718580234844236, 0.4360840240673348, 0.5192957438324395, 0.3101188813617701, 0.5174958690976394, 0.46644559334185887, 0.47518878616368265, 0.5271381718034498, 0.5032295086921819, 0.42823747091781705, 0.5431664621818004], [0.5901476666272142, 0.5275680617041267, 0.8023710900335588, 0.43887166044558956, 0.7719682147006729, 0.5769631935415755, 1.0, 0.6810331889630126, 0.7676254769572692, 0.7150040642792665, 0.549749172737229, 0.4323045626696508, 0.7868919767406468, 0.46219299577030315, 0.48198826196961675, 0.7558479477409537, 0.40340422277745913, 0.8461310031769269, 0.4662388235233146, 0.5194269647058058, 0.6242857755757916, 0.43348951223459564, 0.5433128252179599, 0.4913589730984592, 0.4945996018184803, 0.47764639874806825, 0.4387612878353485, 0.4599796821850789, 0.37542756228866825, 0.4698501796114257, 0.4804989979625919, 0.7373719872724068, 0.43543323454753635, 0.7150006943814282, 0.45659748854272686, 0.5061632774585221, 0.4676296698525969, 0.4785602584579315, 0.26962756671329513, 0.7770380081599836, 0.37279176742000186, 0.6295206005032561, 0.430166360714086, 0.64027177852784, 0.454730415249331, 0.5312161921628361, 0.5544793577005478, 0.4764903119458245, 0.31121579009674294, 0.4100225947461862, 0.3481597973270796, 0.7630075168804432, 0.6230016645914969, 0.463870674511506, 0.40491441923545235, 0.5935800117309145, 0.5195682969190359, 0.34700226334163, 0.45822202289097047, 0.2571586765970135, 0.3076063054542184, 0.2991489869417244, 0.4912478049047845, 0.8018799033741387, 0.7961798204444653, 0.6505277725578519, 0.7585276100449165, 0.512978758209347, 0.8458687041291908, 0.6262704527593328, 0.756165041978379, 0.7124735684685085, 0.6063877079901595, 0.4682648529250457, 0.6654795513501746, 0.5430673768357346, 0.5835145189745632, 0.6252197153410681, 0.5833245448705922, 0.852462383225679, 0.5515636249235871, 0.5293963540407072, 0.6663169778062911, 0.5879212922679946, 0.5316561518399747, 0.4819416075962738, 0.43714104213728466, 0.5049236992285139, 0.3864673617406842, 0.35829667657676545, 0.5591831077265014, 0.5390871025513423, 0.5388583735449106], [0.5260214513294306, 0.42726454195355146, 0.4800212053705962, 0.48929393476361416, 0.45333406537876675, 0.5291463557062159, 0.6810331889630126, 1.0, 0.4757022286450535, 0.5455958911300252, 0.5240611763200436, 0.5576386498884269, 0.45764690796825025, 0.506827166993846, 0.4973651119131738, 0.44503251838467806, 0.5092238006449168, 0.48998321418644963, 0.5488072082218138, 0.5376017574288449, 0.39488367427394533, 0.5035683824490118, 0.49494850519281, 0.5151396821858141, 0.499965819910675, 0.5376142632060663, 0.49833269648556744, 0.5103794012509845, 0.5031396390973006, 0.48543285246323065, 0.5248463923321338, 0.4632653049312764, 0.46456975939408873, 0.45539638108156044, 0.46952508011325256, 0.5405182473967662, 0.552151866381866, 0.47231064208805407, 0.44391601947549986, 0.4397985292111507, 0.4507937715299024, 0.4704508068227431, 0.4911970684236212, 0.3970351624340154, 0.30778204081954774, 0.4146978176290702, 0.3457117592055795, 0.37612989944768793, 0.41605917796658676, 0.5329022450304738, 0.4209237897553133, 0.5022975452375464, 0.472464167025194, 0.4667900958597542, 0.48560186745710077, 0.5745140824336652, 0.6335355086872103, 0.422416554389919, 0.5072305267003823, 0.48347119406634154, 0.3444385322342107, 0.3835262954202484, 0.624435901768319, 0.5740455834407998, 0.4614382555700872, 0.5367285544760548, 0.5655647518764239, 0.4818966992390311, 0.6619954280550271, 0.8399957000471703, 0.5448404443428598, 0.5394089535606723, 0.5323182054723825, 0.6149171770386397, 0.6379187578687252, 0.38801549170360117, 0.5634108318277609, 0.44234929102239595, 0.5753102074041615, 0.6853277123660368, 0.5363710285415029, 0.507874085810612, 0.41217697980275025, 0.5648272703092689, 0.4701773565631049, 0.3532028151143697, 0.3682263018259039, 0.5163892262239755, 0.49187021558800237, 0.4509615717971214, 0.5739337745007372, 0.4019057391205806, 0.3074101102757958], [0.49420816808762424, 0.6806429361552184, 0.8670343752628651, 0.6334470761852271, 0.770194391583706, 0.5162219788636012, 0.7676254769572692, 0.4757022286450535, 1.0, 0.8164853036551429, 0.4959085128620693, 0.573832981022157, 0.7929435949674939, 0.5357934272105656, 0.4338772203944665, 0.8446542455417032, 0.45625849233245663, 0.820686622394692, 0.6420358781874531, 0.46028011933597424, 0.6669717560862285, 0.5079136072200889, 0.4247760219246556, 0.42479893165514493, 0.44462350263241235, 0.4478781910299082, 0.45582636641223073, 0.4207569317950295, 0.32273951047415494, 0.34778424519205764, 0.38806288767894326, 0.7059462901023419, 0.48976647968440534, 0.7424898417799425, 0.5267737884786482, 0.4610464120782988, 0.49178985869830727, 0.48074797662570423, 0.38266475064156313, 0.6827004638242614, 0.47483127242842393, 0.6950364374001037, 0.4934279687385237, 0.578919395840152, 0.4884996463222028, 0.4542778835230563, 0.6586937433900117, 0.4170250592357102, 0.3903031842958473, 0.4530177025348764, 0.47439504375001895, 0.7806949392770157, 0.6253430878948582, 0.4679579175783519, 0.47128429374103264, 0.5022961454565462, 0.3507424353218518, 0.3304672016098984, 0.4364149457726515, 0.28902589307845317, 0.35243235828733965, 0.39515410907355064, 0.45620845004839405, 0.7320885083804991, 0.81477170875042, 0.6797048193722315, 0.7334880727818975, 0.5501731803765992, 0.723866465544285, 0.422572148414716, 0.7988651904019182, 0.7466807338119757, 0.6078333327978316, 0.37178745189338214, 0.7341938733506447, 0.5276300271000063, 0.4730541483011118, 0.7302382711074906, 0.6961100505894455, 0.5837551320085421, 0.534904954106447, 0.6796741190695944, 0.694834328422772, 0.5012891668978563, 0.555371223068794, 0.6594571006945935, 0.560746625127529, 0.4546684132692267, 0.4336132142121307, 0.46501227974911175, 0.5273405670785546, 0.6832214815333048, 0.5795744970412076], [0.4251593746137451, 0.43662711662652154, 0.7932124412600264, 0.5537236945491335, 0.844415744446587, 0.4447865752301807, 0.7150040642792665, 0.5455958911300252, 0.8164853036551429, 1.0, 0.5175773374841546, 0.5607020977042558, 0.8876653235977137, 0.5181358658010466, 0.44380525848821606, 0.7411713529503791, 0.4619643512312748, 0.8415700378663497, 0.663845772020051, 0.419741011084642, 0.7601484393131615, 0.44182409904927245, 0.44413985868510886, 0.4939729082892733, 0.44686652117367964, 0.464716625616595, 0.48104373814323353, 0.40666182616633473, 0.49511803070627114, 0.421354630977413, 0.5122226295422577, 0.696105422169701, 0.517411813413738, 0.7570572747512889, 0.43916913663920865, 0.3341911494365908, 0.275418525428884, 0.4683588299192232, 0.38656170570734194, 0.6407833752823463, 0.4035476273548132, 0.6953201951976239, 0.4466185466067416, 0.5578786939283527, 0.3827255814663716, 0.37782775455729367, 0.6984378923018038, 0.35185803439655106, 0.36228958988953375, 0.49151550126232146, 0.5490296431542798, 0.8002527933858182, 0.6118571175136358, 0.43208328816105634, 0.4109679334183628, 0.3766828398899462, 0.32381314964748487, 0.32327076317043035, 0.38355590896630953, 0.30413201577993554, 0.47993691467897526, 0.38128275788355226, 0.4327855824387352, 0.8562181573467904, 0.8651648566509897, 0.8108000481653186, 0.9075275978741799, 0.6380760672826651, 0.7626614325231766, 0.5971998264958591, 0.8622056998767187, 0.8422707950355515, 0.7526704009347764, 0.42395785650726014, 0.8290655037930885, 0.573270835356263, 0.574759192786829, 0.8141186233673263, 0.7447735678492431, 0.6428370720944439, 0.6197842530175193, 0.8125403002424962, 0.7524188133929692, 0.5594973563284118, 0.45073876506962174, 0.6924191241649976, 0.5596239813133561, 0.38129730570050835, 0.4214753936183079, 0.464233557127804, 0.4836926352284878, 0.7465810611314473, 0.669722277840951], [0.58941619022119, 0.4932568442604406, 0.5505887645209093, 0.5391664205896984, 0.47753376037854856, 0.7465619103918897, 0.549749172737229, 0.5240611763200436, 0.4959085128620693, 0.5175773374841546, 1.0, 0.5901516541229589, 0.510993654606166, 0.45931476944999516, 0.49011216610134034, 0.5481604562058551, 0.4854853543528095, 0.5003402084327013, 0.4805425468822061, 0.4880963646479092, 0.47389270263969596, 0.4948343511031107, 0.48850933817719955, 0.5165158760171711, 0.4739242789089334, 0.4759968560658715, 0.5027986458284324, 0.4801420014800696, 0.4591237557563841, 0.4934120397567564, 0.4595656123737878, 0.5773434852767305, 0.5507183494572137, 0.4139838180635633, 0.4547290214135562, 0.4666598391003516, 0.5029859812744331, 0.48100908034573, 0.4427740567720475, 0.5296894256852211, 0.41112556647197085, 0.546213683210924, 0.4789101389592555, 0.5071675839688021, 0.5451895937177795, 0.45987777334655944, 0.8161035641625174, 0.5512903027730335, 0.45020516485141315, 0.5989888134526076, 0.5485608129894282, 0.528224224824432, 0.4486132518877217, 0.5059510267998462, 0.48040658213106857, 0.31064279077567825, 0.4939254211081434, 0.4482752287181391, 0.5328243740169271, 0.5248328940710695, 0.5553219687617515, 0.3553187771401407, 0.5480105260634855, 0.45014137190825265, 0.5161580473448061, 0.4495359821192044, 0.5241811112157126, 0.41913943921225494, 0.3764171925430696, 0.5948575462436696, 0.49751769805720036, 0.5935880823861645, 0.44495075258991357, 0.5456113647696135, 0.5240506140660771, 0.4309956745350536, 0.5042380307662665, 0.6167477505958028, 0.5012484114533422, 0.5158177754471835, 0.5694156103220487, 0.44037385593781775, 0.45293817774099043, 0.36581947557845174, 0.4700209063865216, 0.28957018211004815, 0.3601058691034268, 0.4937200803430071, 0.4937503314594761, 0.45338707279973034, 0.3033438872392532, 0.3856733449302411, 0.3960005488657272], [0.4948481361625384, 0.54279011743451, 0.4524800805737702, 0.4410844037516768, 0.5116293589587041, 0.4713293399939994, 0.4323045626696508, 0.5576386498884269, 0.573832981022157, 0.5607020977042558, 0.5901516541229589, 1.0, 0.44643527823210016, 0.45522328890007113, 0.50316156466951, 0.5378114738803297, 0.4922898386095582, 0.4666410365458774, 0.47937821409522297, 0.49832618651480776, 0.5473419268833558, 0.48854688761600196, 0.5129387526638141, 0.4903621745840129, 0.48163616301749834, 0.52521907693013, 0.5072726747626706, 0.5035384607237491, 0.5245577078489537, 0.5149095665368864, 0.488900956069262, 0.43646600961191906, 0.5392385788585243, 0.4061953269485852, 0.5070859499534112, 0.5340015943548542, 0.5044776934790021, 0.45343535690460846, 0.5060297949788857, 0.4365376504710471, 0.4607900643078323, 0.4661275715027716, 0.5321130277573604, 0.44800505849433625, 0.49110300657071315, 0.4412354190051808, 0.5151400277794747, 0.5255554270346129, 0.44304625093098027, 0.4331401060721529, 0.5330675429550323, 0.4851045293809677, 0.44417084586527844, 0.46418294882967615, 0.4817478546294449, 0.49746179130882884, 0.43754421773468377, 0.48344630030834856, 0.4196611453780935, 0.5734970564115514, 0.5177271671602578, 0.5303500619588741, 0.36981153871379224, 0.45904867566606145, 0.4754639836083968, 0.37873056397045113, 0.4629516392836728, 0.39276779109648297, 0.4280545227664284, 0.5419450826974732, 0.41457630544032376, 0.4886530457382703, 0.3788430026078118, 0.4839733671098214, 0.46321695094265847, 0.3613319977720363, 0.41368459908960875, 0.4491559200038009, 0.41005707979421235, 0.47703597172992906, 0.33585570495409134, 0.6422121932977038, 0.6000498264264083, 0.5350344328920614, 0.47507561267142506, 0.4150822654541574, 0.48267287585273333, 0.4967647771703698, 0.48885024082170125, 0.500514253971369, 0.5850701554305666, 0.5524658570289864, 0.39789571855495554], [0.4494511165149577, 0.4341286520948082, 0.8361195124648354, 0.44255646746311295, 0.9198582482658071, 0.5379282754189794, 0.7868919767406468, 0.45764690796825025, 0.7929435949674939, 0.8876653235977137, 0.510993654606166, 0.44643527823210016, 1.0, 0.47169891112141604, 0.3853709953444171, 0.8698620868133211, 0.5016064343566349, 0.9422961489848389, 0.4755152375552245, 0.37483336761429875, 0.8183021179358706, 0.4654791820657528, 0.4098739941687607, 0.4550912463667529, 0.47341820633542664, 0.43625046227561937, 0.3738632229692651, 0.40445460265469413, 0.4167554392454871, 0.46225750299797197, 0.5162937832170851, 0.8429196861009219, 0.512356798472452, 0.8652430643751663, 0.4473017309987374, 0.3261362924459654, 0.29007268516265405, 0.4815234163636498, 0.3160377022472619, 0.8249784899543582, 0.3729867646348928, 0.7180273631718813, 0.45526721706131723, 0.7308724011588961, 0.4211980954637189, 0.4497218772465834, 0.7085497061613169, 0.4147479781829231, 0.3969298852261679, 0.4448275252260233, 0.4844318053362352, 0.8898490002655042, 0.6882648298031682, 0.5106402662299148, 0.4715846023588438, 0.4887033435870003, 0.3307483955541677, 0.36932295945870874, 0.39804496833156566, 0.22813429392755058, 0.4787977383646129, 0.39215494949745666, 0.3996358353616565, 0.8785495238348271, 0.9614395849496584, 0.8060415437323942, 0.8410771470049999, 0.723695550684935, 0.795411836866635, 0.5166150082190484, 0.8203909354859549, 0.8345073630534786, 0.7988610475294685, 0.4341737828913852, 0.7562205864228293, 0.6733747743430667, 0.5564339852625089, 0.747505734876137, 0.6380759859549209, 0.6851012526984698, 0.5267301774286188, 0.728238572314943, 0.7774855796284856, 0.5116419972659876, 0.4006587039878109, 0.6590218221480965, 0.5858658563514589, 0.39399323987746726, 0.5023262231234965, 0.46199896457521694, 0.49020499386838967, 0.7243011847968772, 0.7814476983987473], [0.5356941630812373, 0.46881543950552973, 0.4822056237822463, 0.4940469388762059, 0.45652804196157926, 0.4320125192954104, 0.46219299577030315, 0.506827166993846, 0.5357934272105656, 0.5181358658010466, 0.45931476944999516, 0.45522328890007113, 0.47169891112141604, 1.0, 0.48966857494833804, 0.4971985413096418, 0.5029467973242253, 0.41541766178005146, 0.5755506826318425, 0.5278402652673051, 0.36962906120320305, 0.4936147725772745, 0.49974427296148094, 0.4836380766048676, 0.5026158465926067, 0.5193075090813423, 0.4788844755774917, 0.4918703848011301, 0.5010495291830842, 0.5107396538329418, 0.5785388700951295, 0.43474156393286345, 0.43213701561043427, 0.44997549388995883, 0.5035588395607442, 0.3921052118130337, 0.506320955190058, 0.5155521581627516, 0.5022139588926231, 0.4053994354505007, 0.4286004058672471, 0.45336316664673704, 0.4940454515069781, 0.3752751949869815, 0.5880044123143799, 0.4308178768022277, 0.4868363171973654, 0.471996734585894, 0.4526126151964841, 0.5859935503335512, 0.6837097924017486, 0.43240779886916836, 0.7592529356790838, 0.35602692126081403, 0.46882972719881844, 0.4887850152859027, 0.46867693896578366, 0.5217009963422664, 0.5664550323184416, 0.479757655104486, 0.3466977329936909, 0.39395077591932837, 0.49088016420417335, 0.5283475614573604, 0.4951047547682802, 0.5523122552831478, 0.46319332580485284, 0.6186163144548938, 0.5014792431479094, 0.45578935282422384, 0.5356175539437833, 0.5498694661326506, 0.47260492823808764, 0.5825307373679658, 0.5809536149112678, 0.45902270572452564, 0.5229783642925219, 0.5737363926965375, 0.6991121848540005, 0.3191575088231664, 0.43862176182932266, 0.459047407431061, 0.4408281288585233, 0.3378470793154794, 0.4565553248390818, 0.460772169611229, 0.5562165444509274, 0.4215136591097066, 0.5072206361690759, 0.5108242201823676, 0.4264595294096608, 0.5062853863342204, 0.34196197308531184], [0.5050458011348329, 0.49631132822112356, 0.4080000335618241, 0.49418786838468676, 0.44018925127896, 0.4932343233445624, 0.48198826196961675, 0.4973651119131738, 0.4338772203944665, 0.44380525848821606, 0.49011216610134034, 0.50316156466951, 0.3853709953444171, 0.48966857494833804, 1.0, 0.42922118601915393, 0.4943333426632631, 0.4266936342419253, 0.5094963822878731, 0.521888783733746, 0.4096891522695396, 0.4937516495657456, 0.5085796270105473, 0.4892709279908445, 0.4894293912133548, 0.5022472403042904, 0.5166328854339997, 0.5079100996943574, 0.5116036590720072, 0.49714208470723453, 0.4883662715101118, 0.409835478310127, 0.4242495651705368, 0.36375122122550607, 0.41560205363925373, 0.4934682959654121, 0.4633089351533035, 0.4159462880865321, 0.4170656105505849, 0.4317687635494536, 0.4512044020033058, 0.40357926005787126, 0.4481982789519602, 0.4403950247805244, 0.486712394051411, 0.529448230482902, 0.43973373793049675, 0.5152305135276258, 0.4533923310349437, 0.4208776402615305, 0.48748913545331274, 0.4226558580383547, 0.47112586772580767, 0.4678985676916607, 0.4868793971005292, 0.48070121534423704, 0.5312061430423256, 0.477777443003112, 0.497827388882063, 0.48014651924162555, 0.479962748493438, 0.45614143432392296, 0.4980258841438755, 0.43850675158499486, 0.399732832537675, 0.41212461218089236, 0.4374991179167086, 0.38924420714838315, 0.4246309230194658, 0.4672618516795951, 0.41473571116666186, 0.39209006677701796, 0.3958964058530984, 0.4826010225473065, 0.3933261765207632, 0.45553588311101645, 0.5136576155081942, 0.39716959885415526, 0.41739717466018433, 0.5112701827630759, 0.499257317501438, 0.46276825717745673, 0.4702774277576163, 0.5402201221198846, 0.5580053285524953, 0.4430828385084865, 0.49691531869330174, 0.4865653820996726, 0.4916883466080344, 0.476058669399564, 0.5046153319632717, 0.41752514439827904, 0.4704026861948114], [0.438550293370626, 0.5523533068839941, 0.8624680551823725, 0.4385257181210769, 0.8687988419973921, 0.5764415874528388, 0.7558479477409537, 0.44503251838467806, 0.8446542455417032, 0.7411713529503791, 0.5481604562058551, 0.5378114738803297, 0.8698620868133211, 0.4971985413096418, 0.42922118601915393, 1.0, 0.5206967523500583, 0.8681961113799083, 0.5046029461330919, 0.4276532872855143, 0.7399047087935569, 0.4698530805431521, 0.4198957139298216, 0.4957302214034158, 0.5969412786943871, 0.38388350975346075, 0.35583287116614926, 0.4145042889029159, 0.317425232171039, 0.38398305154820755, 0.47251756114788523, 0.7927780129683585, 0.503443530007097, 0.801663736474405, 0.48500341503871014, 0.3344474721909879, 0.3705520576934357, 0.4269153641901178, 0.31031703487753226, 0.8323145237212937, 0.4000509879156551, 0.6450955311294245, 0.47367756737939537, 0.7106995775014321, 0.4691465201371121, 0.3851858931541987, 0.6685095376521197, 0.39568748269915177, 0.3924232783870203, 0.44386276196364693, 0.4565182613125255, 0.8553371157345242, 0.6533033607268373, 0.5373420323461919, 0.5084902072444634, 0.5270073584829924, 0.27785934442463267, 0.3976579338822881, 0.569693293025106, 0.23618659187468483, 0.4314240392084927, 0.41728656249136653, 0.3584011215475893, 0.7233131575575913, 0.8833595072366751, 0.6714404983446521, 0.7408948830314757, 0.6098474220148757, 0.7289071588019832, 0.3856556288123538, 0.7205460576935324, 0.7542582222059502, 0.6630002816251146, 0.4095645503139236, 0.6577794431562005, 0.5979502286308489, 0.40744864050609464, 0.6286713243169476, 0.5499415730204074, 0.5465243575093384, 0.41246078446698176, 0.6657567430341053, 0.7228899965718028, 0.38258732711790944, 0.5209331975905847, 0.5104343755892959, 0.6680051429645484, 0.5487525867157281, 0.5427475011749661, 0.46159556809931335, 0.4222824265161642, 0.6217868697023335, 0.6385129809677728], [0.4820038503596229, 0.48013821761424036, 0.4482183521006282, 0.4461379025725738, 0.47045564538390017, 0.4677480332787597, 0.40340422277745913, 0.5092238006449168, 0.45625849233245663, 0.4619643512312748, 0.4854853543528095, 0.4922898386095582, 0.5016064343566349, 0.5029467973242253, 0.4943333426632631, 0.5206967523500583, 1.0, 0.45461234030470976, 0.5028344238001113, 0.49920979110059727, 0.44961290028942147, 0.5035660842915877, 0.49187499156303593, 0.4958284702800747, 0.4858703197738814, 0.4923787274952851, 0.4900454749688109, 0.4887912152271914, 0.49083828002952135, 0.49295035200611415, 0.4962717107402659, 0.4286347624670641, 0.41351588930614525, 0.46975676077251394, 0.45528186106598456, 0.449625594870117, 0.4593093516391602, 0.4556120345626612, 0.458569068617645, 0.44281990025302775, 0.4638562600496441, 0.3789158689024532, 0.4478485545093164, 0.48418214551170735, 0.4835003140375458, 0.45861062950104603, 0.47419671879165637, 0.4826480156054326, 0.4601341322409822, 0.449345660607, 0.47722709140832087, 0.44628854323758627, 0.48977165725219185, 0.501642963413477, 0.5093855466125206, 0.48124844506801867, 0.47048916952225206, 0.49845393306013686, 0.5063010697410367, 0.45445183230227626, 0.5020742167414918, 0.49671612693815825, 0.45853537444357007, 0.4125164367290619, 0.46242516365466524, 0.4540331776748414, 0.4385230010202412, 0.546709441587004, 0.4167708593038818, 0.46117134065918897, 0.45634866228267923, 0.4871017180749362, 0.5276406083000479, 0.49759264332472897, 0.4366628554429566, 0.46961786258722715, 0.48251828806805097, 0.41192375323723684, 0.4706462966313396, 0.42858790661684876, 0.47493150355347513, 0.48979214574613783, 0.40791602943730165, 0.4052957417394558, 0.479109792873879, 0.4626435389164436, 0.5037071838274074, 0.48012652802261324, 0.5227637527276522, 0.49831183549654645, 0.46585691086480374, 0.42884050541762686, 0.49774730283500657], [0.44251894182152407, 0.47491539393149784, 0.9028877214467481, 0.47864625895717905, 0.9370944248017365, 0.6009570686091398, 0.8461310031769269, 0.48998321418644963, 0.820686622394692, 0.8415700378663497, 0.5003402084327013, 0.4666410365458774, 0.9422961489848389, 0.41541766178005146, 0.4266936342419253, 0.8681961113799083, 0.45461234030470976, 1.0, 0.484496928203225, 0.4134428146242297, 0.8527068891868848, 0.45188068323361896, 0.4312063101337481, 0.4822365004783957, 0.5004489375548764, 0.4396406835727491, 0.4381934172755034, 0.4652323134415446, 0.43888596002013847, 0.4217235217074764, 0.48510932875640733, 0.8182463857906285, 0.47741880873724196, 0.8085224476735193, 0.42938897966673073, 0.4193976212020183, 0.3436288698954777, 0.43962402581322657, 0.28706183185979683, 0.8573315039349438, 0.3716128836364273, 0.6572233045986982, 0.40105180248832095, 0.6867457204653757, 0.4564817209081886, 0.517584101108381, 0.6404485507194615, 0.39834443360381455, 0.3223822538760046, 0.31126481034001974, 0.4726387873437937, 0.9037777882725362, 0.7080157858479251, 0.5183699834551558, 0.46877019464187863, 0.5387076360779941, 0.40506301145266566, 0.40300283696845607, 0.4157529083437219, 0.24729175131737602, 0.43013029823043736, 0.40077236148228157, 0.4736644946702282, 0.8226600605641556, 0.928465811905437, 0.6657799112510191, 0.7977688542418125, 0.5751445868981742, 0.7735825830718609, 0.473751637519751, 0.7570661823610563, 0.7338143161319364, 0.6427520193575077, 0.31010792997612147, 0.6382740403666719, 0.5178729421985835, 0.42812277029599366, 0.6177451970300853, 0.5297849904709095, 0.7543303297459334, 0.4720303742540157, 0.7339175772789636, 0.8373230705352187, 0.5868483225301656, 0.47563540807093563, 0.6055323436332292, 0.5369361693631917, 0.44529375527754156, 0.4857125685508338, 0.4213396947005892, 0.5450744147010633, 0.6282680782253895, 0.7609208919951496], [0.46837450015768267, 0.460961064179239, 0.6444963062507482, 0.6722104007755719, 0.4418237781498371, 0.44210599235574044, 0.4662388235233146, 0.5488072082218138, 0.6420358781874531, 0.663845772020051, 0.4805425468822061, 0.47937821409522297, 0.4755152375552245, 0.5755506826318425, 0.5094963822878731, 0.5046029461330919, 0.5028344238001113, 0.484496928203225, 1.0, 0.476193140438117, 0.4980632850776322, 0.5254382910807056, 0.5004877338603035, 0.5005509077308712, 0.5015156417479667, 0.46495663401653453, 0.5095992564993659, 0.521111036432708, 0.4609605927345104, 0.47595524075953033, 0.4868298194192766, 0.38829843743422177, 0.4541493793339887, 0.4915289599141701, 0.4605509445315995, 0.4705180075976886, 0.4426329143365457, 0.3517598465650026, 0.5446485589461902, 0.3608517716353704, 0.5482663718849745, 0.5306852774316292, 0.39792779995576955, 0.30235991029550613, 0.5430573319534768, 0.3784444281564474, 0.5779079976260094, 0.3842475366156497, 0.36941083260555796, 0.4950236710061803, 0.4727988030128042, 0.49210545317495535, 0.3182169006703752, 0.348412493827174, 0.4932933109794537, 0.3946305592178275, 0.4466252431658567, 0.4470413873950435, 0.48918296289735597, 0.4884999601075656, 0.44398831180751697, 0.46759486296814734, 0.6535620706307204, 0.524283481880613, 0.45745073306137884, 0.5579527045315597, 0.6112028986043465, 0.3678108669237491, 0.5376671251433331, 0.49940501127812675, 0.6801405937476416, 0.561541900550997, 0.5125325379885981, 0.4488591137723976, 0.5995136488530153, 0.36377927430311674, 0.4609413631041672, 0.7019599291405358, 0.6438575300089207, 0.3780963465690931, 0.5955028947246466, 0.7498827419119612, 0.49425771385549966, 0.5556099651525286, 0.7366917481374334, 0.6832003887478482, 0.6352513884982994, 0.49600776725945095, 0.4901856557442904, 0.43451665857146216, 0.40623240417988127, 0.6334822546615416, 0.4346723723936793], [0.5030933633659607, 0.4872833307931481, 0.3928866228478315, 0.46608393264738646, 0.4599351989495991, 0.5145835041279392, 0.5194269647058058, 0.5376017574288449, 0.46028011933597424, 0.419741011084642, 0.4880963646479092, 0.49832618651480776, 0.37483336761429875, 0.5278402652673051, 0.521888783733746, 0.4276532872855143, 0.49920979110059727, 0.4134428146242297, 0.476193140438117, 1.0, 0.45606048374831754, 0.49631447873633394, 0.545674351006115, 0.49142672137816357, 0.49347317430605353, 0.5313974356287317, 0.5246895048660984, 0.5370719490403246, 0.5446018275473954, 0.5150486392623886, 0.48434595696752913, 0.36416868182537454, 0.36938184774510274, 0.3664720751700361, 0.4253190859117194, 0.44841545952324424, 0.47244117300609045, 0.4386878060791961, 0.4425595959343177, 0.3937831356009922, 0.4156289878522641, 0.3913721417340851, 0.43451455536398786, 0.396663837546542, 0.4668600449667085, 0.46865359697487985, 0.33690119224560855, 0.4956786801947888, 0.4243561175939178, 0.4480724457752294, 0.5148583075451303, 0.40616825051967276, 0.4633665221556478, 0.44355423843473896, 0.4846617604651364, 0.4546661343961551, 0.47233683280212335, 0.5262022440420003, 0.45539265371739457, 0.5745852152370794, 0.5276244322524821, 0.5219375552761845, 0.4581408319351269, 0.45375942086497734, 0.43707598851686924, 0.44617239475725723, 0.4310826676719346, 0.44046972105782256, 0.44467606820464567, 0.5642791708795794, 0.42281086197477014, 0.4727080048461274, 0.42095718573666485, 0.4885386579449015, 0.4369043817217362, 0.47122075204353964, 0.4755541164909486, 0.4503544177347861, 0.4490485064973153, 0.6139573193931979, 0.46081958123119593, 0.4328774940195832, 0.5472191759704484, 0.48523700912629364, 0.5587650011477197, 0.43202284556213233, 0.479937306052456, 0.5020898640706871, 0.4835916757526173, 0.482777896325714, 0.5260977688866151, 0.382420934686182, 0.43158242769413513], [0.4092383706473931, 0.40558718160718965, 0.775962839868148, 0.4610976127009252, 0.852118559078846, 0.5332229859804313, 0.6242857755757916, 0.39488367427394533, 0.6669717560862285, 0.7601484393131615, 0.47389270263969596, 0.5473419268833558, 0.8183021179358706, 0.36962906120320305, 0.4096891522695396, 0.7399047087935569, 0.44961290028942147, 0.8527068891868848, 0.4980632850776322, 0.45606048374831754, 1.0, 0.4197508153760796, 0.39662999315215275, 0.4841024490818544, 0.4472206048832289, 0.41569852399066565, 0.4021749134343394, 0.4012173027284298, 0.4891837576316205, 0.46350273006274945, 0.5224883823571775, 0.7218638211897622, 0.47750658739480967, 0.6955404577078292, 0.3577509981524174, 0.3934082618745579, 0.30460018604651695, 0.397195114551828, 0.33237487793035303, 0.7637120372095013, 0.345802397568291, 0.5545422913514619, 0.3448021450128951, 0.6191071080517188, 0.4466352418468812, 0.5281219973846187, 0.6698958994164266, 0.42451758977996534, 0.33439922867853156, 0.2749234494854623, 0.6777912888145863, 0.8566284733160745, 0.5702165773898769, 0.5210897113129896, 0.4532799954927439, 0.5515714673250044, 0.5452613214611808, 0.652643699990829, 0.4703572606938802, 0.5199724348129766, 0.6798791746175847, 0.5588104684747468, 0.4543740421106164, 0.6453490992227091, 0.8006690343346496, 0.5568246908049344, 0.7039937503884368, 0.539802399601536, 0.6146440462734523, 0.39192473531112304, 0.6218201819805005, 0.5644516670452459, 0.5671390671807148, 0.29360119194790313, 0.4833937233921236, 0.4509552207163977, 0.34045455466803576, 0.572174167172471, 0.44864301317320654, 0.6310722868960108, 0.44751285704761423, 0.7396842945150532, 0.9313234285020746, 0.6838596855478776, 0.5660050694915616, 0.6688185432919486, 0.6121165313323444, 0.5122204779797045, 0.48549190237578577, 0.5363687530431366, 0.6316755488570786, 0.7110035343581955, 0.8579885162954717], [0.5020195733563984, 0.4789400842810856, 0.44821834513773595, 0.5141008018307335, 0.4856950680672655, 0.5126226915337982, 0.43348951223459564, 0.5035683824490118, 0.5079136072200889, 0.44182409904927245, 0.4948343511031107, 0.48854688761600196, 0.4654791820657528, 0.4936147725772745, 0.4937516495657456, 0.4698530805431521, 0.5035660842915877, 0.45188068323361896, 0.5254382910807056, 0.49631447873633394, 0.4197508153760796, 1.0, 0.5013997539051458, 0.5185975254046726, 0.5160704448311945, 0.49305935424608904, 0.49490399219831793, 0.5115855852265487, 0.480282175826515, 0.4864284412655365, 0.5008800528169591, 0.41514241965164156, 0.4324284604297308, 0.4183229181088336, 0.47025441723713546, 0.41212321694688336, 0.4520087648520248, 0.45385407435752134, 0.5064580454703949, 0.43208424412226776, 0.4570642702055472, 0.5011951062756168, 0.45269052071095317, 0.4441088063903752, 0.502939888