"[[1.0, 0.907830097884534, 0.4065761410480677, 0.5971714453170991, 0.25130917021985777, 0.9046707764950073, 0.7756801493025819, 0.7405331427578246, 0.3788957503819642, 0.4555471976222416, 0.8634798660486929, 0.884842422840233, 0.23135615315420632, 0.49983282849350696, 0.734310109982381, 0.17040717008320394, 0.17069865356122083, 0.35369468012156635, 0.7105348482516922, 0.7995668543579393, 0.3392093469782178, 0.5483043272823889, 0.7556541160534472, 0.6823504668238507, 0.5174031261779317, 0.7456917556103637, 0.6852712126095626, 0.7901132167075006, 0.8457040045953605, 0.7765330111556626, 0.40656104804738846, 0.2673354342888279, 0.39351590019067384, 0.23616107146262832, 0.3410772259744571, 0.8051651614815736, 0.48319347237043997, 0.32364701648247496, 0.2776886220393525, 0.2878316272823651, 0.3579745849998853, 0.3854588938378768, 0.3997219632900034, 0.23830961934248163, 0.34688424482162306, 0.7142842375231274, 0.3286392228436462, 0.8615684276089887, 0.30303340613391416, 0.29037387895989064, 0.32819453434556123, 0.2690272824636962, 0.22292548238798315, 0.22632048903866808, 0.2647490157997715, 0.29939358342098776, 0.7810892645141947, 0.1893264885544994, 0.521635273669383, 0.7212751141340539, 0.11976772597053487, 0.2222538667384386, 0.9407043836091853, 0.45577353186693115, 0.30139016089361403, 0.28931765315188906, 0.5373740060966927, 0.1301658094468987, 0.4528806793922746, 0.824844161140866, 0.42182688192002404, 0.29644190646236723, 0.14993460287487292, 0.7302554739303888, 0.35896772205182825, 0.21904894951593934, 0.8407931697572286, 0.4401980759257418, 0.3420872532385566, 0.8495042587135965, 0.4954481264033739, 0.403568825214187, 0.6978111045406171, 0.9901000928426373, 0.8926705288865706, 0.32120799933406263, 0.14490497148612858, 0.7117623137957904, 0.055963037262072524, 0.22543113061312992, 0.954851296790052, 0.3729071001593872, 0.22745065765108563], [0.907830097884534, 1.0, 0.44074616908523756, 0.47843344400270293, 0.2934147953484444, 0.9059319934931768, 0.7227580571387078, 0.8717739805107166, 0.36260205623701547, 0.4704206684137291, 0.9149392254924826, 0.9601344036297164, 0.23938554331435058, 0.5863714608410585, 0.4857015220089862, 0.14883546225333988, 0.2510150512657616, 0.3453180994245151, 0.7392814673982558, 0.8708049136170981, 0.3174613764079933, 0.7190208646609266, 0.8603092925368983, 0.8872458374884589, 0.6944152946341327, 0.8858453886761326, 0.8331332951400232, 0.9164197356428061, 0.9228681506356983, 0.9262914602596486, 0.5590242395751148, 0.18900523440532158, 0.3245727134846451, 0.2060372151665908, 0.30372987237235183, 0.7025975298085165, 0.3840255671050731, 0.2791978176483323, 0.25672452554118674, 0.2267906812998659, 0.28389526174398994, 0.3167122571025367, 0.33111333235970275, 0.1587274876660303, 0.20995801980584106, 0.4798276547689171, 0.26408096200293807, 0.6063935224432921, 0.23255201388731483, 0.304549656472182, 0.2126081889919358, 0.204050299228415, 0.33996887105753415, 0.13795757105423456, 0.23421852772136886, 0.18904564296050175, 0.5105781659076418, 0.07835576804471, 0.7017474629765796, 0.599667289024884, 0.07032881133053326, 0.1800115878474885, 0.8668362769061486, 0.39683308832546027, 0.302482973857536, 0.2627818353220881, 0.5943413351092037, 0.1451739003246304, 0.42779632744827745, 0.9317853808498922, 0.4375788567414307, 0.3491503076452982, 0.17512679338536197, 0.8706203679575416, 0.3741900509958115, 0.18820681952490403, 0.8147504239126984, 0.4337477248964381, 0.3645753326317356, 0.7465920756440676, 0.33962315486710326, 0.422307811547425, 0.6284232757755563, 0.8958778771995348, 0.8663676757521064, 0.2846417540947014, 0.1677278193520344, 0.8854470225847632, 0.1373214553324983, 0.21042176070929253, 0.9492260342974396, 0.3386832368068198, 0.15028287912797245], [0.4065761410480677, 0.44074616908523756, 1.0, 0.9079663254497854, 0.96253078800695, 0.6853738984643338, 0.8490787161096667, 0.31914469864452455, 0.9898879436109811, 0.9724294025623821, 0.6837893137185745, 0.3383230771908181, 0.9491697697297068, 0.7072815314756845, 0.19885085174669304, 0.8926700268705607, 0.3366250174848673, 0.9885661541106765, 0.2533629707428726, 0.1456053942402613, 0.9808173412840636, 0.4643800153111399, 0.1379001217611544, 0.31078438111674744, 0.40804798832778455, 0.18579632861765238, 0.16880168607005896, 0.20975739300428842, 0.2014232917808072, 0.24483524087357467, 0.881700973906983, 0.8809819400010641, 0.958245930695242, 0.9337357162805531, 0.9694371935956698, 0.8143429886758715, 0.9329984564839744, 0.9572870370222198, 0.8954529351881155, 0.9180881888882739, 0.9485300616585779, 0.9504913013725458, 0.9664821567046096, 0.883212316074879, 0.8529769395857794, 0.7338656275153503, 0.9522250783415972, 0.519769373326452, 0.9189235018599062, 0.9504973961398391, 0.7882457254719402, 0.91721395529401, 0.8948938955905084, 0.8623251672871006, 0.34953712325918196, 0.8837831715221003, 0.3704582593935718, 0.7287504168296861, 0.19150492756789528, 0.6020495912760584, 0.7940558932260016, 0.8975683541523889, 0.6456178490543093, 0.9751163183299056, 0.9780633151936206, 0.9633648037802242, 0.9706416044832428, 0.8785219560674542, 0.9891629068334211, 0.5760187912415623, 0.9812003756940478, 0.9766965107230265, 0.9012147046333971, 0.5480426048901188, 0.9949255312405967, 0.88425851230194, 0.5848610399485396, 0.9949395677235162, 0.9875428004384152, 0.7421243248178908, 0.8941364947375458, 0.921426078435296, 0.9065496012721934, 0.3691982532401801, 0.15182407729681469, 0.9653207872566427, 0.7558223379039477, 0.24548078981333332, 0.42036226898879625, 0.9356036790285025, 0.41191948373814236, 0.9809737510111143, 0.8852138646229198], [0.5971714453170991, 0.47843344400270293, 0.9079663254497854, 1.0, 0.8123469652382784, 0.7734656331384349, 0.9369642348754361, 0.36219252033772187, 0.9262233676845559, 0.9425152112118254, 0.7449197028014913, 0.42784502822126136, 0.8520143514822978, 0.7234381659448951, 0.4776206651823902, 0.8015752851261407, 0.2834207760011457, 0.9115364265331287, 0.3898419199037437, 0.22355500792924554, 0.9119362287081312, 0.4458733133817935, 0.14741358679144523, 0.2545665955288704, 0.21484534787323595, 0.16789304476420974, 0.11480627419358469, 0.2273355055617421, 0.2756325349962103, 0.23683116283721906, 0.7720693147559174, 0.8104817299097519, 0.9199138015351507, 0.843097528392621, 0.9001732364245578, 0.915558957150562, 0.9290559046997491, 0.8857187414511453, 0.769529467352976, 0.8420954096609642, 0.9084287992449831, 0.90424357503581, 0.9422778195506127, 0.8223962638256247, 0.8449855068607341, 0.9320455692405488, 0.9210067416858916, 0.7724473032417687, 0.8541869342346916, 0.8137475625441134, 0.7390851041442548, 0.8494838080246792, 0.6661533193459115, 0.8064278926414159, 0.24589886084724055, 0.8563507923185736, 0.601683839760546, 0.671663876963075, 0.05605358252451853, 0.6415191096816912, 0.6954663972844785, 0.7969763850998499, 0.7971084519553611, 0.9696347155589785, 0.8941184789439054, 0.8901215856554556, 0.9128533019641228, 0.7550056620358505, 0.9571821546492476, 0.6189511972584025, 0.9366278452488452, 0.8691354027805221, 0.7756441835224721, 0.5673430300078159, 0.9096060311981511, 0.7653389508045363, 0.7481041681797703, 0.9352803765405413, 0.9068608242335676, 0.9068696280075761, 0.9535963128221256, 0.9057754419429223, 0.9636055167624347, 0.5423467973255203, 0.3150016478263008, 0.8929243110949269, 0.6948082726041296, 0.1743799096532508, 0.301673292436355, 0.8526631014580404, 0.5660035408044055, 0.9234864297578977, 0.8484065642808842], [0.25130917021985777, 0.2934147953484444, 0.96253078800695, 0.8123469652382784, 1.0, 0.5079075517352415, 0.6953729383223384, 0.19488933177412116, 0.970036608573548, 0.8957271918390664, 0.5017312992800684, 0.18597011277834707, 0.9730761139212192, 0.5938818870166671, 0.16480695431794024, 0.9533524391550365, 0.4148713353313952, 0.9786199531564276, 0.14131814528642272, 0.059507783643929724, 0.9772870020458965, 0.365071649655313, 0.09317846722292389, 0.22830997042216983, 0.4608395030717365, 0.13109557164262176, 0.15143864772252524, 0.12351748359614922, 0.09504583182453219, 0.15842223513076226, 0.8042894934522005, 0.9491088528606676, 0.9572701580313463, 0.9801817167500518, 0.9786236164914097, 0.6852460243919678, 0.9148694063712706, 0.9784743687333028, 0.9649643650558843, 0.9679715177009347, 0.9603524396891358, 0.9586626524366002, 0.9512596720843813, 0.9488447297236893, 0.9026257878063315, 0.6469395940881758, 0.9547851398414756, 0.4229080944071649, 0.9633732397229111, 0.9917486410613936, 0.8731530750165073, 0.9664515058726817, 0.964087052320465, 0.9362129436047255, 0.5231994240658033, 0.9328531591890348, 0.34540772397540787, 0.8525517967953042, 0.24043116809364706, 0.5930320758099232, 0.9082005366604154, 0.9698498439519411, 0.469678228580905, 0.9273446732413846, 0.978294498318095, 0.9784828329290696, 0.874882179399739, 0.9504650220233697, 0.9376179139479794, 0.4004985542749847, 0.9194409764636421, 0.9626057100821162, 0.960005614283499, 0.3908471128552973, 0.9737162854508027, 0.9668954826505239, 0.3971483550781745, 0.9540306940269798, 0.9621705448941106, 0.5701343400142969, 0.8690629657464821, 0.8500825384562753, 0.7894919655692901, 0.23864034831046066, 0.0456027399051282, 0.9806734082744903, 0.7957213285067454, 0.20424752210934316, 0.5520046452485414, 0.9672795586011291, 0.2347661733206965, 0.9709570052057184, 0.9314891688052614], [0.9046707764950073, 0.9059319934931768, 0.6853738984643338, 0.7734656331384349, 0.5079075517352415, 1.0, 0.9413493851711574, 0.7198041793211905, 0.6322251513116816, 0.7263138462666968, 0.9864397798735838, 0.8384091516243016, 0.4819959774119259, 0.6853334956868685, 0.4819424455148418, 0.3782375840691563, 0.15128712816913736, 0.609067316666627, 0.6248679175312348, 0.6462791098600646, 0.5861029324152672, 0.6341917925408735, 0.5969445425587553, 0.6723930674573648, 0.5032323131128102, 0.6283491841500293, 0.5552903212905728, 0.6867213165253302, 0.7210044220150222, 0.7000073080684024, 0.6937550881024563, 0.42584042692670787, 0.6011616383899727, 0.4534803028647938, 0.5701526063027967, 0.9184607961835329, 0.6593856839844239, 0.5419485597478789, 0.4592792568820214, 0.4746520711787995, 0.5600439621850367, 0.5863666823756699, 0.6176899889623464, 0.40495540891296067, 0.4659318190022397, 0.7425776323640956, 0.546943154500972, 0.759755928606801, 0.48675762096017405, 0.5216267920768674, 0.40982407991063885, 0.45847733191817563, 0.46299744109966834, 0.3785491766387554, 0.141264629020037, 0.45188520853894154, 0.5842125045140873, 0.2538682251887959, 0.4115226492761911, 0.6839958778932593, 0.25494773427810125, 0.4078802810196278, 0.9839614743173057, 0.6868023163966771, 0.5608000322036557, 0.5271028785519012, 0.814610355957152, 0.34642487566024793, 0.7044632103672932, 0.922436115452627, 0.6958826843252017, 0.5816594541908557, 0.38292728136133614, 0.8366555410245518, 0.6302807856860728, 0.39752806455380707, 0.9004903016802903, 0.6976143882449934, 0.6183981560227886, 0.9439487107413189, 0.6359555285937295, 0.6606685383189513, 0.8804997937857314, 0.8657105833905325, 0.7002267415785264, 0.5495442035495275, 0.32256493205471515, 0.6327439737985698, 0.07012695460926865, 0.459103278794057, 0.9129508194124882, 0.6119974836997877, 0.40873332710526455], [0.7756801493025819, 0.7227580571387078, 0.8490787161096667, 0.9369642348754361, 0.6953729383223384, 0.9413493851711574, 1.0, 0.5480702143859626, 0.8256527110616384, 0.8878220975403985, 0.9199392750108811, 0.6503640683669923, 0.6985475773569754, 0.736258831411829, 0.45191914334174166, 0.6082843730307154, 0.1781698192132123, 0.8048716817390097, 0.5000320899445305, 0.42221269635839, 0.7909046633801787, 0.5513955236016492, 0.35545068558889237, 0.4673384503497876, 0.35567000954266936, 0.38809358714183406, 0.3179193295595635, 0.453300373066049, 0.49593579086391826, 0.46875827475567466, 0.779400177966821, 0.6386075630319604, 0.8011866795229743, 0.6757007670806676, 0.7746365034663583, 0.9725724611893196, 0.8372739925073411, 0.7499805589714368, 0.6396560536524626, 0.6858420578511163, 0.770710472275965, 0.7841769655336372, 0.8225955544113365, 0.6325475125157797, 0.6761237051051552, 0.8702504104008721, 0.7698066949178828, 0.784418222792774, 0.6988303680385698, 0.7026937580029804, 0.586153554010722, 0.6799875191052832, 0.5924944660421737, 0.6075115443616004, 0.15261399558868904, 0.6763465558146491, 0.5856679334925419, 0.4573898278711871, 0.2070896465513472, 0.6832213273627513, 0.47576820305309986, 0.6232428873793543, 0.9396164946652867, 0.8772992989245976, 0.7674629215237383, 0.7442948105088815, 0.9249897052439168, 0.5660842537019868, 0.8829708376603385, 0.8127754335679369, 0.8678241728645848, 0.7679095801086232, 0.5994880606893328, 0.7355736679515896, 0.8171292475375056, 0.6006246838098637, 0.8629047937889793, 0.8687829425939388, 0.8084243059508531, 0.9777625912980463, 0.8320717773206123, 0.8275727811898572, 0.981826483185153, 0.7228222412448163, 0.49809296976122663, 0.7587288624479919, 0.5132428239305633, 0.39885113687342766, 0.14620985254332153, 0.6841530131267315, 0.7668087125886496, 0.8115467015294242, 0.6479354888615495], [0.7405331427578246, 0.8717739805107166, 0.31914469864452455, 0.36219252033772187, 0.19488933177412116, 0.7198041793211905, 0.5480702143859626, 1.0, 0.24793442360616524, 0.4235612859372624, 0.7924651847364794, 0.9616548198881405, 0.231570346763322, 0.7646255389414371, 0.5300036517836423, 0.16649323597795096, 0.5966359846119644, 0.23619188291974136, 0.949364673088802, 0.9358411924785869, 0.21910371846953713, 0.9382277728651274, 0.8587027843939474, 0.9587683723335148, 0.5255028732516307, 0.8855869398461726, 0.8169472366807989, 0.9342993264872796, 0.9397589732379827, 0.9329404574767964, 0.6181705014312805, 0.06266937402534489, 0.16640736438576675, 0.1421798741278566, 0.17542831504828982, 0.4459196040820582, 0.17236480957220113, 0.15024790615294337, 0.08500897867029245, 0.09494047225166391, 0.14724157319255127, 0.1476959625205041, 0.20195096003855695, 0.08204332793713898, 0.05877584925843404, 0.32075984945306735, 0.19473426515568404, 0.4222919611506677, 0.09686332804564235, 0.15227242195025315, 0.021490988944817158, 0.1038691675935588, 0.21508076867531378, 0.07107703792315101, 0.16200215597239276, 0.08069182938220099, 0.33650483867943703, 0.015330806938586017, 0.6973464930446682, 0.255060253735398, 0.07670195252293144, 0.08616197794081293, 0.6712616452306102, 0.27679711336748314, 0.24474374700003332, 0.19467124952855275, 0.4754123183972595, 0.18849139813773785, 0.30462337027795505, 0.9113506386253912, 0.38764263835886426, 0.33092086144877186, 0.21062530657193146, 0.9457244340755534, 0.2814599285974311, 0.07368554022536955, 0.8368181171045685, 0.2871768017801457, 0.31347996560009994, 0.610903013395933, 0.17481297048687294, 0.4726764130328538, 0.4173661205321102, 0.6943963447062849, 0.876473378764079, 0.1695228540571425, 0.3773437351822124, 0.840966515689946, 0.42531407910717745, 0.2032315015538667, 0.8907605748917032, 0.2135367886662718, 0.14797280425304282], [0.3788957503819642, 0.36260205623701547, 0.9898879436109811, 0.9262233676845559, 0.970036608573548, 0.6322251513116816, 0.8256527110616384, 0.24793442360616524, 1.0, 0.9618360171005268, 0.6182759863652743, 0.268970197102982, 0.9691320502799214, 0.67036355167236, 0.2578202856995827, 0.9310821725751073, 0.35002291909699057, 0.9992051824939936, 0.21986852955087466, 0.09222388421421357, 0.997692995909284, 0.3991943958809152, 0.08048463049043142, 0.22396798927591632, 0.35305441596364284, 0.11672187394827716, 0.10556963707635258, 0.13866551739996846, 0.1396672123376268, 0.16705434521490048, 0.8325617035467432, 0.9286221766527138, 0.9853919701245828, 0.967017892371167, 0.9920265778802352, 0.8058443480763715, 0.9603150019326179, 0.9847424211022104, 0.9233669888295014, 0.9565934560678346, 0.981734276192681, 0.9789859854573776, 0.9920046756357606, 0.9340015041376768, 0.9109544873512354, 0.780552208662564, 0.9847265707207014, 0.5605646867276516, 0.9586513262600497, 0.963495703839887, 0.8439566150172063, 0.958854581855157, 0.8835850096095014, 0.9178820903555109, 0.3945296043682993, 0.9374901565541706, 0.4301561117497388, 0.7997943953841146, 0.13761274699098425, 0.6174652154541136, 0.8507800724468988, 0.93805843618273, 0.6137803567804354, 0.9899769201145752, 0.9915749838229354, 0.9880462936643852, 0.9371782347185629, 0.9099221967230008, 0.9929602511025477, 0.4981348099127445, 0.9744188774329325, 0.9732098176666006, 0.9263188157058653, 0.47018349793942094, 0.996687911717729, 0.9221191231958881, 0.5476663573415085, 0.994488123336289, 0.988507045559214, 0.7278330323136296, 0.938684435386522, 0.9157342255010168, 0.8975637889681356, 0.3450164925572289, 0.11951101500341355, 0.9900425105662498, 0.7829945553772582, 0.16893584123556993, 0.446819484070584, 0.964224453761407, 0.35945304576574144, 0.9981513166276934, 0.9352127007887385], [0.4555471976222416, 0.4704206684137291, 0.9724294025623821, 0.9425152112118254, 0.8957271918390664, 0.7263138462666968, 0.8878220975403985, 0.4235612859372624, 0.9618360171005268, 1.0, 0.7433384804822278, 0.42195466353957434, 0.9297705728363228, 0.8301558788967167, 0.2755679606122955, 0.8645331240164076, 0.40372405987605364, 0.9551753093877078, 0.39662312642889475, 0.21240402641798273, 0.9495286439998675, 0.5807278413573714, 0.1490512316790994, 0.3566965203496406, 0.28500525207024396, 0.1980588004432099, 0.15075904193391199, 0.2504940643174671, 0.26200121152635103, 0.27781842579388105, 0.9275841171423502, 0.8037103573447474, 0.9105915991027304, 0.8855247650711141, 0.9215897345742956, 0.815180609179911, 0.8809181433394657, 0.9028603724891054, 0.7915127025591635, 0.8473768505922734, 0.9017082700327923, 0.8931037268733282, 0.9383780693828281, 0.826095512056073, 0.7871639202581349, 0.7653733558790847, 0.9346256597851339, 0.5515937956313517, 0.8516416499715873, 0.8657894551717313, 0.6824280203054627, 0.8592627879135146, 0.7869376020377306, 0.8051028593599643, 0.21971628981675728, 0.8300283205026051, 0.36389051198840205, 0.6455815719120341, 0.1315656076642875, 0.49880333965203727, 0.7329450775047581, 0.8241033147156482, 0.693886704291705, 0.9691093435167979, 0.9559286425565301, 0.9324634266587675, 0.9767553019454376, 0.8471928406340242, 0.9790327373498462, 0.6607574117900861, 0.9981969398417703, 0.970045126167599, 0.8735498088769882, 0.6516139408091486, 0.9709200141375223, 0.7949207776045208, 0.7137224037109515, 0.9666039510090343, 0.9804330945474329, 0.8146012727568099, 0.872636337187898, 0.9811565149237853, 0.9115525440548667, 0.39048811989427734, 0.22600886639762785, 0.9184099139828623, 0.8049570256098091, 0.22768097644900687, 0.4326679914625129, 0.9152205391482734, 0.5013126609276879, 0.9457343660860456, 0.867327247910056], [0.8634798660486929, 0.9149392254924826, 0.6837893137185745, 0.7449197028014913, 0.5017312992800684, 0.9864397798735838, 0.9199392750108811, 0.7924651847364794, 0.6182759863652743, 0.7433384804822278, 1.0, 0.8726903912986801, 0.4917197879958971, 0.7700614062618768, 0.4334866780886849, 0.3805649313117593, 0.2364212794507783, 0.596743915559852, 0.690841753891644, 0.679734498181272, 0.5722572926048806, 0.7382686141589814, 0.6155268488743371, 0.7414304588935791, 0.49139277555501404, 0.6579895133115535, 0.5769047194872844, 0.7229282357704216, 0.7487289434618947, 0.7397685525434355, 0.7643189306321578, 0.3793927216422095, 0.5613701876884405, 0.4375002337640137, 0.5434452379276732, 0.8616635421389685, 0.6017028821209768, 0.5114176892196559, 0.4148327472418035, 0.43443926923948306, 0.5221717234183505, 0.5424498975687221, 0.5872740381167656, 0.37064232292289634, 0.4023236366584795, 0.6716155781406613, 0.5288780706610714, 0.6732578888802032, 0.444332431021478, 0.495375661163459, 0.3343076547463938, 0.4251038090770327, 0.46050592316351135, 0.34284555971286945, 0.08754474828186298, 0.4055076961721975, 0.48195432907695435, 0.20292643624099416, 0.4342417271741903, 0.5781403547045598, 0.2377363720072977, 0.3771729957771959, 0.9500553941800548, 0.6656876464126399, 0.5612036945395744, 0.5162894917815659, 0.826273937147535, 0.3610195723306675, 0.6910630513804426, 0.9688102663906599, 0.7104621473661683, 0.6050802086402463, 0.40046309660280743, 0.9100379707900279, 0.6289652165803895, 0.3624718325279639, 0.9296397313919704, 0.6813359332027127, 0.629128332136076, 0.9203384426216294, 0.5768652868094052, 0.6997414569405896, 0.8430661830646367, 0.8111406297261953, 0.7018672421550738, 0.5251809465986471, 0.38003701009719637, 0.6589692872223022, 0.13634946118037639, 0.4623437390374425, 0.9205521093548356, 0.589857384747422, 0.39576349961019064], [0.884842422840233, 0.9601344036297164, 0.3383230771908181, 0.42784502822126136, 0.18597011277834707, 0.8384091516243016, 0.6503640683669923, 0.9616548198881405, 0.268970197102982, 0.42195466353957434, 0.8726903912986801, 1.0, 0.18901044394074917, 0.6733095106224808, 0.58627187375296, 0.11238669640838705, 0.40923202585487495, 0.2507950257317818, 0.8916608087984588, 0.9441525905241273, 0.2298587359214388, 0.8299418689216831, 0.8839351250050753, 0.9254818900313453, 0.5716834415273482, 0.9023416960663224, 0.8322413039089106, 0.9504499514854241, 0.970682959417225, 0.947480025845761, 0.549185557321799, 0.08758591475494126, 0.21575695119435023, 0.1291937961710805, 0.20125752772971972, 0.593557226860473, 0.2594572566633887, 0.1756768403147574, 0.12043170981239903, 0.12088165102399218, 0.18466327644930325, 0.20067210680237646, 0.2399893336711888, 0.08346393290608667, 0.11299988546879036, 0.4402599761430609, 0.19977118453293174, 0.5786294332285669, 0.12759684001412963, 0.17443704994054587, 0.08822550122237116, 0.11533150856581131, 0.20390505078869503, 0.06900189491170128, 0.17202328379017706, 0.10694745822523655, 0.485618658734568, 0.014409109979446777, 0.6827543652423541, 0.43713892337953963, 0.028101701890453246, 0.08653814411589844, 0.8105701320818721, 0.316114463298943, 0.23108046518885117, 0.18839784912606894, 0.5064673652023857, 0.1139680334176294, 0.33931422694183877, 0.9400447153979267, 0.3828794304349038, 0.29278794526833807, 0.13945759834736082, 0.9200024402477958, 0.28626010335658825, 0.0806987438053477, 0.8702122197313371, 0.3268479200007205, 0.29845585196495383, 0.7167686121432962, 0.2540690735628557, 0.4262061540936233, 0.5260451468663349, 0.8527460264925633, 0.9329228643855461, 0.18762058885969068, 0.23926633137942688, 0.8648543763478008, 0.2451233047479443, 0.1636002479686789, 0.9721387365605794, 0.24109332497575164, 0.1174786721906329], [0.23135615315420632, 0.23938554331435058, 0.9491697697297068, 0.8520143514822978, 0.9730761139212192, 0.4819959774119259, 0.6985475773569754, 0.231570346763322, 0.9691320502799214, 0.9297705728363228, 0.4917197879958971, 0.18901044394074917, 1.0, 0.6973089213798239, 0.23926054716460132, 0.986491343237754, 0.5174521169279481, 0.9754077554287909, 0.23650707374028612, 0.05983195526230434, 0.9806187854808922, 0.43865391726001524, 0.04218616929204089, 0.20651679574495407, 0.31092824736661784, 0.07713135789303838, 0.07713912879020723, 0.0918307438101379, 0.08134784004970563, 0.1178814396817296, 0.839933315011773, 0.929345899931439, 0.9440317147867573, 0.9853034824922038, 0.9684900849079383, 0.6557828275892911, 0.8877669499759735, 0.9660453192587184, 0.9086765706739677, 0.9484427084210454, 0.9544788535918142, 0.9374160846922506, 0.9555563709264256, 0.9531434551042612, 0.8904628671035375, 0.6829691396638616, 0.9798240463251333, 0.4373460312147044, 0.946218903984039, 0.9461050131642533, 0.8220601566503809, 0.9627389092741494, 0.8896921019240214, 0.9436962131723501, 0.4424157854346662, 0.9355869179397311, 0.3380862874741649, 0.8443407417772891, 0.1477188983211979, 0.48025078461689497, 0.922315224388058, 0.9550711108559928, 0.4572225163225899, 0.9419243497717757, 0.99259947304619, 0.9909793275271694, 0.8681848917032398, 0.9808739721387636, 0.9431604644790572, 0.41061425339324353, 0.9488461444073606, 0.9837178106505389, 0.9891174545018573, 0.42839680608589614, 0.9746260015651023, 0.9355759741700873, 0.4689356772863187, 0.9412722509847503, 0.9805804342078677, 0.6009938065941467, 0.8782384203008716, 0.922089391487158, 0.7764706038963793, 0.19413323848051856, 0.05423551803496052, 0.9744990370019583, 0.897925371274357, 0.12204603619144672, 0.6216448921281713, 0.9980144560682065, 0.24598536391616388, 0.9671618301014933, 0.9743734803875379], [0.49983282849350696, 0.5863714608410585, 0.7072815314756845, 0.7234381659448951, 0.5938818870166671, 0.6853334956868685, 0.736258831411829, 0.7646255389414371, 0.67036355167236, 0.8301558788967167, 0.7700614062618768, 0.6733095106224808, 0.6973089213798239, 1.0, 0.38601967247828184, 0.6290016289609439, 0.6712857880249014, 0.6614394261013729, 0.7747629459227252, 0.5304742982860797, 0.6556214655131969, 0.908105336006723, 0.39678873776542867, 0.6490706114410055, 0.22480587297002108, 0.44749113592665746, 0.36358343987835495, 0.5269503799875448, 0.5430183015460035, 0.5392036850200893, 0.9242591259414996, 0.44590553752458084, 0.5658481951214492, 0.5854633129948559, 0.5941203133697793, 0.5807262949169425, 0.516351874826978, 0.566251298494687, 0.4155602468898878, 0.49279652171497734, 0.5619603683334471, 0.5356210718530842, 0.6238399173338749, 0.5035155225144511, 0.4213937784956536, 0.5456640219826172, 0.6521789815006832, 0.4151648676510308, 0.4958168117655395, 0.5183655059892398, 0.2925063391384173, 0.526129158407904, 0.49489428413765324, 0.48764324637192846, 0.05908515251349988, 0.4900376827948759, 0.2276848875430566, 0.3354273795420075, 0.2895810719107722, 0.17764680403622557, 0.4727747899891769, 0.49039736983768345, 0.6354376599283582, 0.692100015727686, 0.6961273750491146, 0.6475906611504021, 0.7920358967784926, 0.6384728832235458, 0.7095683233178134, 0.8217205134002359, 0.8079943151444684, 0.771151373284648, 0.665525647302669, 0.8859844705033768, 0.7052453407071739, 0.4472171339054193, 0.8626689614666927, 0.6748720750864112, 0.7536416708521836, 0.7385064607367884, 0.5441280249491516, 0.8981638900860087, 0.6667154673423228, 0.40360591828405057, 0.4867866228463439, 0.5962368742781771, 0.801603549089505, 0.41839883561084756, 0.5703769356063202, 0.6733724525720781, 0.6715501892816819, 0.6349465388476903, 0.6148916300484064], [0.734310109982381, 0.4857015220089862, 0.19885085174669304, 0.4776206651823902, 0.16480695431794024, 0.4819424455148418, 0.45191914334174166, 0.5300036517836423, 0.2578202856995827, 0.2755679606122955, 0.4334866780886849, 0.58627187375296, 0.23926054716460132, 0.38601967247828184, 1.0, 0.2871548514724316, 0.4945954002023597, 0.24319822891459886, 0.700184745061839, 0.660848467486846, 0.26191849897102526, 0.4045948973045802, 0.5847524138313241, 0.40495950150752735, 0.2614603000090049, 0.5215758059416113, 0.4942026636932607, 0.5497688537397388, 0.6287368769036342, 0.5000422283794055, 0.16824008373854438, 0.3349288781784816, 0.3211395823651888, 0.27131939964746665, 0.2742135161081418, 0.5026804628489845, 0.3739633772569846, 0.2817704839394527, 0.246179531731054, 0.3043990407271395, 0.3283206222649766, 0.3172233507931145, 0.33055118608332523, 0.3456225173086567, 0.4308455085018673, 0.7013391306170995, 0.33204659094671873, 0.8409722534490782, 0.3186548972298995, 0.19450803830559626, 0.40826482305642453, 0.315775159719515, 0.08073060704797463, 0.36405928597955506, 0.49398951792112344, 0.3891209569606259, 0.8942747070879395, 0.4311639175432177, 0.40164001832519514, 0.5456713871618676, 0.3377741705538817, 0.2837979319596785, 0.5948346616547895, 0.33612286608821806, 0.23925425053302551, 0.27050513066662674, 0.22287231469741609, 0.24571033065584746, 0.2879306607408221, 0.4333469937380817, 0.25985990526670344, 0.19084981485938535, 0.22801944704215837, 0.41083678570741433, 0.22013063588690107, 0.26615295355888335, 0.6117244805694648, 0.2505566893199678, 0.22474209166292014, 0.5891695149303515, 0.4783165912855165, 0.3108845160651461, 0.41310586227320845, 0.7346993956670756, 0.7838515637009631, 0.27376433337741346, 0.34925013204535227, 0.43187021059243624, 0.4056450584581037, 0.27057509697426585, 0.6552746156230043, 0.2770093600999073, 0.36684682910282773], [0.17040717008320394, 0.14883546225333988, 0.8926700268705607, 0.8015752851261407, 0.9533524391550365, 0.3782375840691563, 0.6082843730307154, 0.16649323597795096, 0.9310821725751073, 0.8645331240164076, 0.3805649313117593, 0.11238669640838705, 0.986491343237754, 0.6290016289609439, 0.2871548514724316, 1.0, 0.5686316973072281, 0.9409227464420978, 0.20437119423600392, 0.02847749524442167, 0.9526424945276084, 0.3761882089238481, 0.020245734532147952, 0.14427053847979587, 0.2971597266963142, 0.041660433512008876, 0.057527924421364895, 0.04411816256885537, 0.03366779386124863, 0.06330271107129426, 0.7601095985105433, 0.948517840640464, 0.9234058195778199, 0.9866641325914757, 0.9480486505117652, 0.5828502603859699, 0.862701808239041, 0.9530799957177373, 0.914397455610765, 0.9537115224573143, 0.9425786227954848, 0.9207413217293886, 0.9295970717775883, 0.9743254152236513, 0.9117092318101986, 0.6640708037721079, 0.9658060744286648, 0.42691100485772415, 0.950417005552583, 0.9305930894927137, 0.8566191688357566, 0.9704246513468421, 0.8727364259712411, 0.9720024152401824, 0.5321393964909946, 0.9527432293970884, 0.37210604842687245, 0.9070618129897059, 0.15263684666221078, 0.47210748051876583, 0.9701645967464615, 0.9706883796162993, 0.3694504841670415, 0.899138220586448, 0.9648042768131386, 0.9753193163928094, 0.7819634790954514, 0.9951817998581198, 0.891472864988974, 0.304001570979756, 0.8897787772932781, 0.9422335840124019, 0.9937910321211151, 0.3314548103991828, 0.9312293832829059, 0.9533189847830952, 0.38331987672110057, 0.8893759836641231, 0.9368386458038289, 0.5192249953752994, 0.8652249302715344, 0.8671948000323877, 0.7011822698745328, 0.14486376219743002, 0.027787156266979474, 0.9578064232849048, 0.9122868536073243, 0.08093601057770261, 0.6897433188202403, 0.993097122425153, 0.16530945976744638, 0.9368060382764178, 0.9905630478635483], [0.17069865356122083, 0.2510150512657616, 0.3366250174848673, 0.2834207760011457, 0.4148713353313952, 0.15128712816913736, 0.1781698192132123, 0.5966359846119644, 0.35002291909699057, 0.40372405987605364, 0.2364212794507783, 0.40923202585487495, 0.5174521169279481, 0.6712857880249014, 0.4945954002023597, 0.5686316973072281, 1.0, 0.36454987071604505, 0.6942833914419624, 0.5282964731043776, 0.38054862191964267, 0.7380644582937671, 0.47396409935266526, 0.5605851129328996, 0.33895563738776624, 0.4750685636253352, 0.4794628987005868, 0.4766224677301858, 0.4556277328902496, 0.46606967478061556, 0.5549740718312436, 0.3812561977909168, 0.29882971148631765, 0.45487037989952384, 0.348101801228452, 0.08170960238333702, 0.21459887815546352, 0.353815530020551, 0.33194320146284095, 0.3655536691146122, 0.33376167857142613, 0.2906954740757336, 0.3269913730977637, 0.4431249484910067, 0.3290547861926292, 0.2147137771505806, 0.4153147740329035, 0.16827883676790922, 0.3558924678058989, 0.34450013253829037, 0.30198936949901967, 0.4051581235513466, 0.4098948883440269, 0.4593655433822812, 0.5123407174246134, 0.38778823602797985, 0.22200111404832545, 0.4904178513974847, 0.5423108460149425, 0.039219828077182495, 0.5827472350485612, 0.43071805900019045, 0.12930639536263544, 0.31907593356496866, 0.4379555527081258, 0.4303176309812251, 0.30457260399895614, 0.6132720709550128, 0.31741759536531355, 0.3760484255087304, 0.4097937896047642, 0.486052836263417, 0.5966296266080481, 0.5140175323851881, 0.381518579971031, 0.4121299231803558, 0.40527149344164004, 0.29693673758805905, 0.4329271284419639, 0.20708540246551732, 0.26169423991494356, 0.5309996803119094, 0.15455745401093046, 0.1417443984634008, 0.43219332629626783, 0.3689848027885889, 0.8035603321777409, 0.43302362325063637, 0.9629558042502226, 0.5199198241820758, 0.30745242521622806, 0.34039297968739923, 0.5262112429683743], [0.35369468012156635, 0.3453180994245151, 0.9885661541106765, 0.9115364265331287, 0.9786199531564276, 0.609067316666627, 0.8048716817390097, 0.23619188291974136, 0.9992051824939936, 0.9551753093877078, 0.596743915559852, 0.2507950257317818, 0.9754077554287909, 0.6614394261013729, 0.24319822891459886, 0.9409227464420978, 0.36454987071604505, 1.0, 0.20637830959385628, 0.08170841108353455, 0.9988901535561185, 0.39371426532113585, 0.07590298205824153, 0.21967313708688008, 0.36406027061474777, 0.1124000765053641, 0.1061085788159325, 0.13008498806970592, 0.126722844225178, 0.1594039159298739, 0.8307868064076457, 0.9362624077239718, 0.9846739435118033, 0.9743532573355266, 0.9940214872073099, 0.7856634742947755, 0.9557485089287022, 0.9879601202305814, 0.9329048471090464, 0.9626708917966682, 0.9825998169626764, 0.9793222096292993, 0.989736254840322, 0.9416797197899669, 0.9138026248364285, 0.7615134754600282, 0.9852739208697849, 0.5379154824038799, 0.9636753952904367, 0.9711042767031277, 0.8513631294514652, 0.9649551888884689, 0.8982052124569064, 0.9262647093797608, 0.4143908025154416, 0.9417193145367946, 0.4153637193085876, 0.8130047857428064, 0.14808501793014894, 0.6100760760885894, 0.8658384277980733, 0.9478452712848677, 0.5878921587495873, 0.9839582769001629, 0.9943469959082964, 0.9916135132738582, 0.9289263647851853, 0.9225894698750552, 0.987689212460117, 0.4794507297407561, 0.9697560550759947, 0.9762094170751228, 0.93772386576993, 0.4555879511366332, 0.9970096560969615, 0.9333893387348524, 0.523209183775236, 0.9910909620456092, 0.9888183037433472, 0.7025609876796931, 0.9313757005541654, 0.9103257458048305, 0.8810519529858085, 0.32242745576964005, 0.10263736051562433, 0.9929385077488939, 0.792277918386942, 0.16756090462012208, 0.4683936820136664, 0.9706262975441611, 0.3352931799003074, 0.9978697551297009, 0.9410654337303557], [0.7105348482516922, 0.7392814673982558, 0.2533629707428726, 0.3898419199037437, 0.14131814528642272, 0.6248679175312348, 0.5000320899445305, 0.949364673088802, 0.21986852955087466, 0.39662312642889475, 0.690841753891644, 0.8916608087984588, 0.23650707374028612, 0.7747629459227252, 0.700184745061839, 0.20437119423600392, 0.6942833914419624, 0.20637830959385628, 1.0, 0.8981780738569848, 0.2031134365217262, 0.9062950472296676, 0.7757605023203851, 0.8407278006417631, 0.34261893519845743, 0.7799788119360962, 0.7034910337199699, 0.8423168429749304, 0.8770061948122593, 0.8217140623816819, 0.5434583229867518, 0.07780582182760898, 0.15594322553302065, 0.15077337060130291, 0.15826242918018618, 0.3979404832332165, 0.15664415911256002, 0.13854559965041546, 0.04405771897681088, 0.09523821349944916, 0.15040877842381584, 0.13341288381798733, 0.2020053770081458, 0.1186129988178708, 0.09903202494014629, 0.40299165978133644, 0.21895557238038377, 0.5013164252903823, 0.10112267599728364, 0.09455604415012264, 0.033520275018432244, 0.11994440035991971, 0.10343300682344503, 0.11795848907830986, 0.16801676395038423, 0.12220746750262623, 0.4344598182802042, 0.08116954329306725, 0.5758926318096933, 0.19134726980829375, 0.13186437622408353, 0.09219694057625616, 0.6207474261051537, 0.27082369030443254, 0.23122799595433796, 0.19623949236025062, 0.38843716949117224, 0.21416218958732047, 0.2750803086257654, 0.8144424357387098, 0.3607638581449848, 0.29854039451145997, 0.2253798818478887, 0.868495882773596, 0.24194608594533862, 0.0644529818770252, 0.8435867285046066, 0.23697591745604263, 0.28603830179140366, 0.6072968626623269, 0.21411245191127004, 0.4834296839411494, 0.37041488989457527, 0.653334005486556, 0.8774110546689723, 0.15799094456184037, 0.461113362657097, 0.6978214780626557, 0.5062170515705795, 0.22407515402901623, 0.8474384091470071, 0.19372108670970256, 0.21201410856719805], [0.7995668543579393, 0.8708049136170981, 0.1456053942402613, 0.22355500792924554, 0.059507783643929724, 0.6462791098600646, 0.42221269635839, 0.9358411924785869, 0.09222388421421357, 0.21240402641798273, 0.679734498181272, 0.9441525905241273, 0.05983195526230434, 0.5304742982860797, 0.660848467486846, 0.02847749524442167, 0.5282964731043776, 0.08170841108353455, 0.8981780738569848, 1.0, 0.06815799007640522, 0.7774107291755789, 0.9698643900224035, 0.9305980869203075, 0.6344914664813316, 0.9656822560356735, 0.9272526565116146, 0.9840427842889098, 0.9925400285705364, 0.9692525108956852, 0.37190914938802755, 0.008491548038690233, 0.0613987185568321, 0.01939932989608928, 0.051418939711817435, 0.39176322419583587, 0.09947827492153727, 0.038308838222699926, 0.03637353319801351, 0.016591543237980177, 0.04320292721419272, 0.05503446843183779, 0.07365203614857196, 0.0033170332105365574, 0.02903517529422661, 0.2973387702504481, 0.05249148051489061, 0.49745682240378164, 0.019038640644532867, 0.052970411570619325, 0.04928321880333186, 0.011785718493097397, 0.12136262268763787, 0.0017999809125193167, 0.34250342434867886, 0.013846285654985024, 0.5044112382913422, 0.0262660562826047, 0.8180047543931173, 0.38730250647076847, 0.013966501379608864, 0.006012512985164364, 0.6320690964121535, 0.124060830619384, 0.07417393120360027, 0.04653355720441621, 0.28187202625226637, 0.043481178753534744, 0.1399620390369707, 0.7898353738548717, 0.1810355032470825, 0.12734845201642653, 0.05201004643455254, 0.7947812134358735, 0.10759406164970153, 0.01128874132011215, 0.709499600694583, 0.1325379871911303, 0.12045056778424446, 0.5114242018470536, 0.10306439322088323, 0.2398985080060736, 0.30423856245827907, 0.7962216650059959, 0.9706701432475437, 0.04389960477079502, 0.19070222974292905, 0.9171447932837902, 0.3733304360996822, 0.044352905338969406, 0.8728348219935689, 0.07391995991664868, 0.025067336689726494], [0.3392093469782178, 0.3174613764079933, 0.9808173412840636, 0.9119362287081312, 0.9772870020458965, 0.5861029324152672, 0.7909046633801787, 0.21910371846953713, 0.997692995909284, 0.9495286439998675, 0.5722572926048806, 0.2298587359214388, 0.9806187854808922, 0.6556214655131969, 0.26191849897102526, 0.9526424945276084, 0.38054862191964267, 0.9988901535561185, 0.2031134365217262, 0.06815799007640522, 1.0, 0.3813860420492319, 0.05925737109692908, 0.1964559331497706, 0.3429349043415022, 0.09229067119336509, 0.08743468856863512, 0.10975565385103514, 0.10895358202410466, 0.13671885894449198, 0.8175253889542233, 0.9459725671161557, 0.986837176326465, 0.9817515050772395, 0.995899731729923, 0.7735290155347563, 0.9561105998297519, 0.9913237446018355, 0.9353729589086387, 0.969382566543787, 0.9873294039759274, 0.9815875648161203, 0.9922829946193024, 0.953926442900747, 0.925608730590483, 0.7690146071053223, 0.9919571262630771, 0.543046538751089, 0.9705794820278499, 0.9696316317570262, 0.8614924972960125, 0.9736211543637012, 0.8908112948468896, 0.940298490374988, 0.4263894774300845, 0.9536601099306232, 0.42695559036866326, 0.8321420778877646, 0.13292432596030612, 0.6030094906700953, 0.8829681528355753, 0.9565576644772724, 0.5708671279298797, 0.9834837360504525, 0.9958473331655417, 0.9961330843034175, 0.9141264469112607, 0.9332063223739304, 0.9838536397715996, 0.45489665782832955, 0.9652042925707697, 0.9739789215100109, 0.9461407616823915, 0.4343461198173397, 0.993779212192184, 0.9407366326052038, 0.511802539940442, 0.985310245376376, 0.9867114560684371, 0.692536172080494, 0.9382933180740378, 0.9094059328230015, 0.8702597350067769, 0.30803307874853914, 0.09326206551513239, 0.9959169383333333, 0.8070817322537299, 0.1438411875946789, 0.4865441992721048, 0.9784416166253758, 0.3170444875518653, 0.9981403168127643, 0.955409608710296], [0.5483043272823889, 0.7190208646609266, 0.4643800153111399, 0.4458733133817935, 0.365071649655313, 0.6341917925408735, 0.5513955236016492, 0.9382277728651274, 0.3991943958809152, 0.5807278413573714, 0.7382686141589814, 0.8299418689216831, 0.43865391726001524, 0.908105336006723, 0.4045948973045802, 0.3761882089238481, 0.7380644582937671, 0.39371426532113585, 0.9062950472296676, 0.7774107291755789, 0.3813860420492319, 1.0, 0.6776603222732853, 0.8795838027005627, 0.41525492211418413, 0.7228951404825829, 0.6528446948210176, 0.7796002494345692, 0.7728093832575831, 0.7879832987608955, 0.7908638415117117, 0.1933396813786067, 0.28766850485843953, 0.32132866591073483, 0.32164716578540586, 0.39962825040963335, 0.24702468577846282, 0.29537737518224405, 0.198636679272848, 0.2321880700011132, 0.2806176263359388, 0.2632974340298808, 0.33674313078088425, 0