"[[1.0, 0.9896769340640649, 0.9763273220631621, 0.9807313518127891, 0.9755727441720816, 0.9966636251764175, 0.9959599762070661, 0.9892772630271296, 0.9794946903334367, 0.9822597827581757, 0.9970130107439681, 0.995606694523661, 0.9594859725811145, 0.9858407305607924, 0.6590469240794838, 0.9637876883693657, 0.5480277910206776, 0.9603993877836967, 0.991940375373787, 0.9089428819106992, 0.9614558172641479, 0.9745953483395055, 0.8783383977104334, 0.9703631364144525, 0.9889919637411564, 0.9066853537665653, 0.7106138175347263, 0.8745875363507803, 0.9681114405028401, 0.9249313190573694, 0.9858274228643094, 0.9461488917711716, 0.9530609343802469, 0.9532133835315884, 0.9522453351605245, 0.9948027449385397, 0.9739325806429475, 0.9737853756547057, 0.9563975014116621, 0.9586976146846906, 0.9405412980746221, 0.9677942033515978, 0.943260392527326, 0.9448467951959763, 0.9611928479845013, 0.9847217406082982, 0.9624026397641368, 0.9931859583098079, 0.9399133175956503, 0.9712944965668118, 0.9857765094489592, 0.9611462442214612, 0.9797361807522496, 0.9420765986920852, 0.8840142207127604, 0.9428882443451547, 0.9933219657887647, 0.9569630679270911, 0.9485691618213472, 0.9965041162637109, 0.9660878599439622, 0.9430373183317857, 0.9981690014020312, 0.9751676787279608, 0.9605603540276195, 0.9613443844504208, 0.9882762783004295, 0.9495965717439998, 0.9783649612815148, 0.996496143091214, 0.9773339144231372, 0.9711328746084475, 0.9521792575120557, 0.9927459819892253, 0.9693242543541902, 0.9523340982199497, 0.9961903805901137, 0.9747830542964719, 0.9728250158357694, 0.9950067697667662, 0.9849849409196524, 0.9812116944246622, 0.9901832934826641, 0.9994318461251008, 0.9832495066400115, 0.9706048939623186, 0.9759363405179413, 0.8792706553295927, 0.9416245597138089, 0.9423812589224279, 0.9990500380008107, 0.9769266347209691, 0.9583626555018738], [0.9896769340640649, 1.0, 0.9579475396980409, 0.9530125079279521, 0.9559787625766591, 0.9873139960377533, 0.9806645357559293, 0.9858287621112509, 0.9574153371193621, 0.9614385752410601, 0.9877278376982953, 0.9936930137562028, 0.9318430773442449, 0.9697033789927079, 0.606694214579901, 0.93448305766003, 0.522607655663405, 0.9348334318359415, 0.9790790448553959, 0.9339985384072582, 0.9343334664150367, 0.9749721755140627, 0.9216770099533745, 0.9871090053410561, 0.9888639188850844, 0.946657630201669, 0.7850417288157732, 0.9213974059148128, 0.9823763454058395, 0.9631610801215837, 0.970877438136741, 0.911342127446324, 0.9229315165646937, 0.9224039627337641, 0.9236989537294381, 0.9782999439897999, 0.9485623833524324, 0.9490508214319071, 0.9316397661930682, 0.9287275511178199, 0.9067931870320288, 0.9407950499921635, 0.9101302577407309, 0.9078134369900236, 0.9263007772129278, 0.9537323526192079, 0.9312866311198773, 0.9681142380220744, 0.9061822295649798, 0.951322160859214, 0.962595590350131, 0.9301989837040314, 0.9680452983043151, 0.9039786929608411, 0.8388050820172028, 0.9038278871279105, 0.9680781154867226, 0.9196054443034527, 0.9742905198345675, 0.9812101827335584, 0.9364377383490572, 0.9104989931555777, 0.9848639763588578, 0.9491908886440155, 0.9338201523028786, 0.9326261652043625, 0.973291698609186, 0.9194880148867175, 0.9559528547341669, 0.9909280828189357, 0.9557740264670985, 0.9492262267799249, 0.9236390468330193, 0.9874520704247687, 0.9468112864608436, 0.922273451099845, 0.9802937736910478, 0.953399216447092, 0.9500653330154512, 0.9747803984829304, 0.9592967974977531, 0.9588788345031527, 0.9712477891036231, 0.9907338922137583, 0.9825119538498778, 0.9446016645854856, 0.9511693270117318, 0.9325595944178808, 0.9199352266436364, 0.9084132465482884, 0.9913697190521229, 0.9530012369996392, 0.9233941220352755], [0.9763273220631621, 0.9579475396980409, 1.0, 0.9947600238787906, 0.9992311930741662, 0.9877558870868811, 0.991593862532123, 0.9650752528700111, 0.9992420470870542, 0.998675576109786, 0.988422738314904, 0.963859822504553, 0.9956306051917361, 0.9884545213667468, 0.5531433586295007, 0.9944361110145161, 0.5712726759114031, 0.997083850949001, 0.9730551922020305, 0.81868265240945, 0.9969941379322534, 0.9635216993363956, 0.7868395563971244, 0.9389084488919744, 0.9862014662529913, 0.8317883862228311, 0.6110741268661313, 0.7865065187756001, 0.9047538436040048, 0.8594165804199854, 0.9945258425743511, 0.9897050820688023, 0.9918526452046523, 0.9939899290532994, 0.9937254428303592, 0.9918206117104287, 0.9965746090319503, 0.9989694454982512, 0.9959648648015738, 0.9952634336043873, 0.9866919420731699, 0.9970856463247842, 0.9875402294129911, 0.9885541982914874, 0.991520617409433, 0.9842056199441476, 0.9955120145468512, 0.97765687173113, 0.9874319312893534, 0.9997327911553354, 0.9969320483383016, 0.9954640663043144, 0.9972508723085449, 0.9871276318438881, 0.9462714182449519, 0.9855589753812799, 0.9689114238269185, 0.9899805444246519, 0.9094132321651718, 0.9904238822445302, 0.9939611568255313, 0.9904341733930975, 0.9857892423604593, 0.998101430915429, 0.9970188616693275, 0.9964984052566404, 0.9974104382106576, 0.9904295442865412, 0.9993103849986946, 0.982798467074321, 0.9994747822413536, 0.9985425839336541, 0.9917957864207445, 0.9824175445140116, 0.999296842381658, 0.9941163725870954, 0.9859864042692361, 0.999479778069331, 0.9991021436429595, 0.9883567330165575, 0.9959324080083067, 0.9964688594237416, 0.995263739714563, 0.9689460432879077, 0.9255518067339321, 0.9984898778510111, 0.9908001824319297, 0.8108035411059833, 0.9578092664672515, 0.9894244921653386, 0.9712259331448903, 0.9990797546744292, 0.9918349098429202], [0.9807313518127891, 0.9530125079279521, 0.9947600238787906, 1.0, 0.9929667105226138, 0.9887302824693065, 0.9927437535039256, 0.9595072371233548, 0.9966905125308319, 0.9956897728923535, 0.9866699139383737, 0.9627720765404761, 0.990014675738456, 0.9829482715674014, 0.6143687750586568, 0.9904952689477255, 0.5468313857241539, 0.9933982135477744, 0.9718997903779508, 0.8163147394277652, 0.9941935984343635, 0.9491859159879643, 0.7765250518069021, 0.9235040804465441, 0.9759161742690754, 0.8172232944428571, 0.5866749563498216, 0.7733285681627299, 0.9029795268269682, 0.8442538611798123, 0.9881848786727747, 0.9901818685534223, 0.9927309013022805, 0.9905003048609191, 0.991507309124964, 0.9948930161184872, 0.9986853387591383, 0.997024032924897, 0.9916689553443878, 0.9942819310107207, 0.9878104767576213, 0.997241613458497, 0.9890053608642158, 0.9889719249050035, 0.9964531717505501, 0.9966750397263604, 0.9952433409958507, 0.9905943441371183, 0.9873490608765957, 0.9939761050938851, 0.9973968567783369, 0.9946320003073592, 0.987455312883976, 0.9875932667412232, 0.9373021547545731, 0.9893969605115381, 0.9837434599216093, 0.9918553182405804, 0.8896785387904937, 0.9929845324729647, 0.9907978053965585, 0.9872505818711919, 0.9898122115155441, 0.9986478976196869, 0.9924555167555269, 0.993592449295198, 0.9933767621434262, 0.9831515529231099, 0.9978127628892791, 0.9790135101750183, 0.9956595319777073, 0.9921721632493024, 0.9840545905110234, 0.9757702747898582, 0.9945466272698709, 0.9907952368478898, 0.9869001275238113, 0.9968070107313497, 0.9943740460539403, 0.9949781985853261, 0.9989200964191752, 0.9931543619760759, 0.9976431860524199, 0.975034374621331, 0.9316396742116684, 0.9966292524680475, 0.9867473916692329, 0.7886627837255129, 0.9446066425412685, 0.9854522319852071, 0.9737236171858232, 0.9974736561523052, 0.9917404195203265], [0.9755727441720816, 0.9559787625766591, 0.9992311930741662, 0.9929667105226138, 1.0, 0.985354532988354, 0.9910943757448591, 0.9691680978265785, 0.9992858543890766, 0.9992447229255146, 0.9881598278475674, 0.9653230825421859, 0.9971845480853917, 0.9922357367962247, 0.5569883911801308, 0.9969305594370472, 0.5983582074867412, 0.9957263224428572, 0.9771627364724969, 0.8239107643974053, 0.9960503058676325, 0.969490581143265, 0.7895129850758491, 0.9423885005444929, 0.9865586977799876, 0.8348006709338534, 0.6136304754979688, 0.7887875061923653, 0.9070048006731297, 0.8609913683246382, 0.9966896357724315, 0.9883639279102574, 0.9887743257598873, 0.9943727808308911, 0.9916321001822639, 0.9900318352205164, 0.9938681239850621, 0.9985946362913147, 0.9939580630097385, 0.9941457779114686, 0.9836312331958692, 0.9952018239659788, 0.9843109288394385, 0.9884703749674186, 0.9898498132209004, 0.9820928429890983, 0.9953060185236707, 0.9758329534554354, 0.9849992913750723, 0.9990642196341474, 0.9973002047207329, 0.9953273828961404, 0.998202502406772, 0.9872748539753319, 0.95455747570533, 0.9840664192038289, 0.9680250848647719, 0.9915534292820517, 0.9140536103541592, 0.9892079829520768, 0.9967132522196596, 0.9898979505938672, 0.9839491008315511, 0.9969267243058298, 0.9970957390766023, 0.9966272652334063, 0.99751152703233, 0.9936269314073055, 0.9983556930720378, 0.9835801973041034, 0.9996707608088925, 0.9997319723930124, 0.9947988575229347, 0.9845786642074222, 0.9988082136190084, 0.9936892564247177, 0.987600592782735, 0.997979851028598, 0.9996732980252865, 0.9866629650388336, 0.9956547096800887, 0.9984782194539858, 0.9932780557105638, 0.9677640833272627, 0.9277027867333008, 0.9980655251262222, 0.9949673804099132, 0.8115376057666355, 0.968161196459015, 0.9904391131817001, 0.9717502206699751, 0.9987455294796725, 0.9935800541813057], [0.9966636251764175, 0.9873139960377533, 0.9877558870868811, 0.9887302824693065, 0.985354532988354, 1.0, 0.9982368659803973, 0.9818672968710662, 0.9883724498771569, 0.9896944588524055, 0.9984125115583432, 0.9884336915995107, 0.9715408177600168, 0.9861503574975012, 0.6144639920760604, 0.9729096458005246, 0.5271064606355045, 0.9757122048649333, 0.9851398117122008, 0.8808734612180875, 0.9757946163212943, 0.9701617990897555, 0.8543236887115045, 0.9634720873256533, 0.9928467173780874, 0.8878348081854575, 0.6861989973467051, 0.85251236037557, 0.9512577319190347, 0.9106095925442049, 0.9899046338906787, 0.962439589477463, 0.9700804010879265, 0.9674912858052573, 0.9694220649730834, 0.9986212902461444, 0.9859552525649321, 0.9845065450902185, 0.9733721224605502, 0.9731578468766606, 0.959440416586553, 0.981004179830276, 0.9617959225887611, 0.9596808792911142, 0.9734688489982106, 0.9877260300430639, 0.9747081751817521, 0.9916755467606722, 0.9586672735016973, 0.9839834681091806, 0.9913582200087052, 0.9738026875175119, 0.9883173716160691, 0.956977992577972, 0.8953928437833324, 0.9584457600177411, 0.9878818820170041, 0.9666705065415173, 0.9388735396028332, 0.9988953907333928, 0.9740023750138238, 0.9601121148303638, 0.999299530828643, 0.9857515665089952, 0.9742687177012352, 0.9743160839970858, 0.9945059371423159, 0.96123870008408, 0.9885540517731515, 0.9956320113055379, 0.9869195547041253, 0.9814376097961623, 0.9638243413417276, 0.9916918785536746, 0.9820137191142755, 0.9678180043390906, 0.9943833872784427, 0.9868605708727373, 0.9832493716116548, 0.9970173834862583, 0.9907879279007306, 0.9866645540767274, 0.996561226915219, 0.9944013745490807, 0.9666477180843602, 0.9820923384433862, 0.9788137752222626, 0.8662036227109078, 0.9390340234470163, 0.9576550835704624, 0.9934064162943592, 0.9867191462545231, 0.9683790578893968], [0.9959599762070661, 0.9806645357559293, 0.991593862532123, 0.9927437535039256, 0.9910943757448591, 0.9982368659803973, 1.0, 0.9849860513017145, 0.9935857585353026, 0.9950134055251499, 0.9989612153627416, 0.987938035606472, 0.9805302278730412, 0.9931378740823504, 0.6224592566123589, 0.982904708908795, 0.562802134169047, 0.9811771783149161, 0.9904915429308203, 0.8755023988943864, 0.9819469995200478, 0.9753567025998646, 0.8424768536626246, 0.9614425136572093, 0.9925877113452243, 0.8780227283212754, 0.6676506746500214, 0.8397584950277325, 0.9464414027464432, 0.9001566465832223, 0.9952838783938904, 0.9702176499068822, 0.9747447991020526, 0.9761461351953891, 0.9749963529180098, 0.9993234417773119, 0.9890487350865911, 0.9901427165498837, 0.9781559861824611, 0.9797614616602606, 0.9653169461079631, 0.985727532745316, 0.9672485502495269, 0.9692729212191034, 0.9800794700971072, 0.9911538105907317, 0.9823087255650744, 0.9932925832158679, 0.9653023508407488, 0.9885480666120529, 0.9966077494002752, 0.9815196638783052, 0.99228294943415, 0.9671186884310572, 0.9168563095485107, 0.9668647442609375, 0.9899978619238599, 0.9774439644980496, 0.9358386149714844, 0.9997797902736121, 0.9841716232428217, 0.968541352404489, 0.9987216971779374, 0.9906352424426241, 0.9815022892854428, 0.9819223892974711, 0.9976924875748846, 0.9727943468309519, 0.9928325694527707, 0.9962458917862289, 0.9923419326271898, 0.9883312569444231, 0.9747776467204059, 0.9939489651573638, 0.9873796008253304, 0.9755117706287271, 0.9981869295082193, 0.9905789011679538, 0.9895765779185021, 0.9983448434546716, 0.9958332706470645, 0.9937700578696447, 0.9980409820010979, 0.9924915725857237, 0.965073086101409, 0.9880996063021907, 0.9887164512243385, 0.8516810040523519, 0.9551023040335382, 0.9680228025767852, 0.9932957693928759, 0.9920466970959039, 0.9788843953160589], [0.9892772630271296, 0.9858287621112509, 0.9650752528700111, 0.9595072371233548, 0.9691680978265785, 0.9818672968710662, 0.9849860513017145, 1.0, 0.9686837631943948, 0.9737809223590986, 0.9900053566368701, 0.9970547745806299, 0.9523526130281514, 0.9904556639864235, 0.6331995841263233, 0.9586003029346984, 0.6331732476063827, 0.9440039764210839, 0.997728201130705, 0.9344258350671748, 0.9455501857531077, 0.9954743251112145, 0.9050850379755766, 0.9899401503372642, 0.9900487847998718, 0.9341808812137873, 0.7542280167509976, 0.9022329415557979, 0.97898001899504, 0.9470600553313498, 0.9858294792667112, 0.9250592717322283, 0.9279892923457791, 0.9404235209973804, 0.9318875730575888, 0.9785947095314299, 0.9515357238235811, 0.9604036299731445, 0.9383810497127683, 0.940602982489294, 0.9140846718178838, 0.9480122408887626, 0.9163879025181985, 0.9270196618472353, 0.9376924853957901, 0.9591572366226935, 0.9466298304329044, 0.9707671405899851, 0.9158560913093419, 0.9599024636899391, 0.9747369848595837, 0.9458286147361736, 0.978031934721948, 0.9245850667405231, 0.8933071239273747, 0.9187053075659402, 0.9734015868237013, 0.9439850275561039, 0.9768560703290536, 0.982791763648647, 0.961384812006227, 0.9265107181917984, 0.9827973825064397, 0.957977124936001, 0.9486441867186459, 0.9483529886216451, 0.9808478370312024, 0.9473824000115387, 0.963860971195291, 0.9949642847072907, 0.9675858133996962, 0.9652376163423402, 0.9500656214533079, 0.9966530533798117, 0.9572440868773993, 0.9371424065564111, 0.9919835343026998, 0.9592385129145108, 0.9641020027796656, 0.9766565962103586, 0.9701399207086152, 0.9769543790676591, 0.9725673404445476, 0.9875038186468164, 0.9855593220271275, 0.9565473094142398, 0.9780243015460057, 0.906828336288265, 0.9679451223377128, 0.9305947753591817, 0.9941105206062579, 0.9638925334778063, 0.9474331737509112], [0.9794946903334367, 0.9574153371193621, 0.9992420470870542, 0.9966905125308319, 0.9992858543890766, 0.9883724498771569, 0.9935857585353026, 0.9686837631943948, 1.0, 0.9997545959957992, 0.9897640005219785, 0.9670783060386938, 0.9961861978947029, 0.9913725014586975, 0.5774791758256022, 0.9963185291095042, 0.5834280305124562, 0.9960868440722057, 0.9779646081814974, 0.8249608164277422, 0.9966015003858428, 0.9655016212906449, 0.7886652325033986, 0.939058878144674, 0.9852145554396963, 0.8323633624178608, 0.6079217678219461, 0.7870782821501162, 0.9087828943430325, 0.8586532747615516, 0.995885571449646, 0.9898396528042372, 0.9909407602045022, 0.9942381884346858, 0.9925270620064004, 0.9934310191314488, 0.9966822794589809, 0.9994904100339672, 0.9942335689016422, 0.995279700968986, 0.9856910884675505, 0.9970525489258334, 0.9865659478422789, 0.9895899193561117, 0.9930863501965443, 0.9884173012179271, 0.9964967843273715, 0.982521222043065, 0.9864943876834686, 0.9987855995968643, 0.9990411045709809, 0.9962988396926298, 0.9964653359537409, 0.9883144936149277, 0.9500011925353866, 0.9866298980093249, 0.9752114128115217, 0.9929241667823396, 0.9091220259491464, 0.9923581220572508, 0.996332578557799, 0.9899451190375628, 0.9878339672959586, 0.9988519653287171, 0.9968112513130567, 0.996870285131152, 0.9979684959165855, 0.9915602198896404, 0.9996345148464387, 0.9843649967181979, 0.999901923504221, 0.9987919367570932, 0.992670317266559, 0.9840379807345179, 0.9987609893648579, 0.9937988106631531, 0.9895660363961879, 0.9989571989656924, 0.999432593697015, 0.991205498948191, 0.9983502930463344, 0.9985238210695888, 0.9963552144917891, 0.9724383627441568, 0.9319124327694503, 0.9989413242884264, 0.9942031765820513, 0.8071242191131898, 0.96277144886761, 0.9898374368933196, 0.9748120966567593, 0.9998011068464169, 0.9942906876636025], [0.9822597827581757, 0.9614385752410601, 0.998675576109786, 0.9956897728923535, 0.9992447229255146, 0.9896944588524055, 0.9950134055251499, 0.9737809223590986, 0.9997545959957992, 1.0, 0.9919167816938999, 0.9716971134914443, 0.9951497874505668, 0.9939881008998896, 0.5824152386949737, 0.9958794361180816, 0.59137694365885, 0.9940097717642071, 0.9821724287195126, 0.8357165446741031, 0.9946577422659835, 0.9707670352893841, 0.7995140891600659, 0.9455355917178292, 0.9878321459652684, 0.8423190862405137, 0.6203829754737779, 0.7977831562264467, 0.9164211192787277, 0.8674829317079074, 0.9975933976354363, 0.9867159812317905, 0.9877370575921481, 0.9922429982146322, 0.9896565015861011, 0.9941884763768332, 0.9949498165148405, 0.9985726072371135, 0.991769327286268, 0.9930127319415736, 0.9817831921963895, 0.9951319292776379, 0.9827507559172961, 0.9868039853369659, 0.9906519056157033, 0.9879273997041821, 0.9947299547148196, 0.9834205840811122, 0.9827543228468765, 0.9978610143852422, 0.999371776043984, 0.9944954087447443, 0.9973739100700192, 0.9854615378410008, 0.9486439017459498, 0.983207993008649, 0.9769756077720873, 0.9914367359402851, 0.9169679363604466, 0.993603608910657, 0.9961417799508663, 0.9870511503121657, 0.9893277742605444, 0.9976736484989088, 0.9952378082109881, 0.995268172072815, 0.9988477588104858, 0.9906992439464924, 0.9989004994152778, 0.9874568746979491, 0.999603360872426, 0.9985332572267556, 0.9919150971856882, 0.9874816271721322, 0.9976472957373298, 0.9914710018986247, 0.9921217632602484, 0.9978437342953106, 0.9989478776661243, 0.9919708265544323, 0.9982732502987043, 0.9993007996887635, 0.9963976724867751, 0.9755246138520732, 0.9382965887704311, 0.9977535373960813, 0.9956716573860663, 0.8165414014445738, 0.9666375734423881, 0.9874799611163251, 0.9784830733118208, 0.9991388181941225, 0.9930055180652055], [0.9970130107439681, 0.9877278376982953, 0.988422738314904, 0.9866699139383737, 0.9881598278475674, 0.9984125115583432, 0.9989612153627416, 0.9900053566368701, 0.9897640005219785, 0.9919167816938999, 1.0, 0.9926780895923841, 0.9749147601901567, 0.9932380202208106, 0.6127370097196405, 0.9773724199251193, 0.5654082733919528, 0.9750249729847082, 0.9924859630712514, 0.891286365228176, 0.9755307255823162, 0.9817422218307057, 0.8626374554020959, 0.9724830086723639, 0.9964144369331451, 0.8969459232649584, 0.6962764149875741, 0.860680006791579, 0.9572859701387483, 0.9177972313321128, 0.9948986893986471, 0.9609161395753543, 0.9663897337236894, 0.9688964575819288, 0.9674206072585948, 0.9973479231495572, 0.9829894090853597, 0.9851196760183963, 0.9718657453579179, 0.972352049809484, 0.9555253879166663, 0.9792306170783203, 0.957661232596871, 0.9597778181289178, 0.9711749173152289, 0.9844708868774019, 0.9750557445408804, 0.989095756114893, 0.9557156464862531, 0.9847340343757516, 0.9929130463175698, 0.9742960240061057, 0.9920695390513738, 0.957325185097009, 0.9071266488492332, 0.9562102438699056, 0.9864199806095197, 0.9689571679747486, 0.9501761522022398, 0.9985175881369244, 0.9787464081650323, 0.9601010481185376, 0.9980410274266636, 0.985000135046505, 0.9755716379060717, 0.9754582439157672, 0.9964790053183412, 0.9668505269473826, 0.9884632045060884, 0.9990020693470154, 0.9886431800917007, 0.984699930466223, 0.969294955440152, 0.9971974981993764, 0.9827959049790331, 0.9681279134043097, 0.9980033342840138, 0.9861541466209431, 0.9854892026450444, 0.9953950156521428, 0.9911173222780846, 0.9908165574340013, 0.9949406044737414, 0.9940941071907198, 0.9712223845241299, 0.9825556880468826, 0.9858533037413788, 0.8733424176996956, 0.9553421598347409, 0.9597706655468652, 0.99579638577087, 0.9874114802485947, 0.9711904733028045], [0.995606694523661, 0.9936930137562028, 0.963859822504553, 0.9627720765404761, 0.9653230825421859, 0.9884336915995107, 0.987938035606472, 0.9970547745806299, 0.9670783060386938, 0.9716971134914443, 0.9926780895923841, 1.0, 0.9457046166918897, 0.9845919126471623, 0.6502589639567719, 0.9514063665769505, 0.5830615843418048, 0.9422667664171651, 0.9947582610638905, 0.938333430851932, 0.9434308078499813, 0.9864648383075821, 0.9119679772784968, 0.987359645148052, 0.9896670859976582, 0.9378379009217541, 0.7597090246841618, 0.9088663993041122, 0.9845061048765329, 0.9517949460763333, 0.9816654390912503, 0.923010097676163, 0.929423214290872, 0.9353736275984856, 0.9309219729100029, 0.9837328349602243, 0.9546773365893492, 0.9588540322073202, 0.9372168281252157, 0.9389002749719957, 0.9145525474080038, 0.9486683349271112, 0.9174259230347386, 0.9229156245991382, 0.9385793603261245, 0.9658987218693953, 0.9440198284769015, 0.9790534634956498, 0.9149550129908071, 0.9578253162484422, 0.9741807539667029, 0.942863954241062, 0.9741525086651394, 0.919937319896893, 0.8717738498807884, 0.9175131432870525, 0.9815997383423128, 0.938834302783237, 0.9726716641265105, 0.9873304917551255, 0.9542547275300937, 0.9221126550527915, 0.9893702998011129, 0.9583833423141725, 0.944495322867489, 0.9445404678252978, 0.9803038572837242, 0.9372120883007435, 0.9638658422373196, 0.9962978752106424, 0.9652324630770219, 0.9602088308677665, 0.9403001794026189, 0.9948928577295724, 0.9548288166077163, 0.9332904563928041, 0.9922441146120482, 0.9594537715819949, 0.9604662516250411, 0.9826484871963258, 0.9710297385971658, 0.9726483237306063, 0.976875849312667, 0.995643495617377, 0.9917603267600126, 0.9547367833788041, 0.9701696268547616, 0.9121034244521693, 0.9484855903615781, 0.923625173384536, 0.9986199079915962, 0.9627245795178958, 0.9416526120386375], [0.9594859725811145, 0.9318430773442449, 0.9956306051917361, 0.990014675738456, 0.9971845480853917, 0.9715408177600168, 0.9805302278730412, 0.9523526130281514, 0.9961861978947029, 0.9951497874505668, 0.9749147601901567, 0.9457046166918897, 1.0, 0.9846711059647373, 0.5489743985174296, 0.9993002146232708, 0.6162799266858858, 0.9972401479975966, 0.9642630313560541, 0.7878342184111293, 0.9978999421365279, 0.9549473894875355, 0.7477152411485202, 0.9182230497420271, 0.9719717517230313, 0.7965750525820898, 0.5653538064756375, 0.7465831887852337, 0.8771187414590417, 0.8242610417599112, 0.9895405060547986, 0.9945350235830728, 0.9919107332162005, 0.9989754667590142, 0.9950707603915806, 0.979826939031148, 0.9918371181998952, 0.9974524354526807, 0.9957370082747732, 0.9971247015093917, 0.9897104017557394, 0.9953686851253702, 0.9897087700547249, 0.9957215187506212, 0.9929357021420602, 0.97711763953227, 0.9980875793564457, 0.9658891947917424, 0.9915171344388061, 0.99706745559846, 0.9927604993971655, 0.9983468143244265, 0.9916335900555338, 0.9952609479322796, 0.9718681959610398, 0.9914521343621944, 0.9566255104169819, 0.9968751977420769, 0.8864911458824623, 0.9781117578613183, 0.9986450625164065, 0.9964039411032721, 0.9707903358450571, 0.995491482599716, 0.9992882523685758, 0.9991736584706575, 0.9898699801456994, 0.9988324636507329, 0.9953772073643072, 0.9684473072472666, 0.9969784899922242, 0.9986101671246705, 0.999151295338256, 0.9704753104704629, 0.9980099031401433, 0.9980768645043312, 0.9766040521928998, 0.9953817719767938, 0.9983923335788263, 0.9769227385045873, 0.9917200150919903, 0.9950212624541864, 0.985499783794324, 0.949742101699317, 0.9031594914151173, 0.9979297244368956, 0.9928898537266586, 0.7706258887203294, 0.9679255819997903, 0.9977316372765213, 0.9543707318909511, 0.9966749837458697, 0.9982456766108843], [0.9858407305607924, 0.9697033789927079, 0.9884545213667468, 0.9829482715674014, 0.9922357367962247, 0.9861503574975012, 0.9931378740823504, 0.9904556639864235, 0.9913725014586975, 0.9939881008998896, 0.9932380202208106, 0.9845919126471623, 0.9846711059647373, 1.0, 0.603568566207999, 0.9884706766295784, 0.6414618678091735, 0.9772622410964145, 0.9950628377164834, 0.878341175338327, 0.9787254021101187, 0.9895404239886274, 0.8413489786487058, 0.9679212023857633, 0.9916089471373318, 0.8801330322823979, 0.6714989891113627, 0.8388051140881129, 0.9430335754560251, 0.8993278305095294, 0.9987264311795755, 0.9657773511236095, 0.965249979912268, 0.9770602453472537, 0.9692086653616985, 0.9886775671085243, 0.9786190088223271, 0.9871643775918015, 0.9730271246831235, 0.9756491286845128, 0.9565157867447149, 0.9786136894854024, 0.9577286137054919, 0.9681160915528086, 0.9722105649418681, 0.9771136447037201, 0.9800116178039975, 0.9785504897471136, 0.9586027716831703, 0.9862612148860503, 0.9935523862903023, 0.9796831970165889, 0.9944292239877074, 0.9666792061783227, 0.9422320842379572, 0.9609717019801505, 0.9763721579305666, 0.9791252766510512, 0.9462128352361987, 0.990497386567742, 0.9899168097635903, 0.9676319959255775, 0.9868569768320011, 0.9846407295492483, 0.9815311970278933, 0.9814672687943569, 0.9951284522974748, 0.9821547515880004, 0.9878338554008999, 0.9934229241385357, 0.9911211680127245, 0.9909374322731908, 0.9836538912280561, 0.99586258803175, 0.985394425834422, 0.974377577460382, 0.9963670541092533, 0.9848727357616711, 0.9899810746930118, 0.9865638346704994, 0.9903367285184068, 0.9964725676393784, 0.987799467295631, 0.980209990086975, 0.9593273565759513, 0.9852186604521755, 0.9972246069560631, 0.8510166076620289, 0.982777809713963, 0.9713279300692514, 0.9867241266990323, 0.9887923987824845, 0.9816319959311743], [0.6590469240794838, 0.606694214579901, 0.5531433586295007, 0.6143687750586568, 0.5569883911801308, 0.6144639920760604, 0.6224592566123589, 0.6331995841263233, 0.5774791758256022, 0.5824152386949737, 0.6127370097196405, 0.6502589639567719, 0.5489743985174296, 0.603568566207999, 1.0, 0.570472998707598, 0.5234335354901147, 0.5410015006927673, 0.6524150486186633, 0.706066839124514, 0.549776532800354, 0.5806229038312003, 0.6413046619150937, 0.5790834276499175, 0.5626156777861466, 0.6100888964850477, 0.5335781127054293, 0.6190122081786789, 0.6771670661221326, 0.5926162524206754, 0.5828119667783077, 0.5533744230640928, 0.5511932554598966, 0.5470590740159453, 0.5376199241536088, 0.623188767455678, 0.5814175956392005, 0.5713174654086929, 0.529805214269846, 0.5568689557020841, 0.5422306785782994, 0.5677648735535921, 0.5455905399711376, 0.5604132877964382, 0.5923855380176187, 0.6672464610676082, 0.5707652428848609, 0.6887848101258924, 0.5380903057810408, 0.5449611886579956, 0.6060176156351985, 0.566625351256485, 0.5461977824510984, 0.5601024486066598, 0.5286422248870573, 0.570787614736608, 0.7139271152669762, 0.5922665345449046, 0.5656057664313486, 0.627516940300234, 0.5796376733270874, 0.5339244743212905, 0.6383431367152171, 0.5824523101012047, 0.5454275672298505, 0.5562364358104048, 0.582617900460103, 0.5431310299449186, 0.575505163169197, 0.613286642718645, 0.5686470139135964, 0.5541900878035747, 0.5412475391143461, 0.602061407498965, 0.5495177530606739, 0.5417130473364551, 0.6402978406964758, 0.5611104781514489, 0.56078787376631, 0.6467795290047351, 0.6157001341529504, 0.5905189125060387, 0.6089525720322856, 0.6723034803954184, 0.7169005953075942, 0.5679891826578267, 0.5991068154221649, 0.5420057553116104, 0.578681299252697, 0.5394969441247508, 0.6606625269710733, 0.5772138425974356, 0.5825304123866525], [0.9637876883693657, 0.93448305766003, 0.9944361110145161, 0.9904952689477255, 0.9969305594370472, 0.9729096458005246, 0.982904708908795, 0.9586003029346984, 0.9963185291095042, 0.9958794361180816, 0.9773724199251193, 0.9514063665769505, 0.9993002146232708, 0.9884706766295784, 0.570472998707598, 1.0, 0.6302043084906551, 0.9947133217462059, 0.9707618950475609, 0.8004902775250364, 0.9959022739770518, 0.9600537259811426, 0.7573092908350443, 0.9230584819350821, 0.9730630359521149, 0.8045178612226959, 0.5726520116542504, 0.7551633481077842, 0.8857738270118904, 0.8303908730839351, 0.9915548118029189, 0.992019055693699, 0.9886401280322268, 0.9973506051548335, 0.9918079214251031, 0.9814525410131614, 0.9904481103598388, 0.9969024224165464, 0.9923976650957134, 0.9951814309210703, 0.9858242290482983, 0.9936931758826284, 0.985921652342493, 0.9940761630965935, 0.9920214849803757, 0.9796878137886423, 0.9972059042763977, 0.9700168026901932, 0.9877812963659558, 0.9954494363522135, 0.9943207707694512, 0.9973236245550067, 0.9915017966090249, 0.9936643583268163, 0.9729717325356535, 0.9893965093343132, 0.9624456562163266, 0.9975723022907372, 0.8920396453974078, 0.9803328417491651, 0.9998866065756048, 0.9935761189594753, 0.9733161860276581, 0.9949404616879166, 0.9976720671354198, 0.9979573245555189, 0.9907359107693358, 0.9986223936037539, 0.9948521316447612, 0.971763329630625, 0.9968201985312839, 0.9983102773589816, 0.9988443656468089, 0.9740468854983899, 0.9965372452453087, 0.9958120139668261, 0.9809363441845119, 0.9939628061435437, 0.9980012060366994, 0.979458784586688, 0.993215304506033, 0.9968207877676825, 0.9861918688842825, 0.9545554443575778, 0.9125336777378033, 0.9971195344726385, 0.9961275421945395, 0.7751396889307602, 0.9739312868195462, 0.9959180537978862, 0.9596360881916044, 0.9964701940697299, 0.9987357776665021], [0.5480277910206776, 0.522607655663405, 0.5712726759114031, 0.5468313857241539, 0.5983582074867412, 0.5271064606355045, 0.562802134169047, 0.6331732476063827, 0.5834280305124562, 0.59137694365885, 0.5654082733919528, 0.5830615843418048, 0.6162799266858858, 0.6414618678091735, 0.5234335354901147, 0.6302043084906551, 1.0, 0.5651915487061594, 0.6358367637117021, 0.6053151268012045, 0.5718412529984677, 0.6725751946662136, 0.5566856321590407, 0.6175567359884849, 0.5797919390616009, 0.5765170243945332, 0.5279141852053689, 0.551587377335922, 0.5760762692418203, 0.5590997407767933, 0.6164419713163033, 0.5662321684684106, 0.5341312224746916, 0.5968379368683308, 0.5533262442245614, 0.5403554818805754, 0.534947152142317, 0.5780036820736476, 0.5548368321849144, 0.5685822462869432, 0.5364458353556207, 0.552392001787263, 0.532828507743809, 0.5882190965770138, 0.5548062513748755, 0.5327120251453625, 0.5831776288803278, 0.5309646759249846, 0.5483402074159678, 0.5749176100139932, 0.5849226592489487, 0.5849569633015564, 0.5995795402526118, 0.5925712963609597, 0.7378182620532336, 0.5619840780290826, 0.5423702057103477, 0.6131675559770536, 0.6313921484879875, 0.5491195108647512, 0.633450408422231, 0.5826403983882616, 0.5347707356726503, 0.562491548390255, 0.5904603665455331, 0.5904855527016709, 0.5803689291681133, 0.6464846831581373, 0.5661578394441957, 0.5813430261415915, 0.5872904609093854, 0.6071025093964122, 0.6428952460351536, 0.6073478577683271, 0.578413749928415, 0.5829806702595624, 0.5969049814092042, 0.5582621575964971, 0.5955828716539893, 0.5394365540839633, 0.5728744112731339, 0.6159673850316214, 0.5406314869787308, 0.5364886971431757, 0.5781266264522231, 0.5780812562547006, 0.6530183860387375, 0.5372380883905532, 0.758965582746103, 0.6097481090412302, 0.5684987356387283, 0.5775076118254034, 0.6170139839884815], [0.9603993877836967, 0.9348334318359415, 0.997083850949001, 0.9933982135477744, 0.9957263224428572, 0.9757122048649333, 0.9811771783149161, 0.9440039764210839, 0.9960868440722057, 0.9940097717642071, 0.9750249729847082, 0.9422667664171651, 0.9972401479975966, 0.9772622410964145, 0.5410015006927673, 0.9947133217462059, 0.5651915487061594, 1.0, 0.9560079161455757, 0.776562954906326, 0.9998749347087548, 0.9431341468582255, 0.7411645275324449, 0.9108261942171183, 0.9708893500114156, 0.789536188020523, 0.5588341674066571, 0.7407843686630272, 0.8717890916435898, 0.8200385677673797, 0.9852507055009345, 0.9974110824238523, 0.9980015743992331, 0.9985130568047471, 0.9993024409700639, 0.9829467952253579, 0.9970205205641385, 0.9982235282767491, 0.9997533800204836, 0.9994642078399997, 0.9958732537606285, 0.9990671174097272, 0.9961679237182439, 0.996228692035492, 0.9963069879921858, 0.9809991214711447, 0.9986697233776343, 0.9690315919236941, 0.9964993647409759, 0.9983901611385553, 0.9919707374242294, 0.9988078594593981, 0.9897057880121359, 0.9953519707698733, 0.9567527148544616, 0.9946443528183022, 0.9579070049647911, 0.9941305429796545, 0.8767647705194515, 0.9801039650003678, 0.9935443827601462, 0.9977697146233986, 0.9738942644542803, 0.9977708813814081, 0.9993297864952152, 0.9991197707171131, 0.9895018735242531, 0.9930198522740268, 0.9971895267220655, 0.9664968947134711, 0.9966092598049194, 0.996408790708145, 0.993682319078731, 0.9659352316578831, 0.9990264664622979, 0.9991573136422615, 0.9731863926981994, 0.9982587309169426, 0.9973608852457487, 0.9798583513453885, 0.9921762070505438, 0.991147057051146, 0.9890900434664205, 0.9513931573220998, 0.8981793702295983, 0.9988320938772399, 0.9849354974739097, 0.767889132637861, 0.9482335898019851, 0.9961593639727452, 0.9527960748859912, 0.9973325289321544, 0.9951576628694345], [0.991940375373787, 0.9790790448553959, 0.9730551922020305, 0.9718997903779508, 0.9771627364724969, 0.9851398117122008, 0.9904915429308203, 0.997728201130705, 0.9779646081814974, 0.9821724287195126, 0.9924859630712514, 0.9947582610638905, 0.9642630313560541, 0.9950628377164834, 0.6524150486186633, 0.9707618950475609, 0.6358367637117021, 0.9560079161455757, 1.0, 0.9166610726860441, 0.9580921689337327, 0.9911992045914041, 0.8797737748506567, 0.9783036825748481, 0.9882400914169889, 0.9107387732720313, 0.7147677627441168, 0.8755621171176359, 0.967959965502319, 0.9251790724840113, 0.9906545502405124, 0.9416314447236005, 0.942833171723888, 0.9543988032448965, 0.9457241435877852, 0.9851751210165979, 0.9634520497868408, 0.9712627104776859, 0.9503449230098016, 0.9545777817545988, 0.9308820123688647, 0.9606197917049901, 0.9328902509224046, 0.9441869643807799, 0.95396113312469, 0.9727254612767751, 0.9606909292085362, 0.9809743883462786, 0.9324638355315096, 0.9687546404391509, 0.9841266730582674, 0.9598278073463917, 0.9820675526115967, 0.9422170390226539, 0.9120562657812091, 0.9373005138031221, 0.9830747594554596, 0.9603334147670929, 0.9604472530167871, 0.9884995580238451, 0.9735207452395948, 0.9418641891303807, 0.9876004817557922, 0.9696294924470525, 0.9606716913693369, 0.9612416213544541, 0.9864375485681426, 0.96003047142568, 0.9736979412612333, 0.9951768202064156, 0.9766511304154525, 0.9742915751140434, 0.9620052735961533, 0.9963580599859269, 0.9672714012466792, 0.9510943500369462, 0.9968257011321566, 0.9689208200099364, 0.9737358692046383, 0.9848256986983315, 0.9809285525541669, 0.9854999035968486, 0.9806202224262976, 0.9893526546211394, 0.9817011438512557, 0.9681110026730387, 0.9869338495153359, 0.8782853114609062, 0.9733470226901061, 0.9460478540594794, 0.994953715972225, 0.9742545410662518, 0.9626140049353182], [0.9089428819106992, 0.9339985384072582, 0.81868265240945, 0.8163147394277652, 0.8239107643974053, 0.8808734612180875, 0.8755023988943864, 0.9344258350671748, 0.8249608164277422, 0.8357165446741031, 0.891286365228176, 0.938333430851932, 0.7878342184111293, 0.878341175338327, 0.706066839124514, 0.8004902775250364, 0.6053151268012045, 0.776562954906326, 0.9166610726860441, 1.0, 0.7786946501091818, 0.9206357482721222, 0.9904319719353697, 0.9539432498480875, 0.8934301401748816, 0.9888057484571442, 0.9104792636025296, 0.9860671682924833, 0.983160949386956, 0.9819200247692337, 0.8643711880645194, 0.7436426137503763, 0.7532522128084262, 0.7668108118695488, 0.7562253250237113, 0.8648341249244978, 0.7988165102280446, 0.8077569325360539, 0.7676874673416044, 0.7703564441307048, 0.7289802060326588, 0.7872368677534605, 0.7335570661574877, 0.7454364636181618, 0.7706486244906587, 0.8317953653796598, 0.7805323600238407, 0.8672834006472727, 0.7298377737427716, 0.8068933076532575, 0.8408936033601131, 0.7785762151339846, 0.846993577673929, 0.741166842239798, 0.7030095014603116, 0.7354708370451986, 0.8830030500546674, 0.776265392798527, 0.9646693814231028, 0.8746119481883672, 0.806613268341636, 0.743411726218596, 0.8836693257148971, 0.806060145890489, 0.7823386405212078, 0.7820963228047055, 0.8556364158515677, 0.7786012733233345, 0.8171978898125519, 0.9076760554615585, 0.821679180740413, 0.8144347566715238, 0.783446691816187, 0.9075456660846664, 0.8006967877329974, 0.7619290613912615, 0.8925784387728372, 0.8083707208567559, 0.8129988958834978, 0.8648925732450747, 0.8338566993227393, 0.8412709208585852, 0.8465583184601907, 0.9173303144532448, 0.9664666467712791, 0.7997816113131925, 0.8447091469440864, 0.9664225874042858, 0.8503190119737453, 0.7489112038798186, 0.9234126796717181, 0.8154316453972422, 0.7809924373271738], [0.9614558172641479, 0.9343334664150367, 0.9969941379322534, 0.9941935984343635, 0.9960503058676325, 0.9757946163212943, 0.9819469995200478, 0.9455501857531077, 0.9966015003858428, 0.9946577422659835, 0.9755307255823162, 0.9434308078499813, 0.9978999421365279, 0.9787254021101187, 0.549776532800354, 0.9959022739770518, 0.5718412529984677, 0.9998749347087548, 0.9580921689337327, 0.7786946501091818, 1.0, 0.9442819488490637, 0.7414102656098425, 0.9109535031207596, 0.9705907191010901, 0.789456838963845, 0.5570854897066703, 0.740550176223233, 0.8730732378185793, 0.8194249035166751, 0.9860557949970756, 0.9977686618132199, 0.9978076657330283, 0.9990104760453309, 0.9990857575586418, 0.9834942691375295, 0.9971223718552931, 0.9986595773883412, 0.9993253356851257, 0.9997409516605384, 0.9957001099360359, 0.9992199044793364, 0.9959798675128257, 0.9970160173553047, 0.99709124016424, 0.9825347193885859, 0.9993521825540908, 0.9707239690756464, 0.9964029718247356, 0.99827011749704, 0.9929592258629043, 0.9994466531714303, 0.9896757279237895, 0.9962222766510728, 0.9592635220911854, 0.9953419642170904, 0.9601437276258865, 0.9956792072556746, 0.876740399036336, 0.9807906119778986, 0.9949168157022434, 0.9979720170352562, 0.9745337529524563, 0.998223850221877, 0.9996011371997968, 0.9996061177465294, 0.989865455814464, 0.9940438512278058, 0.9974800797582282, 0.9671205407290626, 0.9970256128183852, 0.9968630535478747, 0.9945866635038392, 0.9666973286749565, 0.9990868367504061, 0.9993915518275112, 0.9746609121301828, 0.9982170201620583, 0.9977961202104928, 0.9808573239134888, 0.9932373189401711, 0.9922558281397122, 0.989486201276799, 0.9524933608838663, 0.9003917443861911, 0.999258131117142, 0.9867006339983402, 0.7660764096198143, 0.9510158247899346, 0.9968078322751459, 0.9540672097310381, 0.9978254470849508, 0.9965353729117435], [0.9745953483395055, 0.9749721755140627, 0.9635216993363956, 0.9491859159879643, 0.969490581143265, 0.9701617990897555, 0.9753567025998646, 0.9954743251112145, 0.9655016212906449, 0.9707670352893841, 0.9817422218307057, 0.9864648383075821, 0.9549473894875355, 0.9895404239886274, 0.5806229038312003, 0.9600537259811426, 0.6725751946662136, 0.9431341468582255, 0.9911992045914041, 0.9206357482721222, 0.9442819488490637, 1.0, 0.894483929088759, 0.9902814655206031, 0.9885292204721379, 0.9284140112263393, 0.7537784353020474, 0.8936418446573425, 0.9653529278802836, 0.941567085876325, 0.9850088814838365, 0.9228344908036036, 0.9233319296289833, 0.9415265309249918, 0.9303361945185948, 0.9669583409486375, 0.9437653945491866, 0.9573807522546476, 0.9378464769836987, 0.9382593506250491, 0.9105464533645957, 0.9431628211480625, 0.9121884816302441, 0.9258805777563203, 0.9303068244413093, 0.941951351157724, 0.9440199807225893, 0.9512159503442665, 0.913771401590437, 0.9595125424156461, 0.9686136862032599, 0.9438166313232698, 0.9797424037442929, 0.923837940843318, 0.908313909090932, 0.9142011113709234, 0.9521517422752097, 0.9415444068991365, 0.9800531306754083, 0.9714601215057468, 0.9621283022226438, 0.9277989921863712, 0.9691302249848193, 0.9524248791111168, 0.9494318640225388, 0.9479556447757153, 0.9769692145362757, 0.9531524492800334, 0.9594158802728038, 0.9880731774221685, 0.9656861626985636, 0.9665708165291085, 0.955751720317412, 0.