"[[1.0, 0.0, 0.04395594299269945, 0.00573137971113713, 0.0, 0.0, 0.29214569840895854, 0.02062949066991593, 0.0, 0.0, 0.034193013719839405, 0.0, 0.021322388366938227, 0.017780235602308347, 0.0, 0.0, 0.0, 0.0, 0.0, 0.0, 0.0, 0.0, 0.0, 0.0, 0.0, 0.0, 0.0, 0.0, 0.0, 0.0, 0.0, 0.0, 0.0, 0.0, 0.008763721893225496, 0.08551501662135264, 0.008716148209635288, 0.0, 0.0, 0.0, 0.0, 0.06067540398099125, 0.0, 0.005249958515547659, 0.0, 0.0, 0.21785444322130343, 0.0, 0.0, 0.0, 0.0, 0.15993011728156825, 0.0, 0.0, 0.0, 0.0, 0.3519278826939789, 0.0, 0.0, 0.11691020625728821, 0.0, 0.0, 0.0, 0.015398794659860826, 0.019982417010223408, 0.0, 0.0, 0.0, 0.0, 0.0, 0.0, 0.0, 0.0, 0.0, 0.0, 0.0, 0.013909982932881482, 0.1010273928492933, 0.028702897306355335, 0.14743098077218963, 0.0, 0.004014566237353745, 0.0, 0.20754386878727116, 0.0, 0.07662002491207665, 0.0, 0.0, 0.0, 0.0, 0.2577341917425837, 0.0, 0.0], [0.0, 1.0, 0.3533832868761828, 0.33559060591640133, 0.0, 0.0, 0.21913038381559835, 0.0, 0.40567130536976737, 0.0, 0.0, 0.0, 0.055561720560682315, 0.0, 0.0, 0.29338890164816234, 0.0, 0.01815963098865825, 0.0, 0.0, 0.0, 0.0, 0.0, 0.0, 0.0, 0.0, 0.0, 0.0, 0.0, 0.0, 0.0, 0.0, 0.0, 0.050548499001706326, 0.0, 0.19224728953467718, 0.1921323266025987, 0.0, 0.0, 0.0, 0.0, 0.0, 0.0, 0.0, 0.0, 0.0, 0.08811199875219966, 0.0, 0.0, 0.02899101201639287, 0.0, 0.003994639168677039, 0.0, 0.0, 0.0, 0.0, 0.03809477531145222, 0.0, 0.0, 0.028017704279391986, 0.0, 0.0, 0.32296254656046264, 0.0, 0.0, 0.0, 0.0, 0.0, 0.0, 0.0, 0.10555653898862594, 0.0, 0.0, 0.0, 0.0984554312688829, 0.0, 0.04740249229297633, 0.07427311857867902, 0.17214206828876177, 0.007886647932140889, 0.0, 0.0, 0.0, 0.0, 0.012632473379526443, 0.0, 0.0, 0.0, 0.0, 0.0, 0.21532703449739676, 0.0, 0.0], [0.04395594299269945, 0.3533832868761828, 1.0, 0.22178995569138438, 0.7644442229937737, 0.11446160993628685, 0.7662972988498513, 0.052305172295928015, 0.9158976629490632, 0.7027290747867297, 0.1181882388851162, 0.0, 0.7348443210705211, 0.20095885596708785, 0.0, 0.9328111735089063, 0.0, 0.7123323821662229, 0.5686214695533417, 0.0, 0.6370381250897041, 0.0, 0.0, 0.06617749078683965, 0.1648263112921733, 0.0, 0.0, 0.0, 0.0, 0.0, 0.0, 0.6182975919265583, 0.2177200305022421, 0.7032369090221344, 0.13442246071130937, 0.10475125585656753, 0.07649774333113257, 0.22803471494579952, 0.015610967202690507, 0.6480320050464023, 0.0022220481697737826, 0.5353806806914435, 0.05273673510141941, 0.5082894392385112, 0.0, 0.13032091524201883, 0.6357020039205141, 0.0, 0.013026641735919053, 0.1598105111699315, 0.02438123864257391, 0.7836385232289361, 0.6544676667745797, 0.06751980681148462, 0.0, 0.0, 0.03230651003553642, 0.0, 0.12273013734559435, 0.015322162398828887, 0.0, 0.0018570796782320098, 0.28341573298323297, 0.6898975682638856, 0.7559244186698869, 0.60808735191515, 0.6319932899685397, 0.47999639592976706, 0.6381077750125023, 0.18681843694354328, 0.8038094487370369, 0.6253383847515738, 0.5416653412890061, 0.0, 0.5607379257668451, 0.41744637608104584, 0.2895166020205753, 0.6345110050073385, 0.5741567105898382, 0.5419620146485952, 0.0502414805847039, 0.7142323558580532, 0.7301433349372144, 0.40575307002361194, 0.583543715697579, 0.789579206093646, 0.5820134683550299, 0.015744048236826624, 0.0, 0.0, 0.3918568079654423, 0.6832593639803428, 0.5839956478486267], [0.00573137971113713, 0.33559060591640133, 0.22178995569138438, 1.0, 0.04419926450321421, 0.1465392903475805, 0.167601870425663, 0.019015757902813735, 0.3456126257805363, 0.23280442196777484, 0.17722479403287972, 0.0, 0.12746116796478912, 0.04717461215991625, 0.05521664969393503, 0.1605420299168001, 0.0, 0.042595345252167016, 0.2856063406320608, 0.0342949221599157, 0.04166393626456166, 0.06320308031436628, 0.0, 0.016905111929594874, 0.0, 0.08556960391814883, 0.0, 0.060054798858682146, 0.0, 0.0, 0.00896639610820471, 0.22303040123385265, 0.5315397362200971, 0.3855647867875165, 0.5420166330204683, 0.5778800537056895, 0.5953518243558057, 0.7584554082219803, 0.5357430673483432, 0.14911670924314768, 0.5475942104856837, 0.5739600431147275, 0.5613532303317949, 0.32911770124898654, 0.0425848285348579, 0.2396762615622443, 0.43991447522918214, 0.0, 0.5507320855940963, 0.4464605121678751, 0.00913372544156077, 0.12892209302298874, 0.05892893255269127, 0.5334201088100153, 0.0, 0.00031833848348239435, 0.03675377363719956, 0.025841634116598566, 0.03642092603757208, 0.13269065463836405, 0.0, 0.4614265029279956, 0.4668455246163439, 0.1811072807131784, 0.05455452607263234, 0.4801389759997078, 0.2908127104204259, 0.22413415372951828, 0.23879268253981933, 0.24265976995584093, 0.24791188054591506, 0.417656233270592, 0.32476764258295376, 0.0, 0.5383585378222587, 0.11312292230196819, 0.22171515495237437, 0.3603615098576567, 0.48926999238915836, 0.07408345466662913, 0.7367755615875565, 0.06943317564215257, 0.048509444944689006, 0.061748661619209444, 0.04791151961953222, 0.27900869433601727, 0.03899679262810096, 8.44992008737222e-05, 0.0, 0.04392209163048255, 0.14780650783161198, 0.1465331986795516, 0.043677911493424926], [0.0, 0.0, 0.7644442229937737, 0.04419926450321421, 1.0, 0.0, 0.827973856858922, 0.07335396762200719, 0.847873521186957, 0.9376581649945197, 0.0064133636227697854, 0.04813709346527806, 0.9676861805647432, 0.33000515845449685, 0.0, 0.8110071588450656, 0.012780859495131303, 0.9724764488213388, 0.1347784129216314, 0.0, 0.7774085028266595, 0.03917304910232533, 0.024174278294022855, 0.04202510263849579, 0.052776658616208616, 0.0, 0.11092438050057407, 0.0, 0.0, 0.0, 0.05928617402271019, 0.8641664028022672, 0.30026131405774037, 0.8287241161278035, 0.1771458408583506, 0.01747932404561625, 0.0010148933958460393, 0.3035724533559925, 0.02561445553516284, 0.856407861426295, 0.0014110810381615657, 0.7150732831621635, 0.07674619922149306, 0.7103559500215336, 0.0, 0.18380220419967608, 0.7846952482483596, 0.0, 0.003611357458619069, 0.1968980171803052, 0.15560122739705484, 0.905687159012762, 0.9389156666456004, 0.11594077614602893, 0.038054821671512085, 0.0, 0.08724012359850308, 0.11560189512578423, 0.039659068515744966, 0.11404421638609974, 0.11804413365182465, 0.06506961739218764, 0.090390672415125, 0.9288032035149192, 0.9589880865604274, 0.7811346451583449, 0.8664665216443361, 0.6867423091303574, 0.8383519316511147, 0.21954481394010772, 0.9149358365835533, 0.8260639864724136, 0.7327678589573003, 0.0, 0.6852899743168098, 0.5643530278107851, 0.3629099698801296, 0.7891957406027327, 0.7031360588703583, 0.73255886585887, 0.0, 0.6932605474490321, 0.7376804502486977, 0.5427399369704379, 0.13346108211356467, 0.6495044575187939, 0.12941931748890223, 0.000179247972074692, 0.0, 0.0, 0.21869562582125734, 0.7144986003540628, 0.7190347844282907], [0.0, 0.0, 0.11446160993628685, 0.1465392903475805, 0.0, 1.0, 0.08874972363208833, 0.016595117367308565, 0.05091834777214199, 4.885679880728411e-05, 0.9946889442334119, 0.0, 0.02695493618370992, 0.00269576645761771, 0.0, 0.06441797675750682, 0.0, 0.0, 0.0, 0.020127377179179118, 0.0013133593403488186, 0.0, 0.0, 0.0, 0.0, 0.0, 0.0, 0.0, 0.0, 0.0, 0.0, 0.03298335553695664, 0.07392229296966168, 0.0023047646044113135, 0.00015174501604475754, 0.1799439179428718, 0.06671493058886235, 0.0024159057307462373, 0.0002893047370899904, 0.0024471781970148987, 0.0, 4.852504131958035e-06, 0.00042693641260826976, 0.0035909781932439433, 0.0, 0.00014836329091660883, 0.31012579456917244, 0.0, 0.0011445551529979392, 0.00138714841801435, 0.0, 0.00383316015550339, 0.0, 0.01596480246330323, 0.0, 0.007832830778694011, 0.019936522787943223, 0.0016188215726409272, 0.0005841668941688472, 0.002224703243302706, 0.0, 0.0008769221343684075, 0.6928722493155733, 0.0009324397957117814, 0.03105174237673103, 0.0030358110017447704, 0.0006544236903945899, 0.005575113694566425, 0.0015713592626149797, 0.11382097022875148, 0.0006656212037755571, 0.029516408855176812, 0.0037035975399859478, 0.0, 5.3277480641988895e-05, 0.007731927912672298, 0.034763242223498914, 0.17244500055777778, 0.0017199409854125047, 0.0809985199737353, 0.0, 0.0, 0.0032196428416790823, 0.0031155315771554948, 0.000607005242132308, 0.00501614795061589, 0.0, 4.9591810688309756e-05, 0.0, 0.011345915443652821, 0.010115682054752662, 0.03161172628404152, 0.0027834158222060923], [0.29214569840895854, 0.21913038381559835, 0.7662972988498513, 0.167601870425663, 0.827973856858922, 0.08874972363208833, 1.0, 0.1963970365372778, 0.8104024319920885, 0.7930946575181963, 0.09435753462598462, 0.0, 0.8398904357129613, 0.29687673909652235, 0.10895264164541296, 0.7759043486179579, 0.0, 0.8277390116190892, 0.13189304394290335, 0.1680638992262109, 0.5972726744007438, 0.0, 0.23282755063687022, 0.03536451955114017, 0.10921705504080736, 0.11114604486995316, 0.03221744115167924, 0.0293259313610178, 0.0, 0.04821760944562303, 0.0, 0.7570632957322546, 0.2915297449141523, 0.7436328523130119, 0.20320945316755135, 0.21563201302873503, 0.12665850158453695, 0.3546427122831539, 0.0593141675153015, 0.7977904280694881, 0.04224885539065182, 0.6729812302751682, 0.11383207807573559, 0.6693349709197788, 0.0, 0.2848691245510193, 0.7791942279214209, 0.11013829191547697, 0.05234195285486454, 0.28573634583697394, 0.02868808577385451, 0.7922386751893499, 0.7935228567434721, 0.13271311807974195, 0.0, 0.11706811776095272, 0.2266211219778137, 0.023741403065351552, 0.13353103276351797, 0.09825276806021543, 0.0, 0.04120988131158709, 0.29749410944148025, 0.834007477386209, 0.8198871431391677, 0.7047447135084484, 0.7881612287448709, 0.6412449339357044, 0.7959620380709054, 0.3701850294160849, 0.8240375083315771, 0.7433360996285618, 0.6650731564045356, 0.10837643357916449, 0.6494005049256808, 0.5328046948388642, 0.48980381973448806, 0.7717973985657888, 0.6787732308988633, 0.8208800132477061, 0.0, 0.5753450373290374, 0.6058791977871438, 0.7366513399930701, 0.157866604789777, 0.5999401748867496, 0.12522552319599023, 0.09918736810294615, 0.0, 0.0, 0.4791600796106714, 0.6840628443944825, 0.5536772668399891], [0.02062949066991593, 0.0, 0.052305172295928015, 0.019015757902813735, 0.07335396762200719, 0.016595117367308565, 0.1963970365372778, 1.0, 0.07318404007212598, 0.14758651530101852, 0.020932532704441953, 0.06380390490702414, 0.10732758839873402, 0.1142225168752461, 0.019002281065947035, 0.06786056030345611, 0.028276595717630193, 0.06644004407958293, 0.008035247077407659, 0.06368062681807585, 0.054448686064528795, 0.036169788726876484, 0.009998340534255079, 0.012979654317485823, 0.0, 0.09526305833313176, 0.023639351692492094, 0.0032534234034842235, 0.0, 0.0, 0.0, 0.058827858575839054, 0.025993485101763913, 0.06555906907533615, 0.06614835105032668, 0.033421955800340464, 0.004007226611359771, 0.038133163541607784, 0.008158539179844215, 0.05895044750990941, 0.00164134812941219, 0.12236652954853822, 0.02189124208155857, 0.050704939132954596, 0.0, 0.01539369225578835, 0.066071078654376, 0.0, 0.0938847869908307, 0.736596664462436, 0.0037642959219182925, 0.06359835074416964, 0.07100973259798771, 0.00909569953012157, 0.0, 0.0, 0.09658658822701349, 0.00024550417849755757, 0.005194479341952496, 0.17373915617992086, 0.0001807104173213725, 0.0050867949885462505, 0.1982741972261417, 0.14974242718704733, 0.06959191784093, 0.3194742411046184, 0.30871553737543234, 0.49936595590210375, 0.412222286043171, 0.9172107060341822, 0.26463880123934014, 0.16244722053926264, 0.4346483754095367, 0.9871130580185311, 0.45770579038685466, 0.465680138662498, 0.8381091364536909, 0.38715681758686404, 0.38372138935067124, 0.0942634778822734, 0.0, 0.08076258573690354, 0.07218767863224906, 0.07777935319363571, 0.009559625428207097, 0.04392593241734388, 0.004059185263825094, 0.0016206577894548602, 0.0, 0.0, 0.3497748781449397, 0.3529682182283075, 0.043710441460062865], [0.0, 0.40567130536976737, 0.9158976629490632, 0.3456126257805363, 0.847873521186957, 0.05091834777214199, 0.8104024319920885, 0.07318404007212598, 1.0, 0.8401234647302352, 0.06488769179986587, 0.138020575179997, 0.8404793475687019, 0.23788259106012766, 0.00514691977848436, 0.9040004202451466, 0.01534866969037052, 0.813590310513301, 0.3744784112326166, 0.040279869987776884, 0.6637855653131376, 0.10422472575158692, 0.0, 0.0, 0.0, 0.0, 0.07101368403136621, 0.0, 0.0, 0.0, 0.0, 0.7586011325774425, 0.33582562367146385, 0.802252352636731, 0.24610442913933928, 0.19257890245619913, 0.17649122808513673, 0.37996290582736736, 0.11149489500128507, 0.7434279631186557, 0.09963769793547794, 0.6914927974891649, 0.17172868041739842, 0.6533085580682202, 0.02911205774321224, 0.19377777604033697, 0.7489806992538282, 0.0, 0.11073897541678601, 0.2613170508600329, 0.0330713729698221, 0.7977612068100545, 0.7803482963288545, 0.17411665476246996, 0.0297722999610599, 0.0, 0.02593413122312438, 0.007640977245504166, 0.07017484079429148, 0.046476777864447594, 9.809046791808829e-05, 0.0903459820136161, 0.2921422826875364, 0.7936778952140593, 0.8388832371984106, 0.7447632874694029, 0.7466815660260734, 0.6056485652662145, 0.7408319362457966, 0.2417095664048703, 0.8883695116009716, 0.7620717890690447, 0.6675193907824437, 0.0, 0.6947123963026988, 0.5035857388261039, 0.3540789735953055, 0.7465823042581606, 0.7228838986165738, 0.6284603351373304, 0.12821323466602652, 0.7405298037758051, 0.7201966940894196, 0.46370884033369086, 0.34467696272894144, 0.740817818626148, 0.3382164461699888, 0.0006131923672566542, 0.0, 0.040643416479180794, 0.3877906454958966, 0.6993395326990691, 0.6063139463934886], [0.0, 0.0, 0.7027290747867297, 0.23280442196777484, 0.9376581649945197, 4.885679880728411e-05, 0.7930946575181963, 0.14758651530101852, 0.8401234647302352, 1.0, 0.027262411274446063, 0.1955404010523255, 0.9419021114313376, 0.29865105934827296, 0.028413579595933047, 0.7568608793941697, 0.03010627397732557, 0.9262886630786685, 0.15586282966835718, 0.0024273802976089165, 0.6760829892600428, 0.0, 0.029146030796455724, 0.07152762735255203, 0.0, 0.01388540339204225, 0.11413364253299196, 0.0, 0.055044379052897496, 0.0, 0.02797300056990537, 0.8142901867976257, 0.28126148590997935, 0.8095591107565275, 0.16796437496552297, 0.03364077460199688, 0.0016912226190086699, 0.38595413875584916, 0.01292458504764793, 0.8088541531480246, 0.002577406369672963, 0.7522078348522651, 0.09092450570728683, 0.6747230516408368, 0.0, 0.1811377719646714, 0.8158019470294766, 0.0, 0.01069532027396547, 0.2740846860025179, 0.04332944038768982, 0.8310532412711394, 0.8852785770900226, 0.09139239838250635, 0.0, 0.0, 0.02001854704395989, 0.006952939820668358, 0.022401174463266504, 0.0420165880355744, 0.00704976054067008, 0.010085392371767532, 0.11626507875669645, 0.9196103269568063, 0.917313460940258, 0.8797936755726719, 0.9142106218839912, 0.6932553400154331, 0.8610021532519319, 0.3471574263491022, 0.9268204808909433, 0.9173323750975042, 0.8147492341206347, 0.06725224751351622, 0.8194072656989143, 0.5759965798575233, 0.4755861215278585, 0.8588766863951444, 0.802199483348729, 0.7236748774266006, 0.26078072457531953, 0.7093100712130086, 0.6795488461870229, 0.5359828870509178, 0.07205714934712681, 0.6369326802883261, 0.06464791270341841, 0.0014008788779596992, 0.0, 0.0, 0.2584064679792699, 0.6687112766302191, 0.6124096750947663], [0.034193013719839405, 0.0, 0.1181882388851162, 0.17722479403287972, 0.0064133636227697854, 0.9946889442334119, 0.09435753462598462, 0.020932532704441953, 0.06488769179986587, 0.027262411274446063, 1.0, 0.07052305551499416, 0.03401691636201998, 0.04077434288433057, 0.0, 0.08175702046517996, 0.013090667892203367, 3.7289420704356147e-05, 0.015195008695772838, 0.0, 0.008995532898900427, 0.0, 0.0, 0.00895307912848986, 0.0, 0.0, 0.0, 0.0, 0.0, 0.0, 0.041747080030942185, 0.029865358708809575, 0.08421195043220064, 0.01641758758122369, 0.0010063884657190991, 0.1837147172349265, 0.06613713033905633, 0.02209464885658008, 0.0071073384839214215, 0.0008211519093554998, 0.00030061842561213137, 0.017147187258060526, 0.007396549871079294, 0.0013064886682562227, 0.0, 0.0, 0.33311609599775915, 0.0, 0.00040619890911985923, 0.009909362386947063, 0.0013298127744311161, 0.015214223024516471, 0.005962426441183166, 0.016082355449960395, 0.0, 0.0, 0.03133677085868536, 0.00011365631488857719, 0.0011812775561624855, 0.009070639723995688, 8.366000212467473e-05, 0.0022397480894422728, 0.6922302671110396, 0.012744499476089688, 0.03293226322859766, 0.024945948548544927, 0.017709764477517487, 0.005849342139587432, 0.01291436217916131, 0.12792733563162562, 0.010793336771719786, 0.058547813868961684, 0.020821282957577014, 0.0, 0.029618223385067144, 0.0032176213128221054, 0.04484239384518196, 0.19377970083577467, 0.02703606927769231, 0.07872535892675825, 0.04321642214467736, 0.03377021579134554, 0.020322783268322597, 0.01625257326371643, 0.00015707575641232818, 0.013131907759239447, 0.0, 0.00026260652182275024, 0.0, 0.0, 0.02812867384645701, 0.04155651514642633, 6.800880183432945e-05], [0.0, 0.0, 0.0, 0.0, 0.04813709346527806, 0.0, 0.0, 0.06380390490702414, 0.138020575179997, 0.1955404010523255, 0.07052305551499416, 1.0, 0.0, 0.0, 0.0, 0.17252108305406166, 0.0, 0.0, 0.0, 0.0, 0.1258545475311118, 0.0, 0.0, 0.0, 0.0, 0.0, 0.0, 0.0, 0.0, 0.0, 0.0, 0.0, 0.07895242262810942, 0.0, 0.0, 0.024768706473928925, 0.0, 0.0, 0.0, 0.0, 0.0, 0.03964795515587527, 0.0730948875520605, 0.0, 0.0, 0.0, 0.04812622730511562, 0.0, 0.0, 0.0, 0.0, 0.025619531139062235, 0.0, 0.0, 0.0, 0.0, 0.0, 0.0, 0.0, 0.07193572939238757, 0.0, 0.02867525582908803, 0.0, 0.0, 0.04428962395959257, 0.0, 0.0, 0.0, 0.0, 0.12389423043927039, 0.0, 0.0753691122704655, 0.0, 0.0, 0.03359803456897126, 0.0, 0.0, 0.0, 0.0, 0.0, 0.0, 0.4607294268086536, 0.288172188795786, 0.12426463448678726, 0.0, 0.0, 0.0, 0.0037236974476656526, 0.0, 0.0, 0.2738957487175854, 0.12501961893951752, 0.0], [0.021322388366938227, 0.055561720560682315, 0.7348443210705211, 0.12746116796478912, 0.9676861805647432, 0.02695493618370992, 0.8398904357129613, 0.10732758839873402, 0.8404793475687019, 0.9419021114313376, 0.03401691636201998, 0.0, 1.0, 0.31151788545776693, 0.0, 0.7941100805586871, 0.1187747816416852, 0.9819349434426025, 0.06123277565558305, 0.0, 0.6936334302195843, 0.03047412885932088, 0.0, 0.025301724287646654, 0.04570686191881257, 0.02115864343564955, 0.0, 0.0, 0.0, 0.03340610354541007, 0.022538615119435, 0.8710863581970368, 0.28725303395042867, 0.835493460216331, 0.1798563976993207, 0.04342093858857421, 0.019489674293804216, 0.33610209428078186, 0.015112578653836639, 0.8537932127231052, 0.0020161710196643368, 0.747189213242424, 0.07587980976450781, 0.7245651120378876, 0.0, 0.18347337889521975, 0.8250860903168629, 0.0, 0.009067181210146158, 0.2353494775972409, 0.07025075597098906, 0.8648503170096764, 0.9312745604527286, 0.1099681373486392, 0.0383223157924073, 0.0, 0.04292185088882838, 0.03506658902968529, 0.015324459084518738, 0.04272087997789531, 0.03600742822180314, 0.02048524821292841, 0.12198372699796367, 0.9495826944702985, 0.95579459316518, 0.8329324014472826, 0.8788331917987544, 0.7373704164585958, 0.865430815382448, 0.27024490162271797, 0.9262094809330909, 0.8791161030009023, 0.8112980685224158, 0.034860449886683575, 0.7550261474460923, 0.5908161196338567, 0.4235052772053287, 0.8480427095238716, 0.760701096501745, 0.7471401480842952, 0.08649036159935819, 0.6480569505548192, 0.6371068881422222, 0.5214765070889923, 0.0260211186578021, 0.6190305218023261, 0.024261198528851113, 0.0, 0.06057377229514216, 0.0, 0.18913893660777537, 0.6562747801828169, 0.675213575159559], [0.017780235602308347, 0.0, 0.20095885596708785, 0.04717461215991625, 0.33000515845449685, 0.00269576645761771, 0.29687673909652235, 0.1142225168752461, 0.23788259106012766, 0.29865105934827296, 0.04077434288433057, 0.0, 0.31151788545776693, 1.0, 0.018289888887577654, 0.3008222586255813, 0.06468918445139948, 0.27696865220983624, 0.034751819552199525, 0.11765583771217081, 0.18992728131012515, 0.04985470174358364, 0.030543115579636293, 0.03696659716539841, 0.009282524871320197, 0.15804328446620375, 0.0, 0.014672044616173885, 0.02268165142734191, 0.058679320777527466, 0.9288351401633018, 0.25619531002366247, 0.21245984249562178, 0.44147708439424893, 0.07816220548190922, 0.07472160607908829, 0.017394101189304734, 0.22823762532176062, 0.17224063600919792, 0.2607343733474097, 0.0045698151484917515, 0.2432621275531709, 0.04715178402869791, 0.21011393916622734, 0.0374714615615761, 0.06130189363081895, 0.24016876437517998, 0.0, 0.0068903859824693825, 0.1338221175534996, 0.03310949124211093, 0.2439378441373936, 0.40159819604070923, 0.03621294971734068, 0.0, 0.04183200734322112, 0.0396247251838967, 0.012277559590587961, 0.009337236189182474, 0.03866883562091061, 0.00044979911099651826, 0.006216238830970666, 0.12327480125068446, 0.401045098925753, 0.2724532380596115, 0.3454595426277154, 0.3466021318068002, 0.2491980418774703, 0.3858995783997943, 0.17769458717552022, 0.309474016515775, 0.3845437694804412, 0.31967424769667785, 0.06896003715058785, 0.3064412337621324, 0.19020205376726385, 0.20331188776480258, 0.3964284477589458, 0.38887175265508045, 0.3216856094721072, 0.004915691826023028, 0.19424291695918372, 0.19759384007971392, 0.22458778582300964, 0.015056457232116127, 0.1979599259857826, 0.004862264609214018, 0.0005646398926363316, 0.002889998058255183, 0.0, 0.1604652486270559, 0.3733154280557309, 0.17960050188609944], [0.0, 0.0, 0.0, 0.05521664969393503, 0.0, 0.0, 0.10895264164541296, 0.019002281065947035, 0.00514691977848436, 0.028413579595933047, 0.0, 0.0, 0.0, 0.018289888887577654, 1.0, 0.0, 0.0, 0.0, 0.006492822408134091, 0.0, 0.0, 0.0, 0.0, 0.0, 0.0, 0.0, 0.0, 0.0, 0.0, 0.0, 0.0, 0.0, 0.0, 0.0, 0.0, 0.07965433531627208, 0.012396979880461068, 0.0, 0.0, 0.0, 0.0, 0.009194219764887879, 0.0, 0.0, 0.0, 0.12254345295335234, 0.0, 0.0, 0.0, 0.0, 0.0, 0.0, 0.0, 0.016288650698683793, 0.0, 0.0, 0.1241920416654555, 0.0, 0.0037972739772108577, 0.0, 0.0, 0.0, 0.08612148590960744, 0.026989554864626508, 0.0, 0.0, 0.03819855013092199, 0.0, 0.009310583285907281, 0.0, 0.0, 0.0, 0.0, 0.0, 0.0, 0.0, 0.09135468882743447, 0.0, 0.0, 0.09980107756695389, 0.0, 0.0, 0.00934756155952432, 0.20290528821128517, 0.03972431143177857, 0.0, 0.0, 0.0, 0.0, 0.0, 0.06892467951545955, 0.0, 0.006031616217484492], [0.0, 0.29338890164816234, 0.9328111735089063, 0.1605420299168001, 0.8110071588450656, 0.06441797675750682, 0.7759043486179579, 0.06786056030345611, 0.9040004202451466, 0.7568608793941697, 0.08175702046517996, 0.17252108305406166, 0.7941100805586871, 0.3008222586255813, 0.0, 1.0, 0.14018008409142868, 0.7592293447991149, 0.43021844267104004, 0.0, 0.6601960917751036, 0.016899017563631324, 0.0, 0.0, 0.2546456519410798, 0.0, 0.0, 0.0, 0.0, 0.0, 0.0872215741110538, 0.6837698261366771, 0.2698804012623902, 0.7553949582543106, 0.1613534404337027, 0.1137228734578275, 0.07788603838877217, 0.2477800346410628, 0.06185649078606892, 0.718016328577645, 0.012746559047551842, 0.5821893348364592, 0.08165271265676577, 0.5873341426047276, 0.0, 0.14882660326464614, 0.6566813618751951, 0.0, 0.02696254862298364, 0.18176404867147744, 0.028060945481512056, 0.796563119558736, 0.7218196490209235, 0.09806548942384352, 0.10418453272958861, 0.0, 0.024603885202344355, 0.002710009551478154, 0.2378685976227174, 0.02576993006596373, 0.0017869275473989532, 0.01857916444037233, 0.2376255134852261, 0.7514754968049364, 0.7864473446376962, 0.631445495096859, 0.6994008042009786, 0.5606191726078127, 0.7005534191897894, 0.2030935189702645, 0.8047119389249557, 0.6867671299353811, 0.6124580447952144, 0.0, 0.584446325528711, 0.470716926242976, 0.3031839850177773, 0.6550991881169677, 0.5910564499164164, 0.5664157073141854, 0.0, 0.7956112727928676, 0.7422692642165971, 0.4829510225329352, 0.449762551292034, 0.7342821545343269, 0.44756907951593483, 0.1501944585956988, 0.07078012778073905, 0.0, 0.3993014840971305, 0.7005760352304652, 0.6073323994052038], [0.0, 0.0, 0.0, 0.0, 0.012780859495131303, 0.0, 0.0, 0.028276595717630193, 0.01534866969037052, 0.03010627397732557, 0.013090667892203367, 0.0, 0.1187747816416852, 0.06468918445139948, 0.0, 0.14018008409142868, 1.0, 0.0, 0.01237394203900255, 0.0, 0.0, 0.0, 0.0, 0.0, 0.0, 0.0, 0.0, 0.0, 0.0, 0.0, 0.0, 0.0, 0.0, 0.0791058558593537, 0.0031151741266293165, 0.0, 0.0, 0.04365689467465528, 0.0, 0.0, 0.0, 0.0, 0.0, 0.07441288806841817, 0.0, 0.0, 0.07005972213886391, 0.0, 0.0, 0.0, 0.0, 0.0, 0.009843872541270504, 0.08096686677040976, 0.0, 0.0, 0.0, 0.00868223957894887, 0.041011250500171625, 0.0, 0.0063908123568303665, 0.016613470946765352, 0.0, 0.0, 0.014106755041514596, 0.011309559420417892, 0.007556156673400927, 0.21066750057266725, 0.0, 0.0, 0.027899591427540282, 0.09023606268105777, 0.1619871196133611, 0.0, 0.0, 0.0, 0.03881350024810437, 0.0, 0.05131316690470733, 0.0, 0.0, 0.031621784794965135, 0.0, 0.0, 0.0, 0.0, 0.0, 0.0, 0.0, 0.0, 0.0, 0.0, 0.005195212528063542], [0.0, 0.01815963098865825, 0.7123323821662229, 0.042595345252167016, 0.9724764488213388, 0.0, 0.8277390116190892, 0.06644004407958293, 0.813590310513301, 0.9262886630786685, 3.7289420704356147e-05, 0.0, 0.9819349434426025, 0.27696865220983624, 0.0, 0.7592293447991149, 0.0, 1.0, 0.006727882172412714, 0.0, 0.6759899451650542, 0.0, 0.0, 0.004164982814204521, 0.05426454911072398, 0.0, 0.0, 0.0, 0.0, 0.0, 0.0, 0.8770893728979946, 0.28468673134067013, 0.809582076680861, 0.17958643747357228, 0.01813885937774462, 0.0034890521520956064, 0.29165872912972823, 0.005139483434381309, 0.859096977440962, 0.0001398480409184888, 0.7206700611206914, 0.07361887648438192, 0.7225965589730624, 0.0, 0.1855206681531042, 0.7773135445227374, 0.0, 0.0, 0.17980185735751242, 0.03431767161328947, 0.8402090724156167, 0.9358825362361661, 0.09382636087414409, 0.0, 0.0, 0.0006956537197290169, 0.0, 0.0008662589402134158, 0.0005087911708631099, 0.0, 0.0, 0.07975824214071647, 0.9406249288137164, 0.9643217310825257, 0.786311393701889, 0.852411625740783, 0.6815520863785036, 0.8454907559100362, 0.21424321798308044, 0.9005064251261243, 0.8316724595332807, 0.7424810247277535, 0.0, 0.6936359614632802, 0.5731110986333283, 0.3669539228494427, 0.8009028347678824, 0.7024156942338186, 0.750287229049361, 0.0, 0.6203983498168217, 0.6206132417661335, 0.5029693183719096, 0.0003024728794539522, 0.5784890694418453, 0.0, 0.0, 0.0, 0.0, 0.14323443128271163, 0.6274161810700314, 0.6378715206159598], [0.0, 0.0, 0.5686214695533417, 0.2856063406320608, 0.1347784129216314, 0.0, 0.13189304394290335, 0.008035247077407659, 0.3744784112326166, 0.15586282966835718, 0.015195008695772838, 0.0, 0.06123277565558305, 0.034751819552199525, 0.006492822408134091, 0.43021844267104004, 0.01237394203900255, 0.006727882172412714, 1.0, 0.0, 0.26743926409540775, 0.07052872926270215, 0.026625146328125626, 0.0, 0.0, 0.0, 0.014618139546387021, 0.04074290046423368, 0.0, 0.0, 0.02196135271020161, 0.007845781795196682, 0.006341975618814555, 0.22903728028972403, 0.006287688293705296, 0.008202705616629169, 0.001198278023100019, 0.1383671234400582, 0.012266722345964487, 0.06900795912734514, 0.0004476135064017672, 0.10806594375267797, 0.009403189760961328, 0.005882767749631479, 0.013045572523160631, 0.005033497516038099, 0.11100862154001823, 0.0, 0.023419662327331392, 0.09661346414769267, 0.005671383266216745, 0.3160896861885062, 0.03212377140418654, 0.001740976128775551, 0.0, 0.0, 0.0066361717788500085, 0.0014228137183986966, 0.167896172728359, 0.000754930188873959, 7.907954168551168e-05, 0.0032068988910335383, 0.07365218861399647, 0.07442174712702099, 0.12606339756969764, 0.22016845768989535, 0.12055830414909174, 0.031158923504038927, 0.10940474451865634, 0.09980866177444137, 0.28508099138345455, 0.17224087351261097, 0.12808573954546554, 0.0, 0.19471249095127252, 0.02909897035262554, 0.08310173690946632, 0.13083465349809031, 0.16121207193661524, 0.008517017920215197, 0.3266397929376239, 0.4564956204327949, 0.48239828101813464, 0.0869033261430624, 0.9348275872564175, 0.6793527068564567, 0.9406227725743062, 0.0, 0.0, 0.0, 0.34282316493964426, 0.40431173287803324, 0.22764174433262196], [0.0, 0.0, 0.0, 0.0342949221599157, 0.0, 0.020127377179179118, 0.1680638992262109, 0.06368062681807585, 0.040279869987776884, 0.0024273802976089165, 0.0, 0.0, 0.0, 0.11765583771217081, 0.0, 0.0, 0.0, 0.0, 0.0, 1.0, 0.0, 0.0, 0.0, 0.0, 0.0, 0.0, 0.0, 0.0, 0.0, 0.0, 0.0, 0.0, 0.0, 0.0, 0.007539234481170998, 0.002540172017875153, 0.028005920949930596, 0.06283721238015005, 0.014373692832131524, 0.0, 0.0, 0.0, 0.0, 0.0, 0.0, 0.007371218296144066, 0.0, 0.0, 0.0, 0.04433186876021622, 0.0, 0.0, 0.0, 0.0, 0.0, 0.0, 0.0, 0.0, 0.0, 0.11053120451302911, 0.0, 0.04356862429524955, 0.0, 0.04632694003848303, 0.0, 0.03460373266243899, 0.03251410675959876, 0.016063177055814837, 0.03717916772384133, 0.13265462857748656, 2.0615700613069166e-05, 0.08555212250196098, 0.0, 0.0, 0.0026470155633171455, 0.0, 0.0, 0.043840213543050566, 0.04398724739460069, 0.35615499459796207, 0.0, 0.0, 0.15996335801813455, 0.08642887661147858, 0.030158188855339052, 0.0, 0.0, 0.002463898313567303, 0.0, 0.0, 0.16825004575741986, 0.0, 0.0], [0.0, 0.0, 0.6370381250897041, 0.04166393626456166, 0.7774085028266595, 0.0013133593403488186, 0.5972726744007438, 0.054448686064528795, 0.6637855653131376, 0.6760829892600428, 0.008995532898900427, 0.1258545475311118, 0.6936334302195843, 0.18992728131012515, 0.0, 0.6601960917751036, 0.0, 0.6759899451650542, 0.26743926409540775, 0.0, 1.0, 0.0, 0.0, 0.013390438622154055, 0.0, 0.0, 0.0, 0.0, 0.0, 0.0, 0.0, 0.6259779374759733, 0.2654249073702113, 0.608651714855916, 0.12238768576006209, 0.028907828563896065, 0.003015595097089374, 0.2294553396076503, 0.008698293238541543, 0.6516352759190801, 0.0012165794406368002, 0.5131994487868905, 0.06294908995459425, 0.528133868558502, 0.01780864796930981, 0.14778205178766501, 0.6920766855564052, 0.0, 0.01840490777409909, 0.17127569146282062, 0.676764710090936, 0.8990082239799686, 0.6347325462917006, 0.19087797192541545, 0.0, 0.0, 0.47990691235926375, 0.6417283593991573, 0.16156957713945952, 0.6200339570822823, 0.654535973747603, 0.3543509855297752, 0.06889513384818757, 0.6313776284354051, 0.7198785266610428, 0.5724161577724949, 0.650190568570984, 0.6055555914151326, 0.5957734842317514, 0.17477224552498682, 0.677004035066329, 0.5781804269951424, 0.5375121794770935, 0.0, 0.47029863709448505, 0.4648081436833498, 0.2521074146592741, 0.5586060307069369, 0.524118532262064, 0.5087225651177257, 0.0, 0.6060572164154283, 0.9030522399238112, 0.5237439508680191, 0.2785910662864479, 0.6167867598661598, 0.2793000764240561, 0.07442412962535261, 0.010507800149603841, 0.11575613681164454, 0.37697261834883355, 0.7512217027891605, 0.9075561217329591], [0.0, 0.0, 0.0, 0.06320308031436628, 0.03917304910232533, 0.0, 0.0, 0.036169788726876484, 0.10422472575158692, 0.0, 0.0, 0.0, 0.03047412885932088, 0.04985470174358364, 0.0, 0.016899017563631324, 0.0, 0.0, 0.07052872926270215, 0.0, 0.0, 1.0, 0.0, 0.0, 0.0, 0.0, 0.0, 0.0, 0.0, 0.0, 0.0, 0.0, 0.0, 0.0, 0.030207088895987555, 0.0, 0.0, 0.031272162898074995, 0.0898396619331413, 0.0, 0.0, 0.1229650632506255, 0.0, 0.0, 0.0, 0.0, 0.0, 0.0, 0.0, 0.2009408129030129, 0.030038657385788703, 0.013873588941727077, 0.1362174284154034, 0.0, 0.0, 0.0, 0.0, 0.0, 0.012431044680384806, 0.0, 0.0, 0.0, 0.0, 0.14640350355927756, 0.0, 0.01104514413009594, 0.009513637406778686, 0.0, 0.08369746094000374, 0.0, 0.08056972916924454, 0.12266503218813518, 0.02557305990401937, 0.0, 0.12179424700456232, 0.013428274403267437, 0.06542168361022727, 0.05860605535463992, 0.022725226568770518, 0.0, 0.0, 0.206764093208042, 0.0, 0.11019667068020644, 0.0, 0.03048992825201524, 0.0, 0.0, 0.0, 0.0, 0.07938178936277462, 0.0, 0.0], [0.0, 0.0, 0.0, 0.0, 0.024174278294022855, 0.0, 0.23282755063687022, 0.009998340534255079, 0.0, 0.029146030796455724, 0.0, 0.0, 0.0, 0.030543115579636293, 0.0, 0.0, 0.0, 0.0, 0.026625146328125626, 0.0, 0.0, 0.0, 1.0, 0.0, 0.0, 0.0, 0.0, 0.0, 0.0, 0.0, 0.0, 0.0, 0.002390484149453087, 0.0, 0.012591467914931265, 0.05672329113486785, 0.04198236586433901, 0.17986976567923207, 0.027191778934805177, 0.0, 0.0, 0.0, 0.0, 0.0, 0.0, 0.0, 0.0, 0.0, 0.0, 0.07924427946279278, 0.0, 0.0, 0.06756839608311616, 0.0, 0.0, 0.0, 0.0781568375152053, 0.0, 0.0, 0.028354029666925795, 0.0, 0.0, 0.1526838632515375, 0.03821731796599015, 0.0, 0.030428386700746102, 0.06348685403048193, 0.0, 0.0, 0.11579979009005736, 0.0, 0.0, 0.0, 0.0, 0.0, 0.0, 0.15614268420053423, 0.0, 0.0, 0.054058835753724055, 0.0, 0.0, 0.0, 0.45596581226932753, 0.018435354059718523, 0.0, 0.0, 0.0, 0.0, 0.0, 0.18781161141935576, 0.1226680520414214, 0.0], [0.0, 0.0, 0.06617749078683965, 0.016905111929594874, 0.04202510263849579, 0.0, 0.03536451955114017, 0.012979654317485823, 0.0, 0.07152762735255203, 0.00895307912848986, 0.0, 0.025301724287646654, 0.03696659716539841, 0.0, 0.0, 0.0, 0.004164982814204521, 0.0, 0.0, 0.013390438622154055, 0.0, 0.0, 1.0, 0.0, 0.0, 0.0, 0.0, 0.0, 0.0, 0.0, 0.0, 0.0, 0.03487098313304615, 0.0, 0.0, 0.0, 0.055421681339766105, 0.0, 0.0917172625831576, 0.033577099151901546, 0.010790371047050829, 0.0, 0.017073719321400116, 0.0, 0.0, 0.0, 0.0, 0.0, 0.010924317330542554, 0.0, 0.00022605736963909884, 0.004574013981479275, 0.0, 0.0, 0.0, 0.0009283729728711831, 0.0, 0.05132173194308942, 0.0, 0.0, 0.0, 0.0, 0.0, 0.060913738639827075, 0.0, 0.034576627968024076, 0.0, 0.04448381942636748, 0.0, 0.025059222303931983, 0.025302831861645725, 0.0, 0.0, 0.025560777422717562, 0.0, 0.0, 0.0, 0.013335693280972172, 0.0, 0.0, 0.0, 0.0, 0.04383979954936312, 0.017544327952217387, 0.0, 0.0, 0.0, 0.0, 0.0, 0.0, 0.0, 0.0], [0.0, 0.0, 0.1648263112921733, 0.0, 0.052776658616208616, 0.0, 0.10921705504080736, 0.0, 0.0, 0.0, 0.0, 0.0, 0.04570686191881257, 0.009282524871320197, 0.0, 0.2546456519410798, 0.0, 0.05426454911072398, 0.0, 0.0, 0.0, 0.0, 0.0, 0.0, 1.0, 0.0, 0.0, 0.0, 0.0, 0.0, 0.0, 0.014017906658072565, 0.0813919823502508, 0.05280217464425896, 0.06703948177047947, 0.0, 0.0, 0.011598680943816442, 0.09471162146569134, 0.0, 0.0, 0.11131727005428382, 0.0, 0.0, 0.0, 0.0, 0.0, 0.0, 0.0, 0.09578856888983345, 0.0, 0.10275778765036425, 0.0, 0.0, 0.0, 0.0, 0.0, 0.0, 0.012024513598074105, 0.0, 0.0, 0.0, 0.0, 0.18490415131499838, 0.0, 0.0, 0.09482695841143696, 0.0, 0.09635052425597934, 0.02088376455654939, 0.016697607148695504, 0.12223925158749438, 0.03610191421626063, 0.0, 0.10303786780096647, 0.098825854228347, 0.005505509620740812, 0.059555760111278166, 0.0, 0.0, 0.0, 0.10659902630928197, 0.0, 0.0, 0.0, 0.0, 0.0, 0.0, 0.0, 0.0, 0.0, 0.0, 0.0], [0.0, 0.0, 0.0, 0.08556960391814883, 0.0, 0.0, 0.11114604486995316, 0.09526305833313176, 0.0, 0.01388540339204225, 0.0, 0.0, 0.02115864343564955, 0.15804328446620375, 0.0, 0.0, 0.0, 0.0, 0.0, 0.0, 0.0, 0.0, 0.0, 0.0, 0.0, 1.0, 0.0, 0.0, 0.0, 0.0, 0.0, 0.0, 0.0, 0.0, 0.0, 0.2480411011682453, 0.0034121943718866676, 0.10177314710166585, 0.0, 0.0, 0.012654737424246942, 0.17546941147765194, 0.0, 0.0, 0.0, 0.0, 0.0, 0.0, 0.0, 0.0, 0.0, 0.014146570074853093, 0.0, 0.0, 0.0, 0.0, 0.0, 0.0, 0.0, 0.0514038438660992, 0.0, 0.0, 0.03904744453232156, 0.0, 0.0, 0.0, 0.0, 0.004116809666397936, 0.0, 0.21149178507443434, 0.01921002953135431, 0.11450602180087455, 0.0, 0.0, 0.032435153432624486, 0.0, 0.11465172624513287, 0.0, 0.08219804625746163, 0.15708011958710266, 0.0, 0.0, 0.0, 0.1330249650906551, 0.01686700424340426, 0.0, 0.0, 0.0, 0.0, 0.0, 0.2750375827178215, 0.09780499600120374, 0.0], [0.0, 0.0, 0.0, 0.0, 0.11092438050057407, 0.0, 0.03221744115167924, 0.023639351692492094, 0.07101368403136621, 0.11413364253299196, 0.0, 0.0, 0.0, 0.0, 0.0, 0.0, 0.0, 0.0, 0.014618139546387021, 0.0, 0.0, 0.0, 0.0, 0.0, 0.0, 0.0, 1.0, 0.0, 0.0, 0.0, 0.0, 0.0, 0.0, 0.0, 0.0, 0.006029689172429631, 0.0, 0.007800471330383862, 0.012603708961118176, 0.0, 0.0, 0.0, 0.0, 0.0, 0.0, 0.0024229951232823677, 0.0, 0.0, 0.004081562586393139, 0.007910773919297509, 0.016585375875275976, 0.0, 0.08184535360867551, 0.0, 0.0, 0.0, 0.0, 0.0, 0.03983606933427164, 0.0, 0.0, 0.0, 0.019173242679802915, 0.0, 0.0, 0.0, 0.16520500280381523, 0.0, 0.0, 0.0, 0.06512049039814227, 0.0, 0.0, 0.0, 0.0, 0.0, 0.0, 0.0, 0.05371292027403862, 0.0, 0.0, 0.0, 0.0, 0.0, 0.034515381461699746, 0.0, 0.0, 0.0, 0.0, 0.0, 0.0, 0.03614495376261928, 0.0], [0.0, 0.0, 0.0, 0.060054798858682146, 0.0, 0.0, 0.0293259313610178, 0.0032534234034842235, 0.0, 0.0, 0.0, 0.0, 0.0, 0.014672044616173885, 0.0, 0.0, 0.0, 0.0, 0.04074290046423368, 0.0, 0.0, 0.0, 0.0, 0.0, 0.0, 0.0, 0.0, 1.0, 0.0, 0.0, 0.0, 0.0, 0.0, 0.0, 0.0, 0.04882764017230212, 0.0, 0.0, 0.0, 0.0, 0.0, 0.05798626004523533, 0.0, 0.0, 0.0, 0.04048196555997263, 0.0, 0.0, 0.0, 0.0, 0.0, 0.0, 0.2462970764526743, 0.0, 0.0, 0.0, 0.0, 0.0, 0.0, 0.0, 0.0, 0.0, 0.11717300874330405, 0.0, 0.0, 0.0, 0.0, 0.0, 0.0, 0.15663946626362701, 0.0, 0.042626364863037725, 0.0, 0.0, 0.0, 0.0, 0.011840390190012817, 0.003795752583254819, 0.0, 0.018688099949379033, 0.0, 0.036511024666413316, 0.0, 0.0721958586740361, 0.0, 0.03876287840789494, 0.0, 0.0, 0.0, 0.0, 0.0027416342403804306, 0.0, 0.0], [0.0, 0.0, 0.0, 0.0, 0.0, 0.0, 0.0, 0.0, 0.0, 0.055044379052897496, 0.0, 0.0, 0.0, 0.02268165142734191, 0.0, 0.0, 0.0, 0.0, 0.0, 0.0, 0.0, 0.0, 0.0, 0.0, 0.0, 0.0, 0.0, 0.0, 1.0, 0.0, 0.0, 0.0, 0.01496026539784101, 0.0, 0.0, 0.12960474179158266, 0.0, 0.0, 0.10155910937108448, 0.0, 0.0, 0.0, 0.0, 0.0, 0.0, 0.08764014729848235, 0.0, 0.0, 0.0, 0.0, 0.0, 0.0, 0.0, 0.0, 0.0, 0.0, 0.06139084557864227, 0.0, 0.0, 0.16763655263265353, 0.0, 0.0, 0.3606524265966182, 0.025422936820038933, 0.0, 0.0, 0.006296566383760527, 0.06346525231276434, 0.0, 0.02279629170840114, 0.0001456433253196332, 0.0, 0.0, 0.0, 0.0, 0.0, 0.2822217552647267, 0.0, 0.0, 0.3365852508349695, 0.0, 0.2420686762669647, 0.18060548525951092, 0.2729184582279476, 0.013188701425622118, 0.003459485970577325, 0.0, 0.012113221711217204, 0.0, 0.0, 0.3893914439897782, 0.0, 0.003308653522866356], [0.0, 0.0, 0.0, 0.0, 0.0, 0.0, 0.04821760944562303, 0.0, 0.0, 0.0, 0.0, 0.0, 0.03340610354541007, 0.058679320777527466, 0.0, 0.0, 0.0, 0.0, 0.0, 0.0, 0.0, 0.0, 0.0, 0.0, 0.0, 0.0, 0.0, 0.0, 0.0, 1.0, 0.0, 0.0, 0.0, 0.0, 0.01186876328268538, 0.19272171135886085, 0.20272524851135065, 0.08448529278224481, 0.0, 0.0, 0.0, 0.04525324601163794, 0.0, 0.0, 0.0, 0.007395405323919357, 0.07082252022928648, 0.0, 0.0, 0.0, 0.0, 0.0, 0.0, 0.0, 0.0, 0.0, 0.12922552995722703, 0.0, 0.0, 0.0, 0.0, 0.0, 0.010931394835176245, 0.09428011410396908, 0.0, 0.0, 0.0, 0.036328737869969374, 0.035821755224977214, 0.025262649371881607, 0.030010998961249036, 0.0, 0.019002639482254113, 0.0, 0.0, 0.0, 0.13790656707235516, 0.13633817842742657, 0.0, 0.039771176286354404, 0.0, 0.0, 0.0, 0.19923556461530134, 0.030802121146922046, 0.06943096936761595, 0.0, 0.0, 0.0, 0.0, 0.009647883156954307, 0.0, 0.0], [0.0, 0.0, 0.0, 0.00896639610820471, 0.05928617402271019, 0.0, 0.0, 0.0, 0.0, 0.02797300056990537, 0.041747080030942185, 0.0, 0.022538615119435, 0.9288351401633018, 0.0, 0.0872215741110538, 0.0, 0.0, 0.02196135271020161, 0.0, 0.0, 0.0, 0.0, 0.0, 0.0, 0.0, 0.0, 0.0, 0.0, 0.0, 1.0, 0.0, 0.1359220657527267, 0.20924032715026164, 0.01595203047435767, 0.0, 0.0, 0.10831229807851628, 0.17024755931800728, 0.0, 0.0, 0.0, 0.027375995120757946, 0.0, 0.0, 0.0, 0.0, 0.0, 0.0, 0.0, 0.023749934929025995, 0.0, 0.13875490361404463, 0.0, 0.0, 0.0, 0.0, 0.0, 0.0, 0.0, 0.0, 0.0, 0.07052157519483881, 0.12239203206074944, 0.0, 0.10491794474081362, 0.08739256105339976, 0.0, 0.10992289009517842, 0.0, 0.027562649574682796, 0.11132058254392374, 0.07516241997162232, 0.0, 0.07743254415254419, 0.0, 0.0, 0.13774747832581802, 0.14323747872997306, 0.027536870938476232, 0.0, 0.0, 0.0, 0.0, 0.0, 0.023757375227211552, 0.0, 0.0, 0.0, 0.0, 0.0, 0.1472827865275499, 0.0], [0.0, 0.0, 0.6182975919265583, 0.22303040123385265, 0.8641664028022672, 0.03298335553695664, 0.7570632957322546, 0.058827858575839054, 0.7586011325774425, 0.8142901867976257, 0.029865358708809575, 0.0, 0.8710863581970368, 0.25619531002366247, 0.0, 0.6837698261366771, 0.0, 0.8770893728979946, 0.007845781795196682, 0.0, 0.6259779374759733, 0.0, 0.0, 0.0, 0.014017906658072565, 0.0, 0.0, 0.0, 0.0, 0.0, 0.0, 1.0, 0.5775635320935135, 0.9294447617199337, 0.48938246425131227, 0.3243775341180477, 0.3064874422786883, 0.5552339471861922, 0.3454012952614406, 0.9208673248228325, 0.32424559859176894, 0.83