"[[1.0, 0.9082140119628722, 0.8609458886268562, 0.8658531787567421, 0.842246058695585, 0.9562410883864273, 0.8884631513691201, 0.865310516798953, 0.8385126280749726, 0.8310780287844726, 0.9143389456807635, 0.8227988967999348, 0.8394041241763982, 0.8169494674566398, 0.11915848498326564, 0.835478742379973, 0.6366172684016633, 0.8211947601878296, 0.8200833482576552, 0.922581338262654, 0.8200833482576552, 0.5762030242197734, 0.5064666253565976, 0.5837040574747864, 0.9882678216148747, 0.5724831117556158, 0.5068795974422826, 0.5264653972713258, 0.7184443049170793, 0.7394660713782084, 0.7991892761039785, 0.963347596576384, 0.9646982461764634, 0.8580240402989768, 0.8500866438684589, 0.977820876496552, 0.8603231360508802, 0.8597416014970971, 0.9292217370593266, 0.8583530631374505, 0.8271227422483484, 0.9452138675637697, 0.8594619135804566, 0.8612002812888666, 0.26297066951554293, 0.24601574897863754, 0.860748307619924, 0.04244156317762793, 0.9524418965932738, 0.26297066951554293, 0.9198216791160231, 0.8905983739375345, 0.26297066951554293, 0.6940264777091342, 0.4076120972411633, 0.8712990942946808, 0.696067873834359, 0.4474231600038926, 0.964331235532651, 0.7142914786033094], [0.9082140119628722, 1.0, 0.5853523285790424, 0.674156127722006, 0.6214502355816833, 0.9774083300912937, 0.7366674830110165, 0.6950720920536342, 0.6218543814217213, 0.6005128636219283, 0.9998096492431852, 0.8474355960451784, 0.6234810619711396, 0.6183929839657304, 0.06580810857855435, 0.6222785362450146, 0.34532826452544185, 0.6257223382981745, 0.625728001662981, 0.994432108019542, 0.625728001662981, 0.35669909878284334, 0.7800413245045755, 0.2762014706012045, 0.8617057164812048, 0.8272587670960468, 0.7799993631128145, 0.7576022562271693, 0.853175847038064, 0.9183056435871106, 0.6320831898986721, 0.9527703081372132, 0.9616740945981732, 0.6111515290888109, 0.6187599478184556, 0.9721503807226852, 0.5794170176245975, 0.6609463631977502, 0.6926484185553976, 0.6094259599806585, 0.6254828324104978, 0.9895898996086057, 0.6079432357705272, 0.5947391531503101, 0.0, 0.0, 0.6050941611098035, 0.0, 0.9650107479323912, 0.0, 0.9970934286639939, 0.6833015411355796, 0.0, 0.39404189830950276, 0.11370263738593911, 0.9927384471709024, 0.37644944877668396, 0.28883887802925545, 0.9498478635425271, 0.3874533711653625], [0.8609458886268562, 0.5853523285790424, 1.0, 0.9531580902838316, 0.9641679388206761, 0.7238653726519134, 0.9171637131355962, 0.928603151271433, 0.9586778705314253, 0.9490088683744817, 0.5994779889231355, 0.5610860946657995, 0.9619569889090007, 0.9284440926773793, 0.10286896472783802, 0.9543825854282301, 0.7451556946673817, 0.9369651645327839, 0.9354740830254787, 0.6194158581669374, 0.9354740830254787, 0.552974374692831, 0.0, 0.6833071120349057, 0.9155878418429491, 0.07765250805868917, 0.00026741306652044994, 0.03955715205780119, 0.29805787573147846, 0.30772679969645544, 0.6850139646833523, 0.7793128256234549, 0.7666119836918173, 0.9886574913271784, 0.9775093794394953, 0.7589668005932794, 0.9993642423240373, 0.9566188928213608, 0.9780893996945371, 0.9910300657517526, 0.9449729494421178, 0.6842755117111449, 0.9925230381858888, 0.9986875997360505, 0.35245362368766786, 0.31337976324295225, 0.9936237265121992, 0.02578144947576755, 0.7192648421330224, 0.35245362368766786, 0.597855249704531, 0.9741766693492621, 0.35245362368766786, 0.7827685385179454, 0.516573257289898, 0.5057261191709549, 0.8221128360627183, 0.3604464998676722, 0.7841210090364338, 0.856006604102997], [0.8658531787567421, 0.674156127722006, 0.9531580902838316, 1.0, 0.9949506211391458, 0.8107961514962252, 0.9831025576823426, 0.9921713139999806, 0.9944891742226248, 0.9635957157637841, 0.6883893228335705, 0.6009662050867728, 0.9975830707314872, 0.9843405255896812, 0.0833615917879017, 0.9942978441869197, 0.5865954738491319, 0.9962656423150876, 0.9960162000596902, 0.7056094041823247, 0.9960162000596902, 0.3123302190265965, 0.06527974818134308, 0.4402285782042954, 0.9302689592160452, 0.14478357055555602, 0.06527623653522707, 0.06925205348061703, 0.2821748776527421, 0.381315312829023, 0.5236541108148945, 0.865859391303325, 0.85063592445224, 0.9855248141346622, 0.9939652093684224, 0.8169718758979664, 0.9423038834173583, 0.9998127968398687, 0.9156418324305797, 0.9838431551542649, 0.9973263130384028, 0.7730727490797538, 0.982067946373877, 0.965569374852713, 0.06074770527382811, 0.05167717508937353, 0.9782611788825447, 0.0, 0.7954257576646447, 0.06074770527382811, 0.6645964137770766, 0.9957836459259647, 0.06074770527382811, 0.5708739953760218, 0.24072501267294055, 0.5849033353903323, 0.618550356082006, 0.11121308511446393, 0.8698330506145514, 0.6644382813581857], [0.842246058695585, 0.6214502355816833, 0.9641679388206761, 0.9949506211391458, 1.0, 0.7703900672086319, 0.9796129716383563, 0.990161634807351, 0.9997595814901509, 0.9823122466649956, 0.6364470067910732, 0.5960723642808966, 0.9976026142274083, 0.9919727568396555, 0.15015348629569103, 0.999344123318376, 0.6446605527841933, 0.993556817347044, 0.9931635373997507, 0.6614725189751425, 0.9931635373997507, 0.3258938872018826, 0.0, 0.47720038653516506, 0.9099775796574513, 0.07980510635883198, 0.0007100774219837014, 0.024014849251567494, 0.2311690150767769, 0.33610721343476735, 0.5359388125355715, 0.827372020969292, 0.8110193296408301, 0.9930695393059328, 0.9961747049129414, 0.7773264779012242, 0.9542254826206001, 0.996184279094611, 0.9160706962839401, 0.988730166587946, 0.9954208939520813, 0.7264738811032946, 0.9881258543745938, 0.9733634816327774, 0.0945492270780578, 0.11641883252176433, 0.9877498500299954, 0.06845897777907517, 0.7647336427218518, 0.0945492270780578, 0.613922266123449, 0.9924267772858107, 0.0945492270780578, 0.593797607959177, 0.2734454316121846, 0.5290183204496519, 0.6430066473741591, 0.1203287181727789, 0.8334751677593771, 0.6892138714242914], [0.9562410883864273, 0.9774083300912937, 0.7238653726519134, 0.8107961514962252, 0.7703900672086319, 1.0, 0.8629561226667107, 0.8309201462848036, 0.7714502958225151, 0.7528994459262215, 0.9812477421059844, 0.8593716659489655, 0.769756833001552, 0.7704785615460626, 0.12096237035582558, 0.7721481486885434, 0.45254772492008577, 0.7725239383277752, 0.7725309303825841, 0.9861421229373778, 0.7725309303825841, 0.35287911689685036, 0.6333178503253234, 0.33260145664266516, 0.9363782839861511, 0.6926702509957843, 0.633759605200586, 0.6250903666302953, 0.7465829954456942, 0.8414137623402256, 0.6451059808333067, 0.9939037445020343, 0.9965652358609596, 0.7567179751143268, 0.7639280916009397, 0.9937489491839506, 0.7155456824370372, 0.8001798904600601, 0.7953164597144157, 0.7524042437159973, 0.7722282416260978, 0.9969263639608588, 0.7511356398070932, 0.7342717444274177, 0.0, 0.02411505332902586, 0.7496368352313324, 0.04587441619825128, 0.9914248403505433, 0.0, 0.9711704859264892, 0.8153125666912323, 0.0, 0.45726108233837826, 0.14037857345886107, 0.9461851363678113, 0.456193706073746, 0.24293199223604556, 0.9938281227793597, 0.4783543528669837], [0.8884631513691201, 0.7366674830110165, 0.9171637131355962, 0.9831025576823426, 0.9796129716383563, 0.8629561226667107, 1.0, 0.997109385915914, 0.981997244896767, 0.9730553187268295, 0.7494216879192581, 0.7219402513460594, 0.9729701219971312, 0.9869113647329231, 0.2263066300425508, 0.9832033756508718, 0.6207627019023949, 0.9764677340889083, 0.9764765720233427, 0.7776345130408038, 0.9764765720233427, 0.2763452913434349, 0.16109242546597302, 0.4035709297350092, 0.9363412431031767, 0.23816382393231628, 0.1625703949301619, 0.18767322876857828, 0.3488078014823486, 0.4958105513816071, 0.5521223714610698, 0.9025824303771572, 0.8897835354274499, 0.9605507850481996, 0.9656026119101736, 0.8556871353984122, 0.9047269447872665, 0.9807229703098025, 0.8892438046936414, 0.9510365058338328, 0.9760939744240759, 0.8241116746455031, 0.9504784795530107, 0.9281170859747997, 0.0, 0.07534367599553016, 0.9523394662719595, 0.14332736914850353, 0.8647066945550412, 0.0, 0.7236451792963507, 0.9756738172812583, 0.0, 0.5212133566418392, 0.17743805821308756, 0.6540383054281387, 0.5599983867735805, 0.08663060839843495, 0.9092491389565046, 0.6046383391648431], [0.865310516798953, 0.6950720920536342, 0.928603151271433, 0.9921713139999806, 0.990161634807351, 0.8309201462848036, 0.997109385915914, 1.0, 0.9920791818652982, 0.976080127238002, 0.7088178636502798, 0.6680360264653926, 0.9862215394882944, 0.9941236014227325, 0.18752974840042813, 0.993146815219975, 0.6059131528156585, 0.9897667874909823, 0.9897757457941272, 0.7350341763603485, 0.9897757457941272, 0.2625439459259724, 0.09709958968070542, 0.3998249936646413, 0.9235019877270176, 0.1754328797155802, 0.0981780435587446, 0.11706033705557517, 0.29198282954398325, 0.4324371292622553, 0.5190971673662014, 0.8782625096087682, 0.8635211876021642, 0.9716911718903195, 0.9787536872121725, 0.8258946021048426, 0.9158363417054122, 0.9909020085223688, 0.8893441685435822, 0.9639891972918943, 0.9893879373868362, 0.7902049697306283, 0.9629237327218176, 0.940757625194739, 0.0, 0.05492149271523172, 0.9630146038110193, 0.10447795327971343, 0.8276406944188595, 0.0, 0.6813406237446323, 0.9832815261162273, 0.0, 0.5212771110247011, 0.17985468513208958, 0.606849685688229, 0.5659040352978142, 0.06499309831583833, 0.8845138243942177, 0.6128732426652617], [0.8385126280749726, 0.6218543814217213, 0.9586778705314253, 0.9944891742226248, 0.9997595814901509, 0.7714502958225151, 0.981997244896767, 0.9920791818652982, 1.0, 0.9836890178173326, 0.6368609054356824, 0.6014714881502516, 0.9967063780123614, 0.9944789257988975, 0.16239785995824962, 0.9998908348099731, 0.6409548201706037, 0.9941253186123649, 0.9938094184198808, 0.6630473542179, 0.9938094184198808, 0.30906283529611733, 0.0, 0.4627486661555025, 0.9065188658154045, 0.0796849893904853, 0.0008369807842052435, 0.024928079637171585, 0.2257552140738096, 0.3391156649225039, 0.5263495424349972, 0.8279100832972041, 0.8113777837579321, 0.9904773893287808, 0.9941069338095657, 0.7759758743991079, 0.9481169032543391, 0.9955643791525229, 0.9086835912699575, 0.9852350937468733, 0.9955574856588619, 0.7269463266510373, 0.9846040181625864, 0.9683251925736852, 0.07636327468855264, 0.10737985953172036, 0.9845454314776557, 0.08069380483518585, 0.7669576914399271, 0.07636327468855264, 0.6129641200077447, 0.9903428855804418, 0.07636327468855264, 0.5789249530502438, 0.25567960929786415, 0.5288471627282976, 0.6284292703879835, 0.1032880036696382, 0.8343134294665902, 0.6753336473518751], [0.8310780287844726, 0.6005128636219283, 0.9490088683744817, 0.9635957157637841, 0.9823122466649956, 0.7528994459262215, 0.9730553187268295, 0.976080127238002, 0.9836890178173326, 1.0, 0.6150043763906123, 0.67544510301171, 0.9670113610924058, 0.9867221018054729, 0.3289540392112147, 0.9834795700100294, 0.7499970401728834, 0.9602344565719186, 0.9597027175161746, 0.6565129709394678, 0.9597027175161746, 0.34821820514705903, 0.0, 0.5214490329606577, 0.887234549502982, 0.07745252145237402, 0.0026000422361287523, 0.06682559567687751, 0.23425365930062325, 0.3670123856144336, 0.5930922997513541, 0.7994969076291002, 0.7844243780352832, 0.9758549190674164, 0.9679190655528499, 0.754764538467583, 0.9404372380689414, 0.965099014444774, 0.9008066754657129, 0.9635050013801522, 0.9628821025710914, 0.7019981419421865, 0.9655248530957353, 0.9516521400681933, 0.12702145441681423, 0.23982716715337815, 0.973708748662841, 0.2506715861638624, 0.7718352587205842, 0.12702145441681423, 0.5958910362255042, 0.964324148580132, 0.12702145441681423, 0.6084756713894751, 0.2992967999702716, 0.5122018343111233, 0.6506461120884185, 0.14972723291253887, 0.809878335017404, 0.6939929617633136], [0.9143389456807635, 0.9998096492431852, 0.5994779889231355, 0.6883893228335705, 0.6364470067910732, 0.9812477421059844, 0.7494216879192581, 0.7088178636502798, 0.6368609054356824, 0.6150043763906123, 1.0, 0.8479386703097253, 0.638526840867686, 0.6333159779032024, 0.06682922395351643, 0.6372952959182095, 0.3536616895990945, 0.6408222034374624, 0.6408280034699882, 0.9951760083918321, 0.6408280034699882, 0.3570320068135471, 0.7676844859502299, 0.2814169278758546, 0.8704439732335507, 0.8161413489931271, 0.7676431892798461, 0.7456008808198433, 0.8447562560985397, 0.9118286360191871, 0.6333830564376284, 0.9585141715610144, 0.9668366777304348, 0.6258997730048099, 0.6336917972887222, 0.9760846557891664, 0.5933089852651933, 0.6753991048940872, 0.7037050611526205, 0.6241325626458553, 0.6405769178190929, 0.9922094255051469, 0.6226140574922585, 0.6090913353499243, 0.0, 0.0, 0.619696229263833, 0.0, 0.9686319008108818, 0.0, 0.9965824019881352, 0.6971147951124482, 0.0, 0.4006856670221325, 0.11644649737850166, 0.9902680480691133, 0.3847229901406377, 0.28505980782918394, 0.9557498302674718, 0.39680335484705664], [0.8227988967999348, 0.8474355960451784, 0.5610860946657995, 0.6009662050867728, 0.5960723642808966, 0.8593716659489655, 0.7219402513460594, 0.6680360264653926, 0.6014714881502516, 0.67544510301171, 0.8479386703097253, 1.0, 0.561233916430604, 0.630353837934151, 0.5800707823317645, 0.6027606588177192, 0.6527813448305873, 0.5571433670832635, 0.5568264601873368, 0.8935841984797582, 0.5568264601873368, 0.37365460636543624, 0.6397272454200054, 0.39134259279100636, 0.7625744675462387, 0.6826331986755928, 0.6451317919838707, 0.7428135937031578, 0.7316740251850834, 0.8872134994233625, 0.7332952978935036, 0.8177529099194787, 0.8260885787683591, 0.5846453047323615, 0.5618870500657166, 0.8387215353841989, 0.5577425882317691, 0.5908109874296212, 0.639606538979665, 0.5594796663484908, 0.5587263466448057, 0.8435143932555343, 0.5653126856239218, 0.5527682059298203, 0.07567029259476288, 0.3400217549088962, 0.5867595052971343, 0.5243732940579596, 0.917272246696998, 0.07567029259476288, 0.8500408004716098, 0.6147077672397193, 0.07567029259476288, 0.42235690297818695, 0.1755928719308053, 0.839436513682269, 0.395766736008494, 0.30926323363972985, 0.8282938215299416, 0.40420783872986243], [0.8394041241763982, 0.6234810619711396, 0.9619569889090007, 0.9975830707314872, 0.9976026142274083, 0.769756833001552, 0.9729701219971312, 0.9862215394882944, 0.9967063780123614, 0.9670113610924058, 0.638526840867686, 0.561233916430604, 1.0, 0.9847287992608109, 0.08220702390807721, 0.996174098811717, 0.6013477993551778, 0.9967602960855382, 0.9964090792071479, 0.6571848732413323, 0.9964090792071479, 0.317442813449635, 0.0, 0.45911127711273814, 0.9106896600363306, 0.07996985368365306, 0.0, 0.008153925394621675, 0.22881767888812155, 0.32148686008610694, 0.5119265622706458, 0.8300757755708322, 0.8134307166547149, 0.9909140372504415, 0.9979138093182557, 0.7788303137441963, 0.9516983334303608, 0.9987318389684703, 0.9146070346831927, 0.9896507037372485, 0.9983886280761124, 0.7288479124327935, 0.9881049122487845, 0.9733777179694323, 0.08466963371577485, 0.07202720607404256, 0.9845831578740721, 0.0, 0.7550655567732396, 0.08466963371577485, 0.6151705815154066, 0.9941459937927507, 0.08466963371577485, 0.5854550099118521, 0.2643200724994904, 0.5304594292801745, 0.6367350658779731, 0.11116345879608525, 0.8345298440610938, 0.6834657707838236], [0.8169494674566398, 0.6183929839657304, 0.9284440926773793, 0.9843405255896812, 0.9919727568396555, 0.7704785615460626, 0.9869113647329231, 0.9941236014227325, 0.9944789257988975, 0.9867221018054729, 0.6333159779032024, 0.630353837934151, 0.9847287992608109, 1.0, 0.23365774833564412, 0.9957285203482822, 0.6326101210947236, 0.9882686811929983, 0.9882776259368982, 0.6661571158203752, 0.9882776259368982, 0.23641671721887136, 0.0, 0.40201690940057255, 0.8846164802477907, 0.07852558249644015, 0.0015835128586488834, 0.033249009282433795, 0.20134299432873248, 0.3538027240440491, 0.48787147122250674, 0.8233017281231801, 0.8061997993913297, 0.9725214554162902, 0.977272250290345, 0.7639322031981619, 0.9153781589456247, 0.9847469916554993, 0.8704043442983747, 0.9625301078317271, 0.9878904045145663, 0.7228999610695017, 0.9620585377554819, 0.9393336989315095, 0.0, 0.08025349906677737, 0.9642767979845098, 0.15266739688790176, 0.7736477718703745, 0.0, 0.6039032920236591, 0.9734722098417469, 0.0, 0.5127083489208089, 0.17958245793683147, 0.523759450591289, 0.5625261009654882, 0.03147109113419089, 0.8314293396030308, 0.6119456006426088], [0.11915848498326564, 0.06580810857855435, 0.10286896472783802, 0.0833615917879017, 0.15015348629569103, 0.12096237035582558, 0.2263066300425508, 0.18752974840042813, 0.16239785995824962, 0.3289540392112147, 0.06682922395351643, 0.5800707823317645, 0.08220702390807721, 0.23365774833564412, 1.0, 0.16623723958069503, 0.6146475039770573, 0.08250253995152956, 0.08250328667567952, 0.16153929324763638, 0.08250328667567952, 0.024562024187809617, 0.01818300060623279, 0.18303591177182466, 0.08088009689227404, 0.02468016504269055, 0.028517245827167415, 0.23466855721368884, 0.03372467773533827, 0.27136088902559463, 0.31227907976345826, 0.07878910817768459, 0.07970968075125728, 0.12800470424219323, 0.08158453708739422, 0.07516081330939728, 0.10107476671150595, 0.08308160171415002, 0.07596261960625539, 0.08035383513325056, 0.08247096069846915, 0.07274747613393362, 0.0923650340149782, 0.07841735501560476, 0.0, 0.5237960861791328, 0.13583687897103036, 0.996424902427004, 0.24716410217045193, 0.0, 0.06474458080867085, 0.0828278711877255, 0.0, 0.06744856634752983, 0.014991883475091061, 0.059135341816450415, 0.0474336172202926, 0.008895709073139857, 0.10323819088553088, 0.051086376939754485], [0.835478742379973, 0.6222785362450146, 0.9543825854282301, 0.9942978441869197, 0.999344123318376, 0.7721481486885434, 0.9832033756508718, 0.993146815219975, 0.9998908348099731, 0.9834795700100294, 0.6372952959182095, 0.6027606588177192, 0.996174098811717, 0.9957285203482822, 0.16623723958069503, 1.0, 0.6348306668262806, 0.9947424842718418, 0.9944872765661775, 0.6638509763174685, 0.9944872765661775, 0.2959027804163439, 0.0, 0.45060327410868095, 0.903959419023101, 0.07960438771417411, 0.0008763647268479335, 0.02438138825256886, 0.22154392484664154, 0.34020336029493214, 0.517353002364371, 0.8284747847218057, 0.8117874925374957, 0.988335588710145, 0.9926544973086933, 0.7750489572724719, 0.9433387177686638, 0.9952488407678636, 0.9030405429185661, 0.9826606327559063, 0.9958358279579456, 0.727442162653703, 0.9819371187372989, 0.9645363271802513, 0.062099563378743894, 0.09724193588355423, 0.981871524379953, 0.08449083368127419, 0.7678228069229912, 0.062099563378743894, 0.6123172829407882, 0.9888771466961356, 0.062099563378743894, 0.567212736189388, 0.2417765400215599, 0.5288036913314416, 0.617093348409899, 0.0899279861701141, 0.83497343063563, 0.6645530852015545], [0.6366172684016633, 0.34532826452544185, 0.7451556946673817, 0.5865954738491319, 0.6446605527841933, 0.45254772492008577, 0.6207627019023949, 0.6059131528156585, 0.6409548201706037, 0.7499970401728834, 0.3536616895990945, 0.6527813448305873, 0.6013477993551778, 0.6326101210947236, 0.6146475039770573, 0.6348306668262806, 1.0, 0.5544625834656794, 0.5518823891653752, 0.4176271404165983, 0.5518823891653752, 0.6995372772114062, 0.0, 0.8508113537100747, 0.6288727670513825, 0.04957890591717451, 0.005924218298413164, 0.18290654195893807, 0.2977161514935902, 0.3087773371269422, 0.8421783911967776, 0.4597551465256122, 0.45753968835754133, 0.6933503053345517, 0.6361639329005498, 0.4884085495115741, 0.7575542587645274, 0.5921255073052345, 0.7518799673514616, 0.6752980860792313, 0.5686738902452649, 0.4036879386643797, 0.6868382056402889, 0.7133994223695873, 0.6076225191780915, 0.8171388737154988, 0.7167438794485301, 0.5711573362190028, 0.5296615072513187, 0.6076225191780915, 0.3824368222342316, 0.6344975204416244, 0.6076225191780915, 0.8152456539115308, 0.6977905928964667, 0.3096376293249604, 0.8134679684058486, 0.5876197957871696, 0.47610152666182426, 0.8188513221274362], [0.8211947601878296, 0.6257223382981745, 0.9369651645327839, 0.9962656423150876, 0.993556817347044, 0.7725239383277752, 0.9764677340889083, 0.9897667874909823, 0.9941253186123649, 0.9602344565719186, 0.6408222034374624, 0.5571433670832635, 0.9967602960855382, 0.9882686811929983, 0.08250253995152956, 0.9947424842718418, 0.5544625834656794, 1.0, 0.9999909491587534, 0.6595473073050463, 0.9999909491587534, 0.24319255580136856, 0.0, 0.3873124063179898, 0.8960456038832988, 0.07949639567392486, 0.0, 0.0004097297902013741, 0.20502670530937206, 0.32264253414408994, 0.4553656693076562, 0.833059714135943, 0.8155040674915063, 0.9775861829975505, 0.9894883102847974, 0.7734193015641923, 0.924003640944612, 0.9967140581025764, 0.882581894850329, 0.9749031028812741, 0.9997182271502904, 0.7314679592502218, 0.9725744939397973, 0.9517892524048877, 0.004254597580899744, 0.0036193232836023714, 0.9680723280135852, 0.0, 0.75603797243049, 0.004254597580899744, 0.6113774031018719, 0.9856464211680984, 0.004254597580899744, 0.5188011325020929, 0.18589468161148115, 0.5300873066905584, 0.5726896870017679, 0.0358355760404947, 0.8375297940159244, 0.622539376777216], [0.8200833482576552, 0.625728001662981, 0.9354740830254787, 0.9960162000596902, 0.9931635373997507, 0.7725309303825841, 0.9764765720233427, 0.9897757457941272, 0.9938094184198808, 0.9597027175161746, 0.6408280034699882, 0.5568264601873368, 0.9964090792071479, 0.9882776259368982, 0.08250328667567952, 0.9944872765661775, 0.5518823891653752, 0.9999909491587534, 1.0, 0.6595532768170485, 1.0, 0.23922095473399563, 0.0, 0.38344447680434335, 0.8951092861271289, 0.07945700725744653, 0.0, 0.0, 0.2037312077543566, 0.3226454543568762, 0.4522915264591405, 0.8330672540954076, 0.8154666062781967, 0.9767047782176431, 0.9888640849921905, 0.7729935224162803, 0.922371920529039, 0.9964274873894349, 0.8807285740919427, 0.9739470798190315, 0.999608185582503, 0.7314745797105187, 0.9715774811976008, 0.950475528615768, 0.0, 0.0, 0.9670242653383907, 0.0, 0.7559530027009734, 0.0, 0.6110664414274806, 0.9850189706752538, 0.0, 0.5151816411096649, 0.18171256054348628, 0.5299719803883643, 0.569198458208752, 0.03184438290238123, 0.8375373744337385, 0.6192041432309849], [0.922581338262654, 0.994432108019542, 0.6194158581669374, 0.7056094041823247, 0.6614725189751425, 0.9861421229373778, 0.7776345130408038, 0.7350341763603485, 0.6630473542179, 0.6565129709394678, 0.9951760083918321, 0.8935841984797582, 0.6571848732413323, 0.6661571158203752, 0.16153929324763638, 0.6638509763174685, 0.4176271404165983, 0.6595473073050463, 0.6595532768170485, 1.0, 0.6595532768170485, 0.35569560240803866, 0.7457696609804767, 0.3017658002800845, 0.8787315532636639, 0.7957846432933338, 0.746703495915854, 0.7447665479938701, 0.8281831685261656, 0.919232708171233, 0.6571901007468078, 0.9619909222211779, 0.9696041359737403, 0.6486578357634167, 0.6522085475832915, 0.976835972226818, 0.6128657499471033, 0.6930052388773207, 0.7162201232843745, 0.6423699879410376, 0.6592948543340841, 0.9909634534995782, 0.6419574249403068, 0.6268892494329461, 0.0, 0.049360580555417366, 0.643086360630184, 0.09389934931062383, 0.985298842407418, 0.0, 0.990754234956459, 0.713678689500636, 0.0, 0.4105120333663125, 0.11984911474527271, 0.9816181175299021, 0.39481146204665163, 0.2781011434281735, 0.9617527715759201, 0.4083981216866892], [0.8200833482576552, 0.625728001662981, 0.9354740830254787, 0.9960162000596902, 0.9931635373997507, 0.7725309303825841, 0.9764765720233427, 0.9897757457941272, 0.9938094184198808, 0.9597027175161746, 0.6408280034699882, 0.5568264601873368, 0.9964090792071479, 0.9882776259368982, 0.08250328667567952, 0.9944872765661775, 0.5518823891653752, 0.9999909491587534, 1.0, 0.6595532768170485, 1.0, 0.23922095473399563, 0.0, 0.38344447680434335, 0.8951092861271289, 0.07945700725744653, 0.0, 0.0, 0.2037312077543566, 0.3226454543568762, 0.4522915264591405, 0.8330672540954076, 0.8154666062781967, 0.9767047782176431, 0.9888640849921905, 0.7729935224162803, 0.922371920529039, 0.9964274873894349, 0.8807285740919427, 0.9739470798190315, 0.999608185582503, 0.7314745797105187, 0.9715774811976008, 0.950475528615768, 0.0, 0.0, 0.9670242653383907, 0.0, 0.7559530027009734, 0.0, 0.6110664414274806, 0.9850189706752538, 0.0, 0.5151816411096649, 0.18171256054348628, 0.5299719803883643, 0.569198458208752, 0.03184438290238123, 0.8375373744337385, 0.6192041432309849], [0.5762030242197734, 0.35669909878284334, 0.552974374692831, 0.3123302190265965, 0.3258938872018826, 0.35287911689685036, 0.2763452913434349, 0.2625439459259724, 0.30906283529611733, 0.34821820514705903, 0.3570320068135471, 0.37365460636543624, 0.317442813449635, 0.23641671721887136, 0.024562024187809617, 0.2959027804163439, 0.6995372772114062, 0.24319255580136856, 0.23922095473399563, 0.35569560240803866, 0.23922095473399563, 1.0, 0.2653857460086597, 0.9539393040741103, 0.5240672281183489, 0.2923472673408547, 0.26537146989929694, 0.347697735488784, 0.5804327629758465, 0.3209231433552875, 0.9027107900179447, 0.34609103306871214, 0.35850069739845036, 0.42907984229809215, 0.3755552600636558, 0.4461077521728929, 0.5814578275823165, 0.3159982902205044, 0.667448946140426, 0.44479529315188304, 0.2652702883799708, 0.35594228390893945, 0.45322201483244395, 0.5176582669752852, 0.9339934371458842, 0.7945344135411818, 0.4633305148150575, 0.0, 0.3683796536153139, 0.9339934371458842, 0.42480229908797706, 0.3981127187672574, 0.9339934371458842, 0.9432235779516583, 0.9619134766663366, 0.3780768525134226, 0.9106112346837733, 0.9753401078618192, 0.34521448241285246, 0.8815263182309937], [0.5064666253565976, 0.7800413245045755, 0.0, 0.06527974818134308, 0.0, 0.6333178503253234, 0.16109242546597302, 0.09709958968070542, 0.0, 0.0, 0.7676844859502299, 0.6397272454200054, 0.0, 0.0, 0.01818300060623279, 0.0, 0.0, 0.0, 0.0, 0.7457696609804767, 0.0, 0.2653857460086597, 1.0, 0.046496926819551754, 0.3866599911158036, 0.9967937188719582, 0.9999462061938992, 0.9712334878005882, 0.9303295899027567, 0.9184351209107455, 0.447504133322679, 0.5531717185051468, 0.5787049870922274, 0.0, 0.0, 0.6262061679270072, 0.0029012296282548977, 0.04801512629511229, 0.18146716518033545, 0.0, 0.0, 0.681868711144103, 0.0, 0.0, 0.0, 0.0, 0.0, 0.0, 0.6307227203810727, 0.0, 0.7880762545198483, 0.08582569526985862, 0.0, 0.09189041307525825, 0.0, 0.8475450186757902, 0.026006359323277994, 0.3447419354639336, 0.5458393838178589, 0.0], [0.5837040574747864, 0.2762014706012045, 0.6833071120349057, 0.4402285782042954, 0.47720038653516506, 0.33260145664266516, 0.4035709297350092, 0.3998249936646413, 0.4627486661555025, 0.5214490329606577, 0.2814169278758546, 0.39134259279100636, 0.45911127711273814, 0.40201690940057255, 0.18303591177182466, 0.45060327410868095, 0.8508113537100747, 0.3873124063179898, 0.38344447680434335, 0.3017658002800845, 0.38344447680434335, 0.9539393040741103, 0.046496926819551754, 1.0, 0.5631867157524495, 0.0853930247034389, 0.048061631214979306, 0.16569513145021397, 0.39884026492746893, 0.2010006576424076, 0.8930413749024496, 0.345155822303424, 0.3494739138676628, 0.5721003796661244, 0.5145920566726163, 0.41807468737270415, 0.7083550717770413, 0.44752501352300245, 0.7442238122795353, 0.5798051234551538, 0.40876384316636816, 0.31218468707538616, 0.5895094053045421, 0.6472613184687532, 0.9099332980662435, 0.8534938471492515, 0.605321683185488, 0.15109520864299297, 0.36511135543365825, 0.9099332980662435, 0.338641579532003, 0.5177906323559414, 0.9099332980662435, 0.9804453186503955, 0.9644611237375682, 0.2683138432380867, 0.967238187671147, 0.8819004690162746, 0.35020062085811166, 0.951937376472841], [0.9882678216148747, 0.8617057164812048, 0.9155878418429491, 0.9302689592160452, 0.9099775796574513, 0.9363782839861511, 0.9363412431031767, 0.9235019877270176, 0.9065188658154045, 0.887234549502982, 0.8704439732335507, 0.7625744675462387, 0.9106896600363306, 0.8846164802477907, 0.08088009689227404, 0.903959419023101, 0.6288727670513825, 0.8960456038832988, 0.8951092861271289, 0.8787315532636639, 0.8951092861271289, 0.5240672281183489, 0.3866599911158036, 0.5631867157524495, 1.0, 0.45863549757789746, 0.38663919120321455, 0.39691406463955503, 0.6097694429740328, 0.6439250580133375, 0.738483876068511, 0.9595756068719417, 0.9560333429696479, 0.9207044761137182, 0.9181762377958371, 0.9566218479436627, 0.9123131652192226, 0.9258988741294248, 0.95562406675148, 0.9221278104037369, 0.9009718218611802, 0.9184010386579473, 0.9221442063503967, 0.9197695312079281, 0.2219761634935341, 0.18883184171015654, 0.9207298711508769, 0.0, 0.9253259104972774, 0.2219761634935341, 0.868201236229423, 0.9480862562902014, 0.2219761634935341, 0.6857581046259607, 0.38093323575959404, 0.8083617968871621, 0.7019679628867433, 0.37005065271407056, 0.9607417326318427, 0.7285577322315939], [0.5724831117556158, 0.8272587670960468, 0.07765250805868917, 0.14478357055555602, 0.07980510635883198, 0.6926702509957843, 0.23816382393231628, 0.1754328797155802, 0.0796849893904853, 0.07745252145237402, 0.8161413489931271, 0.6826331986755928, 0.07996985368365306, 0.07852558249644015, 0.02468016504269055, 0.07960438771417411, 0.04957890591717451, 0.07949639567392486, 0.07945700725744653, 0.7957846432933338, 0.07945700725744653, 0.2923472673408547, 0.9967937188719582, 0.0853930247034389, 0.45863549757789746, 1.0, 0.9967400975439227, 0.9690272751629593, 0.9464090727499775, 0.941126801923655, 0.48882746388157705, 0.6175911253181372, 0.6417433880381405, 0.07957854677253062, 0.07997510224112725, 0.6865770237415035, 0.07981472664515443, 0.12768925703089662, 0.2549894368954664, 0.07952470412987511, 0.07968973908156285, 0.7378032293524558, 0.07942719589602543, 0.07845180881260505, 0.009426877272014744, 0.008019305175990366, 0.0791784306023624, 0.0, 0.6889696357738133, 0.009426877272014744, 0.8348042206730374, 0.1652271638682581, 0.009426877272014744, 0.1405605870162936, 0.023708271934488656, 0.8872036941114702, 0.0788966835384819, 0.3550107480583743, 0.610637482541346, 0.05660237539968249], [0.5068795974422826, 0.7799993631128145, 0.00026741306652044994, 0.06527623653522707, 0.0007100774219837014, 0.633759605200586, 0.1625703949301619, 0.0981780435587446, 0.0008369807842052435, 0.0026000422361287523, 0.7676431892798461, 0.6451317919838707, 0.0, 0.0015835128586488834, 0.028517245827167415, 0.0008763647268479335, 0.005924218298413164, 0.0, 0.0, 0.746703495915854, 0.0, 0.26537146989929694, 0.9999462061938992, 0.048061631214979306, 0.38663919120321455, 0.9967400975439227, 1.0, 0.97344019709379, 0.9302795439331877, 0.9207595192312319, 0.45025759704353785, 0.5531419612929811, 0.5786937220064786, 0.0004936543289135731, 0.0, 0.6261724819138306, 0.003160513146230226, 0.04801254337871852, 0.18145740337083804, 0.0, 0.0, 0.6818320308308695, 0.00012706587774136135, 0.0, 0.0, 0.0054524660490276045, 0.0005834973262452969, 0.01037230535745326, 0.6324930430078027, 0.0, 0.78803386089862, 0.08582107837904873, 0.0, 0.0921277363744033, 0.0, 0.8474994260033939, 0.026004960342227212, 0.3447233904831024, 0.5460620730754306, 0.0], [0.5264653972713258, 0.7576022562271693, 0.03955715205780119, 0.06925205348061703, 0.024014849251567494, 0.6250903666302953, 0.18767322876857828, 0.11706033705557517, 0.024928079637171585, 0.06682559567687751, 0.7456008808198433, 0.7428135937031578, 0.008153925394621675, 0.033249009282433795, 0.23466855721368884, 0.02438138825256886, 0.18290654195893807, 0.0004097297902013741, 0.0, 0.7447665479938701, 0.0, 0.347697735488784, 0.9712334878005882, 0.16569513145021397, 0.39691406463955503, 0.9690272751629593, 0.97344019709379, 1.0, 0.9329325815028483, 0.9418577023481306, 0.5626268126336894, 0.5372588975163989, 0.5634897780432008, 0.030515950360569977, 0.014331926061650901, 0.6179882729634931, 0.045388182291493995, 0.053324561575728846, 0.21837734057252323, 0.021839113714188674, 0.002695576811594491, 0.6622537265465789, 0.02543443122431044, 0.029930862357321786, 0.09630283062276324, 0.19640878922992733, 0.03617270201307088, 0.21778722870900424, 0.652541045861767, 0.09630283062276324, 0.7725698545098745, 0.09776093010727704, 0.09630283062276324, 0.17636665615419522, 0.09469955120133633, 0.8258830889419353, 0.10439883190976451, 0.42517210636752356, 0.5354298234894727, 0.07561987635681422], [0.7184443049170793, 0.853175847038064, 0.29805787573147846, 0.2821748776527421, 0.2311690150767769, 0.7465829954456942, 0.3488078014823486, 0.29198282954398325, 0.2257552140738096, 0.23425365930062325, 0.8447562560985397, 0.7316740251850834, 0.22881767888812155, 0.20134299432873248, 0.03372467773533827, 0.22154392484664154, 0.2977161514935902, 0.20502670530937206, 0.2037312077543566, 0.8281831685261656, 0.2037312077543566, 0.5804327629758465, 0.9303295899027567, 0.39884026492746893, 0.6097694429740328, 0.9464090727499775, 0.9302795439331877, 0.9329325815028483, 1.0, 0.9201803174817622, 0.7290894060786638, 0.6843538158401592, 0.7077361863268447, 0.26278907666355233, 0.24684214360287704, 0.771078038235047, 0.3081587459350602, 0.268858144025677, 0.4816549512038576, 0.26757334998234605, 0.21218648028214326, 0.783386837972249, 0.27002678156251414, 0.2884126438899617, 0.3049269570541766, 0.2593968558668741, 0.27275494392425226, 0.0, 0.7473713743428383, 0.3049269570541766, 0.8803469649630437, 0.3261336135401305, 0.3049269570541766, 0.45019003726507434, 0.3368709578322089, 0.905077254845773, 0.39074352428593817, 0.6132807384767976, 0.6784430309328404, 0.3655890172115728], [0.7394660713782084, 0.9183056435871106, 0.30772679969645544, 0.381315312829023, 0.33610721343476735, 0.8414137623402256, 0.4958105513816071, 0.4324371292622553, 0.3391156649225039, 0.3670123856144336, 0.9118286360191871, 0.8872134994233625, 0.32148686008610694, 0.3538027240440491, 0.27136088902559463, 0.34020336029493214, 0.3087773371269422, 0.32264253414408994, 0.3226454543568762, 0.919232708171233, 0.3226454543568762, 0.3209231433552875, 0.9184351209107455, 0.2010006576424076, 0.6439250580133375, 0.941126801923655, 0.9207595192312319, 0.9418577023481306, 0.9201803174817622, 1.0, 0.618218312439452, 0.7768376968771274, 0.7950479045631883, 0.3260215994036212, 0.31905250199950197, 0.8245325838100185, 0.3059881067463682, 0.36559157772684103, 0.45082888874671023, 0.31423959808776425, 0.3225190372161193, 0.8622591202860937, 0.31627870460227814, 0.3066666087853266, 0.0, 0.12030600918320555, 0.324880567929026, 0.22885986861070506, 0.8629926313054908, 0.0, 0.9209547197434333, 0.3966372261560812, 0.0, 0.2559618882541672, 0.058628731658904476, 0.9494081621136168, 0.20753444893751938, 0.3268975465710754, 0.7771070926583782, 0.1997834021324214], [0.7991892761039785, 0.6320831898986721, 0.6850139646833523, 0.5236541108148945, 0.5359388125355715, 0.6451059808333067, 0.5521223714610698, 0.5190971673662014, 0.5263495424349972, 0.5930922997513541, 0.6333830564376284, 0.7332952978935036, 0.5119265622706458, 0.48787147122250674, 0.31227907976345826, 0.517353002364371, 0.8421783911967776, 0.4553656693076562, 0.4522915264591405, 0.6571901007468078, 0.4522915264591405, 0.9027107900179447, 0.447504133322679, 0.8930413749024496, 0.738483876068511, 0.48882746388157705, 0.45025759704353785, 0.5626268126336894, 0.7290894060786638, 0.618218312439452, 1.0, 0.6243358904661993, 0.6359398928106411, 0.6058891104651635, 0.5549283876709435, 0.7034431411525247, 0.70407636801281, 0.5224285918063027, 0.7960721944726763, 0.6045818909800325, 0.472365763294876, 0.6359788208437227, 0.6137574095704599, 0.65475796181035, 0.7235082540210039, 0.7562452097544495, 0.6321560129875153, 0.26778392803873974, 0.6863557815024823, 0.7235082540210039, 0.6828681138358034, 0.5921391661774684, 0.7235082540210039, 0.8966875680969189, 0.7936501153798968, 0.6394090436792007, 0.8636525518261748, 0.8474408638717001, 0.629583716871952, 0.8481812084983906], [0.963347596576384, 0.9527703081372132, 0.7793128256234549, 0.865859391303325, 0.827372020969292, 0.9939037445020343, 0.9025824303771572, 0.8782625096087682, 0.8279100832972041, 0.7994969076291002, 0.9585141715610144, 0.8177529099194787, 0.8300757755708322, 0.8233017281231801, 0.07878910817768459, 0.8284747847218057, 0.4597551465256122, 0.833059714135943, 0.8330672540954076, 0.9619909222211779, 0.8330672540954076, 0.34609103306871214, 0.5531717185051468, 0.345155822303424, 0.9595756068719417, 0.6175911253181372, 0.5531419612929811, 0.5372588975163989, 0.6843538158401592, 0.7768376968771274, 0.6243358904661993, 1.0, 0.9994617587159844, 0.8136607676516361, 0.8237902879580119, 0.9903551332035726, 0.7700027212690739, 0.8566517207516118, 0.8340886384372019, 0.8113634194190813, 0.8327408463345084, 0.9865580062985071, 0.8093893844022177, 0.7918100387088188, 0.0, 0.0, 0.805596249369082, 0.0, 0.9786576633187173, 0.0, 0.9450009384556874, 0.8680633964766452, 0.0, 0.48001213283458277, 0.15137878384660763, 0.9103402369410035, 0.48856657909422463, 0.217230001504224, 0.9996678706961072, 0.5158386953259361], [0.9646982461764634, 0.9616740945981732, 0.7666119836918173, 0.85063592445224, 0.8110193296408301, 0.9965652358609596, 0.8897835354274499, 0.8635211876021642, 0.8113777837579321, 0.7844243780352832, 0.9668366777304348, 0.8260885787683591, 0.8134307166547149, 0.8061997993913297, 0.07970968075125728, 0.8117874925374957, 0.45753968835754133, 0.8155040674915063, 0.8154666062781967, 0.9696041359737403, 0.8154666062781967, 0.35850069739845036, 0.5787049870922274, 0.3494739138676628, 0.9560333429696479, 0.6417433880381405, 0.5786937220064786, 0.5634897780432008, 0.7077361863268447, 0.7950479045631883, 0.6359398928106411, 0.9994617587159844, 1.0, 0.7987666279877105, 0.8079541619604984, 0.9938111219600309, 0.7579531929483698, 0.8410721777907525, 0.8278315479973802, 0.7966114481188049, 0.8154421054986303, 0.9910939167765488, 0.794804070288154, 0.7783567635017837, 0.010539627133320906, 0.009972709981816208, 0.7913017159262128, 0.0019152596681069056, 0.9820174097999205, 0.010539627133320906, 0.9551519609910024, 0.854494260870231, 0.010539627133320906, 0.4823134720064389, 0.15854468521329557, 0.9229505539409663, 0.4878736920814176, 0.23535973525496656, 0.9989102756634033, 0.5132163331986249], [0.8580240402989768, 0.6111515290888109, 0.9886574913271784, 0.9855248141346622, 0.9930695393059328, 0.7567179751143268, 0.9605507850481996, 0.9716911718903195, 0.9904773893287808, 0.9758549190674164, 0.6258997730048099, 0.5846453047323615, 0.9909140372504415, 0.9725214554162902, 0.12800470424219323, 0.988335588710145, 0.6933503053345517, 0.9775861829975505, 0.9767047782176431, 0.6486578357634167, 0.9767047782176431, 0.42907984229809215, 0.0, 0.5721003796661244, 0.9207044761137182, 0.07957854677253062, 0.0004936543289135731, 0.030515950360569977, 0.26278907666355233, 0.3260215994036212, 0.6058891104651635, 0.8136607676516361, 0.7987666279877105, 1.0, 0.9969681223129604, 0.7762705533174554, 0.9827348122253445, 0.9877526975998887, 0.951750980884175, 0.998709934273232, 0.9821789345246934, 0.7144347171480059, 0.9989934158934843, 0.9933665913890203, 0.20924300427293785, 0.20301866548826975, 0.9991492434488547, 0.04759350133852269, 0.7511370916006428, 0.20924300427293785, 0.6123967474032995, 0.9933694860169694, 0.20924300427293785, 0.6825295331494373, 0.38323898792328537, 0.5235338679437541, 0.727892405247345, 0.2274053920932202, 0.8191833006408875, 0.7690835397711647], [0.8500866438684589, 0.6187599478184556, 0.9775093794394953, 0.9939652093684224, 0.9961747049129414, 0.7639280916009397, 0.9656026119101736, 0.9787536872121725, 0.9941069338095657, 0.9679190655528499, 0.6336917972887222, 0.5618870500657166, 0.9979138093182557, 0.977272250290345, 0.08158453708739422, 0.9926544973086933, 0.6361639329005498, 0.9894883102847974, 0.9888640849921905, 0.6522085475832915, 0.9888640849921905, 0.3755552600636558, 0.0, 0.5145920566726163, 0.9181762377958371, 0.07997510224112725, 0.0, 0.014331926061650901, 0.24684214360287704, 0.31905250199950197, 0.5549283876709435, 0.8237902879580119, 0.8079541619604984, 0.9969681223129604, 1.0, 0.7795235696408335, 0.9694683776698501, 0.9956707620580825, 0.9360269359247496, 0.9968503310153456, 0.9926422395518195, 0.7233289409604892, 0.9959401466412854, 0.9861447291876908, 0.14882144137374087, 0.12660020075255585, 0.9932218675859517, 0.0, 0.7507462544217347, 0.14882144137374087, 0.6153322335458112, 0.9963093014105191, 0.148821441