"[[1.0, 0.713362234388204, -0.18196451054000873, 0.13287017364099385, -0.3518394686081836, -0.14409707041558484, -0.18465082270148714, 0.1422017968529895, -0.2562244772358846, 0.11196913418573717, 0.5568797701761571, 0.5027700242847105, -0.16220770140320528, -0.15829515769277758, -0.4200661706598561, -0.08297906967982405, -0.6635732667502778, -0.1937997596660661, -0.09329380317495395, 0.12869013756452263, -0.1747008403221566, 0.567151026420481, 0.33447773787128143, 0.6606047570128357, 0.9171929688979136, -0.02935127025894979, 0.36341812613947866, 0.621233927550779, 0.5858319048253864, 0.1879367902487643, 0.7657305928284859, -0.02097323921556149, 0.6116190226489624, -0.004391269873432968, -0.22724856431860396, 0.13232432930713967, -0.0365094819968661, 0.05230926778975831, 0.2560854313677071, -0.06552259827127083, -0.14694841154053062, -0.030904382936015162, -0.29529263076795154, -0.3982894721709238, -0.773575643449512, -0.5480362834453758, -0.35163990414261614, 0.0845683985943273, 0.44085566083105077, -0.6972711952573958, -0.025281063646108493, 0.23665041220923388, 0.1900672806165501, -0.4849564254458849, -0.4593894897398325, 0.2794808452769173, -0.6182168382011684, -0.44775918155355, -0.3678374148509278, -0.40071340332604377], [0.713362234388204, 1.0, -0.5047485312768503, 0.2312550340447478, -0.3608870149392982, 0.5402633544882064, 0.2202452877635256, 0.5285600873641446, -0.282520392625629, 0.005877745726704076, 0.9514066426562398, 0.6633001864112563, -0.33045273963202115, 0.1444144824043575, 0.03344035833438719, -0.20010158960990077, -0.3936079891473405, -0.23078863964728202, 0.027791857609750115, 0.7428073483617635, -0.24152663035890476, -0.08881687144407002, 0.6796477611301701, -0.03963485708171777, 0.3947788592484993, 0.3193262717830404, 0.4805866776835954, 0.5622665704633966, 0.590800141164447, 0.6493625803830944, 0.21708381797078458, 0.17412127363229302, 0.6024935417313262, -0.34272268953741314, -0.4030803318049847, 0.3283191109430649, -0.46744132472207145, 0.026423580791286483, -0.3205943437529988, -0.2424588841302473, -0.287832642963574, 0.4024236810540358, -0.5181835961480488, -0.5082084145658989, -0.8037672735556871, -0.749716749696524, -0.5895795521646954, -0.17761511398993024, 0.7841536798164991, -0.49751850274860177, 0.4279240210406001, -0.06780582648242461, -0.5257807132222305, -0.8075413379573275, -0.8990483173022881, 0.49511713438814275, -0.6431595991679764, -0.48681394633466324, 0.07712615139210377, -0.7912011814607989], [-0.18196451054000873, -0.5047485312768503, 1.0, 0.649551514171521, 0.9092665913621222, -0.1797423802566387, 0.46008919682118343, 0.2857502896669586, 0.911291280002987, 0.7714185654908996, -0.4326504332507066, -0.3609765355616299, 0.8897654220826646, 0.5883317658774089, -0.08345522998197219, 0.9251175285920139, 0.19724235691493996, 0.9031066418074412, 0.3934776828609039, -0.28803700799448095, 0.8833523204835462, -0.0741299374543467, -0.9760672301299502, 0.1298640771401579, 0.06697775386599436, -0.8339003438230104, -0.9030783195838743, -0.7636639453179987, -0.8753798315277921, -0.9344437091364555, -0.04250876657489355, 0.524801930863704, -0.33002495212601035, 0.9804234425847148, 0.9683953178517629, -0.35765060523803927, 0.9556563922452285, 0.7629552211918336, 0.4209956614715744, 0.9450120571584876, 0.9489236585336438, -0.4776986121347164, 0.9884735238196267, 0.8681676763725485, -0.09679317575069968, -0.04968427665441211, 0.9839551806031905, 0.07697959319879222, -0.208767816810687, -0.21047337553287293, -0.7061805507382974, 0.8327514694318942, 0.28461439452621917, 0.19362306403742202, 0.41314559611986534, -0.6872203644853268, 0.03446687139061977, -0.44769247751013586, -0.28672808101432246, 0.5855375075608691], [0.13287017364099385, 0.2312550340447478, 0.649551514171521, 1.0, 0.7925561791826684, 0.4537788310601093, 0.881914341174644, 0.8419609517319577, 0.8337449498008863, 0.7343728094983395, 0.27908001340956745, -0.06615198773097286, 0.8108515522154325, 0.9097153929964665, -0.03517289757314224, 0.8861199577512258, -0.07842701993717327, 0.8846671199485245, 0.7200698468480458, 0.41589436780829303, 0.88528906550944, -0.4758552052973699, -0.49873799922687967, -0.2278072569813594, 0.12366817054148782, -0.4494009718987242, -0.7325841867765321, -0.6071875798227322, -0.605059403935599, -0.360352713833227, -0.25976140830742045, 0.6865362103385432, 0.1980498919411331, 0.7160200853875445, 0.7844455778508403, 0.12048181943821068, 0.6254349440542943, 0.9650202186193922, 0.13978470597856862, 0.8617847766137702, 0.8482296534038085, 0.11324105269072549, 0.6705430143716715, 0.6945064426083891, -0.6709001720058072, -0.7545202936597366, 0.6128770473528523, -0.37579915616662074, 0.32779329912644806, -0.6168009002698203, -0.15523670012716173, 0.8416849567240269, -0.40611692247899556, -0.35948800720944685, -0.26452674923861097, -0.18426926644088337, -0.2451738995827768, -0.7794617321519617, 0.12225978018893768, 0.07919610592563575], [-0.3518394686081836, -0.3608870149392982, 0.9092665913621222, 0.7925561791826684, 1.0, 0.22574775342886522, 0.7637570178921057, 0.5678521118996268, 0.9945174818886972, 0.8002140078714093, -0.21700576362897328, -0.28536207051047247, 0.8834480865365134, 0.8437661753149678, 0.17987930095317717, 0.9582064646820576, 0.3702577428593842, 0.980469214128127, 0.5123313876211004, 0.06925878326225732, 0.9399347602648784, -0.47787477608453144, -0.8634303543200166, -0.27458876297099377, -0.22483105803675096, -0.7146778383492074, -0.9241184573788641, -0.8708132734785223, -0.9570792346217338, -0.7486583166295104, -0.3680157149728105, 0.7099958869878654, -0.3561176953996532, 0.8833832587815786, 0.9648771927476539, -0.2734748239619127, 0.7959128217068797, 0.8383026204343454, 0.11492271509997765, 0.9432731291654696, 0.9677628879598572, -0.26327844087823116, 0.9556879432907013, 0.888414271422896, -0.152276032486391, -0.19984420687018667, 0.9393132327502078, -0.07515167116520516, -0.0022167662491368034, -0.13131359054869818, -0.5059514687666993, 0.7468159709029616, -0.12642102129908728, -0.003047756891623843, 0.16976691386030818, -0.624706144758066, 0.0019461763153116873, -0.540305117644353, -0.05324693415946613, 0.3951981815632042], [-0.14409707041558484, 0.5402633544882064, -0.1797423802566387, 0.4537788310601093, 0.22574775342886522, 1.0, 0.7705315722019724, 0.8197018005181679, 0.2397241887996444, 0.251927105396758, 0.7143514918352342, 0.41080188324520517, -0.021027420922739903, 0.6790219396590931, 0.6385300610667994, 0.15252559304649482, 0.35398745348564975, 0.22631143314878355, 0.2146125556185159, 0.9583160986861371, 0.151613605181659, -0.8637574086811308, 0.28968821912827747, -0.8149734670704185, -0.47580401653663773, 0.1376019439538988, 0.0026881544810274383, -0.12060446247938095, -0.12286768208548371, 0.4065408412715026, -0.5528190179565504, 0.5995319781364674, -0.008891381369331652, -0.13538098952534305, 0.009955105293295574, 0.09999421472943781, -0.3468494840971257, 0.24823868644172986, -0.7465064458119477, 0.06467388301697674, 0.09533648804539785, 0.3903456581010458, -0.06435371267117995, -0.029006642275662076, -0.3945365960504912, -0.5121612505407056, -0.11472266869302428, -0.2366042783886022, 0.718407862766165, 0.03782321089282248, 0.3486385508593053, -0.09922710878470475, -0.9510338624861467, -0.7036880006656965, -0.7704459372538341, 0.08080529943849013, -0.36318843874320095, -0.4737849354305883, 0.3529241179301541, -0.6236404357583565], [-0.18465082270148714, 0.2202452877635256, 0.46008919682118343, 0.881914341174644, 0.7637570178921057, 0.7705315722019724, 1.0, 0.9249686997716575, 0.7797669510948441, 0.65178026153128, 0.3743400015066385, 0.04313250981637973, 0.6117599081924051, 0.9845975522984799, 0.3669406403792771, 0.7388272971872392, 0.27688053855035166, 0.7900773418079401, 0.5922564109718272, 0.6680103353270898, 0.7448505381803155, -0.8176638751108016, -0.33770488009364974, -0.6345530275056208, -0.31041602865691664, -0.31146632981963784, -0.6108339725685508, -0.6221874170895703, -0.6354784431857539, -0.17016527138134063, -0.5588683568314285, 0.7874778398773388, -0.0429526712027255, 0.49006597984606215, 0.6364661610873295, 0.03965834434146187, 0.3291306386425876, 0.7853739319834856, -0.28454897419025715, 0.679701834271346, 0.7013755597640159, 0.19343145699294206, 0.5478426469622857, 0.5753194621958996, -0.47852136181242066, -0.6132894207657746, 0.4971315800033089, -0.3330626542063637, 0.4585137302978497, -0.2512337389149124, -0.01642499102334205, 0.5174981995756144, -0.7077685460282177, -0.46415581622829993, -0.41391008418028763, -0.2168361434182069, -0.22764172838909147, -0.6886075323548619, 0.26181285732562787, -0.12608184774033737], [0.1422017968529895, 0.5285600873641446, 0.2857502896669586, 0.8419609517319577, 0.5678521118996268, 0.8197018005181679, 0.9249686997716575, 1.0, 0.6181376937430751, 0.6848780017949517, 0.6708740581439615, 0.37946420928643976, 0.3999842395102491, 0.9117273948908787, 0.39797219960173635, 0.6090042679596263, 0.17868997003037213, 0.6278128148336873, 0.4033697463357191, 0.8233137927188156, 0.5568795939481905, -0.6667134394500112, -0.10884494673617717, -0.4754742413845041, -0.07639747611677694, -0.3052404865950049, -0.3467416563818695, -0.29568930163685203, -0.36156521059710967, -0.022461056617711472, -0.28074804578931145, 0.8395414662271699, 0.06776491221527381, 0.3844303046576869, 0.440024658193766, -0.018076253419250676, 0.1607137431560023, 0.6751202319356582, -0.3896732483999865, 0.5417904041891011, 0.5423097875551008, 0.1352908497179719, 0.3484618293220991, 0.2913150640848374, -0.7288825820381204, -0.7431193086959813, 0.2760084903303577, -0.18174636077689188, 0.7416026882372337, -0.354152187695858, -0.02793047246976821, 0.4431366377389805, -0.7065398360742909, -0.7529652534145059, -0.6962543240242891, -0.16102215532469488, -0.551628531536795, -0.8590401630226132, 0.07276128318600084, -0.43425700492876973], [-0.2562244772358846, -0.282520392625629, 0.911291280002987, 0.8337449498008863, 0.9945174818886972, 0.2397241887996444, 0.7797669510948441, 0.6181376937430751, 1.0, 0.8485471008966042, -0.14338467334546845, -0.21533418545655714, 0.8819033004847798, 0.8646100039427987, 0.16793264009850195, 0.9775284790726244, 0.3304904262162255, 0.9894166231097773, 0.504368642316108, 0.10896715874191065, 0.9444455209498338, -0.44609205366074756, -0.8449800571291028, -0.2262489459758732, -0.14430141295631804, -0.7455192029764981, -0.9037571599223984, -0.8231819409712788, -0.9226094471426856, -0.745225811054997, -0.2986489449911178, 0.7505426803292151, -0.3150121568444899, 0.9059100910902482, 0.9646804365599796, -0.2831677626727498, 0.8025130776907266, 0.865027596888245, 0.11764971594217422, 0.9614012561379489, 0.9787986931568626, -0.28152608206429863, 0.949506932172409, 0.8612839915577966, -0.24795681978300643, -0.2669810907393406, 0.92530461627552, -0.05418339174526299, 0.0709605575081117, -0.19794095063745942, -0.5283269175175305, 0.7843523931455683, -0.12589491982198142, -0.08011025658286774, 0.10223359935891208, -0.6244369031931356, -0.08611993296726483, -0.6203724408759284, -0.10320321932739618, 0.3390044662630505], [0.11196913418573717, 0.005877745726704076, 0.7714185654908996, 0.7343728094983395, 0.8002140078714093, 0.251927105396758, 0.65178026153128, 0.6848780017949517, 0.8485471008966042, 1.0, 0.1754744725794608, 0.2886648570604585, 0.5918570056299665, 0.7689117945717351, 0.330903200166778, 0.8440563067120302, 0.36940912557224115, 0.8081136784690117, 0.10874996851325247, 0.25390049749760113, 0.6951443611800826, -0.207204874688379, -0.6456604337939806, 0.0244886867337335, 0.12047160304232085, -0.9022329079120661, -0.5711042411197682, -0.40224408290293767, -0.6426780997735833, -0.6962159708283304, 0.13800944121796843, 0.9121901123537344, -0.3742330587604994, 0.8512904821015232, 0.7549928454235059, -0.5778340159384836, 0.6266782886506129, 0.6739323474393532, -0.07806344129848064, 0.8157919555788467, 0.8123450067232028, -0.568482232509907, 0.7780681719985748, 0.4901899730010877, -0.5007817939617352, -0.2865216493379852, 0.7300588596530804, 0.3457890800891452, 0.4523085749754314, -0.19148591671035953, -0.7374689670165155, 0.6653765316779261, -0.0156417612794717, -0.4611648587484678, -0.22047177307170873, -0.7572771199094894, -0.5776064612582332, -0.8750416983724234, -0.5294080943375938, -0.06373297961819846], [0.5568797701761571, 0.9514066426562398, -0.4326504332507066, 0.27908001340956745, -0.21700576362897328, 0.7143514918352342, 0.3743400015066385, 0.6708740581439615, -0.14338467334546845, 0.1754744725794608, 1.0, 0.7892197568773804, -0.33230521734457996, 0.30878442497394687, 0.32940090675662703, -0.11566510601594904, -0.09635404193071517, -0.12917659913878166, -0.07318613400468732, 0.8839146696615605, -0.19418605538236466, -0.27141915493308977, 0.6103782665368113, -0.21418554716347837, 0.19064355782497489, 0.1707039078449415, 0.4387975220510901, 0.4856886255439321, 0.4385365564454724, 0.5684376962114873, 0.12503915101951402, 0.41151804953111726, 0.3451066257513845, -0.2765167676249547, -0.3296940517543465, 0.1077897972202666, -0.4878133027317084, 0.03460188382053253, -0.5601054089771906, -0.18006925092181225, -0.20647238262870715, 0.263980068796009, -0.4124723673502815, -0.483549193905902, -0.7664137245994782, -0.671644001773013, -0.4867815969358129, -0.02074277205372632, 0.9271330013380736, -0.2993602492875518, 0.2959283563484659, -0.12067701228142358, -0.6311183105265612, -0.9364795158607881, -0.9898396015583311, 0.27300599475067777, -0.7579093089602633, -0.6020193355950649, -0.013982066303460439, -0.9005770234652681], [0.5027700242847105, 0.6633001864112563, -0.3609765355616299, -0.06615198773097286, -0.28536207051047247, 0.41080188324520517, 0.04313250981637973, 0.37946420928643976, -0.21533418545655714, 0.2886648570604585, 0.7892197568773804, 1.0, -0.5577218117098053, 0.054266194585498306, 0.5605182096736012, -0.23343037103698738, 0.24569412521865075, -0.27734971083073856, -0.6266386901082956, 0.6072057347311866, -0.4227621965521362, 0.05123273685537655, 0.48760898868544944, 0.06609081627348623, 0.19340849216488376, -0.15984483246574355, 0.6065479727395894, 0.6801995386451215, 0.4462851731464448, 0.28063722145149583, 0.4856279775195722, 0.4627524940780625, -0.1411956924031419, -0.21275780655028953, -0.4065175397415648, -0.4617975365392071, -0.49480107512024274, -0.3000542079874473, -0.664621997713263, -0.2894484206924499, -0.30690737145106706, -0.31885343043837633, -0.3621005385847038, -0.6769156832648915, -0.5004010783015267, -0.16375374113924623, -0.4159273814754427, 0.5937565372489215, 0.894290639694944, 0.10669861602848374, -0.18350801711245746, -0.32384808147292365, -0.1926101432260081, -0.8831352722763943, -0.8242270118818131, -0.1790928785289747, -0.9268527602398535, -0.5388065450457651, -0.5549740560574192, -0.9274542671820107], [-0.16220770140320528, -0.33045273963202115, 0.8897654220826646, 0.8108515522154325, 0.8834480865365134, -0.021027420922739903, 0.6117599081924051, 0.3999842395102491, 0.8819033004847798, 0.5918570056299665, -0.33230521734457996, -0.5577218117098053, 1.0, 0.6781979568422597, -0.2937881900915089, 0.9293386736744118, -0.08149124637515381, 0.9309404106637498, 0.7695884939620458, -0.1507926855746491, 0.9806135139027679, -0.2611173471240127, -0.8468555411161123, -0.05070216075384404, 0.05877702456541023, -0.5241646898715295, -0.9764144668607395, -0.8700717780046592, -0.8275362897844349, -0.6859801630696585, -0.30096292182929085, 0.3862494207482128, 0.03964438878657606, 0.864653942019394, 0.9586406820055139, 0.0918144959942866, 0.918014595634733, 0.9306458236696672, 0.5253435144961249, 0.9487223654797861, 0.9466239948142761, -0.02787993674774003, 0.8901554323806513, 0.9682665797555297, -0.2159422515459195, -0.3581320425581622, 0.8779771871964539, -0.3818051766094386, -0.25761786023664945, -0.4729444663779807, -0.31321603182898583, 0.9179944259192535, 0.006897178995203479, 0.22881045551444656, 0.34947201221052926, -0.3064387999303566, 0.22708234669032767, -0.39157950910403394, 0.1359872210504831, 0.6382619375969782], [-0.15829515769277758, 0.1444144824043575, 0.5883317658774089, 0.9097153929964665, 0.8437661753149678, 0.6790219396590931, 0.9845975522984799, 0.9117273948908787, 0.8646100039427987, 0.7689117945717351, 0.30878442497394687, 0.054266194585498306, 0.6781979568422597, 1.0, 0.36150130102175004, 0.8289178702516001, 0.3141338348147087, 0.8654678436868068, 0.5455885870206366, 0.5830027818866697, 0.8070593096383932, -0.732953658680783, -0.4639815828534086, -0.5265431584221654, -0.24432805191276286, -0.47128346290865686, -0.6766186063087973, -0.6503729666403166, -0.7091538394025958, -0.3271019259744534, -0.45714574942369035, 0.8521248236547356, -0.1269962387550525, 0.6239409634866789, 0.7322435607278643, -0.08917119008686125, 0.4496420517945946, 0.8271583348538054, -0.22469191137669853, 0.7757121961971444, 0.7943549122692922, 0.03467553461993034, 0.6634587497616043, 0.6310845957320448, -0.48644836208368125, -0.5628911015331677, 0.6129410510072958, -0.2182507597016905, 0.4425687794234626, -0.25246491938427873, -0.18642494771020224, 0.6036067194676726, -0.5798511914517861, -0.44949808439236993, -0.3517871491379152, -0.35967975828104914, -0.2799109514442022, -0.7532555855397458, 0.11520083615136723, -0.0716094316833098], [-0.4200661706598561, 0.03344035833438719, -0.08345522998197219, -0.03517289757314224, 0.17987930095317717, 0.6385300610667994, 0.3669406403792771, 0.39797219960173635, 0.16793264009850195, 0.330903200166778, 0.32940090675662703, 0.5605182096736012, -0.2937881900915089, 0.36150130102175004, 1.0, -0.011720738792747598, 0.9026793189247571, 0.047954914115378444, -0.46394767826450334, 0.5748019072063569, -0.12678298111577413, -0.5664755562992543, 0.0932458063914835, -0.5990602463054073, -0.6637805797089125, -0.23457366398248047, 0.16140203691610155, 0.012433046862210695, -0.20693588145432962, 0.035228729485418, -0.2624511281056283, 0.6312765532920174, -0.7276883735477586, -0.08841150094986339, -0.06996976917689879, -0.6173739066887436, -0.37285277766856817, -0.20850268322205623, -0.9259878430270758, -0.09144489491155716, -0.03286626511525803, -0.3109056757385513, 0.02801533701535741, -0.2094551985508024, 0.11648090336561512, 0.24734773203092486, 0.016727423172724798, 0.5021185558444891, 0.5689307365535246, 0.6960738288922823, -0.2175208885506894, -0.4283076383826214, -0.4393546249212208, -0.5192034603335993, -0.46010557860231893, -0.5122745936462512, -0.42551546147587027, -0.26821577033480826, -0.2287732877786166, -0.5726569818043834], [-0.08297906967982405, -0.20010158960990077, 0.9251175285920139, 0.8861199577512258, 0.9582064646820576, 0.15252559304649482, 0.7388272971872392, 0.6090042679596263, 0.9775284790726244, 0.8440563067120302, -0.11566510601594904, -0.23343037103698738, 0.9293386736744118, 0.8289178702516001, -0.011720738792747598, 1.0, 0.13543526148330387, 0.9911500194369928, 0.5765611734765913, 0.05998416077375457, 0.9709308560112452, -0.3211463851639713, -0.8378912186236525, -0.07797856265588798, 0.051951194018980074, -0.7359981754738851, -0.9085204222065313, -0.7743846602948821, -0.8500476685284117, -0.7433920105003806, -0.18360959804808297, 0.6890474043896369, -0.14588058860809472, 0.9427933541174991, 0.9752472323415508, -0.18629938565470883, 0.869743969773974, 0.9300905915143762, 0.2735257227957387, 0.995620465732988, 0.9956182377023013, -0.24411559350223144, 0.9363038884202343, 0.8669363361978585, -0.37269833573038147, -0.38468012719416245, 0.9053340748010701, -0.11986001992593165, 0.056811751329134186, -0.38791205869474443, -0.5113442020699117, 0.8960528368725821, -0.057215123823800784, -0.07851282356967682, 0.10306123552833568, -0.5346860334492964, -0.1096431120191157, -0.6625273845047224, -0.11422721059845942, 0.37207967357591687], [-0.6635732667502778, -0.3936079891473405, 0.19724235691493996, -0.07842701993717327, 0.3702577428593842, 0.35398745348564975, 0.27688053855035166, 0.17868997003037213, 0.3304904262162255, 0.36940912557224115, -0.09635404193071517, 0.24569412521865075, -0.08149124637515381, 0.3141338348147087, 0.9026793189247571, 0.13543526148330387, 1.0, 0.19790866017599917, -0.42524694033246724, 0.21336736344492213, 0.03727588852136765, -0.4751640568810931, -0.2530959788621523, -0.5077820801431441, -0.7447956655529213, -0.41660253940963843, -0.09825709213793221, -0.25121957958785224, -0.4795712484098693, -0.2988244594580336, -0.3064119118928694, 0.5576533979074189, -0.9352017077856827, 0.13100021641155668, 0.16265304500042355, -0.7397019440500208, -0.08759854028085834, -0.1509126743293685, -0.6952623345507756, 0.0804311317110541, 0.1512852215574243, -0.49835584403571476, 0.3018632420422236, 0.060539434190246544, 0.4063930457637117, 0.5207142286721098, 0.31844141082907496, 0.5575620743542309, 0.21052590909918756, 0.8186357312851915, -0.4371270133979617, -0.3046916915673692, -0.16282809547344956, -0.1569189162100284, -0.04577505306324747, -0.7277268012781981, -0.15558976162717753, -0.0997857044686512, -0.28564626348052125, -0.18238771037100188], [-0.1937997596660661, -0.23078863964728202, 0.9031066418074412, 0.8846671199485245, 0.980469214128127, 0.22631143314878355, 0.7900773418079401, 0.6278128148336873, 0.9894166231097773, 0.8081136784690117, -0.12917659913878166, -0.27734971083073856, 0.9309404106637498, 0.8654678436868068, 0.047954914115378444, 0.9911500194369928, 0.19790866017599917, 1.0, 0.6131398482084407, 0.10301691865336404, 0.9802472230232168, -0.43168249169816364, -0.8275412519598966, -0.20186167085031248, -0.0720429557691542, -0.6818813096280256, -0.9301645178370248, -0.8359468126624181, -0.8933627017893586, -0.7042093608691793, -0.30954888585648255, 0.691829069609545, -0.17807760351755797, 0.9029770987597966, 0.9743745746964678, -0.15406531155425385, 0.8312306150223625, 0.9265734070934531, 0.2107818211905852, 0.9806401752462127, 0.9904066741571839, -0.17853600199833264, 0.9328405161998196, 0.894286639294809, -0.3091804411615964, -0.3663657301000227, 0.9056137829292165, -0.17504628961681856, 0.03934803706151324, -0.3226422567491867, -0.4462250979072424, 0.8497490334828951, -0.14570534496469079, -0.056146402913966886, 0.10665625041295423, -0.5159024451306216, -0.04252069021031635, -0.6161663779216875, -0.019824470081297285, 0.3792225935673934], [-0.09329380317495395, 0.027791857609750115, 0.3934776828609039, 0.7200698468480458, 0.5123313876211004, 0.2146125556185159, 0.5922564109718272, 0.4033697463357191, 0.504368642316108, 0.10874996851325247, -0.07318613400468732, -0.6266386901082956, 0.7695884939620458, 0.5455885870206366, -0.46394767826450334, 0.5765611734765913, -0.42524694033246724, 0.6131398482084407, 1.0, 0.09922413383769046, 0.7401922823099678, -0.4355919396800434, -0.34368425010286496, -0.2997706739325354, 0.003818700222951499, 0.11402092757863269, -0.7078336632690068, -0.694875065660169, -0.45207558878455356, -0.07486973701397104, -0.5636516590275766, 0.043978575703608525, 0.5288411051796122, 0.36665331365482234, 0.5777039981046368, 0.6830067992174237, 0.5089540628959603, 0.8035982438632158, 0.4604643690477723, 0.5871445130872512, 0.5792532262134585, 0.6143863882379302, 0.4130767341924999, 0.7410206173612727, -0.28323537659684517, -0.6404105305975145, 0.3959994933403379, -0.8784040546083169, -0.23394256243264833, -0.6419013377696134, 0.3599930067296657, 0.6757094130483123, -0.3907967942642614, 0.19816063940059658, 0.13283859036422918, 0.3399821055073329, 0.4211508215978057, -0.15238564336788873, 0.6838182911414982, 0.47157884179752374], [0.12869013756452263, 0.7428073483617635, -0.28803700799448095, 0.41589436780829303, 0.06925878326225732, 0.9583160986861371, 0.6680103353270898, 0.8233137927188156, 0.10896715874191065, 0.25390049749760113, 0.8839146696615605, 0.6072057347311866, -0.1507926855746491, 0.5830027818866697, 0.5748019072063569, 0.05998416077375457, 0.21336736344492213, 0.10301691865336404, 0.09922413383769046, 1.0, 0.02270866473045896, -0.6852405330723974, 0.43410441488547047, -0.6282179222992488, -0.24226630416403583, 0.1440090855922258, 0.18017884023423325, 0.11842721037228254, 0.08986116265010513, 0.4904114020245691, -0.3098976323584999, 0.5817455511537178, 0.1162163231444655, -0.19410892946257152, -0.1228325614758985, 0.08875694084107544, -0.4269205205736393, 0.17754995663527806, -0.7353441773169984, -0.02548598480443598, -0.015299903317418817, 0.3478583920828038, -0.20256819849863894, -0.21765371298937275, -0.5744312681324093, -0.6059446624191189, -0.26659330823972405, -0.14626781575615477, 0.864934629758743, -0.08568695551637484, 0.33430998644362153, -0.11611932682474224, -0.8851744095605756, -0.8582649098661395, -0.919406116895531, 0.14494195365884444, -0.5637160307213367, -0.570591582106021, 0.2111704859667265, -0.7884623178244696], [-0.1747008403221566, -0.24152663035890476, 0.8833523204835462, 0.88528906550944, 0.9399347602648784, 0.151613605181659, 0.7448505381803155, 0.5568795939481905, 0.9444455209498338, 0.6951443611800826, -0.19418605538236466, -0.4227621965521362, 0.9806135139027679, 0.8070593096383932, -0.12678298111577413, 0.9709308560112452, 0.03727588852136765, 0.9802472230232168, 0.7401922823099678, 0.02270866473045896, 1.0, -0.3921474802882321, -0.8170811992322822, -0.16776072200587167, -0.016766194075585217, -0.570828288046642, -0.9637814035529046, -0.868511788761225, -0.8606603087861728, -0.6591737199370429, -0.3462476536435428, 0.5480064237043425, -0.02800652220734423, 0.8728411930368578, 0.9700364002356695, 0.01860765555486088, 0.8642623568171052, 0.9598601488917059, 0.3578741988036933, 0.9725450168356511, 0.9762287501541606, -0.04538243471890091, 0.9027421936847417, 0.9432287350621297, -0.2949065594988707, -0.4167164022466727, 0.8800640791023344, -0.33395931670793444, -0.08769605117224133, -0.43057770756234826, -0.33067998493445483, 0.8962408100766088, -0.12830298588063016, 0.06354229703722236, 0.19404946267632206, -0.3702841633204441, 0.09588797355680623, -0.5201742538907004, 0.11046710541670657, 0.49354150267460783], [0.567151026420481, -0.08881687144407002, -0.0741299374543467, -0.4758552052973699, -0.47787477608453144, -0.8637574086811308, -0.8176638751108016, -0.6667134394500112, -0.44609205366074756, -0.207204874688379, -0.27141915493308977, 0.05123273685537655, -0.2611173471240127, -0.732953658680783, -0.5664755562992543, -0.3211463851639713, -0.4751640568810931, -0.43168249169816364, -0.4355919396800434, -0.6852405330723974, -0.3921474802882321, 1.0, 0.0434360785669301, 0.9635564106259932, 0.7526065914151154, -0.09968626457171492, 0.3488732148245196, 0.5437836366531773, 0.48473537782530407, -0.16767564415629033, 0.8722720614561036, -0.5040935270307307, 0.17348473749092852, -0.02547114852152088, -0.27611660334044985, -0.14614259984024303, 0.09393427397452425, -0.37631318281366455, 0.5626091902958347, -0.2496406726114846, -0.3064922995846937, -0.4177542433325132, -0.21454603941767925, -0.3488754975096757, 0.03597963525861181, 0.2956467794755151, -0.1962380926733216, 0.39911130847596676, -0.30156387299141807, -0.180943607341997, -0.3180413815128764, -0.007846426867797351, 0.877828199288921, 0.2797532485971259, 0.34447508360226897, 0.02074061572667263, -0.07708288784649331, 0.22623979303867148, -0.5576165060670002, 0.1768025963089912], [0.33447773787128143, 0.6796477611301701, -0.9760672301299502, -0.49873799922687967, -0.8634303543200166, 0.28968821912827747, -0.33770488009364974, -0.10884494673617717, -0.8449800571291028, -0.6456604337939806, 0.6103782665368113, 0.48760898868544944, -0.8468555411161123, -0.4639815828534086, 0.0932458063914835, -0.8378912186236525, -0.2530959788621523, -0.8275412519598966, -0.34368425010286496, 0.43410441488547047, -0.8170811992322822, 0.0434360785669301, 1.0, -0.11775507653536277, 0.04061217944700246, 0.7781600612413331, 0.894566824428404, 0.7973091163628806, 0.8926878631558841, 0.9522030259993645, 0.09952810606645568, -0.3924832006508283, 0.4173847390987502, -0.9176680995870268, -0.9266360686049007, 0.3682967984358162, -0.933195439794769, -0.6490037508968403, -0.4495825863156495, -0.8661468844966687, -0.8805415330505613, 0.49123124341662283, -0.9694599878371639, -0.8732435497132109, -0.1190541769098119, -0.13760707284321216, -0.9837410497264099, -0.09143152422546685, 0.38399728133359157, 0.06490860309126245, 0.6945947352031259, -0.7309069824481425, -0.36959964654261634, -0.3763307139935528, -0.5824844099798838, 0.6943479725384454, -0.20394169115245497, 0.25187965322698247, 0.24689408065551, -0.7062031767640269], [0.6606047570128357, -0.03963485708171777, 0.1298640771401579, -0.2278072569813594, -0.27458876297099377, -0.8149734670704185, -0.6345530275056208, -0.4754742413845041, -0.2262489459758732, 0.0244886867337335, -0.21418554716347837, 0.06609081627348623, -0.05070216075384404, -0.5265431584221654, -0.5990602463054073, -0.07797856265588798, -0.5077820801431441, -0.20186167085031248, -0.2997706739325354, -0.6282179222992488, -0.16776072200587167, 0.9635564106259932, -0.11775507653536277, 1.0, 0.860355522020328, -0.28434522238642024, 0.16666121065497275, 0.4220981535194841, 0.3388766892895383, -0.32018596855093095, 0.9030841022277039, -0.31686529351709014, 0.20673345233791784, 0.2052729173168817, -0.060229408974120435, -0.1771029480216577, 0.29600833835044393, -0.13289456999746463, 0.6384801368139402, -0.008044579072488789, -0.07360411918147536, -0.4739777390156883, -0.01792187189799077, -0.182087060900324, -0.15888417536596933, 0.12244945129306561, -0.015394126396837127, 0.37574191042374805, -0.21400489559113867, -0.3569579540843224, -0.4408339946130204, 0.23942986587455606, 0.8604578076817008, 0.18210342253834855, 0.29375867935758637, -0.07946529727378682, -0.1894822294553986, -0.005652753792680043, -0.6223413327885958, 0.20334207707989083], [0.9171929688979136, 0.3947788592484993, 0.06697775386599436, 0.12366817054148782, -0.22483105803675096, -0.47580401653663773, -0.31041602865691664, -0.07639747611677694, -0.14430141295631804, 0.12047160304232085, 0.19064355782497489, 0.19340849216488376, 0.05877702456541023, -0.24432805191276286, -0.6637805797089125, 0.051951194018980074, -0.7447956655529213, -0.0720429557691542, 0.003818700222951499, -0.24226630416403583, -0.016766194075585217, 0.7526065914151154, 0.04061217944700246, 0.860355522020328, 1.0, -0.16412625179768514, 0.13411690124968134, 0.42778411861077514, 0.4106387024757644, -0.09620353764064515, 0.8122836264954826, -0.15808455524177067, 0.5732424111528165, 0.205872943039905, -0.02275764453061435, 0.11809432902154693, 0.2638296878126394, 0.1462819510798058, 0.5950137349761183, 0.10193304998698505, 0.017543406530557082, -0.15261252541772397, -0.07441415899762305, -0.15684905960943407, -0.6030246657594986, -0.3939817242249979, -0.11008399258166124, 0.06784087843670628, 0.0940553249914775, -0.7399230061310049, -0.19019690281685486, 0.4272821102987525, 0.49294391561711337, -0.1448255476138387, -0.07895062436521627, 0.17748220915037471, -0.37758705815400284, -0.3104777265449814, -0.4113748610182646, -0.017404542346661334], [-0.02935127025894979, 0.3193262717830404, -0.8339003438230104, -0.4494009718987242, -0.7146778383492074, 0.1376019439538988, -0.31146632981963784, -0.3052404865950049, -0.7455192029764981, -0.9022329079120661, 0.1707039078449415, -0.15984483246574355, -0.5241646898715295, -0.47128346290865686, -0.23457366398248047, -0.7359981754738851, -0.41660253940963843, -0.6818813096280256, 0.11402092757863269, 0.1440090855922258, -0.570828288046642, -0.09968626457171492, 0.7781600612413331, -0.28434522238642024, -0.16412625179768514, 1.0, 0.5369528450643097, 0.35709078623886836, 0.6377756439203613, 0.8951727075922162, -0.32557807251996174, -0.7080199130941014, 0.56333555575598, -0.875728688414555, -0.7214913100948168, 0.765221729497252, -0.7077288999036424, -0.4658378548350064, -0.09505197065107818, -0.7363350977194001, -0.7349362509545214, 0.8314088934328987, -0.8108267623651653, -0.4636576982476375, 0.19917569719310435, -0.08905567968795136, -0.7921958556629987, -0.5748811702480905, -0.1577397269572598, 0.0017570889010981583, 0.9507402883961421, -0.5827060973416729, -0.3837327721035868, 0.16001512967411413, -0.12112086716843784, 0.9122849056574832, 0.42655247958578135, 0.6275168391093546, 0.7345963183822614, -0.1636878455687354], [0.36341812613947866, 0.4805866776835954, -0.9030783195838743, -0.7325841867765321, -0.9241184573788641, 0.0026881544810274383, -0.6108339725685508, -0.3467416563818695, -0.9037571599223984, -0.5711042411197682, 0.4387975220510901, 0.6065479727395894, -0.9764144668607395, -0.6766186063087973, 0.16140203691610155, -0.9085204222065313, -0.09825709213793221, -0.9301645178370248, -0.7078336632690068, 0.18017884023423325, -0.9637814035529046, 0.3488732148245196, 0.894566824428404, 0.16666121065497275, 0.13411690124968134, 0.5369528450643097, 1.0, 0.9473525322431504, 0.920238941646147, 0.7255022385135699, 0.4149282072170354, -0.3989211846551244, 0.13677204710952906, -0.8439733961226745, -0.9665515814693872, -0.0012132100421700098, -0.8890875327068, -0.8610025879614529, -0.4300678438187271, -0.9227702076160087, -0.9384671653493606, 0.07750194248529241, -0.9260501761480944, -0.9954324924981148, 0.03688746728136183, 0.19468993770886667, -0.9264226670515912, 0.3234211668399075, 0.3233495138825049, 0.2752703048143479, 0.3448387894051336, -0.8191196200234532, 0.003675048150433735, -0.3067190261672841, -0.42987978737857335, 0.401393828481998, -0.3142022920949483, 0.2961088393382256, -0.15156477156100623, -0.6803692741606646], [0.621233927550779, 0.5622665704633966, -0.7636639453179987, -0.6071875798227322, -0.8708132734785223, -0.12060446247938095, -0.6221874170895703, -0.29568930163685203, -0.8231819409712788, -0.40224408290293767, 0.4856886255439321, 0.6801995386451215, -0.8700717780046592, -0.6503729666403166, 0.012433046862210695, -0.7743846602948821, -0.25121957958785224, -0.8359468126624181, -0.694875065660169, 0.11842721037228254, -0.868511788761225, 0.5437836366531773, 0.7973091163628806, 0.4220981535194841, 0.42778411861077514, 0.35709078623886836, 0.9473525322431504, 1.0, 0.9342242803104593, 0.5822026343177029, 0.6633927377212718, -0.3284598920273276, 0.2319174909416677, -0.6588798877493263, -0.8592231951891569, -0.05677518014226557, -0.7133106030178, -0.7303479694801709, -0.2574287577562606, -0.7764722681774141, -0.8156274588687336, -0.05793761037167644, -0.8264523141226527, -0.9593808842579559, -0.1779803643784279, 0.0681991120827854, -0.8411933356154826, 0.39717066023314473, 0.3852582081320639, 0.05235945683039833, 0.17538143379819404, -0.6044494333417112, 0.16349308019903963, -0.3837273704858697, -0.4522025276425632, 0.3339894081192465, -0.4805199432089591, 0.10512934825080167, -0.34613006706188276, -0.6680199658274426], [0.5858319048253864, 0.590800141164447, -0.8753798315277921, -0.605059403935599, -0.9570792346217338, -0.12286768208548371, -0.6354784431857539, -0.36156521059710967, -0.9226094471426856, -0.6426780997735833, 0.4385365564454724, 0.4462851731464448, -0.8275362897844349, -0.7091538394025958, -0.20693588145432962, -0.8500476685284117, -0.4795712484098693, -0.8933627017893586, -0.45207558878455356, 0.08986116265010513, -0.8606603087861728, 0.48473537782530407, 0.8926878631558841, 0.3388766892895383, 0.4106387024757644, 0.6377756439203613, 0.920238941646147, 0.9342242803104593, 1.0, 0.7628042028871016, 0.4825444089202804, -0.5611697792098034, 0.4927690341171759, -0.7953701623094893, -0.9149963249171735, 0.29264673012822373, -0.7524085889479601, -0.6930995945177116, -0.1136871359047944, -0.8421221147181464, -0.8839479901188416, 0.27001305225766936, -0.9358411299973981, -0.9020336905197905, -0.13929400613199583, -0.045739549716391714, -0.9438774622504853, 0.06175342561083397, 0.21546509745492837, -0.08495795890384028, 0.480258330722805, -0.5996673076324832, 0.05428621259093236, -0.22205690643905696, -0.3748757489572787, 0.6425509988008999, -0.22496760467168908, 0.2890007068134054, -0.018099925633976888, -0.5385642609099597], [0.1879367902487643, 0.6493625803830944, -0.9344437091364555, -0.360352713833227, -0.7486583166295104, 0.4065408412715026, -0.17016527138134063, -0.022461056617711472, -0.745225811054997, -0.6962159708283304, 0.5684376962114873, 0.28063722145149583, -0.6859801630696585, -0.3271019259744534, 0.035228729485418, -0.7433920105003806, -0.2988244594580336, -0.7042093608691793, -0.07486973701397104, 0.4904114020245691, -0.6591737199370429, -0.16767564415629033, 0.9522030259993645, -0.32018596855093095, -0.09620353764064515, 0.8951727075922162, 0.7255022385135699, 0.5822026343177029, 0.7628042028871016, 1.0, -0.1722225718725281, -0.4144715231157168, 0.5188478511840595, -0.9048947283028399, -0.819217884466112, 0.5830451272148384, -0.8767023346190406, -0.49013334140187337, -0.4040594459056428, -0.774433074996626, -0.7799984171520138, 0.7246364307811701, -0.9037637361566202, -0.6871760751784826, -0.09581318450828702, -0.25432169435352536, -0.91596880641085, -0.36811928083793277, 0.2903967865565056, -0.0069435402605060315, 0.8742210341499408, -0.6466891398311769, -0.5523280926416203, -0.2854802701462249, -0.5355993378415367, 0.8206031299959586, -0.009621339962019748, 0.30046628698782185, 0.5269707275490609, -0.5825777047296463], [0.7657305928284859, 0.21708381797078458, -0.04250876657489355, -0.25976140830742045, -0.3680157149728105, -0.5528190179565504, -0.5588683568314285, -0.28074804578931145, -0.2986489449911178, 0.13800944121796843, 0.12503915101951402, 0.4856279775195722, -0.30096292182929085, -0.45714574942369035, -0.2624511281056283, -0.18360959804808297, -0.3064119118928694, -0.30954888585648255, -0.5636516590275766, -0.3098976323584999, -0.3462476536435428, 0.8722720614561036, 0.09952810606645568, 0.9030841022277039, 0.8122836264954826, -0.32557807251996174, 0.4149282072170354, 0.6633927377212718, 0.4825444089202804, -0.1722225718725281, 1.0, -0.08482852328474788, 0.08107477853923417, 0.08162789336142562, -0.2357680374011255, -0.38366147995793454, 0.038673849371376634, -0.2743111539214733, 0.2604492400198386, -0.14620121800742325, -0.20852343818397068, -0.5785881681056417, -0.17081019639731387, -0.4584543699427934, -0.31448481588778066, 0.08282219857049689, -0.18867708053186272, 0.614353633099609, 0.1804510681859769, -0.22328691071434092, -0.4833659237127732, 0.044350626456184816, 0.6906529900321582, -0.20116923073068826, -0.07501671997256176, -0.1709975638355079, -0.5533646835314039, -0.2123905322739772, -0.7999703614316545, -0.21310030972026794], [-0.02097323921556149, 0.17412127363229302, 0.524801930863704, 0.6865362103385432, 0.7099958869878654, 0.5995319781364674, 0.7874778398773388, 0.8395414662271699, 0.7505426803292151, 0.9121901123537344, 0.41151804953111726, 0.4627524940780625, 0.3862494207482128, 0.8521248236547356, 0.6312765532920174, 0.6890474043896369, 0.5576533979074189, 0.691829069609545, 0.043978575703608525, 0.5817455511537178, 0.5480064237043425, -0.5040935270307307, -0.3924832006508283, -0.31686529351709014, -0.15808455524177067, -0.7080199130941014, -0.3989211846551244, -0.3284598920273276, -0.5611697792098034, -0.4144715231157168, -0.08482852328474788, 1.0, -0.4310902775838099, 0.6011272509163793, 0.5661206150220388, -0.5448246398827683, 0.30965262677991556, 0.5456244884920806, -0.4536348634918046, 0.6268024050585739, 0.6431777093675871, -0.397093910534277, 0.5826474144676451, 0.3185182896230556, -0.4858503944135715, -0.32094824440877323, 0.5282876068649209, 0.3085161193535707, 0.6739922626895375, -0.0058041535909487685, -0.519301764869498, 0.4013669107969523, -0.3612113939309074, -0.6672714731862266, -0.487012040064875, -0.6636382938905823, -0.6467185108894209, -0.8702927502220672, -0.3667883041235651, -0.3481214582319725], [0.6116190226489624, 0.6024935417313262, -0.33002495212601035, 0.1980498919411331, -0.3561176953996532, -0.008891381369331652, -0.0429526712027255, 0.06776491221527381, -0.3150121568444899, -0.3742330587604994, 0.3451066257513845, -0.1411956924031419, 0.03964438878657606, -0.1269962387550525, -0.7276883735477586, -0.14588058860809472, -0.9352017077856827, -0.17807760351755797, 0.5288411051796122, 0.1162163231444655, -0.0