"[[1.0, 0.6798242699141549, -0.03202542705772271, 0.30191811688126924, -0.28016936353948774, -0.13206871851548452, -0.09879896579510761, 0.08974218093652142, -0.131739699139231, 0.20629774426231506, 0.5406678020475023, 0.440148953007268, -0.0680744719868438, -0.19465299117158974, -0.4185315676508228, 0.04099496747799547, -0.6710320297758514, -0.08080998905940562, -0.06828578090593163, 0.12462448131763115, -0.03671609760781558, 0.5511248836756893, 0.20735453721755426, 0.617531956551381, 0.9304279404576452, -0.15612055962727966, 0.31821926719673377, 0.47775822738355667, 0.5852651125651763, 0.11858966309409469, 0.7558428639252283, 0.03917034415616527, 0.5274630298437968, 0.1289713074857045, -0.09489907146647769, 0.13796556533875737, 0.07890345313114266, 0.1569503913083461, 0.2905788769424631, 0.0436861134656743, -0.026118642571067552, -0.03405547491363814, -0.19712692998303027, -0.23361519454716673, -0.812730496242549, -0.6214359717093467, -0.2216584454281123, -0.059606737752910366, 0.4185910563251991, -0.7530359483461413, -0.020023525888277938, 0.3539950886241603, 0.18277671460560896, -0.5043005107836054, -0.24345085545000256, 0.20201715668690323, -0.6177868230596593, -0.5099981707536072, -0.3564017868872935, -0.36987850493100183], [0.6798242699141549, 1.0, -0.30502177618732373, 0.4008341868064673, -0.21041484898274954, 0.6164717235870029, 0.3549300339081687, 0.5893442941912209, -0.07760222178665366, 0.23042895846104028, 0.9735800991312299, 0.7542155189485503, -0.2627669273197206, 0.23497277432857377, 0.1937542486304925, -0.013514730399087016, -0.23169529174533232, -0.08951874230242596, -0.07933410905906824, 0.8015398291094714, -0.13586545125552751, -0.09847626668632947, 0.517220782066859, -0.1230016639247995, 0.3652164107642255, 0.11458284344702518, 0.40842561654258347, 0.5086140462809674, 0.47693012226880516, 0.4058417872410661, 0.2344800584501736, 0.4132591767785144, 0.34770649638066153, -0.18988275395303789, -0.28434501989763383, 0.1929950635686848, -0.3803502797864957, 0.06408860258644689, -0.44488774333704617, -0.16289677422255333, -0.12100942331021303, 0.15676423877255918, -0.37470830466697813, -0.4134358196778871, -0.849175084569153, -0.7173910250796167, -0.4447652080566997, -0.16861250416657136, 0.900774868400887, -0.5062115128646718, 0.24424366687333854, -0.03406906285163824, -0.5072847640674572, -0.9081262751790296, -0.8761639504420096, 0.27663661396542216, -0.7526825301596105, -0.6325450853161168, -0.06138623189322301, -0.8489180240287462], [-0.03202542705772271, -0.30502177618732373, 1.0, 0.6692296729622319, 0.8960970859457686, -0.15391635479643373, 0.4761524663182928, 0.3367917769544002, 0.9081209192224011, 0.7948671382236885, -0.3106221670141138, -0.25654929776620916, 0.8756489271375262, 0.5614649563157141, -0.05276858067900969, 0.927147636264893, 0.17086557783616185, 0.9071709298965376, 0.3278669968814685, -0.23699819730587746, 0.8708251051413564, -0.09868695336635547, -0.9723064009672318, 0.15127546392721725, 0.113115092281732, -0.8374971357614072, -0.8631325197823958, -0.7277814311282216, -0.7932927229917, -0.950377123352963, -0.008870034007853134, 0.5163291416300335, -0.3402529045344098, 0.9869948673030349, 0.9635607091741417, -0.4164665956212439, 0.9367106048316004, 0.7571955617622207, 0.37368371434302516, 0.9560562006103973, 0.9499581943491924, -0.49933822796920424, 0.9839112292047937, 0.855000958343451, -0.15644762864278872, -0.016730462063224927, 0.9799055326740665, 0.06573898043480109, -0.16875945135610348, -0.24911398446562294, -0.7036447601470084, 0.805813573439251, 0.32717456400674916, 0.0890130330982013, 0.35481317315377214, -0.712692770271599, -0.025637586539540846, -0.5363952898358322, -0.3383339946889399, 0.43801989598058344], [0.30191811688126924, 0.4008341868064673, 0.6692296729622319, 1.0, 0.7588914708895301, 0.42635307152842994, 0.8666431985929434, 0.8406530173484577, 0.8318124981695215, 0.7706594431900194, 0.3540659634422022, 0.07247779911291574, 0.7642698514915238, 0.8418516408833872, 0.012379513322428926, 0.8888969481512801, -0.08444900365443408, 0.8674245052277938, 0.5740353894069644, 0.45443255029091145, 0.8493413508645935, -0.4434609755923906, -0.5151509023351672, -0.1974769052095604, 0.19873263525792384, -0.4582543359609381, -0.6655187636130617, -0.5317317261536445, -0.5092182043842322, -0.4608273288965927, -0.17108266222528856, 0.7027196657488912, 0.11761071885713648, 0.7149065790457817, 0.7538974628889965, 0.05628516982888998, 0.5962255801978464, 0.9095388939721398, 0.02655813902726134, 0.8196948561884381, 0.8443636185509463, -0.021251883158194484, 0.6493539125777092, 0.6567883390499238, -0.7344074314550224, -0.6913769591160519, 0.5969652987210429, -0.40594593949125835, 0.40577035213945956, -0.6764930428088998, -0.19319100557547975, 0.7803799662909376, -0.3372329565723735, -0.46035264978095425, -0.3669994540381598, -0.23945912144326598, -0.30550914684919706, -0.8783451196435865, 0.019093396706242327, -0.07845164567655072], [-0.28016936353948774, -0.21041484898274954, 0.8960970859457686, 0.7588914708895301, 1.0, 0.2360870161701103, 0.7677902328018555, 0.6124145383552382, 0.9864988487791496, 0.7752126403356394, -0.167198817316351, -0.2264564548390755, 0.8720321732614861, 0.8423990376855225, 0.21417362607746182, 0.94673321179462, 0.3774406589346275, 0.9714308613280124, 0.4589690714621949, 0.09621168172098116, 0.908853162507024, -0.5275039422632537, -0.8669148451537763, -0.30151504299470067, -0.24368479593819536, -0.6476065272050464, -0.9239436938726706, -0.8415985618789277, -0.9379982354275411, -0.8083031182088434, -0.40321162515487297, 0.6763582072052978, -0.38788626934056136, 0.8455741291596406, 0.9379657683099358, -0.2979161945982014, 0.7555879970431019, 0.7942630595358531, 0.037516865518320675, 0.9111332891627756, 0.9589663257650167, -0.3047930481575407, 0.9468984296863507, 0.8718637578279115, -0.13663812470168502, -0.09504649013690547, 0.9235653346154771, -0.10847549403878465, -0.0030823570372269238, -0.14360446708260222, -0.499988451789791, 0.6624360232646402, -0.08824433197541293, -0.030730619703055462, 0.06272592483486661, -0.6282979446278574, 0.0343523918903309, -0.5620199573298676, -0.05922181073060506, 0.2960311218516505], [-0.13206871851548452, 0.6164717235870029, -0.15391635479643373, 0.42635307152842994, 0.2360870161701103, 1.0, 0.753312170462912, 0.8430533943538433, 0.2652870433647545, 0.2934493615981715, 0.725167619072771, 0.5146852081631548, -0.06655139121723774, 0.7047662520350739, 0.7079541465021574, 0.17449751232354005, 0.42824724088136934, 0.1977876149931742, 0.07799876961681784, 0.9636590448396934, 0.07986162653979345, -0.7915307124398667, 0.2726936391724567, -0.8319050532057941, -0.4719585066075038, 0.1466939870586098, 0.00609616269307145, 0.0044842376515767945, -0.16220332026612905, 0.2268976823408404, -0.5187344672072509, 0.6718243226128209, -0.1383129519248596, -0.1689861057707589, -0.05446633882959806, 0.054719117353601576, -0.3933275393537967, 0.13055813341649058, -0.8566554847913728, -0.03377502297205259, 0.10010516398086355, 0.17051757855649008, -0.07452062316582952, -0.1064771771230617, -0.37488726468483247, -0.3770715017697377, -0.14914944952120002, -0.19748344631637216, 0.7856818452698267, 0.017259706413768727, 0.22418271128859024, -0.22173293400345928, -0.8708223127805172, -0.7210806554649052, -0.9089679156140402, 0.02180727316639186, -0.3888139616433852, -0.4820616442539314, 0.2522334500815093, -0.6917912890586935], [-0.09879896579510761, 0.3549300339081687, 0.4761524663182928, 0.8666431985929434, 0.7677902328018555, 0.753312170462912, 1.0, 0.957492693856668, 0.7930783448424042, 0.6528653004523075, 0.3967879442012543, 0.11640939606901624, 0.6020063267494502, 0.9882864932518295, 0.38880193875229985, 0.7553320584329344, 0.27838582234887377, 0.7835954124647998, 0.5150375409063009, 0.6887064221327882, 0.7150281549746841, -0.8128752607159011, -0.36048141103316733, -0.6515502993705509, -0.2885638253001974, -0.2512055023800428, -0.617733682405849, -0.5605768843255725, -0.6306187136528452, -0.3048777921516628, -0.5557413118104746, 0.7907518744059012, -0.0985090407473832, 0.46027406376245716, 0.6023979751594495, 0.04007413907393975, 0.2996846172512484, 0.7282431016339512, -0.3817028058844065, 0.6225148786983161, 0.7116811891474303, 0.07175822393117426, 0.5385290132216124, 0.5496560858901953, -0.490308412548804, -0.5190319874481402, 0.4762450021901541, -0.39264214745472437, 0.49307122771079026, -0.31901911078733836, -0.04942460134286808, 0.4346117968412244, -0.6557427727918679, -0.4866995467758226, -0.5646929927759567, -0.2266424690106108, -0.20165302915896888, -0.726068277174817, 0.2265082995241282, -0.21203564471935854], [0.08974218093652142, 0.5893442941912209, 0.3367917769544002, 0.8406530173484577, 0.6124145383552382, 0.8430533943538433, 0.957492693856668, 1.0, 0.6750597335725641, 0.6772120529632181, 0.6387835582723436, 0.38456762130878575, 0.4071195589392915, 0.9226848567779918, 0.4751748722536159, 0.6479249911159932, 0.26111760252419036, 0.6430040210779838, 0.33012744607157196, 0.8307708293543007, 0.5466383615980277, -0.7153318008877121, -0.17361226207782687, -0.5974567687932337, -0.1716966996211513, -0.2462005366494402, -0.3918589346739316, -0.3030663428831397, -0.4207662776873162, -0.18960104081115725, -0.3813082015868039, 0.8570664855637325, -0.08410061894601073, 0.35306125833498614, 0.427885545315543, -0.01335764090912095, 0.13163738585045026, 0.598211917766038, -0.5137988317020952, 0.47691934572153794, 0.5765696553467595, 0.011438249483228136, 0.3705852153534386, 0.3207633914539626, -0.6417157534341944, -0.5833720125475479, 0.29412533750563385, -0.2849546757328101, 0.721024689306261, -0.3490234293387233, -0.053587583984662235, 0.3200213502581979, -0.6766155936396401, -0.717392108864763, -0.7442337767098199, -0.20183176295879424, -0.45102785754552555, -0.8259980066474486, 0.0926129592502648, -0.47289371344575315], [-0.131739699139231, -0.07760222178665366, 0.9081209192224011, 0.8318124981695215, 0.9864988487791496, 0.2652870433647545, 0.7930783448424042, 0.6750597335725641, 1.0, 0.8575736912682386, -0.043485811936411656, -0.1070821088733156, 0.8590480893295017, 0.8553659931090736, 0.2128337228020949, 0.9792134859316624, 0.3272460819936893, 0.9816003026239212, 0.41977780306751766, 0.16012322782391175, 0.9101035736194077, -0.4705185588008771, -0.8431243706422844, -0.23675285084556763, -0.12294445571768775, -0.7079009948526416, -0.8780202490090057, -0.7626536411343767, -0.8704950665316726, -0.8140235694013036, -0.2913354504897785, 0.7473898133346857, -0.3554997299094491, 0.8817054911002189, 0.9338492291565206, -0.3234406352742445, 0.7603502058880289, 0.8202989222158923, 0.028319050710219118, 0.9292008573274314, 0.9762245239095101, -0.35132454594600526, 0.9353335770374304, 0.8303836700388205, -0.2797987013175407, -0.18561342704717898, 0.9033200926921506, -0.08393744028463734, 0.11449780748570437, -0.24106702065048657, -0.5395898477198915, 0.7064370390877331, -0.0787123496508364, -0.16069980300214426, -0.015428785500720688, -0.6431849307397615, -0.11074292581148337, -0.6857076885329798, -0.14734507225706506, 0.19210153187502688], [0.20629774426231506, 0.23042895846104028, 0.7948671382236885, 0.7706594431900194, 0.7752126403356394, 0.2934493615981715, 0.6528653004523075, 0.6772120529632181, 0.8575736912682386, 1.0, 0.28656820992131626, 0.3634724884389051, 0.5613424757210762, 0.6995856859538168, 0.363247037188589, 0.8561237353785104, 0.35366554710983134, 0.7837511248306461, 0.0003101417238231541, 0.2695756851849588, 0.6465642582650482, -0.1759936918117444, -0.6534050667581024, -0.006155394731792052, 0.1376005633062216, -0.8785405403940121, -0.5284938123826808, -0.32833587489771254, -0.5622332281207423, -0.7833978531443222, 0.134863288943201, 0.8944787599989928, -0.458327348840627, 0.8246636381467821, 0.7114259194872768, -0.5906162709137734, 0.5853822496702872, 0.5885303206117665, -0.12036796549643092, 0.752567491204496, 0.8117875383752324, -0.6470275131782417, 0.7568893450874018, 0.4759577855708865, -0.4937695404754707, -0.17321021874669862, 0.7058097578070522, 0.2642223975277487, 0.44821349418375944, -0.24357311410107063, -0.744891631548072, 0.5607650114976956, 0.07782339898561086, -0.5165557040576543, -0.18768620432853478, -0.7734919649090068, -0.586571905166362, -0.8794872443517834, -0.5606910439339763, -0.1970208300467582], [0.5406678020475023, 0.9735800991312299, -0.3106221670141138, 0.3540659634422022, -0.167198817316351, 0.725167619072771, 0.3967879442012543, 0.6387835582723436, -0.043485811936411656, 0.28656820992131626, 1.0, 0.8512151946773417, -0.3319235530904794, 0.2961394082392854, 0.4111776429264611, -0.022740147341923755, -0.007172313572466393, -0.09575233825626728, -0.21020782944246585, 0.8690121339390207, -0.18971939842404506, -0.18479560680643425, 0.5165002266321548, -0.24477423973913326, 0.19603004732961093, 0.062464947260163606, 0.4286276407694022, 0.5262096241055401, 0.4013877789757865, 0.3625937160309458, 0.169423657246766, 0.529831721050969, 0.14339330918148618, -0.21707209373619918, -0.3117393171108809, 0.03583948634710976, -0.4591411087721746, -0.02945610446272151, -0.6246277398535147, -0.20743806835500367, -0.13324797952252543, 0.038128585465725506, -0.3580146334061529, -0.46521189930508555, -0.7526545802610523, -0.5750032123638955, -0.43454636669268565, -0.02426511341029336, 0.9710270787679453, -0.317578394621274, 0.15325217813937608, -0.16743173377597942, -0.5392085596908858, -0.9634973031665401, -0.9286986628174723, 0.14270211120293952, -0.8080257668951925, -0.6312174395987644, -0.12962349066519607, -0.9364651462923099], [0.440148953007268, 0.7542155189485503, -0.25654929776620916, 0.07247779911291574, -0.2264564548390755, 0.5146852081631548, 0.11640939606901624, 0.38456762130878575, -0.1070821088733156, 0.3634724884389051, 0.8512151946773417, 1.0, -0.5266112702530146, 0.07495814648419652, 0.6086623237097422, -0.1282204547327408, 0.2894375587437443, -0.23546584968553752, -0.6683509465461774, 0.6170178500951998, -0.40396134101098813, 0.09625092137784053, 0.4279637590259908, -0.03436016369240602, 0.15873239546418882, -0.21333500224322077, 0.5688034827618028, 0.7006551818046833, 0.40300461105555185, 0.14409061096207765, 0.42978679147570964, 0.5556984846671348, -0.27627604383346416, -0.1798479883702393, -0.3914230270839536, -0.43847691132966404, -0.4788339056481177, -0.3411823666298217, -0.6636280929013323, -0.31436166306025615, -0.2274176428209047, -0.4217073337203603, -0.3187871488041467, -0.629155405994102, -0.4763857053128242, -0.10738069495267277, -0.38350944737489834, 0.5033792674427078, 0.8943399581393938, 0.05664061065209469, -0.24578762470912574, -0.3707394322200541, -0.14589157374247286, -0.8963696186197891, -0.6893885896346545, -0.22744397560701013, -0.9395270019921089, -0.5142245899926401, -0.5598358405134327, -0.9476912547595009], [-0.0680744719868438, -0.2627669273197206, 0.8756489271375262, 0.7642698514915238, 0.8720321732614861, -0.06655139121723774, 0.6020063267494502, 0.4071195589392915, 0.8590480893295017, 0.5613424757210762, -0.3319235530904794, -0.5266112702530146, 1.0, 0.6434101081089868, -0.2850701010845924, 0.9040200145254763, -0.0976249448983717, 0.9353161966452349, 0.7432392259992529, -0.13558289974119764, 0.9871063707566424, -0.328780631543824, -0.8631688087031069, -0.03882134343441601, 0.06436009227483797, -0.4809334809185195, -0.9654770717266465, -0.9023578359038869, -0.7828092571105851, -0.6947167257704274, -0.3025438859002221, 0.32845211025105214, 0.04363513794224727, 0.8573171661855458, 0.9686118262484587, 0.06037859404906143, 0.9107563398486077, 0.9419644767787254, 0.46167928457335505, 0.9634142003547453, 0.9356483770558466, -0.01914650494479364, 0.8895511131814067, 0.9836928920076509, -0.22477351365840192, -0.3168135618137913, 0.889853549583486, -0.41846614844077346, -0.26510963418292954, -0.47471651739424114, -0.27318931121838563, 0.9028920773986123, 0.014890089538798112, 0.2062744379255641, 0.2643476308669801, -0.3133853314524089, 0.26433571178441495, -0.44160978467156276, 0.135001743798276, 0.571308289927091], [-0.19465299117158974, 0.23497277432857377, 0.5614649563157141, 0.8418516408833872, 0.8423990376855225, 0.7047662520350739, 0.9882864932518295, 0.9226848567779918, 0.8553659931090736, 0.6995856859538168, 0.2961394082392854, 0.07495814648419652, 0.6434101081089868, 1.0, 0.4354886996527726, 0.8004349679054866, 0.38104838051232015, 0.831735849743667, 0.47593797274884575, 0.6079027947524788, 0.7481330118378089, -0.809880535405294, -0.46512863357693557, -0.6455306209742631, -0.35314780938669466, -0.34179466201564335, -0.6854472927850428, -0.6264401526064938, -0.7322803138324567, -0.4189297208029017, -0.5706535985004293, 0.8168997195456719, -0.22476508433986964, 0.5293831221213616, 0.6689116043578283, -0.07141338783597728, 0.36482039800183697, 0.7223089979189095, -0.3691132173381728, 0.6728999801201343, 0.7668239834212721, -0.03164686800389971, 0.6325290095204072, 0.6081921655024058, -0.38874482826530254, -0.3949207447693537, 0.5749716517014589, -0.302536573670634, 0.42204295807437997, -0.22150183364331588, -0.16075804008953942, 0.4381663517806422, -0.5743517989731981, -0.41698905927899643, -0.4685526095907706, -0.3489040780830772, -0.16580668133036602, -0.6978846731487023, 0.16378313506961528, -0.14001667335461887], [-0.4185315676508228, 0.1937542486304925, -0.05276858067900969, 0.012379513322428926, 0.21417362607746182, 0.7079541465021574, 0.38880193875229985, 0.4751748722536159, 0.2128337228020949, 0.363247037188589, 0.4111776429264611, 0.6086623237097422, -0.2850701010845924, 0.4354886996527726, 1.0, 0.04428823893627787, 0.9042403893084882, 0.04200686141738508, -0.49577206325865886, 0.5764781054840401, -0.17480302565489536, -0.4902242907827652, 0.09469632343734258, -0.6253653621781707, -0.6494106211856123, -0.205139743314102, 0.116755417212276, 0.1361312933019797, -0.26460310147924115, -0.10135745233847238, -0.2862344384798148, 0.6823482430335245, -0.7641347473097473, -0.11522012122082348, -0.11963423484822422, -0.5874585932279905, -0.39660193286811496, -0.2850186879682186, -0.9119536129730978, -0.1573573003884312, -0.0012667237826964328, -0.43151379596344586, 0.030804881505950288, -0.25751830938131803, 0.1233867421699325, 0.338899375466155, -0.021780625548830423, 0.49905688597850895, 0.5845308886146756, 0.6140929026908787, -0.30834736485876113, -0.5149126368187118, -0.35381581183907995, -0.5225289708839449, -0.518615951760959, -0.5016766319469386, -0.44259566758951063, -0.2408362327722593, -0.2595231965985598, -0.6097099783789783], [0.04099496747799547, -0.013514730399087016, 0.927147636264893, 0.8888969481512801, 0.94673321179462, 0.17449751232354005, 0.7553320584329344, 0.6479249911159932, 0.9792134859316624, 0.8561237353785104, -0.022740147341923755, -0.1282204547327408, 0.9040200145254763, 0.8004349679054866, 0.04428823893627787, 1.0, 0.13906452741810438, 0.9881017277320516, 0.48525275242221677, 0.11536230760486132, 0.9473714886278862, -0.35825688599072647, -0.8433886526523096, -0.09462962862317648, 0.06732071031573061, -0.7125062358293142, -0.8715592325989363, -0.7369146941017366, -0.7835912617260292, -0.7996141486853598, -0.17365867826941161, 0.6864005095156495, -0.20013014828454967, 0.9278731205499685, 0.9556202340161782, -0.23576444491910786, 0.8318631019162624, 0.8944855965190125, 0.17266748480484173, 0.9730195632412495, 0.9937482185992447, -0.30414784590038635, 0.9247750265368394, 0.850434875296819, -0.40555972296042375, -0.31417772759603624, 0.8950516999354435, -0.16032865757479664, 0.1015902478937799, -0.41782145898663003, -0.5097997967482841, 0.8280960715928387, -0.022547899924599157, -0.16648108217924218, 0.010783054435905992, -0.5655712281279526, -0.13574546961262945, -0.7363165977479307, -0.1569979990124466, 0.22148039597065328], [-0.6710320297758514, -0.23169529174533232, 0.17086557783616185, -0.08444900365443408, 0.3774406589346275, 0.42824724088136934, 0.27838582234887377, 0.26111760252419036, 0.3272460819936893, 0.35366554710983134, -0.007172313572466393, 0.2894375587437443, -0.0976249448983717, 0.38104838051232015, 0.9042403893084882, 0.13906452741810438, 1.0, 0.16140192332231995, -0.4432462237428436, 0.21997053728175842, -0.03978605200796226, -0.4338061362025045, -0.20890743352689856, -0.5337202527475573, -0.7584034752784623, -0.3453087122134244, -0.12237170530767738, -0.1251327415236958, -0.5190678814629213, -0.36251236648898066, -0.35251888342205207, 0.5630061550356732, -0.932075845003935, 0.06462640287440036, 0.08683330448935711, -0.7133271994583428, -0.14560682749982257, -0.23933058233502313, -0.6819252956952213, 0.0022392649773123052, 0.13821793040888353, -0.5560611023688211, 0.27572914831768225, -0.014677277261635258, 0.4380938609080194, 0.6232651169831207, 0.25121080286129727, 0.5846268599475762, 0.20745929765412796, 0.7817452840469672, -0.48721697432559674, -0.4146309864888684, -0.0968840027218636, -0.15333047309219805, -0.12411805904236406, -0.6865329944742746, -0.15719649317185724, -0.045771776260271624, -0.28851833200124544, -0.22819992933668143], [-0.08080998905940562, -0.08951874230242596, 0.9071709298965376, 0.8674245052277938, 0.9714308613280124, 0.1977876149931742, 0.7835954124647998, 0.6430040210779838, 0.9816003026239212, 0.7837511248306461, -0.09575233825626728, -0.23546584968553752, 0.9353161966452349, 0.831735849743667, 0.04200686141738508, 0.9881017277320516, 0.16140192332231995, 1.0, 0.5717826117913728, 0.11197072636980221, 0.97216672479695, -0.45916021286106457, -0.8477918212339723, -0.19551070629847223, -0.0459630925466088, -0.6262587704779365, -0.9271497069525951, -0.8250405479046905, -0.8471111843060877, -0.7652100676617519, -0.31309643230186235, 0.6391284371373878, -0.18605619643967342, 0.8883316270352256, 0.9669237525511178, -0.1602708902963179, 0.820117468503468, 0.9096172408282143, 0.1630628937769243, 0.9684969125645769, 0.9919762744534044, -0.208978657792537, 0.9290291353839002, 0.9021701196581661, -0.3207365798306021, -0.2961874425441855, 0.903657218725965, -0.24462105312714755, 0.027635110320396117, -0.37352321657456744, -0.42603708952868846, 0.8066317762240066, -0.0962573169772174, -0.07904525379942129, 0.029437534817661204, -0.5117358123424838, -0.004841347648147476, -0.6539196428568319, -0.0266465795322397, 0.2956940393449581], [-0.06828578090593163, -0.07933410905906824, 0.3278669968814685, 0.5740353894069644, 0.4589690714621949, 0.07799876961681784, 0.5150375409063009, 0.33012744607157196, 0.41977780306751766, 0.0003101417238231541, -0.21020782944246585, -0.6683509465461774, 0.7432392259992529, 0.47593797274884575, -0.49577206325865886, 0.48525275242221677, -0.4432462237428436, 0.5717826117913728, 1.0, 0.06334097854267606, 0.724932855537463, -0.4941860484128968, -0.3385801176177874, -0.2714016656521543, -0.0107473374688547, 0.21636795159072686, -0.6877081959408986, -0.7486262824332384, -0.4207777720587522, -0.0405574231915895, -0.5639599005992078, -0.07386180353550431, 0.5688987936983941, 0.3133042276707132, 0.559116705345406, 0.6990918672224795, 0.48738672076027467, 0.7979969458040399, 0.39423066651679184, 0.5621141916101816, 0.5144013953263828, 0.654468155646903, 0.37388660532188434, 0.7366719415620885, -0.2389678724257316, -0.6093985741949641, 0.37972887010423917, -0.9121247016753524, -0.27881034339346233, -0.5999843257651758, 0.4403067265698555, 0.6588319768915937, -0.4190400934713847, 0.272284696694471, 0.022935977455764367, 0.37911412943188494, 0.5420751323247596, -0.13012439102243945, 0.7263355864723595, 0.5059364084785656], [0.12462448131763115, 0.8015398291094714, -0.23699819730587746, 0.45443255029091145, 0.09621168172098116, 0.9636590448396934, 0.6887064221327882, 0.8307708293543007, 0.16012322782391175, 0.2695756851849588, 0.8690121339390207, 0.6170178500951998, -0.13558289974119764, 0.6079027947524788, 0.5764781054840401, 0.11536230760486132, 0.21997053728175842, 0.11197072636980221, 0.06334097854267606, 1.0, 0.015803512059487823, -0.6443150428267186, 0.3951523090980822, -0.6818646126891124, -0.23738795576877303, 0.18587436119879053, 0.1404548132918444, 0.16528516012019967, 0.04577164818093693, 0.33568818729302485, -0.33511475216292763, 0.6206051706421218, 0.04723705155690916, -0.2102811985575801, -0.1444641887705176, 0.14890424181466044, -0.4327748142111838, 0.1271662712450108, -0.7866640512843082, -0.08825742863628006, 0.024315945526813265, 0.22474077980586837, -0.19802931208022168, -0.21511088767197206, -0.5678836250894521, -0.5462460791557651, -0.27690277315549605, -0.2450075909222229, 0.88253051748046, -0.1718739166827734, 0.29195836515760343, -0.17736909537327494, -0.8508235782190372, -0.8340345180167956, -0.9840809801917025, 0.1485274594822359, -0.5177407517798183, -0.5588737989960508, 0.2112410824370642, -0.794438055350912], [-0.03671609760781558, -0.13586545125552751, 0.8708251051413564, 0.8493413508645935, 0.908853162507024, 0.07986162653979345, 0.7150281549746841, 0.5466383615980277, 0.9101035736194077, 0.6465642582650482, -0.18971939842404506, -0.40396134101098813, 0.9871063707566424, 0.7481330118378089, -0.17480302565489536, 0.9473714886278862, -0.03978605200796226, 0.97216672479695, 0.724932855537463, 0.015803512059487823, 1.0, -0.41268252901401303, -0.8288337969108308, -0.12587609741544603, 0.040038329184080346, -0.50236208442843, -0.9512694781596038, -0.8732469251045281, -0.7900427759423667, -0.6830871890834027, -0.32614467839948347, 0.459524373788768, 0.014592829476621882, 0.8584103323836354, 0.9664368958699826, 0.0349330945344235, 0.8646058713617014, 0.9662207588678591, 0.3358059906108035, 0.9712942808492955, 0.9632116302504301, -0.03581237834808837, 0.8867714319996106, 0.9554310196779331, -0.3230043989567939, -0.38649092429767573, 0.8734054607046138, -0.41587330969048875, -0.11185250072914532, -0.4957969938850082, -0.27920776506096034, 0.8873925986876394, -0.08893290171539814, 0.05657845290837815, 0.11642519247181393, -0.3386700081940033, 0.14811648715967196, -0.5589217822178785, 0.11779548321073974, 0.43616798782325783], [0.5511248836756893, -0.09847626668632947, -0.09868695336635547, -0.4434609755923906, -0.5275039422632537, -0.7915307124398667, -0.8128752607159011, -0.7153318008877121, -0.4705185588008771, -0.1759936918117444, -0.18479560680643425, 0.09625092137784053, -0.328780631543824, -0.809880535405294, -0.4902242907827652, -0.35825688599072647, -0.4338061362025045, -0.45916021286106457, -0.4941860484128968, -0.6443150428267186, -0.41268252901401303, 1.0, 0.0910242733364689, 0.954074404975098, 0.7323171701571849, -0.1982748659532172, 0.4567692356686184, 0.5405349631502144, 0.5834595296281351, -0.03097780832634567, 0.9133440069133162, -0.47049551062717754, 0.12791429958650902, -0.012471394277710601, -0.2836950906854854, -0.2220472638724431, 0.06267846491402151, -0.3865502305206139, 0.5591907720391528, -0.23982154738389982, -0.34660072809515396, -0.35559946150577804, -0.2428549634560122, -0.3671307824505545, 0.023386892765160483, 0.24056953418591487, -0.20195713346368938, 0.4640538635121991, -0.2634900003420184, -0.08561893288456868, -0.2912011208811143, 0.0003093092906195638, 0.8409097021319716, 0.18855828449379486, 0.5129152873465942, -0.027103437197683045, -0.1942246235955789, 0.2134788071542848, -0.5908236430606677, 0.11094872860518001], [0.20735453721755426, 0.517220782066859, -0.9723064009672318, -0.5151509023351672, -0.8669148451537763, 0.2726936391724567, -0.36048141103316733, -0.17361226207782687, -0.8431243706422844, -0.6534050667581024, 0.5165002266321548, 0.4279637590259908, -0.8631688087031069, -0.46512863357693557, 0.09469632343734258, -0.8433886526523096, -0.20890743352689856, -0.8477918212339723, -0.3385801176177874, 0.3951523090980822, -0.8288337969108308, 0.0910242733364689, 1.0, -0.14225086931224062, 0.0030711585855563994, 0.7654201161150802, 0.8892591286480508, 0.7962260613020398, 0.8414655322053428, 0.9453479967791835, 0.09283824182050493, -0.36473037827642507, 0.38017764444321345, -0.9305219585107933, -0.9424600165490169, 0.4010050844279449, -0.9345215795763773, -0.6793837843605348, -0.4388235731819894, -0.9051167715181643, -0.8904718593848067, 0.4641357463985334, -0.9786669169100861, -0.8825049399812148, -0.06521601162196289, -0.14621318352251245, -0.9917128975910279, -0.07471060122217166, 0.3722080770428797, 0.1062800538513542, 0.6724964481119612, -0.7371091530839791, -0.39272173416233325, -0.3043600560488777, -0.5223178178392773, 0.6945175733423592, -0.1761181755817538, 0.3275594694277617, 0.2615557358465104, -0.6058787996982407], [0.617531956551381, -0.1230016639247995, 0.15127546392721725, -0.1974769052095604, -0.30151504299470067, -0.8319050532057941, -0.6515502993705509, -0.5974567687932337, -0.23675285084556763, -0.006155394731792052, -0.24477423973913326, -0.03436016369240602, -0.03882134343441601, -0.6455306209742631, -0.6253653621781707, -0.09462962862317648, -0.5337202527475573, -0.19551070629847223, -0.2714016656521543, -0.6818646126891124, -0.12587609741544603, 0.954074404975098, -0.14225086931224062, 1.0, 0.8351335260954873, -0.34196025169173594, 0.19976125218489438, 0.31326602908496315, 0.40822487046891087, -0.2175646107141529, 0.8871474263396721, -0.3860078456294427, 0.19989920734642286, 0.24597530024286984, -0.00915538004700056, -0.1780028851177755, 0.33852130483786147, -0.09470816065402743, 0.7319685592591113, 0.044901336195583785, -0.07831059534919049, -0.35077986422127627, -0.0030284003365506074, -0.09546832395163873, -0.10919545971067746, 0.09018003153975829, 0.03692577779319761, 0.3240835314040664, -0.31766252402795403, -0.29576715904959294, -0.36136612231289744, 0.29925718955076497, 0.8617522669346314, 0.21812961740404357, 0.5774132292536561, -0.08840233861169011, -0.1560869261733726, 0.05034040995041833, -0.5700266138260948, 0.25840426422526797], [0.9304279404576452, 0.3652164107642255, 0.113115092281732, 0.19873263525792384, -0.24368479593819536, -0.4719585066075038, -0.2885638253001974, -0.1716966996211513, -0.12294445571768775, 0.1376005633062216, 0.19603004732961093, 0.15873239546418882, 0.06436009227483797, -0.35314780938669466, -0.6494106211856123, 0.06732071031573061, -0.7584034752784623, -0.0459630925466088, -0.0107473374688547, -0.23738795576877303, 0.040038329184080346, 0.7323171701571849, 0.0030711585855563994, 0.8351335260954873, 1.0, -0.2372543660668338, 0.18329003896179896, 0.33213995223552684, 0.4989649445724007, -0.04237477077162488, 0.8222885849283921, -0.16641045330493043, 0.5246183186626823, 0.2600119509099982, 0.03249467933715644, 0.11234577480937291, 0.2993246575561389, 0.1908168003778049, 0.6042730936464903, 0.14833660080858158, 0.03661154873858685, -0.08934504364222695, -0.06015117973247697, -0.07096980546142984, -0.6172689382009402, -0.4563839623321142, -0.05600898809365917, -0.029132151921611893, 0.07255345668444102, -0.726537689996265, -0.12147707082673254, 0.48467448725773643, 0.4659278591230407, -0.1773029727508879, 0.12551908707402493, 0.14266679761129386, -0.38737096264693927, -0.33127749408132945, -0.3895766176633344, -0.030590642597867035], [-0.15612055962727966, 0.11458284344702518, -0.8374971357614072, -0.4582543359609381, -0.6476065272050464, 0.1466939870586098, -0.2512055023800428, -0.2462005366494402, -0.7079009948526416, -0.8785405403940121, 0.062464947260163606, -0.21333500224322077, -0.4809334809185195, -0.34179466201564335, -0.205139743314102, -0.7125062358293142, -0.3453087122134244, -0.6262587704779365, 0.21636795159072686, 0.18587436119879053, -0.50236208442843, -0.1982748659532172, 0.7654201161150802, -0.34196025169173594, -0.2372543660668338, 1.0, 0.4627297316932789, 0.26339075209307605, 0.5071698176574801, 0.9247270100490671, -0.3837851699676378, -0.6331470301963011, 0.5907564522238516, -0.8569494920238254, -0.6699113827568399, 0.7895171248050629, -0.6836721764919664, -0.37975308932422003, -0.15080059101521037, -0.6845119813765677, -0.7034800944333912, 0.8696492862113799, -0.774892943957088, -0.4333166385332219, 0.1907069315672001, -0.1886904112996568, -0.7578172248946671, -0.5454974683475606, -0.10705298187974344, 0.04798243128232982, 0.9567860431522354, -0.5114923711056991, -0.531981532096043, 0.19490223355814829, -0.24528906155704022, 0.912093236556129, 0.4549425756937735, 0.6031760057871068, 0.7884510100333568, -0.06168410480311537], [0.31821926719673377, 0.40842561654258347, -0.8631325197823958, -0.6655187636130617, -0.9239436938726706, 0.00609616269307145, -0.617733682405849, -0.3918589346739316, -0.8780202490090057, -0.5284938123826808, 0.4286276407694022, 0.5688034827618028, -0.9654770717266465, -0.6854472927850428, 0.116755417212276, -0.8715592325989363, -0.12237170530767738, -0.9271497069525951, -0.6877081959408986, 0.1404548132918444, -0.9512694781596038, 0.4567692356686184, 0.8892591286480508, 0.19976125218489438, 0.18329003896179896, 0.4627297316932789, 1.0, 0.97064782996279, 0.9104706176294808, 0.7234585775479645, 0.4657571320917533, -0.35364517097028325, 0.14192762583529817, -0.8049433749022001, -0.9567076239664771, 0.03190020425982587, -0.8487591907644982, -0.8524028839130549, -0.3316520538666816, -0.9171990538556754, -0.9153308325457981, 0.06162273916889116, -0.9173884251382964, -0.989537071282532, 0.017160731085261505, 0.12647484156516442, -0.9207080042784999, 0.3378001300594238, 0.32216226235735834, 0.24077552025549542, 0.30259006380597264, -0.7630738537075992, 0.024954190687174083, -0.2867314067391473, -0.29537253757492365, 0.40080414073241166, -0.36239336010824164, 0.3262851079180389, -0.17222070165821823, -0.6044303330731426], [0.47775822738355667, 0.5086140462809674, -0.7277814311282216, -0.5317317261536445, -0.8415985618789277, 0.0044842376515767945, -0.5605768843255725, -0.3030663428831397, -0.7626536411343767, -0.32833587489771254, 0.5262096241055401, 0.7006551818046833, -0.9023578359038869, -0.6264401526064938, 0.1361312933019797, -0.7369146941017366, -0.1251327415236958, -0.8250405479046905, -0.7486262824332384, 0.16528516012019967, -0.8732469251045281, 0.5405349631502144, 0.7962260613020398, 0.31326602908496315, 0.33213995223552684, 0.26339075209307605, 0.97064782996279, 1.0, 0.8977165272847366, 0.5827395519774631, 0.6241258929412886, -0.2027823004483591, 0.09150874608892479, -0.6446062457224921, -0.8595460347993891, -0.10104061468766301, -0.7392923941713216, -0.7691723189052302, -0.3089068590796362, -0.7976779998216617, -0.7951974529107901, -0.10340717849769421, -0.813057296169712, -0.9592169845348133, -0.1406825468632038, 0.0691620784795024, -0.8261950940351235, 0.4342729303536119, 0.4376107846550814, 0.13995661226081868, 0.12945496646736454, -0.6425276235239705, 0.11437751300108567, -0.4267940756843869, -0.32455601275938384, 0.25799837158326466, -0.5546074694462648, 0.12843578910687348, -0.36391533827243805, -0.6821478210357768], [0.5852651125651763, 0.47693012226880516, -0.7932927229917, -0.5092182043842322, -0.9379982354275411, -0.16220332026612905, -0.6306187136528452, -0.4207662776873162, -0.8704950665316726, -0.5622332281207423, 0.4013877789757865, 0.40300461105555185, -0.7828092571105851, -0.7322803138324567, -0.26460310147924115, -0.7835912617260292, -0.5190678814629213, -0.8471111843060877, -0.4207777720587522, 0.04577164818093693, -0.7900427759423667, 0.5834595296281351, 0.8414655322053428, 0.40822487046891087, 0.4989649445724007, 0.5071698176574801, 0.9104706176294808, 0.8977165272847366, 1.0, 0.752320831210307, 0.5750942340744349, -0.5036484235815724, 0.5005894152794194, -0.6938631161683966, -0.8454574337918119, 0.3001350801906608, -0.6565486831513105, -0.6195582172714054, -0.007637138762641715, -0.7713239014480222, -0.8248162675099091, 0.2552271152989434, -0.8891742192016094, -0.8451623145746394, -0.2034590861546557, -0.16656992231069734, -0.8846026024067029, 0.0646084455180298, 0.22385196455360123, -0.1377965074604972, 0.4339580286435243, -0.465879296403684, 0.06937540261375763, -0.21987799473600167, -0.22002993094661627, 0.605740816970985, -0.29004036789944654, 0.25695534499734174, -0.06307269352403755, -0.4508687882499567], [0.11858966309409469, 0.4058417872410661, -0.950377123352963, -0.4608273288965927, -0.8083031182088434, 0.2268976823408404, -0.3048777921516628, -0.18960104081115725, -0.8140235694013036, -0.7833978531443222, 0.3625937160309458, 0.14409061096207765, -0.6947167257704274, -0.4189297208029017, -0.10135745233847238, -0.7996141486853598, -0.36251236648898066, -0.7652100676617519, -0.0405574231915895, 0.33568818729302485, -0.6830871890834027, -0.03097780832634567, 0.9453479967791835, -0.2175646107141529, -0.04237477077162488, 0.9247270100490671, 0.7234585775479645, 0.5827395519774631, 0.752320831210307, 1.0, -0.10590501453481149, -0.5138227294130351, 0.576862470113609, -0.9238620292517976, -0.8439314304348216, 0.6622962617521543, -0.837917548338968, -0.5181379414626259, -0.28542198927878837, -0.818256524030373, -0.8264527363410552, 0.7219475405579209, -0.9338951182943414, -0.6964775732631829, -0.024596797988574837, -0.2599213685925035, -0.9351482565260971, -0.36255538192426306, 0.18439763086345273, -0.00793073739697192, 0.8737374344243789, -0.608926945036067, -0.4963922841654562, -0.10964273570643712, -0.4420545601589754, 0.8779859708846286, 0.09747625282298722, 0.4304665644660115, 0.5448638340519926, -0.38380942293879206], [0.7558428639252283, 0.2344800584501736, -0.008870034007853134, -0.17108266222528856, -0.40321162515487297, -0.5187344672072509, -0.5557413118104746, -0.3813082015868039, -0.2913354504897785, 0.134863288943201, 0.169423657246766, 0.42978679147570964, -0.3025438859002221, -0.5706535985004293, -0.2862344384798148, -0.17365867826941161, -0.35251888342205207, -0.31309643230186235, -0.5639599005992078, -0.33511475216292763, -0.32614467839948347, 0.9133440069133162, 0.09283824182050493, 0.8871474263396721, 0.8222885849283921, -0.3837851699676378, 0.4657571320917533, 0.6241258929412886, 0.5750942340744349, -0.10590501453481149, 1.0, -0.11410267415200503, 0.05995240354095721, 0.11141331052626613, -0.2156822474247082, -0.35323469168647437, 0.061002894087542336, -0.26775417192997875, 0.35047556688274073, -0.13231201492924938, -0.20411933124866222, -0.4990576213195108, -0.17612688586747516, -0.39880902114810746, -0.30401619898076704, 0.04121635177828664, -0.16885564300706202, 0.5262173805459425, 0.1197498614308461, -0.2280766020657914, -0.422075829966698, 0.07528586031600393, 0.7094609448502743, -0.20832208586199363, 0.20425133674695362, -0.16633313324165977, -0.5656878910125034, -0.16769228022529048, -0.7639596639712736, -0.20709155863158002], [0.03917034415616527, 0.4132591767785144, 0.5163291416300335, 0.7027196657488912, 0.6763582072052978, 0.6718243226128209, 0.7907518744059012, 0.8570664855637325, 0.7473898133346857, 0.8944787599989928, 0.529831721050969, 0.5556984846671348, 0.32845211025105214, 0.8168997195456719, 0.6823482430335245, 0.6864005095156495, 0.5630061550356732, 0.6391284371373878, -0.07386180353550431, 0.6206051706421218, 0.459524373788768, -0.47049551062717754, -0.36473037827642507, -0.3860078456294427, -0.16641045330493043, -0.6331470301963011, -0.35364517097028325, -0.2027823004483591, -0.5036484235815724, -0.5138227294130351, -0.11410267415200503, 1.0, -0.5203067685004177, 0.5231191873348479, 0.4735460024627496, -0.5251143590625242, 0.22115289314839892, 0.4147262428014329, -0.5383189060174782, 0.5046019591343301, 0.620371525676483, -0.500559271625935, 0.5283591390541101, 0.25672154259735547, -0.4659912439916507, -0.1886905893467663, 0.4565973558547034, 0.2261998670871398, 0.6990150224349191, -0.06071196509813337, -0.5297580602247138, 0.23897545694307165, -0.2902296391757553, -0.7168595203354093, -0.533952798788359, -0.6504188516545633, -0.6469118283891664, -0.847804685413371, -0.3824199516440454, -0.49093936002200267], [0.5274630298437968, 0.34770649638066153, -0.3402529045344098, 0.11761071885713648, -0.38788626934056136, -0.1383129519248596, -0.0985090407473832, -0.08410061894601073, -0.3554997299094491, -0.458327348840627, 0.14339330918148618, -0.27627604383346416, 0.04363513794224727, -0.22476508433986964, -0.7641347473097473, -0.20013014828454967, -0.932075845003935, -0.18605619643967342, 0.5688987936983