"[[1.0, 0.9435019442147637, 0.9241602187511251, 0.9507230213007607, 0.905992633606389, 0.975570740135492, 0.9610805147856615, 0.9084171281984879, 0.9051119244258843, 0.9421079201976252, 0.9739451126136254, 0.9722411805576016, 0.8805087789861401, 0.9353022920082507, 0.6707707440741328, 0.9197577223245704, 0.83528660566286, 0.8760432549491355, 0.8610369166889176, 0.8132853800803105, 0.8802489401733884, 0.8122408188992707, 0.6615422051710331, 0.8465352068374615, 0.9906573581145578, 0.7025425007162436, 0.6293846904921876, 0.7689128933444437, 0.8654256327618262, 0.8634583965561758, 0.9003431524603306, 0.8149872966883169, 0.9532288307341603, 0.915392109325644, 0.9136389213673027, 0.9294934134562786, 0.9406069421325817, 0.9389449440194323, 0.9119496387463081, 0.9411706591821298, 0.8791220702813315, 0.8763821736072839, 0.8904592568559802, 0.9163537309821187, 0.36651232062946226, 0.6496619798128889, 0.9014736580329037, 0.5051799465728655, 0.9948188261287255, 0.7476410731988375, 0.9170299212800425, 0.9499809875713643, 0.5805838225689347, 0.7604306349429785, 0.8390099644934601, 0.8842757554701833, 0.6024268560711747, 0.7600215079249544, 0.8590278611876915, 0.6859125409821568], [0.9435019442147637, 1.0, 0.7850077149726483, 0.8996924725099389, 0.7857728321778333, 0.9872884308030967, 0.9208467395122002, 0.9315107435461317, 0.8025240112510826, 0.8514129992734699, 0.9892098173894264, 0.9479918406765999, 0.7574329313314673, 0.8916207934311764, 0.6779516064591145, 0.8230336990646259, 0.7013230236385181, 0.7813148313204921, 0.7896428522842046, 0.9520603716984443, 0.7766900115050988, 0.616102964992184, 0.7476097786279962, 0.631713243929364, 0.8925226721923886, 0.7154082465866932, 0.6155919890089621, 0.7566988533297597, 0.8087732992705101, 0.8454198156746237, 0.7623943869145892, 0.9341480247884926, 0.9115704089693603, 0.7779047710319249, 0.7878000602450318, 0.8771278434138567, 0.8009135014689042, 0.8497872126339079, 0.7477994574474145, 0.8231093526184796, 0.7693842337057416, 0.8599725814160551, 0.7444776110131156, 0.7879596057107435, 0.0728449312750803, 0.38810837196189385, 0.7493429738473371, 0.3344399570605312, 0.9667261826866127, 0.5765196308135077, 0.888358564461991, 0.8339383704325999, 0.29432397923944476, 0.5388099750475708, 0.6125374941659842, 0.8536985841198179, 0.39848993918797126, 0.5740388550646038, 0.8385729210063815, 0.4452965012280383], [0.9241602187511251, 0.7850077149726483, 1.0, 0.9619847873152272, 0.9921064935625374, 0.8511660180143391, 0.9509048984936737, 0.8773714556127243, 0.986579489279878, 0.9738582104001291, 0.8222711799941173, 0.8410389420756915, 0.9743463386949412, 0.9550406299470465, 0.5720942990199028, 0.9876711969065252, 0.8357042918225364, 0.9678918944227021, 0.9087434490920331, 0.6269434824046113, 0.9620919854900908, 0.7751069074132497, 0.3353192936029694, 0.8723946551811385, 0.9367684067990685, 0.5033540210590091, 0.3530148587736671, 0.5114807861823547, 0.6742303945776232, 0.6670906129115539, 0.8325646496973392, 0.6985592349078279, 0.8713693915351196, 0.999484575392349, 0.9946837152719253, 0.8489452439892047, 0.9940880280918022, 0.9792900544777864, 0.9524652822438824, 0.9932185487433883, 0.9801482210667167, 0.76897402372319, 0.9962270004520948, 0.9892087877202181, 0.4550936836060364, 0.7145396506010837, 0.9969171479465243, 0.4859162340728679, 0.8823291895288446, 0.708808844147136, 0.7835430131011786, 0.9821902031998818, 0.7127530111322163, 0.8362852137326282, 0.9235658219580872, 0.7495924339136573, 0.7014698363774974, 0.7029081029084802, 0.7905877032538969, 0.8306772192150234], [0.9507230213007607, 0.8996924725099389, 0.9619847873152272, 1.0, 0.9734004019478656, 0.9349773864166411, 0.9981399274086022, 0.9708788794505496, 0.9791698410076473, 0.9702142640174983, 0.9028101259885788, 0.8819534615257518, 0.9560905101193855, 0.9982979918391518, 0.5995547562273159, 0.9872536082887621, 0.7693833296207446, 0.9725184635260725, 0.9365251459547054, 0.796436602099839, 0.9612606721593308, 0.6686299375452022, 0.43797286074412967, 0.7511589317854781, 0.9281349578745235, 0.5742552250735632, 0.36947308531843104, 0.5357925699490256, 0.6822083440263345, 0.7146611602967698, 0.7692877186161191, 0.8672268909855418, 0.9173028399218588, 0.9630789052984031, 0.9711711763620559, 0.8857036755929906, 0.9572956485754038, 0.9884530035343395, 0.8947208789654365, 0.9763803800965548, 0.9705398755255782, 0.8342840792815961, 0.9530180154538455, 0.9649616869146234, 0.23972682136297618, 0.5322963572601359, 0.9493971723762502, 0.3493503899598249, 0.9294722581979674, 0.5985192066797823, 0.8344771238611888, 0.9678825827400519, 0.5092377940798362, 0.7226081536638084, 0.8024917412435356, 0.7982323004468469, 0.601581835341654, 0.603534892783661, 0.8561413546847781, 0.7014736398649165], [0.905992633606389, 0.7857728321778333, 0.9921064935625374, 0.9734004019478656, 1.0, 0.8515880606503655, 0.962454930165747, 0.8979440730413526, 0.9915840105824131, 0.9597510442422722, 0.8087946334609993, 0.8050473359632148, 0.9919633778441072, 0.9694218720981973, 0.5090218440190543, 0.9954210243409592, 0.7686479868911997, 0.9916936076405507, 0.9455824076639002, 0.637687639477342, 0.986330648903019, 0.7178689553879724, 0.2979849729708679, 0.8111843523261368, 0.9099291788454972, 0.5117126511374551, 0.29242772625140967, 0.4448971691679753, 0.6298037549501837, 0.648091715862736, 0.7632088741091579, 0.7416978332692499, 0.8785793438913345, 0.9944055014341513, 0.9993587832480464, 0.8566551926836722, 0.9855147489209121, 0.9910227205760864, 0.9399999450414279, 0.9940275835955911, 0.9966455357583679, 0.7891702683589493, 0.994915800843725, 0.9951997917163337, 0.39215181358072737, 0.6278812894731557, 0.9933517834347751, 0.37537502604822515, 0.8631096182215329, 0.6156372745644293, 0.7837635983384512, 0.982576706250276, 0.6336785002494504, 0.8180429560310037, 0.8854776561783851, 0.7528072205403441, 0.7116934972806932, 0.6520535660609591, 0.8227662282348946, 0.8245054115044366], [0.975570740135492, 0.9872884308030967, 0.8511660180143391, 0.9349773864166411, 0.8515880606503655, 1.0, 0.9538830533938935, 0.93001812130857, 0.851887658213607, 0.8837965289805277, 0.991510201845068, 0.9506222148274008, 0.8348595331392583, 0.9218642456623113, 0.6184058026045824, 0.8747008193920057, 0.7200674032147221, 0.8431269321041714, 0.8612724749048969, 0.8937829237556211, 0.8493700553124842, 0.7097701786833694, 0.7238788194126494, 0.7159406447758021, 0.9423236265371, 0.7644964199105023, 0.6326005672750898, 0.7571205931020567, 0.8491158653683462, 0.8848144225975291, 0.8019906952277152, 0.9075715003914484, 0.9633485580653478, 0.8435035146765381, 0.8560029108340692, 0.9383447863904663, 0.8734455721340214, 0.9080843751103999, 0.8406309789640883, 0.8890111197744379, 0.8322582929233763, 0.9151850505971993, 0.8151032555968187, 0.862310886530638, 0.20904655805141192, 0.47285188985800775, 0.8254934732216398, 0.34534426935575335, 0.9856414361887501, 0.6096800021640962, 0.9381155800845515, 0.9037376634525641, 0.3884040134985929, 0.6641036366794653, 0.7148483732446091, 0.90943347343839, 0.5375030038675893, 0.6738350325397949, 0.8990670514933311, 0.5799680313096558], [0.9610805147856615, 0.9208467395122002, 0.9509048984936737, 0.9981399274086022, 0.962454930165747, 0.9538830533938935, 1.0, 0.9719972972716855, 0.9656935967002607, 0.9605208587160566, 0.9233166987356553, 0.8955708378912272, 0.9472774621323263, 0.9943470280837441, 0.5940881980010172, 0.9771073792543326, 0.7572287737680957, 0.9620265104329777, 0.9383567796437599, 0.8169138085712002, 0.9547840903309069, 0.6793046441433954, 0.4872881160309044, 0.7469113083503418, 0.9364363716619609, 0.6178864256150896, 0.4138291400014291, 0.5714160122238565, 0.714403151187977, 0.7510388588972732, 0.7735779278802378, 0.884130655507028, 0.9362239161622131, 0.9507149133766996, 0.9611826220106352, 0.9063881323096433, 0.9515703426761376, 0.9853195986579654, 0.8950531171595092, 0.9709221554934501, 0.9574640141785584, 0.8611847752046079, 0.9380353070382944, 0.9578782657266486, 0.23655222245614715, 0.5187583016762947, 0.93708714587164, 0.3365860702307861, 0.9444701379370306, 0.5940518908141392, 0.8625309522146696, 0.9669179233842645, 0.4857930823869677, 0.7225425278949121, 0.7931906671965869, 0.8282953220650688, 0.6045390569940314, 0.6205347567802239, 0.8780913557791065, 0.6918230765716111], [0.9084171281984879, 0.9315107435461317, 0.8773714556127243, 0.9708788794505496, 0.8979440730413526, 0.93001812130857, 0.9719972972716855, 1.0, 0.9267104142808158, 0.931945661008717, 0.9050131995087163, 0.8719236571123404, 0.8682772850223806, 0.9783660485118885, 0.6636979071343947, 0.9326810885977462, 0.7196823948352034, 0.9114339823369242, 0.8661784685953147, 0.8990100883843344, 0.8838379285129084, 0.5100516452756843, 0.4551302339764429, 0.6071805629793753, 0.8549205141989534, 0.5116408676778716, 0.3135801474689821, 0.5046890761644647, 0.6070310724888702, 0.6546507139331879, 0.686036944639139, 0.9420849898177638, 0.8582274405582822, 0.880946104589837, 0.8903421237882526, 0.8123157057732855, 0.8623301748466895, 0.9255868742476697, 0.7661695635010807, 0.8964944155227902, 0.9041956962199471, 0.7749676738730789, 0.86560915245008, 0.8754028205929526, 0.00983252978947513, 0.37121470865022177, 0.8523244410891706, 0.2809742003674125, 0.905138323842816, 0.5100073988531117, 0.7723471081816292, 0.8814483850160388, 0.3391021045959266, 0.5404065121895969, 0.6456776600786168, 0.7281192713139021, 0.41219021259128197, 0.4376659803834968, 0.7963434327965284, 0.5125660740502884], [0.9051119244258843, 0.8025240112510826, 0.986579489279878, 0.9791698410076473, 0.9915840105824131, 0.851887658213607, 0.9656935967002607, 0.9267104142808158, 1.0, 0.9812272988184668, 0.8174749027843659, 0.8254388317233127, 0.969164241166274, 0.980897416072379, 0.5969132647167205, 0.9978948981828434, 0.8083352928283669, 0.9824994692981824, 0.9104866992993554, 0.6858920265499274, 0.9634124648907549, 0.6662053695122183, 0.28387073324183065, 0.7877199911960195, 0.8983275764701394, 0.4407667348405939, 0.25409833433921625, 0.4367372761078294, 0.5939243311499861, 0.6038436860408127, 0.7680320067120511, 0.7641109744178807, 0.8456089805951901, 0.9902174238319149, 0.9885650681903861, 0.8129531550447334, 0.9687930223649751, 0.979407801698885, 0.8988755793685983, 0.9809273109354457, 0.9910496587940409, 0.7387354235203181, 0.9885381651872347, 0.975696250639157, 0.30882128206630577, 0.6125564877469803, 0.9798844586258287, 0.416984992706402, 0.8669466411822746, 0.6348398527201523, 0.740681605293263, 0.9610520588012894, 0.6197489757142949, 0.7468039266899742, 0.8501066352872915, 0.7007798698551305, 0.6157823686748949, 0.5846940030928737, 0.7719162576340822, 0.753361931767707], [0.9421079201976252, 0.8514129992734699, 0.9738582104001291, 0.9702142640174983, 0.9597510442422722, 0.8837965289805277, 0.9605208587160566, 0.931945661008717, 0.9812272988184668, 1.0, 0.8738475154653469, 0.9045222507306928, 0.9183221606530043, 0.9701291784519153, 0.7300185584775322, 0.9766349894463765, 0.8948200613034114, 0.9336888182006898, 0.8460186083426798, 0.7491062776371743, 0.9091726185730357, 0.7027683079217187, 0.39290168811543746, 0.8279842528273592, 0.9322918201511472, 0.4442661501988099, 0.3596758107080622, 0.560015486485814, 0.6649216662806035, 0.6474192721857779, 0.8545697462775296, 0.7653270560582032, 0.8424351449858326, 0.9735114354100834, 0.9597488075938022, 0.8030935960565728, 0.9561396183209406, 0.9534994684450231, 0.8797547707295414, 0.9616990269611692, 0.9488790909857426, 0.7198807391327792, 0.9616912586234982, 0.9429015354091645, 0.3018994100275636, 0.6714963679136655, 0.9538683330564848, 0.5501013446787302, 0.9165212584745493, 0.7444541061099936, 0.7512706945328845, 0.9425260036404779, 0.6555896000636036, 0.7078123546504419, 0.8474865217281426, 0.7038931132682238, 0.5303734119360042, 0.6114745908440367, 0.7318512178857227, 0.6858983423558587], [0.9739451126136254, 0.9892098173894264, 0.8222711799941173, 0.9028101259885788, 0.8087946334609993, 0.991510201845068, 0.9233166987356553, 0.9050131995087163, 0.8174749027843659, 0.8738475154653469, 1.0, 0.9775445301916549, 0.7795305609869825, 0.8885918882743712, 0.6915825309057105, 0.8376338757531707, 0.7633459258210582, 0.7879258991387865, 0.7937145100649261, 0.9053451017218704, 0.790514173787745, 0.7209325871508458, 0.773711520467203, 0.7303462981516124, 0.9411622704624232, 0.7430879288774537, 0.6865252339328604, 0.8195902986689235, 0.8744573528476547, 0.8886947954664677, 0.8428064092954769, 0.876719706679337, 0.9337216284235866, 0.812042598681657, 0.8153547817605113, 0.9052255237138171, 0.8438869362963274, 0.866448677505155, 0.8084189388415479, 0.8536495561820162, 0.7825487979194696, 0.875146217709332, 0.777839799514905, 0.8187885851947225, 0.20892420755047447, 0.5092356812626588, 0.7886874853657413, 0.4333402330375762, 0.9912863847638027, 0.6734872739053233, 0.9181441144428069, 0.8682913002425995, 0.41240656560405586, 0.625578808240437, 0.7001942072711016, 0.8852060970342219, 0.47004263401956003, 0.6788679948246449, 0.8450869094684953, 0.5251311102617398], [0.9722411805576016, 0.9479918406765999, 0.8410389420756915, 0.8819534615257518, 0.8050473359632148, 0.9506222148274008, 0.8955708378912272, 0.8719236571123404, 0.8254388317233127, 0.9045222507306928, 0.9775445301916549, 1.0, 0.7560362729194884, 0.8684005865191758, 0.7999395225076861, 0.8349623249091878, 0.8762656273967183, 0.7615395369812604, 0.7238306914292566, 0.8593723437276666, 0.7540199090411797, 0.7638570677487702, 0.7355473755590667, 0.8087517286671903, 0.9526301864622131, 0.6384396394061546, 0.6838107211533752, 0.84445873477598, 0.8673984136170144, 0.8378493918480457, 0.9240589071797404, 0.7862180875439809, 0.8765576517602942, 0.829376768370211, 0.8139240210372368, 0.8424465779533199, 0.8523278721810328, 0.8436492966338014, 0.8074698077221154, 0.8494278269984079, 0.7712229696147195, 0.7840344848831741, 0.7940039673529172, 0.8089227225783729, 0.2799549827587786, 0.6416790051621661, 0.802001927889372, 0.611106662090817, 0.9845286337602475, 0.8065425363534288, 0.8539772250740099, 0.8554535263855549, 0.5514693783520973, 0.6283607488523001, 0.7523634025589991, 0.8120378309054272, 0.42478489768344674, 0.6998190531469036, 0.7455349339403212, 0.5275727031822056], [0.8805087789861401, 0.7574329313314673, 0.9743463386949412, 0.9560905101193855, 0.9919633778441072, 0.8348595331392583, 0.9472774621323263, 0.8682772850223806, 0.969164241166274, 0.9183221606530043, 0.7795305609869825, 0.7560362729194884, 1.0, 0.9492003053280191, 0.4001168516901821, 0.9788093181968848, 0.6910756138263748, 0.9920729149567876, 0.9730542069345781, 0.5922310116048703, 0.997675792172233, 0.7170358011162512, 0.2837795208714766, 0.7850191986173596, 0.8886967016363725, 0.5603848194430361, 0.28634180227505013, 0.40962596994139133, 0.623641836032327, 0.6602708652779808, 0.7114809401821508, 0.7302943454156497, 0.8907771654986979, 0.9769492547721579, 0.9916207170606098, 0.8778858071324352, 0.9761700377092241, 0.9872498129648277, 0.9486196211516982, 0.9861847177637199, 0.9906725531751326, 0.822766671812207, 0.9810776817859226, 0.9949232741196071, 0.42009103662360625, 0.5868307195228626, 0.9839404466453618, 0.2827725205236341, 0.8340557547045893, 0.5442112540784374, 0.8020166490468662, 0.9812157880493187, 0.5954177819890533, 0.8498748781503057, 0.8785904234917699, 0.7800513136533365, 0.7785400373591329, 0.6676603176402347, 0.8619997646688724, 0.8622869470789857], [0.9353022920082507, 0.8916207934311764, 0.9550406299470465, 0.9982979918391518, 0.9694218720981973, 0.9218642456623113, 0.9943470280837441, 0.9783660485118885, 0.980897416072379, 0.9701291784519153, 0.8885918882743712, 0.8684005865191758, 0.9492003053280191, 1.0, 0.6102154945380347, 0.9864887685946931, 0.7640626029150972, 0.9722175859074724, 0.9269116222784006, 0.8023904841082455, 0.9551816851247218, 0.6281680314542624, 0.4033444964456566, 0.7236747117663991, 0.9077918708818348, 0.5334299156153842, 0.3230201091701079, 0.49969425521734423, 0.6427065993512161, 0.6772153751327586, 0.7460322575232702, 0.8736464037062475, 0.8949698502691236, 0.957743541762787, 0.9652559866471563, 0.8595367434019882, 0.9446155006002507, 0.9815662136514222, 0.8712502777984964, 0.9670877811011208, 0.9704748356835883, 0.807288441455716, 0.9489058654197873, 0.955515415345648, 0.19516045351917388, 0.5057966153946357, 0.9414385635427142, 0.3367335741696119, 0.9138903716562051, 0.5782148587591066, 0.8043947800063171, 0.9541705474957441, 0.4887682149083947, 0.6889967025448078, 0.778372415057231, 0.7655001642586147, 0.5668844218961765, 0.557749656069674, 0.833653474243646, 0.6744864378181054], [0.6707707440741328, 0.6779516064591145, 0.5720942990199028, 0.5995547562273159, 0.5090218440190543, 0.6184058026045824, 0.5940881980010172, 0.6636979071343947, 0.5969132647167205, 0.7300185584775322, 0.6915825309057105, 0.7999395225076861, 0.4001168516901821, 0.6102154945380347, 1.0, 0.5712420967057706, 0.8770456756235309, 0.44858102124342225, 0.28407152198322905, 0.7253133121805209, 0.3840281917970114, 0.398072871064454, 0.44559525809714373, 0.563893709509138, 0.6329174887658929, 0.08473359100021727, 0.3618017108701841, 0.6094352814622598, 0.481821093378511, 0.3800267523376919, 0.7565344373420455, 0.5229749166060358, 0.4260587078676106, 0.5661685575628985, 0.5100824122627691, 0.35793498048682826, 0.5304736857384086, 0.5064428311242851, 0.4038481811336765, 0.5261929016686295, 0.48498036160588354, 0.26305357314754374, 0.5303593960251414, 0.466734791234801, -0.025920260521202776, 0.5384472463029378, 0.5085907230938216, 0.7818392166507576, 0.6938229314956326, 0.7855308884684007, 0.3722375407840328, 0.4924958767535592, 0.4819197906808508, 0.17532801005290433, 0.44520537066594734, 0.30124395922026914, -0.11164819196052878, 0.27462154239072345, 0.22070089370322832, 0.09841900809159843], [0.9197577223245704, 0.8230336990646259, 0.9876711969065252, 0.9872536082887621, 0.9954210243409592, 0.8747008193920057, 0.9771073792543326, 0.9326810885977462, 0.9978948981828434, 0.9766349894463765, 0.8376338757531707, 0.8349623249091878, 0.9788093181968848, 0.9864887685946931, 0.5712420967057706, 1.0, 0.7896066164283096, 0.9887452528019045, 0.932915133128652, 0.6990805534119818, 0.975662346413848, 0.6851300177936083, 0.32332042266894545, 0.789539128027912, 0.9125953542278847, 0.49547322196481236, 0.2918566248748795, 0.46209305703202297, 0.6269690813498943, 0.6452219855928952, 0.7690555796334009, 0.7849652767539267, 0.8765314782054827, 0.9904024387514607, 0.9932392041963294, 0.8473525908780749, 0.9762455322849105, 0.9903680064973609, 0.915240760638648, 0.9890704804000744, 0.9936757703870485, 0.780275201445205, 0.9876243298334869, 0.9845792022278641, 0.3198345747629481, 0.6005447784536867, 0.9822404904765195, 0.3882188880974706, 0.8836588370078985, 0.6216783798043379, 0.7790404758521342, 0.9742908080345738, 0.6007546670834691, 0.7673092119441575, 0.8540887663370529, 0.7426534879999094, 0.6463329345744842, 0.6119876782027677, 0.8115105913032651, 0.7679703211058918], [0.83528660566286, 0.7013230236385181, 0.8357042918225364, 0.7693833296207446, 0.7686479868911997, 0.7200674032147221, 0.7572287737680957, 0.7196823948352034, 0.8083352928283669, 0.8948200613034114, 0.7633459258210582, 0.8762656273967183, 0.6910756138263748, 0.7640626029150972, 0.8770456756235309, 0.7896066164283096, 1.0, 0.6924499251348872, 0.5523853228000604, 0.6032258997109731, 0.6597056952730326, 0.7369056078414832, 0.41543456828983727, 0.8802639422898559, 0.8508365184996544, 0.2701864841140703, 0.45399412208926915, 0.6642340412184673, 0.6603107676778245, 0.5520626409944145, 0.9431438939593806, 0.49251123027612953, 0.6416374328717646, 0.827450617974454, 0.7775005729975998, 0.5995579446860616, 0.8132387935620803, 0.744104416583139, 0.7442749453978804, 0.7882279050316615, 0.733486536007771, 0.4806416090036274, 0.8049607434391777, 0.7519380976757664, 0.41181034601573696, 0.8472016247471789, 0.8001208191395528, 0.8633932919051863, 0.8180962728079136, 0.9466287177882157, 0.5783217751382622, 0.765928420486826, 0.8147272228186471, 0.602512118391384, 0.81332856109017, 0.52214344113239, 0.3418083493876566, 0.6261967232824477, 0.4524553405389008, 0.5488642639619329], [0.8760432549491355, 0.7813148313204921, 0.9678918944227021, 0.9725184635260725, 0.9916936076405507, 0.8431269321041714, 0.9620265104329777, 0.9114339823369242, 0.9824994692981824, 0.9336888182006898, 0.7879258991387865, 0.7615395369812604, 0.9920729149567876, 0.9722175859074724, 0.44858102124342225, 0.9887452528019045, 0.6924499251348872, 1.0, 0.966047295508556, 0.6501691319030158, 0.9937245024983669, 0.6424295822496643, 0.26009550401226533, 0.7323327888317948, 0.8690318229617411, 0.5092452006790076, 0.22614900509918945, 0.3734719677607119, 0.5743209041184153, 0.6181803513078223, 0.6819336170066751, 0.7821422116088719, 0.8719167107427033, 0.9730989974829982, 0.9875013442741483, 0.8494882730267208, 0.9598079074322945, 0.9874879711484901, 0.9081507682770271, 0.9785351028566186, 0.9974429250222162, 0.7958217515818503, 0.9768222535262987, 0.9839053949902404, 0.30858743238344744, 0.524928467981827, 0.9722768829449531, 0.2595265410977293, 0.8340162800503726, 0.5124639205367167, 0.7709579449343766, 0.9662096688776093, 0.5373129180497797, 0.7773675931384328, 0.8271803867905001, 0.7425138056586378, 0.6988919801712555, 0.582758343451138, 0.8406471873693024, 0.794930379527591], [0.8610369166889176, 0.7896428522842046, 0.9087434490920331, 0.9365251459547054, 0.9455824076639002, 0.8612724749048969, 0.9383567796437599, 0.8661784685953147, 0.9104866992993554, 0.8460186083426798, 0.7937145100649261, 0.7238306914292566, 0.9730542069345781, 0.9269116222784006, 0.28407152198322905, 0.932915133128652, 0.5523853228000604, 0.966047295508556, 1.0, 0.6340505927628814, 0.9848982847202497, 0.6648427887000731, 0.36337274366725636, 0.682062887691692, 0.8549917477378522, 0.6812690663767189, 0.32902551660613866, 0.4135308889902316, 0.6435381245390431, 0.7219707132213856, 0.6186522166828023, 0.8018213337823316, 0.9293268184202857, 0.9110293408227575, 0.9443202409978936, 0.9238496044578192, 0.9256941737937654, 0.9667283422020466, 0.9143343997396386, 0.9467445792411688, 0.9485330015417086, 0.9027623188565017, 0.9130105006445081, 0.9582211370361592, 0.3383633750840238, 0.4332415391054787, 0.9213286438951767, 0.10180845308940711, 0.8260975102627901, 0.40217731530757306, 0.8605152205793297, 0.954670596136989, 0.4243048013380477, 0.8155003149879759, 0.7892926735977481, 0.8495564029537546, 0.7923661241715052, 0.6438224409593333, 0.9422262188189732, 0.8167128432166068], [0.8132853800803105, 0.9520603716984443, 0.6269434824046113, 0.796436602099839, 0.637687639477342, 0.8937829237556211, 0.8169138085712002, 0.8990100883843344, 0.6858920265499274, 0.7491062776371743, 0.9053451017218704, 0.8593723437276666, 0.5922310116048703, 0.8023904841082455, 0.7253133121805209, 0.6990805534119818, 0.6032258997109731, 0.6501691319030158, 0.6340505927628814, 1.0, 0.621049651061049, 0.3610991596980815, 0.6801673616611101, 0.40748228397083874, 0.7280721605511462, 0.5445432166827265, 0.46848782369309616, 0.6398600812242847, 0.6303452301353345, 0.677802536310888, 0.6025599762555607, 0.9459646400210562, 0.7515431634481474, 0.6243302668255156, 0.6321053012599296, 0.6992649630666576, 0.6237789965222925, 0.7067670759588898, 0.5258434783994144, 0.6628537267417429, 0.6351794647350973, 0.6952642270432126, 0.5880750946648692, 0.6182341274389147, -0.22460811745350062, 0.16968280316620632, 0.5779605002558665, 0.24406049649576933, 0.8547906869744547, 0.4332547218459938, 0.7193533514702093, 0.6606570156488133, 0.07798036862177127, 0.2624387955641828, 0.37417174500720907, 0.6746966420802138, 0.11691766367939194, 0.30654182585949585, 0.6773941645127467, 0.17327277045178535], [0.8802489401733884, 0.7766900115050988, 0.9620919854900908, 0.9612606721593308, 0.986330648903019, 0.8493700553124842, 0.9547840903309069, 0.8838379285129084, 0.9634124648907549, 0.9091726185730357, 0.790514173787745, 0.7540199090411797, 0.997675792172233, 0.9551816851247218, 0.3840281917970114, 0.975662346413848, 0.6597056952730326, 0.9937245024983669, 0.9848982847202497, 0.621049651061049, 1.0, 0.6903498218545466, 0.3009981011183518, 0.7507050960819834, 0.8811252063076556, 0.5836397245332476, 0.2851726684445718, 0.40486075292501356, 0.6213138840310174, 0.6708592266917004, 0.6848974500518548, 0.7663229948145056, 0.9023383011393856, 0.9652475143036616, 0.9848278288083753, 0.8890232045227827, 0.965531311146211, 0.9884970711303719, 0.9362833292878725, 0.9805832144539778, 0.9878162351692438, 0.8428043104997638, 0.9687346849368464, 0.9892826893243488, 0.374823901301659, 0.5357224766050358, 0.9712798163271213, 0.23174345741036384, 0.8375741058150745, 0.5030938058980102, 0.8153180938955231, 0.9772085615924129, 0.5406558795462943, 0.8291882834730072, 0.8487534038367924, 0.7945405316605281, 0.7682790400436093, 0.6456175830046762, 0.8836772702653742, 0.839950177303961], [0.8122408188992707, 0.616102964992184, 0.7751069074132497, 0.6686299375452022, 0.7178689553879724, 0.7097701786833694, 0.6793046441433954, 0.5100516452756843, 0.6662053695122183, 0.7027683079217187, 0.7209325871508458, 0.7638570677487702, 0.7170358011162512, 0.6281680314542624, 0.398072871064454, 0.6851300177936083, 0.7369056078414832, 0.6424295822496643, 0.6648427887000731, 0.3610991596980815, 0.6903498218545466, 1.0, 0.6014833001472994, 0.9568297783543253, 0.8802834907314124, 0.7066334004940388, 0.7598960818237963, 0.785489084368456, 0.8969030856611281, 0.8329682720974423, 0.9008403787028338, 0.3575339127959356, 0.7986398299466323, 0.7557951860700806, 0.7423343717349443, 0.8173510375177313, 0.8240144288291503, 0.7283846512501692, 0.8995840658093376, 0.7775978215254802, 0.6605354521802287, 0.7488690494053993, 0.7369339457057391, 0.7685713914767972, 0.8265401834578151, 0.8787590455760471, 0.7759208414273622, 0.6277461792212545, 0.7852976049617365, 0.8257224518926781, 0.8180685296782767, 0.8105424780400399, 0.8120410987017969, 0.9213843576551779, 0.9267771858897441, 0.813915753263998, 0.7931167827452088, 0.9878583331119156, 0.7047828358784615, 0.8395443090907141], [0.6615422051710331, 0.7476097786279962, 0.3353192936029694, 0.43797286074412967, 0.2979849729708679, 0.7238788194126494, 0.4872881160309044, 0.4551302339764429, 0.28387073324183065, 0.39290168811543746, 0.773711520467203, 0.7355473755590667, 0.2837795208714766, 0.4033444964456566, 0.44559525809714373, 0.32332042266894545, 0.41543456828983727, 0.26009550401226533, 0.36337274366725636, 0.6801673616611101, 0.3009981011183518, 0.6014833001472994, 1.0, 0.4613828703870295, 0.6383924554037315, 0.8266635832829327, 0.9446828474397687, 0.9393884722140885, 0.8852807256109058, 0.8853589747574118, 0.630260820537722, 0.5602015508570634, 0.6757805084759624, 0.3110233691715236, 0.31757190810378355, 0.6768135711162632, 0.4028917189391107, 0.4025191637878217, 0.4522337181878069, 0.392768390121048, 0.24504362216698605, 0.7004871660900173, 0.2576777472073013, 0.3461683975840766, 0.1917470227758329, 0.29792163242747205, 0.2950372076849259, 0.32008409430281626, 0.7220775066331514, 0.4974354745159473, 0.7758390956046214, 0.4474462374508972, 0.12780337153926746, 0.3586548900086759, 0.34516082971109086, 0.7723804149232408, 0.24838560756034944, 0.6308894097968534, 0.6088611111793395, 0.18095183992263308], [0.8465352068374615, 0.631713243929364, 0.8723946551811385, 0.7511589317854781, 0.8111843523261368, 0.7159406447758021, 0.7469113083503418, 0.6071805629793753, 0.7877199911960195, 0.8279842528273592, 0.7303462981516124, 0.8087517286671903, 0.7850191986173596, 0.7236747117663991, 0.563893709509138, 0.789539128027912, 0.8802639422898559, 0.7323327888317948, 0.682062887691692, 0.40748228397083874, 0.7507050960819834, 0.9568297783543253, 0.4613828703870295, 1.0, 0.9076198896594309, 0.5253532053426256, 0.6040794186518429, 0.7046428262441368, 0.8037147690482234, 0.717432668630549, 0.9514862293683989, 0.38829000964510496, 0.7644362295691925, 0.8586260564024569, 0.8298867264277593, 0.7628039994007845, 0.8909635908983526, 0.7939365434368052, 0.9147276935637191, 0.8486605048826212, 0.763164637099946, 0.6622939966265676, 0.844609623496873, 0.8362361813623367, 0.7607385122811873, 0.9471057423906529, 0.8667387546892206, 0.7483540311459617, 0.8088659488485004, 0.9103909010545015, 0.7376364399996544, 0.856940571233552, 0.9114387725226397, 0.8910194168197741, 0.9743712302456123, 0.7139476129492323, 0.7141270942213972, 0.9013196827170175, 0.6342741255732888, 0.8375495564119297], [0.9906573581145578, 0.8925226721923886, 0.9367684067990685, 0.9281349578745235, 0.9099291788454972, 0.9423236265371, 0.9364363716619609, 0.8549205141989534, 0.8983275764701394, 0.9322918201511472, 0.9411622704624232, 0.9526301864622131, 0.8886967016363725, 0.9077918708818348, 0.6329174887658929, 0.9125953542278847, 0.8508365184996544, 0.8690318229617411, 0.8549917477378522, 0.7280721605511462, 0.8811252063076556, 0.8802834907314124, 0.6383924554037315, 0.9076198896594309, 1.0, 0.7051938486471425, 0.651575623797094, 0.775571653308333, 0.8846130891147387, 0.8673484204295145, 0.9307235949829958, 0.7343659310396429, 0.9462967452034683, 0.9262672160819084, 0.9209502691675064, 0.9304811430431507, 0.957902688245137, 0.933890085191417, 0.9482889230337798, 0.9479980689576009, 0.8769224238631046, 0.8682136783481492, 0.9038904865416937, 0.9275165670045759, 0.4889728599579456, 0.7343437859134005, 0.9199961493610498, 0.5549258472176525, 0.9766709640283678, 0.7935121092198969, 0.9146930472509568, 0.959789644869892, 0.6704544295177277, 0.8312049493112847, 0.9002407963409245, 0.8862182560456378, 0.6740111266130636, 0.8315373409123146, 0.8483616553406442, 0.7595404988484435], [0.7025425007162436, 0.7154082465866932, 0.5033540210590091, 0.5742552250735632, 0.5117126511374551, 0.7644964199105023, 0.6178864256150896, 0.5116408676778716, 0.4407667348405939, 0.4442661501988099, 0.7430879288774537, 0.6384396394061546, 0.5603848194430361, 0.5334299156153842, 0.08473359100021727, 0.49547322196481236, 0.2701864841140703, 0.5092452006790076, 0.6812690663767189, 0.5445432166827265, 0.5836397245332476, 0.7066334004940388, 0.8266635832829327, 0.5253532053426256, 0.7051938486471425, 1.0, 0.8207510536340555, 0.7482342237189226, 0.8755783227402697, 0.9486044974512026, 0.5411070498429745, 0.6123220710348193, 0.8503749306224858, 0.48558418794855973, 0.528867307340496, 0.8806345621689312, 0.5881833193172264, 0.6066727398237001, 0.6859824113246152, 0.5865011419557535, 0.4753634592017105, 0.9245178674069373, 0.4577027144028858, 0.5796522016711152, 0.40232770596605727, 0.2869941517671032, 0.5048468569545806, 0.02337442332523687, 0.7222107714155234, 0.31800312481864523, 0.9250489243517249, 0.6518673034490559, 0.16526001952752556, 0.6699383730512602, 0.5295706596153649, 0.9481325514666251, 0.6842333550675523, 0.7735967193405288, 0.8830853438971699, 0.5540463253113272], [0.6293846904921876, 0.6155919890089621, 0.3530148587736671, 0.36947308531843104, 0.29242772625140967, 0.6326005672750898, 0.4138291400014291, 0.3135801474689821, 0.25409833433921625, 0.3596758107080622, 0.6865252339328604, 0.6838107211533752, 0.28634180227505013, 0.3230201091701079, 0.3618017108701841, 0.2918566248748795, 0.45399412208926915, 0.22614900509918945, 0.32902551660613866, 0.46848782369309616, 0.2851726684445718, 0.7598960818237963, 0.9446828474397687, 0.6040794186518429, 0.651575623797094, 0.8207510536340555, 1.0, 0.9580084649952745, 0.9267990041941199, 0.8859330952901512, 0.7027110446718727, 0.35217109540403446, 0.6443799413787915, 0.3242238316237174, 0.32042113829992214, 0.6640047951972172, 0.4313477213814385, 0.37478189675416573, 0.5260782268580367, 0.3949170442828204, 0.22379565481663266, 0.6644939408523987, 0.27636071922447414, 0.3576152000944335, 0.48403473988029266, 0.5036892997276642, 0.3258442096704304, 0.452065891998747, 0.6697864158841288, 0.6131700159000217, 0.7570887256387445, 0.45645606683200735, 0.3449964071696032, 0.5157746832572443, 0.483335547566518, 0.7633709356162928, 0.4035037369778718, 0.7967065946795602, 0.5647590571655707, 0.3431913924226011], [0.7689128933444437, 0.7566988533297597, 0.5114807861823547, 0.5357925699490256, 0.4448971691679753, 0.7571205931020567, 0.5714160122238565, 0.5046890761644647, 0.4367372761078294, 0.560015486485814, 0.8195902986689235, 0.84445873477598, 0.40962596994139133, 0.49969425521734423, 0.6094352814622598, 0.46209305703202297, 0.6642340412184673, 0.3734719677607119, 0.4135308889902316, 0.6398600812242847, 0.40486075292501356, 0.785489084368456, 0.9393884722140885, 0.7046428262441368, 0.775571653308333, 0.7482342237189226, 0.9580084649952745, 1.0, 0.9494364064010098, 0.890616191623671, 0.8402723924928289, 0.49327128833216327, 0.7141821430307499, 0.48589406704131466, 0.4684148694999283, 0.7102625120308514, 0.5656394129279847, 0.5143830805542012, 0.6068131114752611, 0.5354598623321734, 0.38094491461197866, 0.6822231794288852, 0.43556246247884167, 0.4875664764341394, 0.4121212645643637, 0.598754413954314, 0.470890684987076, 0.6087039605233832, 0.8076455819662319, 0.7612986078934963, 0.7887016579931618, 0.577435538476235, 0.4491544209211664, 0.5253297318318719, 0.5753658508772652, 0.7726051124658958, 0.3469577367248764, 0.7791258962546496, 0.5889212528383376, 0.3588520028204496], [0.8654256327618262, 0.8087732992705101, 0.6742303945776232, 0.6822083440263345, 0.6298037549501837, 0.8491158653683462, 0.714403151187977, 0.6070310724888702, 0.5939243311499861, 0.6649216662806035, 0.8744573528476547, 0.8673984136170144, 0.623641836032327, 0.6427065993512161, 0.481821093378511, 0.6269690813498943, 0.6603107676778245, 0.5743209041184153, 0.6435381245390431, 0.6303452301353345, 0.6213138840310174, 0.8969030856611281, 0.8852807256109058, 0.8037147690482234, 0.8846130891147387, 0.8755783227402697, 0.9267990041941199, 0.9494364064010098, 1.0, 0.97722997041432, 0.8633007709029635, 0.5809357640235947, 0.8718282657348373, 0.6518361194715888, 0.6521946787487982, 0.8799826358272628, 0.7362802569010639, 0.6943553634346641, 0.7969024425088618, 0.7107390161643067, 0.5732354454506976, 0.856014618221363, 0.6134371365820072, 0.6816354380973229, 0.5453472284013022, 0.6466802029032669, 0.6534226411946422, 0.5002836454333882, 0.8814346358446019, 0.7289223722662224, 0.9268584994177655, 0.7570401129170357, 0.5199082465207554, 0.7418829078798914, 0.7372560526205202, 0.920791687168255, 0.6134034624745431, 0.9030301679645494, 0.7889489283511195, 0.6046201956505037], [0.8634583965561758, 0.8454198156746237, 0.6670906129115539, 0.7146611602967698, 0.648091715862736, 0.8848144225975291, 0.7510388588972732, 0.6546507139331879, 0.6038436860408127, 0.6474192721857779, 0.8886947954664677, 0.8378493918480457, 0.6602708652779808, 0.6772153751327586, 0.3800267523376919, 0.6452219855928952, 0.5520626409944145, 0.6181803513078223, 0.7219707132213856, 0.677802536310888, 0.6708592266917004, 0.8329682720974423, 0.8853589747574118, 0.717432668630549, 0.8673484204295145, 0.9486044974512026, 0.8859330952901512, 0.890616191623671, 0.97722997041432, 1.0, 0.7709883433885347, 0.6789985545926693, 0.920562443872436, 0.6477302860727377, 0.6665405959842478, 0.9316217380482807, 0.7343471498264843, 0.7271827104035313, 0.7959017164275624, 0.7238950809030951, 0.6026293312307608, 0.9333445372521685, 0.6125935737102185, 0.7016065659571016, 0.45355031309873883, 0.506486600277292, 0.6522582164375574, 0.3156884205712547, 0.8818240694977934, 0.5861317277831567, 0.9733214558087698, 0.7746453843800101, 0.38103714172169045, 0.7308537321922747, 0.6840368330414263, 0.9741211091599243, 0.6502181665087364, 0.8557599636629779, 0.8804951488421093, 0.6024453289818464], [0.9003431524603306, 0.7623943869145892, 0.8325646496973392, 0.7692877186161191, 0.7632088741091579, 0.8019906952277152, 0.7735779278802378, 0.686036944639139, 0.7680320067120511, 0.8545697462775296, 0.8428064092954769, 0.9240589071797404, 0.7114809401821508, 0.7460322575232702, 0.7565344373420455, 0.7690555796334009, 0.9431438939593806, 0.6819336170066751, 0.6186522166828023, 0.6025599762555607, 0.6848974500518548, 0.9008403787028338, 0.630260820537722, 0.9514862293683989, 0.9307235949829958, 0.5411070498429745, 0.7027110446718727, 0.8402723924928289, 0.8633007709029635, 0.7709883433885347, 1.0, 0.5084377075610415, 0.7752681987881064, 0.8164564526569736, 0.7807355841130974, 0.755981842798041, 0.8467296064928931, 0.7683236370756961, 0.8390681704078236, 0.8123480905251111, 0.7119764511332083, 0.6616261111873121, 0.7868511498254707, 0.7785251437913165, 0.5762065297765927, 0.8819669560969292, 0.803713868863983, 0.8138399451481187, 0.8907552909849498, 0.9586263526791602, 0.7607611006888608, 0.8190033516405926, 0.8100771389678998, 0.745303762000545, 0.8772858538993249, 0.7238863159859517, 0.5190572493484954, 0.8326977386135496, 0.6122593846770206, 0.6532960246859719], [0.8149872966883169, 0.9341480247884926, 0.6985592349078279, 0.8672268909855418, 0.7416978332692499, 0.9075715003914484, 0.884130655507028, 0.9420849898177638, 0.7641109744178807, 0.7653270560582032, 0.876719706679337, 0.7862180875439809, 0.7302943454156497, 0.8736464037062475, 0.5229749166060358, 0.7849652767539267, 0.49251123027612953, 0.7821422116088719, 0.8018213337823316, 0.9459646400210562, 0.7663229948145056, 0.3575339127959356, 0.5602015508570634, 0.38829000964510496, 0.7343659310396429, 0.6123220710348193, 0.35217109540403446, 0.49327128833216327, 0.5809357640235947, 0.6789985545926693, 0.5084377075610415, 1.0, 0.8280999835736119, 0.7014649138088169, 0.7321243592183834, 0.7880525184745393, 0.7004105894723669, 0.8072326589108052, 0.6178261066211417, 0.7507048826895807, 0.7540069484589854, 0.8006561756483505, 0.6800222200027395, 0.7278226772623773, -0.18421003382284873, 0.10026569229407922, 0.6713472044780141, 0.03224455138754512, 0.8365497733778056, 0.2836079979680033, 0.7760793059344244, 0.7512042450036348, 0.038698323117366984, 0.3825501540878069, 0.42715791982418927, 0.7444449960365008, 0.3121733328604135, 0.32194980371254167, 0.8157351863552883, 0.33281564594616], [0.9532288307341603, 0.9115704089693603, 0.8713693915351196, 0.9173028399218588, 0.8785793438913345, 0.9633485580653478, 0.9362239161622131, 0.8582274405582822, 0.8456089805951901, 0.8424351449858326, 0.9337216284235866, 0.8765576517602942, 0.8907771654986979, 0.8949698502691236, 0.4260587078676106, 0.8765314782054827, 0.6416374328717646, 0.8719167107427033, 0.9293268184202857, 0.7515431634481474, 0.9023383011393856, 0.7986398299466323, 0.6757805084759624, 0.7644362295691925, 0.9462967452034683, 0.8503749306224858, 0.6443799413787915, 0.7141821430307499, 0.8718282657348373, 0.920562443872436, 0.7752681987881064, 0.8280999835736119, 1.0, 0.862816078520502, 0.886637766667482, 0.9961540222890409, 0.9101830109823081, 0.930487747078525, 0.9221057660187516, 0.9177109501449189, 0.8566884946735602, 0.9794956326334502, 0.8433809664961114, 0.907800225363608, 0.3912266314759226, 0.5179888963784766, 0.8652316784207535, 0.26503917770406615, 0.9461754186043785, 0.5648166002759258, 0.9836451745595484, 0.9442335858368844, 0.44581760358683087, 0.8132769134575435, 0.7976336884043033, 0.9720012698666011, 0.7385716625434754, 0.7884919513725351, 0.9720625615668473, 0.7439833855803536], [0.915392109325644, 0.7779047710319249, 0.999484575392349, 0.9630789052984031, 0.9944055014341513, 0.8435035146765381, 0.9507149133766996, 0.880946104589837, 0.9902174238319149, 0.9735114354100834, 0.812042598681657, 0.829376768370211, 0.9769492547721579, 0.957743541762787, 0.5661685575628985, 0.9904024387514607, 0.827450617974454, 0.9730989974829982, 0.9110293408227575, 0.6243302668255156, 0.9652475143036616, 0.7557951860700806, 0.3110233691715236, 0.8586260564024569, 0.9262672160819084, 0.48558418794855973, 0.3242238316237174, 0.48589406704131466, 0.6518361194715888, 0.6477302860727377, 0.8164564526569736, 0.7014649138088169, 0.862816078520502, 1.0, 0.9959060316588126, 0.8392892247956211, 0.991048877670629, 0.9796883639292933, 0.9452905009040099, 0.9921290087966914, 0.9849738898587435, 0.7594923095502262, 0.9981543783740734, 0.9892197443761154, 0.4376873890061