"[[1.0, 0.9659109342138031, 0.8954580645755493, 0.9429789646054664, 0.8845442304739524, 0.9799330904623643, 0.9577836052885522, 0.9199282482656034, 0.8866430348067381, 0.9268898009570947, 0.9836362925632892, 0.9820409007205295, 0.8536074831604835, 0.9141780996116219, 0.7303845509551259, 0.8946783443336966, 0.8112513095639995, 0.8510989925593794, 0.8510167697881559, 0.8467880458639805, 0.853579744171459, 0.8441722317436341, 0.6630015309409973, 0.8397880443756822, 0.9938228024021327, 0.7013233633527056, 0.6686521666564679, 0.8014315525918522, 0.8503355012179286, 0.9068707807266722, 0.9014503243275143, 0.8469311437372553, 0.9138235982685329, 0.8881104275846838, 0.8869959360784314, 0.9151336244275373, 0.9159996565032089, 0.9219158955051687, 0.8896777565253554, 0.9163184403942076, 0.8559840541245147, 0.8885971785944833, 0.8635626994715841, 0.8799727974608476, 0.33696045345196113, 0.6203646596444529, 0.8710891470104271, 0.5205209871675072, 0.9997465364151326, 0.731257871033054, 0.8921650887077276, 0.9338343004033127, 0.5276471862805461, 0.7292464619408611, 0.7181161289775654, 0.8929068177874356, 0.629511519977275, 0.7066464897240908, 0.7869634729680448, 0.7159650398914559], [0.9659109342138031, 1.0, 0.7800892894075667, 0.8915292075045353, 0.7787796217053473, 0.9881970918576392, 0.9164297282088754, 0.9085052562830387, 0.7866793674455651, 0.8241042586703652, 0.9963244500845926, 0.9471641757569533, 0.7684616463388552, 0.8636828577503121, 0.6577256801287252, 0.8053791304186867, 0.6562066635532879, 0.763688763101788, 0.8206511707883783, 0.9085979005597447, 0.7799851778352421, 0.7302239325006072, 0.7672545313277435, 0.6917427546099767, 0.9362964188864275, 0.7883250210040438, 0.6984064235305343, 0.8238968194405514, 0.8368785925839357, 0.9583935108186465, 0.7862287771733112, 0.9046866562291318, 0.9217235479277348, 0.7734885295768283, 0.7867337965238987, 0.9325690678927626, 0.8138782428442732, 0.855746728487269, 0.802512890620403, 0.8214355372564407, 0.7616436950837219, 0.9327554385432697, 0.7412255266841542, 0.789634539273606, 0.17094905077360112, 0.4407342849481488, 0.7520223538646293, 0.3619960240869219, 0.9691323625751355, 0.5935640588522442, 0.9244408267410859, 0.8564040884119929, 0.3108879997648817, 0.609834296539791, 0.5760380155859276, 0.9213631693776452, 0.5420600189799529, 0.630866001296282, 0.8273761717249529, 0.5727633364517134], [0.8954580645755493, 0.7800892894075667, 1.0, 0.961139978706563, 0.9940342236623873, 0.8537657611135345, 0.9481627067897894, 0.852868147252284, 0.983361298401308, 0.9660014006619626, 0.815482833616832, 0.8261285480835451, 0.9778897816668857, 0.9206907490003768, 0.5729334700147589, 0.9876207037661221, 0.8182062395656106, 0.9742774534589604, 0.9204327632807936, 0.611128406362611, 0.9687013749133758, 0.8377428702913067, 0.320533344043195, 0.8891922683134584, 0.9366852604497994, 0.5074719243608483, 0.3729589141819425, 0.4978809206986723, 0.6964303092703175, 0.6961793611477542, 0.8631388304505895, 0.7105845364183181, 0.8501380576936282, 0.9990402296671, 0.9956411445362148, 0.8420875906556031, 0.9946235979520858, 0.9788366781588576, 0.956498445876345, 0.9963196890280853, 0.981044749558838, 0.7852858087333664, 0.99700237353129, 0.9867196569460259, 0.47449952047195276, 0.6809558418936769, 0.9983091382814085, 0.45579576535717103, 0.8910366344215991, 0.6725761728990103, 0.7689494218682164, 0.9868086783487514, 0.7010162359599516, 0.8606595202329445, 0.8835728456233827, 0.7678699180198891, 0.787620923910756, 0.7090817875125687, 0.7587724127459194, 0.9240563622665404], [0.9429789646054664, 0.8915292075045353, 0.961139978706563, 1.0, 0.9734126872552414, 0.9487541362247253, 0.9981440530853756, 0.9531676451674832, 0.9770446425811249, 0.9630553681804874, 0.9082163604510421, 0.8754821325769886, 0.968475946580119, 0.9789200589559441, 0.6074927719019686, 0.985015809359432, 0.7539359445978534, 0.9726778672863501, 0.9545234128931318, 0.780560094359546, 0.9704074405433978, 0.7499938910053847, 0.42889502643075184, 0.7819895821004879, 0.9579634086245434, 0.5893422377502715, 0.40207281767751146, 0.5581489091669984, 0.6979300070863012, 0.7905878143100038, 0.7981495499573892, 0.8747949269760059, 0.9051075421927828, 0.9644532992364384, 0.9719716779358046, 0.9109799185264881, 0.9613546949221871, 0.9925948211886162, 0.9155059939358596, 0.979299525636312, 0.9718187567195491, 0.8778971104677795, 0.9530086741675345, 0.9631418370505289, 0.26188378150671254, 0.5092185788543847, 0.9526127270288712, 0.36132558297257744, 0.9400124785771498, 0.5606648797374297, 0.8368461100277933, 0.9835786556623263, 0.49348109271784324, 0.7511581468889715, 0.7584164487929718, 0.8301351810133476, 0.6950225066726423, 0.620111460906419, 0.8307008219804943, 0.8134628355194905], [0.8845442304739524, 0.7787796217053473, 0.9940342236623873, 0.9734126872552414, 1.0, 0.859751889224686, 0.9597723920795511, 0.8850191478534617, 0.9963730604593113, 0.9721343287087479, 0.8107087348164572, 0.8099954005314971, 0.9871844899229739, 0.948300725597121, 0.5750870877729941, 0.9976114879859803, 0.7990862300715412, 0.9911335423057018, 0.9312703471375493, 0.6431232581620976, 0.9802958541095164, 0.7755410590679118, 0.27378359294961974, 0.8360867942856723, 0.9228569907240213, 0.4682100961554815, 0.30289186345247376, 0.44936238514514293, 0.637060400656858, 0.6713844388382249, 0.8126540949348626, 0.755696435344962, 0.8360259457792142, 0.9976518724967942, 0.9961655494391427, 0.8334829092527757, 0.9818687413696755, 0.9843614661319485, 0.929602762100077, 0.9938455184981391, 0.9949127619926613, 0.7802476463110011, 0.9962326530290904, 0.9826135746471257, 0.3812879619568872, 0.6020206044270714, 0.993194852692186, 0.4166430606016973, 0.8790290551634923, 0.5991548911687076, 0.7457025606953133, 0.982346582199681, 0.6323711096794101, 0.810305532175477, 0.836928656860177, 0.7414360781453098, 0.7452433327380455, 0.6358761185637785, 0.7551664361406488, 0.8968796836563322], [0.9799330904623643, 0.9881970918576392, 0.8537657611135345, 0.9487541362247253, 0.859751889224686, 1.0, 0.9659249680347791, 0.9541132878804603, 0.8692294063074797, 0.8925153961316311, 0.9910312554765404, 0.9470242974373502, 0.8487452987399441, 0.9291037877285986, 0.671723851176829, 0.8826183259383665, 0.70804136872161, 0.8499544181259603, 0.8783371536177343, 0.9018013727323393, 0.8574766790889182, 0.7380529596980121, 0.6639371478665853, 0.7251862110630317, 0.9625895128916534, 0.7244622918845792, 0.6045074245117558, 0.751104203295952, 0.7947048741978837, 0.9178378235731628, 0.7991181802649847, 0.9277348673066143, 0.9280385847241088, 0.851421151944986, 0.8621758334219914, 0.9390171432634706, 0.8749711655882708, 0.9180796071684515, 0.8461342369145682, 0.8888456777066739, 0.8478425292431943, 0.9287869984162392, 0.8249439972097269, 0.8585707118176594, 0.17803864022563742, 0.45690303614125205, 0.8307292989100524, 0.3759542914447064, 0.9806839251501901, 0.5848322657839773, 0.905870416629805, 0.9135400465432761, 0.3621546481852167, 0.6503165688550748, 0.6309119238207891, 0.9009777884202139, 0.5825675876214135, 0.6181553529204485, 0.836254900273638, 0.6507119628028196], [0.9577836052885522, 0.9164297282088754, 0.9481627067897894, 0.9981440530853756, 0.9597723920795511, 0.9659249680347791, 1.0, 0.9631300939699018, 0.9652914883903079, 0.959559976015605, 0.9310727020199722, 0.8976885367227584, 0.9521732329539682, 0.9792110112755573, 0.6319128709174101, 0.9733902099684992, 0.7561608206646666, 0.9568258163919902, 0.9446002764384267, 0.8129882441348085, 0.955154000882641, 0.7516362759148376, 0.4735879026378088, 0.7767885951624499, 0.9664863957054274, 0.613020134558606, 0.44154664545465727, 0.5994525685853275, 0.718103919544547, 0.8179839170328833, 0.8047561229311617, 0.8932133173226372, 0.9126641144905652, 0.9506598264222481, 0.9581267192025454, 0.9197672676726338, 0.9515375855220418, 0.9853602882683522, 0.9065799682684131, 0.9693529720756882, 0.9558132082701646, 0.8904190918971371, 0.9362108643083165, 0.949144881234694, 0.24381417237525538, 0.5028780217170566, 0.9364895052111852, 0.3739063480647693, 0.9552882108110808, 0.5704860530266282, 0.8521152654003609, 0.976966269390005, 0.4722110999986423, 0.733306967836216, 0.736407840619094, 0.8456955962463897, 0.6726370839495652, 0.6191355449419852, 0.8325259114062417, 0.785820233270399], [0.9199282482656034, 0.9085052562830387, 0.852868147252284, 0.9531676451674832, 0.8850191478534617, 0.9541132878804603, 0.9631300939699018, 1.0, 0.9128880034627731, 0.9285933671135297, 0.9174372062710021, 0.8859789436393014, 0.8615687370237638, 0.9848636415452807, 0.7290857578843759, 0.905985792676658, 0.7399395747172026, 0.8888165111137694, 0.8517016256762636, 0.9175158113583772, 0.8673936161390828, 0.5950043901240988, 0.4359285658010992, 0.632738092362751, 0.9073653846157268, 0.49795702315236823, 0.37177584389858875, 0.5822886490351911, 0.5897391309569555, 0.7590862016427458, 0.6960356220622314, 0.9636600681118296, 0.811555277775416, 0.8628439068167382, 0.864961609171992, 0.831509696298159, 0.8438170084277428, 0.9097539802070451, 0.761085652750504, 0.8811781874671227, 0.8839752477881813, 0.8137284982019692, 0.8430715340342967, 0.8377848894670329, 0.004479516717043053, 0.3352588456702166, 0.832954278009611, 0.39325462884050477, 0.9147019500689015, 0.4551644964580064, 0.7521207787007832, 0.886421101402598, 0.29185097082887657, 0.5258102019659268, 0.5343571822984277, 0.741875797423956, 0.4510384506070628, 0.41107930167862883, 0.7201563728856611, 0.6047562870650066], [0.8866430348067381, 0.7866793674455651, 0.983361298401308, 0.9770446425811249, 0.9963730604593113, 0.8692294063074797, 0.9652914883903079, 0.9128880034627731, 1.0, 0.9817182648305272, 0.8178908007680187, 0.8188075254327153, 0.97782050533908, 0.9685443050214136, 0.6173564612174035, 0.9959023497710011, 0.8108535685248595, 0.9895734663542778, 0.9182822157720715, 0.6856344496007425, 0.9714336876280149, 0.738049592844578, 0.25851029962492, 0.8054923336660917, 0.919575904832854, 0.4328445411406867, 0.2791959159373879, 0.4462958749589012, 0.6025656231394402, 0.6592148766650568, 0.7916852243646881, 0.7903630924834294, 0.8156374676397793, 0.9896925254378224, 0.9860790251731066, 0.8171215557059477, 0.9660806507317515, 0.9786280421588309, 0.8995201539569636, 0.9848529186209193, 0.9922603014614398, 0.7659145808720443, 0.9869330306932825, 0.9658732562258152, 0.3116029688437405, 0.5597978628384311, 0.9801333129609283, 0.43240371072442674, 0.8799678992252562, 0.5720494450974511, 0.7226443381364082, 0.9715958978845552, 0.588849747972254, 0.7584816235825435, 0.7883927195909687, 0.7170262134201258, 0.6873348485769324, 0.5777932661121871, 0.7295117025065451, 0.8573368970184627], [0.9268898009570947, 0.8241042586703652, 0.9660014006619626, 0.9630553681804874, 0.9721343287087479, 0.8925153961316311, 0.959559976015605, 0.9285933671135297, 0.9817182648305272, 1.0, 0.8609287495080978, 0.8935399758490807, 0.9274127862288246, 0.9694310053312264, 0.7504824336541117, 0.968516266635745, 0.8963169880467389, 0.9452349587272698, 0.8545941809506358, 0.7512923886079725, 0.9173612938051988, 0.7748120815794659, 0.3356922462729638, 0.8402398413234378, 0.9487975049485814, 0.42624013957074036, 0.38460443918751497, 0.5648487270463453, 0.6460693679189425, 0.6911212809334284, 0.8526576835164063, 0.7977994913552876, 0.7926302324254209, 0.9695822101182191, 0.9549234281379881, 0.7936898618747825, 0.9499572415907875, 0.9506325045683637, 0.8732174986305016, 0.9651636359699661, 0.9516364884992642, 0.7409825605800332, 0.9604592353146038, 0.9252573229140426, 0.31641005057763005, 0.6188075343277196, 0.9526220649491827, 0.5784892379184368, 0.9193616453237076, 0.6684584789815828, 0.7147474174687842, 0.9520780849464543, 0.6156994863119546, 0.7183977426547226, 0.7485834580208661, 0.7126045091440106, 0.6082799993240607, 0.5763846491849972, 0.6636524533881666, 0.7976794161101486], [0.9836362925632892, 0.9963244500845926, 0.815482833616832, 0.9082163604510421, 0.8107087348164572, 0.9910312554765404, 0.9310727020199722, 0.9174372062710021, 0.8178908007680187, 0.8609287495080978, 1.0, 0.9695332149916455, 0.7904798385410636, 0.8826505965286939, 0.7000304341992418, 0.8319158926650551, 0.7171687418721375, 0.7875413482465718, 0.8237855761122337, 0.9011780503584899, 0.7979875073376558, 0.7700413736824552, 0.7444660621188097, 0.742330700877513, 0.9597401245637015, 0.7600292748122307, 0.7017978966581336, 0.8325083979373749, 0.8462713152954513, 0.9474229519788575, 0.8303120741429005, 0.891227870758563, 0.9174623964290141, 0.8084511641665406, 0.815787831651735, 0.9254953349035496, 0.8450530801810947, 0.8748315014477376, 0.8269937070649644, 0.8502884683177273, 0.7880536857772947, 0.9172048048017967, 0.7777203380670588, 0.8141000364482123, 0.22042471415405718, 0.5029604699118472, 0.7871895354093963, 0.43079084960790204, 0.9856090315943811, 0.6481608247426769, 0.9141629026441161, 0.8797700417806961, 0.38063521798641964, 0.6412514928974502, 0.6147189578517118, 0.9126195827423281, 0.5583381243388263, 0.652846432217655, 0.8073279278863733, 0.6099193486641145], [0.9820409007205295, 0.9471641757569533, 0.8261285480835451, 0.8754821325769886, 0.8099954005314971, 0.9470242974373502, 0.8976885367227584, 0.8859789436393014, 0.8188075254327153, 0.8935399758490807, 0.9695332149916455, 1.0, 0.7540570849126791, 0.8653772626999141, 0.8257054428725046, 0.8165216943792674, 0.8516149501070509, 0.7588200193167517, 0.737364044977299, 0.867406035974171, 0.7503600022771826, 0.8271004853984127, 0.6967294674507605, 0.822414548562297, 0.9648976841775666, 0.647781397919814, 0.7294852920065842, 0.8705349949088124, 0.8387228054005045, 0.8830091834142277, 0.9072485765525613, 0.8092397427357839, 0.8349410977757411, 0.8168909561870794, 0.8045012714456661, 0.8362248085334626, 0.8457823831748166, 0.8407039576417525, 0.8087297179036741, 0.8434760880075319, 0.7669978483268471, 0.8097237858525493, 0.7874202845772238, 0.7875018594630208, 0.31399199197069994, 0.638311839963456, 0.7929022028332625, 0.638008737631746, 0.9807525684906293, 0.7811755129984651, 0.828703196103237, 0.8596694541330145, 0.5196615985827843, 0.6413395376788563, 0.6318848044924065, 0.8326675617173839, 0.507838842572137, 0.6566120783230811, 0.6721931141341858, 0.6116749931197949], [0.8536074831604835, 0.7684616463388552, 0.9778897816668857, 0.968475946580119, 0.9871844899229739, 0.8487452987399441, 0.9521732329539682, 0.8615687370237638, 0.97782050533908, 0.9274127862288246, 0.7904798385410636, 0.7540570849126791, 1.0, 0.925243782430218, 0.4512912870716541, 0.9910886434930637, 0.6946403520536243, 0.9951687099880715, 0.9720846989898487, 0.604812372632123, 0.9988372387243928, 0.7416956731317044, 0.2735050278512632, 0.7884260910318993, 0.893883968690876, 0.5244715102137671, 0.26582151680429966, 0.3912194336452264, 0.6304186942046872, 0.680955968611056, 0.7548496915440495, 0.75571345089808, 0.8692052389891776, 0.9818655197972472, 0.992956074066942, 0.8678085617565179, 0.9722822174447827, 0.9881843947743744, 0.9388929401827787, 0.9850095230218543, 0.9950626782733063, 0.8229542505654137, 0.9823795866127867, 0.9920534671108341, 0.36474193483558004, 0.5345111831613779, 0.9831803692261186, 0.27040701009213275, 0.8503921753532874, 0.5149418252450226, 0.7790707202578426, 0.9802048481975734, 0.5723754232871097, 0.8285606142590518, 0.8456962656066188, 0.7722036164691782, 0.8003992623714898, 0.6483393528631797, 0.8271668851388482, 0.912288717459107], [0.9141780996116219, 0.8636828577503121, 0.9206907490003768, 0.9789200589559441, 0.948300725597121, 0.9291037877285986, 0.9792110112755573, 0.9848636415452807, 0.9685443050214136, 0.9694310053312264, 0.8826505965286939, 0.8653772626999141, 0.925243782430218, 1.0, 0.7001977202138971, 0.9605109869606856, 0.7844227522442364, 0.9493222102687991, 0.8903390382976416, 0.8374860562789459, 0.9257899140925826, 0.6481532547513115, 0.34408161306073315, 0.7043622907843982, 0.9208594055867776, 0.45419374590038597, 0.3134874840694375, 0.5163016815164184, 0.5819646681747119, 0.7123537529170918, 0.7354151117266613, 0.9111124950202671, 0.8136351745005425, 0.9306712497197025, 0.9295413690224578, 0.8272271205097484, 0.9047664942634677, 0.9521439951450483, 0.8215641481980391, 0.937593582632659, 0.9472153528616123, 0.7944677313319118, 0.9183989226260246, 0.9022798219858535, 0.1130259451082094, 0.42031552458994104, 0.9077614746964667, 0.41716445708483474, 0.9076163193027665, 0.49645034177781733, 0.7351879255205336, 0.9331155804533159, 0.4120161443828312, 0.6173593389768006, 0.6379649984908878, 0.7261006102109352, 0.5422689524609918, 0.46424059109434324, 0.723158915852639, 0.7144964374027866], [0.7303845509551259, 0.6577256801287252, 0.5729334700147589, 0.6074927719019686, 0.5750870877729941, 0.671723851176829, 0.6319128709174101, 0.7290857578843759, 0.6173564612174035, 0.7504824336541117, 0.7000304341992418, 0.8257054428725046, 0.4512912870716541, 0.7001977202138971, 1.0, 0.5657672450627286, 0.8909290080276215, 0.5024307394497896, 0.34477928679636827, 0.781736072423214, 0.433363023439991, 0.527219316310051, 0.3738725233851258, 0.5903273925661486, 0.7030427361433372, 0.14183236877487415, 0.47770660074609617, 0.6915306868141945, 0.4504098073833567, 0.49582779208097594, 0.6931810391617629, 0.6252924270362238, 0.3916425445652285, 0.5748731089567035, 0.5250287904582832, 0.4004283757622953, 0.5489962415598859, 0.5364065234261856, 0.4270864162591228, 0.5662611078526545, 0.5155282772986642, 0.3620610858884309, 0.5486721059999755, 0.4581830955074393, 0.05875206454051196, 0.4892353448920368, 0.5294349047475048, 0.8684519107119587, 0.7191051757470717, 0.6615823933422335, 0.37148927981943336, 0.5497426446704611, 0.39971921732724613, 0.23298840566203816, 0.26724704304438607, 0.3769840338429755, 0.02693465949759255, 0.22415658448560805, 0.1644535532475515, 0.2681062897870248], [0.8946783443336966, 0.8053791304186867, 0.9876207037661221, 0.985015809359432, 0.9976114879859803, 0.8826183259383665, 0.9733902099684992, 0.905985792676658, 0.9959023497710011, 0.968516266635745, 0.8319158926650551, 0.8165216943792674, 0.9910886434930637, 0.9605109869606856, 0.5657672450627286, 1.0, 0.7729273063596069, 0.9950499158336935, 0.9488819042657419, 0.6759893452755675, 0.9874221780818053, 0.7571985675426355, 0.30116388525182347, 0.811108624566581, 0.9277975286049192, 0.4991203045067776, 0.30817681484917014, 0.4578744774316127, 0.6419993229930709, 0.6979642213550377, 0.7952015377377769, 0.793310337471046, 0.8578127624980004, 0.9920409709561435, 0.9948503650384607, 0.8582614150051242, 0.9779890777000709, 0.9921494404162117, 0.9274109645189443, 0.9932501124581521, 0.9966881549540672, 0.8111880407200927, 0.9888069428346645, 0.9834631441892525, 0.33771373300745844, 0.5598075726091575, 0.9861863678470169, 0.3764689090663671, 0.8898734677535252, 0.5672925640507993, 0.7704085331179641, 0.9858983737621815, 0.583061773887755, 0.794925380309748, 0.8165360913031313, 0.7646179674276318, 0.7387339451669187, 0.6244306099536628, 0.7859479974270233, 0.8801043348115636], [0.8112513095639995, 0.6562066635532879, 0.8182062395656106, 0.7539359445978534, 0.7990862300715412, 0.70804136872161, 0.7561608206646666, 0.7399395747172026, 0.8108535685248595, 0.8963169880467389, 0.7171687418721375, 0.8516149501070509, 0.6946403520536243, 0.7844227522442364, 0.8909290080276215, 0.7729273063596069, 1.0, 0.721259719260997, 0.5573240023841753, 0.6225000302800996, 0.667936559980787, 0.7773431576745851, 0.29132006211180117, 0.8580971598933987, 0.8320080654829212, 0.2209092470511841, 0.46069574440465333, 0.6274007705735049, 0.5871283209186536, 0.5288979498109558, 0.8817836957957402, 0.5523049674425502, 0.5480699325807161, 0.8146716742281263, 0.7678007089575638, 0.5376872942634512, 0.7949842481891102, 0.734342071221282, 0.7033735283902707, 0.7914921243597045, 0.7405026357255675, 0.46682018865956565, 0.8039624306712405, 0.7176730467880215, 0.4285094984704252, 0.7711758468743248, 0.7929863459487027, 0.8782675509966151, 0.8004091962697015, 0.8340525118480958, 0.4925480624407601, 0.763766824266884, 0.7470502171331587, 0.5962793138833783, 0.6430919246791911, 0.501645495591067, 0.4063606587827656, 0.517084147632766, 0.3359169813083964, 0.6429259610857034], [0.8510989925593794, 0.763688763101788, 0.9742774534589604, 0.9726778672863501, 0.9911335423057018, 0.8499544181259603, 0.9568258163919902, 0.8888165111137694, 0.9895734663542778, 0.9452349587272698, 0.7875413482465718, 0.7588200193167517, 0.9951687099880715, 0.9493222102687991, 0.5024307394497896, 0.9950499158336935, 0.721259719260997, 1.0, 0.9554873581393574, 0.6383799553208561, 0.9930959092029032, 0.7037095334879422, 0.23163997816273252, 0.7638358733969163, 0.8885875501259878, 0.4631051194517618, 0.2232888437894206, 0.37332388348534906, 0.581456326159286, 0.6498875688120646, 0.7358913659919453, 0.782291656317094, 0.8361680257570874, 0.981617145161405, 0.9884511260363383, 0.8383296835031663, 0.9603151952493328, 0.9837180772378462, 0.9079153775937207, 0.9804254695559559, 0.999379910393541, 0.7924144515279338, 0.982026157178323, 0.9783948837847004, 0.3003261719229937, 0.5012731207739939, 0.9777387341361929, 0.3027913038879937, 0.8460029898216914, 0.49193228354126384, 0.7389570761762573, 0.9708267011525028, 0.5447564502908231, 0.7774923476164932, 0.8019642553936033, 0.7308589043057689, 0.7395369412599645, 0.5822578271144266, 0.7856216915319485, 0.8803998865298809], [0.8510167697881559, 0.8206511707883783, 0.9204327632807936, 0.9545234128931318, 0.9312703471375493, 0.8783371536177343, 0.9446002764384267, 0.8517016256762636, 0.9182822157720715, 0.8545941809506358, 0.8237855761122337, 0.737364044977299, 0.9720846989898487, 0.8903390382976416, 0.34477928679636827, 0.9488819042657419, 0.5573240023841753, 0.9554873581393574, 1.0, 0.6350109010561944, 0.9814358544014092, 0.705260444515907, 0.3981397065207538, 0.7134161953708981, 0.8773962180657727, 0.6699360897396378, 0.327924925552884, 0.42661941894941535, 0.6813328670795117, 0.7700214570368007, 0.6972894787089438, 0.799820536994925, 0.9363221209095858, 0.9222147247774721, 0.9503860462886904, 0.9392356530659774, 0.933149988537138, 0.9726128568327345, 0.9298690619186079, 0.9454557798045755, 0.9499034966479739, 0.9156998001619108, 0.9172597448689859, 0.9671063094545882, 0.3028971001016041, 0.43190326892945907, 0.925661710658129, 0.10552113926372986, 0.852376787141381, 0.4320817389741196, 0.8682519766654695, 0.9591171500603699, 0.438885049565369, 0.8105618839917462, 0.8029499906262128, 0.8589111447443699, 0.8205209282078678, 0.670309902002089, 0.9315852998597638, 0.8614484217578553], [0.8467880458639805, 0.9085979005597447, 0.611128406362611, 0.780560094359546, 0.6431232581620976, 0.9018013727323393, 0.8129882441348085, 0.9175158113583772, 0.6856344496007425, 0.7512923886079725, 0.9011780503584899, 0.867406035974171, 0.604812372632123, 0.8374860562789459, 0.781736072423214, 0.6759893452755675, 0.6225000302800996, 0.6383799553208561, 0.6350109010561944, 1.0, 0.6174994838366952, 0.4490668709110195, 0.6092366644334996, 0.4455788973782169, 0.7922970012829165, 0.518607161059322, 0.5082352196510334, 0.7156345266642243, 0.5641381392593777, 0.7781550313429665, 0.579130339705705, 0.9506135376832572, 0.6961206794040353, 0.6179439304528257, 0.6187989984712042, 0.7252426568347521, 0.617268504569499, 0.7021064132546874, 0.5394092562359286, 0.656029664546708, 0.6314428027193836, 0.7368784030717663, 0.5822159422353689, 0.5891657209268119, -0.19487622205886201, 0.1749470561672839, 0.5738133712845535, 0.3961158222631831, 0.8442185625181157, 0.38721780582209797, 0.6899315743011272, 0.6792655001748874, 0.04912618491824916, 0.26557901444886034, 0.2502620157811033, 0.6810825281184768, 0.17504484724635716, 0.26314419912536247, 0.5860049324173985, 0.28704999137701526], [0.853579744171459, 0.7799851778352421, 0.9687013749133758, 0.9704074405433978, 0.9802958541095164, 0.8574766790889182, 0.955154000882641, 0.8673936161390828, 0.9714336876280149, 0.9173612938051988, 0.7979875073376558, 0.7503600022771826, 0.9988372387243928, 0.9257899140925826, 0.433363023439991, 0.9874221780818053, 0.667936559980787, 0.9930959092029032, 0.9814358544014092, 0.6174994838366952, 1.0, 0.726472535120941, 0.28964966940970815, 0.767691449069703, 0.8908662474204057, 0.5461897060331807, 0.26649222811406725, 0.3909113665136228, 0.6316053670876528, 0.6951349145522145, 0.7377671901283476, 0.7734384526313064, 0.8814647105853636, 0.9730434201260749, 0.9876270347558581, 0.8817888084384928, 0.9653404928449857, 0.9886994366331672, 0.9350501963493519, 0.9797421628902915, 0.9914797535010661, 0.8413700183162216, 0.9726334756993397, 0.9891910253773578, 0.33854951146698564, 0.5037186495509043, 0.9741137109735444, 0.23427162101043342, 0.8510191095851186, 0.48877601278155636, 0.7936912284326548, 0.9780170110143988, 0.537606323183787, 0.8187942023854191, 0.8320072163177363, 0.7858199230721947, 0.7988825637133913, 0.6417728892832677, 0.8479047250676878, 0.900495639092341], [0.8441722317436341, 0.7302239325006072, 0.8377428702913067, 0.7499938910053847, 0.7755410590679118, 0.7380529596980121, 0.7516362759148376, 0.5950043901240988, 0.738049592844578, 0.7748120815794659, 0.7700413736824552, 0.8271004853984127, 0.7416956731317044, 0.6481532547513115, 0.527219316310051, 0.7571985675426355, 0.7773431576745851, 0.7037095334879422, 0.705260444515907, 0.4490668709110195, 0.726472535120941, 1.0, 0.6068510263276352, 0.9817537033815461, 0.8762986064055742, 0.6798574910347944, 0.7429623572914477, 0.7508315651749139, 0.9185337584173328, 0.7773425784599304, 0.9776111550915704, 0.4385722246833875, 0.8076129185704533, 0.8134413055702727, 0.8026541491799027, 0.7784292990595386, 0.8738154024838032, 0.7831265157438236, 0.9116940780130993, 0.8269677848330396, 0.7226249652128129, 0.724340168742169, 0.8011049848422104, 0.8174966435401582, 0.7874351186876976, 0.9214941394371495, 0.8246253422020796, 0.5878781922843684, 0.8469918192157967, 0.9296334011310432, 0.8019292938115813, 0.8375936241447451, 0.8518243853912776, 0.9175598845010954, 0.9078029051579428, 0.8164268485321108, 0.8100187930739251, 0.9399696388975962, 0.6697900458783985, 0.8369112121459125], [0.6630015309409973, 0.7672545313277435, 0.320533344043195, 0.42889502643075184, 0.27378359294961974, 0.6639371478665853, 0.4735879026378088, 0.4359285658010992, 0.25851029962492, 0.3356922462729638, 0.7444660621188097, 0.6967294674507605, 0.2735050278512632, 0.34408161306073315, 0.3738725233851258, 0.30116388525182347, 0.29132006211180117, 0.23163997816273252, 0.3981397065207538, 0.6092366644334996, 0.28964966940970815, 0.6068510263276352, 1.0, 0.46817061401457305, 0.6057004366385748, 0.8908089102029405, 0.9451577484362556, 0.9150476885074773, 0.8622431562209518, 0.8877809199418089, 0.5981151182111095, 0.4963445924951262, 0.6909006147616615, 0.2927674780061258, 0.31282280291001785, 0.6885704630313757, 0.40374169844053476, 0.4017122156401489, 0.48982036773814674, 0.36876861292123975, 0.23427143552473728, 0.7213360370285058, 0.2491292631297607, 0.35132283344615467, 0.2670890574966803, 0.3839502467616297, 0.2839215555381225, 0.22581576568137196, 0.6768429022752337, 0.563060052206333, 0.7951907932553752, 0.4360324685121988, 0.15322008006488264, 0.40777761692491565, 0.32285201910827843, 0.8039808594278461, 0.359384194297123, 0.6453188481831855, 0.6105608925582744, 0.20803125601970573], [0.8397880443756822, 0.6917427546099767, 0.8891922683134584, 0.7819895821004879, 0.8360867942856723, 0.7251862110630317, 0.7767885951624499, 0.632738092362751, 0.8054923336660917, 0.8402398413234378, 0.742330700877513, 0.822414548562297, 0.7884260910318993, 0.7043622907843982, 0.5903273925661486, 0.811108624566581, 0.8580971598933987, 0.7638358733969163, 0.7134161953708981, 0.4455788973782169, 0.767691449069703, 0.9817537033815461, 0.46817061401457305, 1.0, 0.8824014404846502, 0.5481330056003433, 0.6285592073375585, 0.6716407783508298, 0.8348567697081942, 0.6936774684693359, 0.9799680532965088, 0.4460548197032964, 0.7596978173167891, 0.8704851360073538, 0.8503746390901, 0.7314963307763886, 0.9061945832122971, 0.8138479902260507, 0.9123298856258888, 0.8681382587630678, 0.7839602654419104, 0.6639574962767216, 0.8637928133744139, 0.850170808413403, 0.7664245353592163, 0.9341730029274437, 0.8785494215655346, 0.6594479390556254, 0.8384784782338883, 0.9251185974303543, 0.7271472981274979, 0.863391545004766, 0.9012032403462196, 0.9084685842543626, 0.9201239721541328, 0.7404309128209088, 0.7848120751112705, 0.8753609430733433, 0.6087953772033704, 0.8740036596605706], [0.9938228024021327, 0.9362964188864275, 0.9366852604497994, 0.9579634086245434, 0.9228569907240213, 0.9625895128916534, 0.9664863957054274, 0.9073653846157268, 0.919575904832854, 0.9487975049485814, 0.9597401245637015, 0.9648976841775666, 0.893883968690876, 0.9208594055867776, 0.7030427361433372, 0.9277975286049192, 0.8320080654829212, 0.8885875501259878, 0.8773962180657727, 0.7922970012829165, 0.8908662474204057, 0.8762986064055742, 0.6057004366385748, 0.8824014404846502, 1.0, 0.67807551755675, 0.6305374510890335, 0.7563931789717768, 0.8458267993038041, 0.8780315425164248, 0.9229087315323902, 0.8121218182314129, 0.9171614674328988, 0.929260389830239, 0.9269220942058787, 0.9144025966182717, 0.953492859502269, 0.9481823902208294, 0.9285379590362375, 0.9507551928866824, 0.8949976789984886, 0.8789263349161706, 0.9095810853628683, 0.9208371657831634, 0.40632786905929597, 0.6708475130681406, 0.9171443491800945, 0.5260765686114941, 0.9929122434386803, 0.7527554062043523, 0.8837516322572533, 0.9626360737604507, 0.6006208557721504, 0.7890055902674985, 0.7847464915150549, 0.8851198991228422, 0.6914996922200818, 0.742343317500913, 0.793404055698618, 0.7864590535130457], [0.7013233633527056, 0.7883250210040438, 0.5074719243608483, 0.5893422377502715, 0.4682100961554815, 0.7244622918845792, 0.613020134558606, 0.49795702315236823, 0.4328445411406867, 0.42624013957074036, 0.7600292748122307, 0.647781397919814, 0.5244715102137671, 0.45419374590038597, 0.14183236877487415, 0.4991203045067776, 0.2209092470511841, 0.4631051194517618, 0.6699360897396378, 0.518607161059322, 0.5461897060331807, 0.6798574910347944, 0.8908089102029405, 0.5481330056003433, 0.67807551755675, 1.0, 0.7936876097772712, 0.7366415655562967, 0.895454205940137, 0.9246009096383989, 0.6104299371985444, 0.5479884464382179, 0.8723511907636466, 0.48309727165450855, 0.5270327630770133, 0.866158350451337, 0.5910232262427715, 0.6021497369520022, 0.7042977321775556, 0.5579403799484536, 0.46003287635342394, 0.8915964750712687, 0.4539027785573849, 0.58919211591209, 0.3853717708281682, 0.3951030075930928, 0.4939956832451107, -0.024627076534673886, 0.717160378400819, 0.480746372977395, 0.9350632414546766, 0.6243134023447476, 0.2370054439923841, 0.656923045274796, 0.5727441452003893, 0.9376669802537329, 0.6839389742946326, 0.7960133347303566, 0.8723480836318908, 0.49780013726174865], [0.6686521666564679, 0.6984064235305343, 0.3729589141819425, 0.40207281767751146, 0.30289186345247376, 0.6045074245117558, 0.44154664545465727, 0.37177584389858875, 0.2791959159373879, 0.38460443918751497, 0.7017978966581336, 0.7294852920065842, 0.26582151680429966, 0.3134874840694375, 0.47770660074609617, 0.30817681484917014, 0.46069574440465333, 0.2232888437894206, 0.327924925552884, 0.5082352196510334, 0.26649222811406725, 0.7429623572914477, 0.9451577484362556, 0.6285592073375585, 0.6305374510890335, 0.7936876097772712, 1.0, 0.9577436463033414, 0.9015895257848288, 0.8229453226000869, 0.7361266684422384, 0.3528853026805725, 0.6258728480974122, 0.3392372841344824, 0.33707198990071363, 0.6090649890543138, 0.4487194687969698, 0.3880854542948009, 0.5281994469093624, 0.39548314267538476, 0.2372296084286687, 0.6133759143672062, 0.30026804369223803, 0.3647483083864206, 0.4932013364034875, 0.6258351944061061, 0.33461821078338216, 0.47032436158053714, 0.6795757123155002, 0.7748107260293543, 0.7248260492105565, 0.44652005870349254, 0.40865549449405725, 0.499825862036379, 0.43456649824959126, 0.7421797787865867, 0.3960476504897964, 0.739509413207844, 0.4867211661878814, 0.29194535086527407], [0.8014315525918522, 0.8238968194405514, 0.4978809206986723, 0.5581489091669984, 0.44936238514514293, 0.751104203295952, 0.5994525685853275, 0.5822886490351911, 0.4462958749589012, 0.5648487270463453, 0.8325083979373749, 0.8705349949088124, 0.3912194336452264, 0.5163016815164184, 0.6915306868141945, 0.4578744774316127, 0.6274007705735049, 0.37332388348534906, 0.42661941894941535, 0.7156345266642243, 0.3909113665136228, 0.7508315651749139, 0.9150476885074773, 0.6716407783508298, 0.7563931789717768, 0.7366415655562967, 0.9577436463033414, 1.0, 0.8832916209425685, 0.8690464494119405, 0.7989039764758741, 0.5560895651811057, 0.6798501075380133, 0.47310894908110246, 0.4626251810476347, 0.6736737970517761, 0.5539911907841024, 0.5199297504924258, 0.5803099012734816, 0.5225271437158214, 0.385260703899189, 0.6727490853903672, 0.4314055590351078, 0.4668992051940971, 0.3566571727071448, 0.6036727768023809, 0.45326150169576196, 0.592654328697375, 0.807512622019501, 0.7900592024350543, 0.7531804381735417, 0.5637941064947232, 0.3945453800986831, 0.47398411365105975, 0.4261191467469114, 0.7661357585521825, 0.3398074259247126, 0.6607100282895837, 0.5107829682020539, 0.3210985573891997], [0.8503355012179286, 0.8368785925839357, 0.6964303092703175, 0.6979300070863012, 0.637060400656858, 0.7947048741978837, 0.718103919544547, 0.5897391309569555, 0.6025656231394402, 0.6460693679189425, 0.8462713152954513, 0.8387228054005045, 0.6304186942046872, 0.5819646681747119, 0.4504098073833567, 0.6419993229930709, 0.5871283209186536, 0.581456326159286, 0.6813328670795117, 0.5641381392593777, 0.6316053670876528, 0.9185337584173328, 0.8622431562209518, 0.8348567697081942, 0.8458267993038041, 0.895454205940137, 0.9015895257848288, 0.8832916209425685, 1.0, 0.9328588497370263, 0.8868001831125465, 0.529821330682239, 0.8773341085837189, 0.6682310659632553, 0.6782848556835407, 0.8583341919933256, 0.7621220120579985, 0.711645614880352, 0.8367118334227002, 0.7166474495696538, 0.5924761751058621, 0.8431657253107296, 0.6409765765813159, 0.7130514380264155, 0.6247059591220042, 0.739629926375189, 0.67450234486824, 0.4021267154999586, 0.859882277623059, 0.8190871548055708, 0.9208102493862568, 0.7587761997910181, 0.5919802049938934, 0.8043568084136187, 0.7531560577771093, 0.932501277428479, 0.7337717050656275, 0.9228533924586456, 0.7732606286624569, 0.6594683586461034], [0.9068707807266722, 0.9583935108186465, 0.6961793611477542, 0.7905878143100038, 0.6713844388382249, 0.9178378235731628, 0.8179839170328833, 0.7590862016427458, 0.6592148766650568, 0.6911212809334284, 0.9474229519788575, 0.8830091834142277, 0.680955968611056, 0.7123537529170918, 0.49582779208097594, 0.6979642213550377, 0.5288979498109558, 0.6498875688120646, 0.7700214570368007, 0.7781550313429665, 0.6951349145522145, 0.7773425784599304, 0.8877809199418089, 0.6936774684693359, 0.8780315425164248, 0.9246009096383989, 0.8229453226000869, 0.8690464494119405, 0.9328588497370263, 1.0, 0.7824671750000163, 0.7687580672701576, 0.9384237710584755, 0.6789909812004035, 0.7020870922940695, 0.9396268886084178, 0.7556370292993935, 0.7741986905466217, 0.8006982125910372, 0.7404961680240854, 0.649701737182011, 0.9480410757842525, 0.6451379069250143, 0.730052012101404, 0.31634158389520695, 0.49252338691044883, 0.6705240575844345, 0.267066299786644, 0.9158243328257311, 0.6281740681456509, 0.974009662870412, 0.7908271278681829, 0.3340091777154297, 0.670410160073756, 0.6126379919747997, 0.975578409085819, 0.6268974449287574, 0.7611565026621205, 0.865011497558841, 0.5651820318297742], [0.9014503243275143, 0.7862287771733112, 0.8631388304505895, 0.7981495499573892, 0.8126540949348626, 0.7991181802649847, 0.8047561229311617, 0.6960356220622314, 0.7916852243646881, 0.8526576835164063, 0.8303120741429005, 0.9072485765525613, 0.7548496915440495, 0.7354151117266613, 0.6931810391617629, 0.7952015377377769, 0.8817836957957402, 0.7358913659919453, 0.6972894787089438, 0.579130339705705, 0.7377671901283476, 0.9776111550915704, 0.5981151182111095, 0.9799680532965088, 0.9229087315323902, 0.6104299371985444, 0.7361266684422384, 0.7989039764758741, 0.8868001831125465, 0.7824671750000163, 1.0, 0.5375712944443618, 0.7889508430266573, 0.8437340940225042, 0.8229149293518941, 0.7668943062334669, 0.8866385780295734, 0.8089912810752862, 0.8868459373665132, 0.8526116522641034, 0.7547330711219864, 0.7111849782784578, 0.8273315721932434, 0.818711634182433, 0.6768095949536361, 0.8976970034919514, 0.8419934508656499, 0.7062002360317529, 0.900873340162542, 0.9450822838203541, 0.7760192756238731, 0.8569434905571979, 0.8203639277664806, 0.8412071800975464, 0.8423882465611024, 0.7891076032817347, 0.7012223007105739, 0.8508659985613799, 0.618432082831139, 0.7865047181582274], [0.8469311437372553, 0.9046866562291318, 0.7105845364183181, 0.8747949269760059, 0.755696435344962, 0.9277348673066143, 0.8932133173226372, 0.9636600681118296, 0.7903630924834294, 0.7977994913552876, 0.891227870758563, 0.8092397427357839, 0.75571345089808, 0.9111124950202671, 0.6252924270362238, 0.793310337471046, 0.5523049674425502, 0.782291656317094, 0.799820536994925, 0.9506135376832572, 0.7734384526313064, 0.4385722246833875, 0.4963445924951262, 0.4460548197032964, 0.8121218182314129, 0.5479884464382179, 0.3528853026805725, 0.5560895651811057, 0.529821330682239, 0.7687580672701576, 0.5375712944443618, 1.0, 0.7854193004521351, 0.72282937446849, 0.739991015329806, 0.8158474005143874, 0.7118105364387419, 0.8173007150862476, 0.6416295523431863, 0.7588437741571615, 0.769648519660434, 0.8256195753561323, 0.6970872519720519, 0.7221123307787594, -0.18959074952896104, 0.11799112439064574, 0.688866808777192, 0.20343942303435458, 0.8448439259997298, 0.2730893194481613, 0.7469078142572537, 0.7797427468342327, 0.046843367967026706, 0.3762410279249292, 0.36428942145122156, 0.7319608933371468, 0.34022497731031653, 0.2960317315851939, 0.7351291247321167, 0.43974962065746426], [0.9138235982685329, 0.9217235479277348, 0.8501380576936282, 0.9051075421927828, 0.8360259457792142, 0.9280385847241088, 0.9126641144905652, 0.811555277775416, 0.8156374676397793, 0.7926302324254209, 0.9174623964290141, 0.8349410977757411, 0.8692052389891776, 0.8136351745005425, 0.3916425445652285, 0.8578127624980004, 0.5480699325807161, 0.8361680257570874, 0.9363221209095858, 0.6961206794040353, 0.8814647105853636, 0.8076129185704533, 0.6909006147616615, 0.7596978173167891, 0.9171614674328988, 0.8723511907636466, 0.6258728480974122, 0.6798501075380133, 0.8773341085837189, 0.9384237710584755, 0.7889508430266573, 0.7854193004521351, 1.0, 0.8393456497167334, 0.868940226268863, 0.9983980778188635, 0.8936202043637668, 0.9150944213310432, 0.9308116420421718, 0.885458671142788, 0.8339778428064507, 0.9895272742510647, 0.8201792151895072, 0.8995693940169116, 0.3881005822114695, 0.5183137382751175, 0.8418292153108238, 0.1710353559369644, 0.9205488786892739, 0.575208673500253, 0.9867305856672737, 0.9213916494693759, 0.43916804410502186, 0.8216458554576043, 0.78319374694282, 0.9838917524286782, 0.8118956909888974, 0.8038747450676533, 0.9661700446643167, 0.7797423457855585], [0.8881104275846838, 0.7734885295768283, 0.9990402296671, 0.9644532992364384, 0.9976518724967942, 0.851421151944986, 0.9506598264222481, 0.8628439068167382, 0.9896925254378224, 0.9695822101182191, 0.8084511641665406, 0.8168909561870794, 0.9818655197972472, 0.9306712497197025, 0.5748731089567035, 0.9920409709561435, 0.8146716742281263, 0.981617145161405, 0.9222147247774721, 0.6179439304528257, 0.9730434201260749, 0.8134413055702727, 0.2927674780061258, 0.8704851360073538, 0.929260389830239, 0.48309727165450855, 0.3392372841344824, 0.47310894908110246, 0.6682310659632553, 0.6789909812004035, 0.8437340940225042, 0.72282937446849, 0.8393456497167334, 1.0, 0.9966236407759725, 0.8331346881049646, 0.9900259587933609, 0.9800588973586247, 0.9452169236102027, 0.9956867011125174, 0.9874692982457958, 0.7766013363094179, 0.9986950249275011, 0.9852156801561461, 0.4419048493528318, 0.6540803693820423, 0.997954314157475, 0.4456