"[[1.0, 0.5783594859155743, -0.04283085721034818, 0.2965657535368268, -0.0064020985711727985, 0.2723866094292715, 0.058367528512063616, -0.08830167261953026, 0.18473176242792644, 0.03873090003857249, 0.2561921990398497, 0.20738329788017962, -0.1466437807445189, -0.1341106456363692, 0.1937354154189691, 0.0006421753702980926, 0.014610050739281677, -0.13328468433056484, 0.11059190115579332, 0.3583291560818711, -0.14776379615149793, 0.22775492978351275, 0.08753642031849362, 0.055322036877863634, 0.19113224568342435, 0.3406614385901775, 0.29399183390801586, 0.20991301863533995, -0.14951667095730614, -0.03545190330557069, -0.18199937016887913, -0.13879491033154556, -0.2629369154198542, -0.17141571722703453, -0.020438515459769935, -0.13139365609866216, 0.1298643296301477, -0.20033855477962526, -0.14435777766710411, 0.09911752740628299, 0.08646211143072502, 0.1326355301802098, -0.22492911079080358, -0.15271404621456242, 0.05889585156554744, -0.0491808626805621, 0.1922608865239145, -0.0006225689835583914, -0.30518378396316703, -0.21098376059046986, -0.033145041000560704, 0.19112336922553663, 0.18411981392957988, 0.16023448381235883, -0.030965411579913393, -0.10526040060703545, 0.07312051713178558, -0.02237154417171139, -0.11070223237172105, 0.14636138588697334, 0.06132292290283026, -0.06124632849557532, 0.03406745549371626, -0.16055451192861003, -0.18974336757777688, -0.37759744076384427, -0.25124064269545054, 0.04405213841125932, -0.3626593897544035, -0.17131489768115982, -0.011121041294137157, 0.03846265810451488, -0.43041504659147733, 0.003497754216379767, -0.14319442784016467, -0.22686605406901017, -0.23197617498123213, -0.1202339026997119, -0.08141205345676616, 0.008207702534994255, 0.008098176293888204, -0.054684092474906576, 0.03868911439961831, -0.09339995152306435, -0.11430577689896926, -0.21163866556403566, -0.1299415978449736, 0.02857215313048289, 0.11315342345298673, -0.20481675802869748, 0.14352195817099267, -0.1320818966938655, -0.259551731732246], [0.5783594859155743, 1.0, -0.03398501210986149, 0.3612794941180101, 0.14948479744428278, 0.24376933898362874, 0.1387003488435642, -0.19891715732566806, 0.23537514932276893, -0.09332267872273725, 0.13478724027495081, 0.33639887979703387, -0.0666884363044884, 0.0569223358900075, 0.2209177143318608, 0.15263718406012394, 0.024854920349831944, -0.06176429915631321, -0.09170088446737079, 0.08860551354052071, -0.21560032536969453, 0.0074127151508835976, 0.12924204835834951, -0.022812624436343798, 0.15879739661641246, 0.2403555110063279, 0.22406103077617057, 0.12207757552590781, -0.1785594301137412, 0.020064940964189426, -0.16149165015796907, -0.14345967636273071, -0.016737459012143185, -0.1241821351083312, 0.033906329949587866, -0.03094368471577269, 0.07726645492019779, -0.09326512528780251, -0.028387335650456924, -0.033929097586116175, 0.09822572694514964, -0.15499302565538065, 0.10203778057894786, -0.014571711623867056, -0.16067641348397643, -0.11167930699618789, -7.228398051939422e-05, -0.356087032786331, -0.063591384203731, -0.09700705677036559, -0.24539495353239027, 0.07095698519144722, 0.06251576742611598, 0.1498858780833735, -0.03572566328383542, -0.08277245932362831, 0.008956555341015582, -0.24744299919696022, -0.07223149273040153, 0.22142314594476153, 0.01904024968400919, -0.07892946618545227, 0.14326332168537081, 0.007819278037513477, -0.08174048013372204, -0.14507900307491362, -0.08626560009047157, -0.09566067697754921, -0.4361797256507798, -0.0144905739357446, -0.21187410277736496, -0.1552024518716808, -0.32658030849568487, 0.04114795815674832, -0.2986584221498767, -0.057466758737895196, -0.02537857882449579, 0.17402878938338384, -0.05972151497895095, -0.26874224952080694, -0.06371136341292294, -0.24578605558779487, -0.06452857395993084, -0.1966192673020548, 0.06652131036765474, -0.18819893598193183, 0.09272741430466347, -0.10193590322239054, 0.15287127129511402, 0.18011443540782246, 0.2723863481121216, -0.11961548236385466, -0.27690609175941816], [-0.04283085721034818, -0.03398501210986149, 1.0, -0.12532964276358283, 0.0748704622603209, 0.4503555282193703, 0.05935225425270263, 0.20778871415608213, 0.47262258374265564, -0.04915572794715106, 0.12832664167606223, 0.16109780814840058, -0.059236657491131606, -0.2160610896514905, 0.09789907994596192, 0.527379401215306, -0.03958478894476092, 0.367411613982326, 0.07455349471093053, -0.10519143583002988, 0.13843389566550446, 0.10374288787522168, 0.18542661499674984, -0.2099588372615231, 0.1394609241598288, -0.10785630188613493, -0.17656803184268122, -0.038534943918547615, -0.20214498852430118, -0.21848787161380812, -0.06413952826131997, 0.10297227675725562, -0.1067038013733621, -0.10021640180271385, -0.21759815558936602, 0.11889298440824303, -0.030905096035784396, -0.15248504750526592, -0.02798293112273842, -0.1026566611726949, -0.12477940991280145, -0.05048956712290442, -0.10720879527298921, 0.11220051869913994, -0.1408069054412613, 0.056039085694225, 0.13627050191646606, -0.13895581017937464, -0.21712148731909453, -0.045406216565714974, 0.06585584138684308, 0.15030899848592671, -0.017997408080295152, -0.3769128594007316, 0.08804183258006881, -0.14506349884895942, -0.2065480505602526, -0.24284620804582646, 0.04319760071349643, -0.15185645424725047, -0.1956090706670941, -0.15922971936615915, -0.19357579973955752, -0.07861320606469469, -0.041943211938355596, 0.27910537783319034, 0.14969907997344523, -0.09117319414450553, -0.11433982646316765, -0.003813072067763601, 0.1566893639684831, 0.06909976380645322, -0.06744358128188455, -0.27746250832215114, -0.11491924796081854, -0.03592431510242422, 0.01706660811097105, -0.01189197271970821, 0.11268010299361608, -0.09601757127351496, 0.02617302051357251, 0.2507817515617252, 0.07396794703713061, 0.08051886226590854, 0.11561477763314287, -0.026981931396627523, 0.024389185935865365, -0.06945241614888698, -0.12056024610836569, -0.062156204317054264, -0.028516229722260977, -0.12444971462491994, 0.12154910214159786], [0.2965657535368268, 0.3612794941180101, -0.12532964276358283, 1.0, -0.11443509219764447, 0.29250744051969957, -0.3004159764448062, -0.10280827901353073, 0.03275567644007549, 0.09346881587097344, 0.5379870929356391, 0.13298546033524394, -0.06639050192982365, 0.20806871986373876, 0.17278651224279407, -0.12409494286007217, 0.12045030705495241, -0.13240513390904463, 0.07358348999660014, 0.04884856718941888, 0.1700057398468966, -0.05418143487179283, -0.1949891261997032, 0.05528263064264638, -0.18277095005618005, -0.03893145387933994, -0.05086165262316733, 0.05989248236757516, -0.1227868325458108, -0.1133924875486425, -0.010000724997434762, -0.022274341858133706, 0.22120038819341814, 0.14897205321555662, 0.02442938112029691, 0.07509013030662526, 0.04391804484892137, -0.019780527627329514, 0.0947508325815154, -0.24585943052359216, -0.002513327506788565, 0.03293118613611834, -0.07256048845029683, -0.0774326012953237, 0.08215505191891037, -0.020067581294864523, 0.16022476757154624, -0.12092647409968849, -0.03805213506370064, -0.07537946082806535, -0.004198940213205216, 0.0038831955067517576, 0.050348267351712495, 0.14942287523064357, 0.009951952167988165, 0.024974536422137317, 0.1105168984680035, -0.17896721099852808, -0.017998695754071203, -0.01288762184834491, 0.07405473271726248, 0.14895056131269113, 0.4586129779908549, -0.08245088886367835, -0.10674629661129065, -0.24313069258464792, -0.09666546352657779, -0.11797195835783869, -0.3746229904585081, 0.023007308944194227, -0.24921209913427989, -0.06380208735556447, -0.198138460259903, 0.00967191247599608, -0.2370032475676911, -0.05009857702977616, -0.22077636757636188, -0.10361236044332811, -0.1842430717608008, -0.12889937319828992, -0.16689980086073852, 0.08358409219104435, 0.05702642633700539, -0.1732174492541807, 0.07214301181428828, -0.32489589362116655, -0.1022864907110046, -0.21566674595435753, 0.014887863685973501, -0.05762875334265494, 0.015564350717103603, 0.022662210324225995, -0.13647297673371606], [-0.0064020985711727985, 0.14948479744428278, 0.0748704622603209, -0.11443509219764447, 1.0, -0.1590172943947077, 0.5677507167902118, -0.14051463471622894, 0.0010987463722866853, 0.5450740423442688, 0.011228191662067122, 0.02130282377142212, 0.3474384653593112, -0.09370847084390754, -0.24410966038396942, 0.21727292408645793, -0.02572137801522434, 0.28091964723945173, -0.214878312253868, -0.07833218528947516, 0.22283606896771924, 0.02724011528522019, 0.11044169543286197, 0.10701625709306772, 0.10548379278870879, -0.10842170367573867, 0.09575596783751605, -0.12024777084920313, -0.14148320728901886, -0.06888782294406948, 0.01678221072894992, 0.23502917663193135, -0.14977197282044852, 0.047459805548835665, -0.158267176770726, 0.28717294642790536, -0.17261626238193362, 0.11110100020925806, -0.2321794040093763, 0.3520790086505916, -0.012351375122577668, -0.08647001659221232, -0.18358860875743477, 0.21991519553354022, -0.06589405196802378, -0.2009138397848469, -0.19864767544623274, -0.2293535538806255, -0.4253475287431834, -0.22949199236251383, -0.09935475442722841, -0.05002707290563002, -0.1369976099041903, 0.08166496424901026, 0.016068006981733496, -0.11017408535728279, -0.16689680120515904, -0.11369912932549586, -0.12104609858522664, -0.001641169010543786, 0.06353267669145246, -0.31612045143712786, -0.20922120277903566, 0.15203715483547808, 0.33938426868410554, 0.16340872712310983, 0.4213344951687097, 0.05106539979690683, 0.22870520321143095, -0.009678408338362976, 0.5084390978854296, 0.12182329486135657, 0.26238349915819503, -0.20643802832418512, 0.1941396596953291, -0.11841664353221315, -0.052622285948832115, 0.10288290383248078, -0.023903806180855858, -0.06318932485917239, -0.4104139549508308, -0.002116374552727285, 0.1846828423185205, -0.012472069426689547, -0.06445820584792061, -0.267802789180815, -0.049012560236911584, -0.15564378190702244, -0.15308675613978528, -0.14969957817689306, -0.15652742617667004, -0.24267382043242858, -0.20966073668298768], [0.2723866094292715, 0.24376933898362874, 0.4503555282193703, 0.29250744051969957, -0.1590172943947077, 1.0, -0.4838745826282582, 0.22633947761706263, 0.17173575305080468, -0.014334891420604068, 0.2453314388033243, 0.19004565444128652, -0.1391334290306312, -0.28732267163873115, -0.05265086464166968, -0.058363448221822045, 0.04463782574643249, 0.14294048803246828, 0.09348268790644787, 0.21021065540093176, 0.0911433673124834, 0.09856000791118469, 0.07690571197872176, -0.21176045768553697, 0.2749156143513646, 0.2630996313775773, -0.02444687791551292, 0.1253599138432282, -0.0511276534454741, 0.04527733677461887, -0.16022500213446222, -0.06452738644590617, 0.025592217077793467, -0.2754941979913954, -0.06321930183833979, -0.027073601226026422, 0.09597128602794935, -0.2086297884471522, 0.05163882000977593, -0.3157902175252483, 0.005386275149551256, 0.05834757427619608, -0.2207618183773048, -0.2133808546005549, -0.14773264145944265, -0.09604121960392686, 0.2430985608078291, -0.16434646291141863, 0.021302920511202084, 0.08373032740736319, 0.12084521110793678, 0.08589209831468925, -0.07564688357986937, -0.13151078132081562, 0.14737445704603958, -0.21569061220621366, -0.2848076401221151, -0.33052721946775154, -0.1322770577969492, -0.014808054700840234, -0.054378196729675476, 0.014210740921895226, 0.22824913921857848, -0.16640893093317932, -0.2106490625834374, -0.015589214802519846, 0.15339794645949645, 0.04179605869756753, -0.4920213233658546, 0.16313230843393056, -0.20987874479236646, 0.15178792816764275, -0.09412889025501792, 0.14284500843797243, -0.14100741630328972, 0.12887768516761477, 0.11058442932567625, -0.10442538504831833, 0.0678252876446046, -0.33475214794964425, 0.03496803148737071, 0.28201939467751225, 0.006249676338501153, -0.10126357573054401, 0.1145610022507142, -0.1668657163769962, -0.004111722098811832, -0.14151151667692852, 0.01311245627658153, 0.1165330898378264, 0.00403525594819254, -0.15673982277066312, 0.15350451294874723], [0.058367528512063616, 0.1387003488435642, 0.05935225425270263, -0.3004159764448062, 0.5677507167902118, -0.4838745826282582, 1.0, -0.09072369149497983, 0.2948046134379019, 0.3913556727311168, -0.03221359498726373, -0.0177053932825344, 0.43716456065185083, 0.008446268027790804, -0.10909807524774773, 0.3549662698473326, -0.10199139109876798, 0.23460080757058743, -0.11771486276297716, -0.28397338669118866, 0.0039889119178667665, -0.18823640696617527, 0.0011973574612546, 0.09018963312022277, -0.09851691480149016, -0.20534698438056753, -0.0382761929048161, -0.18737547383245978, -0.27828514110835156, -0.10547996477429167, -0.226897136225082, 0.3277796861311588, -0.23724187831328725, 0.1427243667618795, -0.017044718163834904, 0.138759487539183, -0.07810719653914067, 0.08049556459836127, -0.22999068338402506, 0.6031434067113938, 0.05239610171841447, 0.09650105815355614, -0.09631884176418071, 0.36075107000465856, 0.03518812928754522, -0.0995110011258662, -0.1081599144552694, -0.1621011552349254, -0.40033717425070114, -0.06343220742024003, -0.25058697642886485, 0.2338583775912575, -0.01520189845342923, -0.13046105950979903, -0.2179367816313551, -0.014099804411810135, 0.07923858522461247, 0.10024639644024913, -0.15528303470023586, -0.06629339806437362, -0.027248747903839465, -0.36422508686765287, -0.17696046041163038, 0.08598798936163132, 0.5037943161223433, 0.09947824681584616, 0.3389917372649902, -0.05744576577057203, 0.4711384948993096, 0.04047733126555608, 0.5411197774671963, 0.17922641198889844, 0.2055698623652371, -0.28988497338349295, 0.2772609768769174, -0.19253911909699406, -0.018741963509445014, 0.16490389846236575, -0.03382656734598899, 0.09775558616922386, 0.03180722560235294, -0.3963563915135948, 0.01935785545093216, -0.22276669906016622, -0.10778900666370617, -0.026149398131268153, -0.11711908692114448, -0.08316691730356074, -0.19525844303828732, -0.20814861527190742, -0.04348344658848147, -0.1867910858120747, -0.3299857773798074], [-0.08830167261953026, -0.19891715732566806, 0.20778871415608213, -0.10280827901353073, -0.14051463471622894, 0.22633947761706263, -0.09072369149497983, 1.0, 0.2114655721288694, 0.02410726902577076, -0.01869931798192348, 0.25428665821382124, -0.1261131236541817, 0.0959464262850801, 0.046261294135358844, -0.0038735866471342195, 0.22743683895004352, 0.13934174579142422, 0.1758445026911306, 0.17130757564896493, -0.20953073347183926, 0.06242606415421992, 0.10064241897116621, 0.23548761186130274, 0.2448343916365059, 0.18962174950346655, 0.1581935315371954, 0.28482498699712644, 0.2647493537492256, -0.031339613173813285, 0.13623962971321024, 0.041099371236912985, -0.12823064690530406, 0.1655655523365992, -0.02923957803449362, -0.2979004329036583, 0.07162687294130143, -0.15362850677919737, -0.10823484319054466, -0.11307209668243479, -0.27415074989753374, 0.1201207846296648, -0.09341379252226512, -0.2509308540983146, 0.01707714074201383, -0.1394901516215583, -0.3169621035176282, -0.07040602975535015, -0.05420105277377063, 0.1072936831254494, -0.11315386502223657, -0.009547006404726721, -0.024381094307764917, -0.2986201962370689, 0.23500052553937878, -0.31119000394520047, -0.12695688527981774, -0.0637767393701596, 0.05286601360861143, -0.3264078846483449, -0.2015353790005514, -0.15384399717253405, 0.0027685534105796883, 0.20984983776640131, 0.005188448798098322, 0.315858268656767, -0.022210952072628576, -0.0889166363311582, 0.18202775984288377, 0.4584532104095287, -0.06873702494757539, -0.13746137047426155, 0.1294323203422988, -0.008526233870897126, 0.10873968338727769, 0.1838157089771295, 0.21784020183691366, -0.20873356756109818, 0.2189977939030071, 0.2125082305903686, 0.04422843891540118, -0.061550096980963476, -0.13386425452246353, -0.2814719977042046, -0.15907246782923856, -0.18581085078338866, -0.0609389826206328, -0.3031742530211048, -0.05437109609978541, -0.0006138483058091282, -0.3882517998059476, -0.25734136680143016, 0.1391086789712238], [0.18473176242792644, 0.23537514932276893, 0.47262258374265564, 0.03275567644007549, 0.0010987463722866853, 0.17173575305080468, 0.2948046134379019, 0.2114655721288694, 1.0, 0.09381088005159066, 0.0639756893886888, 0.16383369715702933, 0.1089269324845813, 0.07220944988548084, 0.10904898505189575, 0.3941752701863527, 0.09020621952129426, 0.16686046015874023, 0.002880751232742451, 0.07214227939022377, -0.22554970098162697, 0.11423172221073796, 0.09572450629627716, 0.02498768724566225, 0.00875253663414921, -0.19007675924034717, 0.0009582442124469459, 0.04274060662269463, -0.08176116594592564, -0.47823238824942016, -0.07791036342246493, 0.18249669549937853, -0.3059444406483307, -0.06692333889539759, -0.15414757148084468, -0.11626626228824088, -0.03704590677312036, -0.15719079394971147, -0.3381995968884679, 0.21598016019261257, -0.09273399570596563, -0.05388289034317095, -0.06500611665818634, 0.03667792545287574, -0.17054259588478105, 0.13996067240706966, 0.15706076791907897, -0.27693745383043167, -0.2581503429862484, -0.09123556961407564, -0.07315189730819505, 0.09634723564858427, -0.1269916626760068, -0.28864688177718545, -0.153615066047063, -0.1439894669417079, -0.05431999034824586, -0.0854487075634125, -0.12258634163276594, -0.1763948759356444, -0.1758991885047818, -0.11080741140178985, -0.1018803402608428, 0.007103042714052377, 0.08634854109885814, 0.018279421605666868, 0.003932375373580377, -0.18106718560362367, -0.045612689038340815, 0.003934565110708443, -0.06911000875079742, 0.06306684487079028, -0.0024615544249784183, 0.0091828654946422, -0.18312661676885078, 0.09412568749302075, 0.17248290065847693, -0.06692498205384023, -0.10673076495570455, -0.09160651604085368, 0.11044119586463896, -0.051427610783428834, 0.08086307766540768, -0.0739378666580166, 0.09127268421289636, -0.14439060160549677, 0.28886055426308954, -0.052320504793384126, -0.04916035874959146, 0.21440131237420212, -0.004180772081647133, -0.055884659150532645, 0.12258501187259385], [0.03873090003857249, -0.09332267872273725, -0.04915572794715106, 0.09346881587097344, 0.5450740423442688, -0.014334891420604068, 0.3913556727311168, 0.02410726902577076, 0.09381088005159066, 1.0, 0.17443838757463792, 0.03967112506189574, 0.5282672417847294, -0.009472041585432356, -0.2573128865837613, 0.14259761712149188, -0.04900027993529421, 0.2851695376649058, -0.09273066721232226, -0.17045443229574597, 0.32408944452128297, -0.12795529316834076, -0.15355710976894343, 0.19420685805212112, 0.0001454964273721604, -0.07697086533921738, 0.09241048246100703, 0.0892197717001818, -0.0013592120851890765, -0.0022048168794404077, -0.060432192290900355, 0.20810906166423826, 0.09729932488270898, 0.051726942880832016, -0.06368564006050592, 0.009565850324597336, -0.42729309669356974, -0.07981925964872194, -0.3564152874022948, 0.28035727921836917, -0.11120938347003473, 0.1326610486554436, -0.31826732137420843, -0.06510341749810311, -0.2131582929235949, -0.31491101162754775, -0.11013665477544787, -0.1775531215674906, -0.43700124698676124, -0.30940669694612866, -0.07025043489581884, 0.24411742638591527, 0.023149202410261083, -0.12382659614956681, -0.1081670277496416, -0.245687947543066, -0.30969152510450804, -0.09939904158263468, -0.3478941880474238, -0.33763329226282046, 0.21421625477808814, -0.13822765559738137, 0.05378094023391855, -0.189635163631674, 0.23054067309269488, 0.01970590136150352, 0.34496574070085395, -0.15970072812615355, 0.32003476568398126, -0.06274372245543658, 0.430186943597463, 0.32140525111869356, 0.2500354898494126, -0.0479728148071612, 0.47882480821617335, 0.024605381805492543, 0.12100392092956358, -0.14692482917605698, -0.03935510312267532, 0.11287477113691624, -0.04255379116147728, -0.014202101708579162, 0.3072669221824422, -0.0022301463161833457, -0.10395996355667081, -0.09798872647728274, -0.03689026433759768, -0.1022590485692465, -0.1653265646314055, -0.20258628713154825, -0.026716066182306264, -0.07051534651862301, 0.08964869657000607], [0.2561921990398497, 0.13478724027495081, 0.12832664167606223, 0.5379870929356391, 0.011228191662067122, 0.2453314388033243, -0.03221359498726373, -0.01869931798192348, 0.0639756893886888, 0.17443838757463792, 1.0, -0.07987644979415776, 0.24269557143626463, 0.1330464927305881, 0.27240098292878856, 0.0944914157424308, 0.11181447900262909, 0.19521920593958675, -0.06626390584535558, 0.039893096972073105, 0.1745576846878616, 0.1868745039587777, 0.07218357181286772, 0.14935342277330932, -0.06607933385179021, 0.08194462845322015, 0.13216461599880258, 0.2613693891071126, -0.1445268207136985, 0.07298061273449818, 0.052739114401803455, 0.3237077599717131, -0.03460867875139173, 0.03950413151719756, -0.1913681355730854, 0.005846920657834431, -0.0530181681203028, 0.031982536733914047, -0.12099923345701846, -0.28627053200824637, -0.20369110430622217, 0.12521968215536117, -0.240689879236331, 0.16261048007520373, -0.2278727436799155, -0.1297066806969842, 0.3643127505565191, -0.11224577748425912, -0.1930995000865321, 0.02611665487413939, -0.06508963188162165, -0.1342049559557279, 0.04376350638221782, -0.08701337431147205, 0.007633889882180833, -0.31029760069739987, -0.0986227256173966, -0.11646859932617204, -0.09237727618146119, -0.21700903826805518, -0.08145267358575814, 0.010682108079286379, 0.3538256961063053, 0.05595265755902812, 0.09065267575693592, -0.07366816007128563, 0.021456405146889623, -0.1706415667294836, -0.21441645212311244, 0.08996592907075374, -0.09879477901586808, 0.0404349697821933, -0.208707523665703, -0.08266628938578591, -0.00846709591590189, -0.27475938219327434, -0.18461041819901736, 0.07039729054922339, -0.023327773948753405, -0.11663766948085752, -0.17107536529667655, 0.04512677240610763, -0.15260703915487195, -0.1888902662740124, 0.02282859567860307, -0.11784032940709199, -0.3838325127745166, -0.00039924561895721133, -0.0459491460092174, -0.3670152398037485, -0.017394755720291366, -0.036851283604939056, -0.10871307342301728], [0.20738329788017962, 0.33639887979703387, 0.16109780814840058, 0.13298546033524394, 0.02130282377142212, 0.19004565444128652, -0.0177053932825344, 0.25428665821382124, 0.16383369715702933, 0.03967112506189574, -0.07987644979415776, 1.0, -0.07801148738893993, -0.17241731446593467, 0.19582422315050796, 0.2599324009820305, -0.04338805405394308, 0.11157670657050722, 0.06220797785733778, 0.08147174473712915, 0.13375211178761903, -0.0722059629191587, -0.08257115157071193, 0.050738852293787606, -0.06241150445252597, 0.22396763068139236, 0.03763176486780795, 0.10030442567111497, 0.40993713695054446, -0.01556735879169202, 0.0935148144719169, -0.2907913216201783, 0.19064941296136761, 0.11021477851635764, -0.08172980360542459, -0.20303053604582977, 0.15918338275590926, -0.14660572446909792, -0.2399160384566259, -0.09325770831872093, -0.0013132515302225478, -0.04888214287063808, 0.14787322596630192, -0.050480759494614835, -0.10885934743622827, -0.1376752041158542, -0.2031981757918584, -0.1745177006277654, -0.11139305801933563, -0.05822789670226958, 0.11035261961945864, 0.06659123583110182, -0.08954042117083394, -0.08917927448257434, -0.1284188555748509, -0.0869308436311238, 0.04064032649951144, -0.08900046069173606, 0.019129994408142115, 0.02231186904248439, -0.0610952521476793, 0.09651919772617268, -0.10090355996567357, -0.20295037024400076, -0.0554997129784327, -0.0111378472469017, -0.2095388347731182, -0.25271125880279643, -0.15200684809060894, -0.11891151213555173, -0.2591238214674625, -0.04141146265617213, -0.19572322605823445, -0.08788152561375728, -0.21420281283693798, -0.11041368945434948, 0.020294818411373372, -0.16402027683624287, -0.25988099038165213, -0.1271733811269533, -0.31891548041125395, -0.021971753870935862, 0.0913683545258267, 0.03339705508380164, 0.09184328087885085, -0.10283276489061088, 0.008840361099963334, -0.06433942203183562, 0.13250405243937458, 0.20692704019736097, 0.04487870133694161, -0.044791327719114093, -0.09282426827720403], [-0.1466437807445189, -0.0666884363044884, -0.059236657491131606, -0.06639050192982365, 0.3474384653593112, -0.1391334290306312, 0.43716456065185083, -0.1261131236541817, 0.1089269324845813, 0.5282672417847294, 0.24269557143626463, -0.07801148738893993, 1.0, 0.30262232772777753, -0.17904828986634058, 0.2734457465176502, 0.11817326468617251, 0.4988086040021573, 0.03645846049150814, -0.1553798071601249, 0.14879840030331892, -0.08610202001426037, -0.20694675282008146, 0.2189614194941698, 0.07537674957223994, 0.032741124068417005, 0.04160516540037884, 0.04458251472916119, 0.028273206589166877, 0.09828986440028797, 0.01643167841711546, 0.24637617986206262, -0.18347322060296567, -0.04613703623309773, -0.20608108514606593, -0.028519603645795533, -0.2868965547442204, -0.002554768098962601, -0.46647808813736935, 0.1755217682874165, -0.001810717371534265, -0.0589336719628466, -0.07079976949641043, 0.32934170541167407, -0.13630985665604678, -0.31899960542977945, 0.0571862962544889, -0.28564141207086324, -0.2405569335544122, -0.0723382897753182, -0.18850831486965314, -0.06503907116433827, 0.12716453963789753, -0.20819198890171253, -0.07868020310025226, -0.11872839140790092, -0.26600163582258585, -0.3235748932994089, -0.19979064507922883, -0.18343175682470592, -0.18989299880688426, 0.0014787844711406928, -0.014158388351972695, -0.027781355800941432, 0.6257473282288966, -0.03218022026505807, 0.3941365359851402, -0.1923150955337254, 0.25943031148539564, 0.11758533246418357, 0.18823399998131551, 0.536296608269208, 0.060803729666308315, -0.0015234916009365662, 0.24225836695497005, -0.09436063327195554, 0.2097155301366822, 0.1749548101529137, -0.20788307562818664, -0.08669220892731255, 0.005881924673049488, -0.12383704447358657, 0.2044384816812821, -0.16703837535250776, -0.2723502445856818, -0.12312062015030145, -0.10191559235343584, -0.09102116253608572, -0.3072946767865905, -0.37826012611704485, 0.02953876319683779, -0.13295664303736787, -0.023682402556593374], [-0.1341106456363692, 0.0569223358900075, -0.2160610896514905, 0.20806871986373876, -0.09370847084390754, -0.28732267163873115, 0.008446268027790804, 0.0959464262850801, 0.07220944988548084, -0.009472041585432356, 0.1330464927305881, -0.17241731446593467, 0.30262232772777753, 1.0, 0.09488852327514508, 0.09697780426491032, 0.12803180992800534, 0.010791745201976677, -0.07565376062827611, 0.1266997450511429, -0.30659710719259015, 0.22765417329365845, -0.011332797269195893, 0.321311145242517, -0.010210884389449504, 0.1092820470250202, 0.07241585142203777, 0.12063877331477846, 0.06630269212198292, 0.0019758099221506287, 0.3913856000624476, -0.09790264831662032, -0.12834660791984032, -0.09655383676438567, -0.127388663796824, -0.13934157348674514, -0.12416490837967276, -0.07562280355462336, -0.020240039869073412, -0.10347022226530678, -0.1134955223413312, -0.29244698514934786, 0.12857149765321974, 0.14424405474995927, -0.08507163760991321, -0.10727286937115732, -0.1936948509295935, -0.21568978587052823, 0.10952184925893116, -0.28560880135184097, -0.06846601727098789, -0.010289411363145096, 0.07323143631249429, -0.1497521079897548, -0.14702738125807868, 0.00512741939879735, -0.04636290550507205, -0.06480507579560024, 0.1143956283731391, -0.07574677893170012, -0.03164669588570268, 0.026896012728341634, -0.09266947589546382, 0.31167535346125663, 0.214657891053341, 0.17582253007664983, -0.07386757840655722, -0.22560406372191855, 0.08841054874038501, 0.25885690307125464, -0.16158201043066978, 0.05352272678100545, -0.24271423276961857, 0.19151055177705445, -0.025298084079091065, -0.049791497010358565, 0.3314331732810536, 0.038805650638112144, -0.018460294202159888, 0.10714896948194086, -0.009035896167693958, -0.17669811641128597, 0.010034856792937918, -0.1416024340643176, -0.2518036715599139, -0.005426856608930164, -0.044324644318173734, -0.25782455126387127, -0.06361558550815483, -0.16537789948595827, -0.03583793420099313, 0.07097837150187658, -0.01205709270806321], [0.1937354154189691, 0.2209177143318608, 0.09789907994596192, 0.17278651224279407, -0.24410966038396942, -0.05265086464166968, -0.10909807524774773, 0.046261294135358844, 0.10904898505189575, -0.2573128865837613, 0.27240098292878856, 0.19582422315050796, -0.17904828986634058, 0.09488852327514508, 1.0, 0.08112391107712624, -0.026418000204692094, -0.14344973995197563, 0.0925223074716417, 0.2867743382204895, -0.11979015095628598, 0.15683742141010681, 0.2078081702775607, 0.11838014673059916, 0.2001210992870538, 0.13049752553281813, 0.11080415535156307, -0.020885754064130735, 0.08454303875299363, 0.25510715132721473, 0.0015109118776909236, -0.1500725739633897, -0.17428766903022885, -0.10400699762773535, -0.17963143727299347, -0.15309481817212411, -0.13095550951004586, -0.3025330755394471, -0.2662512982244891, -0.1722776601740157, -0.1645470307252963, -0.04114639884300342, -0.10710654480163528, -0.1633702430124533, -0.16566815387649836, -0.0751480405591951, -0.011725273320665641, -0.08612247725774314, -0.06697192364228766, -0.23678058843015393, -0.037998911471042174, -0.22797237433534856, -0.03486523998319058, -0.10507289520689089, 0.1599554814312638, 0.061487608280550776, 0.148885676446308, 0.058970955938305814, 0.022188250429681755, -0.07068067529785038, -0.01094976071054199, 0.11726253305294254, 0.095330643721378, -0.05745958572882648, -0.07441453083664351, -0.0176307068367636, -0.28113736783648857, -0.11850595351588544, -0.2240538697193748, -0.08194458469563193, -0.19454795443717843, -0.323892878565899, -0.29251354975501775, 0.02007707792682234, -0.20633986036631868, 0.0470933300467975, -0.042833419253093696, 0.22598597750613947, -0.06807788824866479, 0.12658165086640438, -0.009459736167517274, -0.13208727344114446, -0.21453889479934052, 0.08520635041034974, 0.20718995766550174, 0.04788013313039807, 0.1682533322204841, 0.15786474665778494, 0.13276528111627628, 0.060766550014142884, 0.16163314064409207, 0.05432122877286638, 0.04728905106209402], [0.0006421753702980926, 0.15263718406012394, 0.527379401215306, -0.12409494286007217, 0.21727292408645793, -0.058363448221822045, 0.3549662698473326, -0.0038735866471342195, 0.3941752701863527, 0.14259761712149188, 0.0944914157424308, 0.2599324009820305, 0.2734457465176502, 0.09697780426491032, 0.08112391107712624, 1.0, -0.055405195637521665, 0.2757345727620899, 0.08501308144535102, -0.3244050114131687, -0.1946484663690975, 0.1900961104028417, -0.012793651387236649, -0.07006665488151587, 0.037649527577002906, -0.196277018606964, -0.06387033925361241, 0.2238772953355489, -0.025793014090952138, -0.1698032111582608, 0.004412812844943104, 0.08809708442446063, -0.15978958707772972, -0.1324192558518993, -0.15800668641456306, 0.06368800242858841, -0.267624686662, -0.14388315462624734, -0.19154984739616454, 0.02305370866593004, -0.020957779367110962, -0.14466161801288302, 0.29398710750141466, 0.18061195739309865, -0.23169644427320724, -0.3043234140155966, -0.005902689723985333, -0.2253697866982991, -0.16237583907868514, -0.029258966524723373, 0.03573968915855075, 0.10245780709569963, 0.10820691250236181, -0.026363960284439214, -0.035145392566552136, 0.07551660824725992, -0.12357123202238252, -0.26922195757779765, 0.15556765786879867, -0.19522116567486592, -0.2823394029794035, -0.11931249180066761, -0.2073256172198703, -0.22192965475504467, 0.13688284971265297, 0.04710391289777294, -0.12787917228762002, -0.20097674926084785, 0.015937088798757104, -0.11010192499729432, 0.2786640525236699, 0.0610019772692727, -0.12831777806845213, -0.2528579757465854, 0.06265875024657142, -0.04417420041185882, -0.06047118297084442, 0.13636039426049518, -0.03695377733852512, -0.11176075803516272, 0.05408521896770535, -0.10481491137737309, 0.02611783155923919, -0.1142386264294244, -0.03632283313409568, -0.03714737149938441, 0.03073212803456593, 0.07874909368220306, 0.08718457844289706, -0.17363035585107323, -0.08031187520515082, -0.0763154530207808, -0.0603200335530929], [0.014610050739281677, 0.024854920349831944, -0.03958478894476092, 0.12045030705495241, -0.02572137801522434, 0.04463782574643249, -0.10199139109876798, 0.22743683895004352, 0.09020621952129426, -0.04900027993529421, 0.11181447900262909, -0.04338805405394308, 0.11817326468617251, 0.12803180992800534, -0.026418000204692094, -0.055405195637521665, 1.0, -0.0599536180894491, 0.3240073172385187, 0.19776772300170287, -0.009031244568407093, 0.13580837979055227, -0.023361449753014574, 0.13654698937661391, 0.21152945038597848, 0.28578208473418354, 0.07885257090049524, 0.37946506432010874, -0.0702338584137343, 0.1509426698031654, 0.2159004356314561, -0.11265408316105852, -0.3100965984876032, -0.027176758271139523, -0.2515154843775338, -0.12345730163473356, 0.015404595061871196, 0.01643082447331723, -0.0221299732122322, -0.26018367198000547, -0.3119136731099945, 0.023689757856431348, 0.053108035314418545, -0.34676266121410326, -0.03883357911201224, 0.00482077298102257, 0.014077982770799635, -0.08515957197764745, -0.1645588373335547, -0.05184680062821423, -0.22822713038732956, -0.11955238754953301, 0.06961157026038334, -0.10950537369123614, 0.26677570683228446, -0.16924039433033466, 0.02631416887046545, -0.0050673779564336385, 0.3002232579064428, -0.08635005836866605, -0.0572450876447399, 0.11411191420712574, -0.10433739552567123, -0.08793815019100415, -0.2952705913184823, -0.06380275456527884, -0.09507110017544296, -0.19180255827549253, -0.2994169738262542, 0.15423326798644144, -0.1520434539287825, 0.20194260197473335, 0.06369393605158735, 0.04371641229329137, -0.17846893633426886, 0.09308627823067206, 0.12939563138167953, -0.2290302830311164, 0.10747007013294685, -0.1425811655278275, -0.010057055292797434, -0.02073559875726838, -0.3317527374414331, -0.11713024383175674, -0.1688157664566785, -0.1561456199971405, -0.03383102012463768, -0.03778957132409455, 0.07487908853558156, -0.058040805495260805, -0.05756194367829459, -0.1325323777847769, -0.09332571746980411], [-0.13328468433056484, -0.06176429915631321, 0.367411613982326, -0.13240513390904463, 0.28091964723945173, 0.14294048803246828, 0.23460080757058743, 0.13934174579142422, 0.16686046015874023, 0.2851695376649058, 0.19521920593958675, 0.11157670657050722, 0.4988086040021573, 0.010791745201976677, -0.14344973995197563, 0.2757345727620899, -0.0599536180894491, 1.0, 0.037133974731643926, -0.053679602024849116, 0.4296759935204285, -0.20160342809688014, -0.19216341489967403, -0.13957821141870874, 0.14475308454114033, -0.19164281483417112, 0.06747349510136036, 0.15118757892890744, -0.13851319074179558, -0.06298586684301943, -0.09094102656084013, 0.3344771228920034, -0.14396126416072796, -0.05822500762661309, -0.1530441341303619, -0.18963767206000948, -0.04613638405742848, -0.18851299054948023, -0.3005296942330338, 0.07098603877053389, -0.15446212727591457, -0.03046361375751272, -0.16282372258349764, 0.26353924102090387, -0.1518589634191343, -0.11209802942183988, 0.03591867559513673, -0.2761402865416225, -0.17780341387234255, -0.08589939551770964, -0.30163590840546384, 0.001054822691989532, -0.1192518232394646, -0.14114239683482577, -0.03891906092573749, -0.11172466073856357, -0.11668322283482668, -0.18457051509783118, -0.13767984037610348, -0.2997613565247996, -0.17304237391573563, -0.1085723324078971, -0.024775343727652777, -0.023122331769850568, 0.5779826335153506, 0.11011302321586347, 0.16239821507228203, -0.0997234321546332, 0.07933807610853583, 0.08161035432672559, 0.09334052572785823, 0.08648909852925857, -0.1174651386753629, -0.15392025069851312, 0.07480399315268138, -0.0548440943235915, -0.024777113410792806, -0.0265730841400158, 0.017460846209264025, 0.0005780816324344462, -0.08233511515031, 0.1858598978394479, 0.4341631700155162, 0.025634575789614478, -0.13157683089769834, 0.14959514025394793, 0.010865439955988876, -0.210269465898959, -0.000829416127961613, -0.221200137625436, -0.07276791488557577, -0.03353303998865642, 0.22533479406993717], [0.11059190115579332, -0.09170088446737079, 0.07455349471093053, 0.07358348999660014, -0.214878312253868, 0.09348268790644787, -0.11771486276297716, 0.1758445026911306, 0.002880751232742451, -0.09273066721232226, -0.06626390584535558, 0.06220797785733778, 0.03645846049150814, -0.07565376062827611, 0.0925223074716417, 0.08501308144535102, 0.3240073172385187, 0.037133974731643926, 1.0, 0.1802229146548605, -0.019306703266101177, 0.17858866779884597, 0.0022394643989920304, 0.21589095968733307, 0.35771650961894186, 0.10179784578238948, 0.014973136274869514, 0.15520199028274118, -0.05680016920129294, -0.07224597776495978, -0.06642002391205915, -0.2769953178761857, -0.1050953184188248, 0.10626523996012072, -0.1752225944600263, -0.3722942567352343, -0.19389613683865448, -0.20585605143209884, 0.040081659182244156, -0.133450879476114, -0.2879176575185616, 0.11185924810602788, 0.0064048613427274415, -0.37198022049831736, -0.08044497348479518, -0.3292523762737727, 0.0755919227725157, -0.1521122871820091, -0.024396228093017225, 0.058792365233024, -0.36449980121615844, -0.12203133185732651, 0.0071779185594665895, 0.07015990574954278, -0.06718691706701296, 0.12051666417912954, 0.08666089726063708, -0.17568946176186961, 0.30884359535298767, -0.007588509897813234, -0.009923256592430318, 0.019500080581027035, -0.18833487893858303, -0.1581014427662435, -0.05311397952094121, -0.013772873094652915, 0.012806682546498416, 0.1799342451489272, -0.09531963126025067, 0.006372762763564133, 0.11479373767053658, 0.13537618669424656, 0.21443155869271635, -0.07192699638180255, 0.04298088165175917, 0.12844015440920953, -0.08960708983595644, 0.02463661324896249, 0.15273683379471648, -0.09159296787396931, 0.2585666724372231, 0.19474691432373115, 0.021001641694442297, 0.11231015664401067, -0.0760624117346882, -0.11723795725056707, 0.09673709985341372, -0.1289207418010183, -0.03699182506442211, -0.25206778147141096, -0.12428929516630749, -0.2830327617870825, -0.1036189912282317], [0.3583291560818711, 0.08860551354052071, -0.10519143583002988, 0.04884856718941888, -0.07833218528947516, 0.21021065540093176, -0.28397338669118866, 0.17130757564896493, 0.07214227939022377, -0.17045443229574597, 0.039893096972073105, 0.08147174473712915, -0.1553798071601249, 0.1266997450511429, 0.2867743382204895, -0.3244050114131687, 0.19776772300170287, -0.053679602024849116, 0.1802229146548605, 1.0, -0.14132560272480887, 0.12417985279553312, 0.21206520260509787, 0.1399857363102236, 0.198096400849608, 0.2753809581140261, 0.18850122283073478, 0.06055643139234579, 0.20584286740849478, 0.15398991389456762, 0.12446559557810666, -0.21930048727947593, -0.36501840147137954, -0.15277649056112197, -0.2197408632144191, -0.20924411583934166, 0.018529634214564994, -0.21086893646547145, -0.11301753838470363, -0.24555985977729078, -0.3727153679405071, -0.16450741192988283, -0.0916017850467461, -0.361342583774634, -0.06317092792711909, -0.15446195650299588, 0.07228675220135483, -0.15787405238468577, 0.014215779260889905, -0.0913030433864277, 0.2223735158634803, -0.2334813707577046, -0.034222557574745016, 0.022393007189660086, -0.043345848764789974, -0.026945569927505186, 0.15263157108786873, 0.22769407819666654, -0.051936165499103515, 0.10658071698112048, 0.18480307518212635, 0.01658784856347395, -0.31627225791554014, 0.11908937859199831, -0.09922382608207103, -0.11742988487367612, -0.1706474378880405, 0.143513177893827, -0.3291311169126421, 0.10686363195250381, -0.16821318664320284, -0.023718676779118875, -0.08285973523139378, 0.14839821921120677, -0.32809429059115325, 0.10153342371426777, 0.09147331370948342, -0.18247486118886136, 0.08826414993105414, -0.20079099356145336, -0.11414192286035152, 0.07599437002473564, 0.2373162194408046, 0.17263324107850342, -0.08302580287330641, -0.11152132214348853, -0.06363746734168507, -0.14533360607544998, -0.1091052444752536, 0.1278488684671607, -0.004993815697661441, -0.04900242382795006, 0.06075204708818005], [-0.14776379615149793, -0.21560032536969453, 0.13843389566550446, 0.1700057398468966, 0.22283606896771924, 0.0911433673124834, 0.0039889119178667665, -0.20953073347183926, -0.22554970098162697, 0.32408944452128297, 0.1745576846878616, 0.13375211178761903, 0.14879840030331892, -0.30659710719259015, -0.11979015095628598, -0.1946484663690975, -0.009031244568407093, 0.4296759935204285, -0.01930