"[[1.0, 0.8723201977647961, 0.7157793768383474, 0.8401802480401708, 0.7163441960752615, 0.7663437456365777, 0.7685391409992733, 0.6677756601895015, 0.7904846344923462, 0.7625638512800503, 0.7984141492417753, 0.7409673815982526, 0.739461619893481, 0.6397440863887875, 0.5629040845311576, 0.7553201764179858, 0.54714847950092, 0.6905371581441871, 0.7134210213975548, 0.7615642836623479, 0.6998173623736372, 0.7305818857923585, 0.6938802262794806, 0.7130498180865185, 0.7321038856880017, 0.7506582930940525, 0.6762246305240015, 0.7021431344307986, 0.6370725235662266, 0.6477092821711611, 0.6621199672399161, 0.7353260302592386, 0.7073417425925115, 0.7694993041000007, 0.76690903844594, 0.7651339509514721, 0.7741983164513964, 0.714034482435819, 0.6434417166014472, 0.7649762738855552, 0.7295847205400545, 0.816562892289827, 0.6275582460908236, 0.7214557094912115, 0.6942871240572192, 0.6782615029684752, 0.769186281208971, 0.6923847977440027, 0.6308847011832491, 0.6316894982508124, 0.6427385394287594, 0.8040319524129688, 0.6943364546853926, 0.7871798617946558, 0.6046583361851463, 0.6157786235921635, 0.7174256892555008, 0.7010079900044363, 0.6618249700500984, 0.7070224518509408, 0.6947914289138959, 0.7096153266816858, 0.7619095526170748, 0.7608002610516792, 0.764640524365868, 0.7352271288642162, 0.7270906789627862, 0.8169090931767684, 0.7072674976371159, 0.7255521928690918, 0.789045203353518, 0.7842173367939528, 0.7292516978139144, 0.6796332349695443, 0.7593305120245277, 0.6328093676922274, 0.6847575478846031, 0.7476724369254862, 0.7372901993217592, 0.7345237823414542, 0.7660033907293523, 0.7298751167667918, 0.7459853709798228, 0.7177368949111954, 0.7028056657368286, 0.6908298055103059, 0.691587968535202, 0.7051642854276765, 0.7066541932061922, 0.6894182574109272, 0.7352714378393024, 0.7410944281961043, 0.6569721971095541], [0.8723201977647961, 1.0, 0.6497851168538977, 0.7835378937627114, 0.6833401236189333, 0.7304056082478622, 0.7280277482749167, 0.5941939448727328, 0.7273227987025281, 0.6312343404480065, 0.7170443608650141, 0.7274387033090127, 0.6699808516777075, 0.6185163046225931, 0.5082890022921817, 0.7378650855650795, 0.4793634330436264, 0.6400035969119866, 0.5775492808019345, 0.6503023038526141, 0.5754743384991385, 0.5959001804047563, 0.6655413209897957, 0.6387233403099354, 0.6624889772675702, 0.7018562368333652, 0.6192853772659477, 0.6739580704160378, 0.5646043120485297, 0.5917158772628108, 0.562567027373056, 0.6608210825131213, 0.6619786445839213, 0.7098563185223333, 0.6839233036332041, 0.6809388149907413, 0.7014354406203227, 0.6738782130147638, 0.6191842584879478, 0.6640718101244807, 0.6792820414265608, 0.7065987253691492, 0.6764907128986599, 0.6904146894048956, 0.49146074282485297, 0.5629480843181797, 0.6255675769118733, 0.5383954168304435, 0.6264016079987246, 0.5988087918970086, 0.5144570368107356, 0.7136398393652433, 0.5914477612930975, 0.7259731533038662, 0.5354444688910025, 0.5528660997042212, 0.6560955658564144, 0.5589747530028243, 0.5746691873062273, 0.6699938415989993, 0.6158405616109803, 0.6305175858329002, 0.7251224410406982, 0.7225704922432912, 0.7058532919416725, 0.6858186509549207, 0.6677488558120945, 0.7210348309627642, 0.5813745924777887, 0.7013221268804787, 0.6612851713606525, 0.6740548462019943, 0.6638138412401083, 0.6499125587329787, 0.6488188867427944, 0.5901376116592885, 0.6579764844384306, 0.7602853769975911, 0.6827646861562692, 0.5862600083626733, 0.6726157382339808, 0.5819114389678773, 0.6339423159733677, 0.6031108551939303, 0.7016964036610369, 0.6513673278202893, 0.6760079244517581, 0.5961049663033335, 0.6884462644908429, 0.714541263261648, 0.7033869628078953, 0.6635253258621773, 0.5666539199529333], [0.7157793768383474, 0.6497851168538977, 1.0, 0.64451789560463, 0.69000395399734, 0.8442744036603306, 0.7109941132579328, 0.7545962645157595, 0.8277785603606327, 0.6840837001712128, 0.721067464845011, 0.7002778946437065, 0.7040664368677833, 0.5418257245949506, 0.5571832580476067, 0.8629529253854822, 0.5132758810947484, 0.8095265389706411, 0.6539510624979611, 0.6055694532627665, 0.7078731967900975, 0.7008397261240276, 0.740178113536885, 0.5730386361029736, 0.6962020896079417, 0.6330651591376507, 0.48311473000316907, 0.6535313339479607, 0.5868444650178991, 0.5692781498202135, 0.626531823037412, 0.754092748635457, 0.652173763707986, 0.7067548047338686, 0.6474192986752157, 0.7545275938962497, 0.7087055125390697, 0.6570255617284342, 0.6327902356189706, 0.6443844685294855, 0.6090133917463547, 0.7315303287659917, 0.6125880783591107, 0.7430811365269244, 0.5560336488963764, 0.6560372994725383, 0.6948194519835037, 0.6261829651859028, 0.6065048718156627, 0.6362985737277482, 0.6314445170747742, 0.7351113808508337, 0.5806554886424845, 0.583779347120045, 0.6448371513499043, 0.551064172363389, 0.5947955194224432, 0.5755631226942549, 0.6423464829792115, 0.5432296563888935, 0.5655437413086717, 0.6200691636689525, 0.6553223856591853, 0.7279229442681356, 0.7428131272672936, 0.8073740397211364, 0.764445458220583, 0.7246765155546072, 0.6830189359023677, 0.7285674113348825, 0.7734691399549797, 0.7508336211978595, 0.7261959214738006, 0.5644279822975478, 0.7073198438848921, 0.6519354760911653, 0.7139826809174732, 0.7141680937949154, 0.7665559562198301, 0.6472228175667096, 0.7233118351404212, 0.7746044231340544, 0.7085174969408788, 0.7257220753501992, 0.7283881796236296, 0.718673064886392, 0.6839266589931484, 0.6324263799368411, 0.6319901759820562, 0.6902899659390894, 0.6393515179210523, 0.6751429592073552, 0.7283205492247875], [0.8401802480401708, 0.7835378937627114, 0.64451789560463, 1.0, 0.6157357576933891, 0.8016830898855187, 0.6185312680302933, 0.6762543653217385, 0.7058450769038433, 0.7373464938774452, 0.8699833361377483, 0.7048748080584101, 0.7300419262333595, 0.7086527328821681, 0.5913596885114342, 0.6760727920049662, 0.5794048948478168, 0.6841462311267409, 0.674935330571216, 0.6565943940994492, 0.7512879471779191, 0.6156290883862032, 0.6314247332238285, 0.6684463586464081, 0.5752594270586361, 0.7048069441812301, 0.6274865233781683, 0.6988204205724974, 0.6089552435872204, 0.6538020794322854, 0.6633752361183045, 0.7361005922306204, 0.7685679631505362, 0.7977204996404283, 0.7489511103120031, 0.7476391742591444, 0.7497327964369539, 0.7235542700679644, 0.7144170664394075, 0.6115930518633251, 0.6648892867712318, 0.7712191569720975, 0.6283282768109788, 0.7086844023829448, 0.6693645503921454, 0.6498561195384815, 0.7256131924370001, 0.6168431105164908, 0.6931109215972867, 0.6411202459259977, 0.6055503816765959, 0.7128642499912748, 0.6235489059509625, 0.743537988148764, 0.6267742943976553, 0.6597787495463703, 0.7097861610817376, 0.6222400587341896, 0.6482960790647185, 0.624821690216425, 0.6687210447059074, 0.7297453810662163, 0.8596168381496412, 0.7527691554603715, 0.7465130656084513, 0.7007598371728332, 0.7243892667592989, 0.7274839952472429, 0.6137442842144808, 0.7607742300164586, 0.6614800474478156, 0.7437011655835101, 0.6896708729482257, 0.6695722631167679, 0.693862837983202, 0.6427586513364211, 0.6670222785604408, 0.6976420586857054, 0.7160487371918846, 0.6304842501189384, 0.689460164418203, 0.7240073678776237, 0.7173135256035622, 0.6614530990682621, 0.7339112593998725, 0.6591072180456169, 0.6494549540663965, 0.6026040692903422, 0.6549856016818957, 0.6942701838989053, 0.6954046039260975, 0.7536395320341625, 0.6646909526444824], [0.7163441960752615, 0.6833401236189333, 0.69000395399734, 0.6157357576933891, 1.0, 0.6077172871959962, 0.861396712498299, 0.6295688982280387, 0.6666263917454411, 0.8503050060595264, 0.679525566228474, 0.6413695264420073, 0.8047817451307919, 0.5751146923930543, 0.3888847583656374, 0.7485514595364863, 0.5211030172427003, 0.7711750002569344, 0.5386295207044761, 0.5930547601701757, 0.738010870153764, 0.6574039455066404, 0.712398624955755, 0.680152570561438, 0.6925578328699541, 0.6281111343722441, 0.6618495254680468, 0.5750056754627405, 0.576728158936298, 0.6274710146942062, 0.6577671076509837, 0.7612564544029802, 0.6324753811930728, 0.7245456503367663, 0.6578565378028479, 0.7865002979961778, 0.6457412624102842, 0.7220911321061676, 0.5436933010569596, 0.7797310093325143, 0.6341886329684255, 0.6997261896927156, 0.5688916260540681, 0.7546046855690349, 0.5877480394265642, 0.5473913236236058, 0.5680812002933623, 0.5512614107692643, 0.51578794775673, 0.5450121461832499, 0.5347200900779909, 0.648898136991185, 0.5279941340884208, 0.701589404938595, 0.594604888275615, 0.5612375946224953, 0.5871709376116214, 0.589566792870479, 0.5720481238796865, 0.5940682141545679, 0.6477967326444781, 0.5320947152206693, 0.6458552211629678, 0.7661306524678971, 0.8110625414899599, 0.7643395416298691, 0.8324652351372654, 0.7229474188213042, 0.76226709290867, 0.7075454996570114, 0.837926401853692, 0.7532708198513428, 0.7837395191149639, 0.5703960540753189, 0.7658299783115623, 0.6069454378693043, 0.6876258563635194, 0.7232357539734077, 0.7036285716498853, 0.6269047799766013, 0.5966074347032315, 0.6714821092193262, 0.728995704597273, 0.6799952039524997, 0.6648220588802105, 0.6317712281477413, 0.6587126792793139, 0.5965512827633239, 0.5727954776906772, 0.634850946059829, 0.5886577208961474, 0.6373634489346237, 0.6179316602760021], [0.7663437456365777, 0.7304056082478622, 0.8442744036603306, 0.8016830898855187, 0.6077172871959962, 1.0, 0.5554608972682107, 0.7371104182334172, 0.7359214603546239, 0.6902499019126119, 0.7430473249609889, 0.6846945879668588, 0.6965193921268503, 0.531699956778556, 0.43571573547922315, 0.6941195272579487, 0.5239557205224129, 0.7418449449388321, 0.6703730755184086, 0.658432990656073, 0.7072318475341958, 0.6171923118246939, 0.6463656042697152, 0.5861868185582911, 0.7138503352672566, 0.714066418753143, 0.5197152316049698, 0.6702390588179704, 0.6218348896437103, 0.6347474375916223, 0.5931695399287337, 0.7102605552984165, 0.7329911861070891, 0.6874568490673464, 0.6963100255006532, 0.7383047496887256, 0.7193041424700302, 0.6612514370250742, 0.67704058061538, 0.5819860099188768, 0.6614697507421395, 0.7436425584191999, 0.5806448813248776, 0.667585639149435, 0.557060348851233, 0.6280910824483761, 0.7480151371174234, 0.6007911135509109, 0.6710909924396109, 0.688781564590725, 0.6485212900298217, 0.7358897910734833, 0.5643601584114574, 0.6397495932544998, 0.6255591076735004, 0.5359985497550245, 0.5507583549463965, 0.5397327302604991, 0.6136527173544588, 0.6261192309393834, 0.6235693994388789, 0.6834935031254693, 0.7619779315127614, 0.7201994217877037, 0.7066431656579448, 0.7479277268603515, 0.7857463866853373, 0.7505418893672813, 0.6011698577630417, 0.7626861747266929, 0.6803321542563632, 0.7774632997341859, 0.7440680242705939, 0.6762474253627946, 0.7057405988165419, 0.7022025541104635, 0.7382415095767526, 0.7033819252546951, 0.7426336343069658, 0.5955263543978752, 0.7385659958775838, 0.7933982409088541, 0.7048705067659029, 0.6877661943932609, 0.7412151748399106, 0.6538013075434432, 0.661073152928047, 0.6036237101267334, 0.6253471025355035, 0.7319930294869474, 0.6478627823394195, 0.6705090035898916, 0.7434310009644626], [0.7685391409992733, 0.7280277482749167, 0.7109941132579328, 0.6185312680302933, 0.861396712498299, 0.5554608972682107, 1.0, 0.6752131799598386, 0.7901406856636842, 0.8249857022842483, 0.6967649748724091, 0.6645998193606668, 0.8521871425726606, 0.6513598324245179, 0.5005574249023358, 0.8164883564225648, 0.5314253839466386, 0.7739780243029794, 0.6126526569928362, 0.5665840057568978, 0.6876937741079485, 0.6335591111202734, 0.7178401164487034, 0.7085619580160187, 0.6379973388792094, 0.6177909739488617, 0.6019584345280395, 0.6065614799790485, 0.5937552940100274, 0.6359300938972504, 0.6134138216581928, 0.819976034288976, 0.6533362925700713, 0.7828671992699643, 0.7270495528065163, 0.7839306678260627, 0.7197982097763048, 0.7394413578083227, 0.5821118918822354, 0.8772722738227471, 0.6897269730903856, 0.7810161966419504, 0.6339864632089631, 0.8259679548655074, 0.6534497422405149, 0.6186845446054998, 0.641716802175164, 0.6380425006979848, 0.577654823796609, 0.6409027156129465, 0.5182950715049166, 0.7779346300633865, 0.6093454823279931, 0.6744909750017515, 0.5446953040884542, 0.6204058728592847, 0.710193577547307, 0.7038195850861674, 0.5949030980285052, 0.5957379370908539, 0.6463583484060644, 0.5825272494153707, 0.7033924094423846, 0.7776633451614261, 0.8812795381968096, 0.7859666417591611, 0.8366967516328957, 0.7422389255712701, 0.8645364138086751, 0.75234184669758, 0.8800295126316481, 0.7936681764823552, 0.8102716191870551, 0.5860508983973974, 0.8192442948219979, 0.6362093881174586, 0.7343783980702834, 0.7815363663118685, 0.7324350172365715, 0.7277666570235969, 0.765443970992085, 0.6064713011403051, 0.7097364171425068, 0.662612601088856, 0.6850987700876383, 0.7359605878786639, 0.6810962175241299, 0.659204565838495, 0.6240686467613492, 0.667678942793551, 0.6565688443392403, 0.6815132237671792, 0.6268597659543377], [0.6677756601895015, 0.5941939448727328, 0.7545962645157595, 0.6762543653217385, 0.6295688982280387, 0.7371104182334172, 0.6752131799598386, 1.0, 0.7492203630749096, 0.7111725082299191, 0.6596692443966331, 0.7310229295112688, 0.6951719962320745, 0.6789512692841072, 0.506005925313609, 0.7102998524727325, 0.6178052346847661, 0.7305461897361625, 0.6952205883957151, 0.6610847174496877, 0.6238990476861583, 0.6271569485084313, 0.6596853470887023, 0.7366812424677176, 0.72386459079638, 0.6909796856146146, 0.6082994034502996, 0.7224268523079552, 0.735360274023073, 0.6288328633285448, 0.7101241693243465, 0.7350674216464564, 0.6861119299193549, 0.8002337335635192, 0.7173597805258141, 0.6726523138426161, 0.7260664611935018, 0.6723476135772005, 0.6155659011849018, 0.6473157642518408, 0.5599606871846867, 0.75920261134306, 0.6244815393976546, 0.6465990713490072, 0.6401356315493538, 0.6119812811534192, 0.549679115653864, 0.6257603482976791, 0.6509687837857652, 0.6928708699145413, 0.5574075574178311, 0.6994244572368584, 0.5859878465908102, 0.5994114755020812, 0.6828637427105471, 0.5011945805787392, 0.6003544455948729, 0.6422440771453148, 0.6836517691922475, 0.5048517789135664, 0.5705243149947965, 0.6240409233650563, 0.7044695804166523, 0.8141452712088871, 0.759793629441477, 0.8421390081390765, 0.7391331489547105, 0.7239816051633291, 0.7952521894184901, 0.8536481911706002, 0.7269433781551993, 0.6969944633137706, 0.8029583350140597, 0.6336451671465925, 0.7735588456732105, 0.7327196938236941, 0.7727914323925802, 0.6725200950404107, 0.7936336800956907, 0.7565156111649715, 0.7226483805314525, 0.6879007246441, 0.6560825548484633, 0.6231124096663678, 0.6514668778983862, 0.6503159258289634, 0.6599140385459993, 0.5568213730922016, 0.6186492691798748, 0.7007159076415411, 0.523179951524223, 0.6574413160919049, 0.7343931169509786], [0.7904846344923462, 0.7273227987025281, 0.8277785603606327, 0.7058450769038433, 0.6666263917454411, 0.7359214603546239, 0.7901406856636842, 0.7492203630749096, 1.0, 0.7429067376697231, 0.7017051304352335, 0.7196569578918702, 0.7667035530414278, 0.6592511385467313, 0.6039614443694977, 0.8183456537905116, 0.5672635271671753, 0.7720028180886104, 0.6496871603957961, 0.6471008074180646, 0.6185037698735542, 0.6948507783655633, 0.7321923776856837, 0.6636804736923684, 0.6432818909438247, 0.6094676122576558, 0.6553664786680318, 0.6649694137926292, 0.644486657633118, 0.4892239143009123, 0.6626015504271364, 0.7855345555841101, 0.6355941325829089, 0.7378279353144339, 0.6941997863578265, 0.6932895094336938, 0.721156662530137, 0.6700381575783969, 0.5431673809197834, 0.7614012394061462, 0.6180244266009199, 0.744792193117222, 0.6258508309516511, 0.7292657787123058, 0.6007868441411652, 0.7089001696711834, 0.7297853245405852, 0.5737141721807983, 0.6159994969582405, 0.6154871359998825, 0.5650970500648314, 0.745008776401889, 0.5484338150030502, 0.60269987174897, 0.5923877532124064, 0.5817098357302717, 0.637575607025171, 0.6357314616309716, 0.6281235004127576, 0.558953648562717, 0.5789561154686835, 0.6320539242111785, 0.685929695360135, 0.7421443916474586, 0.774038418401182, 0.7671336978657968, 0.7518514514695596, 0.6959061962437734, 0.7152267011727199, 0.7277856354669155, 0.7137710538569156, 0.7578892663831173, 0.7315009490738014, 0.66099356557477, 0.7032856596026845, 0.7205853834286243, 0.7745543972537887, 0.6941909895883677, 0.6879757775692491, 0.6428903640292332, 0.7784489657140446, 0.6882464422519208, 0.7321448011766697, 0.7000171740881617, 0.7347605503681196, 0.692718232657404, 0.7715141017917007, 0.6598554963069053, 0.6402536422232085, 0.766281924388526, 0.6650971730389805, 0.716614290713258, 0.7357405325669104], [0.7625638512800503, 0.6312343404480065, 0.6840837001712128, 0.7373464938774452, 0.8503050060595264, 0.6902499019126119, 0.8249857022842483, 0.7111725082299191, 0.7429067376697231, 1.0, 0.7564736088953872, 0.6917308231474834, 0.8786199633317302, 0.6549311331157929, 0.4516516633849015, 0.7603365248447866, 0.5370388501248881, 0.8003821322530267, 0.6285626930985663, 0.5755619529356694, 0.8101730765797877, 0.6415270702441419, 0.6608059156275153, 0.7253527558550792, 0.6644162379559809, 0.6583982556526927, 0.6887703791291342, 0.6862259197922119, 0.6742697192058064, 0.6893483200665195, 0.6912798736145703, 0.7973674457173922, 0.7708933863444175, 0.7740145056848798, 0.7437193839457377, 0.7599462450718804, 0.6356254229132654, 0.7070352612605315, 0.5673776367224105, 0.7819724925398455, 0.6317602909805236, 0.7927816842746681, 0.5617371916685393, 0.7088611493406923, 0.6144518571134717, 0.5648000304964903, 0.6543593971426478, 0.6072796307810904, 0.5828877196903669, 0.5628418881176376, 0.5803208444203715, 0.7877879786417228, 0.6244551275147793, 0.6782930494843245, 0.6045376730358125, 0.5677429018035544, 0.5789210136076236, 0.6484813724603388, 0.5589818598653971, 0.5240454050420406, 0.7248355110179476, 0.642138503039216, 0.7597687888059027, 0.7285550053588814, 0.8211020020227408, 0.7869060023456494, 0.8461430123774981, 0.7189272964677411, 0.8264049051295925, 0.7375177089403965, 0.8508083776418538, 0.8318099759921534, 0.8079141211685538, 0.6614246016618305, 0.870396725532478, 0.7063027381894482, 0.7761700133149775, 0.6947759757278307, 0.7430506402303655, 0.7122710675180997, 0.7470582821500861, 0.7160982338954146, 0.8006078898295935, 0.7249480963665006, 0.6843515306829746, 0.7201739935078267, 0.7050740504086271, 0.66125116819557, 0.6034101094702135, 0.6656046010718343, 0.6826983457915008, 0.735535849496657, 0.7536048372012183], [0.7984141492417753, 0.7170443608650141, 0.721067464845011, 0.8699833361377483, 0.679525566228474, 0.7430473249609889, 0.6967649748724091, 0.6596692443966331, 0.7017051304352335, 0.7564736088953872, 1.0, 0.6181098733273891, 0.7899946765206911, 0.6794432890388, 0.5957339420380279, 0.7404849530691533, 0.5662656514104704, 0.7615619439819128, 0.605227885341792, 0.6337242294036928, 0.7437391533965501, 0.6930392382680238, 0.6711544673241951, 0.705133139026938, 0.6033902587310125, 0.664379486515978, 0.6243300850187641, 0.7268508713816679, 0.6034456182501741, 0.6625921770498253, 0.6872281716217714, 0.8138193860099536, 0.7058062022588515, 0.7686828725554555, 0.6701502831226016, 0.7414170315083949, 0.6978288592679199, 0.727216580298898, 0.6095061844825082, 0.5930620607223858, 0.588163085552102, 0.7792656656468734, 0.5757390355416493, 0.7630796389480706, 0.5532179500768203, 0.5933027437931491, 0.7886154397242584, 0.6247982555303985, 0.6223447551935373, 0.6558404331731839, 0.5895565937846639, 0.666160808845014, 0.6090163496723244, 0.6823118508701279, 0.60092795141509, 0.49678757479411007, 0.6300153546778487, 0.6276848572925547, 0.6200570316373039, 0.532528386289114, 0.6007614180989113, 0.6762678505249761, 0.8112830171388685, 0.7595288059390766, 0.7773127746255492, 0.7428125623243901, 0.7317940952661977, 0.714661840695614, 0.6763702315458306, 0.7535916940287576, 0.7201250131737187, 0.7400034604258111, 0.708682339347123, 0.6206710693588893, 0.7489955259854486, 0.5719506563255887, 0.651828800337364, 0.7512648679770608, 0.7258722478091889, 0.6532710993473786, 0.6644905209597674, 0.7139963914406637, 0.6411550294001973, 0.6515571387724153, 0.6989983829039135, 0.6862364184440469, 0.5627850317109298, 0.6630798079484186, 0.6278217316270113, 0.5873934926714195, 0.6430006960701115, 0.7209874842099183, 0.6631559550506998], [0.7409673815982526, 0.7274387033090127, 0.7002778946437065, 0.7048748080584101, 0.6413695264420073, 0.6846945879668588, 0.6645998193606668, 0.7310229295112688, 0.7196569578918702, 0.6917308231474834, 0.6181098733273891, 1.0, 0.6558040176091794, 0.5302755369865824, 0.5610130717939271, 0.7571018230944048, 0.4710733783331631, 0.6759751817022182, 0.6290420910567909, 0.6096167454859697, 0.7057229887877425, 0.6062694485677829, 0.5937602299092168, 0.628533058241449, 0.5660079225724607, 0.7082229612719334, 0.5481801934368814, 0.6260383793424892, 0.7631004702748168, 0.5850921150317554, 0.6654472136767539, 0.5974431613722042, 0.7454487124857114, 0.7461276126262983, 0.669729484625943, 0.6430946423022208, 0.7286088440172968, 0.6339589270180267, 0.5333872508224423, 0.614900157981711, 0.6254506138866448, 0.6847373487650109, 0.6715917288923589, 0.6585448403618689, 0.5704503092326937, 0.5433122004638311, 0.5524237431196931, 0.5455845431586016, 0.6165706752118545, 0.5959722198922566, 0.6171931953520557, 0.6875306816778892, 0.535245796658967, 0.6312431317764934, 0.491958443402459, 0.5545036450870434, 0.6411235134150751, 0.5998090377602979, 0.6100602894873794, 0.5921842701560454, 0.5772857342266129, 0.6773723885238389, 0.6549381946307283, 0.6615382885584496, 0.6990223810582159, 0.7175322893449351, 0.645094201111808, 0.6324688280926547, 0.6531977071790546, 0.6538903658640717, 0.6196355776041822, 0.6829177964649369, 0.6629975437719963, 0.5800797983860475, 0.6552547937439603, 0.594035572801816, 0.6817334086167885, 0.6336707071488257, 0.626031260334224, 0.5852427834683618, 0.576583046570633, 0.6668510864443985, 0.6878226712037536, 0.6621661930662095, 0.6803674461497516, 0.6437677446493604, 0.6616495678749633, 0.6117908371351707, 0.6555686857580079, 0.7211538411741572, 0.6374563930809816, 0.6792653906671475, 0.6314572800512135], [0.739461619893481, 0.6699808516777075, 0.7040664368677833, 0.7300419262333595, 0.8047817451307919, 0.6965193921268503, 0.8521871425726606, 0.6951719962320745, 0.7667035530414278, 0.8786199633317302, 0.7899946765206911, 0.6558040176091794, 1.0, 0.7730960205632167, 0.49514954961335444, 0.8183615080122526, 0.6317989242710615, 0.8541818820865457, 0.6813774599867403, 0.6115458332519784, 0.7451580651270941, 0.6819795820135859, 0.6551851813889011, 0.7643159127212309, 0.693025884681836, 0.7176269669798241, 0.641418156102411, 0.7297350410247986, 0.7104729639213231, 0.7214099174354668, 0.7110517073100736, 0.8281443648216377, 0.6940920242149241, 0.7712056742114094, 0.7125388976957652, 0.7752991720265308, 0.687367942633426, 0.7468828188992495, 0.5573194607424967, 0.7698064988255635, 0.7021985928252998, 0.7678818863899045, 0.6652324060535267, 0.8243374343402308, 0.6233575047225466, 0.5684354524616849, 0.7054740798235829, 0.6168458848886312, 0.6456829933550886, 0.666982068927376, 0.5685870341357818, 0.7226395954257576, 0.6753325986517605, 0.6721640116184144, 0.6095169192446053, 0.6202457215792837, 0.6291187888991617, 0.5884348045933944, 0.6053782405442703, 0.5876215577745562, 0.6145103566970235, 0.7122084238640639, 0.7614944413417217, 0.7887172842695407, 0.9177213998437327, 0.7805324234389877, 0.8693796149933464, 0.7427371015797121, 0.8262034916052384, 0.807198500361417, 0.8213187725326981, 0.9027114312621568, 0.8017377436804932, 0.7075158934364543, 0.8310255568797774, 0.6810247566722374, 0.8160334792615129, 0.8011306157142021, 0.7322208597019956, 0.7003562677027548, 0.7710679370936857, 0.7212844072840242, 0.7801163179011529, 0.7153782226423037, 0.6683641821794634, 0.7326574793958248, 0.6981723856804197, 0.6770272307581939, 0.60330464401711, 0.6503345018808029, 0.7050934504074853, 0.724925229974957, 0.7425423224470195], [0.6397440863887875, 0.6185163046225931, 0.5418257245949506, 0.7086527328821681, 0.5751146923930543, 0.531699956778556, 0.6513598324245179, 0.6789512692841072, 0.6592511385467313, 0.6549311331157929, 0.6794432890388, 0.5302755369865824, 0.7730960205632167, 1.0, 0.5242637996327405, 0.6933146106903806, 0.5441567367044347, 0.6456456249667167, 0.5606716106386647, 0.627118930294621, 0.5114453995154553, 0.6916289330572476, 0.6196154397575698, 0.7332943677929363, 0.5725576961387708, 0.6753459457469998, 0.6071474949320482, 0.6721614293578922, 0.6386360792080189, 0.5942461005802773, 0.7634145976245744, 0.6471003196114826, 0.6103695456890232, 0.6697097145779712, 0.6307118196469464, 0.624988420508068, 0.62912338987479, 0.641723330875854, 0.6010238930045596, 0.5998476461830698, 0.5652580877416442, 0.6134033510934647, 0.6552499510541813, 0.7178911266528667, 0.5412924888318854, 0.5566752720078744, 0.5419602395508276, 0.5337014616187484, 0.6713604506415012, 0.49293523242420545, 0.5271816246769683, 0.6497267307053678, 0.5851765681987426, 0.6003983636253544, 0.4946015098171579, 0.5846781168762687, 0.5952060488003159, 0.5908568210387746, 0.654016091586798, 0.5456199480198675, 0.5807719667360502, 0.6255165874389044, 0.6283568393333571, 0.7881130127294493, 0.7591755276348882, 0.7411878701307787, 0.661100625546843, 0.6324883838445852, 0.6997590389991911, 0.7595864971040749, 0.6295696522223418, 0.7073752460469025, 0.6152989368354294, 0.6866160940546597, 0.6894516942006229, 0.590748857462145, 0.7703186752131107, 0.6788336090194671, 0.6861120565484452, 0.671365045615803, 0.669804209208504, 0.5889084420222183, 0.6510972441945976, 0.6139354474583361, 0.5594698273098286, 0.6767742172696589, 0.6090842314242797, 0.5159378922371061, 0.5747042585680587, 0.5899489630031204, 0.5970171145919589, 0.6981262583924681, 0.6483399419783333], [0.5629040845311576, 0.5082890022921817, 0.5571832580476067, 0.5913596885114342, 0.3888847583656374, 0.43571573547922315, 0.5005574249023358, 0.506005925313609, 0.6039614443694977, 0.4516516633849015, 0.5957339420380279, 0.5610130717939271, 0.49514954961335444, 0.5242637996327405, 1.0, 0.5770438522611161, 0.3068083807342781, 0.4306446384175425, 0.5187786757761456, 0.5263846535599357, 0.46854821596038887, 0.5498491396998219, 0.5491898870062678, 0.5000893687488283, 0.5022905982186394, 0.5182770741292326, 0.44422156276208125, 0.37405818918268685, 0.4755489131848789, 0.5761169581388066, 0.4826482614026294, 0.4945898705754139, 0.47012145394003146, 0.5336797799226685, 0.4959151779122155, 0.5129402804108241, 0.4874330480076704, 0.4253313000402894, 0.3643317447654373, 0.4295248813020943, 0.42979991493899006, 0.49851365812342063, 0.4416454382919266, 0.46365723951801807, 0.402768844214356, 0.44446378255000973, 0.4765783674034807, 0.372198324976876, 0.4818912067475256, 0.41848373760498603, 0.3993107151212416, 0.41778552612810194, 0.44682967927647854, 0.450462120064258, 0.4619792974569419, 0.5154853380575612, 0.5640812733910694, 0.5389231656586968, 0.49689792241036, 0.44918498915663196, 0.4785274607431582, 0.5658320694439406, 0.557208845009035, 0.5647066453760512, 0.5482085639578109, 0.5700286344995793, 0.48074252810087115, 0.5145416566044163, 0.47176619121697616, 0.4933308011034163, 0.46978678696250276, 0.4409293314987198, 0.4690022845963757, 0.44703600482351724, 0.49301785853891067, 0.4801472925082435, 0.5130603213209214, 0.5963738125662459, 0.5664276765503804, 0.5103831483496684, 0.5142079185946612, 0.5011148520847005, 0.44131218579248777, 0.5661530324270461, 0.5754717667862177, 0.541564879896, 0.541952375883847, 0.5530064683130494, 0.5101936112705302, 0.5305329508505724, 0.5738025182678218, 0.5841261323175518, 0.5184797749552326], [0.7553201764179858, 0.7378650855650795, 0.8629529253854822, 0.6760727920049662, 0.7485514595364863, 0.6941195272579487, 0.8164883564225648, 0.7102998524727325, 0.8183456537905116, 0.7603365248447866, 0.7404849530691533, 0.7571018230944048, 0.8183615080122526, 0.6933146106903806, 0.5770438522611161, 1.0, 0.5373636381536119, 0.8061785368306179, 0.6899968761564804, 0.5451010275185517, 0.6455128761049884, 0.7423768400386834, 0.7105306346310079, 0.6534128692012598, 0.6950064292789195, 0.6313683295190262, 0.608837016640171, 0.7566077010513542, 0.6736876177811152, 0.6315873583689239, 0.7015171175993447, 0.7682995430022665, 0.6916197139205441, 0.734231194529511, 0.7104529130471795, 0.7699878766933512, 0.6706409494247408, 0.6883034398612682, 0.6207179355618291, 0.7074840955100195, 0.6684746290108781, 0.7327992340851978, 0.7591532548865233, 0.7859277265015582, 0.5892779988292431, 0.5665464454692123, 0.6741153908511978, 0.6182393922354397, 0.6595559918647307, 0.6520426726849206, 0.6330151814027427, 0.7539260478639511, 0.6533771717527211, 0.7118020067965921, 0.6350038858195995, 0.6631362839970757, 0.6510343787909609, 0.5969910955850266, 0.7249720176665961, 0.565219635000335, 0.564073321539168, 0.6561575331708962, 0.6934289223190268, 0.7229616772081531, 0.8073760764120592, 0.7899066916192813, 0.7359225052577977, 0.7179802571434193, 0.748508202397247, 0.7328421271164727, 0.8188824902449439, 0.7731199065786278, 0.7337689024658598, 0.5994756065727755, 0.7754470229341738, 0.683346501488472, 0.7248562037904801, 0.7799610559431527, 0.7436444638126419, 0.6714356897366229, 0.7783555336628648, 0.6866344064569729, 0.7200577506586782, 0.6990954186583335, 0.7177686985759141, 0.743481473456948, 0.7296346891487793, 0.7180962883521117, 0.7062963031315905, 0.6849383425141549, 0.6570257283474876, 0.7301738681996429, 0.7089790315435791], [0.54714847950092, 0.4793634330436264, 0.5132758810947484, 0.5794048948478168, 0.5211030172427003, 0.5239557205224129, 0.5314253839466386, 0.6178052346847661, 0.5672635271671753, 0.5370388501248881, 0.5662656514104704, 0.4710733783331631, 0.6317989242710615, 0.5441567367044347, 0.3068083807342781, 0.5373636381536119, 1.0, 0.5345863401344186, 0.6475918164282352, 0.5597689920608921, 0.536093943624004, 0.5511864804108623, 0.48316831221382905, 0.5464721259629103, 0.5434794050254261, 0.6550980661835352, 0.46562527921835173, 0.6835013410473219, 0.4564205919653628, 0.5534063089895559, 0.6072457200615737, 0.5432981814178605, 0.42773529667587495, 0.5908694303579992, 0.4721662347795861, 0.5202482940252224, 0.5832143945012995, 0.5882967375734355, 0.5107172896446797, 0.42655933731292484, 0.3729135131413346, 0.5949506135688706, 0.5534886364759056, 0.44074124346928645, 0.4528731611534519, 0.49838065411556776, 0.5232661328835868, 0.4538345829729262, 0.4697133599574089, 0.5206715602931784, 0.34013167823105794, 0.5162842472470544, 0.5113243105625651, 0.49338122122167805, 0.5709278329705899, 0.4116640228045876, 0.5443298300051697, 0.5372315722477655, 0.663141369510372, 0.450692952368125, 0.4672058984302119, 0.5778552585852049, 0.4943688700747637, 0.5699449481371801, 0.511185090740993, 0.5712778160580416, 0.5604020734244824, 0.5276989953041044, 0.4658973991180754, 0.6162436422775297, 0.5226238385211317, 0.6656570652116393, 0.621255479302321, 0.5079494009399592, 0.5345920969915643, 0.5442656634767543, 0.605921699337471, 0.4635585021416997, 0.6301687471246511, 0.44969519094192645, 0.5594131393899668, 0.5564222776274752, 0.4197491933992674, 0.5049515296146492, 0.45835522150180197, 0.5205491286483424, 0.46259312790877405, 0.4782926379594432, 0.5437260976101951, 0.49814253316988755, 0.46634144422273094, 0.5221805261125466, 0.48312123658605044], [0.6905371581441871, 0.6400035969119866, 0.8095265389706411, 0.6841462311267409, 0.7711750002569344, 0.7418449449388321, 0.7739780243029794, 0.7305461897361625, 0.7720028180886104, 0.8003821322530267, 0.7615619439819128, 0.6759751817022182, 0.8541818820865457, 0.6456456249667167, 0.4306446384175425, 0.8061785368306179, 0.5345863401344186, 1.0, 0.6502504292582493, 0.6063229377302506, 0.811439697092703, 0.6087564852575303, 0.5692954231992343, 0.6418797983853797, 0.6907801505188426, 0.5348505786864453, 0.5378336667100503, 0.7284441814439695, 0.6215924444591372, 0.5762566704707213, 0.627406487252486, 0.8104176051622384, 0.6573415658679697, 0.7289309766871398, 0.6594801828923263, 0.6975381365114932, 0.6899417927027538, 0.6489823985307257, 0.5227435549417122, 0.7103478925337187, 0.618097979327145, 0.7266657407539499, 0.6062032015479215, 0.7762612922221416, 0.5445814490691451, 0.5924708181400684, 0.6711748128963249, 0.5685787629732165, 0.5949995509960178, 0.6259264352862248, 0.4936637848377726, 0.6832266916075441, 0.5506882183361385, 0.6686930042671017, 0.5421933259594522, 0.5521105097030451, 0.6298399861899735, 0.5720830074970148, 0.5690901996401592, 0.48285464205802775, 0.5832565150688046, 0.6511279249400095, 0.7298187491372965, 0.7453868158034412, 0.8886772377736348, 0.767881427049128, 0.7646381949499855, 0.7331782416639465, 0.7663752543586156, 0.7528567892721534, 0.7720712168769183, 0.7519428155727184, 0.7483569760406554, 0.6175632715648082, 0.7619324506368704, 0.6483057662346113, 0.7055853265284444, 0.7311774826440036, 0.7381546103764816, 0.7085961499214242, 0.6808570113479608, 0.7823026793765505, 0.8165560734032189, 0.7214768598963375, 0.6498473001904436, 0.7450609646155935, 0.715471651513757, 0.5799803090664335, 0.6660073049972681, 0.6461349229101652, 0.6212313184078174, 0.6956931134660643, 0.7913895132574289], [0.7134210213975548, 0.5775492808019345, 0.6539510624979611, 0.674935330571216, 0.5386295207044761, 0.6703730755184086, 0.6126526569928362, 0.6952205883957151, 0.6496871603957961, 0.6285626930985663, 0.605227885341792, 0.6290420910567909, 0.6813774599867403, 0.5606716106386647, 0.5187786757761456, 0.6899968761564804, 0.6475918164282352, 0.6502504292582493, 1.0, 0.6465266678452513, 0.6178426235889906, 0.6890698346459314, 0.6250013130677589, 0.6872240736621796, 0.7244606707235113, 0.6614065083747016, 0.5515550228974285, 0.694017693012814, 0.595382277421297, 0.5568784000745084, 0.5927811014782522, 0.598814181621277, 0.6307943863993908, 0.7349412601108063, 0.618713969454787, 0.5721109413659469, 0.604227775137199, 0.6012195083537749, 0.6328558518782532, 0.5950318614982598, 0.5025230021486734, 0.7283199104814525, 0.5999100366013181, 0.5468569851258874, 0.5603160957082925, 0.45654903354869325, 0.6477310278728855, 0.5672925102609534, 0.6313922396758986, 0.6272985691923586, 0.4095260995432466, 0.6232971717297121, 0.5585331201184989, 0.6729880397998026, 0.5354450040475781, 0.6254253429396833, 0.6510675554523312, 0.5489411300558711, 0.7249769658279053, 0.5713563594676091, 0.5858278434057798, 0.6400517437504618, 0.602083718217161, 0.6571133572163835, 0.6882307689537105, 0.696645444614011, 0.6870652971466071, 0.7433885589612927, 0.6489891130387264, 0.6835359907419952, 0.7266076899263283, 0.7232279157763735, 0.7601142286650211, 0.5797446442761736, 0.7105803293690296, 0.6703775564158145, 0.6341799516828474, 0.6896228437416433, 0.7457373137658491, 0.6139744108788807, 0.7469411380482622, 0.7332641326889127, 0.6481144069200537, 0.7002145229874669, 0.6192161889783417, 0.627492072287478, 0.6744175338138249, 0.5740222155727193, 0.5902853767169478, 0.5756601188019325, 0.5567461300728714, 0.5833166383961984, 0.618178631598554], [0.7615642836623479, 0.6503023038526141, 0.6055694532627665, 0.6565943940994492, 0.5930547601701757, 0.658432990656073, 0.5665840057568978, 0.6610847174496877, 0.6471008074180646, 0.5755619529356694, 0.6337242294036928, 0.6096167454859697, 0.6115458332519784, 0.627118930294621, 0.5263846535599357, 0.5451010275185517, 0.5597689920608921, 0.6063229377302506, 0.6465266678452513, 1.0, 0.5811831715032553, 0.5936226422669624, 0.6458168963165111, 0.6653406809582335, 0.6534773807164826, 0.6698372661941765, 0.5388706221801649, 0.5634072430305709, 0.6711453420646025, 0.624396444115096, 0.6503536214168997, 0.5990583927638107, 0.5341221264261252, 0.6696568235937637, 0.5845725293489347, 0.6158667959747351, 0.650959625067299, 0.6049678600639542, 0.5492546449917272, 0.5484234357218774, 0.4632152360317854, 0.648363072278027, 0.5841751128896152, 0.5441517443446799, 0.5221872841334423, 0.5191545984227877, 0.6351618507177728, 0.5530210531940964, 0.6230543190355766, 0.5740186982270185, 0.6740941453104375, 0.5786883386244056, 0.5376627736090254, 0.6494908611582273, 0.48225504930618146, 0.5427838841473039, 0.6762911949789155, 0.7069938853665403, 0.5674700963535475, 0.6150981326115741, 0.6449402049168353, 0.6376013686768207, 0.5267859997990672, 0.7231662126109029, 0.6705934193048857, 0.6705471953833843, 0.6210002522815755, 0.7497305211941411, 0.5872716122515745, 0.6958144604194313, 0.6446131149267345, 0.6658062336778339, 0.705432768689861, 0.6490516706263677, 0.5912988225966725, 0.6347337589899433, 0.6656831906955892, 0.6250146074619753, 0.6897716208084221, 0.5748243262299618, 0.6152853180318038, 0.6728350603892749, 0.7258891604819807, 0.7015987522565578, 0.6112472088802425, 0.6240864084952349, 0.5929681071001972, 0.5426667673879427, 0.5391631953999547, 0.6717512126680311, 0.5849105176240997, 0.6511123126472137, 0.6457997543225585], [0.6998173623736372, 0.5754743384991385, 0.7078731967900975, 0.7512879471779191, 0.738010870153764, 0.7072318475341958, 0.6876937741079485, 0.6238990476861583, 0.6185037698735542, 0.8101730765797877, 0.7437391533965501, 0.7057229887877425, 0.7451580651270941, 0.5114453995154553, 0.46854821596038887, 0.6455128761049884, 0.536093943624004, 0.811439697092703, 0.6178426235889906, 0.5811831715032553, 1.0, 0.6000091546238573, 0.6094761195877663, 0.6135900414826714, 0.5812011488918952, 0.6032320129274331, 0.5024673305379412, 0.6747156645009518, 0.6684509946181835, 0.6513288488459463, 0.6472912368269191, 0.742176509022298, 0.7507051119891499, 0.7715902641745617, 0.6507474007958062, 0.7013744544932775, 0.6937903039371869, 0.6759026159589655, 0.6338778494234731, 0.6735657814924657, 0.6360710389778359, 0.7651762613585964, 0.5025507731714197, 0.6890535154018401, 0.6220901572312563, 0.6287816736129808, 0.6154349772467178, 0.6505972872436945, 0.5712043791444168, 0.5715999992595651, 0.5733883309098188, 0.7018015886449865, 0.5431916804239045, 0.6551905090195435, 0.5925690695265537, 0.5773044375846073, 0.7348442281953711, 0.6315861790924521, 0.5173521343654962, 0.5938964212456668, 0.7005016821736587, 0.7196688105171747, 0.783324398685747, 0.6822413095166551, 0.7770351372092982, 0.7400341840160616, 0.7710448576122121, 0.7503418018178087, 0.7177463310840388, 0.7069089295834257, 0.7415070095849722, 0.7386998314197774, 0.7327982335395883, 0.6557098440670999, 0.7295603719985494, 0.570298276692294, 0.6647272484937513, 0.7001415077615208, 0.7133046220927879, 0.664920851901655, 0.6112308788183086, 0.828472924801141, 0.7746877085731104, 0.8013340741024667, 0.7016786785773618, 0.7988380559744843, 0.7115775245045252, 0.6559109091454013, 0.6821736675085073, 0.6546948353518319, 0.7541814519751238, 0.7472600558620605, 0.7834862459707392], [0.7305818857923585, 0.5959001804047563, 0.7008397261240276, 0.6156290883862032, 0.6574039455066404, 0.6171923118246939, 0.6335591111202734, 0.6271569485084313, 0.6948507783655633, 0.6415270702441419, 0.6930392382680238, 0.6062694485677829, 0.6819795820135859, 0.6916289330572476, 0.5498491396998219, 0.7423768400386834, 0.5511864804108623, 0.6087564852575303, 0.6890698346459314, 0.5936226422669624, 0.6000091546238573, 1.0, 0.8089162825333435, 0.7416899769314226, 0.7165383911247608, 0.7398813222735452, 0.6877719948110785, 0.7239100764702394, 0.653316851368299, 0.5808451005101298, 0.7944060454946941, 0.5952051377123603, 0.6071784635404844, 0.6418429412982005, 0.5799382789040686, 0.629436606440057, 0.6305840006091494, 0.6180633565269679, 0.5925361566355527, 0.6293565165882334, 0.5601355946352063, 0.6873138937578663, 0.5499093822132777, 0.6864341916838633, 0.5054299707235248, 0.6398987471243789, 0.6654451014131975, 0.6108322352676496, 0.6052250656472408, 0.530475067740329, 0.5703069293126024, 0.618355770443793, 0.5474652245597187, 0.6301363830598521, 0.5415257266183142, 0.5633648732269485, 0.5182474178350126, 0.5698758131587265, 0.7844983514397346, 0.5807332545247916, 0.5697318028626054, 0.6541574191679032, 0.6114150001013916, 0.7455898704399725, 0.6796066156292171, 0.776147117476852, 0.6910942687538716, 0.7354945684964478, 0.7107271602848605, 0.65493867665496