"[[1.0, 0.997641870988992, 0.9976556349223, 0.9966190536918587, 0.9976492806691764, 0.9976474436810007, 0.9976551254847827, 0.9976425247554266, 0.9976533761431978, 0.9976543596443816, 0.9976417227440495, 0.8427580356339952, 0.9976499689521935, 0.9976478764190149, 0.0013794281390947516, 0.9976495599345948, 0.06995725015621479, 0.9976485491725422, 0.9976451207871442, 0.9747129479107342, 0.9976485609888053, 0.9976435435502788, 0.9313267317562984, 0.9987889252687028, 0.9976402779515685, 0.12171019697556162, 0.0013696158166337513, 0.8415026652790187, 0.9976414050268403, 0.7911998588684122, 0.9976466967895962, 0.7755226594575472, 0.9934102177500955, 0.9976525025628762, 0.9976720997548619, 0.9976412342192194, 0.9976568631642654, 0.9661752453203001, 0.9976427560784498, 0.9976527997707003, 0.9976518677484021, 0.9680724760713935, 0.997653847578253, 0.99765638061097, 0.0013957400438493472, 0.0014856750782501482, 0.9976501876515976, 0.0013662834875539653, 0.993472577193204, 0.07000106346170609, 0.9364806400260375, 0.997653965435837, 0.003652256077489646, 0.9976424349179018, 0.9787497108467886, 0.84956044129083, 0.011439355791217243, 0.9956065781191666, 0.9814940036291377, 0.9496927884609674], [0.997641870988992, 1.0, 0.9999999448424074, 0.9989608015793766, 0.9999999786368855, 0.9999999898906031, 0.9999999420903616, 0.9999999998665795, 0.9999999591312302, 0.9999999519154829, 0.9999999999793627, 0.8447000971358053, 0.9999999806221685, 0.9999999891430681, 0.001319069768059955, 0.9999999825930189, 0.00132592255495112, 0.999999987560606, 0.9999999970414478, 0.9770065649264236, 0.9999999849385816, 0.999999999451251, 0.9162340278933327, 0.993056805199779, 0.9999999987437759, 0.12192000795554203, 0.0012929764912066322, 0.8434519890201657, 0.9999999999733987, 0.7930224205828423, 0.9999999927953688, 0.7772726930611766, 0.9832012214687945, 0.9999999594356722, 0.9999996988360054, 0.999999999764342, 0.9999999255886628, 0.9684288671199044, 0.9999999995296756, 0.9999999671683086, 0.9999999690866931, 0.9703383415002214, 0.9999999552102229, 0.9999999296032417, 0.0013338651756575892, 0.0014191429757417495, 0.9999999769508313, 0.0013063513592647125, 0.9833006223799247, 0.0013698448935220986, 0.938672483218369, 0.9999999553398906, 0.0035804025036676457, 0.9999999994580976, 0.9623675997249596, 0.8515237438738703, 0.0114030371799132, 0.9979532546886626, 0.9837988600336411, 0.9519175963292165], [0.9976556349223, 0.9999999448424074, 1.0, 0.99896967904269, 0.9999999915251673, 0.9999999818969203, 0.9999999998047562, 0.9999999489836251, 0.9999999988776208, 0.9999999997303389, 0.9999999431954802, 0.8447959829033694, 0.9999999908038214, 0.9999999828382322, 0.0015138088951637263, 0.999999989385084, 0.0015273489779865645, 0.9999999847823463, 0.9999999673036358, 0.9770480140087081, 0.9999999872652897, 0.9999999547596569, 0.9163404046231114, 0.9930804460111041, 0.9999999273719385, 0.12209781250020657, 0.0014721313391578006, 0.8435481672766381, 0.9999999438791504, 0.7931315127524573, 0.9999999774591993, 0.7773954316597224, 0.9832379321292218, 0.9999999984450767, 0.9999999011970744, 0.9999999385755827, 0.9999999984238044, 0.9684735319333901, 0.9999999527651809, 0.9999999970983892, 0.9999999964485187, 0.9704021503721388, 0.99999999941701, 0.9999999988904276, 0.001528611698736082, 0.0016139179750225274, 0.9999999927588717, 0.001501088095870129, 0.9833372382594378, 0.0015712866354392618, 0.9387341724592059, 0.9999999993848963, 0.003759561040427517, 0.999999951577833, 0.9624222749674818, 0.8516176497091857, 0.0115977623421043, 0.9979646672122008, 0.9838309295720594, 0.9519772033831104], [0.9966190536918587, 0.9989608015793766, 0.99896967904269, 1.0, 0.998967272362132, 0.9989645975115725, 0.9989698801334678, 0.9989614055035371, 0.9989683499733139, 0.9989691478236281, 0.9989605253630693, 0.8439312747069725, 0.9989663237255928, 0.9989650526829948, 0.046894760566799865, 0.9989659708095523, 0.0015440330140075176, 0.9989650329218063, 0.9989630657402054, 0.9857087055128134, 0.9989659096279564, 0.9989617533442902, 0.9153927603169388, 0.9920504535482064, 0.9989595712152534, 0.12198578424842599, 0.0014863108020372051, 0.8426779678064952, 0.9989607900639873, 0.7923166943158855, 0.9989642345841946, 0.8051405859372487, 0.982219273911831, 0.9989693543040927, 0.9989815878206462, 0.9989599094215954, 0.9989713756878865, 0.9674773237923802, 0.9989620680651677, 0.998967601977073, 0.9989678192345648, 0.9777876985557811, 0.9989690911197874, 0.9989714348666843, 0.04690954551724391, 0.04699475131318209, 0.9989672993410248, 0.04688205425183811, 0.9823199767419551, 0.001589841642363199, 0.9377602743172587, 0.9989686166011246, 0.003772070995225363, 0.9989622483341534, 0.9614262988118506, 0.8507433564841569, 0.056965324383576155, 0.9969301712096711, 0.9828121862423334, 0.9648911012966455], [0.9976492806691764, 0.9999999786368855, 0.9999999915251673, 0.998967272362132, 1.0, 0.9999999976573646, 0.9999999904642503, 0.9999999812811792, 0.9999999962975855, 0.9999999941542331, 0.9999999775170262, 0.8447562518261419, 0.9999999997250608, 0.9999999981154496, 0.0014608153023433212, 0.9999999995540617, 0.0014342515158991542, 0.9999999984901, 0.9999999914760247, 0.9770367558933977, 0.9999999993893233, 0.9999999845571851, 0.9162939085728458, 0.9930695275982937, 0.9999999673688043, 0.12202411812841496, 0.0013978762398423328, 0.8435083122428947, 0.9999999781207285, 0.7930863055211141, 0.999999996148958, 0.7773620030017554, 0.983220972767535, 0.9999999969069312, 0.9999998367046175, 0.999999974417762, 0.9999999834848942, 0.9684550324907303, 0.9999999837257965, 0.9999999982128966, 0.9999999988915788, 0.9703808398207154, 0.9999999953741369, 0.9999999855261236, 0.001475614821646154, 0.0015609086079635404, 0.9999999999118775, 0.0014480955584391664, 0.9833203242599733, 0.0014781839964751464, 0.9387086125763597, 0.9999999951026639, 0.0036853047841847175, 0.999999983156788, 0.9623970115787358, 0.8515787385174899, 0.011544772905491052, 0.9979599486420347, 0.9838176486905645, 0.9519610005066408], [0.9976474436810007, 0.9999999898906031, 0.9999999818969203, 0.9989645975115725, 0.9999999976573646, 1.0, 0.9999999803721632, 0.9999999915290992, 0.9999999896657584, 0.9999999858813468, 0.9999999891861459, 0.8447441222315913, 0.9999999984232066, 0.9999999998934561, 0.0014020430835353093, 0.9999999989540597, 0.0014073000238670197, 0.9999999998241266, 0.999999997759346, 0.9770242383441738, 0.9999999994197796, 0.9999999937430865, 0.9162800903154938, 0.993066368375538, 0.9999999816192812, 0.1220016270876837, 0.0013752132820747942, 0.8434961509924715, 0.9999999895108005, 0.7930725090102066, 0.9999999997057197, 0.7773250008172539, 0.983216064770584, 0.9999999896309244, 0.9999997990719514, 0.9999999871142748, 0.9999999703170761, 0.9684493816402234, 0.9999999929523272, 0.9999999933961674, 0.9999999942555982, 0.9703664599422401, 0.999999987610889, 0.9999999727731091, 0.0014168416364463976, 0.001502131727722733, 0.9999999971612435, 0.0013893236506293816, 0.983315427907064, 0.0014512291257783305, 0.9387008159529047, 0.9999999877144032, 0.0036626408244270214, 0.9999999923947196, 0.9623897001512609, 0.8515668612516994, 0.011486004691483198, 0.9979585080516801, 0.9838135955187477, 0.9519430060303239], [0.9976551254847827, 0.9999999420903616, 0.9999999998047562, 0.9989698801334678, 0.9999999904642503, 0.9999999803721632, 1.0, 0.9999999461987199, 0.9999999984932635, 0.9999999994911821, 0.9999999404310118, 0.8448054958268373, 0.9999999895108508, 0.9999999811592608, 0.0015182537536676532, 0.9999999880345066, 0.0015199696161961596, 0.999999983191944, 0.9999999650448876, 0.9770489585834722, 0.9999999858898393, 0.9999999520712184, 0.9163440950963202, 0.993079575322138, 0.999999924041173, 0.12211545774178001, 0.0014899094452399675, 0.8435577155841026, 0.999999941223458, 0.7931423409627635, 0.999999975621329, 0.7773982346584075, 0.9832365825431947, 0.9999999980065786, 0.9999999050270447, 0.9999999357686967, 0.9999999989309917, 0.9684779606877064, 0.9999999500811074, 0.999999996216137, 0.9999999956122484, 0.9704057343432086, 0.9999999990433368, 0.9999999992198024, 0.001533056674134281, 0.0016183638464523087, 0.999999991617049, 0.0015055328983708538, 0.9833358934521039, 0.001563908170212125, 0.9387403002038474, 0.9999999991038578, 0.0037773390445170474, 0.9999999488514526, 0.9624202662949517, 0.8516269686432738, 0.01160220689887248, 0.9979658013188475, 0.983834114043546, 0.9519785623036037], [0.9976425247554266, 0.9999999998665795, 0.9999999489836251, 0.9989614055035371, 0.9999999812811792, 0.9999999915290992, 0.9999999461987199, 1.0, 0.999999962590541, 0.9999999557327773, 0.9999999997455126, 0.844699471415277, 0.9999999830900657, 0.9999999909841698, 0.0013322933326141984, 0.9999999849060196, 0.0013354545013675168, 0.9999999894780759, 0.9999999979706137, 0.9770093837870527, 0.9999999871038766, 0.9999999998142134, 0.9162360530197613, 0.9930579263020854, 0.9999999980784058, 0.12191884299461087, 0.00129180320557587, 0.8434513575704117, 0.9999999997690714, 0.7930217055114396, 0.9999999942493747, 0.7772810178047809, 0.9832029610749109, 0.999999963082749, 0.9999997084825798, 0.9999999992870409, 0.9999999303527384, 0.9684285777397685, 0.9999999998829936, 0.9999999703618079, 0.9999999722190803, 0.9703406037828881, 0.9999999589518924, 0.9999999343326477, 0.001347088935840235, 0.0014323673118952218, 0.9999999797277915, 0.001319574867897133, 0.9833023572688439, 0.0013793773499352069, 0.9386720766087023, 0.9999999589495868, 0.003579229514829807, 0.9999999998260113, 0.9623701897078498, 0.8515231296981115, 0.011416259860438926, 0.9979531801839425, 0.9837986498967667, 0.9519216473759294], [0.9976533761431978, 0.9999999591312302, 0.9999999988776208, 0.9989683499733139, 0.9999999962975855, 0.9999999896657584, 0.9999999984932635, 0.999999962590541, 1.0, 0.9999999996938412, 0.9999999577343188, 0.8447868190562636, 0.9999999959192433, 0.9999999902510314, 0.0014845030495159728, 0.9999999949902286, 0.0014942190517703846, 0.9999999917269888, 0.9999999779782266, 0.9770417819864439, 0.9999999935134397, 0.9999999674884044, 0.9163267606287946, 0.9930765629170505, 0.9999999438172769, 0.12208081184121855, 0.0014550000147135478, 0.8435389791462047, 0.9999999583541955, 0.7931210884366358, 0.9999999861655103, 0.7773769712017826, 0.9832318992421624, 0.9999999995779194, 0.9999998798047258, 0.9999999537779827, 0.9999999949604674, 0.968469266146109, 0.9999999657766383, 0.9999999994524121, 0.9999999991854635, 0.9703940822948351, 0.9999999998426865, 0.9999999958505766, 0.0014993048335023573, 0.001584607410522687, 0.999999997062499, 0.001471782570442337, 0.9833312215198523, 0.0015381547959851805, 0.9387282840819301, 0.9999999999140031, 0.0037424290945219374, 0.9999999647180723, 0.962413286728995, 0.8516086766619355, 0.011568458659820924, 0.9979635842393998, 0.983827871511071, 0.9519682388707831], [0.9976543596443816, 0.9999999519154829, 0.9999999997303389, 0.9989691478236281, 0.9999999941542331, 0.9999999858813468, 0.9999999994911821, 0.9999999557327773, 0.9999999996938412, 1.0, 0.9999999503803113, 0.844792061024952, 0.9999999935173652, 0.9999999866500088, 0.0015020863816551655, 0.9999999923288256, 0.0015086606360042998, 0.9999999883490985, 0.9999999726570167, 0.977045522765709, 0.9999999905489128, 0.9999999610722542, 0.9163334339089908, 0.9930782546051637, 0.9999999354503764, 0.12209053609081533, 0.001464798808440193, 0.8435442355599843, 0.9999999510623602, 0.7931270517722073, 0.9999999818875163, 0.7773880446669028, 0.9832345280327426, 0.9999999993413783, 0.9999998913734272, 0.9999999460653821, 0.9999999971012892, 0.9684717064666912, 0.999999959256243, 0.9999999984664609, 0.999999998045777, 0.9703988499268229, 0.9999999999172662, 0.9999999977821351, 0.001516888646966752, 0.0016021930210260438, 0.9999999951280701, 0.0014893657493723067, 0.9833338435197074, 0.001552597509999254, 0.938731653332372, 0.9999999999131047, 0.0037522282187795186, 0.9999999581483805, 0.9624172036530177, 0.8516138097421058, 0.011586040728388758, 0.9979642045617894, 0.9838296215684484, 0.9519736187801262], [0.9976417227440495, 0.9999999999793627, 0.9999999431954802, 0.9989605253630693, 0.9999999775170262, 0.9999999891861459, 0.9999999404310118, 0.9999999997455126, 0.9999999577343188, 0.9999999503803113, 1.0, 0.8447000477388333, 0.999999979607403, 0.9999999883651534, 0.0013130176506520597, 0.999999981638369, 0.0013237607404799068, 0.9999999867635789, 0.9999999966166042, 0.9770052746431952, 0.9999999840239214, 0.99999999925168, 0.916233457599186, 0.9930565508967921, 0.9999999989379699, 0.12191991812120695, 0.0012928858399986476, 0.8434519406801358, 0.9999999999685987, 0.7930223654038415, 0.9999999921640286, 0.7772688838652283, 0.9832008268984976, 0.9999999579334996, 0.9999996950401051, 0.9999999998820098, 0.9999999236728504, 0.9684288433464656, 0.9999999993131994, 0.9999999658916235, 0.9999999678107084, 0.9703372083688948, 0.9999999536996753, 0.9999999276960516, 0.001327813008394907, 0.0014130906503322382, 0.9999999757988821, 0.001300299256551507, 0.9833002287644353, 0.0013676828202826563, 0.9386724526356278, 0.99999995388816, 0.003580311739442399, 0.9999999992279911, 0.9623670123450788, 0.8515236959115671, 0.011396985458642539, 0.9979532486193312, 0.9837988436329481, 0.9519157422014782], [0.8427580356339952, 0.8447000971358053, 0.8447959829033694, 0.8439312747069725, 0.8447562518261419, 0.8447441222315913, 0.8448054958268373, 0.844699471415277, 0.8447868190562636, 0.844792061024952, 0.8447000477388333, 1.0, 0.8447542809694879, 0.8447395552232854, 0.0018889677566514829, 0.8447522458746436, 0.001891381776832901, 0.8447444730753002, 0.844718924768398, 0.8254194599900495, 0.8447484207842579, 0.8447046803146502, 0.9411027602659312, 0.838930130402971, 0.8446810699396763, 0.6342327864783451, 0.5363316051196884, 0.9999972684387701, 0.8447015145872178, 0.9959302040635151, 0.8447333187310379, 0.6574479696809673, 0.8306528920823802, 0.8447794028561568, 0.8449359406013492, 0.8446989793751246, 0.8448161731467375, 0.9514619195959222, 0.8447013244542657, 0.8447721340822639, 0.8447698468061087, 0.9030199641772788, 0.8447865073722686, 0.844809072808494, 0.001910030258135187, 0.002024850446190052, 0.8447566910804105, 0.001875052634042862, 0.8307567368549812, 0.0019498253631803353, 0.977452796011221, 0.8447910702706372, 0.538260813267146, 0.8446984758114394, 0.8131038185308451, 0.9999170505707747, 0.010406348315268432, 0.8771985403857994, 0.9269705376677716, 0.8043189253684019], [0.9976499689521935, 0.9999999806221685, 0.9999999908038214, 0.9989663237255928, 0.9999999997250608, 0.9999999984232066, 0.9999999895108508, 0.9999999830900657, 0.9999999959192433, 0.9999999935173652, 0.999999979607403, 0.8447542809694879, 1.0, 0.9999999987669009, 0.0014399336361783366, 0.9999999999448859, 0.00144424301130186, 0.9999999992159492, 0.9999999927740787, 0.9770323053510519, 0.9999999996877337, 0.9999999863213325, 0.9162952717333827, 0.9930707049860176, 0.9999999698113234, 0.12202046278083845, 0.0013941930412072479, 0.843506335775216, 0.9999999800331805, 0.7930840632581558, 0.9999999970449311, 0.7773488700999914, 0.9832227985278857, 0.9999999959898908, 0.9999998319275453, 0.9999999767256542, 0.9999999820246399, 0.9684541148328835, 0.9999999852525041, 0.999999998194004, 0.9999999986520276, 0.97037640758934, 0.9999999947263765, 0.9999999840168627, 0.0014547333237935334, 0.001540027529173038, 0.9999999997545143, 0.0014272138470117213, 0.983322143827716, 0.0014881744620733883, 0.9387073453524692, 0.999999994658994, 0.003681621373720634, 0.9999999845728065, 0.9623997292022108, 0.8515768083552032, 0.011523892564807348, 0.9979597146109753, 0.9838169900886123, 0.951954605298803], [0.9976478764190149, 0.9999999891430681, 0.9999999828382322, 0.9989650526829948, 0.9999999981154496, 0.9999999998934561, 0.9999999811592608, 0.9999999909841698, 0.9999999902510314, 0.9999999866500088, 0.9999999883651534, 0.8447395552232854, 0.9999999987669009, 1.0, 0.0014120498456344777, 0.9999999992148307, 0.0014136187514515175, 0.9999999999095067, 0.999999997505645, 0.9770263712231627, 0.9999999996363176, 0.9999999932844179, 0.9162790123005103, 0.993067110833665, 0.9999999807611548, 0.12199315571770897, 0.0013666786334117775, 0.8434915647579809, 0.9999999886953541, 0.7930673090260374, 0.9999999996234827, 0.7773312937166551, 0.9832172172723153, 0.9999999904757404, 0.9999998019651998, 0.9999999861304381, 0.999999971425471, 0.96844725563249, 0.999999992544519, 0.9999999939974856, 0.9999999948554453, 0.9703669821876181, 0.9999999884083138, 0.9999999739630212, 0.0014268484042594398, 0.001512138257614315, 0.9999999977017382, 0.0013993304216008973, 0.9833165770292192, 0.0014575479349694387, 0.9386978710350947, 0.999999988345141, 0.003654106433815252, 0.999999992042828, 0.9623914166516943, 0.8515623865622124, 0.011496010788499156, 0.9979579620127357, 0.9838120649710108, 0.9519460710334301], [0.0013794281390947516, 0.001319069768059955, 0.0015138088951637263, 0.046894760566799865, 0.0014608153023433212, 0.0014020430835353093, 0.0015182537536676532, 0.0013322933326141984, 0.0014845030495159728, 0.0015020863816551655, 0.0013130176506520597, 0.0018889677566514829, 0.0014399336361783366, 0.0014120498456344777, 1.0, 0.0014321796931942021, 0.0012887253358739859, 0.0014115886061539795, 0.0013685394219790092, 0.21449776608962734, 0.0014308588796454469, 0.0013398527199404153, 0.0018136833740903802, 0.001457150649158634, 0.0012922908242416487, 0.001386942213223219, 0.0012535581683418284, 0.00173939652435251, 0.0013188336325364869, 0.0018040072476310787, 0.0013941158162233958, 0.6301878379000714, 0.0015259136602061574, 0.001506619048021629, 0.0017788432004660626, 0.0012995390904859683, 0.0015512790539079502, 0.0017275361250174148, 0.0013468156376366114, 0.0014680279044285705, 0.001472813558309416, 0.18638007153214287, 0.0015008278012610399, 0.001552554515436344, 0.9999999995075456, 0.9999999860417578, 0.001461395055153747, 0.9999999998795213, 0.0015586546989936334, 0.0013310518538099947, 0.0015852368894688773, 0.0014903817980088663, 0.0012721669732387308, 0.0013508050235025992, 0.0016004806462696086, 0.0018330133808235338, 0.9999491547358085, 0.0014301063916025702, 0.0015393616026740942, 0.30760956916789817], [0.9976495599345948, 0.9999999825930189, 0.999999989385084, 0.9989659708095523, 0.9999999995540617, 0.9999999989540597, 0.9999999880345066, 0.9999999849060196, 0.9999999949902286, 0.9999999923288256, 0.999999981638369, 0.8447522458746436, 0.9999999999448859, 0.9999999992148307, 0.0014321796931942021, 1.0, 0.0014382518916885578, 0.9999999995739435, 0.9999999939454908, 0.9770306545093169, 0.9999999998673228, 0.9999999879531689, 0.9162925842844676, 0.9930700021744998, 0.9999999722626924, 0.12201668900278129, 0.0013903904116528976, 0.843504295273753, 0.9999999820363997, 0.7930817484126403, 0.9999999977788813, 0.7773439865755403, 0.9832217069674171, 0.9999999950181784, 0.999999826010311, 0.999999978911055, 0.9999999800642324, 0.9684531668262123, 0.9999999869227337, 0.9999999975473577, 0.9999999980658304, 0.9703743845858448, 0.9999999936317548, 0.99999998213919, 0.001446979185337982, 0.001532272666221579, 0.9999999994967955, 0.0014194599660320995, 0.9833210550789497, 0.0014821828647736401, 0.9387060371766016, 0.9999999936027305, 0.003677818596073301, 0.9999999862602515, 0.9623981032746569, 0.8515748155829163, 0.011516139164933659, 0.9979594730141985, 0.983816310105595, 0.951952231699616], [0.06995725015621479, 0.00132592255495112, 0.0015273489779865645, 0.0015440330140075176, 0.0014342515158991542, 0.0014073000238670197, 0.0015199696161961596, 0.0013354545013675168, 0.0014942190517703846, 0.0015086606360042998, 0.0013237607404799068, 0.001891381776832901, 0.00144424301130186, 0.0014136187514515175, 0.0012887253358739859, 0.0014382518916885578, 1.0, 0.001423444309919475, 0.0013733356711981282, 0.0015225961910662056, 0.0014236621764315283, 0.0013503078363391596, 0.25262021731205997, 0.11895241354398767, 0.0013027177340170226, 0.0013771069096268906, 0.001246882684734607, 0.0017411453756284168, 0.0013191340521561123, 0.0017946158470962814, 0.0013963711069205909, 0.0024660650737841072, 0.1838284400975264, 0.001481493491773067, 0.0017709334622911799, 0.001316641056198109, 0.0015455409153060096, 0.0017430293435366506, 0.0013388353015777454, 0.001485696282605642, 0.0014720902968388128, 0.001691819134034711, 0.0015011506690630894, 0.0015384511610889717, 0.001311349844867582, 0.0013822549833613085, 0.0014474909502589783, 0.001282060689528297, 0.18329231123517453, 0.9999999973495325, 0.0015892759357106767, 0.001502862889054768, 0.0012587836024168242, 0.0013341580617822757, 0.27302677782947393, 0.0018244563204778963, 0.0012982776502781235, 0.0014251395032919278, 0.0015390701299551335, 0.0016636172855455378], [0.9976485491725422, 0.999999987560606, 0.9999999847823463, 0.9989650329218063, 0.9999999984901, 0.9999999998241266, 0.999999983191944, 0.9999999894780759, 0.9999999917269888, 0.9999999883490985, 0.9999999867635789, 0.8447444730753002, 0.9999999992159492, 0.9999999999095067, 0.0014115886061539795, 0.9999999995739435, 0.001423444309919475, 1.0, 0.9999999966872077, 0.9770262704745453, 0.9999999997872864, 0.9999999920097145, 0.9162843437017476, 0.9930682651750841, 0.9999999786378089, 0.12200227557885834, 0.0013758674193927733, 0.8434964992557332, 0.9999999870706954, 0.7930729053670097, 0.9999999992654915, 0.7773310152608647, 0.9832190091639414, 0.9999999916888863, 0.9999998085737632, 0.9999999844472495, 0.9999999738763082, 0.9684495461656585, 0.9999999910963032, 0.999999995145931, 0.999999995828799, 0.9703683240001967, 0.999999989939051, 0.9999999762218654, 0.001426387533438489, 0.0015116788150070226, 0.9999999982135803, 0.001398869062512964, 0.9833183639833625, 0.0014673738381142387, 0.9387010371485411, 0.9999999899760025, 0.0036632952444930478, 0.9999999904979295, 0.9623940849407198, 0.8515672034392634, 0.011495549517451242, 0.9979585482378237, 0.9838137108461608, 0.9519459282386268], [0.9976451207871442, 0.9999999970414478, 0.9999999673036358, 0.9989630657402054, 0.9999999914760247, 0.999999997759346, 0.9999999650448876, 0.9999999979706137, 0.9999999779782266, 0.9999999726570167, 0.9999999966166042, 0.844718924768398, 0.9999999927740787, 0.999999997505645, 0.0013685394219790092, 0.9999999939454908, 0.0013733356711981282, 0.9999999966872077, 1.0, 0.9770171056746211, 0.9999999952852275, 0.9999999989719927, 0.9162568899452243, 0.9930623798174947, 0.9999999921202913, 0.1219549053141471, 0.0013281382625786042, 0.8434708711700187, 0.9999999967748998, 0.7930438375828639, 0.9999999990484623, 0.777303870939253, 0.9832098724799945, 0.9999999782868236, 0.9999997550765796, 0.9999999953296197, 0.9999999520826962, 0.9684376435818265, 0.9999999986317465, 0.9999999838371602, 0.9999999851983535, 0.9703529524008628, 0.9999999751706508, 0.9999999553598219, 0.001383336458460338, 0.001468620401600229, 0.9999999904736511, 0.0013558204919519312, 0.9833092509372648, 0.0014172614903027458, 0.9386845964025287, 0.9999999751644266, 0.003615565262139797, 0.9999999983493566, 0.9623804793632683, 0.8515421819025151, 0.011452503421378601, 0.9979555029683035, 0.9838051621728193, 0.9519327488859242], [0.9747129479107342, 0.9770065649264236, 0.9770480140087081, 0.9857087055128134, 0.9770367558933977, 0.9770242383441738, 0.9770489585834722, 0.9770093837870527, 0.9770417819864439, 0.977045522765709, 0.9770052746431952, 0.8254194599900495, 0.9770323053510519, 0.9770263712231627, 0.21449776608962734, 0.9770306545093169, 0.0015225961910662056, 0.9770262704745453, 0.9770171056746211, 1.0, 0.9770303761887877, 0.9770109939917136, 0.8952702622184602, 0.9702488540655875, 0.9770008568109112, 0.11933493818581242, 0.0014866976110718966, 0.8241684329221458, 0.9770065147593984, 0.7749232420930228, 0.9770225524041506, 0.8935438324488163, 0.9606342519328844, 0.9770464988268572, 0.9771042587102794, 0.9770024010982828, 0.9770559817011875, 0.9462464886491643, 0.9770124794419384, 0.9770382787719143, 0.9770393018200242, 0.9874852601918298, 0.9770452584472171, 0.9770562584732762, 0.2145122152731993, 0.21459549858082905, 0.9770368771951439, 0.21448534424271892, 0.9607383437060281, 0.0015745189405982352, 0.9171481954109448, 0.9770430309358009, 0.0037248519281185555, 0.9770133303986721, 0.9402972113730551, 0.8320728362215511, 0.224336191984444, 0.9750283510575902, 0.9612216783978441, 0.9953472761718931], [0.9976485609888053, 0.9999999849385816, 0.9999999872652897, 0.9989659096279564, 0.9999999993893233, 0.9999999994197796, 0.9999999858898393, 0.9999999871038766, 0.9999999935134397, 0.9999999905489128, 0.9999999840239214, 0.8447484207842579, 0.9999999996877337, 0.9999999996363176, 0.0014308588796454469, 0.9999999998673228, 0.0014236621764315283, 0.9999999997872864, 0.9999999952852275, 0.9770303761887877, 1.0, 0.999999989855365, 0.9162866947921818, 0.9930682881783854, 0.9999999752344763, 0.12200959583706561, 0.0013832433321362414, 0.843500458535005, 0.9999999844623535, 0.7930773965511788, 0.9999999985580542, 0.7773431429643307, 0.9832190462655246, 0.9999999937970905, 0.9999998181307661, 0.9999999814320317, 0.9999999773617649, 0.9684513850558739, 0.9999999890278678, 0.9999999964117312, 0.9999999971528467, 0.970373031620457, 0.9999999920369369, 0.9999999796330223, 0.0014456579282697835, 0.001530949807778903, 0.9999999991324381, 0.0014181392915791902, 0.9833184018879375, 0.001467592811709273, 0.9387035763344501, 0.999999991935687, 0.0036706714121992334, 0.9999999884663483, 0.9623941410193074, 0.851571069557791, 0.011514818520853232, 0.9979590179468147, 0.9838150309248459, 0.9519518292337621], [0.9976435435502788, 0.999999999451251, 0.9999999547596569, 0.9989617533442902, 0.9999999845571851, 0.9999999937430865, 0.9999999520712184, 0.9999999998142134, 0.9999999674884044, 0.9999999610722542, 0.99999999925168, 0.8447046803146502, 0.9999999863213325, 0.9999999932844179, 0.0013398527199404153, 0.9999999879531689, 0.0013503078363391596, 0.9999999920097145, 0.9999999989719927, 0.9770109939917136, 0.999999989855365, 1.0, 0.9162428149368551, 0.9930596732202028, 0.9999999967725958, 0.1219284981174209, 0.0013015313696326247, 0.8434565822109819, 0.9999999992769835, 0.7930276312476521, 0.9999999960457877, 0.7772857900704341, 0.9832056717638364, 0.999999967823937, 0.9999997224058779, 0.9999999985668234, 0.9999999370467699, 0.9684310057159562, 0.9999999998902304, 0.999999974743022, 0.9999999763930577, 0.9703435135308192, 0.9999999640698256, 0.9999999408023971, 0.0013546488134557055, 0.0014399290137738774, 0.9999999832124842, 0.0013271340992845326, 0.983305060610882, 0.0013942313889038216, 0.9386754286976363, 0.9999999640969848, 0.0035889578727696936, 0.9999999997422857, 0.9623742252569693, 0.8515282310145794, 0.011423818694241694, 0.9979538024474826, 0.9838003938126813, 0.9519239628792087], [0.9313267317562984, 0.9162340278933327, 0.9163404046231114, 0.9153927603169388, 0.9162939085728458, 0.9162800903154938, 0.9163440950963202, 0.9162360530197613, 0.9163267606287946, 0.9163334339089908, 0.916233457599186, 0.9411027602659312, 0.9162952717333827, 0.9162790123005103, 0.0018136833740903802, 0.9162925842844676, 0.25262021731205997, 0.9162843437017476, 0.9162568899452243, 0.8952702622184602, 0.9162866947921818, 0.9162428149368551, 1.0, 0.9394491874647702, 0.9162171191310702, 0.4216316530967513, 0.3134434018607033, 0.9405347969515045, 0.9162331504178124, 0.9168160781179906, 0.9162710537464174, 0.7129335169523506, 0.9467313328582232, 0.9163192411647479, 0.9164829542949156, 0.9162310504005642, 0.9163567227141189, 0.9651877923468178, 0.9162379788325316, 0.9163160693326758, 0.9163113217620035, 0.9377197265452019, 0.9163283140818167, 0.9163508067835491, 0.0018379039961551324, 0.001958740572544304, 0.9162974862865979, 0.001798513402993196, 0.946699410628424, 0.2526728767089048, 0.9676924558858114, 0.916331404932246, 0.31553970496614214, 0.9162351441063571, 0.9500632827906397, 0.9439281009106584, 0.011051690901463407, 0.9343325492043718, 0.9573733242862927, 0.8723645435261155], [0.9987889252687028, 0.993056805199779, 0.9930804460111041, 0.9920504535482064, 0.9930695275982937, 0.993066368375538, 0.993079575322138, 0.9930579263020854, 0.9930765629170505, 0.9930782546051637, 0.9930565508967921, 0.838930130402971, 0.9930707049860176, 0.993067110833665, 0.001457150649158634, 0.9930700021744998, 0.11895241354398767, 0.9930682651750841, 0.9930623798174947, 0.9702488540655875, 0.9930682881783854, 0.9930596732202028, 0.9394491874647702, 1.0, 0.9930540740643405, 0.1212242805657564, 0.001438340566657148, 0.8376732257044921, 0.9930560066235707, 0.787608521450832, 0.9930650855008617, 0.7720421907313614, 0.997846132743639, 0.9930750660354538, 0.993108856987397, 0.993055713193297, 0.9930825670599225, 0.9617608280044523, 0.9930583236377849, 0.9930755681660851, 0.9930739694649015, 0.9636492171723927, 0.993077374358351, 0.9930817369266297, 0.0014745026020815954, 0.0015675166197791635, 0.9930710833610228, 0.0014437384821545107, 0.9978817601470261, 0.11899602389628527, 0.9321983550272539, 0.9930775760162499, 0.003710927617300519, 0.9930577732969041, 0.9876533392930649, 0.8456973763683403, 0.011470654207401454, 0.991036764364512, 0.9769971636294329, 0.9453541987460049], [0.9976402779515685, 0.9999999987437759, 0.9999999273719385, 0.9989595712152534, 0.9999999673688043, 0.9999999816192812, 0.999999924041173, 0.9999999980784058, 0.9999999438172769, 0.9999999354503764, 0.9999999989379699, 0.8446810699396763, 0.9999999698113234, 0.9999999807611548, 0.0012922908242416487, 0.9999999722626924, 0.0013027177340170226, 0.9999999786378089, 0.9999999921202913, 0.9770008568109112, 0.9999999752344763, 0.9999999967725958, 0.9162171191310702, 0.9930540740643405, 1.0, 0.12188473664841004, 0.001257439345224154, 0.8434328995150057, 0.9999999987864765, 0.7930007710896526, 0.9999999857045617, 0.7772558028882566, 0.9831969848011378, 0.999999944317028, 0.9999996593681673, 0.9999999993181985, 0.999999905357973, 0.9684199997204801, 0.9999999971527893, 0.9999999534649984, 0.9999999557218828, 0.9703278631452847, 0.9999999393206167, 0.9999999099732361, 0.001307085142079445, 0.0013923584729519378, 0.9999999653319767, 0.0012795727789380873, 0.9832963959218652, 0.001346637530915018, 0.9386602326824577, 0.9999999393871698, 0.0035448649310939606, 0.9999999972716382, 0.9623612942570366, 0.8515051076832705, 0.011376260060584675, 0.9979509795014848, 0.9837924871195285, 0.9519093913384805], [0.12171019697556162, 0.12192000795554203, 0.12209781250020657, 0.12198578424842599, 0.12202411812841496, 0.1220016270876837, 0.12211545774178001, 0.12191884299461087, 0.12208081184121855, 0.12209053609081533, 0.12191991812120695, 0.6342327864783451, 0.12202046278083845, 0.12199315571770897, 0.001386942213223219, 0.12201668900278129, 0.0013771069096268906, 0.12200227557885834, 0.1219549053141471, 0.11933493818581242, 0.12200959583706561, 0.1219284981174209, 0.4216316530967513, 0.1212242805657564, 0.12188473664841004, 1.0, 0.9926967392044216, 0.6360306496489991, 0.12192263800089476, 0.7013331306160621, 0.12198159306270862, 0.096274816812847, 0.12009733028032321, 0.12206705699743536, 0.1223575951871696, 0.12191794163781788, 0.12213526899824045, 0.36550109729412905, 0.12192227594809091, 0.122053573939919, 0.12204933159461284, 0.2728740794654687, 0.12208023460198003, 0.12212209769698756, 0.0014046236872276019, 0.0014943473149912068, 0.12202493214565013, 0.0013795111211140076, 0.12014642419004895, 0.0014220300269982555, 0.4566806798250713, 0.12208869761112973, 0.9929700894195267, 0.12191699373805909, 0.11762914567621052, 0.6242223842877377, 0.0026153782746339838, 0.1851410473364573, 0.2978831267660378, 0.11642729157370757], [0.0013696158166337513, 0.0012929764912066322, 0.0014721313391578006, 0.0014863108020372051, 0.0013978762398423328, 0.0013752132820747942, 0.0014899094452399675, 0.00129180320557587, 0.0014550000147135478, 0.001464798808440193, 0.0012928858399986476, 0.5363316051196884, 0.0013941930412072479, 0.0013666786334117775, 0.0012535581683418284, 0.0013903904116528976, 0.001246882684734607, 0.0013758674193927733, 0.0013281382625786042, 0.0014866976110718966, 0.0013832433321362414, 0.0013015313696326247, 0.3134434018607033, 0.001438340566657148, 0.001257439345224154, 0.9926967392044216, 1.0, 0.5382946733605668, 0.0012956261617679266, 0.6102172993519468, 0.0013550279878310478, 0.002536469813619102, 0.001502136663343645, 0.0014411418658309971, 0.001733905638350075, 0.0012908941603076984, 0.0015098726643807403, 0.25054191560312966, 0.0012952623085136228, 0.001427555989911844, 0.0014232813282876178, 0.15698974234232022, 0.001454419325679579, 0.0014966017647723984, 0.0012695747050414097, 0.0013496091376521413, 0.0013986968613448614, 0.0012476169305397633, 0.001539507523350414, 0.001286805640886679, 0.3460234205502275, 0.0014629457836727866, 0.999997383664723, 0.0012899403796485798, 0.0015494263525904772, 0.5254166011081348, 0.0012655865139463707, 0.06523791011203928, 0.1805476513435187, 0.0016081346928866758], [0.8415026652790187, 0.8434519890201657, 0.8435481672766381, 0.8426779678064952, 0.8435083122428947, 0.8434961509924715, 0.8435577155841026, 0.8434513575704117, 0.8435389791462047, 0.8435442355599843, 0.8434519406801358, 0.9999972684387701, 0.843506335775216, 0.8434915647579809, 0.00173939652435251, 0.843504295273753, 0.0017411453756284168, 0.8434964992557332, 0.8434708711700187, 0.8241684329221458, 0.843500458535005, 0.8434565822109819, 0.9405347969515045, 0.8376732257044921, 0.8434328995150057, 0.6360306496489991, 0.5382946733605668, 1.0, 0.8434534127377873, 0.9961372998200015, 0.8434853106620199, 0.6563861476948056, 0.829398638775186, 0.8435315343114475, 0.8436885631377804, 0.8434508715011818, 0.8435684233364223, 0.9507429484542025, 0.8434532147161068, 0.8435242439929233, 0.8435219496478992, 0.902087044549985, 0.8435386628286592, 0.8435612977928533, 0.0017604685888391591, 0.0018753287378341366, 0.8435087510277948, 0.0017254866333310526, 0.829502508657499, 0.0017996061424249143, 0.9769586993696213, 0.8435432437925091, 0.540221011920644, 0.8434503557217774, 0.8118622399443995, 0.9998843575882709, 0.010244199426904466, 0.8760786152766721, 0.9260948661984962, 0.8030854986089371], [0.9976414050268403, 0.9999999999733987, 0.9999999438791504, 0.9989607900639873, 0.9999999781207285, 0.9999999895108005, 0.999999941223458, 0.9999999997690714, 0.9999999583541955, 0.9999999510623602, 0.9999999999685987, 0.8447015145872178, 0.9999999800331805, 0.9999999886953541, 0.0013188336325364869, 0.9999999820363997, 0.0013191340521561123, 0.9999999870706954, 0.9999999967748998, 0.9770065147593984, 0.9999999844623535, 0.9999999992769835, 0.9162331504178124, 0.9930560066235707, 0.9999999987864765, 0.12192263800089476, 0.0012956261617679266, 0.8434534127377873, 1.0, 0.7930240348282054, 0.9999999924379581, 0.7772725422003599, 0.9831999823813599, 0.99999995870312, 0.9999996968531928, 0.9999999997997465, 0.9999999245935418, 0.9684295265901998, 0.9999999994150519, 0.9999999663800001, 0.999999968378322, 0.9703387100248188, 0.9999999543808017, 0.9999999286206971, 0.0013336289291444592, 0.0014189064609411162, 0.999999976346806, 0.0013061152531357312, 0.9832993870259984, 0.0013630564873681195, 0.9386733974217627, 0.9999999545239179, 0.003583052095525785, 0.9999999993601713, 0.9623657548312499, 0.8515251328159364, 0.011402801082168401, 0.9979534239431637, 0.9837993349482081, 0.9519175238975528], [0.7911998588684122, 0.7930224205828423, 0.7931315127524573, 0.7923166943158855, 0.7930863055211141, 0.7930725090102066, 0.7931423409627635, 0.7930217055114396, 0.7931210884366358, 0.7931270517722073, 0.7930223654038415, 0.9959302040635151, 0.7930840632581558, 0.7930673090260374, 0.0018040072476310787, 0.7930817484126403, 0.0017946158470962814, 0.7930729053670097, 0.7930438375828639, 0.7749232420930228, 0.7930773965511788, 0.7930276312476521, 0.9168160781179906, 0.787608521450832, 0.7930007710896526, 0.7013331306160621, 0.6102172993519468, 0.9961372998200015, 0.7930240348282054, 1.0, 0.7930602147771001, 0.6173246916433699, 0.7798384492176891, 0.793112646484171, 0.7932907839387509, 0.7930211520885357, 0.7931544887950671, 0.9198513677451198, 0.7930238123862141, 0.793104376304419, 0.7931017739178335, 0.8643719353527821, 0.793120731395937, 0.793146407539976, 0.0018254854971223589, 0.001941800857911069, 0.7930868038954819, 0.001790312024237628, 0.7799399722527598, 0.001853733239323363, 0.9544439915357449, 0.7931259257791763, 0.6120278836611724, 0.7930205703013422, 0.7633607630326912, 0.9946867917344829, 0.009800204573331972, 0.830355720615991, 0.8893879999705859, 0.7551204326739446], [0.9976466967895962, 0.9999999927953688, 0.9999999774591993, 0.9989642345841946, 0.999999996148958, 0.9999999997057197, 0.999999975621329, 0.9999999942493747, 0.9999999861655103, 0.9999999818875163, 0.9999999921640286, 0.8447333187310379, 0.9999999970449311, 0.9999999996234827, 0.0013941158162233958, 0.9999999977788813, 0.0013963711069205909, 0.9999999992654915, 0.9999999990484623, 0.9770225524041506, 0.9999999985580542, 0.9999999960457877, 0.9162710537464174, 0.9930650855008617, 0.9999999857045617, 0.12198159306270862, 0.0013550279878310478, 0.8434853106620199, 0.9999999924379581, 0.7930602147771001, 1.0, 0.7773199937100005, 0.9832140727979127, 0.9999999863742594, 0.9999997846122223, 0.9999999903161925, 0.9999999646246748, 0.9684443497495858, 0.9999999954514789, 0.9999999906720439, 0.99999999172813, 0.9703618583572529, 0.9999999839180675, 0.9999999674154472, 0.0014089138005467516, 0.0014942015104554285, 0.9999999954874921, 0.0013813965750230084, 0.9833134407684314, 0.0014402990724298181, 0.938693860170253, 0.9999999839134183, 0.003642455429617386, 0.9999999950206554, 0.962386733817191, 0.8515562793559854, 0.011478078021411875, 0.9979572196387033, 0.9838099793783944, 0.9519405802870526], [0.7755226594575472, 0.7772726930611766, 0.7773954316597224, 0.8051405859372487, 0.7773620030017554, 0.7773250008172539, 0.7773982346584075, 0.7772810178047809, 0.7773769712017826, 0.7773880446669028, 0.7772688838652283, 0.6574479696809673, 0.7773488700999914, 0.7773312937166551, 0.6301878379000714, 0.7773439865755403, 0.0024660650737841072, 0.7773310152608647, 0.777303870939253, 0.8935438324488163, 0.7773431429643307, 0.7772857900704341, 0.7129335169523506, 0.7720421907313614, 0.7772558028882566, 0.096274816812847, 0.002536469813619102, 0.6563861476948056, 0.7772725422003599, 0.6173246916433699, 0.7773199937100005, 1.0, 0.7644737578673625, 0.7773908677333695, 0.7775623368588856, 0.7772603975729613, 0.7774190309189121, 0.7532020351494861, 0.7772901591073093, 0.777366586189859, 0.7773695869528416, 0.8707914245754753, 0.7773872429690469, 0.7774198222166578, 0.6301993513890713, 0.6302656598718716, 0.7773623753330897, 0.6301779541512621, 0.7645712290095626, 0.002526828075693044, 0.7300792838559228, 0.7773806782479188, 0.004324234586747355, 0.7772926621443547, 0.7484003627071386, 0.662702771849026, 0.6379854685967301, 0.7758009542857607, 0.76496539674583, 0.9326463079736226], [0.9934102177500955, 0.9832012214687945, 0.9832379321292218, 0.982219273911831, 0.983220972767535, 0.983216064770584, 0.9832365825431947, 0.9832029610749109, 0.9832318992421624, 0.9832345280327426, 0.9832008268984976, 0.8306528920823802, 0.9832227985278857, 0.9832172172723153, 0.0015259136602061574, 0.9832217069674171, 0.1838284400975264, 0.9832190091639414, 0.9832098724799945, 0.9606342519328844, 0.9832190462655246, 0.9832056717638364, 0.9467313328582232, 0.997846132743639, 0.9831969848011378, 0.12009733028032321, 0.001502136663343645, 0.829398638775186, 0.9831999823813599, 0.7798384492176891, 0.9832140727979127, 0.7644737578673625, 1.0, 0.9832295766263848, 0.9832821499813389, 0.9831995272383718, 0.9832412336040632, 0.9522451163365963, 0.9832035777514073, 0.9832303515210129, 0.9832278699288668, 0.9541112757503578, 0.9832331604836835, 0.9832399434365345, 0.001544586541370352, 0.0016413533982797546, 0.9832233876390376, 0.0015121954963274176, 0.9999998500002666, 0.18387161337521396, 0.9229680867173935, 0.9832334732268122, 0.0037527552274396747, 0.9832027239245179, 0.9958023362403927, 0.837348