"[[1.0, 0.9480495963091895, 0.919852801691222, 0.9508205174672895, 0.8986116558446205, 0.9668398092484681, 0.9563275656423619, 0.8914005136152905, 0.8981771637139093, 0.9356724485144263, 0.9691218758758033, 0.9869449467802328, 0.8719432117543432, 0.8899590490260049, 0.6399727888291721, 0.9083027133510164, 0.6778594196919369, 0.8641042208409611, 0.8796075180953027, 0.7272249934806474, 0.8708425931844113, 0.9148581146249688, 0.6784778789305825, 0.8124263113168901, 0.9830640874882975, 0.6914380657379591, 0.6747340145411048, 0.7777037031692625, 0.9208510016271618, 0.9261746801781409, 0.9528913626603549, 0.7922609568764435, 0.934832497544136, 0.9055924192958539, 0.9064136097919343, 0.9360849311718401, 0.9358741619981832, 0.928564763908081, 0.9218691561340433, 0.9347340953806719, 0.8669720188084445, 0.9250340495038255, 0.8840188384727178, 0.9111676721179823, 0.5417199430232819, 0.6107630528105064, 0.8967704364060617, 0.535601258692044, 0.9901454236740729, 0.7330763918438633, 0.9638346262253478, 0.9479024181605791, 0.5190061824920088, 0.8111642649165381, 0.8379891470281531, 0.9171453974130149, 0.7249585241610373, 0.7907020582823558, 0.8652067788625026, 0.7715271516825765], [0.9480495963091895, 1.0, 0.7839838573560235, 0.8843114692104266, 0.7784741362572587, 0.9806063395461856, 0.9088135690087545, 0.8815098804557805, 0.7781135709557124, 0.8189395823629528, 0.9971096847684954, 0.9526606756490131, 0.7632854583496602, 0.8263505080703697, 0.5536795167526264, 0.8003092862888983, 0.499370440637246, 0.7618348561167951, 0.8260322796171453, 0.8092261408930523, 0.7805468524863562, 0.7903330709029598, 0.8207504247793154, 0.6438669081656695, 0.915122321842628, 0.8011694062026771, 0.7506267198076279, 0.8027056394746049, 0.9432733106464128, 0.9668816968320325, 0.8437680968608927, 0.8923697532234356, 0.9487370995228166, 0.7696997744779647, 0.7882674862377478, 0.9401822516641367, 0.8178743688415104, 0.8501384250359473, 0.819038351304939, 0.8183185148308149, 0.7514383511193571, 0.9646328967312712, 0.7353766736087991, 0.7996566557257228, 0.2954302710542749, 0.4022837351808254, 0.7522085426514084, 0.3353087505341019, 0.9696043938501892, 0.5600067534169447, 0.9890451270401066, 0.854880970455781, 0.2888335176850383, 0.656412474964387, 0.6670988686440882, 0.9555910352622087, 0.627491961487119, 0.7099880451202044, 0.9092588766670893, 0.5804476865415672], [0.919852801691222, 0.7839838573560235, 1.0, 0.9699543069501797, 0.9916330473403343, 0.8535974835903412, 0.951479734454393, 0.8596014948814685, 0.9867914706192966, 0.9710573876667222, 0.823425513018224, 0.8516703768317048, 0.98142872996678, 0.9120367739592539, 0.520654198252603, 0.9912946337127321, 0.6609634685468475, 0.9743735558279618, 0.9474031058529927, 0.5521616155574915, 0.970906851791449, 0.8550344086230548, 0.3483809758778713, 0.8442846093949773, 0.943543569287571, 0.4992777819487899, 0.37441998409141375, 0.507681902276677, 0.721426608363294, 0.7254816143943977, 0.8747574298666035, 0.6920123906724975, 0.866212317822721, 0.998818833471041, 0.9950624468156245, 0.8703324397375208, 0.9936713740759344, 0.9800789345148471, 0.9644177221973682, 0.9945122249688604, 0.9813609134006008, 0.8290644981221537, 0.9950034971340459, 0.9920613063325397, 0.5935624094612573, 0.6105678563413189, 0.9984454252706693, 0.47031555896057764, 0.8788948520028532, 0.6467187111767082, 0.8333009397352221, 0.9893920249506476, 0.6191991857636961, 0.8902538141726575, 0.9207559443345029, 0.7913283423307991, 0.8397371007590332, 0.7280148389628265, 0.8141268629415065, 0.9365262958481464], [0.9508205174672895, 0.8843114692104266, 0.9699543069501797, 1.0, 0.9800930427171941, 0.9427013885509649, 0.9974964577320208, 0.9498880913798884, 0.9803901108406599, 0.9747496465414418, 0.9071270423404988, 0.8952959127094731, 0.9679274336610593, 0.9647438450691457, 0.5587669121633942, 0.9846874680298499, 0.6247937991222859, 0.9718451854652361, 0.9704130763881424, 0.7131190897105125, 0.9739144832408102, 0.8021932982305158, 0.47007492314773724, 0.7395312562390248, 0.9486346979927641, 0.5688360145453977, 0.43181185400060995, 0.5480733384876736, 0.7751540739424897, 0.7969513986892808, 0.8467616569807627, 0.8462079257543552, 0.9223364866000218, 0.9704329229974357, 0.9794475389514853, 0.9157010664199108, 0.9681018642138164, 0.9928743096351551, 0.9339116241125593, 0.9868970511857341, 0.9705896878929456, 0.9048295825727009, 0.9599792249255845, 0.9729272724320736, 0.42006203974633616, 0.4609107263534694, 0.960753660720587, 0.3764279486357184, 0.9405517872790017, 0.5782333083908254, 0.9054657119076212, 0.9883770469073363, 0.438098284990428, 0.7965498034875416, 0.8260737327666499, 0.8540524576677114, 0.7772806417175446, 0.6669042722970892, 0.8849258082020152, 0.834697846209006], [0.8986116558446205, 0.7784741362572587, 0.9916330473403343, 0.9800930427171941, 1.0, 0.8600036054895731, 0.9643905478607666, 0.897264124456482, 0.9983526427952244, 0.9745756246559096, 0.8131413599164264, 0.822818295563678, 0.9911129614802818, 0.9440154937039735, 0.515658699625714, 0.9981364026813571, 0.6390592353846037, 0.9925688093675203, 0.9646637198962699, 0.5972181237478514, 0.9881921380681713, 0.7865526820588044, 0.30606863876234114, 0.7698343611000326, 0.9153739630197992, 0.4566774414700152, 0.2997885961331488, 0.43404109624750853, 0.6737739765103634, 0.6884958299672089, 0.8177739318151811, 0.7453968616610579, 0.857748335598892, 0.9959876861555736, 0.998019806087915, 0.8555320667460836, 0.9785343694531488, 0.9877295939538692, 0.9380968496884273, 0.9949896438082731, 0.9964068924546182, 0.8247031108275312, 0.9949254860010046, 0.9882611874679886, 0.4926904152010546, 0.5050737471288379, 0.9921730895576435, 0.395772130506833, 0.8689474627977324, 0.5748993715040907, 0.8180885820927678, 0.9849327349380769, 0.5223859930170262, 0.8352327582482156, 0.8684217029895527, 0.7681744413426892, 0.8119696564827069, 0.6467386751102381, 0.8190510179448645, 0.9074436444425552], [0.9668398092484681, 0.9806063395461856, 0.8535974835903412, 0.9427013885509649, 0.8600036054895731, 1.0, 0.9622070010424051, 0.9530723119750963, 0.8662046719342652, 0.9044178794712942, 0.9847395408246736, 0.9584715004600626, 0.8331901624544498, 0.9193060163947347, 0.6435580294741343, 0.8715430274045903, 0.6106901310967652, 0.8406832773582424, 0.8732693746084924, 0.8557200118239248, 0.8503694889620624, 0.7856707759803248, 0.7096344033221732, 0.6428258051823369, 0.9249411890092276, 0.6799567084079843, 0.6327992695363419, 0.7204609535957462, 0.8869647334358467, 0.9135164996461568, 0.8501367657190486, 0.9169102706445974, 0.931062772183258, 0.8453933408074749, 0.8599946480973995, 0.9192514754133816, 0.8666565351118564, 0.9059326117770845, 0.8401768297803625, 0.8918118371800599, 0.8350304523431008, 0.9396163790482288, 0.8220192028196335, 0.8562933340233232, 0.3127955841357406, 0.39298556808853713, 0.8272165783413423, 0.3900246918042418, 0.9894565575993113, 0.5998547263312244, 0.9666253532086377, 0.90492061338441, 0.2867048333056702, 0.6640655891532522, 0.6917280820782984, 0.9076690887937644, 0.6243135422169922, 0.6485123082795043, 0.8848504167424573, 0.6403765892403044], [0.9563275656423619, 0.9088135690087545, 0.951479734454393, 0.9974964577320208, 0.9643905478607666, 0.9622070010424051, 1.0, 0.9649738001398241, 0.9665517579184849, 0.9681015787306869, 0.927028020578924, 0.9083916478202791, 0.9494280450732138, 0.9689365429964356, 0.5789202487469767, 0.9700975142415316, 0.6219117547967775, 0.9558601082956734, 0.9610798593134875, 0.7563038701091227, 0.9592887686215185, 0.7903230836264441, 0.513044739505455, 0.7097519448785381, 0.9446412437295519, 0.5863899326704024, 0.4600405088063413, 0.5715627217284422, 0.7933244834202036, 0.8184352411187658, 0.8416134360089934, 0.8774316978972855, 0.9287500686691634, 0.9513486886500642, 0.9627440946835655, 0.9197117393381629, 0.9512170562672769, 0.9837984203893735, 0.9160157040736439, 0.9746758543572739, 0.9530627802662459, 0.9172378319807917, 0.9387841996009924, 0.9553403080198791, 0.3805097208053798, 0.42863047083742656, 0.9391711369234295, 0.36653169258895657, 0.9549772249663478, 0.5719072136499956, 0.9209939861924658, 0.9774773493862221, 0.3905385905854436, 0.7639241347609415, 0.7938503548571767, 0.8660284029603207, 0.7459634837032554, 0.6510104623975732, 0.89204164838083, 0.7952082541952087], [0.8914005136152905, 0.8815098804557805, 0.8596014948814685, 0.9498880913798884, 0.897264124456482, 0.9530723119750963, 0.9649738001398241, 1.0, 0.9124461739089441, 0.9320415667316952, 0.8875864723681137, 0.8583066503744354, 0.8644989135848554, 0.9853898019191647, 0.6689307732204642, 0.8961267328074898, 0.6458568365547527, 0.8897678589181431, 0.8871005605859363, 0.8831727232202604, 0.8887589380402308, 0.646083256167699, 0.4873937469797265, 0.5158818914716121, 0.8391017735832729, 0.461293172838974, 0.37345746308893235, 0.4914859719835578, 0.7075291910247296, 0.7476063905696685, 0.7286200951484211, 0.9365562930536177, 0.8408932917739661, 0.8650405787039418, 0.8816115845607623, 0.8196034471335306, 0.8431289458949526, 0.9127628058729661, 0.7787808878285319, 0.9077471469972057, 0.8853749465236436, 0.8448919960629749, 0.857761274125595, 0.8558356961037689, 0.19362522040635421, 0.2349087635212712, 0.8439970329406621, 0.3215108491190277, 0.9244045902875296, 0.5061843651292959, 0.8568997296904709, 0.8914455380710913, 0.1602415184707502, 0.570507337430308, 0.6152949165472024, 0.76951911416499, 0.5586093331559718, 0.45068072217134847, 0.8087622183621967, 0.633374548178178], [0.8981771637139093, 0.7781135709557124, 0.9867914706192966, 0.9803901108406599, 0.9983526427952244, 0.8662046719342652, 0.9665517579184849, 0.9124461739089441, 1.0, 0.9829108696840606, 0.8120339866173321, 0.8264117935158773, 0.9828920680586664, 0.9587161681943471, 0.5564772388876312, 0.9939160113615648, 0.6706367798325499, 0.9879523179641478, 0.9543714436586197, 0.6292428862722091, 0.981589319792014, 0.7748447952665775, 0.302015093921282, 0.7467485837583061, 0.9051808981226741, 0.42625041014264176, 0.2879585773820523, 0.42897818524897713, 0.6648155908997683, 0.6809232485037834, 0.8126632339248643, 0.7557108936817523, 0.8429050732352567, 0.9917533734648435, 0.9930606567798772, 0.8388542002863183, 0.9688373805737467, 0.9822264897694154, 0.9203192454787065, 0.9947506209807989, 0.992852129066539, 0.8116915980410774, 0.992530161813577, 0.9785383776537365, 0.4785895594582793, 0.4876058255388529, 0.9864429033632667, 0.41544035228764864, 0.8742949125520302, 0.5882636496047869, 0.8107004621014932, 0.9782576476676219, 0.493502044907733, 0.8082000577168212, 0.8468370245661666, 0.7510259006217229, 0.7771564857444366, 0.6159194082729802, 0.8003925952922875, 0.8879108309430179], [0.9356724485144263, 0.8189395823629528, 0.9710573876667222, 0.9747496465414418, 0.9745756246559096, 0.9044178794712942, 0.9681015787306869, 0.9320415667316952, 0.9829108696840606, 1.0, 0.8513990994410546, 0.8909967797473657, 0.9378739990983913, 0.9712689613163217, 0.6918564172257671, 0.9667886034187612, 0.7765114892088422, 0.9450445471466515, 0.9060003501147664, 0.7127057175442079, 0.9363497527030946, 0.8174606149570828, 0.39385948110582314, 0.7467535884395826, 0.915367556105377, 0.4241984514955377, 0.3803882866559216, 0.5326672172983001, 0.7245776331128685, 0.7358366175054445, 0.866584018165437, 0.7627247982632518, 0.83051275651069, 0.9704593799711664, 0.9660948291550652, 0.8263695335390222, 0.9505946935364762, 0.9573654566948465, 0.8933507919413444, 0.9876360533095974, 0.954442892965692, 0.8058871118304719, 0.970144324082643, 0.9463993326319448, 0.5176356163387519, 0.5322599368499787, 0.962431268438154, 0.5421576327436318, 0.9233700510972086, 0.701855174837615, 0.8350286660619591, 0.9622947180781182, 0.48191440154444476, 0.7731578264772772, 0.8230029502319778, 0.7556383264311055, 0.6926283631809314, 0.6198401611657248, 0.7635477968546761, 0.8341277072965053], [0.9691218758758033, 0.9971096847684954, 0.823425513018224, 0.9071270423404988, 0.8131413599164264, 0.9847395408246736, 0.927028020578924, 0.8875864723681137, 0.8120339866173321, 0.8513990994410546, 1.0, 0.969145855506375, 0.7963987668799093, 0.8445798080843963, 0.5707656651709045, 0.8329095791020261, 0.5394983314714273, 0.7925225503056321, 0.8471821069857267, 0.7900217754550765, 0.8090485254883715, 0.8302762566827497, 0.7972247483714545, 0.6950271969158027, 0.9416683870188188, 0.7900571568723105, 0.7442149374411157, 0.8071563975850449, 0.9495619509222448, 0.9685887694693676, 0.8790313959643979, 0.8736653124862938, 0.957036980874787, 0.8087433535141759, 0.8233562964321324, 0.9512037614865289, 0.8546270422440481, 0.8765871400138554, 0.8541831323416871, 0.8524377378901837, 0.7849786648301023, 0.9666787293568913, 0.7766219168797307, 0.8344290666181697, 0.3604591446913459, 0.46032401458573724, 0.7934832840611401, 0.38282504996955136, 0.9821868191864083, 0.6043719405204017, 0.9938557819223491, 0.8853123556012832, 0.35281639599049, 0.7046983577675795, 0.7180736354767777, 0.9591625415895796, 0.6630243013268448, 0.7431679898486678, 0.9106059013216704, 0.6342418512054757], [0.9869449467802328, 0.9526606756490131, 0.8516703768317048, 0.8952959127094731, 0.822818295563678, 0.9584715004600626, 0.9083916478202791, 0.8583066503744354, 0.8264117935158773, 0.8909967797473657, 0.969145855506375, 1.0, 0.7829327851086246, 0.8441005867301387, 0.7027690496536011, 0.8322179969058064, 0.7064195879370915, 0.7754502386537765, 0.795026550823451, 0.7617301174626577, 0.7825506883618547, 0.9108854743653612, 0.7585454531106421, 0.774840834112568, 0.9496710566010708, 0.6954636381225067, 0.7538356405712684, 0.8520876416016276, 0.9485077905638775, 0.9498938060017788, 0.9550027557867624, 0.7678540645141302, 0.8945956734725479, 0.8321025500990263, 0.8299587315708064, 0.8959845771079648, 0.8703969733389294, 0.8582717539889791, 0.8565145689694739, 0.87304918634375, 0.7802297606172309, 0.8932790440857936, 0.8074832139834381, 0.8339120662805946, 0.5383273003770567, 0.6168805391886437, 0.8211523870370406, 0.5976439686066315, 0.9880670596580586, 0.7816109751557054, 0.9538945064527354, 0.8847008040156568, 0.4802961031834314, 0.7439051793160276, 0.7744184998718979, 0.8990598017085086, 0.6256707842575011, 0.7742305167247432, 0.8105292316067553, 0.6775130975737931], [0.8719432117543432, 0.7632854583496602, 0.98142872996678, 0.9679274336610593, 0.9911129614802818, 0.8331901624544498, 0.9494280450732138, 0.8644989135848554, 0.9828920680586664, 0.9378739990983913, 0.7963987668799093, 0.7829327851086246, 1.0, 0.9081041305330039, 0.3991358877034423, 0.9950663432685942, 0.5338328759518969, 0.9971038447949532, 0.983959410334738, 0.5313320704430786, 0.9974367457459836, 0.7632628378847565, 0.2880243182031832, 0.7722301047700824, 0.9093130847554701, 0.5030874247468593, 0.2829093451430591, 0.39781230856901106, 0.6581760074997376, 0.6752916847317925, 0.7837324418178292, 0.7373168135829067, 0.8762927223379618, 0.9873072346452743, 0.9945643766501943, 0.8751343185799685, 0.97722361668407, 0.988764415752222, 0.9518601873415597, 0.9781229939464987, 0.9962861587434355, 0.8416297240806161, 0.9830489427872116, 0.9933432589742125, 0.4613292572884343, 0.47971654506821615, 0.9853670516966455, 0.29504405956649693, 0.8346372225845884, 0.4889438124258362, 0.8144901832306112, 0.9820257436897102, 0.5307095110301085, 0.857742453745983, 0.8778672812832317, 0.7859378561530267, 0.8706358308847039, 0.6676778059554446, 0.8558181746291109, 0.9240819836903815], [0.8899590490260049, 0.8263505080703697, 0.9120367739592539, 0.9647438450691457, 0.9440154937039735, 0.9193060163947347, 0.9689365429964356, 0.9853898019191647, 0.9587161681943471, 0.9712689613163217, 0.8445798080843963, 0.8441005867301387, 0.9081041305330039, 1.0, 0.6852618697903977, 0.9363475282227495, 0.7126630362597136, 0.9306111415799334, 0.9018859471935845, 0.8167147851836813, 0.9231749926764111, 0.6811590571917671, 0.38136787096297164, 0.5811599060381601, 0.8490258792742611, 0.3825797699285044, 0.3004473302876207, 0.4423042308340166, 0.6632978282612484, 0.6948343040119057, 0.7542632736612903, 0.8677741201339524, 0.8120109954301558, 0.9188919733165419, 0.9269947430735863, 0.7954439477040304, 0.8852699806254969, 0.9364194611128686, 0.813086067021901, 0.9491805867817684, 0.9325370900089585, 0.8020496582049476, 0.9193319643143624, 0.8975238508561614, 0.3006646246514816, 0.3189797832981943, 0.9027239307086307, 0.39670665123194615, 0.905997702252129, 0.5637253191292315, 0.8167183539121017, 0.9205177213235504, 0.2649491204143022, 0.6338073239866912, 0.6856649966119429, 0.7247720948322761, 0.6007549262079315, 0.46820028183427, 0.7690662326626392, 0.7213695998180998], [0.6399727888291721, 0.5536795167526264, 0.520654198252603, 0.5587669121633942, 0.515658699625714, 0.6435580294741343, 0.5789202487469767, 0.6689307732204642, 0.5564772388876312, 0.6918564172257671, 0.5707656651709045, 0.7027690496536011, 0.3991358877034423, 0.6852618697903977, 1.0, 0.48448430823964905, 0.9447644370060806, 0.427445943495839, 0.34512378885267914, 0.7801480312602788, 0.4017885566490871, 0.542148069483812, 0.39815704376093186, 0.33916198455933966, 0.5065691782440644, 0.030981942815219154, 0.3662432200549901, 0.5346534496760543, 0.5083502978770787, 0.5049772547782749, 0.6326101248414603, 0.48171276910029115, 0.3505289027639964, 0.509398799202799, 0.4831367648665281, 0.34021645257651256, 0.46983745357183915, 0.46940038233629655, 0.3644134881042902, 0.5731837597308792, 0.45419467638661026, 0.3568618945138533, 0.5204608556463437, 0.4295301052492291, 0.3832521844382364, 0.37625542747745844, 0.4917025988662338, 0.8038804236564357, 0.6871588355375708, 0.81691741762852, 0.4874982086447559, 0.49262421301054393, 0.1430707374686725, 0.23705228548627677, 0.32995012426669534, 0.3320235357320256, 0.00285008093535577, 0.20854765847099999, 0.21903763556592548, 0.27612269923924193], [0.9083027133510164, 0.8003092862888983, 0.9912946337127321, 0.9846874680298499, 0.9981364026813571, 0.8715430274045903, 0.9700975142415316, 0.8961267328074898, 0.9939160113615648, 0.9667886034187612, 0.8329095791020261, 0.8322179969058064, 0.9950663432685942, 0.9363475282227495, 0.48448430823964905, 1.0, 0.6038047365169984, 0.9941416176038849, 0.9771594516487024, 0.5932820222520868, 0.9929632476207235, 0.7962230369558616, 0.34081670170469835, 0.7806563650129384, 0.9301469647093631, 0.5063734979188997, 0.3331487051971138, 0.45717554258849114, 0.6999869429295044, 0.7155979108729198, 0.8246170760415781, 0.7600883568627231, 0.8849495457928969, 0.9946607069795295, 0.9992617261599034, 0.8831451856432213, 0.9847515498058405, 0.994740247827474, 0.9526543946311744, 0.9936208043666058, 0.9956652549751562, 0.853627738266833, 0.9900692477378573, 0.9943166226457879, 0.4840930438390576, 0.505296583662375, 0.9908404146168531, 0.36722169528919224, 0.877836943769795, 0.5573731261809437, 0.8422470526014527, 0.991851615056514, 0.5260666490818621, 0.8495822200201012, 0.8769079812407767, 0.8009441821300051, 0.836699806348194, 0.6750100807759496, 0.8512044749654598, 0.9093483488285946], [0.6778594196919369, 0.499370440637246, 0.6609634685468475, 0.6247937991222859, 0.6390592353846037, 0.6106901310967652, 0.6219117547967775, 0.6458568365547527, 0.6706367798325499, 0.7765114892088422, 0.5394983314714273, 0.7064195879370915, 0.5338328759518969, 0.7126630362597136, 0.9447644370060806, 0.6038047365169984, 1.0, 0.5485802979509868, 0.4373953941386566, 0.6172612887343344, 0.517406174621847, 0.6627537530029223, 0.2503201113243765, 0.5368503596982079, 0.5884195062768587, 0.0011166439642398274, 0.29121323692977463, 0.4867369452632724, 0.48891574686685846, 0.46888398578273094, 0.7225473787709569, 0.37692899826618653, 0.3790729381628266, 0.6506578283784729, 0.6126662900403735, 0.3809535560714874, 0.6052955324153954, 0.5647684787468709, 0.5060112710681431, 0.6841506830198343, 0.5829906786989728, 0.35674440467457513, 0.6694701497078841, 0.5647865229174016, 0.6133466740046994, 0.5783365139232134, 0.6444782620567893, 0.8922525254730648, 0.6816252068214823, 0.9006513203780009, 0.4770133207610736, 0.5995693046614037, 0.4084068238349373, 0.4445302016080064, 0.5364181977285987, 0.3368463152557799, 0.19506108738076477, 0.3433745432311861, 0.23819345649549495, 0.5076295535506984], [0.8641042208409611, 0.7618348561167951, 0.9743735558279618, 0.9718451854652361, 0.9925688093675203, 0.8406832773582424, 0.9558601082956734, 0.8897678589181431, 0.9879523179641478, 0.9450445471466515, 0.7925225503056321, 0.7754502386537765, 0.9971038447949532, 0.9306111415799334, 0.427445943495839, 0.9941416176038849, 0.5485802979509868, 1.0, 0.9826218157186942, 0.572317514617586, 0.9986083215843846, 0.7294633561790603, 0.2709930486901354, 0.7274743137453742, 0.891600842787877, 0.4661293407246435, 0.24798772019177207, 0.36800054264505366, 0.6349054658255341, 0.6570258966496983, 0.7591115530864386, 0.7653113249455623, 0.8627480835492598, 0.9826956424757826, 0.9916202218462481, 0.8578734968939432, 0.9642366803794377, 0.9873806839142428, 0.9289161852983554, 0.977819434240996, 0.9987496148908567, 0.8310919441037656, 0.980705553480733, 0.9844612434415565, 0.41307409610487045, 0.42756866392355297, 0.9783391955685478, 0.28171159058368467, 0.8353774239923346, 0.4721813370666643, 0.8041418814111934, 0.9753114267436623, 0.4730182458591823, 0.8171566745419037, 0.8422119684884742, 0.7655251408408017, 0.8344360063336324, 0.6152674088670398, 0.8444328897712107, 0.8981848939433479], [0.8796075180953027, 0.8260322796171453, 0.9474031058529927, 0.9704130763881424, 0.9646637198962699, 0.8732693746084924, 0.9610798593134875, 0.8871005605859363, 0.9543714436586197, 0.9060003501147664, 0.8471821069857267, 0.795026550823451, 0.983959410334738, 0.9018859471935845, 0.34512378885267914, 0.9771594516487024, 0.4373953941386566, 0.9826218157186942, 1.0, 0.5839238332207288, 0.9909297070229293, 0.7309919250476841, 0.3851736818242726, 0.7209341413992766, 0.9145223795326076, 0.604339801887651, 0.3460593810090694, 0.43293294859007336, 0.7045206329373431, 0.732037004190937, 0.7576142733270312, 0.8203070134332608, 0.9294703020686713, 0.953117658785548, 0.9712185055251941, 0.9236523301519374, 0.9559666298762827, 0.9883147620436982, 0.9426591053453571, 0.9526564068604358, 0.973606581941581, 0.9071498362104704, 0.940318057933211, 0.9763593567573584, 0.34765017560401457, 0.39047242293972295, 0.946921218969034, 0.1828590474649242, 0.8556647297766156, 0.4039680981079439, 0.8677854902011647, 0.9736577214091531, 0.43692379937464954, 0.8198167030401683, 0.8286030855846954, 0.8508622663525743, 0.8699676935746021, 0.6667785360253894, 0.9273122234602278, 0.8637066121899709], [0.7272249934806474, 0.8092261408930523, 0.5521616155574915, 0.7131190897105125, 0.5972181237478514, 0.8557200118239248, 0.7563038701091227, 0.8831727232202604, 0.6292428862722091, 0.7127057175442079, 0.7900217754550765, 0.7617301174626577, 0.5313320704430786, 0.8167147851836813, 0.7801480312602788, 0.5932820222520868, 0.6172612887343344, 0.572317514617586, 0.5839238332207288, 1.0, 0.5716259721970529, 0.4343681117635473, 0.6116805149364564, 0.20062659189156573, 0.6042890228026819, 0.35777388990440895, 0.4376625955166016, 0.5290523527414218, 0.6360915494095021, 0.6827882695469145, 0.5510278542236141, 0.8900602318133082, 0.6297226784082994, 0.5519512438120092, 0.5706966615276718, 0.597774292128635, 0.5335198470708302, 0.6295143113155408, 0.45486502904704307, 0.6339384314274219, 0.566945270251096, 0.6685620550849478, 0.5405866988295897, 0.5322931117584764, -0.04740389041150017, 0.012493636849014722, 0.5191418844210088, 0.3187721228617656, 0.8142367901609543, 0.4537927006097058, 0.7226018783914087, 0.6067998228764627, -0.17422185580047378, 0.20027866362441527, 0.2560271354015544, 0.604408400798432, 0.15075612843415975, 0.19780013088830384, 0.5854884481114752, 0.22494369043601936], [0.8708425931844113, 0.7805468524863562, 0.970906851791449, 0.9739144832408102, 0.9881921380681713, 0.8503694889620624, 0.9592887686215185, 0.8887589380402308, 0.981589319792014, 0.9363497527030946, 0.8090485254883715, 0.7825506883618547, 0.9974367457459836, 0.9231749926764111, 0.4017885566490871, 0.9929632476207235, 0.517406174621847, 0.9986083215843846, 0.9909297070229293, 0.5716259721970529, 1.0, 0.7345913256197847, 0.30233066420872157, 0.732219499192529, 0.9018049842444489, 0.507887980229241, 0.2767373863619458, 0.38759098938358605, 0.6565539522623189, 0.6797544694540643, 0.7624290434067337, 0.779216191309048, 0.8844680388464775, 0.9784066355169615, 0.9897226329307043, 0.8796979689629373, 0.9663411098637519, 0.9909563218012247, 0.9378995186958432, 0.97403665157716, 0.995260205663822, 0.8548015627294765, 0.9733296915472133, 0.9864846323314341, 0.400991926813156, 0.4233551381210404, 0.9738313102524473, 0.2555057737275166, 0.8422719149896329, 0.45521140057751197, 0.8239715014969794, 0.9785493021157082, 0.4706513783547841, 0.8247521500061413, 0.8448843709099014, 0.7923265430592165, 0.8511821355374135, 0.6358262694333066, 0.8705765266698107, 0.8949817240219223], [0.9148581146249688, 0.7903330709029598, 0.8550344086230548, 0.8021932982305158, 0.7865526820588044, 0.7856707759803248, 0.7903230836264441, 0.646083256167699, 0.7748447952665775, 0.8174606149570828, 0.8302762566827497, 0.9108854743653612, 0.7632628378847565, 0.6811590571917671, 0.542148069483812, 0.7962230369558616, 0.6627537530029223, 0.7294633561790603, 0.7309919250476841, 0.4343681117635473, 0.7345913256197847, 1.0, 0.6202449187720263, 0.9585166468164448, 0.9344710211955397, 0.6733991838420996, 0.7312533921969373, 0.8290039343675033, 0.8913746759893345, 0.8609210329819039, 0.9906360531916056, 0.4846815039560002, 0.817459103699402, 0.8289087014470462, 0.8090318117562674, 0.8399177825489601, 0.8829170605994137, 0.8006078357907063, 0.9008449436067446, 0.8331380876017044, 0.7438245144256035, 0.786769241151511, 0.8072823787695897, 0.8318902603804624, 0.8171951227451842, 0.8747254502088125, 0.8350100455006497, 0.6929441758268635, 0.8600370282711267, 0.8481165008009388, 0.8456972477188133, 0.8535928193005818, 0.7974599385936536, 0.9087189408712568, 0.9254942503071314, 0.8308144980631706, 0.7547471495921091, 0.929295878761641, 0.7180424002427791, 0.8189710737377276], [0.6784778789305825, 0.8207504247793154, 0.3483809758778713, 0.47007492314773724, 0.30606863876234114, 0.7096344033221732, 0.513044739505455, 0.4873937469797265, 0.302015093921282, 0.39385948110582314, 0.7972247483714545, 0.7585454531106421, 0.2880243182031832, 0.38136787096297164, 0.39815704376093186, 0.34081670170469835, 0.2503201113243765, 0.2709930486901354, 0.3851736818242726, 0.6116805149364564, 0.30233066420872157, 0.6202449187720263, 1.0, 0.4326720274831264, 0.6283146025392307, 0.8489547423819761, 0.9584433436659259, 0.9262136370541725, 0.8925601073907727, 0.896739527486717, 0.6534450318869345, 0.5952607559465747, 0.6874852614545038, 0.3152779207346561, 0.33019873939504985, 0.6874678767828507, 0.4176966248861307, 0.41850310512123623, 0.4688498163023307, 0.38049766323360645, 0.25866905380579097, 0.7296116383609264, 0.26281481594785006, 0.36477924650396276, 0.20103591633085394, 0.35090695311805176, 0.29892164150402256, 0.2957250586854143, 0.7144947577752738, 0.46899627689731194, 0.7890716679589749, 0.447829477094692, 0.15866844963880722, 0.3652316648108893, 0.35066524383504827, 0.7925327976812638, 0.2947056450859957, 0.6344090919494834, 0.6383336504394531, 0.15714843843968973], [0.8124263113168901, 0.6438669081656695, 0.8442846093949773, 0.7395312562390248, 0.7698343611000326, 0.6428258051823369, 0.7097519448785381, 0.5158818914716121, 0.7467485837583061, 0.7467535884395826, 0.6950271969158027, 0.774840834112568, 0.7722301047700824, 0.5811599060381601, 0.33916198455933966, 0.7806563650129384, 0.5368503596982079, 0.7274743137453742, 0.7209341413992766, 0.20062659189156573, 0.732219499192529, 0.9585166468164448, 0.4326720274831264, 1.0, 0.879858607696626, 0.6181844598709861, 0.5895625893058156, 0.6781787262883623, 0.765580539274986, 0.7268437376118312, 0.9170103512580853, 0.33359576473885055, 0.755962402784571, 0.8221941081273283, 0.7996390939922535, 0.7865512087888611, 0.8742132922675264, 0.7707467338604018, 0.9093538443798853, 0.7967096738901964, 0.7422378747666007, 0.7063703878152727, 0.8054611539830594, 0.8323922662581359, 0.8756124008969272, 0.9121940112290786, 0.8380431048140338, 0.6013334623484786, 0.7245663530846208, 0.7463337290290385, 0.7355209460921102, 0.8246315828451122, 0.9162298575307335, 0.9763967432763128, 0.9788048443900684, 0.7530541161372023, 0.8554363420075692, 0.9465840046478303, 0.6746939823296245, 0.9045219416421335], [0.9830640874882975, 0.915122321842628, 0.943543569287571, 0.9486346979927641, 0.9153739630197992, 0.9249411890092276, 0.9446412437295519, 0.8391017735832729, 0.9051808981226741, 0.915367556105377, 0.9416683870188188, 0.9496710566010708, 0.9093130847554701, 0.8490258792742611, 0.5065691782440644, 0.9301469647093631, 0.5884195062768587, 0.891600842787877, 0.9145223795326076, 0.6042890228026819, 0.9018049842444489, 0.9344710211955397, 0.6283146025392307, 0.879858607696626, 1.0, 0.7367424628126567, 0.6523811142225667, 0.7422573191636773, 0.9066876827192547, 0.907523630089488, 0.9508078704072058, 0.7401995975115986, 0.9581423662495299, 0.9298276160578615, 0.9314612007985269, 0.9651261325846958, 0.9687367266558177, 0.9479821297017565, 0.9741665365105167, 0.9419207303727154, 0.8925247989530274, 0.9383219884789105, 0.9065306786720142, 0.9478451430047091, 0.5913414648330001, 0.6598357839591148, 0.926748390355145, 0.4724536309857754, 0.9515960696504476, 0.6818964831343834, 0.9561829143028356, 0.9691428736351569, 0.6168038794036119, 0.8967605035908791, 0.9094441520901551, 0.9370321042924474, 0.8368617095083339, 0.86205107547204, 0.9015479238083242, 0.8515915290907773], [0.6914380657379591, 0.8011694062026771, 0.4992777819487899, 0.5688360145453977, 0.4566774414700152, 0.6799567084079843, 0.5863899326704024, 0.461293172838974, 0.42625041014264176, 0.4241984514955377, 0.7900571568723105, 0.6954636381225067, 0.5030874247468593, 0.3825797699285044, 0.030981942815219154, 0.5063734979188997, 0.0011166439642398274, 0.4661293407246435, 0.604339801887651, 0.35777388990440895, 0.507887980229241, 0.6733991838420996, 0.8489547423819761, 0.6181844598709861, 0.7367424628126567, 1.0, 0.8488890346182313, 0.7862262794155003, 0.8701378832258279, 0.8758037704873293, 0.6580432612024737, 0.5833479814458787, 0.8397658609870414, 0.47429367615585694, 0.5001450318535721, 0.8489833966910576, 0.589749237576433, 0.5797433624432149, 0.6853419452313853, 0.4933026998383625, 0.44340512282742717, 0.8552755413108956, 0.4180610163714029, 0.5624768845306486, 0.2663173087001802, 0.4149607192809086, 0.47031197512442735, 0.04164214873512284, 0.6743770519447733, 0.27587480079501114, 0.8369840877036837, 0.59955666139708, 0.3797494299282993, 0.6354101319633996, 0.5824144880855974, 0.911856530007977, 0.6784160719165645, 0.8213452750703878, 0.8441058681253164, 0.44216203414963684], [0.6747340145411048, 0.7506267198076279, 0.37441998409141375, 0.43181185400060995, 0.2997885961331488, 0.6327992695363419, 0.4600405088063413, 0.37345746308893235, 0.2879585773820523, 0.3803882866559216, 0.7442149374411157, 0.7538356405712684, 0.2829093451430591, 0.3004473302876207, 0.3662432200549901, 0.3331487051971138, 0.29121323692977463, 0.24798772019177207, 0.3460593810090694, 0.4376625955166016, 0.2767373863619458, 0.7312533921969373, 0.9584433436659259, 0.5895625893058156, 0.6523811142225667, 0.8488890346182313, 1.0, 0.9769096147524495, 0.9043932255533236, 0.8837728264168803, 0.732633708753244, 0.41991280686651145, 0.6544067415763516, 0.3338931977838061, 0.3333985569125848, 0.6694180866500267, 0.4489233354538149, 0.39632583131031973, 0.5175982839642543, 0.37988186610161057, 0.24483258586991585, 0.6777987068208247, 0.2828326276654405, 0.37884690825194633, 0.43628213357253864, 0.5746894755519327, 0.32828433942640234, 0.43947612484719234, 0.6754551818835233, 0.5916508065483314, 0.7508436716202566, 0.4491206924111095, 0.39733271490569333, 0.49311668414407706, 0.4751398452803206, 0.7718297586634622, 0.3716622648952004, 0.7696109301528905, 0.5808727795993566, 0.26052940350214526], [0.7777037031692625, 0.8027056394746049, 0.507681902276677, 0.5480733384876736, 0.43404109624750853, 0.7204609535957462, 0.5715627217284422, 0.4914859719835578, 0.42897818524897713, 0.5326672172983001, 0.8071563975850449, 0.8520876416016276, 0.39781230856901106, 0.4423042308340166, 0.5346534496760543, 0.45717554258849114, 0.4867369452632724, 0.36800054264505366, 0.43293294859007336, 0.5290523527414218, 0.38759098938358605, 0.8290039343675033, 0.9262136370541725, 0.6781787262883623, 0.7422573191636773, 0.7862262794155003, 0.9769096147524495, 1.0, 0.9412176867741083, 0.9175839500264144, 0.8411602767014733, 0.47117805308986016, 0.6971927876719641, 0.46863764923987683, 0.4598253270049256, 0.7120271882398227, 0.5640717191427004, 0.5054305034647064, 0.6063695108024504, 0.5156288945618431, 0.3726271479204988, 0.7115803448288891, 0.42612914492659926, 0.4919085715238005, 0.5489779306477289, 0.6672153355402628, 0.4628786332740017, 0.5972968337050614, 0.7757629891589714, 0.7421431650258618, 0.8019984960034002, 0.5614734233960536, 0.4747392762664373, 0.5732721317335525, 0.5760679653682207, 0.7927080817401532, 0.41013722145736464, 0.7972992828945713, 0.5999105405036094, 0.3761211747622998], [0.9208510016271618, 0.9432733106464128, 0.721426608363294, 0.7751540739424897, 0.6737739765103634, 0.8869647334358467, 0.7933244834202036, 0.7075291910247296, 0.6648155908997683, 0.7245776331128685, 0.9495619509222448, 0.9485077905638775, 0.6581760074997376, 0.6632978282612484, 0.5083502978770787, 0.6999869429295044, 0.48891574686685846, 0.6349054658255341, 0.7045206329373431, 0.6360915494095021, 0.6565539522623189, 0.8913746759893345, 0.8925601073907727, 0.765580539274986, 0.9066876827192547, 0.8701378832258279, 0.9043932255533236, 0.9412176867741083, 1.0, 0.9959329805638031, 0.9119948321943571, 0.6932127299541871, 0.8979238838142967, 0.6933429665696824, 0.6977263669138921, 0.9055502495729264, 0.7738357364841199, 0.7485092766432361, 0.8076261198096796, 0.7323159825328156, 0.6316521626153268, 0.9056892615893393, 0.652234535267416, 0.7275559127200767, 0.5035223209070423, 0.6205211632329661, 0.6851223113822886, 0.4765200177629585, 0.9153341079854529, 0.6803759189712203, 0.9550229174591937, 0.7831543112603444, 0.48924358334844675, 0.7269916582251199, 0.7268854023890047, 0.9479134238293272, 0.6363194220534675, 0.8593102505812737, 0.8304655536978828, 0.5811093471344956], [0.9261746801781409, 0.9668816968320325, 0.7254816143943977, 0.7969513986892808, 0.6884958299672089, 0.9135164996461568, 0.8184352411187658, 0.7476063905696685, 0.6809232485037834, 0.7358366175054445, 0.9685887694693676, 0.9498938060017788, 0.6752916847317925, 0.6948343040119057, 0.5049772547782749, 0.7155979108729198, 0.46888398578273094, 0.6570258966496983, 0.732037004190937, 0.6827882695469145, 0.6797544694540643, 0.8609210329819039, 0.896739527486717, 0.7268437376118312, 0.907523630089488, 0.8758037704873293, 0.8837728264168803, 0.9175839500264144, 0.9959329805638031, 1.0, 0.8897816321916425, 0.7518950096846281, 0.9182488193458013, 0.7003366117372812, 0.7100827124355842, 0.9214174267697134, 0.7766625323791685, 0.7681202857713684, 0.806128050904019, 0.7431822933811191, 0.6504743810019609, 0.9304287768563015, 0.6588789135054909, 0.7373435804709783, 0.4334778060162965, 0.5534354418931465, 0.689240693521063, 0.4210495755584607, 0.9293301063677283, 0.6348023188053167, 0.9717224383974395, 0.7946384939504431, 0.425188016209314, 0.7020527815866943, 0.7017428548664872, 0.9616074560784782, 0.6327775882014413, 0.8256004735281017, 0.8608603453418602, 0.5663256344361114], [0.9528913626603549, 0.8437680968608927, 0.8747574298666035, 0.8467616569807627, 0.8177739318151811, 0.8501367657190486, 0.8416134360089934, 0.7286200951484211, 0.8126632339248643, 0.866584018165437, 0.8790313959643979, 0.9550027557867624, 0.7837324418178292, 0.7542632736612903, 0.6326101248414603, 0.8246170760415781, 0.7225473787709569, 0.7591115530864386, 0.7576142733270312, 0.5510278542236141, 0.7624290434067337, 0.9906360531916056, 0.6534450318869345, 0.9170103512580853, 0.9508078704072058, 0.6580432612024737, 0.732633708753244, 0.8411602767014733, 0.9119948321943571, 0.8897816321916425, 1.0, 0.5725009129094665, 0.8397651574644995, 0.8506326703206418, 0.833586655160305, 0.8559641137177005, 0.8953500105491342, 0.8318460774223849, 0.8972211596845532, 0.8666753823741951, 0.7727882668126076, 0.816204072038345, 0.8302659062349328, 0.8473123772009034, 0.7590215303783391, 0.8177344596688162, 0.8515663880687039, 0.7060378117290319, 0.9148798671161523, 0.8649702489162081, 0.8815838747390448, 0.8782561724736145, 0.7161536952037082, 0.8681427621685281, 0.8944025086087706, 0.8468360304766996, 0.7120511872688594, 0.8824460829512347, 0.7381570444636792, 0.7925546564126615], [0.7922609568764435, 0.8923697532234356, 0.6920123906724975, 0.8462079257543552, 0.7453968616610579, 0.9169102706445974, 0.8774316978972855, 0.9365562930536177, 0.7557108936817523, 0.7627247982632518, 0.8736653124862938, 0.7678540645141302, 0.7373168135829067, 0.8677741201339524, 0.48171276910029115, 0.7600883568627231, 0.37692899826618653, 0.7653113249455623, 0.8203070134332608, 0.8900602318133082, 0.779216191309048, 0.4846815039560002, 0.5952607559465747, 0.33359576473885055, 0.7401995975115986, 0.5833479814458787, 0.41991280686651145, 0.47117805308986016, 0.6932127299541871, 0.7518950096846281, 0.5725009129094665, 1.0, 0.8395124209343194, 0.6985606375138261, 0.7357392851852382, 0.8098432568911086, 0.699345746925267, 0.8078133397569953, 0.6618584360542957, 0.753235578290014, 0.7447835127144138, 0.8674031005053036, 0.6770222333227243, 0.72290842310521, -0.07840379226240479, 0.0022575104659472434, 0.6709342848527, 0.042778966399189766, 0.8498809653030421, 0.25830534663493687, 0.8502329774437323, 0.7697195624954438, -0.06716646193128106, 0.4147544767346565, 0.43340176399841135, 0.7931173020380048, 0.485352885676422, 0.368521626180189, 0.8510369661100256, 0.4373262040776107], [0.934832497544136, 0.9487370995228166, 0.866212317822721, 0.9223364866000218, 0.857748335598892, 0.931062772183258, 0.9287500686691634, 0.8408932917739661, 0.8429050732352567, 0.83051275651069, 0.957036980874787, 0.8945956734725479, 0.8762927223379618, 0.8120109954301558, 0.3505289027639964, 0.8849495457928969, 0.3790729381628266, 0.8627480835492598, 0.9294703020686713, 0.6297226784082994, 0.8844680388464775, 0.817459103699402, 0.6874852614545038, 0.755962402784571, 0.9581423662495299, 0.8397658609870414, 0.6544067415763516, 0.6971927876719641, 0.8979238838142967, 0.9182488193458013, 0.8397651574644995, 0.8395124209343194, 1.0, 0.8567683645935341, 0.8775319654595646, 0.9985792753797069, 0.9075324708762211, 0.9255995679685202, 0.9304335515885012, 0.8750597424141477, 0.8493666049091495, 0.9962175876996561, 0.8236884116031707, 0.9026613817489126, 0.3666692152168678, 0.46284286724192225, 0.8481785575674643, 0.22192071238254885, 0.9209461904830019, 0.46810310984174663, 0.9799419636992417, 0.9277004633628405, 0.44271992402843685, 0.8118339060851485, 0.8039669690400197, 0.9843936128120855, 0.8355599653412278, 0.8052874370117368, 0.985572468110372, 0.7525405311555151], [0.9055924192958539, 0.7696997744779647, 0.998818833471041, 0.9704329229974357, 0.9959876861555736, 0.8453933408074749, 0.9513486886500642, 0.8650405787039418, 0.9917533734648435, 0.9704593799711664, 0.8087433535141759, 0.8321025500990263, 0.9873072346452743, 0.9188919733165419, 0.509398799202799, 0.9946607069795295, 0.6506578283784729, 0.9826956424757826, 0.953117658785548, 0.5519512438120092, 0.9784066355169615, 0.8289087014470462, 0.3152779207346561, 0.8221941081273283, 0.9298276160578615, 0.47429367615585694, 0.3338931977838061, 0.46863764923987683, 0.6933429665696824, 0.7003366117372812, 0.8506326703206418, 0.6985606375138261, 0.8567683645935341, 1.0, 0.9976547297549745, 0.859264374757064, 0.989325706134972, 0.981855870372075, 0.9562131727787256, 0.9945783720348451, 0.9889822590105716, 0.8192594788963563, 0.9980169934467594, 0.992