"[[1.0, 0.9073725657228975, 0.8629380675149738, 0.8661877883507537, 0.8424732523496654, 0.9546780550720423, 0.8874070071386733, 0.8636836006338781, 0.8380749576644558, 0.8286657713775248, 0.9137822236173032, 0.8138360136147266, 0.8400945765437425, 0.8166903751306225, 0.0982189174116056, 0.8356438094232795, 0.5793563191924757, 0.8211034202700964, 0.8205057399319572, 0.9185524463002384, 0.8205057399319572, 0.5846182048535556, 0.5039354124860383, 0.5824306000630354, 0.988401340868922, 0.5706203423907525, 0.5043107453301418, 0.5245832406671603, 0.7182515284606364, 0.736346806960335, 0.796128568623879, 0.9623775901225406, 0.9635198158667713, 0.8592096443656035, 0.851647093386715, 0.9777987431740398, 0.861941665599859, 0.8603877837391475, 0.9297593236601042, 0.8591552939578817, 0.8277920586824757, 0.9442890731752207, 0.8608449714328167, 0.8630136981357824, 0.2675220462541963, 0.251631504061669, 0.8619384718257156, 0.03537492825724642, 0.9477957845889387, 0.2676161865040144, 0.9194228123902458, 0.8912519247793371, 0.2675220462541963, 0.6943696545907777, 0.41325762893765927, 0.8712129378160485, 0.6897685233975391, 0.4499369703677405, 0.9631884063737994, 0.720435877648182], [0.9073725657228975, 1.0, 0.5881590182462567, 0.6762237854516526, 0.6236060076217244, 0.977357787562994, 0.7383108123087002, 0.6954758656935596, 0.6239056029057438, 0.6018416746833447, 0.9997902659785076, 0.8434162341258435, 0.6255971360729516, 0.6208905138998492, 0.0534597188945638, 0.6243614582374095, 0.33254678480130706, 0.6278189299903684, 0.6278205076602247, 0.9926568668635632, 0.6278205076602247, 0.36126346745052074, 0.7783581503146595, 0.27236646826787236, 0.8609807570584496, 0.8261144638500468, 0.7783061195065193, 0.757476481386729, 0.8508435506096684, 0.9186822044805457, 0.6254727592137893, 0.9528634975189224, 0.9614150515869301, 0.6131089766846787, 0.6205174274570426, 0.9716919986436431, 0.5806603198007418, 0.6626180961746874, 0.6913850882681204, 0.6126136222053038, 0.6275658314371342, 0.9896028483306479, 0.6099749336606279, 0.5963851564583657, 0.0, 0.0, 0.6073767106197931, 0.0, 0.9629677425038867, 0.0, 0.9971335905689994, 0.6846596765342539, 0.0, 0.3915441054595197, 0.11497318553111835, 0.9926874521793463, 0.3666803373253018, 0.2866269337546763, 0.9502247471777411, 0.3911313655538511], [0.8629380675149738, 0.5881590182462567, 1.0, 0.9539634988002484, 0.9651145862773425, 0.7255592826019555, 0.9189019644092911, 0.9293575432558556, 0.9590299110533174, 0.9482786983818385, 0.6029692919870562, 0.5588999432086736, 0.9628277177483285, 0.9306197534740918, 0.09190741362548449, 0.9557532937094444, 0.6717414398209307, 0.9376060361911953, 0.9368267061524013, 0.6183164445648487, 0.9368267061524013, 0.5543448337664353, 0.0, 0.6769571118461634, 0.9174792110764268, 0.07843491432424565, 0.0003225871037765282, 0.04076291608795679, 0.2991848254896323, 0.30869204893074875, 0.6830972002824857, 0.7816700180902137, 0.7691907613873441, 0.9895927749445074, 0.9789577032241937, 0.762458491690734, 0.9991473941449344, 0.9580044305297156, 0.9775839984318305, 0.9904128992237471, 0.9463772403964686, 0.6869205670403054, 0.9929637654004406, 0.9988692090822047, 0.3486794119462375, 0.3192228215941839, 0.9942394088731914, 0.02789964738967954, 0.7196044424256847, 0.34875316124681155, 0.6006421001282483, 0.975112775813554, 0.3486794119462375, 0.7777443661605491, 0.5143444441227307, 0.509258558584867, 0.8102522763448285, 0.3572037309044662, 0.7859888542132797, 0.8563868364231157], [0.8661877883507537, 0.6762237854516526, 0.9539634988002484, 1.0, 0.9949843874190561, 0.8111694153611924, 0.9832938838905777, 0.9909714042184725, 0.9942657395132285, 0.9622301267460984, 0.6911197742514987, 0.5967688386629146, 0.9975669875441919, 0.9850803883729514, 0.06901123734493508, 0.9943085247736401, 0.5542067689854262, 0.9962065615168376, 0.9960752430084564, 0.7027981370655679, 0.9960752430084564, 0.3168897885818235, 0.0653520756450463, 0.4343779831271667, 0.9306757452226487, 0.14551422367046785, 0.06534770706316906, 0.06958837154334863, 0.2823699230852763, 0.381721229422769, 0.5186295877654403, 0.8671271757655988, 0.8525351587172025, 0.9853197562031575, 0.9935667682214588, 0.8192459325510665, 0.9414655894885444, 0.9997847905455297, 0.9137638202144963, 0.985007077684251, 0.9973712604246087, 0.774801389345726, 0.981876664794849, 0.9648530070905641, 0.059692683592952656, 0.052355588846793255, 0.9784533519907123, 0.0, 0.7950569594724963, 0.05969246785489746, 0.6669988311882522, 0.9956553915163231, 0.059692683592952656, 0.566796219955703, 0.241095114883646, 0.5873073679988493, 0.6044712801667614, 0.11013319599953009, 0.8705103004989896, 0.6672465720610734], [0.8424732523496654, 0.6236060076217244, 0.9651145862773425, 0.9949843874190561, 1.0, 0.771342715212231, 0.9797313185954358, 0.9898036033303783, 0.9996740336643951, 0.9811465222438509, 0.6393088624496986, 0.5921089937227818, 0.9976517378432569, 0.9923650119957266, 0.13554566108423594, 0.9993700741677985, 0.6168150427830724, 0.9934947524434692, 0.9932870940227694, 0.6598997557488264, 0.9932870940227694, 0.33051787118763865, 0.0, 0.4713218370360145, 0.9107562726209267, 0.08048253523980675, 0.0007836217059667971, 0.023438187250385267, 0.23167075915791768, 0.335803924332874, 0.5301961722324761, 0.8287794697296417, 0.8132338524091133, 0.9927027604979347, 0.9959893899889442, 0.7798920504369218, 0.9535190780225639, 0.9962936440378254, 0.9146411807870883, 0.9897351241086365, 0.9955539798820411, 0.7283196874929193, 0.9879956049887023, 0.9728436289796878, 0.09374187130402911, 0.11477344021570357, 0.9875819447871916, 0.06777322784271556, 0.7651499171427314, 0.09392374393178382, 0.6164310048755337, 0.9924571228105006, 0.09374187130402911, 0.5893209284934194, 0.27405788698422906, 0.5315686791500177, 0.6297198928426132, 0.11962674387285066, 0.8343703981657872, 0.6921436119720831], [0.9546780550720423, 0.977357787562994, 0.7255592826019555, 0.8111694153611924, 0.771342715212231, 1.0, 0.864166829435503, 0.8310856534980358, 0.7725653235237891, 0.7547078484751488, 0.9813436589686565, 0.8590211940246805, 0.7701460962568545, 0.7723270756160113, 0.1150999262502963, 0.773160988974028, 0.44822860474928583, 0.7728812524996193, 0.7728831947020542, 0.9850571681165252, 0.7728831947020542, 0.3578075988998366, 0.6322614694843844, 0.32854181382220093, 0.9348591518363694, 0.6921152274343185, 0.6328415375249445, 0.626443239861046, 0.7447685572972128, 0.8431215387696027, 0.6389235503329129, 0.9933741413030157, 0.9961400176909733, 0.7570970767437789, 0.7638926824621205, 0.9931648721599909, 0.7153043820417102, 0.8001965182866209, 0.7927440032141767, 0.7541626430977919, 0.7725696736072267, 0.9966278297397811, 0.751531188215782, 0.7341844673316786, 0.0, 0.025853414328895874, 0.750397037219509, 0.053823800986119164, 0.9909678229426357, 0.0001447077520687623, 0.9712951547032173, 0.8151095509012843, 0.0, 0.4532395131391136, 0.14153861152056235, 0.9463036872544045, 0.4439066771768938, 0.24119344670799847, 0.9936611888410304, 0.4815052322582636], [0.8874070071386733, 0.7383108123087002, 0.9189019644092911, 0.9832938838905777, 0.9797313185954358, 0.864166829435503, 1.0, 0.9974853042095742, 0.982460643537524, 0.972803700668598, 0.751656198911739, 0.7181813951070528, 0.9731587774619963, 0.9869782649426811, 0.21130318636796064, 0.9832611628316102, 0.6202704315022848, 0.9766149285978826, 0.9766173827703525, 0.7773387455089754, 0.9766173827703525, 0.2819421962738371, 0.16081336235435595, 0.397464969444973, 0.9364586439348933, 0.23852580276292024, 0.16245233553881544, 0.186040328660937, 0.3485411511715242, 0.4950326672101544, 0.5432049167786783, 0.9035091018407744, 0.89167433245506, 0.9598948733545628, 0.965256946169174, 0.8574563017926347, 0.9040660602650078, 0.9807374339984168, 0.887398760205995, 0.9529620410096612, 0.9762212166314421, 0.8254446830789763, 0.9504927636128794, 0.9277175618141352, 0.0, 0.06853403453226647, 0.9519235366154665, 0.14267988701661238, 0.8656979318594618, 0.00038360140564797085, 0.725689270030209, 0.9756550723647383, 0.0, 0.5160400683209955, 0.17884858836586348, 0.655898550843508, 0.5462426388885839, 0.08616855433321668, 0.9099799792801864, 0.6084313683383626], [0.8636836006338781, 0.6954758656935596, 0.9293575432558556, 0.9909714042184725, 0.9898036033303783, 0.8310856534980358, 0.9974853042095742, 1.0, 0.9921177154310078, 0.9774536861011667, 0.7098522714917852, 0.669451378298488, 0.9850673260519046, 0.9948655169582385, 0.18477616533189423, 0.9929099129735193, 0.6074504567199543, 0.9885657701256844, 0.9885682543298745, 0.7339613317874594, 0.9885682543298745, 0.26761953357279555, 0.09614140016796113, 0.3952501674260571, 0.9223496755536502, 0.17502213869402994, 0.09747788812242741, 0.11760942343631942, 0.2909247262814524, 0.43349162536428376, 0.5134087257365803, 0.8778342193209794, 0.8640956780281348, 0.9704196705129658, 0.9770688000119566, 0.8264360777013138, 0.9142921740459368, 0.9895646911653653, 0.8863196840928919, 0.96462344203951, 0.9881672403040375, 0.790232703557744, 0.9617997947226141, 0.9390700460319599, 0.0, 0.0557883716262505, 0.9621633601844355, 0.11614489960789653, 0.8292232170143718, 0.0003122608776894298, 0.6821818066861123, 0.9819214314248063, 0.0, 0.5160335724113829, 0.18103715939262444, 0.6075465432515204, 0.551394038793177, 0.06439362181045283, 0.8840663551381676, 0.6158767458875208], [0.8380749576644558, 0.6239056029057438, 0.9590299110533174, 0.9942657395132285, 0.9996740336643951, 0.7725653235237891, 0.982460643537524, 0.9921177154310078, 1.0, 0.9832026436626756, 0.6396160017618298, 0.5992931589502921, 0.9964453777688499, 0.9951873242934732, 0.15140237223439845, 0.9999345587856776, 0.6196022146318397, 0.9939271088278495, 0.993764292967952, 0.6620068716734601, 0.993764292967952, 0.31198924031681474, 0.0, 0.4555388884099216, 0.9066884530261686, 0.08032654555073515, 0.0009670323828172567, 0.02471548554171643, 0.2255674563604958, 0.33949158358434695, 0.5195578886107167, 0.8291776352661959, 0.8135136093259434, 0.9896367734220749, 0.9934190508132468, 0.778194978742301, 0.9465985034793843, 0.9953594849376166, 0.906227868985468, 0.9858250875936951, 0.9954613181310481, 0.7286695897404355, 0.9839115224374095, 0.9670470121811874, 0.07373985616167789, 0.10484934635250853, 0.9838701017692348, 0.08363589920101044, 0.7681022771473849, 0.0739644485974934, 0.6152443985801138, 0.9899246345808127, 0.07373985616167789, 0.5726561771486183, 0.2544815240359801, 0.5312151509429464, 0.613359795050365, 0.10086103433290727, 0.8351906293299239, 0.6767948727280213], [0.8286657713775248, 0.6018416746833447, 0.9482786983818385, 0.9622301267460984, 0.9811465222438509, 0.7547078484751488, 0.972803700668598, 0.9774536861011667, 0.9832026436626756, 1.0, 0.616996487708671, 0.6754257035620737, 0.9656099870412788, 0.9860457203737832, 0.3214474738191747, 0.9826552309882689, 0.7479197504033865, 0.9588950568047337, 0.9586206046793557, 0.6584782279963628, 0.9586206046793557, 0.34976950968517573, 0.0, 0.5127419491503915, 0.8863926340171323, 0.07799432142340146, 0.0029658195131179177, 0.06549997768993931, 0.23382364383888832, 0.3666531632864731, 0.5829619887114103, 0.799854423961591, 0.7859853800644976, 0.9732732692541198, 0.9662514557227224, 0.7560863609305778, 0.937563828342821, 0.9638497738375924, 0.897304099976306, 0.9624176299638354, 0.9617489972294929, 0.7029007659776733, 0.9635134409837621, 0.9492103766976996, 0.12349712801429558, 0.23152584595513925, 0.9708304616799954, 0.25650535210090064, 0.7745540397724362, 0.12418630805515996, 0.5973598791213718, 0.9627773133638365, 0.12349712801429558, 0.5990977863893832, 0.2969614429544547, 0.5140196757457125, 0.6351933688033924, 0.1464623092044821, 0.8103128788122967, 0.6938216760001028], [0.9137822236173032, 0.9997902659785076, 0.6029692919870562, 0.6911197742514987, 0.6393088624496986, 0.9813436589686565, 0.751656198911739, 0.7098522714917852, 0.6396160017618298, 0.616996487708671, 1.0, 0.84385127924938, 0.6413501289698851, 0.6365249906121868, 0.05436502834881374, 0.6400833358637578, 0.3409205557743604, 0.6436278692812051, 0.6436294866779408, 0.9933283628557712, 0.6436294866779408, 0.3616604732134734, 0.7653372353927974, 0.2777674369618739, 0.8701450100161136, 0.8144024722410388, 0.7652860749920987, 0.7448048895039167, 0.8419770888944517, 0.9118091847711018, 0.6267824739554331, 0.9588772209580926, 0.9668437305946455, 0.6285475086053772, 0.6361425095802036, 0.9758391251652961, 0.5952014555937931, 0.6777495991932783, 0.7029508699908025, 0.6280396807383458, 0.6433683975215071, 0.992340849385615, 0.6253345480885028, 0.6114025703686966, 0.0, 0.0, 0.6226708998934484, 0.0, 0.9667489446292103, 0.0, 0.9965980818792998, 0.6991230736178151, 0.0, 0.39846365526596417, 0.11786829433289248, 0.9900866089612842, 0.37516321751124626, 0.28266931187004074, 0.9563831525754525, 0.40098033906740493], [0.8138360136147266, 0.8434162341258435, 0.5588999432086736, 0.5967688386629146, 0.5921089937227818, 0.8590211940246805, 0.7181813951070528, 0.669451378298488, 0.5992931589502921, 0.6754257035620737, 0.84385127924938, 1.0, 0.5571393744916299, 0.6253672979516414, 0.5762615344051781, 0.5991772231346237, 0.7096313034500704, 0.5529386278846343, 0.5527713661909464, 0.8985668400733723, 0.5527713661909464, 0.37551174494135386, 0.6377206099571807, 0.3833964080001131, 0.7567060883583966, 0.6806538528548405, 0.6438190982407361, 0.7381280685554293, 0.7282604334335437, 0.883399467376241, 0.7155084730105863, 0.8127261211606358, 0.8220905602324935, 0.5786183551096035, 0.5577823671715947, 0.8336632483504374, 0.5528708986836054, 0.5864441191572327, 0.633432190945383, 0.5558394550310738, 0.5546896823946178, 0.8389446610580045, 0.5609347986381542, 0.5486000635467302, 0.07522865355570696, 0.32110089719162427, 0.57989940193255, 0.5311279413092777, 0.9180568270117176, 0.07665634344440309, 0.8460866680031108, 0.6100573068584659, 0.07522865355570696, 0.41063852750009966, 0.17518581689412982, 0.8360428405870054, 0.38428110725475595, 0.3066953149280416, 0.8247817591298403, 0.4032214201713331], [0.8400945765437425, 0.6255971360729516, 0.9628277177483285, 0.9975669875441919, 0.9976517378432569, 0.7701460962568545, 0.9731587774619963, 0.9850673260519046, 0.9964453777688499, 0.9656099870412788, 0.6413501289698851, 0.5571393744916299, 1.0, 0.9854595011351189, 0.06815426611208186, 0.996210385435434, 0.5652798875035426, 0.9966445884180072, 0.9964585871914903, 0.6543184354510603, 0.9964585871914903, 0.3222922389023686, 0.0, 0.45387595769138134, 0.9114266969334041, 0.08064283609637479, 0.0, 0.00843706886862261, 0.22932403602290174, 0.321730687399182, 0.5078550695854216, 0.8314257020651273, 0.8154431170258879, 0.9908368433919842, 0.9976553321329539, 0.7813532711134197, 0.9510943494883279, 0.9987730802923573, 0.9131649297838602, 0.9907172395414872, 0.9984491535946369, 0.7306451590785552, 0.988016740824638, 0.9728388869610536, 0.0840849808963482, 0.07374971978172906, 0.9848774443112227, 0.0, 0.7547781436360248, 0.08408467700097688, 0.6176628263425179, 0.9941314278351907, 0.0840849808963482, 0.5819391334166921, 0.2651451059302369, 0.5329635307505003, 0.6234551855301038, 0.11066032678796478, 0.8352332651992819, 0.6865656076486156], [0.8166903751306225, 0.6208905138998492, 0.9306197534740918, 0.9850803883729514, 0.9923650119957266, 0.7723270756160113, 0.9869782649426811, 0.9948655169582385, 0.9951873242934732, 0.9860457203737832, 0.6365249906121868, 0.6253672979516414, 0.9854595011351189, 1.0, 0.21545151879663205, 0.9960003242839428, 0.6307716746797182, 0.9889593380097352, 0.9889618232029369, 0.6661509998924737, 0.9889618232029369, 0.24207503602828717, 0.0, 0.395748012595612, 0.885814598506538, 0.07922581059183609, 0.001713208353982698, 0.03067805948918645, 0.20172842998180185, 0.3523167920940362, 0.47888923983644416, 0.8251705477190073, 0.8092067405237462, 0.9721871893044319, 0.9774577907213395, 0.7668504960528794, 0.915180235146016, 0.9853776532853109, 0.8694424585835221, 0.9650074780019741, 0.9885606495253636, 0.7251482178233956, 0.9625492511351008, 0.9394439086743467, 0.0, 0.07117138852512106, 0.9641395312618563, 0.14817055121421108, 0.7751515839028746, 0.0003983633076103388, 0.6068434488012169, 0.974125029331414, 0.0, 0.5079280058345761, 0.1811092339211079, 0.5264190572110831, 0.549401055443443, 0.03147016553409776, 0.832874876919301, 0.6161219387872146], [0.0982189174116056, 0.0534597188945638, 0.09190741362548449, 0.06901123734493508, 0.13554566108423594, 0.1150999262502963, 0.21130318636796064, 0.18477616533189423, 0.15140237223439845, 0.3214474738191747, 0.05436502834881374, 0.5762615344051781, 0.06815426611208186, 0.21545151879663205, 1.0, 0.1520911082357722, 0.7561673813474846, 0.06839631442906158, 0.06839648630473849, 0.16779524892939635, 0.06839648630473849, 0.020346147218229804, 0.01351434700888643, 0.17115291252391251, 0.06644802984914999, 0.018949521027839977, 0.02504771650446147, 0.21969357025744485, 0.026500891654551384, 0.2567335919012561, 0.28152191595028575, 0.0645176564569252, 0.06806970746620933, 0.10987819108075747, 0.06760086873728932, 0.061453980845050826, 0.08681774799406317, 0.06879228902276657, 0.062551565511752, 0.06673980653709044, 0.06836874117919356, 0.0593404898909321, 0.07788634320691812, 0.06497183301334553, 0.0, 0.47916542965490994, 0.11586494247436474, 0.9975666810224212, 0.24560197182634658, 0.002682003673182387, 0.05259328779515693, 0.06852078832003494, 0.0, 0.04736374108893915, 0.01252549385316859, 0.04784040983273119, 0.038307396232834745, 0.006806198264245444, 0.09111959744012188, 0.04261092264596078], [0.8356438094232795, 0.6243614582374095, 0.9557532937094444, 0.9943085247736401, 0.9993700741677985, 0.773160988974028, 0.9832611628316102, 0.9929099129735193, 0.9999345587856776, 0.9826552309882689, 0.6400833358637578, 0.5991772231346237, 0.996210385435434, 0.9960003242839428, 0.1520911082357722, 1.0, 0.6153692108920993, 0.994627643310492, 0.9944903847825768, 0.6625560987885687, 0.9944903847825768, 0.3015407629175453, 0.0, 0.44549779841414816, 0.9047769314219952, 0.08027402610996326, 0.0009744396398375654, 0.02370431903721093, 0.2221817613470749, 0.33986872780846733, 0.5116358397139827, 0.829783472181546, 0.8140075444906032, 0.9879701523491222, 0.9924030397663574, 0.7775799399572635, 0.9428731882633667, 0.99527958487624, 0.9018322930260235, 0.9840398534342598, 0.9958624568371368, 0.729201990661278, 0.9819289132466478, 0.9641748596400819, 0.06234052245225197, 0.09515887357459651, 0.9817755874337465, 0.0842765319373242, 0.7685669123796491, 0.06256687845734898, 0.6148468034462562, 0.9889286647331356, 0.06234052245225197, 0.5632975302168902, 0.2434079388967485, 0.5312554038115814, 0.6042883089866046, 0.09018073375247537, 0.8358162126895045, 0.6683304075288804], [0.5793563191924757, 0.33254678480130706, 0.6717414398209307, 0.5542067689854262, 0.6168150427830724, 0.44822860474928583, 0.6202704315022848, 0.6074504567199543, 0.6196022146318397, 0.7479197504033865, 0.3409205557743604, 0.7096313034500704, 0.5652798875035426, 0.6307716746797182, 0.7561673813474846, 0.6153692108920993, 1.0, 0.5306822018345975, 0.5296844890280022, 0.42942403806000895, 0.5296844890280022, 0.5450658932589655, 0.0, 0.7120227316484948, 0.574591136670929, 0.04676015287655988, 0.00834453125610235, 0.19413869864913746, 0.2461923442502596, 0.3317868766867088, 0.7427534978160911, 0.44195845549824564, 0.4402292243225385, 0.6423972648817493, 0.5912969728515495, 0.45677634758789964, 0.6778463189114533, 0.5591706640199913, 0.662461734756075, 0.6143425920858488, 0.5421615299453592, 0.38838684589802785, 0.6282721080244026, 0.642408111612344, 0.4456352312863573, 0.7375149981261626, 0.6589784400659218, 0.7216949374351319, 0.5425084123550753, 0.4475739305616442, 0.3579840669559805, 0.5886328281294365, 0.4456352312863573, 0.6598813555930385, 0.5351003791183351, 0.29548387070764714, 0.6646586498630263, 0.4352845680808828, 0.4631019509634239, 0.6785788195933523], [0.8211034202700964, 0.6278189299903684, 0.9376060361911953, 0.9962065615168376, 0.9934947524434692, 0.7728812524996193, 0.9766149285978826, 0.9885657701256844, 0.9939271088278495, 0.9588950568047337, 0.6436278692812051, 0.5529386278846343, 0.9966445884180072, 0.9889593380097352, 0.06839631442906158, 0.994627643310492, 0.5306822018345975, 1.0, 0.9999974870686175, 0.6566422324061814, 0.9999974870686175, 0.24686610786080365, 0.0, 0.38048393697459604, 0.8962030902990448, 0.08013164663216088, 0.0, 0.0002249459634003914, 0.20467445767025305, 0.3228733065754732, 0.4490991515498609, 0.8343784914260697, 0.8176004689407643, 0.9770375003536322, 0.988706031366476, 0.7756393376515048, 0.922695175752624, 0.9965313143073029, 0.8801344172160472, 0.9762662686727822, 0.9996556855155768, 0.7332400286465663, 0.9721030051595463, 0.950627506575274, 0.002241842200148003, 0.0019662873475535525, 0.9679907839988512, 0.0, 0.7559935402376262, 0.002241834097803652, 0.6137809309774291, 0.9853316576284349, 0.002241842200148003, 0.5138390146887982, 0.1853341318265621, 0.5323613751344304, 0.5573950980465558, 0.03392631400591428, 0.8381995770335922, 0.6247507633514037], [0.8205057399319572, 0.6278205076602247, 0.9368267061524013, 0.9960752430084564, 0.9932870940227694, 0.7728831947020542, 0.9766173827703525, 0.9885682543298745, 0.993764292967952, 0.9586206046793557, 0.6436294866779408, 0.5527713661909464, 0.9964585871914903, 0.9889618232029369, 0.06839648630473849, 0.9944903847825768, 0.5296844890280022, 0.9999974870686175, 1.0, 0.6566438825072008, 1.0, 0.24477692702462683, 0.0, 0.37843785351061754, 0.89570151013278, 0.08011007981607277, 0.0, 0.0, 0.20397999725456217, 0.32287411793597665, 0.44744746311586303, 0.8343805881672347, 0.8175823632707675, 0.9765672978247028, 0.9883675666626448, 0.7754096043559006, 0.9218302240780857, 0.9963758258068871, 0.8791466345664092, 0.9757782912960359, 0.999594348671343, 0.7332418712330756, 0.971575356679405, 0.9499293973065439, 0.0, 0.0, 0.9674368760004003, 0.0, 0.7559554516697405, 0.0, 0.6136166579573733, 0.9849976070628579, 0.0, 0.5119252822074887, 0.1831306625513126, 0.5322946193273437, 0.5555331283305814, 0.031821415949278786, 0.8382016833769073, 0.6229987086779437], [0.9185524463002384, 0.9926568668635632, 0.6183164445648487, 0.7027981370655679, 0.6598997557488264, 0.9850571681165252, 0.7773387455089754, 0.7339613317874594, 0.6620068716734601, 0.6584782279963628, 0.9933283628557712, 0.8985668400733723, 0.6543184354510603, 0.6661509998924737, 0.16779524892939635, 0.6625560987885687, 0.42942403806000895, 0.6566422324061814, 0.6566438825072008, 1.0, 0.6566438825072008, 0.3596022486141124, 0.7456752022976539, 0.2982129132331872, 0.8742580818903363, 0.7958471466675261, 0.7469328444665109, 0.749083261284357, 0.8263736684100987, 0.9231150379648682, 0.6516670576613236, 0.9588986888325826, 0.9666594527746081, 0.6461408537193555, 0.6490055163175538, 0.9736822568453589, 0.6098405788268911, 0.6897803330041669, 0.7108700816350547, 0.6407388456628714, 0.6563775140438073, 0.9885139977915666, 0.6392751362672299, 0.6237653275550943, 0.0, 0.0543166580851111, 0.6408948470895041, 0.113080963226452, 0.9852691358830076, 0.00030402334451418156, 0.9891269730090236, 0.7102684857048694, 0.0, 0.40461595707451625, 0.12025162926380994, 0.9803797444999773, 0.38194084276285534, 0.27634765784486093, 0.9595774070342427, 0.4090882908632576], [0.8205057399319572, 0.6278205076602247, 0.9368267061524013, 0.9960752430084564, 0.9932870940227694, 0.7728831947020542, 0.9766173827703525, 0.9885682543298745, 0.993764292967952, 0.9586206046793557, 0.6436294866779408, 0.5527713661909464, 0.9964585871914903, 0.9889618232029369, 0.06839648630473849, 0.9944903847825768, 0.5296844890280022, 0.9999974870686175, 1.0, 0.6566438825072008, 1.0, 0.24477692702462683, 0.0, 0.37843785351061754, 0.89570151013278, 0.08011007981607277, 0.0, 0.0, 0.20397999725456217, 0.32287411793597665, 0.44744746311586303, 0.8343805881672347, 0.8175823632707675, 0.9765672978247028, 0.9883675666626448, 0.7754096043559006, 0.9218302240780857, 0.9963758258068871, 0.8791466345664092, 0.9757782912960359, 0.999594348671343, 0.7332418712330756, 0.971575356679405, 0.9499293973065439, 0.0, 0.0, 0.9674368760004003, 0.0, 0.7559554516697405, 0.0, 0.6136166579573733, 0.9849976070628579, 0.0, 0.5119252822074887, 0.1831306625513126, 0.5322946193273437, 0.5555331283305814, 0.031821415949278786, 0.8382016833769073, 0.6229987086779437], [0.5846182048535556, 0.36126346745052074, 0.5543448337664353, 0.3168897885818235, 0.33051787118763865, 0.3578075988998366, 0.2819421962738371, 0.26761953357279555, 0.31198924031681474, 0.34976950968517573, 0.3616604732134734, 0.37551174494135386, 0.3222922389023686, 0.24207503602828717, 0.020346147218229804, 0.3015407629175453, 0.5450658932589655, 0.24686610786080365, 0.24477692702462683, 0.3596022486141124, 0.24477692702462683, 1.0, 0.26669919596588065, 0.9557236053968396, 0.5310718158310246, 0.29448989804989556, 0.26668136795869546, 0.3530787704117886, 0.5865615353107302, 0.32435623521054047, 0.9148389601583824, 0.35123871181437316, 0.36205342552553543, 0.43557596250336195, 0.3836989633340291, 0.45227656225809665, 0.586917252844523, 0.32228721765713364, 0.6746200378168294, 0.44277294775531717, 0.2712265153293911, 0.36082758681538607, 0.4582353733585376, 0.5237934405358899, 0.932177984543474, 0.8175998188252415, 0.4681369864336402, 0.0, 0.36900235962292194, 0.932174615516429, 0.4288074021154791, 0.4037379673784838, 0.932177984543474, 0.9456248140196845, 0.9612396939974259, 0.38423857714818166, 0.9169208978555361, 0.9744232070026521, 0.3504478894589276, 0.8816666422905048], [0.5039354124860383, 0.7783581503146595, 0.0, 0.0653520756450463, 0.0, 0.6322614694843844, 0.16081336235435595, 0.09614140016796113, 0.0, 0.0, 0.7653372353927974, 0.6377206099571807, 0.0, 0.0, 0.01351434700888643, 0.0, 0.0, 0.0, 0.0, 0.7456752022976539, 0.0, 0.26669919596588065, 1.0, 0.04467791972748336, 0.38368067467929634, 0.9967387282545774, 0.9999331531273629, 0.9731721587042046, 0.9285965912845985, 0.9198531698527125, 0.44267033836520897, 0.5511887463380393, 0.5757247830488745, 0.0, 0.0, 0.6229445236698457, 0.002462106348760762, 0.04762964116357582, 0.17914478288753033, 0.0, 0.0, 0.6799679097359063, 0.0, 0.0, 0.0, 0.0, 0.0, 0.0, 0.6274276268201853, 0.0, 0.7861322819245444, 0.08512530998378887, 0.0, 0.0901216424232889, 0.0, 0.8460141051805534, 0.023003866109046256, 0.342578536797151, 0.5447165172318116, 0.0], [0.5824306000630354, 0.27236646826787236, 0.6769571118461634, 0.4343779831271667, 0.4713218370360145, 0.32854181382220093, 0.397464969444973, 0.3952501674260571, 0.4555388884099216, 0.5127419491503915, 0.2777674369618739, 0.3833964080001131, 0.45387595769138134, 0.395748012595612, 0.17115291252391251, 0.44549779841414816, 0.7120227316484948, 0.38048393697459604, 0.37843785351061754, 0.2982129132331872, 0.37843785351061754, 0.9557236053968396, 0.04467791972748336, 1.0, 0.5613200914479451, 0.08371507127170463, 0.04635169244981996, 0.16512531214899095, 0.40174445202708153, 0.19558930374014283, 0.8979071109023825, 0.34038716536051794, 0.34397274991069826, 0.568346613045194, 0.5129041969014272, 0.41564037169212487, 0.7056546508136239, 0.443544693943815, 0.7439304908144084, 0.5690236576954006, 0.40428997774802133, 0.3078660315419992, 0.5852490542227504, 0.6448018509738472, 0.9131037198790126, 0.8705272519556815, 0.5999363489764468, 0.14501817562709385, 0.35735612058976196, 0.9134903077907225, 0.33487507696268404, 0.5136307679229989, 0.9131037198790126, 0.9793650129900969, 0.9669654162167142, 0.2669730785189811, 0.9702125492101972, 0.8847069797332071, 0.3453859442258065, 0.9500169009571865], [0.988401340868922, 0.8609807570584496, 0.9174792110764268, 0.9306757452226487, 0.9107562726209267, 0.9348591518363694, 0.9364586439348933, 0.9223496755536502, 0.9066884530261686, 0.8863926340171323, 0.8701450100161136, 0.7567060883583966, 0.9114266969334041, 0.885814598506538, 0.06644802984914999, 0.9047769314219952, 0.574591136670929, 0.8962030902990448, 0.89570151013278, 0.8742580818903363, 0.89570151013278, 0.5310718158310246, 0.38368067467929634, 0.5613200914479451, 1.0, 0.4563663138532378, 0.38365502682610275, 0.39593768616205083, 0.6086592660257952, 0.6421287198330217, 0.7363142571005531, 0.9588364229174837, 0.9552252459652006, 0.9220955805997991, 0.9194616460486288, 0.9567729218725282, 0.9135711039811247, 0.9265682860809957, 0.9554318580790119, 0.9231705567110258, 0.9017388643414637, 0.9176563977237946, 0.9233818634898852, 0.9210764093929433, 0.2247397264025599, 0.19711596136820997, 0.9223064362279199, 0.0, 0.9218510267204255, 0.22473891416044633, 0.867863718473147, 0.9486607479614058, 0.2247397264025599, 0.6850865951589789, 0.3849694699898224, 0.8082025726046148, 0.6932162977557994, 0.37096264941044055, 0.9597757144369922, 0.7338174366178458], [0.5706203423907525, 0.8261144638500468, 0.07843491432424565, 0.14551422367046785, 0.08048253523980675, 0.6921152274343185, 0.23852580276292024, 0.17502213869402994, 0.08032654555073515, 0.07799432142340146, 0.8144024722410388, 0.6806538528548405, 0.08064283609637479, 0.07922581059183609, 0.018949521027839977, 0.08027402610996326, 0.04676015287655988, 0.08013164663216088, 0.08011007981607277, 0.7958471466675261, 0.08011007981607277, 0.29448989804989556, 0.9967387282545774, 0.08371507127170463, 0.4563663138532378, 1.0, 0.9966720993877572, 0.9709726719622743, 0.9449191254418717, 0.9427187500583296, 0.48423043035447966, 0.6162334655682711, 0.6394310948624274, 0.08028006729048953, 0.08065492972484933, 0.6840345243561489, 0.08005830525204805, 0.12797835557939718, 0.25327693012208863, 0.08029383823498637, 0.08035412653895468, 0.7364904144330587, 0.08012891963277191, 0.07913292894346513, 0.009709928388517253, 0.008516437657713816, 0.07991107651721929, 0.0, 0.686114264526032, 0.00970989329542149, 0.8334435528292666, 0.16521349989234846, 0.009709928388517253, 0.13913248888950025, 0.02421633172639559, 0.8861921158403547, 0.07550330823937135, 0.3531276497731676, 0.6100884524021891, 0.057503804270933156], [0.5043107453301418, 0.7783061195065193, 0.0003225871037765282, 0.06534770706316906, 0.0007836217059667971, 0.6328415375249445, 0.16245233553881544, 0.09747788812242741, 0.0009670323828172567, 0.0029658195131179177, 0.7652860749920987, 0.6438190982407361, 0.0, 0.001713208353982698, 0.02504771650446147, 0.0009744396398375654, 0.00834453125610235, 0.0, 0.0, 0.7469328444665109, 0.0, 0.26668136795869546, 0.9999331531273629, 0.04635169244981996, 0.38365502682610275, 0.9966720993877572, 1.0, 0.9755010507800534, 0.9285345175065296, 0.9223673337506922, 0.44547970157657046, 0.5511519010941138, 0.5757369416896255, 0.0004993747684324257, 0.0, 0.6229028817766119, 0.0027370394355760164, 0.04762645727101922, 0.17913280761904504, 0.0, 0.0, 0.6799224560076468, 0.00013252708316180417, 0.0, 0.0, 0.005553820372473317, 0.000576003085173582, 0.011562407914012085, 0.6295347932667482, 3.108606280277648e-05, 0.7860797314400186, 0.08511961962303416, 0.0, 0.09024464378060304, 0.0, 0.8459575517834151, 0.02300232837253835, 0.34255563649333354, 0.5449864220077372, 0.0], [0.5245832406671603, 0.757476481386729, 0.04076291608795679, 0.06958837154334863, 0.023438187250385267, 0.626443239861046, 0.186040328660937, 0.11760942343631942, 0.02471548554171643, 0.06549997768993931, 0.7448048895039167, 0.7381280685554293, 0.00843706886862261, 0.03067805948918645, 0.21969357025744485, 0.02370431903721093, 0.19413869864913746, 0.0002249459634003914, 0.0, 0.749083261284357, 0.0, 0.3530787704117886, 0.9731721587042046, 0.16512531214899095, 0.39593768616205083, 0.9709726719622743, 0.9755010507800534, 1.0, 0.9347897685188534, 0.9412971719561705, 0.555607166493784, 0.5364015421272539, 0.5620885269487824, 0.030097237219089856, 0.015260079132605742, 0.6166018221177069, 0.04613913020315086, 0.05342321968634389, 0.21864851192794332, 0.02195051213529864, 0.0028577258675627215, 0.6617258385672776, 0.026098762683864796, 0.031352632877963416, 0.10033978456893555, 0.1874576590787349, 0.03521484477264569, 0.20704559197350236, 0.6508685034109754, 0.10089607347530283, 0.7724635539090354, 0.09790371493902372, 0.10033978456893555, 0.17572622309987485, 0.09864289654918479, 0.8263650807569335, 0.10578675624859557, 0.4276019477847357, 0.5355881093140437, 0.07848807366001886], [0.7182515284606364, 0.8508435506096684, 0.2991848254896323, 0.2823699230852763, 0.23167075915791768, 0.7447685572972128, 0.3485411511715242, 0.2909247262814524, 0.2255674563604958, 0.23382364383888832, 0.8419770888944517, 0.7282604334335437, 0.22932403602290174, 0.20172842998180185, 0.026500891654551384, 0.2221817613470749, 0.2461923442502596, 0.20467445767025305, 0.20397999725456217, 0.8263736684100987, 0.20397999725456217, 0.5865615353107302, 0.9285965912845985, 0.40174445202708153, 0.6086592660257952, 0.9449191254418717, 0.9285345175065296, 0.9347897685188534, 1.0, 0.9200323796977113, 0.7308826609187421, 0.682028941087547, 0.7041742617704085, 0.2645589177918646, 0.2487533941859521, 0.7686690641150916, 0.3102466540503186, 0.26931656299257145, 0.4825771626948754, 0.2668555994471171, 0.21272622768409633, 0.7809825580447289, 0.27148252541456364, 0.2906308965389863, 0.3100008570547075, 0.2718972650783278, 0.27426807358255734, 0.0, 0.7423564999223002, 0.309999736666446, 0.8780940991740048, 0.32650150659548693, 0.3100008570547075, 0.45291705851148367, 0.34211329508422494, 0.9035991954395517, 0.39234427150186735, 0.6156835383891343, 0.6767982781918694, 0.3695690331377217], [0.736346806960335, 0.9186822044805457, 0.30869204893074875, 0.381721229422769, 0.335803924332874, 0.8431215387696027, 0.4950326672101544, 0.43349162536428376, 0.33949158358434695, 0.3666531632864731, 0.9118091847711018, 0.883399467376241, 0.321730687399182, 0.3523167920940362, 0.2567335919012561, 0.33986872780846733, 0.3317868766867088, 0.3228733065754732, 0.32287411793597665, 0.9231150379648682, 0.32287411793597665, 0.32435623521054047, 0.9198531698527125, 0.19558930374014283, 0.6421287198330217, 0.9427187500583296, 0.9223673337506922, 0.9412971719561705, 0.9200323796977113, 1.0, 0.6063561197697507, 0.7764126119335855, 0.7945341574774322, 0.3249292427412287, 0.3191183062827291, 0.8233771867855917, 0.3051999194881443, 0.3655162422933915, 0.44864059057368255, 0.31505355510328203, 0.32274314362104706, 0.8622154595768008, 0.3162497987180648, 0.3067076162568043, 0.0, 0.10699972048382134, 0.32345758447632234, 0.22276097027751995, 0.8626243854362521, 0.0005989030627141512, 0.9212472086406472, 0.3963330197727509, 0.0, 0.2506719074263968, 0.05912815113828607, 0.9500729120878207, 0.20052744795322386, 0.3253962646024606, 0.7775943446174796, 0.20115015853964358], [0.796128568623879, 0.6254727592137893, 0.6830972002824857, 0.5186295877654403, 0.5301961722324761, 0.6389235503329129, 0.5432049167786783, 0.5134087257365803, 0.5195578886107167, 0.5829619887114103, 0.6267824739554331, 0.7155084730105863, 0.5078550695854216, 0.47888923983644416, 0.28152191595028575, 0.5116358397139827, 0.7427534978160911, 0.4490991515498609, 0.44744746311586303, 0.6516670576613236, 0.44744746311586303, 0.9148389601583824, 0.44267033836520897, 0.8979071109023825, 0.7363142571005531, 0.48423043035447966, 0.44547970157657046, 0.555607166493784, 0.7308826609187421, 0.6063561197697507, 1.0, 0.617336386293106, 0.6283868104701544, 0.6030057692138866, 0.5543675094936422, 0.698905462065391, 0.7046138064962598, 0.5188677252755071, 0.7982446522828562, 0.5978930920730526, 0.46826338049368843, 0.6290888398138454, 0.6118696164407076, 0.6554100873063721, 0.7372565467189698, 0.7645750207874854, 0.6280676198747145, 0.24553314155695805, 0.6747818703061184, 0.7379140092537121, 0.6770888995348505, 0.5890876524203529, 0.7372565467189698, 0.9014705791087724, 0.8067298436019993, 0.6350725628726347, 0.8715450642953301, 0.8581348978417117, 0.6226858544993775, 0.8554581192096821], [0.9623775901225406, 0.9528634975189224, 0.7816700180902137, 0.8671271757655988, 0.8287794697296417, 0.9933741413030157, 0.9035091018407744, 0.8778342193209794, 0.8291776352661959, 0.799854423961591, 0.9588772209580926, 0.8127261211606358, 0.8314257020651273, 0.8251705477190073, 0.0645176564569252, 0.829783472181546, 0.44195845549824564, 0.8343784914260697, 0.8343805881672347, 0.9588986888325826, 0.8343805881672347, 0.35123871181437316, 0.5511887463380393, 0.34038716536051794, 0.9588364229174837, 0.6162334655682711, 0.5511519010941138, 0.5364015421272539, 0.682028941087547, 0.7764126119335855, 0.617336386293106, 1.0, 0.9995078745454695, 0.8148287963438625, 0.8246747115973961, 0.9903467327927283, 0.7705143298683313, 0.8576095697738466, 0.8322854743275435, 0.8141704646124057, 0.8340421205730391, 0.9865934435057286, 0.8106636175549528, 0.7926026492419809, 0.0, 0.0, 0.8072105496118861, 0.0, 0.9765856014372948, 0.0, 0.9452970949055377, 0.8687829956160277, 0.0, 0.4768145531711797, 0.1528006699310196, 0.9104497515713706, 0.4762055304844277, 0.21537660597561503, 0.9996208278214153, 0.5198180289741304], [0.9635198158667713, 0.9614150515869301, 0.7691907613873441, 0.8525351587172025, 0.8132338524091133, 0.9961400176909733, 0.89167433245506, 0.8640956780281348, 0.8135136093259434, 0.7859853800644976, 0.9668437305946455, 0.8220905602324935, 0.8154431170258879, 0.8092067405237462, 0.06806970746620933, 0.8140075444906032, 0.4402292243225385, 0.8176004689407643, 0.8175823632707675, 0.9666594527746081, 0.8175823632707675, 0.36205342552553543, 0.5757247830488745, 0.34397274991069826, 0.9552252459652006, 0.6394310948624274, 0.5757369416896255, 0.5620885269487824, 0.7041742617704085, 0.7945341574774322, 0.6283868104701544, 0.9995078745454695, 1.0, 0.8005093373910899, 0.8094395359340958, 0.9935351620615485, 0.7586727104421919, 0.8426746211896379, 0.8258840249985282, 0.799746379128363, 0.8175068261656844, 0.9909599992447191, 0.7965194278690234, 0.7794554199714212, 0.008992692872836106, 0.009991253607529282, 0.7934091691905636, 0.004380060137481712, 0.9802560066863409, 0.009004436364056567, 0.9549431278629518, 0.8556753266376294, 0.008992692872836106, 0.47815693037213824, 0.15856501356247554, 0.9225391228852031, 0.4749124954555226, 0.23169127235674003, 0.9990217507484799, 0.5163870465297341], [0.8592096443656035, 0.6131089766846787, 0.9895927749445074, 0.9853197562031575, 0.9927027604979347, 0.7570970767437789, 0.9598948733545628, 0.9704196705129658, 0.9896367734220749, 0.9732732692541198, 0.6285475086053772, 0.5786183551096035, 0.9908368433919842, 0.9721871893044319, 0.10987819108075747, 0.9879701523491222, 0.6423972648817493, 0.9770375003536322, 0.9765672978247028, 0.6461408537193555, 0.9765672978247028, 0.43557596250336195, 0.0, 0.568346613045194, 0.9220955805997991, 0.08028006729048953, 0.0004993747684324257, 0.030097237219089856, 0.2645589177918646, 0.3249292427412287, 0.6030057692138866, 0.8148287963438625, 0.8005093373910899, 1.0, 0.9972719300603351, 0.7790281769605352, 0.9828190528671236, 0.9878864330179279, 0.9516496215346287, 0.9990355967463221, 0.9821758070851934, 0.7160600328420132, 0.9991560567267216, 0.9935481531961409, 0.2108340076335733, 0.20566485848955418, 0.9992396829008448, 0.04318951313136965, 0.7500297122381668, 0.21094936263127173, 0.6148320298057344, 0.9935650137531503, 0.2108340076335733, 0.6805093621503742, 0.38610792191863386, 0.5262253631016275, 0.7177556813335355, 0.2290383727241101, 0.8197045521897113, 0.7733193467644943], [0.851647093386715, 0.6205174274570426, 0.9789577032241937, 0.9935667682214588, 0.9959893899889442, 0.7638926824621205, 0.965256946169174, 0.9770688000119566, 0.9934190508132468, 0.9662514557227224, 0.6361425095802036, 0.5577823671715947, 0.9976553321329539, 0.9774577907213395, 0.06760086873728932, 0.9924030397663574, 0.5912969728515495, 0.988706031366476, 0.9883675666626448, 0.6490055163175538, 0.9883675666626448, 0.3836989633340291, 0.0, 0.5129041969014272, 0.9194616460486288, 0.08065492972484933, 0.0, 0.015260079132605742, 0.2487533941859521, 0.3191183062827291, 0.5543675094936422, 0.8246747115973961, 0.8094395359340958, 0.9972719300603351, 1.0, 0.7821067376454296, 0.9699415849097982, 0.9955035706099633, 0.9360799470432282, 0.9976977926163879, 0.9922980612832567, 0.7247124840457992, 0.9962342745422965, 0.