"[[1.0, 0.9581825497476095, 0.9093212057470921, 0.946444276962477, 0.8973223710660375, 0.9828547477212869, 0.9633686906464412, 0.9007917738927256, 0.8873156183751721, 0.9011910207989546, 0.9890663446420285, 0.9366340820043116, 0.873665855720076, 0.9266176534469331, 0.514931861938705, 0.9058294129657792, 0.6929831250613383, 0.8713367579324407, 0.8887112409178666, 0.7634691130960226, 0.885705080826552, 0.8974826217855231, 0.6854020489810488, 0.90801674575379, 0.9895791020441048, 0.8017081916242332, 0.663562492613894, 0.762473841477872, 0.8911474650535308, 0.9205014531517014, 0.8949851061942731, 0.8550919677878941, 0.9613391578380526, 0.8974151599060145, 0.9111284562717518, 0.9552067064257743, 0.9407330081283093, 0.944540642911474, 0.9185157383395491, 0.9400520366943694, 0.8756221986935682, 0.952995605621159, 0.8826664210977624, 0.9196629347828637, 0.4361306298955723, 0.5231599037522334, 0.8896908473905044, 0.4475122581456047, 0.9926008186282566, 0.7235736380112411, 0.8742198885571756, 0.9527345383321266, 0.5161019771930182, 0.7978163272005292, 0.753704457103033, 0.9522286467859223, 0.7468281300773226, 0.8770721284248008, 0.9129103941077819, 0.7452790680755716], [0.9581825497476095, 1.0, 0.7808494333042981, 0.8941696532433798, 0.781650152116438, 0.9881849624477167, 0.9202658011596021, 0.915720754435876, 0.7869917869144559, 0.8054657054929355, 0.984885423785765, 0.9132527749771392, 0.7554042457194593, 0.8733376774416333, 0.5007809738007731, 0.8078120226787766, 0.5606303351075332, 0.7799751708658615, 0.8516617756321594, 0.8814835015874963, 0.7931452934603137, 0.7711567042989255, 0.7339051214299578, 0.7567173682175385, 0.910394452638939, 0.8366262435149603, 0.6718240361894786, 0.7613301944904448, 0.9005837554953252, 0.8977190473686332, 0.7547297368644583, 0.9358513291749113, 0.9357667541939808, 0.7713194402099331, 0.801157986164577, 0.8993135120190086, 0.8244923441267871, 0.8784911253337413, 0.7933889469599883, 0.8416820333210739, 0.7754674865265602, 0.9452981802032372, 0.7514528644758771, 0.8131915217705007, 0.19319536219675537, 0.2797736187278257, 0.7532209447198069, 0.28178423670891206, 0.9637506375606228, 0.5758451468630317, 0.8826480294503561, 0.8575762763001871, 0.25334405113033776, 0.6483348249067246, 0.5435840979992881, 0.9407055584072429, 0.5669626827064, 0.7602803126371974, 0.9244489343600042, 0.5477458466651086], [0.9093212057470921, 0.7808494333042981, 1.0, 0.9609752046090169, 0.9952290629041649, 0.8575784270331761, 0.9516294163684744, 0.8560661801483543, 0.9852906775649077, 0.9670641870574543, 0.8405227450539479, 0.8194749503882031, 0.980380622004956, 0.9573018282704444, 0.4869423490107766, 0.9895079918510042, 0.7578710390703499, 0.9734066969338792, 0.8905215540115127, 0.5696256564263279, 0.9648479707097782, 0.8337446628258681, 0.3552792258669042, 0.9270137016013186, 0.9561873448122997, 0.5304912486382924, 0.36541034927845417, 0.49003836238498666, 0.6444985856031458, 0.724052699208332, 0.8670653100448485, 0.7337425580624949, 0.8568431099858063, 0.9986575297471469, 0.9940335980406276, 0.8675083386799937, 0.9955861310105653, 0.9640207941722444, 0.9412051891293864, 0.9903272459255836, 0.9804800607750181, 0.8221702537343506, 0.9961827217852637, 0.9854725908537584, 0.528461881354249, 0.6256763751510144, 0.9966184728531668, 0.4914098408910277, 0.8729019057999766, 0.6909471111399087, 0.698009992873269, 0.9816005614878274, 0.6946822591036327, 0.8199181696200238, 0.8720265252709651, 0.786849326869455, 0.8334259796949967, 0.7804601521662669, 0.7888539423467159, 0.9035169414376519], [0.946444276962477, 0.8941696532433798, 0.9609752046090169, 1.0, 0.9698958629304073, 0.9423750332270728, 0.997822491639266, 0.9604387551333621, 0.9788180361931453, 0.9654565921003313, 0.9098860269397308, 0.8742880351988719, 0.9484081805548825, 0.9972753423240415, 0.5370500814541574, 0.983352795032301, 0.7018825382391105, 0.973399673385179, 0.9306633668856596, 0.7554598765882967, 0.9577051343723608, 0.770611160211938, 0.42043483419473304, 0.8512084494425187, 0.9600756126637928, 0.5963586504356295, 0.39073071825751815, 0.5200581566614241, 0.700793278113811, 0.7524929192308175, 0.7950640016227091, 0.892829996224367, 0.9001149004383187, 0.9624550437118073, 0.9733605851773802, 0.8781196902824718, 0.9665958710517547, 0.9841822180306156, 0.8891307737877079, 0.9799353172209635, 0.9712701888915867, 0.8801904518194102, 0.9541266307950176, 0.9648803525354841, 0.3084303198259244, 0.41937495430958704, 0.9477238879036954, 0.36967104251218275, 0.9211463729273907, 0.5985319296504016, 0.7551524340134953, 0.9713821564564823, 0.47709374184147757, 0.7235904312826861, 0.723975507798627, 0.8353682249461514, 0.7089395438444631, 0.7183751956448846, 0.8641394588027955, 0.774273092376572], [0.8973223710660375, 0.781650152116438, 0.9952290629041649, 0.9698958629304073, 1.0, 0.8536442990151113, 0.9588816567551037, 0.8703694196889649, 0.9918989445592701, 0.959275159377296, 0.8283425013961687, 0.790459922875041, 0.9916075356243184, 0.9669398266527529, 0.44883296565434194, 0.9973333690469424, 0.7082509384145405, 0.9907793104837851, 0.9183000939159406, 0.5776607887027944, 0.9825023845066294, 0.783270798368426, 0.3112719888006632, 0.887737489341432, 0.941647641020205, 0.5125335060149891, 0.3054039689194392, 0.4340043458743388, 0.6115151598477763, 0.6970650552578623, 0.8179146404337706, 0.760622939346014, 0.8599934083991614, 0.9986545983308067, 0.998997557435003, 0.861975131429698, 0.9892375742964746, 0.9759349420102457, 0.9317915915041161, 0.9928485852558547, 0.9949053442936578, 0.8263929537455648, 0.9981717032666991, 0.9913185229092081, 0.4625224708975202, 0.5574086686243126, 0.9954187432251516, 0.41113426313202517, 0.8540698770476935, 0.6184828679924869, 0.7016579295195258, 0.982218595486478, 0.6421125239128549, 0.8040552924798002, 0.8428670795272716, 0.7776288589384026, 0.8190641125330529, 0.7288404014822506, 0.8063524514285333, 0.8944996328157533], [0.9828547477212869, 0.9881849624477167, 0.8575784270331761, 0.9423750332270728, 0.8536442990151113, 1.0, 0.9606526069790446, 0.9467583208906447, 0.8622605053435882, 0.8853833409562257, 0.9910876785524789, 0.9494942285664795, 0.8204069492877256, 0.9280500130886964, 0.5732021915749791, 0.8753735589383624, 0.6672035179816036, 0.8449422643624159, 0.8675160392274026, 0.8671799650235903, 0.8447979468070743, 0.8218322393926792, 0.6770194211322011, 0.8303007040284306, 0.9554983130160764, 0.7807363260636644, 0.6374483011203854, 0.7402383475304897, 0.8766508134073943, 0.8832544126747159, 0.8184343597512171, 0.9286243145394139, 0.9346752942187733, 0.8475775422511229, 0.8675843269009038, 0.9068945872419072, 0.8901052091018815, 0.9192403703874125, 0.8387770839366168, 0.8996405129479244, 0.8428113735592244, 0.9342153287584813, 0.8287347559057434, 0.8704617959446874, 0.27099968696355214, 0.37360393971386374, 0.8294369213365187, 0.3857433497630045, 0.9860541494854652, 0.653167398445868, 0.8463369815220314, 0.9080040289151159, 0.36076596922359694, 0.6824599132682708, 0.6236987775719361, 0.9266589629072127, 0.6198270026807374, 0.7956949128796872, 0.903603342674156, 0.6275116898481852], [0.9633686906464412, 0.9202658011596021, 0.9516294163684744, 0.997822491639266, 0.9588816567551037, 0.9606526069790446, 1.0, 0.9611897224784242, 0.9648433024437152, 0.9542353494598197, 0.9340872099044202, 0.8892502607758818, 0.9381167258030109, 0.9913271609341089, 0.5276686685814749, 0.9729975921244001, 0.6884120707762379, 0.9600508597019878, 0.9357395271704093, 0.7730765454506735, 0.9509955964745237, 0.7886428480885408, 0.4764749417674684, 0.8556958579372425, 0.9691923575067529, 0.6463933451164298, 0.4423112390235293, 0.5665981426222997, 0.7435835557776153, 0.7905923932953942, 0.806873408773984, 0.9042240400067495, 0.9227940481529374, 0.9513777485700136, 0.9650560820730557, 0.9005076248056885, 0.9633755381887122, 0.9850131572896843, 0.8963960002608582, 0.9767460501945321, 0.9581871162177727, 0.906447167945447, 0.9417355821197844, 0.9607251106173263, 0.31216346710815124, 0.41826943459846344, 0.937259869780562, 0.36320761245323296, 0.9408511860500332, 0.6079309068173417, 0.7912422783445888, 0.9726043443396944, 0.4647779152074011, 0.736464954252034, 0.7204900867794989, 0.8676565780947612, 0.7122711808481355, 0.7432618176680742, 0.8889972277954606, 0.763569412096563], [0.9007917738927256, 0.915720754435876, 0.8560661801483543, 0.9604387551333621, 0.8703694196889649, 0.9467583208906447, 0.9611897224784242, 1.0, 0.9090154181025177, 0.923104550389461, 0.8958720824458616, 0.8952014625522359, 0.8278810873865814, 0.9670129376036797, 0.6542959659521642, 0.9027568976661398, 0.6856450896306426, 0.8922490382193368, 0.8470497276655345, 0.8985537715151463, 0.8513681378480918, 0.6646442079049438, 0.42287880936978495, 0.7327018121744495, 0.8894919944831937, 0.5523251035411805, 0.37885181465922746, 0.5088633268726068, 0.6789420903573867, 0.6872431542250146, 0.6869853547509882, 0.9673404030915043, 0.8258973401936508, 0.8569421530915491, 0.8733094013558194, 0.7758916022793315, 0.8636190483234235, 0.9066233603193438, 0.7404117551176762, 0.8860668326812081, 0.8819582066532023, 0.8180304345615339, 0.840565702630799, 0.8541310156247891, 0.0812315725902868, 0.21809962574142727, 0.8261692354375544, 0.3268510406602336, 0.8990662829445518, 0.5259525001249993, 0.6797487582435837, 0.8713610891757184, 0.25343769364965674, 0.5243286125337612, 0.5146234357797099, 0.7733838230879124, 0.49115343429833014, 0.603943390743211, 0.807122786963538, 0.5681929882502749], [0.8873156183751721, 0.7869917869144559, 0.9852906775649077, 0.9788180361931453, 0.9918989445592701, 0.8622605053435882, 0.9648433024437152, 0.9090154181025177, 1.0, 0.9802606960582397, 0.8237608752227951, 0.8150233924963085, 0.9710112971597447, 0.9837920430465149, 0.5360217019065984, 0.9965202102560785, 0.7476626578893134, 0.9900626706400548, 0.8927708787285277, 0.6407658988073103, 0.9629142237320665, 0.7508755695923853, 0.2755247059301784, 0.8633521656390578, 0.9299120994697092, 0.4600494050373666, 0.2715879390757534, 0.4082678012259289, 0.5835877594317789, 0.6545061541780501, 0.7915344642382638, 0.7982685199899172, 0.8256899335591414, 0.9890438712102742, 0.9877988552582737, 0.8172324080741566, 0.9741799668836414, 0.9634057024556221, 0.8838103008024784, 0.9797744353014215, 0.9909992168783945, 0.7928247345943263, 0.9856053450812335, 0.9704241907210431, 0.3830970210580895, 0.4983557016016976, 0.9779095718141924, 0.4306177771412405, 0.852808379964566, 0.611651992807437, 0.6484497732276969, 0.9619562234545515, 0.5823332190590955, 0.7247960548395773, 0.7802497042266325, 0.7401366209814668, 0.740945401889009, 0.6842325167624006, 0.7725433711475359, 0.8369433896277012], [0.9011910207989546, 0.8054657054929355, 0.9670641870574543, 0.9654565921003313, 0.959275159377296, 0.8853833409562257, 0.9542353494598197, 0.923104550389461, 0.9802606960582397, 1.0, 0.8500064251351059, 0.8935915126561953, 0.9148922311521065, 0.9752534704873482, 0.6826624009127327, 0.9676637829055947, 0.8544186436016766, 0.9439482085097685, 0.8171681206660512, 0.7070151134252487, 0.9005126971916763, 0.8026344478213154, 0.34582055138017, 0.8951486697983024, 0.939624123122876, 0.4643423607744859, 0.3660570363422391, 0.5005862248699847, 0.6327031127015128, 0.6736480937389588, 0.842877382720443, 0.8002329273393296, 0.7932293522512951, 0.9622774969371686, 0.9534970508213393, 0.7867180697003001, 0.9574732941134505, 0.9237237868019074, 0.8438263823705053, 0.9511986608909001, 0.9461885117931175, 0.7624566523574398, 0.951404491308373, 0.927172762470558, 0.39877905247967393, 0.535938199849558, 0.9447642441918305, 0.5714791329638524, 0.889673935875248, 0.7213720458512763, 0.6056231377480125, 0.9318533234172865, 0.5850440278463283, 0.6655644661342421, 0.747848791500796, 0.731690475274635, 0.6732326850489867, 0.7298793643873053, 0.7199451284697761, 0.7723352335236147], [0.9890663446420285, 0.984885423785765, 0.8405227450539479, 0.9098860269397308, 0.8283425013961687, 0.9910876785524789, 0.9340872099044202, 0.8958720824458616, 0.8237608752227951, 0.8500064251351059, 1.0, 0.945130200427693, 0.799710626333124, 0.887714220338527, 0.5260026458361334, 0.8440029174530798, 0.6497021388505912, 0.8058208415730799, 0.851004975318627, 0.8213154137366667, 0.821944214099273, 0.869215793996326, 0.7564263387630605, 0.8548630731319529, 0.9585044571295628, 0.8467297074377568, 0.7228159538772373, 0.8121411665459735, 0.9296402526822768, 0.9371229711974104, 0.856484987594262, 0.8796134240081426, 0.9514355804685983, 0.8261847318908032, 0.84588663801684, 0.9354712468024651, 0.8813194710344533, 0.9003782004847567, 0.8607585604101832, 0.8840384086878341, 0.8076363841692638, 0.952810030239626, 0.8071665353806425, 0.8572057210179295, 0.35544247265117335, 0.4414613786006415, 0.8142830425060875, 0.410509717700293, 0.993577556581486, 0.6957418481413497, 0.8866425285690103, 0.9011969906085564, 0.41048051427448184, 0.7345894124613749, 0.6622289620991402, 0.9609306249845943, 0.6639107310477187, 0.8570650599619415, 0.9136445227272728, 0.6446732691573062], [0.9366340820043116, 0.9132527749771392, 0.8194749503882031, 0.8742880351988719, 0.790459922875041, 0.9494942285664795, 0.8892502607758818, 0.8952014625522359, 0.8150233924963085, 0.8935915126561953, 0.945130200427693, 1.0, 0.7238990059356905, 0.8713943230812523, 0.7690242226527245, 0.8098535697269463, 0.8388466811438053, 0.7548963044276513, 0.6988104491311812, 0.8538533278959239, 0.7254892096501001, 0.8737209542305568, 0.6804448803799545, 0.8691110147105817, 0.9232611618149439, 0.6843416766230407, 0.6978783720827498, 0.79684162171192, 0.8561663587584321, 0.830721224305563, 0.8791283377544983, 0.8294710427419761, 0.8110615497973538, 0.7974707767452837, 0.7969480995821303, 0.7989443700624714, 0.8434705626509447, 0.8150305137068447, 0.7557446885888857, 0.8278955928771905, 0.7577740874925368, 0.8051439639291544, 0.7712507078620039, 0.7817439334826118, 0.35717106807011223, 0.4896554514649403, 0.7739846392484644, 0.6364359894776287, 0.968465159385567, 0.8195724288080184, 0.6918942449377421, 0.8290991981529413, 0.4387810866750632, 0.5854889063667505, 0.6046202886991496, 0.8288648055637068, 0.5315306549947013, 0.8319344107430556, 0.736908340067197, 0.559433495405069], [0.873665855720076, 0.7554042457194593, 0.980380622004956, 0.9484081805548825, 0.9916075356243184, 0.8204069492877256, 0.9381167258030109, 0.8278810873865814, 0.9710112971597447, 0.9148922311521065, 0.799710626333124, 0.7238990059356905, 1.0, 0.9396064017905966, 0.3297749551872551, 0.9847676094214457, 0.6182879356095577, 0.9867600201507416, 0.9435863656866973, 0.5108617561010836, 0.9948239994479515, 0.7503720847075416, 0.28984538830815154, 0.8571338505530911, 0.9179801044996029, 0.524716998806398, 0.26992420284397034, 0.3926130956395215, 0.58808214945208, 0.6909633336531457, 0.7810642816688287, 0.7298453449588999, 0.8707571402710486, 0.9877186320260567, 0.9930922925805324, 0.8750582455081631, 0.9767064894235962, 0.9757682900007808, 0.945966952743518, 0.98578398753351, 0.9912060362216251, 0.8374275207217033, 0.9918421167164835, 0.9943542715587154, 0.46937154063781206, 0.5426172573179953, 0.9906395222914828, 0.3190457249966696, 0.817191100296537, 0.5492953498741866, 0.7309560995197846, 0.9795144099681029, 0.641294984435531, 0.8430951055250689, 0.8579883731730787, 0.7810001685058634, 0.859802936356272, 0.7059980867374286, 0.8293242250489146, 0.9219692988145809], [0.9266176534469331, 0.8733376774416333, 0.9573018282704444, 0.9972753423240415, 0.9669398266527529, 0.9280500130886964, 0.9913271609341089, 0.9670129376036797, 0.9837920430465149, 0.9752534704873482, 0.887714220338527, 0.8713943230812523, 0.9396064017905966, 1.0, 0.5773395596174564, 0.9823769147503278, 0.7264572524174587, 0.9734493236986521, 0.9083729853249195, 0.7626169230608937, 0.9462323106792039, 0.7466587861666562, 0.37223995103429475, 0.8373913526321062, 0.9448092382887235, 0.5416366836776484, 0.34806409539100736, 0.4824976866173123, 0.6611621393685104, 0.7092537887117932, 0.7771607989631356, 0.8912462192880919, 0.8658627271611151, 0.9595120877599017, 0.9674097961191475, 0.8410846106258368, 0.9571099967089433, 0.9709978893028741, 0.8609625934212853, 0.9701661848034868, 0.9702409442471525, 0.8439272548938856, 0.9507333677271533, 0.952456670979635, 0.280237646550777, 0.4017060793666092, 0.9415527771161459, 0.3874636738232571, 0.9037992793982496, 0.5935335124303304, 0.7058205105430738, 0.9562371563235544, 0.46434383024451253, 0.6814747570046914, 0.700290651033029, 0.7954108867385745, 0.6733751566721299, 0.6857318108240513, 0.8273842820657152, 0.7547419819032649], [0.514931861938705, 0.5007809738007731, 0.4869423490107766, 0.5370500814541574, 0.44883296565434194, 0.5732021915749791, 0.5276686685814749, 0.6542959659521642, 0.5360217019065984, 0.6826624009127327, 0.5260026458361334, 0.7690242226527245, 0.3297749551872551, 0.5773395596174564, 1.0, 0.480252483595065, 0.8817775297696894, 0.42231132710381336, 0.19653939081074745, 0.7160240976688221, 0.30376094970919176, 0.5093068109891921, 0.25971976861856994, 0.5374649428399634, 0.528004638424922, 0.11334500019668026, 0.3454768020766731, 0.43932074606766036, 0.3948017904914263, 0.3063190949374317, 0.55027389377117, 0.5398598322307228, 0.2656602705404787, 0.46309448123703945, 0.4315118271215086, 0.2433024749739061, 0.46864169882226203, 0.38912184998760935, 0.2551471632694393, 0.43722137602528854, 0.41953498312227255, 0.25253051893541123, 0.4308319315646445, 0.3661117589655951, 0.08319852434983777, 0.2725477038390305, 0.41685890123972835, 0.761379833759461, 0.5890903635067819, 0.6876624419043519, 0.07526674643732845, 0.4016668196869996, 0.21301913243852866, 0.023659833404781394, 0.19611545032218125, 0.2807049103597241, 0.01548184767613292, 0.4170630263147814, 0.1681717486136236, 0.1398966281270465], [0.9058294129657792, 0.8078120226787766, 0.9895079918510042, 0.983352795032301, 0.9973333690469424, 0.8753735589383624, 0.9729975921244001, 0.9027568976661398, 0.9965202102560785, 0.9676637829055947, 0.8440029174530798, 0.8098535697269463, 0.9847676094214457, 0.9823769147503278, 0.480252483595065, 1.0, 0.709446826360791, 0.994607604284892, 0.923864894095446, 0.6301066773645589, 0.9806159558824408, 0.7670009769739395, 0.3169583075647687, 0.87126874197584, 0.9435585933772307, 0.5153101744317921, 0.30387940049872697, 0.4357434012926177, 0.618486032910264, 0.6956807803923213, 0.8014533007588924, 0.8028287948602235, 0.8639577855858283, 0.9935570015666787, 0.9965144617445615, 0.8573023441476986, 0.9842534296517335, 0.9808886895856653, 0.9146252866024952, 0.9918912922337365, 0.9962585437379194, 0.833220705146979, 0.9912694278486397, 0.9866041804195197, 0.40409131476163407, 0.5066566009478415, 0.9860676699126161, 0.3939894175980584, 0.8665459704824523, 0.6017914005376553, 0.7033265427079404, 0.9796128951941492, 0.5893451710348668, 0.7707356783771685, 0.8035891974844667, 0.7815582741272489, 0.7806536062127595, 0.7097639089727086, 0.8163400870191695, 0.8601687628356374], [0.6929831250613383, 0.5606303351075332, 0.7578710390703499, 0.7018825382391105, 0.7082509384145405, 0.6672035179816036, 0.6884120707762379, 0.6856450896306426, 0.7476626578893134, 0.8544186436016766, 0.6497021388505912, 0.8388466811438053, 0.6182879356095577, 0.7264572524174587, 0.8817775297696894, 0.709446826360791, 1.0, 0.6475133845425279, 0.41807590992779176, 0.5624482854002543, 0.5680788842253309, 0.7810277778339862, 0.3195293777881949, 0.8328288735271984, 0.7482377141876845, 0.2560225229368438, 0.4312272846229117, 0.5357302371110509, 0.5181775259177569, 0.5024357172700379, 0.8271459346967032, 0.5034903862502286, 0.47925472144780557, 0.7332196888304302, 0.6921915717198038, 0.5030457750732535, 0.7379509377150707, 0.6124605573996477, 0.5916822569571588, 0.6898251067289134, 0.658809744817038, 0.4443797904618312, 0.7122085565773573, 0.642984224752372, 0.5070390859983052, 0.6669370704132019, 0.7117635856159802, 0.8998379152492022, 0.7293205016855419, 0.8957238761687403, 0.27603920058999787, 0.6642290354608585, 0.6428676654675785, 0.4270087542579116, 0.62012654825273, 0.47307690048002915, 0.4460865653314632, 0.6977146713915278, 0.3448464295669571, 0.5557540595692906], [0.8713367579324407, 0.7799751708658615, 0.9734066969338792, 0.973399673385179, 0.9907793104837851, 0.8449422643624159, 0.9600508597019878, 0.8922490382193368, 0.9900626706400548, 0.9439482085097685, 0.8058208415730799, 0.7548963044276513, 0.9867600201507416, 0.9734493236986521, 0.42231132710381336, 0.994607604284892, 0.6475133845425279, 1.0, 0.9363594380361011, 0.6054374735567076, 0.9869377229706245, 0.7016497141495559, 0.24798711433930776, 0.8199575233324311, 0.9101045251221769, 0.47412666949218707, 0.22149880906048303, 0.35571187143821437, 0.5596851409403417, 0.6464286976129894, 0.7386482684458098, 0.8012533419055093, 0.8467682917529197, 0.9827810364342554, 0.989429958225154, 0.8340135428279595, 0.96470136326959, 0.9765673470125111, 0.8946202622208553, 0.9803745684638262, 0.9992610581700334, 0.8157225914269107, 0.9836833563977688, 0.9803958527258281, 0.3465946916056304, 0.44345928042048266, 0.9755060314737446, 0.3085903442218736, 0.8230908005300889, 0.5174661067006918, 0.6866173326101868, 0.9657054428762507, 0.5454825353768638, 0.7504403361379551, 0.774660010178741, 0.7497963361702469, 0.7661077461526795, 0.643347388119927, 0.8127211096449132, 0.8522539104875272], [0.8887112409178666, 0.8516617756321594, 0.8905215540115127, 0.9306633668856596, 0.9183000939159406, 0.8675160392274026, 0.9357395271704093, 0.8470497276655345, 0.8927708787285277, 0.8171681206660512, 0.851004975318627, 0.6988104491311812, 0.9435863656866973, 0.9083729853249195, 0.19653939081074745, 0.923864894095446, 0.41807590992779176, 0.9363594380361011, 1.0, 0.6065196983345411, 0.9713711253147623, 0.6727851708158613, 0.4166470441673893, 0.7441986334665973, 0.8891991894458151, 0.678883232432914, 0.336958425827401, 0.44418873408771864, 0.6739009359726621, 0.7642362602230063, 0.6786439417522301, 0.8324528719378893, 0.9456801721415256, 0.9018677406011234, 0.9319494837949216, 0.9244594836880962, 0.9098554014910727, 0.9741453340271793, 0.913645503286965, 0.9416217521245087, 0.9337711913780461, 0.9326303991067159, 0.9043323660324457, 0.9523820810637584, 0.2877830112685187, 0.3346324344218443, 0.9028937635991535, 0.07932154137020442, 0.8312288945399919, 0.3885731367105343, 0.8692133410711395, 0.9494120974654316, 0.41853816548396794, 0.8173036259911831, 0.7268124857529888, 0.8707580576412716, 0.79402414492415, 0.6558167257805824, 0.9520087227836922, 0.8077700395569315], [0.7634691130960226, 0.8814835015874963, 0.5696256564263279, 0.7554598765882967, 0.5776607887027944, 0.8671799650235903, 0.7730765454506735, 0.8985537715151463, 0.6407658988073103, 0.7070151134252487, 0.8213154137366667, 0.8538533278959239, 0.5108617561010836, 0.7626169230608937, 0.7160240976688221, 0.6301066773645589, 0.5624482854002543, 0.6054374735567076, 0.6065196983345411, 1.0, 0.554999929750946, 0.5119804361471677, 0.5487944478774275, 0.50848879557017, 0.7011633547957267, 0.5627006987704609, 0.49133337962697987, 0.5866910940862516, 0.6911866350571683, 0.6235423078995921, 0.5103145708204043, 0.9372474220553445, 0.6665206980940018, 0.5614554373589835, 0.5867418436945003, 0.5919642864044442, 0.5965013657653114, 0.6651075544307251, 0.46132426766217016, 0.6215636773105634, 0.588623201415493, 0.6848359348392358, 0.5317717647081502, 0.5668596295628398, -0.17547159185475003, -0.035699845505361205, 0.5163844165236638, 0.2615950423916844, 0.8057624207113742, 0.4299060111680628, 0.5764115979277595, 0.6142345363492175, -0.07702920000703095, 0.22952239949152642, 0.17256278132272462, 0.6729614050259672, 0.14943451031346233, 0.4684341746916656, 0.6691064146973879, 0.18864092770533158], [0.885705080826552, 0.7931452934603137, 0.9648479707097782, 0.9577051343723608, 0.9825023845066294, 0.8447979468070743, 0.9509955964745237, 0.8513681378480918, 0.9629142237320665, 0.9005126971916763, 0.821944214099273, 0.7254892096501001, 0.9948239994479515, 0.9462323106792039, 0.30376094970919176, 0.9806159558824408, 0.5680788842253309, 0.9869377229706245, 0.9713711253147623, 0.554999929750946, 1.0, 0.7259066572244439, 0.31826574479814285, 0.8266434102986909, 0.9174789658118915, 0.5648991266401228, 0.279179696590388, 0.4007380074656165, 0.6112038443638236, 0.7104199418389894, 0.750983017204806, 0.7774479310516406, 0.8982516172615193, 0.9741164276365373, 0.9870354631236022, 0.8925940458109438, 0.9667051482805686, 0.9872020168173499, 0.9400871478477428, 0.9838627245417746, 0.9885576077878526, 0.8705414527695013, 0.9776477065492156, 0.992447314729985, 0.4026439275704601, 0.4720069314254569, 0.9751911088999579, 0.24670846352516884, 0.8286179010420416, 0.49946719669522754, 0.7720007689926879, 0.9801889933887038, 0.5697287832411059, 0.8322460451396746, 0.8179740842977073, 0.8094467876274531, 0.8381416963076939, 0.6868093064448805, 0.8719365253164516, 0.8910826515979208], [0.8974826217855231, 0.7711567042989255, 0.8337446628258681, 0.770611160211938, 0.783270798368426, 0.8218322393926792, 0.7886428480885408, 0.6646442079049438, 0.7508755695923853, 0.8026344478213154, 0.869215793996326, 0.8737209542305568, 0.7503720847075416, 0.7466587861666562, 0.5093068109891921, 0.7670009769739395, 0.7810277778339862, 0.7016497141495559, 0.6727851708158613, 0.5119804361471677, 0.7259066572244439, 1.0, 0.7282899558654876, 0.9743909414004451, 0.9150297078582798, 0.7498470655259326, 0.7827393098256826, 0.8493543050327512, 0.8715518508454427, 0.8984582934677837, 0.9951363745550714, 0.5546192396880243, 0.8212877531598987, 0.8057415528910415, 0.7937069189871425, 0.8670263088674376, 0.863636294480781, 0.7789074969496061, 0.8822003697975708, 0.8226628287544442, 0.7215774716132595, 0.8023961326343058, 0.7906480134014212, 0.8027516441858313, 0.753645345870475, 0.8205087805968789, 0.8133769685450519, 0.7135681998611993, 0.9040244319012113, 0.9252688807014754, 0.7454380084354704, 0.8434309606712298, 0.7678918950458195, 0.8364946876588415, 0.8616519245199687, 0.8536452716438362, 0.801109780501484, 0.9913089851396298, 0.7140359979133927, 0.7745291603137395], [0.6854020489810488, 0.7339051214299578, 0.3552792258669042, 0.42043483419473304, 0.3112719888006632, 0.6770194211322011, 0.4764749417674684, 0.42287880936978495, 0.2755247059301784, 0.34582055138017, 0.7564263387630605, 0.6804448803799545, 0.28984538830815154, 0.37223995103429475, 0.25971976861856994, 0.3169583075647687, 0.3195293777881949, 0.24798711433930776, 0.4166470441673893, 0.5487944478774275, 0.31826574479814285, 0.7282899558654876, 1.0, 0.5709844061753386, 0.6054813717391803, 0.9326402437784439, 0.9799737279502433, 0.9692718682778999, 0.9411160434776202, 0.8904678001727916, 0.6615663584200178, 0.48141258960144073, 0.6861360288398825, 0.3210595962928573, 0.3446848462623835, 0.6973246834617376, 0.4358611749901429, 0.4388325859853923, 0.5321734809605791, 0.41635821181632804, 0.2587081108757605, 0.7165627485446578, 0.2952449923994189, 0.38727574227868344, 0.380996073236035, 0.3835158861020115, 0.3245047598138795, 0.3363679172835452, 0.7276795772161707, 0.6101663994412718, 0.7760347944976366, 0.47048708188360866, 0.22952387917814598, 0.5384431395357897, 0.3826231360217356, 0.8074539189819427, 0.4125145715752403, 0.7885593985106063, 0.6527851853361689, 0.2602705998236209], [0.90801674575379, 0.7567173682175385, 0.9270137016013186, 0.8512084494425187, 0.887737489341432, 0.8303007040284306, 0.8556958579372425, 0.7327018121744495, 0.8633521656390578, 0.8951486697983024, 0.8548630731319529, 0.8691110147105817, 0.8571338505530911, 0.8373913526321062, 0.5374649428399634, 0.87126874197584, 0.8328288735271984, 0.8199575233324311, 0.7441986334665973, 0.50848879557017, 0.8266434102986909, 0.9743909414004451, 0.5709844061753386, 1.0, 0.9481478004868905, 0.6412902382295398, 0.6261969631161393, 0.7179289692130566, 0.7785009803450866, 0.828776237539361, 0.9894401438753088, 0.5946512219264674, 0.824799238780171, 0.9071264603544809, 0.8910419321804933, 0.8660279438736593, 0.9390872634431724, 0.8546806124749805, 0.924499957283497, 0.9041839068614795, 0.8376025584915568, 0.7945533847277895, 0.8970027713939308, 0.8893195681494571, 0.7352260753647488, 0.8195304325411337, 0.9123824819706272, 0.7054388453324122, 0.8990259925738343, 0.8953983530589723, 0.7025654233057647, 0.9112917528983037, 0.8138027103095864, 0.8514526201126992, 0.9139096224645964, 0.8171513558499578, 0.8438564138626733, 0.9430352901927347, 0.7174944642887897, 0.863312511528002], [0.9895791020441048, 0.910394452638939, 0.9561873448122997, 0.9600756126637928, 0.941647641020205, 0.9554983130160764, 0.9691923575067529, 0.8894919944831937, 0.9299120994697092, 0.939624123122876, 0.9585044571295628, 0.9232611618149439, 0.9179801044996029, 0.9448092382887235, 0.528004638424922, 0.9435585933772307, 0.7482377141876845, 0.9101045251221769, 0.8891991894458151, 0.7011633547957267, 0.9174789658118915, 0.9150297078582798, 0.6054813717391803, 0.9481478004868905, 1.0, 0.7313375127115332, 0.602210835485611, 0.7090207026313892, 0.8369412797303779, 0.8815561206060152, 0.9238621931901709, 0.8106181076780316, 0.9390915704997452, 0.9453367011668417, 0.9505414048713143, 0.9434188282990982, 0.9767676283591278, 0.9592606170208828, 0.9461399890165499, 0.9699880480491673, 0.9170166485976343, 0.921032114435329, 0.933717308010715, 0.9533073325382069, 0.5103636428554355, 0.6024212055426916, 0.9403872528943193, 0.5082455899357216, 0.9751652593213656, 0.7592149940203624, 0.8266943768951813, 0.9767672448519621, 0.6135315024901552, 0.8280772292105552, 0.8222724694559589, 0.9152921283906242, 0.7976819175382511, 0.884148130896796, 0.8760702854842507, 0.8171303997815347], [0.8017081916242332, 0.8366262435149603, 0.5304912486382924, 0.5963586504356295, 0.5125335060149891, 0.7807363260636644, 0.6463933451164298, 0.5523251035411805, 0.4600494050373666, 0.4643423607744859, 0.8467297074377568, 0.6843416766230407, 0.524716998806398, 0.5416366836776484, 0.11334500019668026, 0.5153101744317921, 0.2560225229368438, 0.47412666949218707, 0.678883232432914, 0.5627006987704609, 0.5648991266401228, 0.7498470655259326, 0.9326402437784439, 0.6412902382295398, 0.7313375127115332, 1.0, 0.8684219223275864, 0.8830656599093667, 0.9547442341963506, 0.9598236452021678, 0.689388334613251, 0.6196110698084765, 0.8677285263313166, 0.5110747495329664, 0.5483808089111956, 0.8702839128537744, 0.6077005447086545, 0.6519453078194829, 0.7236780205845266, 0.6105206346367548, 0.4816775177001483, 0.891385678510874, 0.4960275515167286, 0.6023341397801057, 0.3852856791747592, 0.3724280465606731, 0.521359813794351, 0.1606090019688119, 0.8030143564076152, 0.5144049788246815, 0.9478656352120272, 0.6640164638523836, 0.2867500695382944, 0.7303604519133164, 0.5346453570613412, 0.9372801892924266, 0.6176961368241958, 0.8092988256072933, 0.862574790389289, 0.4757277342064967], [0.663562492613894, 0.6718240361894786, 0.36541034927845417, 0.39073071825751815, 0.3054039689194392, 0.6374483011203854, 0.4423112390235293, 0.37885181465922746, 0.2715879390757534, 0.3660570363422391, 0.7228159538772373, 0.6978783720827498, 0.26992420284397034, 0.34806409539100736, 0.3454768020766731, 0.30387940049872697, 0.4312272846229117, 0.22149880906048303, 0.336958425827401, 0.49133337962697987, 0.279179696590388, 0.7827393098256826, 0.9799737279502433, 0.6261969631161393, 0.602210835485611, 0.8684219223275864, 1.0, 0.9885071423145362, 0.918437308319999, 0.8629798256323712, 0.7241899346632708, 0.39475571151941313, 0.6242163774911448, 0.32481605514764944, 0.33349436926103304, 0.6531385868363931, 0.43803152836438963, 0.3975237657954811, 0.5221483548779206, 0.40078278100318987, 0.23751753797197106, 0.6465358204432605, 0.29743858898103237, 0.36685613729415, 0.4974396221596986, 0.5119176770214617, 0.32955171325368215, 0.5010594831754412, 0.7150880459481476, 0.7268825131424838, 0.6911983187791368, 0.45079751098829535, 0.34578096786528567, 0.533014216590815, 0.4329030033213761, 0.7539365276024401, 0.42127688929413676, 0.8336350263968384, 0.5592458129293977, 0.28284396308861715], [0.762473841477872, 0.7613301944904448, 0.49003836238498666, 0.5200581566614241, 0.4340043458743388, 0.7402383475304897, 0.5665981426222997, 0.5088633268726068, 0.4082678012259289, 0.5005862248699847, 0.8121411665459735, 0.79684162171192, 0.3926130956395215, 0.4824976866173123, 0.43932074606766036, 0.4357434012926177, 0.5357302371110509, 0.35571187143821437, 0.44418873408771864, 0.5866910940862516, 0.4007380074656165, 0.8493543050327512, 0.9692718682778999, 0.7179289692130566, 0.7090207026313892, 0.8830656599093667, 0.9885071423145362, 1.0, 0.9573461711717899, 0.9092557838730975, 0.8010169419583081, 0.5079182798153433, 0.7074764030953874, 0.4516995877392185, 0.4593516539111655, 0.7303955888476362, 0.5564762156249461, 0.5169824375433517, 0.6129200673366109, 0.5222211762591532, 0.3701253596405202, 0.7244536637240391, 0.4238763533444154, 0.4855789053590206, 0.5056387056956188, 0.5432064476333451, 0.45191068372643906, 0.5500125310213049, 0.8100006449996577, 0.7842239049189282, 0.739774925318659, 0.5652401133806225, 0.3954614952779827, 0.5895757143537953, 0.506976013387643, 0.8186551070824314, 0.48488386415131246, 0.8844454859144409, 0.6376179643518661, 0.3727813172768024], [0.8911474650535308, 0.9005837554953252, 0.6444985856031458, 0.700793278113811, 0.6115151598477763, 0.8766508134073943, 0.7435835557776153, 0.6789420903573867, 0.5835877594317789, 0.6327031127015128, 0.9296402526822768, 0.8561663587584321, 0.58808214945208, 0.6611621393685104, 0.3948017904914263, 0.618486032910264, 0.5181775259177569, 0.5596851409403417, 0.6739009359726621, 0.6911866350571683, 0.6112038443638236, 0.8715518508454427, 0.9411160434776202, 0.7785009803450866, 0.8369412797303779, 0.9547442341963506, 0.918437308319999, 0.9573461711717899, 1.0, 0.9833371745748509, 0.828660502664472, 0.693918806710068, 0.8752439168605792, 0.6177325750497703, 0.638850296429523, 0.8800577427075112, 0.7093847419133507, 0.7127848150628537, 0.7609527993492736, 0.6968373708093308, 0.5685480485951658, 0.8901367610367115, 0.5950793329597889, 0.6698685245815394, 0.44482331488459215, 0.4855341522434906, 0.616818084712417, 0.4156335054383542, 0.9132744730996751, 0.7156265996272216, 0.891603865376211, 0.7367625552913147, 0.38693427707989203, 0.7107671619091905, 0.5926126063634233, 0.9463465800374067, 0.6089618849381936, 0.90020154041688, 0.8319599001376414, 0.5125487446860294], [0.9205014531517014, 0.8977190473686332, 0.724052699208332, 0.7524929192308175, 0.6970650552578623, 0.8832544126747159, 0.7905923932953942, 0.6872431542250146, 0.6545061541780501, 0.6736480937389588, 0.9371229711974104, 0.830721224305563, 0.6909633336531457, 0.7092537887117932, 0.3063190949374317, 0.6956807803923213, 0.5024357172700379, 0.6464286976129894, 0.7642362602230063, 0.6235423078995921, 0.7104199418389894, 0.8984582934677837, 0.8904678001727916, 0.828776237539361, 0.8815561206060152, 0.9598236452021678, 0.8629798256323712, 0.9092557838730975, 0.9833371745748509, 1.0, 0.8605441819872045, 0.687911382637264, 0.9318466095996927, 0.7024547722413328, 0.7240386325750864, 0.9450806893350369, 0.7844738880854205, 0.7880716200183783, 0.8550919689455521, 0.7746643563047456, 0.6573447851631786, 0.9390218449118017, 0.6865495459547833, 0.7605451650823527, 0.5247371680734032, 0.5520323737395122, 0.7093883992345814, 0.37947611613650345, 0.9213511087513157, 0.7030402978913657, 0.9419580372728585, 0.8148683026149864, 0.48529951612836864, 0.8236664347883785, 0.7051932499328232, 0.9803604765851558, 0.7369492215360908, 0.9277207950911803, 0.8896857625416832, 0.6443936056788641], [0.8949851061942731, 0.7547297368644583, 0.8670653100448485, 0.7950640016227091, 0.8179146404337706, 0.8184343597512171, 0.806873408773984, 0.6869853547509882, 0.7915344642382638, 0.842877382720443, 0.856484987594262, 0.8791283377544983, 0.7810642816688287, 0.7771607989631356, 0.55027389377117, 0.8014533007588924, 0.8271459346967032, 0.7386482684458098, 0.6786439417522301, 0.5103145708204043, 0.750983017204806, 0.9951363745550714, 0.6615663584200178, 0.9894401438753088, 0.9238621931901709, 0.689388334613251, 0.7241899346632708, 0.8010169419583081, 0.828660502664472, 0.8605441819872045, 1.0, 0.558692379196771, 0.8045683286837382, 0.8408367222104237, 0.8242479656570011, 0.8502531481225543, 0.8881627125264323, 0.7957728380966183, 0.8868978491818801, 0.8463600175095348, 0.7582089542798129, 0.7801956066042963, 0.8267358775132883, 0.8260214102858308, 0.755241753320634, 0.8340705469066365, 0.8465149701230859, 0.7448598877693786, 0.8991881062322494, 0.9350725631903255, 0.7045347351868655, 0.8602091297969723, 0.7958900328624615, 0.8269460755516829, 0.8788851182146681, 0.823595268992204, 0.8044435959669352, 0.9744544958126518, 0.6914353692034144, 0.800526412026416], [0.8550919677878941, 0.9358513291749113, 0.7337425580624949, 0.892829996224367, 0.760622939346014, 0.9286243145394139, 0.9042240400067495, 0.9673404030915043, 0.7982685199899172, 0.8002329273393296, 0.8796134240081426, 0.8294710427419761, 0.7298453449588999, 0.8912462192880919, 0.5398598322307228, 0.8028287948602235, 0.5034903862502286, 0.8012533419055093, 0.8324528719378893, 0.9372474220553445, 0.7774479310516406, 0.5546192396880243, 0.48141258960144073, 0.5946512219264674, 0.8106181076780316, 0.6196110698084765, 0.39475571151941313, 0.5079182798153433, 0.693918806710068, 0.687911382637264, 0.558692379196771, 1.0, 0.8230885785074689, 0.7378629969850049, 0.7716659364602843, 0.7532136005791948, 0.7566662599095257, 0.8479473651925435, 0.6567557945063911, 0.7958827155610648, 0.7851640917168954, 0.8313288877959838, 0.7203606323615995, 0.7652142623531009, -0.08788116914976585, 0.027008152053806134, 0.705018158124742, 0.1289665834872954, 0.8551692222254375, 0.36828396896757676, 0.7278711973472427, 0.7904414319836041, 0.049333308066149884, 0.4486633511525133, 0.36430597130204145, 0.7835640590577996, 0.3875425127899703, 0.5145214507996055, 0.8422711844878071, 0.42977611342677835], [0.9613391578380526, 0.9357667541939808, 0.8568431099858063, 0.9001149004383187, 0.8599934083991614, 0.9346752942187733, 0.9227940481529374, 0.8258973401936508, 0.8256899335591414, 0.7932293522512951, 0.9514355804685983, 0.8110615497973538, 0.8707571402710486, 0.8658627271611151, 0.2656602705404787, 0.8639577855858283, 0.47925472144780557, 0.8467682917529197, 0.9456801721415256, 0.6665206980940018, 0.8982516172615193, 0.8212877531598987, 0.6861360288398825, 0.824799238780171, 0.9390915704997452, 0.8677285263313166, 0.6242163774911448, 0.7074764030953874, 0.8752439168605792, 0.9318466095996927, 0.8045683286837382, 0.8230885785074689, 1.0, 0.8525823132722559, 0.8816475194061756, 0.9921044586845754, 0.898993962248933, 0.9410660629437319, 0.9352993361263016, 0.9134315126339466, 0.8500484075999001, 0.9976422705223598, 0.8455199423785837, 0.9116239332505057, 0.40592361360768336, 0.4464776430294294, 0.8556847746481523, 0.22311272063274334, 0.9304832899606041, 0.5613496523689361, 0.9641659715996925, 0.9381544130762905, 0.4587897250390547, 0.862570528446328, 0.7475050455125154, 0.983108974521361, 0.8034780988297568, 0.8269174843228861, 0.9852699498165184, 0.7637355436098573], [0.8974151599060145, 0.7713194402099331, 0.9986575297471469, 0.9624550437118073, 0.9986545983308067, 0.8475775422511229, 0.9513777485700136, 0.8569421530915491, 0.9890438712102742, 0.9622774969371686, 0.8261847318908032, 0.7974707767452837, 0.9877186320260567, 0.9595120877599017, 0.46309448123703945, 0.9935570015666787, 0.7332196888304302, 0.9827810364342554, 0.9018677406011234, 0.5614554373589835, 0.9741164276365373, 0.8057415528910415, 0.3210595962928573, 0.9071264603544809, 0.9453367011668417, 0.5110747495329664, 0.32481605514764944, 0.4516995877392185, 0.6177325750497703, 0.7024547722413328, 0.8408367222104237, 0.7378629969850049, 0.8525823132722559, 1.0, 0.9970505052046132, 0.8601580206669459, 0.9922253226189406, 0.967876777260868, 0.9364189353070714, 0.9909288885610269, 0.9886629940572249, 0.8174226373414013, 0.9990849402470215, 0.9885799342698355, 0.5021556514818968, 0.5976517662385897, 0.997914317