"[[1.0, 0.9129329696930615, 0.9234429529014448, 0.889475344483524, 0.8974321402206895, 0.9051701229553851, 0.9535134314337463, 0.9089292317795125, 0.9049112255544295, 0.8482056241634971, 0.9130673103303716, 0.8567414097596237, 0.9112103397015717, 0.9352221966603712, 0.7408120629877696, 0.9138970486771417, 0.6858974526735764, 0.8801095438564535, 0.933191610487239, 0.8894780956514785, 0.8900139495427818, 0.8397960552598647, 0.8571332457587091, 0.8608510914176403, 0.8489652332609741, 0.9041971928642482, 0.8420261518933578, 0.8804322983928794, 0.883163438127431, 0.8109327168169013, 0.8704861934797186, 0.9316135448569111, 0.9316232892172457, 0.9288332407690395, 0.9071754190232372, 0.924575479229256, 0.8822429425785152, 0.921367401408132, 0.9269496539292267, 0.8990102522357462, 0.8676261795342737, 0.9560797918448299, 0.952476919899239, 0.8880487550867825, 0.8736386020948119, 0.9431801693337993, 0.9159133199863098, 0.8249569182769655, 0.843167570545229, 0.8985735532332662, 0.8724962739363444, 0.9020925306954715, 0.8654396416666481, 0.8693337923605736, 0.6373480560741362, 0.7884611725790005, 0.9135958422741864, 0.764109377204216, 0.8279279242422736, 0.9160243104023393, 0.8491799941676389, 0.8269631453945616, 0.9099969096909524, 0.9482875367206489, 0.9203530942010775, 0.8947882383979131, 0.941147041182714, 0.9063179533282095, 0.9532870926253905, 0.8450661014658601, 0.9394574797905949, 0.9473198404761065, 0.856456150696004, 0.9284270870110845, 0.9113178331045055, 0.8955025256614191, 0.9484949857484178, 0.9458312778572537, 0.9527919290257495, 0.944692292960227, 0.8797137667247551, 0.9197195266084118, 0.9200321692595734, 0.8838338206063977, 0.9221039177779878, 0.8828110694211297, 0.8113155979241041, 0.8841692681305203, 0.8171910617779778, 0.831130866680566, 0.8905918760504016, 0.9220072405166064, 0.8388052033148984], [0.9129329696930615, 1.0, 0.9008198519642308, 0.8872022729662897, 0.8795419919475044, 0.8647332013978692, 0.9364731433795644, 0.8976704288459904, 0.9026660579184579, 0.811907214609619, 0.9096837860090238, 0.8084229474050584, 0.888506917400704, 0.9060590847163441, 0.7518535199493104, 0.8887977577108221, 0.6431839030543068, 0.849649622414291, 0.9171612762834087, 0.9863719905039819, 0.863800286559591, 0.8009152449777625, 0.8312817422919593, 0.8399660940790395, 0.8507050384733273, 0.889190906944049, 0.8255242065120038, 0.8361627585739418, 0.850001513562635, 0.8069099404600926, 0.8488526887255483, 0.9457180465082128, 0.9107400014174856, 0.9089931569168362, 0.8785401325517552, 0.9080800159790948, 0.8802395985528529, 0.9144078756224493, 0.9080075706359401, 0.8741253580820347, 0.8673595874956092, 0.9390220119108567, 0.9232738890750574, 0.8817229197751155, 0.8565565038984609, 0.9098588624012672, 0.8949164257757166, 0.7873130335855262, 0.8522540250077245, 0.8772903638181847, 0.8559122205569252, 0.8815601124289059, 0.841332433057077, 0.8300571950250245, 0.620690654645513, 0.7494239078556743, 0.8947539854938675, 0.7443346498531175, 0.7914049986815597, 0.8967965845109874, 0.8346823062450344, 0.8114376239609515, 0.8916630118626526, 0.9275951710977062, 0.8976525058247552, 0.873724520689023, 0.9208141135287203, 0.8826503031037594, 0.931508042871193, 0.807211892279733, 0.9197802904769112, 0.9253807436773004, 0.8521060068583243, 0.9065640901002764, 0.9053181628695368, 0.8788275974417953, 0.9306974043364471, 0.928783760400143, 0.9421981766465968, 0.9189015386962881, 0.8796502552004136, 0.9005935995675965, 0.8908405093064231, 0.8540581100747869, 0.9015673790050687, 0.8716739675410441, 0.8088384395398496, 0.8619059666820357, 0.7791425667326631, 0.7887547350962288, 0.8578825792147096, 0.8834510451710419, 0.810024773458584], [0.9234429529014448, 0.9008198519642308, 1.0, 0.8106345300003512, 0.9641080341162296, 0.8979037926432082, 0.9626083833278692, 0.9473364788928602, 0.9454004499328289, 0.9525493237799089, 0.8503950692500334, 0.8530961789611766, 0.9658378092545811, 0.9559637779603376, 0.6058187422395727, 0.9775511658889315, 0.8409389764497548, 0.9605866398175128, 0.9474318125121948, 0.9045149293546556, 0.9635425025266251, 0.8132295765364383, 0.9393846804986702, 0.8825507825358567, 0.7520014652388748, 0.8980731190293736, 0.850003140531672, 0.8731613484721245, 0.9694929775245283, 0.7891509073919322, 0.8951302323670655, 0.979074672819413, 0.9595249568424997, 0.9767144066924361, 0.9815818063752973, 0.9119524939434015, 0.8016457130029234, 0.8598378028803535, 0.9364309082388428, 0.9743660117990319, 0.7793561840949784, 0.9779528481367566, 0.9694069921513015, 0.9487582554317214, 0.8882492768189187, 0.9721838768004167, 0.9480271093796672, 0.938811603869136, 0.8896982260902913, 0.919684565470996, 0.8751870354503627, 0.9465892754043718, 0.9036932198715948, 0.8919447843287387, 0.6611204793186025, 0.9135072723765766, 0.9297469588920076, 0.8134440109478296, 0.9409419838511051, 0.9264854983347001, 0.8889243067718741, 0.8823144017921607, 0.9165015462390428, 0.9759727554124671, 0.9699177614602497, 0.958536613692247, 0.9939172232093804, 0.9705694798782015, 0.9802701893447017, 0.9498972884947406, 0.9628721848070823, 0.9756114767017684, 0.9375320449229095, 0.9613341865299767, 0.8488624330561337, 0.9378715493211373, 0.9683234359278124, 0.9599260633450365, 0.949513724925718, 0.967607675962693, 0.7997474211743858, 0.9633137860811384, 0.9785495919764874, 0.9526749354036007, 0.9398894904105863, 0.8817584806141675, 0.9091476202485475, 0.9174707226615256, 0.9339874309642995, 0.871863729266043, 0.9733581981276453, 0.9351975933040051, 0.931582867784158], [0.889475344483524, 0.8872022729662897, 0.8106345300003512, 1.0, 0.7675171140160116, 0.8272303369037234, 0.9051994725850029, 0.8136911262859018, 0.8506347667079375, 0.6515192485577447, 0.9924319971865153, 0.7519922105214738, 0.7953874797543822, 0.8414156228841342, 0.9542450877752364, 0.7858787369000486, 0.4067522984448815, 0.7180274561496347, 0.8763737552426452, 0.8282614985754596, 0.7348448267042292, 0.8032606171665342, 0.7864769493751731, 0.8047235067716944, 0.9951680358187106, 0.8669867952160588, 0.7832574320548026, 0.7758620068679538, 0.708794385676893, 0.685837669913245, 0.8090787726302224, 0.8211826144290145, 0.853726741030907, 0.8283400874725787, 0.7559491162949131, 0.8897833005750135, 0.9997520203396137, 0.9953437191298591, 0.8724238369690974, 0.7524866475495189, 0.998469687013104, 0.9129627425553717, 0.8788784323041541, 0.7976361765567631, 0.8095641311433299, 0.8375922815977398, 0.826518600131824, 0.6127456008241856, 0.797130037719696, 0.8380080806025094, 0.8317861114808731, 0.8071938079322337, 0.7808823094274558, 0.7588672361217771, 0.5785196140402172, 0.5579501332157115, 0.8523404325960571, 0.6697147282205436, 0.6185544393191454, 0.866173929964521, 0.7770473690964426, 0.7309911365560757, 0.8664800475345936, 0.8730657256159252, 0.805363281295865, 0.7789458679067378, 0.8675943549319078, 0.7747403991040926, 0.8635352106779367, 0.6441966712266065, 0.8203432928826752, 0.8651845160398364, 0.7342884541495773, 0.8294286099005512, 0.9971800507048679, 0.7991239155976748, 0.8841858988789731, 0.8896089683180172, 0.8853846576889415, 0.865199458441745, 0.9992737070225999, 0.8189246132266315, 0.7832545159282082, 0.7377379862405974, 0.8558873026295306, 0.7542176962852806, 0.6749430963028962, 0.783845309111388, 0.6001665023419734, 0.6857739149420412, 0.7234464750562437, 0.8195682298954703, 0.6579933209717184], [0.8974321402206895, 0.8795419919475044, 0.9641080341162296, 0.7675171140160116, 1.0, 0.8932395352638297, 0.9393401368653727, 0.9835011052803356, 0.9329086938408395, 0.9497141634880895, 0.8106171781687698, 0.8341228837716682, 0.9546508506202651, 0.9480071103229202, 0.5550014272186238, 0.9705706538202052, 0.8536585579447232, 0.9562523621010041, 0.9241030796932439, 0.8897495421810739, 0.9587004269115013, 0.8133189640248517, 0.8500573610240799, 0.8839822928935672, 0.7061186182183263, 0.8704113471814577, 0.8271728907943118, 0.8522150939313561, 0.9618513844347032, 0.7626828049651306, 0.8746522126080212, 0.9695757568461972, 0.9386189974176139, 0.9650155786702853, 0.9721516782212356, 0.8829073313095767, 0.7582984455246959, 0.8204604956624582, 0.9113329746947253, 0.9686081922655846, 0.7348226946536852, 0.9408209898486793, 0.9495912984592818, 0.9461751942117117, 0.9453168993599578, 0.9602027156990882, 0.9285728301055878, 0.9386462387225275, 0.8830568134774168, 0.897728094775066, 0.8746385707107154, 0.9455812907410219, 0.9068887394726339, 0.9003169669120746, 0.647427135964742, 0.9168461402751776, 0.9145497328810821, 0.832044129351174, 0.9434267586413195, 0.9042049545124207, 0.8746427400198772, 0.8878477840268247, 0.8911488083120686, 0.954613245838176, 0.9582468536588051, 0.9477663466528703, 0.9491492537431766, 0.9643846596410395, 0.9644532987758383, 0.9475550588028754, 0.940999008596197, 0.9580757075219721, 0.9363075479900677, 0.9422353065306319, 0.8085623505427542, 0.9305239962538555, 0.9456082513448391, 0.9695305765328074, 0.92257020958906, 0.9468808012478719, 0.7570935612413925, 0.9472015477799083, 0.9678240201177734, 0.9413594701203665, 0.9166329514721334, 0.857107551081376, 0.9137705858783691, 0.8987864741553768, 0.9346729279813326, 0.884887677631297, 0.9647254955787868, 0.915823598264103, 0.927839237491042], [0.9051701229553851, 0.8647332013978692, 0.8979037926432082, 0.8272303369037234, 0.8932395352638297, 1.0, 0.9159471303036982, 0.8787874162237048, 0.8729303132500642, 0.8445203352312375, 0.8532999604288285, 0.8328834153656436, 0.8999398748038044, 0.9819291373245952, 0.6681159499614712, 0.9041196957179468, 0.7045885926275958, 0.8764994877624619, 0.8946061923969423, 0.8542920361897248, 0.8837724917625932, 0.9797868942900038, 0.8268847465675688, 0.8312489046937583, 0.7834003827025786, 0.8601842629404611, 0.805104580414845, 0.8510904526035514, 0.871324038111808, 0.7490027144063326, 0.8413878400129204, 0.917961561041677, 0.8986443600947315, 0.9090285936072957, 0.8898636683117248, 0.8785442960573333, 0.8203142714417302, 0.867684919356041, 0.8882605429960683, 0.8822775392377444, 0.8039649479985097, 0.9254758495546392, 0.9322078604952061, 0.8726797134398895, 0.8351558783544913, 0.9664294356805656, 0.8841340412722344, 0.8251510729108587, 0.8125594925162882, 0.8665828043040681, 0.8340649370666785, 0.8754138435812857, 0.8407463279638474, 0.9872718917187207, 0.617171753085222, 0.7936423155845761, 0.8775114080493517, 0.745878951209144, 0.8274728471384329, 0.8789865628626039, 0.8230055609430088, 0.8061183372001803, 0.871882049419591, 0.9146299593669953, 0.8985433328999624, 0.8743805629541301, 0.908357274491577, 0.8943421860762573, 0.9250800048587873, 0.8423743418598486, 0.8986077985606343, 0.9251494270714584, 0.8369036323641201, 0.8960291053665718, 0.8537511387021017, 0.8662457350382115, 0.9114460689505532, 0.9060434650437833, 0.9019924039017491, 0.921720377369192, 0.8175338034454115, 0.8904289516796985, 0.9141394595485663, 0.8664101901952537, 0.886475364305708, 0.829135418312126, 0.798474118676648, 0.8536522199908604, 0.8186128020203741, 0.9698801282489337, 0.8775510304275017, 0.8944244088783604, 0.8291112914246642], [0.9535134314337463, 0.9364731433795644, 0.9626083833278692, 0.9051994725850029, 0.9393401368653727, 0.9159471303036982, 1.0, 0.9420571365798868, 0.9471361657432821, 0.8967586684291682, 0.930722532531194, 0.8770141560305103, 0.9497505586431074, 0.9579374043489739, 0.7425231098178419, 0.9569590148323759, 0.7379387755106773, 0.9237095218441386, 0.9631544153118632, 0.9230422101416657, 0.930079644519398, 0.8444770245690751, 0.8849790603941886, 0.9080427378591833, 0.8613100199783668, 0.9256301251862209, 0.8641886185814699, 0.8969532413040263, 0.9271316642854031, 0.7868565009660041, 0.9055558601092342, 0.9711754115955782, 0.9727368121331568, 0.9690351238703268, 0.950416247222439, 0.95413334950921, 0.8986860809049554, 0.9393950248183085, 0.9839945493074107, 0.9440001830849981, 0.8821617241749284, 0.987226022514667, 0.9859218779819163, 0.9342335263909002, 0.895893711388306, 0.9712404930101337, 0.9483444096906658, 0.8744400450193964, 0.8858875270146112, 0.9324639917162287, 0.9107789655121626, 0.9488846858575086, 0.9147583152806777, 0.8875749163207881, 0.6627354654934904, 0.8386848863368306, 0.9436694897599015, 0.8177350767501025, 0.8790382268298108, 0.9476209326418341, 0.8875506531127594, 0.8701169200143886, 0.9500041960152233, 0.986996408307144, 0.9581636259720328, 0.9388664941508584, 0.9770986518288612, 0.9484801837562279, 0.9854334735295541, 0.8934382317095398, 0.9570179151161009, 0.9812614139823472, 0.9027471096533176, 0.9594660355396051, 0.9320263447181001, 0.9302355080645338, 0.9808599434739078, 0.9750076871690229, 0.9666107278743081, 0.9768934653762025, 0.8964647096097131, 0.9555493895674688, 0.957134929795535, 0.9242214600929185, 0.9525498280183519, 0.8762770877913654, 0.861831500689878, 0.9132119169030642, 0.8669363665658985, 0.8472780271890845, 0.9346241388336264, 0.9497132662606181, 0.8819304362677514], [0.9089292317795125, 0.8976704288459904, 0.9473364788928602, 0.8136911262859018, 0.9835011052803356, 0.8787874162237048, 0.9420571365798868, 1.0, 0.9032418555224003, 0.911369571953926, 0.847983336692942, 0.8325229947668005, 0.9309738249821544, 0.9288691518695334, 0.6251414509455572, 0.9394913147965988, 0.7903356320898764, 0.9225312859908598, 0.9249561843153098, 0.8997724851257086, 0.9253915537305822, 0.7988297815822102, 0.850803071767904, 0.8612927019478793, 0.7600309095614051, 0.8842535731279485, 0.8338142058406097, 0.8543059995262953, 0.9324576951504326, 0.786985400539775, 0.872983799354492, 0.9513763567563631, 0.9348362636961086, 0.9425397824339963, 0.9452395203191578, 0.8990216634582731, 0.8050651238921847, 0.8580899929899022, 0.9178873238137748, 0.9352307806205497, 0.7849272891478157, 0.9422710523090108, 0.9434874476581593, 0.9010685356007962, 0.9828920056199678, 0.9463342450091448, 0.922768115710192, 0.8957214400217527, 0.8396061818728587, 0.8981322569086723, 0.8626159935000051, 0.915919078743444, 0.8783203132941929, 0.8636233390564855, 0.6436658940860482, 0.8683493733768977, 0.9088568701411227, 0.7842243515675803, 0.897319598215531, 0.907572601986751, 0.8570281179895837, 0.8460052665416503, 0.898697690203277, 0.9505548236315738, 0.9383184852150307, 0.9207134443461336, 0.9438738218392344, 0.9334925591580276, 0.9569808198790987, 0.9083521427017998, 0.9428297796525351, 0.9495324025337579, 0.8837894621155428, 0.9350982044967142, 0.8473174284502131, 0.9064364709525434, 0.9442424904180234, 0.9861205313947778, 0.9328539107489282, 0.9444125146104517, 0.8017033498986001, 0.9322453728822205, 0.9452128921726615, 0.9199647017631655, 0.9192770522980411, 0.8714643938334495, 0.8487651923572371, 0.8941975910067761, 0.8903192180217585, 0.8384285672488812, 0.9369940393213347, 0.9102997059830971, 0.8908846126885485], [0.9049112255544295, 0.9026660579184579, 0.9454004499328289, 0.8506347667079375, 0.9329086938408395, 0.8729303132500642, 0.9471361657432821, 0.9032418555224003, 1.0, 0.8735726277597751, 0.8851379939351235, 0.8206184615209211, 0.9423472031166992, 0.9364225112451537, 0.6862187683113811, 0.9521899774453506, 0.7304258840768978, 0.9061603476737946, 0.935540486023376, 0.8777007594542557, 0.9218337892051482, 0.8056064572353017, 0.8429247651115842, 0.8580603823714179, 0.8059947771442593, 0.8803545030988876, 0.8241251546742551, 0.8394054504197992, 0.8989106988315861, 0.7359146376348387, 0.8685713204749081, 0.9528422283584901, 0.9327425135793671, 0.9627517597578433, 0.9291569608378478, 0.8959443987222244, 0.8444254520798848, 0.8858669531199962, 0.9121250318040868, 0.9372070883442287, 0.8273707029958662, 0.959125635688593, 0.9528171071798764, 0.992944565358531, 0.8542769991756999, 0.9314456740407586, 0.9171175047550076, 0.8538449870749385, 0.9859808421873394, 0.893334388240761, 0.8562505036029254, 0.9243059423657229, 0.8681944329666872, 0.8674752042200684, 0.6362246895818389, 0.8215822673966433, 0.9070377607647331, 0.7895232535075587, 0.8605394785071113, 0.9041219782082587, 0.8908182077796664, 0.8800731555130248, 0.8965655369947468, 0.9521517381674848, 0.9381209370278578, 0.9395326991613762, 0.9487627334133341, 0.9412960160330827, 0.9563412256775916, 0.8697994556362089, 0.9128826358258969, 0.9512719123478778, 0.9804387177349225, 0.9297415731911388, 0.8793031310111322, 0.9244010118676103, 0.952658141820618, 0.9411209333328899, 0.9341254211336596, 0.9348339874687257, 0.8501580968654656, 0.9423461743894935, 0.9335100221434238, 0.8930783428478068, 0.9110620663236426, 0.8274623814771233, 0.9620128688341558, 0.8754067760234713, 0.8471722912786268, 0.8401516090575099, 0.9055851048277986, 0.9061351458278983, 0.8740520381853945], [0.8482056241634971, 0.811907214609619, 0.9525493237799089, 0.6515192485577447, 0.9497141634880895, 0.8445203352312375, 0.8967586684291682, 0.911369571953926, 0.8735726277597751, 1.0, 0.7048326663538373, 0.8167186205405546, 0.9434052201752937, 0.9106129050741048, 0.39538481897607647, 0.9637209369420107, 0.958030722396987, 0.9758211044603456, 0.8839509919160096, 0.8524621599754238, 0.9667883627913858, 0.7434775800161532, 0.8263134349708556, 0.836743956843279, 0.5751573951391646, 0.8238077223805178, 0.7962276790714597, 0.8304200937627159, 0.9957200541436743, 0.7306051392982023, 0.851839640350165, 0.9506461388394583, 0.9140482174236515, 0.9421939413690132, 0.9875915311523497, 0.8318263728381747, 0.6403314292395135, 0.7192994792251279, 0.8755568961287168, 0.9746542053856598, 0.6106784986820857, 0.8922935928200988, 0.9165711956507193, 0.9006213463999097, 0.8274612214721356, 0.9408458742216362, 0.9093640206472492, 0.9987466353399829, 0.8083553495015451, 0.8711622142752171, 0.8105715163303074, 0.9146623408485599, 0.8759717897257725, 0.8633686769062153, 0.6365670786992944, 0.9888277071729112, 0.8745519115901832, 0.7978547919335134, 0.997763298469189, 0.8662101853335943, 0.8461189263649976, 0.8558666257812979, 0.8524814707009806, 0.9274692279426633, 0.9458115280731533, 0.9409593857408078, 0.9216303377316607, 0.9586137852960523, 0.933123569549457, 0.9996983059971811, 0.9254473293166242, 0.9293084848708948, 0.908135596457364, 0.9239058303703345, 0.7053954349371402, 0.9009178715730558, 0.9097659904242941, 0.8928577177169188, 0.8731806426400299, 0.9225539404825742, 0.6355506048117401, 0.9287842468611532, 0.9700744440688792, 0.959590689542234, 0.8881763769581236, 0.8331504110171538, 0.8922260639230212, 0.8879535775345141, 0.9978296330555504, 0.8662776632890044, 0.9947270008615685, 0.8957043810456892, 0.9606570170964424], [0.9130673103303716, 0.9096837860090238, 0.8503950692500334, 0.9924319971865153, 0.8106171781687698, 0.8532999604288285, 0.930722532531194, 0.847983336692942, 0.8851379939351235, 0.7048326663538373, 1.0, 0.7811702372261193, 0.8359769590913431, 0.8753110450060363, 0.9235106703686928, 0.8289261415374906, 0.4739476439338739, 0.7659707862131282, 0.9048859526350597, 0.8553917094131728, 0.7828301645304949, 0.8191669313901394, 0.8135418570137739, 0.8300182028788471, 0.9796911795263367, 0.8897973249530577, 0.8093488779305197, 0.8062517428979985, 0.7583610805096258, 0.7273312742681545, 0.8355946819357702, 0.8605517573502997, 0.8855684253860886, 0.8667223575326435, 0.8023240431571496, 0.9120530065263485, 0.9905797001986125, 0.9955340652566075, 0.8988771393966587, 0.7992436501808975, 0.9863863157354638, 0.9387523830956909, 0.9085187417617676, 0.8391776172660094, 0.8373200455533538, 0.8725665391308615, 0.8605542765121386, 0.6687865366049194, 0.833279825472855, 0.8649202876805536, 0.854554635981666, 0.8430641941359946, 0.8119654603911882, 0.7927346049418782, 0.6007840698765109, 0.6170660774167599, 0.8803347216020164, 0.7028040575689951, 0.6744642059166656, 0.8913712885797098, 0.8090287611345214, 0.7679558710531453, 0.8903190274442784, 0.9048281218049088, 0.8454037518562453, 0.820025945778247, 0.8990634188655483, 0.8185911009404202, 0.8984895959586511, 0.6980102387068748, 0.860862266408468, 0.8982248796079918, 0.7834021047228104, 0.8657242269079591, 0.9948374085204653, 0.8364610538668725, 0.9143026655787697, 0.9177367991130104, 0.9173877848565872, 0.8961370368647124, 0.9904164709126135, 0.8568866892736975, 0.8264023222736847, 0.7816704356696383, 0.8845517070482493, 0.7968581845676515, 0.7277417642838041, 0.8189163608745718, 0.6570452142626074, 0.7262856322874972, 0.7716589934435609, 0.8523823118640685, 0.7099299536720697], [0.8567414097596237, 0.8084229474050584, 0.8530961789611766, 0.7519922105214738, 0.8341228837716682, 0.8328834153656436, 0.8770141560305103, 0.8325229947668005, 0.8206184615209211, 0.8167186205405546, 0.7811702372261193, 1.0, 0.8416621877843289, 0.8425547777090296, 0.5876924937801041, 0.8590360288398711, 0.6996020399967455, 0.8301575685576399, 0.841157830172549, 0.8043532625918214, 0.8337990756525343, 0.7285100194454827, 0.8256380705085518, 0.782143332598121, 0.7055759562438519, 0.8060157885876665, 0.7581994598620667, 0.9970707788527926, 0.8381048880320319, 0.7163078589745007, 0.7924089692064006, 0.8566664026954931, 0.8482556706541678, 0.8533670574477671, 0.8516908025047265, 0.8380942654628618, 0.7444582029679243, 0.7918025170431165, 0.8348886409268549, 0.8429522275122786, 0.7271402700981336, 0.8577490517885688, 0.9244372723289268, 0.8159046566319533, 0.7869897158679248, 0.8706292632191036, 0.8365723244380932, 0.801155421174218, 0.763163669176627, 0.8157053022022993, 0.7822981427476106, 0.8293530540805071, 0.7954789778627632, 0.7819058946626278, 0.5834422401832484, 0.7747498541570397, 0.825958950875687, 0.7088020992601068, 0.8028711106836041, 0.8255380949177517, 0.7770159654675591, 0.765087996372467, 0.817919045929433, 0.8626983033214665, 0.8487044225833611, 0.8317164576284801, 0.8566063660064578, 0.8427268933797096, 0.8809038067688194, 0.8249877203319228, 0.8546638540754945, 0.8614897356773643, 0.7978496856466654, 0.8590063041982852, 0.7805742224504868, 0.8210436742784248, 0.8580025188244803, 0.8516932373443263, 0.8496273927467433, 0.8720998005808036, 0.7415480914994015, 0.844236487650999, 0.8620550682433993, 0.8290692921264347, 0.8350796651487004, 0.7914563971890793, 0.7643592193003107, 0.809938133179037, 0.7958349605323704, 0.7563925918836112, 0.8427549186062233, 0.9794104860179403, 0.7998707279056471], [0.9112103397015717, 0.888506917400704, 0.9658378092545811, 0.7953874797543822, 0.9546508506202651, 0.8999398748038044, 0.9497505586431074, 0.9309738249821544, 0.9423472031166992, 0.9434052201752937, 0.8359769590913431, 0.8416621877843289, 1.0, 0.9540955664014225, 0.5910819547776692, 0.9704696217583012, 0.8356143731906419, 0.9526076468323876, 0.9356368780002314, 0.8918896070292244, 0.9564474346696874, 0.8211749798424812, 0.8589727612216825, 0.8707883422026789, 0.7368411698527475, 0.884433914161367, 0.837696693009696, 0.8609511022225199, 0.9591763000450461, 0.7746469489231537, 0.9654308496233577, 0.9706336962058456, 0.9474832022772249, 0.9953291995674216, 0.9716110868568678, 0.8979079422467047, 0.7865027891622686, 0.8451831345658732, 0.9230975663413039, 0.9661686202394472, 0.7642042291370547, 0.953499651194965, 0.9590785852598486, 0.9480290965961183, 0.8695415152639233, 0.9655741038457378, 0.9363012891742502, 0.930265283785975, 0.8920031036150085, 0.9073126000871021, 0.8622762436001273, 0.9367799540530493, 0.892371449698387, 0.898533044158793, 0.6525962400249183, 0.9058376956012689, 0.9172924835452406, 0.8056140260249424, 0.9327281627470823, 0.9134374737880209, 0.8815207462655554, 0.8762689489912471, 0.9033906395659693, 0.963916195768361, 0.9602520961711414, 0.9507600666843534, 0.9582894340644006, 0.9631108618619785, 0.9692073950436322, 0.9408622686062406, 0.9491640912527232, 0.965071331550431, 0.93793503012822, 0.9550292831953873, 0.8338537844757055, 0.929001414739463, 0.9564049570257023, 0.9448132178760378, 0.9364455303749152, 0.9557591037735751, 0.7854229663380012, 0.9535098194137499, 0.9699196938728278, 0.9418376602884295, 0.92688879596253, 0.8673450540066984, 0.9124795965171124, 0.9053564307180899, 0.925637712182389, 0.881751970945006, 0.9628521876222736, 0.9236459849275214, 0.9238060957261616], [0.9352221966603712, 0.9060590847163441, 0.9559637779603376, 0.8414156228841342, 0.9480071103229202, 0.9819291373245952, 0.9579374043489739, 0.9288691518695334, 0.9364225112451537, 0.9106129050741048, 0.8753110450060363, 0.8425547777090296, 0.9540955664014225, 1.0, 0.6590590971736733, 0.9605967129314833, 0.7789394401296578, 0.9355710131708418, 0.9422583092366991, 0.8977821515937091, 0.9433350338955673, 0.9367918041051299, 0.8622714607331337, 0.8734496676920073, 0.7900688733873176, 0.8995485148153783, 0.8459238574244803, 0.864902921340045, 0.9345663028192606, 0.7949698097472205, 0.8848545455077375, 0.9701829732851466, 0.9483516111953801, 0.9646205562112817, 0.9522677302857567, 0.9151338865706363, 0.8331914115382696, 0.8866847858915871, 0.9318612636486879, 0.9465533339672695, 0.8139602157049308, 0.9678152692733625, 0.9673295920410742, 0.938186279773651, 0.8778862811408367, 0.9933018400686395, 0.9351415923573686, 0.8931057487230714, 0.8820665466820182, 0.910727066109515, 0.8732500416589352, 0.9299893714029442, 0.8880128096237837, 0.9762703385166233, 0.6512455645659455, 0.8633743092075722, 0.9229742927248802, 0.7948754878619825, 0.8959039715394095, 0.9216325084813578, 0.8758142787251603, 0.8635016774309229, 0.9132117741935271, 0.9650962149493569, 0.9541833106616974, 0.9354939315398908, 0.95886269421024, 0.9527661494057255, 0.9733940810356202, 0.9072497754710601, 0.9520888216912634, 0.9718762675192923, 0.9137589205051082, 0.9477575831842561, 0.8731835465869183, 0.922884028186511, 0.9608846360601032, 0.9528177284853805, 0.9507462092054423, 0.9635558627541829, 0.8317059866372074, 0.947285825535517, 0.9655806031139423, 0.924675912287724, 0.9320568847323549, 0.879857049658368, 0.8803236319830491, 0.9033498055423657, 0.8871164004083322, 0.9584316511181299, 0.9398671422429357, 0.9227908628346605, 0.8955591830944266], [0.7408120629877696, 0.7518535199493104, 0.6058187422395727, 0.9542450877752364, 0.5550014272186238, 0.6681159499614712, 0.7425231098178419, 0.6251414509455572, 0.6862187683113811, 0.39538481897607647, 0.9235106703686928, 0.5876924937801041, 0.5910819547776692, 0.6590590971736733, 1.0, 0.5719858377991072, 0.11548993825983411, 0.4848101361157444, 0.711725882672296, 0.6660170305893356, 0.5079656337239036, 0.6800182268062321, 0.6260263204697094, 0.6450905096327079, 0.9787934943130209, 0.7231543370725716, 0.6326785765115871, 0.6100833012469915, 0.4657425613140902, 0.5301753211244322, 0.6444317539244669, 0.6191316203543196, 0.6729498781686543, 0.6315262831315451, 0.525989671856695, 0.7473985037637692, 0.9586876909490876, 0.921566890432172, 0.7102738842772839, 0.5268897432025076, 0.9688051548527841, 0.753456498884157, 0.7032175126385081, 0.611365288483545, 0.6519645652694939, 0.6429056502785088, 0.6413966518992257, 0.3489266033129732, 0.6470630607933253, 0.6714785950490585, 0.6866668161537349, 0.6168389374606942, 0.6007842650523099, 0.5784199216603189, 0.4495050238299694, 0.2864485611004549, 0.6865486031876569, 0.4968563761785114, 0.3563323522543067, 0.7068969237022971, 0.6078600295705509, 0.5482226914650297, 0.7126311844297363, 0.691266495796095, 0.601615632226129, 0.5728678622942458, 0.6871548041791169, 0.5599971729192671, 0.6765299661063461, 0.38663315244109664, 0.624017159439163, 0.6807537632944956, 0.5311391520418475, 0.6386877560905811, 0.9299582360131067, 0.6116082070979079, 0.7113088255869756, 0.7241427752007812, 0.7233453976296608, 0.683616011084815, 0.9599851646578371, 0.6247195609564654, 0.5655529085313981, 0.514845252085152, 0.6854795470813472, 0.5755989153950971, 0.4660851842305693, 0.597542014398348, 0.3340544712831246, 0.48853998004990506, 0.48400577636273856, 0.6385885144349974, 0.41766589521413067], [0.9138970486771417, 0.8887977577108221, 0.9775511658889315, 0.7858787369000486, 0.9705706538202052, 0.9041196957179468, 0.9569590148323759, 0.9394913147965988, 0.9521899774453506, 0.9637209369420107, 0.8289261415374906, 0.8590360288398711, 0.9704696217583012, 0.9605967129314833, 0.5719858377991072, 1.0, 0.8635543439665904, 0.9701053575556731, 0.9408742322726164, 0.8971979942301902, 0.972547643490672, 0.8203995666331662, 0.8673819645135564, 0.8923204736425445, 0.7243636320192027, 0.8859146156527586, 0.8412617396574441, 0.8759035698642663, 0.9764020369279279, 0.7688716914526459, 0.8907108715816904, 0.9823878328873035, 0.9551723347275658, 0.9811731248698476, 0.9874245745783886, 0.8994484907363318, 0.7768219000800035, 0.8385934534110772, 0.9275916963662393, 0.983442659193064, 0.7532163118137518, 0.9581881400647212, 0.9696144069812904, 0.963204821176765, 0.8732276052303102, 0.9744534532578492, 0.944426012845701, 0.9520392377453425, 0.9024460777037134, 0.9140786583337843, 0.8799388919415901, 0.9569586681990722, 0.9155208215800891, 0.9075969407642042, 0.6587519300433794, 0.9292859630037819, 0.9294921105013181, 0.8359952905254933, 0.9560998540192893, 0.9198260938940569, 0.8911670042568928, 0.9005408005940216, 0.9075318060854152, 0.9717007958973763, 0.973085143370743, 0.9645223506388608, 0.9663142660764173, 0.9789024977971327, 0.9787549799142959, 0.9619451042279614, 0.9544784513904429, 0.9871099969618546, 0.9539108555613856, 0.9585031148416205, 0.8272423867184248, 0.945326918933565, 0.9627305385526952, 0.9496345294494802, 0.9374074004799043, 0.9637142506802889, 0.7758095053875678, 0.9635397704814926, 0.9831118821787522, 0.95615141862587, 0.9327990324644715, 0.8664837429779934, 0.9311870479202212, 0.9133196205701397, 0.9478604950317927, 0.891447799620959, 0.9795802712664449, 0.9383964366142243, 0.9417134765901335], [0.6858974526735764, 0.6431839030543068, 0.8409389764497548, 0.4067522984448815, 0.8536585579447232, 0.7045885926275958, 0.7379387755106773, 0.7903356320898764, 0.7304258840768978, 0.958030722396987, 0.4739476439338739, 0.6996020399967455, 0.8356143731906419, 0.7789394401296578, 0.11548993825983411, 0.8635543439665904, 1.0, 0.90385851382661, 0.7336415585042763, 0.7138568167598216, 0.8868309669518655, 0.59159985687692, 0.6980017760432885, 0.7033857987230268, 0.31651863928764734, 0.66501801527826, 0.6633919716354286, 0.7074293124061102, 0.9314206880125105, 0.6244037029741463, 0.719933668202421, 0.8347025885278571, 0.7783453064942454, 0.8216854064296841, 0.903818833448168, 0.6661359884486322, 0.39327345630009725, 0.4902360964583785, 0.7250542989307999, 0.8894691265929006, 0.3580476340053298, 0.7297234103129765, 0.7716511063777044, 0.7830007288538181, 0.6911663337005056, 0.8167243646398004, 0.7830995164397319, 0.9711764760987452, 0.6720629265653094, 0.7324035659167037, 0.6620842617919196, 0.7964890383865312, 0.7596546380742358, 0.7529413082885843, 0.5478383121527126, 0.9799126428309132, 0.7313566810888811, 0.7075274064881689, 0.9677773181955885, 0.7159620869410734, 0.7251059149080956, 0.7542186530933646, 0.699350336885694, 0.7871820718442926, 0.8349281750191674, 0.8386640416322533, 0.7821347593161307, 0.861752243800471, 0.7978598155922815, 0.9604283956419694, 0.8059584573724998, 0.7924200726904086, 0.8161700592229015, 0.7996568519373218, 0.4726003445142726, 0.7832218518475863, 0.7617595866562205, 0.7394526011168654, 0.718415792814445, 0.7842275682253878, 0.38768866565453197, 0.8093067037193206, 0.8724483634496115, 0.8769478358425284, 0.7464419799157781, 0.7211747164117137, 0.819258184462889, 0.7736006566467861, 0.974826562790353, 0.7841341885698235, 0.9246615970951105, 0.769192587089722, 0.9083949179413067], [0.8801095438564535, 0.849649622414291, 0.9605866398175128, 0.7180274561496347, 0.9562523621010041, 0.8764994877624619, 0.9237095218441386, 0.9225312859908598, 0.9061603476737946, 0.9758211044603456, 0.7659707862131282, 0.8301575685576399, 0.9526076468323876, 0.9355710131708418, 0.4848101361157444, 0.9701053575556731, 0.90385851382661, 1.0, 0.909718131435086, 0.8724997797458163, 0.9661611091817065, 0.7864707638096233, 0.8430484543443462, 0.8687309660400478, 0.6494210250043276, 0.8540357554198645, 0.8176672848904498, 0.8470551503168039, 0.981017271643564, 0.7591775377369631, 0.8674700875351692, 0.9632884203027404, 0.9313070094631658, 0.9573836412938868, 0.9827825291385297, 0.8646991316104127, 0.7076652677206038, 0.7781504097786993, 0.899429896454797, 0.9746947785945432, 0.6813174577005344, 0.9223414197433344, 0.9378963250720982, 0.9261056313866228, 0.849421913992016, 0.9561087913527274, 0.9239152964136067, 0.969140898764589, 0.8475978287362413, 0.8891895893607011, 0.8512699766687477, 0.9365991518922406, 0.8988811637201489, 0.888581260353043, 0.6450984058561984, 0.9526440479642762, 0.8961058012318908, 0.8228572952498607, 0.9715462796881407, 0.8912433695975391, 0.8635347340171011, 0.869470799749637, 0.8775504385918046, 0.9460028847597144, 0.9566829427348413, 0.9468879776268909, 0.9401264430529134, 0.9652952352222592, 0.9523249241378412, 0.9744906503251612, 0.9406621882763486, 0.9491489231399541, 0.9234229672047095, 0.9382332835100071, 0.7648046691994348, 0.915919086765406, 0.9331138838399529, 0.9188348968622299, 0.9062650854676388, 0.9400002542114477, 0.7045557516088694, 0.9422660956839142, 0.9727677360802911, 0.9534827547727293, 0.9079224042333345, 0.8556873439783043, 0.9027945147412109, 0.8984755238787833, 0.9665336502922052, 0.8810188348312391, 0.9820754438250825, 0.910561144493841, 0.9459779673345795], [0.933191610487239, 0.9171612762834087, 0.9474318125121948, 0.8763737552426452, 0.9241030796932439, 0.8946061923969423, 0.9631544153118632, 0.9249561843153098, 0.935540486023376, 0.8839509919160096, 0.9048859526350597, 0.841157830172549, 0.9356368780002314, 0.9422583092366991, 0.711725882672296, 0.9408742322726164, 0.7336415585042763, 0.909718131435086, 1.0, 0.9002265364753667, 0.9182864765674548, 0.8231051769399913, 0.8630699447327693, 0.8747100940734751, 0.8310315263600151, 0.9082664837363981, 0.8493830161714789, 0.8648125673509499, 0.9209237225982662, 0.798222631790027, 0.885217479593308, 0.9531500733525315, 0.9474910232974217, 0.9527833248971139, 0.9359944399345795, 0.925311598831722, 0.8689863536496736, 0.912148653261823, 0.936392890552499, 0.9539810928556828, 0.8521883870633917, 0.96735193027007, 0.9602694567514005, 0.9234153488829964, 0.8811523917522506, 0.9521387761119887, 0.9323208450723621, 0.8630179697245213, 0.8803841866712608, 0.9121815319461238, 0.8796564928881305, 0.9242715570955925, 0.8837545708706982, 0.8705201852078407, 0.6492658066838121, 0.8291753217653749, 0.9255327342750602, 0.7866314492870884, 0.86629856043137, 0.9389579813710639, 0.8724592174465394, 0.8549342681876777, 0.9190343535684947, 0.9647059594627128, 0.9424449162419137, 0.9243283935062321, 0.9583371142345465, 0.933590906514322, 0.9671487228980075, 0.879943168125632, 0.9486480652362137, 0.9627516387163153, 0.8989375394587565, 0.9472099840730125, 0.9031731250798446, 0.9174643955912614, 0.9629656710005587, 0.9571099911857638, 0.9571010192537917, 0.9562363411502941, 0.8675920293320342, 0.9414875433431653, 0.9420783376127726, 0.9095464204107225, 0.9643090869930362, 0.879668990312747, 0.8606876643306669, 0.9721021445647237, 0.8559635503821096, 0.8359654301539089, 0.9203387483258277, 0.920450374779236, 0.926252739281755], [0.8894780956514785, 0.9863719905039819, 0.9045149293546556, 0.8282614985754596, 0.8897495421810739, 0.8542920361897248, 0.9230422101416657, 0.8997724851257086, 0.8777007594542557, 0.8524621599754238, 0.8553917094131728, 0.8043532625918214, 0.8918896070292244, 0.8977821515937091, 0.6660170305893356, 0.8971979942301902, 0.7138568167598216, 0.8724997797458163, 0.9002265364753667, 1.0, 0.8778299926129711, 0.7843752078637259, 0.8247318473206313, 0.835886792010241, 0.7832995681954479, 0.8656247012079935, 0.8107613600925978, 0.8264712095868061, 0.8791857450243239, 0.7606725187770558, 0.8461891186681367, 0.9539130688028247, 0.9045517238527732, 0.9066530323406722, 0.897277653107772, 0.8815116087796443, 0.8210098828078556, 0.8641043504794105, 0.8938040515794988, 0.88849025755559, 0.8042839917212492, 0.9200686448407448, 0.915380256700653, 0.8674249593906377, 0.8411724323348986, 0.9113782124428967, 0.8904386770297315, 0.833382102056268, 0.8168808415419725, 0.8716372701331487, 0.8390236264587805, 0.8813715420007733, 0.8460638543664792, 0.8306975693722248, 0.6211322278546705, 0.802141017432132, 0.8830753083883194, 0.7510037274023083, 0.83563329347185, 0.8841274959771346, 0.8279556131886144, 0.8115258140075826, 0.8768973125910327, 0.9204895671217611, 0.899745609417166, 0.880553059522115, 0.9140429388357112, 0.8906762481044977, 0.9220111238993225, 0.8488004911693363, 0.907302960326334, 0.9184736115874331, 0.8433074221994261, 0.9011935957727022, 0.8552936206107149, 0.8725929208615033, 0.9172207517082945, 0.9117718055069155, 0.9095264872513779, 0.914188139330211, 0.8181699477609612, 0.8969415612012557, 0.901773515697021, 0.8736269656515436, 0.8922014955284504, 0.8398669749743747, 0.8048061036264003, 0.860351797927285, 0.8269287921652694, 0.7983744302528266, 0.885219255035067, 0.8790035867033774, 0.8370328305695661], [0.8900139495427818, 0.863800286559591, 0.9635425025266251, 0.7348448267042292, 0.9587004269115013, 0.8837724917625932, 0.930079644519398, 0.9253915537305822, 0.9218337892051482, 0.9667883627913858, 0.7828301645304949, 0.8337990756525343, 0.9564474346696874, 0.9433350338955673, 0.5079656337239036, 0.972547643490672, 0.8868309669518655, 0.9661611091817065, 0.9182864765674548, 0.8778299926129711, 1.0, 0.794929523522717, 0.8470392649081206, 0.8717747738955308, 0.6680326988847946, 0.8636977385977509, 0.8248984554358315, 0.8531731032984116, 0.9755504364012013, 0.7836586397977523, 0.8695659873253003, 0.967776030821018, 0.9360243781548198, 0.9630098212309683, 0.9810274042769233, 0.8753617786638138, 0.7242429798534383, 0.7932059013265791, 0.9059553444420755, 0.9754195784139912, 0.698862157675691, 0.9310847733993501, 0.9430246698428908, 0.9395721739038221, 0.8571294725997541, 0.9590373099838184, 0.9770454551994887, 0.9586451959949511, 0.8696531758360659, 0.89245103806356, 0.8589454473483625, 0.9407740701761071, 0.8996386293843273, 0.8941818453918438, 0.6463741376197566, 0.9403994332751207, 0.9021847894684702, 0.8247096142581252, 0.9619517457707906, 0.8969510125897284, 0.8698840251002602, 0.8746652281806321, 0.8837580270517881, 0.9510284890521885, 0.9605434053168029, 0.94945412627334, 0.9450481767039527, 0.9681013132290057, 0.9594084352035246, 0.9651809995953181, 0.9499440735769082, 0.9547137501829325, 0.9368316526057551, 0.9819779290652004, 0.7790802016974088, 0.9229340735263868, 0.940507573672221, 0.9271057497637527, 0.9221938461241798, 0.9437601214848808, 0.7223853886922126, 0.9870147275670866, 0.9736685620641949, 0.9506126139618883, 0.9130156971550206, 0.8739566872695478, 0.9159208868448628, 0.9021854814875884, 0.9555837369636653, 0.8851314341923191, 0.97698754320586, 0.9149918914763998, 0.9428154198078817], [0.8397960552598647, 0.8009152449777625, 0.8132295765364383, 0.8032606171665342, 0.8133189640248517, 0.9797868942900038, 0.8444770245690751, 0.7988297815822102, 0.8056064572353017, 0.7434775800161532, 0.8191669313901394, 0.7285100194454827, 0.8211749798424812, 0.9367918041051299, 0.6800182268062321, 0.8203995666331662, 0.59159985687692, 0.7864707638096233, 0.8231051769399913, 0.7843752078637259, 0.794929523522717, 1.0, 0.7513901217482969, 0.7660095066806625, 0.7714663637747688, 0.7944284697547745, 0.7374938958871043, 0.7463974264277599, 0.7731957768134456, 0.6537324611423113, 0.7742171526695916, 0.8393648200598604, 0.8223342266897347, 0.8309224004516299, 0.7963179662937244, 0.8101631541812299, 0.7989763272969259, 0.8339239711253863, 0.8177473042538183, 0.7909030142463395, 0.7869664946740402, 0.8611549898083818, 0.8548309264261319, 0.8012376711027785, 0.7640111566539654, 0.9045664844624735, 0.8052330118677934, 0.7214078809772387, 0.7510005201879286, 0.7975485495559714, 0.7704196001845731, 0.7970141923765994, 0.7678693739230198, 0.9712328682008236, 0.5639217974742338, 0.6873017583130847, 0.8062551749957859, 0.6764019177393853, 0.7243080877331267, 0.8109654164797867, 0.7543019130391379, 0.7325258387574616, 0.8057674783700495, 0.8382076292999706, 0.8151890211216536, 0.7916428110994581, 0.8330590071977804, 0.8100725911172009, 0.8448512385094142, 0.7392597431500554, 0.8063520950791419, 0.8517936354630417, 0.754131862212