"[[1.0, 0.9990257120438463, 0.9981961344278695, 0.9993928986876591, 0.9993021681646219, 0.9984755904138224, 0.9996847232445739, 0.999053434988174, 0.9993551923978667, 0.9976583213591056, 0.9974409398323167, 0.9979545083169877, 0.9995011046262741, 0.9990958090359628, 0.9805406515075282, 0.9996455148187893, 0.988658708619546, 0.9990218487432175, 0.9976495935919106, 0.9960619467553038, 0.9992474999896827, 0.9980461554312664, 0.9952341787224045, 0.9978945933612664, 0.9786306068006618, 0.9982502543635416, 0.997764150896994, 0.9538707329207324, 0.9884849140953368, 0.9978747844096263, 0.9984722664127691, 0.9993646203987172, 0.9988759946676079, 0.9997442775208867, 0.9993232675786307, 0.9989960645814142, 0.9991580062781039, 0.9986507937385577, 0.9997687411842544, 0.9998436986891927, 0.9995221438082197, 0.998934987930254, 0.9986232736458398, 0.9989618224184534, 0.9991094593747757, 0.9992666390812033, 0.999326038737211, 0.9961221714308939, 0.9991156853548253, 0.998003027732439, 0.9988429609113038, 0.9993067191509685, 0.9992229873368785, 0.9985981789964001, 0.9978405293580259, 0.9977856927371641, 0.9994435307252671, 0.9977032163380529, 0.9990464605204246, 0.9987457703438956, 0.9988107324180756, 0.995149291642367, 0.9982976575956151, 0.9993840792604675, 0.9994967710806514, 0.9993342199016443, 0.9986110096791428, 0.9989390011532462, 0.9995944560598483, 0.9991320668263393, 0.9987769630680617, 0.999425209532299, 0.9991792173555224, 0.9993786979755501, 0.9997135949778252, 0.9988540124677704, 0.9991060678443795, 0.9994408117471619, 0.9995735808941825, 0.999740435826374, 0.9985304241676648, 0.9990576985029349, 0.9971406269955067, 0.9985033703103983, 0.9984722469806064, 0.9986990504506855, 0.9978498639127719, 0.99852861434878, 0.9947343535031209, 0.9901638380250853, 0.9989104207227234, 0.998856555916537, 0.9855979364346054], [0.9990257120438463, 1.0, 0.9986855745396638, 0.9993716040578154, 0.998827724711761, 0.9977781740020812, 0.9993211334469455, 0.9987577906303702, 0.9993498989142391, 0.9982794631933514, 0.9969407698917417, 0.998161673421796, 0.9991792099797285, 0.998938305461581, 0.9815783640659471, 0.9993451247140267, 0.9888067415257058, 0.9991928236293677, 0.9966285081597656, 0.9960190375909088, 0.9992422187710277, 0.997160170175826, 0.9979885611148981, 0.9994594438328795, 0.9814387383555896, 0.9978634657082641, 0.9982275327245663, 0.9583151354681113, 0.9905431741889816, 0.996927278894802, 0.9997078473657892, 0.9994364965435382, 0.9982173173285072, 0.9989709769151136, 0.9989802966577183, 0.9984852888466557, 0.999150913910289, 0.9979728873000422, 0.9988243095736442, 0.9994360728024705, 0.9989904840430592, 0.9982162777078878, 0.9990560021759465, 0.9984570004745564, 0.9986483482332769, 0.9992571708634883, 0.9991666426250131, 0.9960559131439111, 0.9987420747560163, 0.997101028055924, 0.9986750234048914, 0.9993858917996, 0.9992185096974506, 0.9982925024173565, 0.9967888091983899, 0.9974054068403004, 0.999043925446878, 0.9970252596191514, 0.9983732002462048, 0.9990889359776227, 0.998004767272353, 0.9945015015530468, 0.9987849821699184, 0.9990643377999158, 0.9993587231063634, 0.9990791453994741, 0.9989949229763224, 0.998200572062949, 0.9993184129549829, 0.9992667394031648, 0.9990468546972372, 0.9992632606495686, 0.9988316359390348, 0.9990451092873218, 0.9993794273729472, 0.99903373566065, 0.9992526418448003, 0.9992278447165089, 0.9989676696683064, 0.9993426967427286, 0.9986160000589301, 0.9992282614437112, 0.9979594351105079, 0.9985412533144302, 0.9991400793874311, 0.9990456137680815, 0.998083766421412, 0.9989149262787668, 0.9959558138309295, 0.9921088818161568, 0.9997378902762832, 0.9988079732001635, 0.9879304645438942], [0.9981961344278695, 0.9986855745396638, 1.0, 0.998988099919434, 0.9972425552659241, 0.9968452119787112, 0.998456103274445, 0.9986010877778255, 0.9984088723528175, 0.9999575233077849, 0.9947186743175268, 0.9964231128805332, 0.998291854616114, 0.9981895429467285, 0.9833760776911343, 0.9988049076699614, 0.9890811785536573, 0.9995466869355614, 0.9950210122922785, 0.9945715531295989, 0.9989737028078397, 0.9958342531990566, 0.9973698768611354, 0.9990563424775131, 0.987815072552698, 0.9975744786314608, 0.9989543312909719, 0.9680678076331346, 0.9950101698243369, 0.9954731447733278, 0.9991885641396575, 0.998771275099899, 0.9972228209698243, 0.9979653761506709, 0.9985823531697589, 0.9967210701927238, 0.9980033057549635, 0.9970286330259461, 0.9982349071584304, 0.9987288764152692, 0.9979586991456936, 0.9970293292075091, 0.9999335853452574, 0.9966897515906323, 0.9972392883651523, 0.9991772531605297, 0.9989505963741386, 0.9945715361145407, 0.9975065627771996, 0.995741735473711, 0.9982809980800651, 0.9985565748399284, 0.9991151362058196, 0.9976910550840822, 0.995015538017423, 0.996095654098907, 0.9978246526558152, 0.9945080045988666, 0.9970972541408237, 0.9998959193602559, 0.9966105894268116, 0.9915197549273808, 0.9996233378852627, 0.9995537312162115, 0.9988866813121163, 0.998380553627221, 0.9999468693790992, 0.9969514992405785, 0.9986898184076445, 0.999444541916951, 0.9999025625030351, 0.9990405223216657, 0.998043429072111, 0.9984572117007325, 0.9986792658742984, 0.9989612082334764, 0.9995672038452237, 0.9989392952013956, 0.9983510585779185, 0.9988209818171371, 0.9990307899838057, 0.9994588931179449, 0.9998298254955917, 0.9988193271942973, 0.9990086668102381, 0.9994667929840815, 0.9972460217224685, 0.9991883942557341, 0.994685786726293, 0.9960286136947423, 0.9990603012443354, 0.9974233082671609, 0.9931444442063745], [0.9993928986876591, 0.9993716040578154, 0.998988099919434, 1.0, 0.9989128552460023, 0.9988016448527929, 0.9996971018842512, 0.9995496179891484, 0.9997773080424329, 0.9985919719191588, 0.9965324473777989, 0.9986624334122771, 0.9996563305727816, 0.9994729257542937, 0.9811126153755002, 0.9997383919232219, 0.9890098663814768, 0.9994653016369275, 0.997799689151537, 0.9952605996969087, 0.9996968847864651, 0.998269733134839, 0.9960426519707396, 0.99843799308269, 0.9806106751557141, 0.9987437897010638, 0.9981234185381322, 0.9569513788587081, 0.9900792714491928, 0.9980649072104791, 0.9989135800174405, 0.999844084169788, 0.9991112547875186, 0.9995702121862734, 0.999681328189494, 0.9984609387766156, 0.9996274802905716, 0.9989465058180407, 0.9994672851167357, 0.9997100719969627, 0.9995880043080976, 0.9990842519029589, 0.9993817650726114, 0.998417739369698, 0.9991615404362618, 0.9995095624191243, 0.9996263791005848, 0.9953179191533303, 0.999244916540663, 0.9982178977904042, 0.9997266575510998, 0.9997836493234229, 0.9996500012979477, 0.9993821005641235, 0.9978936337300541, 0.9987268938554402, 0.999413576726812, 0.996757730176831, 0.9991533725957394, 0.9992986496141691, 0.9988925610834252, 0.9938033849364283, 0.9990489360620523, 0.9995379514624437, 0.9997596662550062, 0.9996345419325587, 0.9993601409392436, 0.9990609703828061, 0.9998478300287363, 0.9997298372598771, 0.9994489838974119, 0.9997976752855381, 0.9995483428813053, 0.9995775122197368, 0.9997512156375791, 0.9991887448380332, 0.9994878157806035, 0.9997426615961832, 0.9996410838999287, 0.9998066677505595, 0.9995517771781574, 0.9996017587111576, 0.998130381572747, 0.9989768719881127, 0.9992774805658033, 0.9992703190378656, 0.9976306970412101, 0.9989705969344528, 0.9962056096102423, 0.9916624800027392, 0.9991317442901525, 0.9993769136653894, 0.9874329437761029], [0.9993021681646219, 0.998827724711761, 0.9972425552659241, 0.9989128552460023, 1.0, 0.997457010594172, 0.9996200226850003, 0.9980309519038668, 0.9990452058344008, 0.9965225787444129, 0.9991919230027868, 0.9976304236541244, 0.999243765726032, 0.9982122846347237, 0.980521633060086, 0.9993133312014956, 0.9883239843378928, 0.9985404543464619, 0.9967158676403405, 0.9979897775317766, 0.9987038796376642, 0.9970769490800223, 0.9943579610955803, 0.9973429130838415, 0.976953561673318, 0.9971516826538133, 0.9976957041342112, 0.9515734972345481, 0.9872382856745562, 0.9969217236241423, 0.9980194634078998, 0.9989757620308708, 0.9980823470722926, 0.9990745831348745, 0.9985496616492964, 0.9999529728652653, 0.9988192103726098, 0.9977132480376475, 0.9986123210005096, 0.9995066341677116, 0.9991969635184745, 0.9982695745442643, 0.9977768566708864, 0.9999427993484598, 0.9996324609083427, 0.9990278098987153, 0.9988347244531566, 0.9980352191626162, 0.9989335496775298, 0.9970380224748472, 0.9981906098728577, 0.9989766052463477, 0.9986742070089987, 0.9982757906721048, 0.9970838560023675, 0.9975807518540485, 0.9995035813235208, 0.9993755516219706, 0.9984738646722682, 0.9981663594197948, 0.9982102813277592, 0.997689534697631, 0.9975421935657074, 0.9981295907413879, 0.9991688029459803, 0.9988546648451244, 0.9976988847484246, 0.9983136288000781, 0.9990828864226026, 0.9983826732720866, 0.9978825026238249, 0.998806491499452, 0.9984869326798861, 0.998947556736154, 0.9995449942262519, 0.9986910042154165, 0.9987130031442872, 0.9988994340679478, 0.9985281394922361, 0.999262723373586, 0.9977738314262599, 0.998433093370348, 0.9961032297370596, 0.9978207227534802, 0.9981180332707352, 0.9981964611217021, 0.998938801295981, 0.9983435311304689, 0.9942235231691657, 0.9890927327651188, 0.9989166485064498, 0.998441277072093, 0.9840699324228724], [0.9984755904138224, 0.9977781740020812, 0.9968452119787112, 0.9988016448527929, 0.997457010594172, 1.0, 0.9988233267828219, 0.9996468755937071, 0.9988608727803397, 0.9963079970605182, 0.9938459638820812, 0.998040128204402, 0.9990545115236721, 0.9997493867554432, 0.976367576189678, 0.9987484315143359, 0.9870765099931103, 0.997669125071193, 0.9997871239611552, 0.9911059963740202, 0.9986861201557001, 0.999927778334086, 0.993451682517424, 0.9961830218500913, 0.9725406861156097, 0.9991849901963187, 0.9949839690728995, 0.9456433481499376, 0.9840299076067595, 0.999872941184226, 0.9969009856595621, 0.9987544801805529, 0.9999306648266814, 0.999435799278567, 0.999607640643384, 0.9967595050162629, 0.9989067193455498, 0.9999930189390596, 0.9993030131769978, 0.9983608637692382, 0.9994912147851159, 0.9999137743503882, 0.997450241921787, 0.9966709370810362, 0.9974867395364806, 0.9978731246325205, 0.9987069795964042, 0.9912452155872052, 0.9988380473365083, 0.9999149860246392, 0.9987377797714093, 0.9987039778415894, 0.9985299093710673, 0.9980366060161707, 0.9997511180950659, 0.9976269651107497, 0.9986352410981731, 0.9946545393581309, 0.9998588167939976, 0.9971050287312712, 0.9998837873953582, 0.9905741506349577, 0.9969197491368892, 0.9983258477670536, 0.9987246034013257, 0.9991696864773149, 0.9975512452557453, 0.9998963490073596, 0.9992744889262462, 0.9985462265319675, 0.9978372247351982, 0.9990950389260042, 0.9996234150590557, 0.9990642927346226, 0.9987855130428641, 0.9971612278285761, 0.9976089399936175, 0.9990308122198294, 0.9994990848864164, 0.9990458058071843, 0.9977880120507275, 0.9981269906293486, 0.9952763686054021, 0.9977476484180461, 0.9969282678339808, 0.9972176749496671, 0.9940274036360878, 0.9964486761664851, 0.9941553851769338, 0.9858666695778054, 0.9968057605760076, 0.9990069401480713, 0.9809407058226779], [0.9996847232445739, 0.9993211334469455, 0.998456103274445, 0.9996971018842512, 0.9996200226850003, 0.9988233267828219, 1.0, 0.9993718797503423, 0.999669306679214, 0.9979100534100445, 0.9977497903955979, 0.9982834607780892, 0.9998201233056123, 0.9994221454069266, 0.9807437092495617, 0.9998754229382661, 0.9889326994040116, 0.9993024904857081, 0.9980201122508046, 0.9963352953462133, 0.99954973766406, 0.9984071801738017, 0.9954815659632404, 0.9981601132527251, 0.9785940576418853, 0.9985751149714645, 0.9980171641862597, 0.9538393134336316, 0.9886307000045491, 0.9982401351251746, 0.9987469131002008, 0.9996717481707632, 0.9992189130117765, 0.999769226912989, 0.999643097632505, 0.9993130540787609, 0.9994779463067973, 0.9989964430612318, 0.9995321210483245, 0.9998605743092764, 0.999851978351631, 0.9992813454436212, 0.9988932383755711, 0.9992781554969431, 0.999426085064254, 0.9995567581738937, 0.9996295181555785, 0.9963971702554292, 0.9994425873791725, 0.9983651790172999, 0.9991545697736426, 0.9996163902212328, 0.9995211267359716, 0.9989102184231168, 0.9982118105407141, 0.9981141634505131, 0.9997650167158426, 0.9980258775261348, 0.9993917002157964, 0.9990133777183948, 0.9991628935857715, 0.9954614475546801, 0.9985643589750055, 0.9992531315530258, 0.9998024591282791, 0.9996520091988877, 0.9988818718345885, 0.9992864587319695, 0.9998632731308544, 0.9994246195755125, 0.9990527005885272, 0.9997322316267181, 0.9995067502757315, 0.9996944592461473, 0.999990258303137, 0.9991372911326406, 0.9993862529482288, 0.9997488352480884, 0.9995537596976002, 0.9999304805657718, 0.998817698670479, 0.9993448923245621, 0.9973800651978342, 0.9987934242009547, 0.9987500090684739, 0.9989739353758126, 0.9981215455762932, 0.9987985370794968, 0.995029944218984, 0.9903225251058018, 0.9991886361384944, 0.9991853288428693, 0.9857239840343961], [0.999053434988174, 0.9987577906303702, 0.9986010877778255, 0.9995496179891484, 0.9980309519038668, 0.9996468755937071, 0.9993718797503423, 1.0, 0.9993899993820328, 0.9982351640130875, 0.9947471533076809, 0.9981802082465369, 0.9994772825264224, 0.9999258642282896, 0.9793697930668877, 0.9994450880290275, 0.9884203236252439, 0.9989824024154511, 0.9988914115520197, 0.9928679827021812, 0.9994699115797382, 0.9992585856260001, 0.9954583942142684, 0.9978310278137114, 0.9783592364071774, 0.9993511272978944, 0.9969828055422519, 0.9538627053687113, 0.988407767586698, 0.9991006062301808, 0.998350067117997, 0.9994430425662905, 0.9997198347867757, 0.9996252362429884, 0.9999594747461784, 0.9973834214880444, 0.999285849865803, 0.9997010132279376, 0.9996345757306578, 0.9991551533015838, 0.9996584384378213, 0.9996395999576638, 0.9989784059750132, 0.997313182202164, 0.9980552958147018, 0.9989864893022637, 0.9994739631963829, 0.992961137556352, 0.9990678990056288, 0.9992189454295245, 0.9992757165270189, 0.99933573846655, 0.9994132893537029, 0.9986002785208455, 0.9988598235679408, 0.9977898784573344, 0.9990312925972337, 0.9952174686864497, 0.9996227290663795, 0.9987269771526662, 0.9994772675353845, 0.9914717784044477, 0.9985184223242182, 0.9994334954582825, 0.9994591596194369, 0.9995909989312372, 0.9990521130821655, 0.9996006238617242, 0.9997638556751137, 0.9995411479802391, 0.9992269494796308, 0.9997666796610603, 0.9997871490877892, 0.9995446298595777, 0.9994237146238659, 0.9984380272539953, 0.998946259919625, 0.9996874080716047, 0.9998077935132199, 0.9996517286070201, 0.998897680335212, 0.9992627098435636, 0.9975025108813963, 0.9987975663252009, 0.9983062298460202, 0.9986560700291749, 0.9957364821811695, 0.998040529699669, 0.9950198125155598, 0.9899661779354219, 0.9982288567110491, 0.9991610229717706, 0.9857354112307046], [0.9993551923978667, 0.9993498989142391, 0.9984088723528175, 0.9997773080424329, 0.9990452058344008, 0.9988608727803397, 0.999669306679214, 0.9993899993820328, 1.0, 0.9979232165998483, 0.9967595305432299, 0.9993928430665432, 0.9996986820092629, 0.9993957752160376, 0.9803336443924128, 0.9996460619450944, 0.9886810135962654, 0.9991372206275235, 0.998043407422274, 0.9952570464921351, 0.9996227787423175, 0.9984364272060064, 0.9954012246767548, 0.9979727699574288, 0.9786519115087704, 0.9986266547657507, 0.997646758589678, 0.9540993096325759, 0.9886454196554881, 0.9982666725006689, 0.9985297020341986, 0.9999761355889728, 0.9991717239614802, 0.9996303355411096, 0.9995720643678246, 0.9986146506155612, 0.9999614800391387, 0.9990031340017909, 0.9993994027224111, 0.9997063521519761, 0.999625731218541, 0.999189994644442, 0.9989789079000824, 0.9985706115682652, 0.9988849357619202, 0.9992724017781807, 0.9994455614002952, 0.995325671808102, 0.999426916160912, 0.9983937207962825, 0.9991967509037829, 0.9999908876566364, 0.9994925093843886, 0.9986722848083677, 0.9981715263396711, 0.9981552697419133, 0.9995246830158856, 0.9970735654930236, 0.9992659876761555, 0.9988359185765254, 0.999052193531284, 0.9941895067735057, 0.9986706697901131, 0.9991827020441318, 0.9996856019216371, 0.9996564306548233, 0.9989111508826569, 0.9991814011340452, 0.9998426161585053, 0.9995324720477252, 0.9989948032822158, 0.9996462388193722, 0.9996199888187565, 0.9994973124729578, 0.9996818127749999, 0.9990162797163694, 0.999150484713609, 0.9995858964471647, 0.9996640519412555, 0.9997026434047667, 0.9987191644243035, 0.9993668707454011, 0.9974304216756267, 0.9986702158946931, 0.9993940684866367, 0.9989903488839308, 0.9976132991871343, 0.9987174003353081, 0.9971880144323824, 0.9904217259980388, 0.9988904978184483, 0.9998304307829244, 0.9857978981260638], [0.9976583213591056, 0.9982794631933514, 0.9999575233077849, 0.9985919719191588, 0.9965225787444129, 0.9963079970605182, 0.9979100534100445, 0.9982351640130875, 0.9979232165998483, 1.0, 0.99382923127984, 0.9958566673942556, 0.9977626933591207, 0.9977479099919484, 0.9834249683452994, 0.9983400535990671, 0.9887983712486785, 0.9992850992632778, 0.9943330700518783, 0.9938493007538624, 0.998601028141617, 0.9952092138826055, 0.9973714387714598, 0.9988925730189998, 0.9889122190110853, 0.997181762757403, 0.9987609294639932, 0.9699373132633401, 0.9956782113598323, 0.9948194595397091, 0.9989528975002839, 0.9983422646919554, 0.9966664066745885, 0.99740492955318, 0.998156959965826, 0.9959516561418619, 0.9974899541506584, 0.9964868740673671, 0.9977631555369683, 0.9982408629169371, 0.9973822779062024, 0.9964272041657689, 0.9998123003434385, 0.9959190901503868, 0.9965590975268115, 0.9988091896924642, 0.9985585963470178, 0.9938415572395529, 0.9969146345608754, 0.9951092389854246, 0.997873944854825, 0.9981010040817921, 0.9987665920679064, 0.9972102576539261, 0.9942865797703387, 0.9954942694758989, 0.9972137451746397, 0.9935552250669373, 0.996482261729582, 0.9997320209352396, 0.9959611576993026, 0.9904440306991719, 0.9994982855853397, 0.9993260500202995, 0.9984495143071649, 0.9979043349485127, 0.9998336118769864, 0.9963346730372159, 0.9982263116633908, 0.9991714046859669, 0.9997571412044477, 0.9986562230294882, 0.9975557690838307, 0.9979816086493755, 0.9981713348708862, 0.9986172706095088, 0.9992900010670154, 0.9985324201299881, 0.9979011983067172, 0.9983579551395291, 0.9987849868916996, 0.999189818447417, 0.9999225926875671, 0.9985415581538799, 0.9987431249301666, 0.9992427665113053, 0.9967116697648591, 0.9989265878831748, 0.9943527617607634, 0.996588241359481, 0.9987102898929875, 0.9968753895743449, 0.9939815944790633], [0.9974409398323167, 0.9969407698917417, 0.9947186743175268, 0.9965324473777989, 0.9991919230027868, 0.9938459638820812, 0.9977497903955979, 0.9947471533076809, 0.9967595305432299, 0.99382923127984, 1.0, 0.9950534998866406, 0.9970326449408107, 0.995037012295732, 0.9799178651901341, 0.9972474259097042, 0.9864831513514665, 0.9964536172874382, 0.992967210120899, 0.9994517216371344, 0.996256544032251, 0.9933855590082703, 0.9920674110397227, 0.995324675807579, 0.9755531590683326, 0.9936770154285999, 0.9965110897961222, 0.9503398294706416, 0.9855652859661277, 0.9932042252845287, 0.9960423742524642, 0.9966624648864691, 0.9948484959628696, 0.9966102760391923, 0.9956083460695476, 0.9995303803136618, 0.9964069036260513, 0.9942426222044354, 0.9959036732672226, 0.9977518267887485, 0.9967871590449812, 0.9951825506446356, 0.9952728127731243, 0.9995621733376431, 0.9985850422534985, 0.9971857039010331, 0.9964799652882673, 0.9994551334830991, 0.9967211094241579, 0.9933398312136775, 0.9954873423500915, 0.996707033617448, 0.9962788819932553, 0.9960603279745235, 0.9935813669365111, 0.995303212352524, 0.9977192061464071, 0.9999146155855726, 0.9955328123942417, 0.9960946968699371, 0.995150654718471, 0.9995903960879314, 0.9951919678735138, 0.9954605029938195, 0.9970088929076997, 0.9963309605179111, 0.9951008516290367, 0.9952716981818742, 0.9966127650448411, 0.9957549337560109, 0.995266000345369, 0.9962243423680628, 0.9955448930693283, 0.9965402835736722, 0.9976213524358349, 0.9970084924509224, 0.9967638183998004, 0.9964229488860183, 0.9956384501534774, 0.9970170278543228, 0.9952167812362889, 0.9960489458345532, 0.9936784601416507, 0.9953376806090452, 0.9961360173375671, 0.9961191594185871, 0.9991817514005682, 0.9967751503201799, 0.9916183329921182, 0.9875104495142617, 0.9975501477553649, 0.9958023258787823, 0.982214949198839], [0.9979545083169877, 0.998161673421796, 0.9964231128805332, 0.9986624334122771, 0.9976304236541244, 0.998040128204402, 0.9982834607780892, 0.9981802082465369, 0.9993928430665432, 0.9958566673942556, 0.9950534998866406, 1.0, 0.9985748624161507, 0.998273541887994, 0.9776192937859506, 0.9982417942806672, 0.9868922284485404, 0.997411108692766, 0.9975161753729158, 0.9930662452672326, 0.9984550197229078, 0.9977866071287976, 0.9932769548656487, 0.9960192695009901, 0.9744946739108384, 0.9975269157041093, 0.995466380740725, 0.9486996793165023, 0.9852876707402212, 0.9976726616731703, 0.9966778871956118, 0.9992214779542834, 0.9982564688386897, 0.998559790106192, 0.9983450691614582, 0.9971157477667496, 0.999619987634476, 0.9981428239605799, 0.9981718627160745, 0.9984320672150316, 0.998468374011504, 0.9983002945924089, 0.9973261910421397, 0.9970599545626241, 0.9974477562132581, 0.997589183896323, 0.9979706158684256, 0.9931614652378608, 0.9985707026007645, 0.997758426346362, 0.9980715811098175, 0.9993805569163176, 0.9981385866075789, 0.9972986871278366, 0.9976291196972307, 0.9973997186040664, 0.9983853041519244, 0.9955589835695117, 0.9983486678701374, 0.9968967784433236, 0.9982308676160768, 0.9924320523613749, 0.997045532290799, 0.9975449602627564, 0.9983799980872027, 0.9986098746397862, 0.9971724155747028, 0.9983007225804615, 0.9987339121568736, 0.9982202859398059, 0.9972057420366317, 0.9982975490179431, 0.9987632187448195, 0.9981758043572572, 0.9982515817828181, 0.9974937484167782, 0.997354825493026, 0.9981749457646723, 0.9987244131851725, 0.9983060712385047, 0.9970756429755394, 0.9979198874047022, 0.9952989712371569, 0.9970544603429476, 0.9987455914374964, 0.9974299197976492, 0.9958610003429818, 0.9970771478446424, 0.9987253520820669, 0.9873859444368921, 0.9971283844476724, 0.9997855039196039, 0.9821940639155631], [0.9995011046262741, 0.9991792099797285, 0.998291854616114, 0.9996563305727816, 0.999243765726032, 0.9990545115236721, 0.9998201233056123, 0.9994772825264224, 0.9996986820092629, 0.9977626933591207, 0.9970326449408107, 0.9985748624161507, 1.0, 0.9995230672331477, 0.9801156475265864, 0.9997280151601687, 0.9886835676614274, 0.9991039322088002, 0.998326590546141, 0.9954176179878256, 0.9995120669106988, 0.9986822343401484, 0.9952533080496639, 0.997910810010633, 0.9778610443010948, 0.9987344770403629, 0.9975788487891898, 0.9528704026339315, 0.9880808999103414, 0.9985294994604179, 0.9985073434236654, 0.9996807735668702, 0.9993658603349169, 0.9997508239942573, 0.9996837058195857, 0.998852905201025, 0.999575961079903, 0.999195478311026, 0.9995309972492519, 0.999679472096203, 0.9998085814901441, 0.999406079510826, 0.9987825687852749, 0.9988084346612396, 0.9990895216688302, 0.9995724772214536, 0.99952216390701, 0.9954917487630693, 0.9994160663434005, 0.9986439583850446, 0.9991705269461564, 0.9996423958775118, 0.999442064794528, 0.9987956217406294, 0.9984712361316204, 0.9981174513484994, 0.999612472469254, 0.9973899515575656, 0.9994853646716281, 0.9987753877582652, 0.9992944245083988, 0.9945390345404229, 0.9984312315873256, 0.9991746519175614, 0.9996890236263052, 0.9996487333404598, 0.9987733028389159, 0.9994046023633292, 0.9998393708941055, 0.9993946484172118, 0.9989386647352249, 0.9996874156864274, 0.9996114133615563, 0.9999520585884536, 0.9998124375849045, 0.9993761068939988, 0.9991508531405182, 0.9998932316832474, 0.9996347846986845, 0.9998165735073938, 0.998718400652121, 0.9992479487852729, 0.9971734572065291, 0.9986855841411377, 0.9987183493912559, 0.9988024766747953, 0.997498737520933, 0.9989544347903968, 0.9954882038715828, 0.9898112322367526, 0.9988542105380928, 0.9993752366670663, 0.985165644673068], [0.9990958090359628, 0.998938305461581, 0.9981895429467285, 0.9994729257542937, 0.9982122846347237, 0.9997493867554432, 0.9994221454069266, 0.9999258642282896, 0.9993957752160376, 0.9977479099919484, 0.995037012295732, 0.998273541887994, 0.9995230672331477, 1.0, 0.9788147403627993, 0.9994240186577059, 0.9882229793843474, 0.9987665125474148, 0.9991443434200868, 0.9929749263436446, 0.9993731023252918, 0.9994487200794068, 0.9956363731311334, 0.9978813444570844, 0.976821571023457, 0.9993100903443987, 0.9966710518388502, 0.9515884163609795, 0.9872874799067984, 0.9993193345585344, 0.9984088998010635, 0.9993952619248683, 0.999827653220544, 0.9997100006565544, 0.9999306660758219, 0.9975992847740192, 0.999322614820403, 0.9998029595387137, 0.9996426248345912, 0.9991453999448943, 0.9997566837578759, 0.9997863098149352, 0.998641638948099, 0.9975288168792036, 0.9982069011828915, 0.9988647298973099, 0.9993928824786456, 0.9930770216844286, 0.9991743257246213, 0.999416522864452, 0.9992213010464512, 0.9993119413011875, 0.9992916004110248, 0.9986005204868558, 0.9991436710507349, 0.9979085332512467, 0.9991412211081453, 0.9955774974940882, 0.9997890528735344, 0.9984165092716475, 0.9996686777428894, 0.9919046247010835, 0.9981802856541426, 0.9992051129257952, 0.9994145537332033, 0.9995966173570249, 0.9987109794272052, 0.9997599389333777, 0.9997551554216514, 0.999354720187885, 0.9989174737596285, 0.9996858267758617, 0.9998182336935346, 0.9995458823206586, 0.99943911074686, 0.9982874703295842, 0.9987406589697485, 0.9996247470819158, 0.999800631838696, 0.9996350376681611, 0.9986832680437815, 0.9990640945344117, 0.996957708946864, 0.9986114379145417, 0.9980894804691253, 0.998403624568502, 0.9957031221826227, 0.9978069974449544, 0.994889527001594, 0.9889461044763806, 0.9982705073861117, 0.9992388733112589, 0.9844600779311495], [0.9805406515075282, 0.9815783640659471, 0.9833760776911343, 0.9811126153755002, 0.980521633060086, 0.976367576189678, 0.9807437092495617, 0.9793697930668877, 0.9803336443924128, 0.9834249683452994, 0.9799178651901341, 0.9776192937859506, 0.9801156475265864, 0.9788147403627993, 1.0, 0.9811262259239729, 0.9726863894256009, 0.9827000171799943, 0.9736939383284855, 0.9815526267327589, 0.9810892147457547, 0.9748607711599213, 0.9813568244736416, 0.9827479226141644, 0.9780697015883841, 0.9779361115133238, 0.9876118585109525, 0.9621605543026492, 0.9828888111559592, 0.974338476679171, 0.9826348038428356, 0.9808862163794995, 0.9772705517981608, 0.9792418177308251, 0.9796507296516692, 0.98041635448635, 0.9801839320994943, 0.9767569001902332, 0.9794885891449412, 0.981468397199892, 0.9792466658651658, 0.9771198526250149, 0.983017914480224, 0.9804481124807389, 0.9803027458424793, 0.984348187387507, 0.9811124476470858, 0.9832504186386587, 0.979080753331961, 0.9747262672463907, 0.979837282073851, 0.9806386171250396, 0.9814084199667922, 0.9797157495939467, 0.973911204834158, 0.9775492577461865, 0.981446583874478, 0.9790008987569744, 0.9773684826782295, 0.9834840166998619, 0.976547087215037, 0.9777288349173567, 0.9838442349519727, 0.9819050587868198, 0.9811810119547901, 0.9799287868131007, 0.9829060653372024, 0.9770528337047784, 0.9803717425736559, 0.9816861913953651, 0.9826865183345217, 0.9808684732465253, 0.9788694022820195, 0.9801801003634979, 0.9810417789407454, 0.9824384808120425, 0.9833030779443489, 0.9808388128434639, 0.9794206746940588, 0.9808532448970717, 0.9814950740243173, 0.982110479474997, 0.984317949955115, 0.9880536991916847, 0.9828588118739199, 0.982814721633838, 0.9830495970764249, 0.9832047068256675, 0.9769503993097883, 0.9835874265005179, 0.9838947765758426, 0.9785426689062359, 0.9814762394041618], [0.9996455148187893, 0.9993451247140267, 0.9988049076699614, 0.9997383919232219, 0.9993133312014956, 0.9987484315143359, 0.9998754229382661, 0.9994450880290275, 0.9996460619450944, 0.9983400535990671, 0.9972474259097042, 0.9982417942806672, 0.9997280151601687, 0.9994240186577059, 0.9811262259239729, 1.0, 0.9893453014136597, 0.9994444135019492, 0.9978111587474546, 0.9959687764811553, 0.9996121893579827, 0.9982541939571515, 0.9958649731008625, 0.9983869224212294, 0.9799605476991328, 0.9986288604184184, 0.9981970208077382, 0.9558817244178904, 0.9896040441675013, 0.9980616651830273, 0.9989074091959581, 0.9996975264940832, 0.9991176794639217, 0.9996882103522964, 0.9996540259896967, 0.9989501049068679, 0.9994413406488055, 0.9989140803990505, 0.9995645861725789, 0.9998337782286124, 0.9997127509372544, 0.9991348988953593, 0.9991805023170676, 0.9989130469341676, 0.9991598464300517, 0.9995937183282947, 0.9996569925131082, 0.996024824729725, 0.9993015632919079, 0.9982055594149961, 0.9991871025279084, 0.9996226275335891, 0.9995978762596278, 0.998853711323108, 0.9979596637332346, 0.9979690582410353, 0.9995879933226758, 0.9974724804725459, 0.9992300820500487, 0.9992409877916116, 0.9989727115249903, 0.9947624894575675, 0.9988483236803432, 0.9994892690160082, 0.9997920448679333, 0.9996185513185231, 0.9991735657927928, 0.9991255513696113, 0.9998445305012593, 0.9995797418963274, 0.9993102866648554, 0.9997965316562883, 0.9994744339896996, 0.9996471652088301, 0.9999059353285844, 0.9992046597981685, 0.9995082208313307, 0.9997656416712737, 0.9995966316889919, 0.9999055553570793, 0.9989830295830922, 0.9994955295874269, 0.9978543428167299, 0.9989279364859116, 0.9989399123843893, 0.9991610883099048, 0.9979730832325139, 0.9989403286594766, 0.995264019709573, 0.9912045038481991, 0.9992356825024096, 0.9991307209053247, 0.9868526797276566], [0.988658708619546, 0.9888067415257058, 0.9890811785536573, 0.9890098663814768, 0.9883239843378928, 0.9870765099931103, 0.9889326994040116, 0.9884203236252439, 0.9886810135962654, 0.9887983712486785, 0.9864831513514665, 0.9868922284485404, 0.9886835676614274, 0.9882229793843474, 0.9726863894256009, 0.9893453014136597, 1.0, 0.9892564180694804, 0.9856386033275231, 0.9859997955003987, 0.9889268240110354, 0.9862900557819075, 0.9864072910947589, 0.9885326579117115, 0.9742649968515972, 0.9874512194768014, 0.9886238022219577, 0.9527742467832659, 0.9824437428041605, 0.986002522979232, 0.9888523478680911, 0.9888901628368651, 0.9875520016465448, 0.9884045390097749, 0.9886011914948487, 0.9879873676701018, 0.9883352647421577, 0.9872889526886935, 0.9884108676950512, 0.9890735823109138, 0.9884439857273721, 0.9874970050343723, 0.9892218841844119, 0.9879653592576886, 0.9881887851456395, 0.9891978640881357, 0.9889633994995002, 0.9860150319246692, 0.988070208769695, 0.9862166749175835, 0.9882950231315748, 0.9887528319224228, 0.9890110721096583, 0.9879667867836383, 0.9857720874139573, 0.9866936893256814, 0.9884905684090592, 0.986399765264513, 0.987617420838713, 0.9893512955701331, 0.9872075903084113, 0.9839457561628561, 0.9889499504857585, 0.9890957066350631, 0.989043398428016, 0.988593730963606, 0.989200561556171, 0.9874638466871455, 0.9888721917992467, 0.9891117403065415, 0.9892354964493337, 0.990492615368601, 0.9882313482215203, 0.9886819990665606, 0.9890487235155153, 0.9889469501131668, 0.9893349882192364, 0.9889726515032295, 0.9884462068493397, 0.9890300368797588, 0.9886425140171886, 0.9891493735041201, 0.9885815573521247, 0.9885257462863016, 0.9887570698104384, 0.9890854005427175, 0.9880000242139148, 0.9889773988721993, 0.984584144324345, 0.9837429618256368, 0.9891024230507375, 0.9878198314844255, 0.9801396812743771], [0.9990218487432175, 0.9991928236293677, 0.9995466869355614, 0.9994653016369275, 0.9985404543464619, 0.997669125071193, 0.9993024904857081, 0.9989824024154511, 0.9991372206275235, 0.9992850992632778, 0.9964536172874382, 0.997411108692766, 0.9991039322088002, 0.9987665125474148, 0.9827000171799943, 0.9994444135019492, 0.9892564180694804, 1.0, 0.9962345973806078, 0.9958756532228973, 0.9997613552218529, 0.9968851875062662, 0.9968057542218371, 0.998917201524423, 0.9844302225791437, 0.9986734945547929, 0.9988921343505758, 0.9627022831776127, 0.992729678757671, 0.9965981448509869, 0.9992346597872472, 0.9993500408177831, 0.998096271917895, 0.9988539899382959, 0.9991171547064521, 0.9981449371223304, 0.9988124277974442, 0.9978642092308766, 0.9988899037387202, 0.9994381525396219, 0.9988835025332282, 0.9980207077238467, 0.9996944231318543, 0.9981168672436249, 0.9984330024119092, 0.9995647210805912, 0.9993996268946952, 0.9958957216642861, 0.9984895276370096, 0.9968119499175172, 0.9987799887541371, 0.9992098756909201, 0.9994611218817803, 0.9983702455697623, 0.9963349820749562, 0.9971072891146855, 0.9988477092345577, 0.9964063053086903, 0.9981218498113448, 0.999755940605944, 0.9977242065999283, 0.9937372496047798, 0.9993982171235167, 0.9995785013506321, 0.9994604285080481, 0.9990590541724959, 0.9996816377369885, 0.9979808481248624, 0.9993339289673604, 0.9998387076354741, 0.9997147448857263, 0.9994726722259797, 0.998753032457179, 0.9991220928277132, 0.9994272318791395, 0.9992995497107572, 0.9997199187724797, 0.9994265309352056, 0.9989628450388867, 0.9994530169640573, 0.9991029475132035, 0.9996017464703714, 0.9990332544367285, 0.9989741206963549, 0.9991904567357603, 0.9994967560077198, 0.9980813867628793, 0.9993175166679695, 0.9951389488731905, 0.9940363840356243, 0.9994069073937182, 0.9983301857669749, 0.9904268407152412], [0.9976495935919106, 0.9966285081597656, 0.9950210122922785, 0.997799689151537, 0.9967158676403405, 0.9997871239611552, 0.9980201122508046, 0.9988914115520197, 0.998043407422274, 0.9943330700518783, 0.992967210120899, 0.9975161753729158, 0.998326590546141, 0.9991443434200868, 0.9736939383284855, 0.9978111587474546, 0.9856386033275231, 0.9962345973806078, 1.0, 0.989586128529383, 0.997650100729081, 0.9999628859790434, 0.9914445401712637, 0.9944847890299049, 0.9675414670137658, 0.9985652523364905, 0.9930682832214048, 0.9387321867215055, 0.9801658163646273, 0.999988988409883, 0.9953657469836361, 0.9978064934417753, 0.9996325208470761, 0.9988756264661227, 0.9988796873954561, 0.9960079972013527, 0.9982006222910154, 0.9997418446014579, 0.9986094089300587, 0.9973697912497067, 0.9989528185525169, 0.9996779196376011, 0.9958112083737805, 0.9959079518662157, 0.9967313130028744, 0.9966180814979948, 0.997690693432439, 0.9897591145949223, 0.9982657098225882, 0.9999711614854718, 0.9978793836024793, 0.99780540922161, 0.9974174628005891, 0.9971947306891357, 0.9999794713141583, 0.9971038728804571, 0.9979618512061845, 0.9940268446343853, 0.9996036251972558, 0.9954234185483604, 0.9997564860655067, 0.9897834162182162, 0.9952362311950951, 0.9970113994627092, 0.9977499342362524, 0.9984189397328213, 0.9959265627856305, 0.9996813132911423, 0.9984730619160096, 0.9973263823544578, 0.9963001037992383, 0.9981379635702387, 0.9990474811559832, 0.9982743866399885, 0.997906085992413, 0.9957880029439071, 0.9961655785592316, 0.9980938206455915, 0.9988106258906033, 0.9981673943528653, 0.9964807149467557, 0.996812689054667, 0.993082305858836, 0.9964941293405649, 0.9954533279931926, 0.995684058992582, 0.9924563014332389, 0.99483122529057, 0.9930515004850173, 0.9822335792410786, 0.9953389445835034, 0.9984647849380093, 0.9767278871829805], [0.9960619467553038, 0.9960190375909088, 0.9945715531295989, 0.9952605996969087, 0.9979897775317766, 0.9911059963740202, 0.9963352953462133, 0.9928679827021812, 0.9952570464921351, 0.9938493007538624, 0.9994517216371344, 0.9930662452672326, 0.9954176179878256, 0.9929749263436446, 0.9815526267327589, 0.9959687764811553, 0.9859997955003987, 0.9958756532228973, 0.989586128529383, 1.0, 0.9950140531432142, 0.9902720095365991, 0.9922515951900339, 0.9951419109712573, 0.9802669086300321, 0.9915531586651365, 0.9968719353611735, 0.9578630301472254, 0.9885720241062568, 0.9899688378118028, 0.9956387843939489, 0.9953366434878227, 0.9923349485744463, 0.9946851572896593, 0.9937860779283381, 0.9984517341703978, 0.9947131127213913, 0.9915961914970172, 0.9940984524308601, 0.9966393213187822, 0.9948452894501071, 0.9926218726134944, 0.9948700608038401, 0.998511702108664, 0.9973357167285861, 0.996421007676675, 0.9952319990892641, 0.9999435473804318, 0.9948875722452816, 0.9901945639158252, 0.993920480472245, 0.9953248108337717, 0.9951580888445666, 0.9946056464643023, 0.9902472876731621, 0.9933848303221225, 0.996147063854816, 0.9989338400189265, 0.993040463589768, 0.9958715594340204, 0.9924439397538226, 0.9992297346031944, 0.9948971084002968, 0.9945477265225597, 0.9957582025809734, 0.9946612570261771, 0.9946501375911317, 0.9926941787565795, 0.9950293685560645, 0.9947221847411302, 0.994684324811029, 0.9948288189435024, 0.9935100016925893, 0.9949562469562706, 0.9962999476882142, 0.9964600374042388, 0.9962364503135605, 0.99502795970886, 0.9937777981628679, 0.9956035802243995, 0.9943263098067735, 0.9952184501647147, 0.9940872850899073, 0.9943918177706631, 0.9956582250984314, 0.9956876451048902, 0.9994595193628012, 0.9966065793221252, 0.9904666734703248, 0.9902136029505345, 0.9972217815954264, 0.9938145266137265, 0.9856705902646428], [0.9992474999896827, 0.9992422187710277, 0.9989737028078397, 0.9996968847864651, 0.9987038796376642, 0.9986861201557001, 0.99954973766406, 0.9994699115797382, 0.9996227787423175, 0.998601028141617, 0.996256544032251, 0.9984550197229078, 0.9995120669106988, 0.9993731023252918, 0.9810892147457547, 0.9996121893579827, 0.9889268240110354, 0.9997613552218529, 0.997650100729081, 0.9950140531432142, 1.0, 0.9981343608067914, 0.9960353912801732, 0.9983858527127951, 0.9808536585914642, 0.9993743836351601, 0.998049972330813, 0.9573794230836871, 0.9902211187495785, 0.9979230609440435, 0.9988432969857025, 0.9997062345903944, 0.998984674541421, 0.9994258672439418, 0.9995813966925036, 0.9982349436933892, 0.9994614810896763, 0.9988274827187822, 0.9993522866918539, 0.9995653141816976, 0.9994424928287096, 0.9989440859706478, 0.9993396543709965, 0.9981907295875619, 0.9986073807570229, 0.9994049014222595, 0.999524626603591, 0.9950702641496922, 0.9990791883930974, 0.9980808401603669, 0.9991488570516199, 0.9996341288863577, 0.9995524959769209, 0.9986310069232293, 0.997729926268697, 0.9977647586776628, 0.9992426404721827, 0.9964710808429844, 0.9990076103439265, 0.9992471651995839, 0.9987404955688496, 0.993463936337449, 0.9990006799733169, 0.9994812828363698, 0.9996373546229825, 0.9995061017437612, 0.999325638515458, 0.9989164815444516, 0.999722346009911, 0.9999138702319067, 0.99941124446951, 0.9996990997098995, 0.9994229706396303, 0.9994564352756602, 0.99961398464739, 0.9990774001152302, 0.9994069061644785, 0.9996393479144678, 0.9995241099938417, 0.9996857976624618, 0.9989962624064141, 0.9995217244205671, 0.9981429811673571, 0.99890504767519, 0.9991548376275216, 0.9991936374967716, 0.9974367231991796, 0.9988751012529439, 0.9960048009497252, 0.9917694483028129, 0.9990191878688652, 0.999199989969656, 0.9876204457460072], [0.9980461554312664, 0.997160170175826, 0.9958342531990566, 0.998269733134839, 0.9970769490800223, 0.999927778334086, 0.9984071801738017, 0.9992585856260001, 0.9984364272060064, 0.9952092138826055, 0.9933855590082703, 0.9977866071287976, 0.9986822343401484, 0.9994487200794068, 0.9748607711599213, 0.9982541939571515, 0.9862900557819075, 0.9968851875062662, 0.9999628859790434, 0.9902720095365991, 0.9981343608067914, 1.0, 0.9923339864625468, 0.9952454027449333, 0.9696790639900625, 0.9988757349407523, 0.9939196244980748, 0.9416666533951117, 0.9818300766456486, 0.9999923061988873, 0.9960583455655297, 0.9982540021959252, 0.9998087721728673, 0.9991612528260846, 0.9992353733016193, 0.9963733699997555, 0.9985471466437781, 0.9998984886815414, 0.9989507378815876, 0.9978352685324556, 0.999229355758822, 0.9998281634597269, 0.9965471711864341, 0.996278112051909, 0.9970983595736553, 0.9971937449049565, 0.9981667156804676, 0.9904309046831327, 0.9985563841643269, 0.9999994787400222, 0.9982894861918776, 0.998232282613886, 0.9979336241783958, 0.997597899295022, 0.9999358934924206, 0.9973739239315916, 0.9982947058107822, 0.9943404147710898, 0.9997619395899767, 0.9961771398203266, 0.9998614057985197, 0.990164846413096, 0.9959907393898172, 0.9976118887887092, 0.998208581724946, 0.9987841195630961, 0.9966565390546165, 0.9998228639924658, 0.998859406883343, 0.9978873845612601, 0.996993536725268, 0.9985892845802303, 0.9993396977029874, 0.998655910582884, 0.99832