"[[1.0, 0.0, 0.03856258432509063, 0.062141384339337136, 0.0, 0.0, 0.3024005522979881, 0.03381546464199825, 0.0, 0.0, 0.040299470051253006, 0.0, 0.009775003922087744, 0.02065224938721666, 0.0, 0.0, 0.0, 0.0, 0.00018573722964754236, 0.0, 0.0, 0.0, 0.0, 0.0, 0.0, 0.0, 0.0, 0.0, 0.0, 0.0, 0.0, 0.0, 0.0, 0.0, 0.006550790473266899, 0.09331172386321085, 0.007084836567323838, 0.0, 0.0, 0.0, 0.0, 0.06276086364024924, 0.0, 0.0, 0.0, 0.0, 0.22759452607117736, 0.0, 0.0, 0.0, 0.0, 0.15776763852122988, 0.0, 0.0, 0.0, 0.0, 0.3182641684082097, 0.0, 0.0, 0.10318372344787374, 0.0, 0.0, 0.0, 0.007592883962054042, 0.0016301585240852123, 0.0, 0.0, 0.0, 0.0, 0.004560596411877338, 0.0, 0.0, 0.0, 0.0, 0.0, 0.0, 0.013309695927989251, 0.10438474435640155, 0.03237371873366901, 0.1201257537715883, 0.3495154362766947, 0.0, 0.0, 0.18327468255282664, 0.0, 0.07523287049598593, 0.0, 0.0, 0.0, 0.0, 0.2621509167558722, 0.0, 0.0], [0.0, 1.0, 0.32521359786943227, 0.5192729619186499, 0.0, 0.0, 0.19653157617026484, 0.0, 0.36061602552666505, 0.0, 0.0, 0.0, 0.04675089637805796, 0.0, 0.0, 0.26760454979395987, 0.0, 0.019622897291700303, 0.0, 0.0, 0.0, 0.0, 0.0, 0.0, 0.0, 0.0, 0.0, 0.0, 0.0, 0.0, 0.0, 0.0, 0.0, 0.041887837023718455, 0.0, 0.18079204713613484, 0.18875867362352672, 0.0, 0.0, 0.0, 0.0, 0.0, 0.0, 0.0, 0.0, 0.0, 0.08248767093534315, 0.0, 0.0, 0.03303256754378192, 0.0, 0.0, 0.0, 0.0, 0.0, 0.0, 0.028446666279981603, 0.0, 0.0, 0.019511800811032876, 0.0, 0.0, 0.28673579561673157, 0.0, 0.0, 0.0, 0.0, 0.0, 0.0, 0.0, 0.08784133662026661, 0.0, 0.0, 0.0, 0.11043485522081709, 0.0, 0.05044247540221303, 0.0704629873214242, 0.16477216931645422, 0.0, 0.041990336413615936, 0.0, 0.0, 0.0, 0.010882402182480932, 0.0, 0.0, 0.0, 0.0, 0.0, 0.1933365009741297, 0.0, 0.0], [0.03856258432509063, 0.32521359786943227, 1.0, 0.395059236207405, 0.7690535828543053, 0.12991791327132352, 0.7550322323321138, 0.09594167053417413, 0.9125228653584578, 0.7077227818464408, 0.1316668783751883, 0.0, 0.7342942427390213, 0.27112945155508594, 0.0, 0.9136052523918508, 0.0, 0.7259139667099702, 0.6101704756395488, 0.0, 0.5358297292334214, 0.0, 0.0, 0.06848239770965492, 0.15817242126170328, 0.0, 0.0, 0.0, 0.0, 0.0, 0.0, 0.6153504769070753, 0.23607472792003947, 0.6954214514098155, 0.15033678408538342, 0.10772815244612721, 0.07459016611195357, 0.29265645952701336, 0.03613088727335101, 0.6275614816716921, 0.002569644077663913, 0.5795724429682069, 0.06913098271202167, 0.5040817297517644, 0.0, 0.1191612063066867, 0.6515890301857187, 0.0, 0.011755643249908854, 0.2213185412484424, 0.05362422012679413, 0.76377744917616, 0.19476623914774294, 0.07815139149642047, 0.0, 0.0, 0.02504730709364289, 0.0, 0.12366645719524294, 0.010594608122103, 0.0, 0.0, 0.27499557823666265, 0.7006888769376453, 0.7783402721426016, 0.6875672492835521, 0.6571611643785166, 0.5042828950713706, 0.6584705104686095, 0.2677939291869307, 0.791847245786091, 0.6980099434398476, 0.6054723396736559, 0.0, 0.6801603055060823, 0.477294691239196, 0.35103132906931134, 0.6969252214884569, 0.6479427109132297, 0.522133255899487, 0.6431861747663388, 0.6840601331135493, 0.6650189724238599, 0.38214160766717997, 0.5731598659400983, 0.8122956560621376, 0.5746283119911665, 0.017616133318479443, 0.0, 0.0, 0.3496872790975458, 0.659521081287612, 0.4893154809413356], [0.062141384339337136, 0.5192729619186499, 0.395059236207405, 1.0, 0.22647335235146326, 0.2254122036417353, 0.3918441194501372, 0.07636113918052323, 0.46950774525216343, 0.22117125888933487, 0.22822142984396454, 0.0, 0.25315002887666616, 0.13664656471770487, 0.10877107308287426, 0.36390760730214655, 0.0, 0.2243434758487899, 0.11094149370422524, 0.03942322400442988, 0.1479170614362182, 0.12759293675205285, 0.0, 0.028416799469052068, 0.0, 0.15578839229126584, 0.0, 0.09659234506405012, 0.0, 0.0, 0.04745275505536306, 0.43199906879647454, 0.772637685304396, 0.5008989695251814, 0.7725629201034449, 0.829787313027808, 0.8182811526735042, 0.7525857196858156, 0.7329475293912948, 0.34271108661692695, 0.7406914979010351, 0.6153282766416525, 0.7385453515685858, 0.5270372918607354, 0.1360986814557673, 0.2773367902451065, 0.43453275942321024, 0.0, 0.7276059284667111, 0.4569370354361507, 0.0023862845124777987, 0.20493825987409786, 0.0, 0.6941309080806685, 0.0, 0.0, 0.08408106598998555, 0.030797743193958005, 0.04182458046013615, 0.14274298267655205, 0.0, 0.5580663182881092, 0.6549160994255256, 0.2406928265724163, 0.2286195139503987, 0.3254931754224779, 0.2305355235039135, 0.2912199464835701, 0.3020499409420201, 0.20054698346240585, 0.30129489266291865, 0.27085848577077476, 0.21103779816930157, 0.0, 0.35175643555310676, 0.17053973323083516, 0.18138677020206528, 0.31297930459671475, 0.39011050711705875, 0.23285147356791935, 0.2975985042473682, 0.19705638493183852, 0.15915130475516115, 0.18762720905875419, 0.08942229861378492, 0.271000219028517, 0.07518982492209791, 8.697930425982658e-05, 0.0, 0.039792852832730485, 0.2448653807433432, 0.3170920753578066, 0.14240369541078202], [0.0, 0.0, 0.7690535828543053, 0.22647335235146326, 1.0, 0.0, 0.8130591503704125, 0.12972940377575315, 0.8308113868124908, 0.9667720537798402, 0.007665879972657219, 0.07589766557727073, 0.9638459134242706, 0.31291548400599356, 0.0, 0.8149546829391306, 0.011473513131092461, 0.9569797043204427, 0.21087422989087035, 0.0, 0.7370076124217508, 0.03794918881766085, 0.021676489903646234, 0.04747872638593165, 0.0452208268146328, 0.0, 0.11262366943672009, 0.0, 0.0, 0.0, 0.05950550520926168, 0.8608761983975514, 0.3353145874931196, 0.8481484961288558, 0.18356435028944218, 0.026660374202782222, 0.001779998049236453, 0.4204051217581244, 0.03316846302904153, 0.8217659944157197, 0.0017815297383408923, 0.7902146657102119, 0.0909982745455048, 0.6997465507425019, 0.0, 0.1321562022284667, 0.8457577693562218, 0.0, 0.004193557951276516, 0.2723200762581194, 0.19655069575182837, 0.9020632124560501, 0.07605593217335427, 0.1013875443129868, 0.04504593458353667, 0.0, 0.13783418755479315, 0.17784324900774917, 0.04779228604492669, 0.17738945846258392, 0.18070457455792277, 0.11933710635842298, 0.08982122371070278, 0.9326861579624313, 0.9367759130337919, 0.9237962074732837, 0.9278889857657425, 0.6377753095767015, 0.8730648562832488, 0.34338683193445974, 0.9452896143659332, 0.9318228055094409, 0.8405315017606764, 0.0, 0.8795477403451527, 0.6500350264500802, 0.45939723522761744, 0.872138909431433, 0.8462203610902059, 0.7030770343663467, 0.8341780907880173, 0.6974382267089866, 0.7220439901024942, 0.5467948453183483, 0.1512423533818209, 0.7674772285991647, 0.14746385535999262, 0.000250202868239513, 0.0, 0.0, 0.21900307994945534, 0.7603220734508245, 0.6811462495239481], [0.0, 0.0, 0.12991791327132352, 0.2254122036417353, 0.0, 1.0, 0.10147988662739704, 0.03805059220567664, 0.05294335406805928, 7.666752331647597e-05, 0.9960531975398899, 0.0, 0.0270742551486306, 0.002841072623902541, 0.0, 0.07299511584040475, 0.0, 0.0, 0.0, 0.01946073009879634, 0.0011628904888468794, 0.0, 0.0, 0.0, 0.0, 0.0, 0.0, 0.0, 0.0, 0.0, 0.0, 0.032164435189395935, 0.08277626005763072, 0.0026102285929145985, 0.0001894460129825415, 0.20124334601195826, 0.0787009665788243, 0.0023937493900431095, 0.0002893971337653012, 0.00341880040556497, 0.0, 2.392978996912376e-05, 0.00045159552773532674, 0.0038306618215280253, 0.0, 0.00016355957550251432, 0.31081372932801343, 0.0, 0.0012131690742485102, 0.0014323555427828705, 0.0, 0.006483246640775153, 0.0, 0.02388303191364416, 0.0, 0.009146977940584722, 0.018928213207680455, 0.0016000281069902256, 0.0007127709428139672, 0.0017655873163749947, 0.0, 0.000817716841128524, 0.7408956810870809, 0.0009522633940005631, 0.03382776502754581, 0.002722718618201614, 0.0006480345224848527, 0.005603627671898925, 0.0019247286259616025, 0.1412626191818096, 0.00041021544632846574, 0.02627764883939132, 0.0033287810356892322, 0.0, 0.00010554709279564367, 0.0076027947667319795, 0.03469591713817377, 0.17612454418855428, 0.0013031832684927691, 0.08276533096288141, 0.0, 0.0, 0.0030035893318406393, 0.00322118841902741, 0.0006479225836087954, 0.004922573581685574, 4.344102382092263e-05, 4.293613237194016e-05, 0.0, 0.012002447519764758, 0.010946401321359822, 0.0278921834137954, 0.0023230761287282853], [0.3024005522979881, 0.19653157617026484, 0.7550322323321138, 0.3918441194501372, 0.8130591503704125, 0.10147988662739704, 1.0, 0.21120547186354477, 0.7746328595409866, 0.8125176678511975, 0.10897429509583145, 0.0, 0.8282674060599037, 0.28808033501790686, 0.10254944730274163, 0.7647999032889861, 0.0, 0.8207383874830183, 0.18597427036789727, 0.17568977374583739, 0.511005266194788, 0.0, 0.23671203350906822, 0.03817347428087703, 0.09710685450680145, 0.1093232990378783, 0.02985171928569108, 0.03740614395884112, 0.0, 0.03911283783436248, 0.0, 0.7612742244147074, 0.3098836676100134, 0.7652776491086095, 0.19952598108257824, 0.23090834524010406, 0.1244501435822234, 0.464346870197905, 0.05938404238835304, 0.7930785724541018, 0.03576518385828609, 0.7310572558849123, 0.12582575358445425, 0.6858076160137286, 0.0, 0.26367855281286734, 0.8251946875471402, 0.14117524148444605, 0.04086976061089609, 0.3067600114513678, 0.017398272774279855, 0.7618906326451222, 0.06218117740437945, 0.10314140076618639, 0.0, 0.14216850083976096, 0.2212597363191623, 0.024667727414947493, 0.1471618162606133, 0.07584339340650037, 0.0, 0.03231197521479201, 0.285678941066857, 0.8400931821287909, 0.801894114355099, 0.8143170802532201, 0.823930024904247, 0.5668347459272607, 0.8183945713684182, 0.4566283531535842, 0.8346475379694107, 0.8375005560617619, 0.737062097610989, 0.05521498889678744, 0.7950714115321469, 0.5834582296862973, 0.543802186286843, 0.8285280389922847, 0.7734388763159802, 0.8189163662425322, 0.8413584477139756, 0.5654444066112789, 0.5433765509898433, 0.7386904694284198, 0.16862872982766264, 0.7009096631528942, 0.12766773117075614, 0.10980437294090872, 0.0, 0.0, 0.4581355230757278, 0.6926741696407787, 0.4784725883951728], [0.03381546464199825, 0.0, 0.09594167053417413, 0.07636113918052323, 0.12972940377575315, 0.03805059220567664, 0.21120547186354477, 1.0, 0.1214161296132108, 0.16318508887738237, 0.04338512376022852, 0.08933033709374161, 0.14341456609851844, 0.12741690944880513, 0.025807314104594692, 0.12241332277041894, 0.04615042226296251, 0.12016044343965548, 0.024041581655289024, 0.10290926105399767, 0.08451909200733143, 0.050687788504797826, 0.019308356268229465, 0.01857204800469947, 0.0, 0.15306843762811728, 0.029337309809482126, 0.018294144517258415, 0.0, 0.0, 0.0, 0.10713029653431061, 0.0478224031206298, 0.1068103851988983, 0.06651764706252394, 0.0620731737396798, 0.008567380701526517, 0.08435438513426197, 0.012888207796087348, 0.10395579087680051, 0.002871555422557126, 0.1592063627342245, 0.02198259804431746, 0.09204703339267906, 0.0, 0.018300301545810305, 0.1265768378703509, 0.0, 0.10061892840228503, 0.7133251941725499, 0.001132804594681791, 0.10821155944044514, 0.0, 0.010106128728360586, 0.0, 0.0, 0.07914446220597582, 0.0003146975964831711, 0.015474595563679028, 0.1576137022701637, 0.0002285771531775893, 0.007336958337085919, 0.16632092497317363, 0.15931731641349345, 0.121868314676016, 0.2931644307256851, 0.29582645815620046, 0.4253926099700347, 0.36661286053068265, 0.9127830055936299, 0.2535419623853775, 0.19455289908090156, 0.39414551990923985, 0.9662707425857052, 0.4583243681928012, 0.43323568303244375, 0.8232772851973367, 0.3982918668402877, 0.34981680724927666, 0.15693519617270046, 0.13057799279369253, 0.1315059566915855, 0.11258208257167357, 0.12933259407223496, 0.01906599218677918, 0.09608652249635385, 0.009660810721996649, 0.01044320974774915, 0.0, 0.0, 0.390252730642895, 0.35295963400527897, 0.06922587271653902], [0.0, 0.36061602552666505, 0.9125228653584578, 0.46950774525216343, 0.8308113868124908, 0.05294335406805928, 0.7746328595409866, 0.1214161296132108, 1.0, 0.8014771285745875, 0.060811581952804894, 0.15174606932330836, 0.8102245515486342, 0.3583772026398965, 0.0, 0.8685969351434976, 0.009823762646091527, 0.8185128474457382, 0.3822789510324762, 0.036223203954588334, 0.5454156033807216, 0.09130516348026363, 0.0, 0.0, 0.0, 0.0, 0.06254173856792111, 0.0, 0.0, 0.0, 0.0, 0.717545719852019, 0.33346488144185893, 0.7511877238313298, 0.2540337546299791, 0.17212443483715578, 0.15801882766156805, 0.402553957197062, 0.13255361673759092, 0.6871790370356176, 0.08591996415436387, 0.6891875518094167, 0.18106774442418805, 0.6108048470744615, 0.01990311775853748, 0.18490621802984775, 0.706683098020715, 0.0, 0.09498113673453656, 0.3140748137746354, 0.09850339545905318, 0.7754768594878574, 0.35003042805384776, 0.19694585624855, 0.025371382555831934, 0.0, 0.016531315657732693, 0.004360586487930362, 0.08052401002407217, 0.0322602997459982, 4.865584298108239e-05, 0.07019991757118094, 0.2533436771737738, 0.7743443069387285, 0.8655444260593691, 0.768203929293092, 0.7212662068163195, 0.6572973455772267, 0.7176580563752103, 0.30509949283693705, 0.8351400560057716, 0.7910933883181163, 0.6815135884192309, 0.0, 0.7570927356909768, 0.5405874423696582, 0.3910686747533417, 0.7722029283271489, 0.7387550181049447, 0.5807400427631129, 0.6715857548029089, 0.7072249303096555, 0.6575876850859679, 0.42734812947917855, 0.3336382713953836, 0.7515930754615608, 0.3301790479824579, 0.0005801624534135241, 0.0, 0.03573308987880586, 0.3595433481966852, 0.6669608411275509, 0.49611308992993985], [0.0, 0.0, 0.7077227818464408, 0.22117125888933487, 0.9667720537798402, 7.666752331647597e-05, 0.8125176678511975, 0.16318508887738237, 0.8014771285745875, 1.0, 0.013439096640160075, 0.19303693701959057, 0.9613314632951682, 0.2569784607955621, 0.025531115754190647, 0.786540546294703, 0.027861474073588077, 0.9597957084509791, 0.11817442877952367, 0.0039396015939420215, 0.612228121560978, 0.0, 0.03173684189575077, 0.07373770151601655, 0.0, 0.011212493353743302, 0.11674822245286698, 0.0, 0.05384733404020481, 0.0, 0.020740644281879606, 0.8546616273815105, 0.3199861930936527, 0.8316196737013659, 0.17777765989895356, 0.0428566543941542, 0.0021084712134918915, 0.4153776854323985, 0.012883628139042425, 0.8085606619110587, 0.002926135974892663, 0.78554864371856, 0.09606426685831748, 0.7032766086603245, 0.0, 0.12363083455542723, 0.8170055100646918, 0.0, 0.004005533960523611, 0.2524637074312427, 0.017198798982313246, 0.7946777988425602, 0.01051904375922219, 0.04732467312257249, 0.0, 0.0, 0.019168759673166447, 0.013592326341952732, 0.01929104953085181, 0.0354511133927885, 0.01378480988485653, 0.014338567931887147, 0.10880761606367384, 0.9251814026042412, 0.9297150987613297, 0.9291862300284371, 0.9209607693931929, 0.5976546979949129, 0.8764604317232193, 0.3836996473129466, 0.9410163088401263, 0.9345357905731952, 0.8506316504084892, 0.020624674759274653, 0.8871733668435192, 0.653085601780659, 0.5008529476542806, 0.8705895408541373, 0.8472576652708582, 0.7347123033327171, 0.8216989241754127, 0.7211452595131923, 0.6283809251345581, 0.5469861736617287, 0.06502053049688317, 0.7221412957197518, 0.05705890916906731, 0.0012567684429544146, 0.0, 0.0, 0.21875880912648715, 0.704133682460501, 0.5615084801524266], [0.040299470051253006, 0.0, 0.1316668783751883, 0.22822142984396454, 0.007665879972657219, 0.9960531975398899, 0.10897429509583145, 0.04338512376022852, 0.060811581952804894, 0.013439096640160075, 1.0, 0.05962540524649029, 0.030693647856093187, 0.03714752834337365, 0.0, 0.08971435319173282, 0.012957243697819698, 0.00102011887332365, 0.0018092431363040395, 0.0, 0.007729249001588223, 0.0, 0.0, 0.009187015907873297, 0.0, 0.0, 0.0, 0.0, 0.0, 0.0, 0.042947252965248595, 0.028698005432730045, 0.093197999632737, 0.010084573246024409, 0.0011982390281954913, 0.20577387346915255, 0.07812213427745851, 0.0068247102762978296, 0.007505415864322296, 0.0008828665939001334, 0.0003447215899063938, 0.005111027997271256, 0.005651471049517909, 0.0011578016576874184, 0.0, 0.0, 0.3213303217068443, 0.0, 0.0, 0.00010425577671080433, 0.00020175051385606935, 0.01423328479829078, 0.0, 0.02366055920659682, 0.0, 0.0, 0.03112361115216744, 8.835484593217036e-05, 0.0009456770001050607, 0.007480894351150069, 6.41755748321815e-05, 0.0017144394464623236, 0.7410651315520603, 0.004878616030415173, 0.03568023412996868, 0.004744058989948341, 0.004154548577891881, 0.002529077065186569, 0.005173623469362898, 0.1444512878238614, 0.001618211515141743, 0.03458411213732382, 0.005540842960352732, 0.0, 0.005356211861317517, 0.0, 0.035665032499432425, 0.1833409427810736, 0.007959065471025983, 0.08007097770245963, 0.021438025571097086, 0.027860867096775488, 0.017676712024248586, 0.015559264796935812, 0.00017825852446951007, 0.0037049351021359866, 0.0, 0.00019656002986589982, 0.0, 0.0, 0.027215020535045542, 0.03619913411330655, 4.5665341104172974e-05], [0.0, 0.0, 0.0, 0.0, 0.07589766557727073, 0.0, 0.0, 0.08933033709374161, 0.15174606932330836, 0.19303693701959057, 0.05962540524649029, 1.0, 0.016808036293883166, 0.0, 0.0, 0.1936263402415288, 0.0, 0.015651194489249454, 0.0, 0.0, 0.1272863533164752, 0.0, 0.0, 0.0, 0.0, 0.0, 0.0, 0.0, 0.0, 0.0, 0.0, 0.0, 0.08862160386534312, 0.0, 0.004992291282082673, 0.024947388279202176, 0.0, 0.0, 0.0, 0.0, 0.0, 0.04136713380855506, 0.07598483449613047, 0.0, 0.0, 0.0, 0.04533166419357637, 0.0, 0.0, 0.0, 0.0, 0.03976173798855975, 0.0, 0.0, 0.0, 0.0, 0.0, 0.0, 0.0, 0.05572532319989987, 0.0, 0.025142715368410395, 0.0, 0.0, 0.06435752359165314, 0.0, 0.0003193073536590374, 0.0, 0.0, 0.12479495836265109, 0.0, 0.07002618907117841, 0.0, 0.0, 0.02337044771982011, 0.0, 0.0, 0.0, 0.0, 0.0, 0.0, 0.4608228703832471, 0.29646275696028135, 0.130128113379114, 0.0, 0.0, 0.0, 0.003296581868974857, 0.0, 0.0, 0.2792513937222052, 0.1338083245053212, 0.0], [0.009775003922087744, 0.04675089637805796, 0.7342942427390213, 0.25315002887666616, 0.9638459134242706, 0.0270742551486306, 0.8282674060599037, 0.14341456609851844, 0.8102245515486342, 0.9613314632951682, 0.030693647856093187, 0.016808036293883166, 1.0, 0.2805126222962734, 0.0, 0.8027657173382476, 0.11704360866497887, 0.9821375886481335, 0.09133878972596454, 0.0, 0.6208094790421751, 0.02816427451112613, 0.0, 0.027986224878921884, 0.0377241932359923, 0.015666383234654857, 0.0, 0.0, 0.0, 0.023753963379324783, 0.01257587635598445, 0.8805941465234173, 0.31702268372229836, 0.8568213288530088, 0.18661621874505285, 0.046549104826245524, 0.015883740232126464, 0.42107263246387294, 0.019130064253721324, 0.8266779052287734, 0.002776427124756009, 0.8061531530868068, 0.08726579490541941, 0.727211287212025, 0.0, 0.12984279144830335, 0.8536240222244721, 0.0, 0.009234571746811526, 0.2733735765351851, 0.06499054187424835, 0.8319593639904485, 0.05949104880403222, 0.07780602082166443, 0.04074061820216457, 0.0, 0.04603862109158352, 0.05023705005829726, 0.0193396296874625, 0.0531287992891043, 0.05128715568992248, 0.03482665685738051, 0.11587620584110425, 0.9519983571275717, 0.9438506412132198, 0.9480773864564983, 0.9162873742955853, 0.6682818004300929, 0.8906790965945184, 0.36314302992136505, 0.9499958702186162, 0.9573047852374655, 0.9009732838536018, 0.013132129947005855, 0.9102404167153098, 0.6729652059945961, 0.4909526810259137, 0.9034292354960506, 0.8660521329842277, 0.7280269218763619, 0.8419657847385561, 0.6655968087801679, 0.5878526069121772, 0.5151500310688556, 0.03117928062295694, 0.7383305470128748, 0.030739682938403456, 5.540906769951892e-05, 0.0755143841650272, 0.0, 0.16429608830101938, 0.6909528109311407, 0.6216490744270585], [0.02065224938721666, 0.0, 0.27112945155508594, 0.13664656471770487, 0.31291548400599356, 0.002841072623902541, 0.28808033501790686, 0.12741690944880513, 0.3583772026398965, 0.2569784607955621, 0.03714752834337365, 0.0, 0.2805126222962734, 1.0, 0.016026330215680895, 0.28739103143886213, 0.06556944154603528, 0.2954026433621537, 0.08125032219678974, 0.12305693795389094, 0.14172181032545184, 0.03975809967780497, 0.02755078195637406, 0.03440318836962286, 0.010530470077459553, 0.16132604116036842, 0.0, 0.004890518184206161, 0.03253505187493844, 0.054304242561103, 0.818436322203637, 0.2203741404956483, 0.20233233920985427, 0.3911365841801645, 0.10306575785916638, 0.08189470680479483, 0.02037475807589939, 0.25707796307531705, 0.20829479156336772, 0.232718191040731, 0.005698004712786475, 0.23894898844148382, 0.06942911542421604, 0.178560366564814, 0.0457048767377205, 0.12272686814387757, 0.2166472435906347, 0.0, 0.007235764319001414, 0.20168787752047945, 0.1320854942404126, 0.2915829193829772, 0.4633294566495626, 0.13374797865271626, 0.0, 0.048791499279487005, 0.034683504862147885, 0.012369665026897403, 0.041496102064223384, 0.03301280005460838, 0.0004020495324823514, 0.006260194996715374, 0.1124824683667568, 0.36696886298817233, 0.33813021788514463, 0.32941248749727037, 0.30504971765504707, 0.40912221965384155, 0.3395015817775877, 0.1968175311070154, 0.2690610210310247, 0.40659552549657774, 0.29919693386735546, 0.05662308586048914, 0.313830020694847, 0.17738130622890835, 0.2018395810671031, 0.40627374670526395, 0.3645350608526371, 0.2763499070813201, 0.36926859564790404, 0.18753823228076416, 0.209611952203971, 0.1937112499268513, 0.040089122516925646, 0.20552770968833411, 0.02949482760134914, 0.0006411035053507375, 0.008431970082783957, 0.0, 0.20422712140133414, 0.33263718194835523, 0.13822036037487218], [0.0, 0.0, 0.0, 0.10877107308287426, 0.0, 0.0, 0.10254944730274163, 0.025807314104594692, 0.0, 0.025531115754190647, 0.0, 0.0, 0.0, 0.016026330215680895, 1.0, 0.0, 0.0, 0.0, 0.013189090781218216, 0.0, 0.0, 0.0, 0.0, 0.0, 0.0, 0.0, 0.0, 0.0, 0.0, 0.0, 0.0, 0.0, 0.0, 0.0, 0.0, 0.0844808149790961, 0.013469225870254342, 0.0027542889908697132, 0.0, 0.0, 0.0, 0.009605924501614682, 0.0, 0.0, 0.0, 0.10084073280390038, 0.0, 0.0, 0.0, 0.0, 0.0, 0.0, 0.0, 0.016451450927038036, 0.0, 0.0, 0.10524166024200743, 0.0, 0.0036380040323884533, 0.0, 0.0, 0.0, 0.08445871794321669, 0.022603269009854432, 0.0, 0.0, 0.03735538149088191, 0.0, 0.006546919483664593, 0.0, 0.0, 0.0, 0.0, 0.0, 0.0, 0.0, 0.1033493257793261, 0.0, 0.0, 0.08986822619278478, 0.1107787280718292, 0.0, 0.0017127991160288403, 0.19298215187520762, 0.043594418878146524, 0.0, 0.0, 0.0, 0.0, 0.0, 0.0682805241010751, 0.0, 0.0], [0.0, 0.26760454979395987, 0.9136052523918508, 0.36390760730214655, 0.8149546829391306, 0.07299511584040475, 0.7647999032889861, 0.12241332277041894, 0.8685969351434976, 0.786540546294703, 0.08971435319173282, 0.1936263402415288, 0.8027657173382476, 0.28739103143886213, 0.0, 1.0, 0.14510208160618343, 0.7616602920010832, 0.484863954357881, 0.0, 0.5708200703688535, 0.01448405233105654, 0.0, 0.0, 0.2468701367463758, 0.0, 0.0, 0.0, 0.0, 0.0, 0.08238112427898447, 0.6900476342911074, 0.29507781484111795, 0.7676656427671541, 0.16960250411928857, 0.12131564757121927, 0.07637574005837733, 0.3431890086391597, 0.06848676636806172, 0.7067581815205093, 0.014296652173395263, 0.6484799560004912, 0.09426062634964871, 0.5951561425026839, 0.0, 0.10836282547062481, 0.6974667013338648, 0.0, 0.031104833708559543, 0.24082126833246909, 0.013980015000519042, 0.7655303149071498, 0.048478659303120564, 0.07348000553643919, 0.11334753950407639, 0.0, 0.020705389708205124, 0.0022072685013940774, 0.24656095593913419, 0.020518282150720712, 0.0015954804898140607, 0.016703620276810938, 0.22772767860865106, 0.7635771929940058, 0.7846015637010078, 0.7534042557424384, 0.7537066609494978, 0.5249689092225105, 0.7411190165504031, 0.30699313335706635, 0.8170592773806143, 0.7803679283014221, 0.71800718483985, 0.0, 0.7495895416761972, 0.5477542775647748, 0.38557209933804915, 0.7286580527359013, 0.700354855031631, 0.552918085432941, 0.7084981064531242, 0.7950433041206013, 0.6777118763334945, 0.47795431659886467, 0.44012498996543903, 0.7995542736059443, 0.4404502576382525, 0.16652181113370668, 0.09565257296020924, 0.0, 0.3644209212263214, 0.700259882663567, 0.535036391225686], [0.0, 0.0, 0.0, 0.0, 0.011473513131092461, 0.0, 0.0, 0.04615042226296251, 0.009823762646091527, 0.027861474073588077, 0.012957243697819698, 0.0, 0.11704360866497887, 0.06556944154603528, 0.0, 0.14510208160618343, 1.0, 0.0, 0.0121319068859439, 0.0, 0.0, 0.0, 0.0, 0.0, 0.0, 0.0, 0.0, 0.0, 0.0, 0.0, 0.0, 0.0, 0.0, 0.07693685848392495, 0.003129044946945103, 0.0, 0.0, 0.048179108972074114, 0.0, 0.0, 0.0, 0.0, 0.0, 0.07523673914132867, 0.0, 0.0, 0.06554039001383793, 0.0, 0.0, 0.0, 0.0, 0.0, 0.0, 0.08355647409150291, 0.0, 0.0, 0.0, 0.00681895378313202, 0.03882554088118717, 0.0, 0.004952872410899256, 0.016615791031226013, 0.0, 0.0, 0.009118832041303593, 0.011784220415072544, 0.005910591894126793, 0.1951863470478773, 0.0, 0.0, 0.02524584382710071, 0.09048427402890447, 0.16528211870733522, 0.0, 0.0, 0.0, 0.04234764286571424, 0.0, 0.05183153431005494, 0.0, 0.0, 0.02964493933135759, 0.0, 0.0, 0.0, 0.0, 0.0, 0.0, 0.0, 0.0, 0.0, 0.0, 0.0035243098122655914], [0.0, 0.019622897291700303, 0.7259139667099702, 0.2243434758487899, 0.9569797043204427, 0.0, 0.8207383874830183, 0.12016044343965548, 0.8185128474457382, 0.9597957084509791, 0.00102011887332365, 0.015651194489249454, 0.9821375886481335, 0.2954026433621537, 0.0, 0.7616602920010832, 0.0, 1.0, 0.05810322211150942, 0.0, 0.5778474134659332, 0.0, 0.0, 0.009460096747634816, 0.05083308007519893, 0.0, 0.0, 0.001073045606985068, 0.0, 0.0, 0.0, 0.8733621847311025, 0.30935575689187067, 0.8352025064197092, 0.19254006507397103, 0.027470445709963265, 0.005148334412670819, 0.4076240809259072, 0.020284124509799883, 0.8183734187235199, 0.0003549683187897834, 0.8009742395216987, 0.09186590597001032, 0.7154653549465019, 0.0, 0.14441773707905836, 0.8228819133884994, 0.0, 0.0, 0.26279712604213734, 0.039808686923482384, 0.8132570321768453, 0.1445874311862021, 0.07464392050173718, 0.0, 0.0, 0.0005663547929942725, 0.0, 0.00982487059577064, 0.0012550459346689635, 0.0, 0.000393513528218814, 0.07977305993795147, 0.959343207506672, 0.9595208379979976, 0.93889419128374, 0.9121811219347622, 0.656617942603296, 0.8872541493669254, 0.3428807650466019, 0.9394494228383603, 0.9543488782146711, 0.8589241200082304, 0.0, 0.8994188428422616, 0.664722164376829, 0.46957037638282495, 0.9007217922658207, 0.8497218971726253, 0.7258502751231162, 0.8380226384253259, 0.6234641062289074, 0.5563982999900718, 0.49202572273787737, 0.00039710145717541945, 0.7055425130612273, 0.0, 5.1595443981033995e-05, 0.0, 0.0, 0.13082075763166146, 0.6531293067028734, 0.5543384814681532], [0.00018573722964754236, 0.0, 0.6101704756395488, 0.11094149370422524, 0.21087422989087035, 0.0, 0.18597427036789727, 0.024041581655289024, 0.3822789510324762, 0.11817442877952367, 0.0018092431363040395, 0.0, 0.09133878972596454, 0.08125032219678974, 0.013189090781218216, 0.484863954357881, 0.0121319068859439, 0.05810322211150942, 1.0, 0.0, 0.25981173504216404, 0.08715484346019553, 0.03348422020684194, 0.0, 0.0, 0.0, 0.019691910257163214, 0.04721802598711167, 0.0, 0.0, 0.03829259933506801, 0.05687661179585313, 0.027764810719385857, 0.21977099734494543, 0.021361405493256047, 0.019396749924990964, 0.001754960261570404, 0.04649948698920525, 0.019925412313198554, 0.1261367137882703, 0.0015326754882661886, 0.06161220563460301, 0.005870968253129938, 0.04346665898775026, 0.03597517138532802, 0.012595131396842207, 0.05537365561522278, 0.0, 0.020389265133319512, 0.05189637632958888, 0.0018411158168872843, 0.3213119017037287, 0.0, 0.0035902721010863115, 0.0, 0.0, 0.012676523197628353, 0.0030382353688277464, 0.15656949106814577, 0.0008292389437732917, 6.0087786907025986e-05, 0.00020158122962710134, 0.07783350478097384, 0.073993016317915, 0.18718990254276124, 0.11719799675504328, 0.06851998561760453, 0.03865045333053119, 0.10706179012638228, 0.04767449253909306, 0.25060952132114667, 0.07627947959658465, 0.058435856117114104, 0.0, 0.06870558677880045, 0.04032737505141415, 0.04291265744682782, 0.06757752893106372, 0.07316761694505203, 0.04828463205985689, 0.07435460009939254, 0.46920267840579954, 0.49600864067856576, 0.09921157804681002, 0.9812923543189002, 0.5922237621687594, 0.9908897254563226, 0.0, 0.0, 0.0, 0.32914295333364074, 0.4030841483146794, 0.20802878612509723], [0.0, 0.0, 0.0, 0.03942322400442988, 0.0, 0.01946073009879634, 0.17568977374583739, 0.10290926105399767, 0.036223203954588334, 0.0039396015939420215, 0.0, 0.0, 0.0, 0.12305693795389094, 0.0, 0.0, 0.0, 0.0, 0.0, 1.0, 0.0, 0.0, 0.0, 0.0, 0.0, 0.0, 0.0, 0.0, 0.0, 0.0, 0.0, 0.0, 0.0, 0.0, 0.009734784461875923, 0.0023072795697783866, 0.031001671491331706, 0.06704574916253048, 0.014870826135304438, 0.0, 0.0, 0.0, 0.0, 0.0, 0.0, 0.005415226053447908, 0.0, 0.0, 0.0, 0.04921771590521218, 0.0, 0.0, 0.0, 0.0, 0.0, 0.0, 0.0, 0.0, 0.0, 0.09072564633555125, 0.0, 0.0420188161994548, 0.0, 0.04893256261025214, 0.0, 0.03844115460611863, 0.03329959971670893, 0.014586501584840095, 0.04377246307406912, 0.1603440147221329, 0.0022606368371513863, 0.08682074338603574, 0.0, 0.0, 0.0054235936812119245, 0.0, 0.0, 0.044920340703065165, 0.046039977393607434, 0.35097180331544187, 0.0, 0.0, 0.15434104047444797, 0.08344033678608043, 0.03329384767783816, 0.0, 0.0, 0.002206296071829983, 0.0, 0.0, 0.16817324722370297, 0.0, 0.0], [0.0, 0.0, 0.5358297292334214, 0.1479170614362182, 0.7370076124217508, 0.0011628904888468794, 0.511005266194788, 0.08451909200733143, 0.5454156033807216, 0.612228121560978, 0.007729249001588223, 0.1272863533164752, 0.6208094790421751, 0.14172181032545184, 0.0, 0.5708200703688535, 0.0, 0.5778474134659332, 0.25981173504216404, 0.0, 1.0, 0.0, 0.0, 0.015211533771877339, 0.0, 0.0, 0.0, 0.0, 0.0, 0.0, 0.0, 0.5570951385576556, 0.28680668181938707, 0.5332169213490169, 0.10637779700007333, 0.029329325093648828, 0.0033986597208155445, 0.27933407975351865, 0.0017759960806980057, 0.5777574309900835, 0.0010002199690778424, 0.5054142302937364, 0.06108324494128681, 0.45330879458496964, 0.0031215746251385124, 0.09230564736419222, 0.7048727137806153, 0.0, 0.015789641310847036, 0.19564551743945624, 0.7303122766961616, 0.8695433588732844, 0.0, 0.20494031786247335, 0.0, 0.0, 0.5759321467686813, 0.7469953626645864, 0.15198336354219089, 0.7342923726904887, 0.7599311315253165, 0.49629782353748586, 0.05774355291666533, 0.5536117458170218, 0.6030017187807979, 0.5809277548087293, 0.6355311943034491, 0.5019453108492076, 0.5422976969273114, 0.22644364721512023, 0.5966059197999923, 0.5628812094340002, 0.5318265359192355, 0.0, 0.5293612927324434, 0.4517109381480211, 0.2798883472617748, 0.5299296747248885, 0.5533733649848716, 0.4282305099438144, 0.5149625279327411, 0.5173682760345235, 0.9017501825494041, 0.5181127061095774, 0.22658643670908907, 0.5802383108595103, 0.22804993843046706, 0.0723776820632489, 0.014887197931314544, 0.09688777950762772, 0.3564629848500547, 0.7356365824405523, 0.8964866423565184], [0.0, 0.0, 0.0, 0.12759293675205285, 0.03794918881766085, 0.0, 0.0, 0.050687788504797826, 0.09130516348026363, 0.0, 0.0, 0.0, 0.02816427451112613, 0.03975809967780497, 0.0, 0.01448405233105654, 0.0, 0.0, 0.08715484346019553, 0.0, 0.0, 1.0, 0.0, 0.0, 0.0, 0.0, 0.0, 0.0, 0.0, 0.0, 0.0, 0.0, 0.0, 0.0, 0.032177225361834094, 0.0, 0.0, 0.04084414868654895, 0.09235351563243666, 0.0, 0.0, 0.1268058806212249, 0.0, 0.0, 0.0, 0.0, 0.0, 0.0, 0.0, 0.21535196888630614, 0.016955239450449078, 0.007107709900745829, 0.0, 0.0, 0.0, 0.0, 0.0, 0.0, 0.008672849545580341, 0.0, 0.0, 0.0, 0.0, 0.14092845293309308, 0.0, 0.016630525217365966, 0.010677554813625867, 0.0, 0.08288980557487358, 0.0, 0.07564842384525516, 0.1260382170613481, 0.027677262758162513, 0.0, 0.14277159054341393, 0.012232418486980423, 0.07212200574918404, 0.05766304536158684, 0.025556111537649695, 0.0, 0.0737718606940938, 0.20338565928901509, 0.0, 0.10295882187391758, 0.0, 0.030052853045615002, 0.0, 0.0, 0.0, 0.0, 0.07755324349652704, 0.0, 0.0], [0.0, 0.0, 0.0, 0.0, 0.021676489903646234, 0.0, 0.23671203350906822, 0.019308356268229465, 0.0, 0.03173684189575077, 0.0, 0.0, 0.0, 0.02755078195637406, 0.0, 0.0, 0.0, 0.0, 0.03348422020684194, 0.0, 0.0, 0.0, 1.0, 0.0, 0.0, 0.0, 0.0, 0.0, 0.0, 0.0, 0.0, 0.0, 0.001747336171267988, 0.0, 0.013050027805776021, 0.06214418251154685, 0.04706687183285119, 0.21017382366608883, 0.027845215113165622, 0.0, 0.0, 0.0, 0.0, 0.0, 0.0, 0.0, 0.0, 0.0, 0.0, 0.08859392181717984, 0.0, 0.0, 0.0, 0.0, 0.0, 0.0, 0.06740066066335704, 0.0, 0.0, 0.02419270569334775, 0.0, 0.0, 0.15500606618834756, 0.03979467467395792, 0.0, 0.04087702325930409, 0.06832568970423458, 0.0, 0.0, 0.14662341361356113, 0.0, 0.0, 0.0, 0.0, 0.0, 0.0, 0.17743790631741563, 0.0, 0.0, 0.05431660635948765, 0.021299343784721425, 0.0, 0.0, 0.44562538552915965, 0.019539781887250918, 0.0, 0.0, 0.0, 0.0, 0.0, 0.18690805388038167, 0.12526545525000965, 0.0], [0.0, 0.0, 0.06848239770965492, 0.028416799469052068, 0.04747872638593165, 0.0, 0.03817347428087703, 0.01857204800469947, 0.0, 0.07373770151601655, 0.009187015907873297, 0.0, 0.027986224878921884, 0.03440318836962286, 0.0, 0.0, 0.0, 0.009460096747634816, 0.0, 0.0, 0.015211533771877339, 0.0, 0.0, 1.0, 0.0, 0.0, 0.0, 0.0, 0.0, 0.0, 0.0, 0.0, 0.0, 0.03723282787423554, 0.0, 0.0, 0.0, 0.06378996025604167, 0.0, 0.09609938665106021, 0.037522694350721975, 0.012546656775740184, 0.0, 0.019912983218755675, 0.0, 0.0, 0.0, 0.0, 0.0, 0.011348165471388505, 0.0, 0.0005119932907414748, 0.0, 0.0, 0.0, 0.0, 0.0008613846674370151, 0.0, 0.048177232917223534, 0.0, 0.0, 0.0, 0.0, 0.0, 0.06271343446477284, 0.0, 0.036448165525250875, 0.0, 0.047102355422143805, 0.0, 0.027022996958797174, 0.027717763893969294, 0.0, 0.0, 0.02984558536536308, 0.0, 0.0, 0.0002667794965844905, 0.014332963155648915, 0.0, 0.0, 0.0, 0.0, 0.0451126596721374, 0.01940331074389301, 0.0, 0.0, 0.0, 0.0, 0.0, 0.0, 0.0008286271980504356, 0.0], [0.0, 0.0, 0.15817242126170328, 0.0, 0.0452208268146328, 0.0, 0.09710685450680145, 0.0, 0.0, 0.0, 0.0, 0.0, 0.0377241932359923, 0.010530470077459553, 0.0, 0.2468701367463758, 0.0, 0.05083308007519893, 0.0, 0.0, 0.0, 0.0, 0.0, 0.0, 1.0, 0.0, 0.0, 0.0, 0.0, 0.0, 0.0, 0.004767412434764751, 0.08130857649117507, 0.046516237594191656, 0.06915142205815894, 0.0, 0.0, 0.02265537420743302, 0.09818738740051847, 0.0, 0.0, 0.11216740040304973, 0.0, 0.0, 0.0, 0.0, 0.0, 0.0, 0.0, 0.10576845685888459, 0.0, 0.090916038926242, 0.0, 0.0, 0.0, 0.0, 0.0, 0.0, 0.009948201029018056, 0.0, 0.0, 0.0, 0.0, 0.17390906124770145, 0.0, 0.0, 0.0927826915728075, 0.0, 0.09043206560375494, 0.03163014270630471, 0.010138809342836619, 0.12901547159323012, 0.03711589127854775, 0.0, 0.12167554459423957, 0.09423347773352231, 0.007287294257746657, 0.06088968761376523, 0.0, 0.0, 0.2473735428274969, 0.09532006000340132, 0.0, 0.0, 0.0, 0.0, 0.0, 0.0, 0.0, 0.0, 0.0, 0.0, 0.0], [0.0, 0.0, 0.0, 0.15578839229126584, 0.0, 0.0, 0.1093232990378783, 0.15306843762811728, 0.0, 0.011212493353743302, 0.0, 0.0, 0.015666383234654857, 0.16132604116036842, 0.0, 0.0, 0.0, 0.0, 0.0, 0.0, 0.0, 0.0, 0.0, 0.0, 0.0, 1.0, 0.0, 0.0, 0.0, 0.0, 0.0, 0.0, 0.0, 0.0, 0.0, 0.26266174840572853, 0.003890281946494767, 0.11910980312650987, 0.0, 0.0, 0.014207253797763775, 0.1806339874497479, 0.0, 0.0, 0.0, 0.0, 0.0, 0.0, 0.0, 0.0, 0.0, 0.008620823879645245, 0.0, 0.0, 0.0, 0.0, 0.0, 0.0, 0.0, 0.04289060210367357, 0.0, 0.0, 0.041781244986051846, 0.0, 0.0, 0.0, 0.0, 0.0, 0.0, 0.2655531699731636, 0.015480710903988615, 0.12010872509395765, 0.0, 0.0, 0.0460046062606958, 0.0, 0.12938762561349548, 0.0, 0.0865939054663678, 0.14366379424223674, 0.06438570919114484, 0.0, 0.0, 0.11948935286617257, 0.019223349347795016, 0.0, 0.0, 0.0, 0.0, 0.0, 0.2709233029061986, 0.09166588470774473, 0.0], [0.0, 0.0, 0.0, 0.0, 0.11262366943672009, 0.0, 0.02985171928569108, 0.029337309809482126, 0.06254173856792111, 0.11674822245286698, 0.0, 0.0, 0.0, 0.0, 0.0, 0.0, 0.0, 0.0, 0.019691910257163214, 0.0, 0.0, 0.0, 0.0, 0.0, 0.0, 0.0, 1.0, 0.0, 0.0, 0.0, 0.0, 0.0, 0.0, 0.0, 0.0, 0.006733110339159687, 0.0, 0.014971860988875707, 0.010972229920240384, 0.0, 0.0, 0.0, 0.0, 0.0, 0.0, 0.0, 0.0, 0.0, 0.005983184076672421, 0.010597264978540633, 0.009318543695538417, 0.0, 0.0, 0.0, 0.0, 0.0, 0.0, 0.0, 0.03598116999102585, 0.0, 0.0, 0.0, 0.018537734187700994, 0.0, 0.0, 0.0, 0.17107793115693526, 0.0, 0.0, 0.0, 0.06764678639739397, 0.0, 0.0, 0.0, 0.0, 0.0, 0.0, 0.0, 0.06174079492931239, 0.0, 0.057777705354653985, 0.0, 0.0, 0.0, 0.03687480660874465, 0.0022691934788938717, 0.0, 0.0, 0.0, 0.0, 0.0, 0.03776308769632186, 0.0], [0.0, 0.0, 0.0, 0.09659234506405012, 0.0, 0.0, 0.03740614395884112, 0.018294144517258415, 0.0, 0.0, 0.0, 0.0, 0.0, 0.004890518184206161, 0.0, 0.0, 0.0, 0.001073045606985068, 0.04721802598711167, 0.0, 0.0, 0.0, 0.0, 0.0, 0.0, 0.0, 0.0, 1.0, 0.0, 0.0, 0.0, 0.0, 0.0, 0.0, 0.0, 0.05505398066760281, 0.0, 0.0, 0.0, 0.0, 0.0, 0.0681725995104614, 0.0, 0.0, 0.0, 0.026771353921110297, 0.0, 0.0, 0.0, 0.0, 0.0, 0.0, 0.0, 0.0, 0.0, 0.0, 0.0, 0.0, 0.0, 0.0, 0.0, 0.0, 0.12470810324147985, 0.0, 0.0, 0.0, 0.0, 0.0, 0.0, 0.20357207756588003, 0.0, 0.052368883746700234, 0.0, 0.0, 0.0, 0.0, 0.020168296084403403, 0.009687683523267765, 0.0, 0.02793542852185693, 0.0, 0.041947128503536435, 0.0, 0.08124785896652265, 0.0, 0.05028538862611909, 0.0, 0.0, 0.0, 0.0, 0.0, 0.0, 0.0], [0.0, 0.0, 0.0, 0.0, 0.0, 0.0, 0.0, 0.0, 0.0, 0.05384733404020481, 0.0, 0.0, 0.0, 0.03253505187493844, 0.0, 0.0, 0.0, 0.0, 0.0, 0.0, 0.0, 0.0, 0.0, 0.0, 0.0, 0.0, 0.0, 0.0, 1.0, 0.0, 0.0, 0.0, 0.015425916878054058, 0.0, 0.0, 0.13387885867112548, 0.0, 0.0, 0.10721708544953179, 0.0, 0.0, 0.0, 0.0, 0.0, 0.0, 0.0717277975146926, 0.0, 0.0, 0.0, 0.0, 0.0, 0.0, 0.0, 0.0, 0.0, 0.0, 0.04980239374775697, 0.0, 0.0, 0.13400000049901695, 0.0, 0.0, 0.36014822631580934, 0.02771064657288147, 0.0, 0.0, 0.007543803565582485, 0.05769168041224071, 0.0, 0.036833595683218756, 0.0015559871808111803, 0.0, 0.0, 0.0, 0.0, 0.0, 0.3031021752430815, 0.0, 0.0, 0.3206091082092065, 0.0, 0.23430719510278764, 0.1701082161016535, 0.2517626144187409, 0.0150647081010844, 0.0, 0.0, 0.011360162201440982, 0.0, 0.0, 0.3723295625116768, 0.0, 0.0], [0.0, 0.0, 0.0, 0.0, 0.0, 0.0, 0.03911283783436248, 0.0, 0.0, 0.0, 0.0, 0.0, 0.023753963379324783, 0.054304242561103, 0.0, 0.0, 0.0, 0.0, 0.0, 0.0, 0.0, 0.0, 0.0, 0.0, 0.0, 0.0, 0.0, 0.0, 0.0, 1.0, 0.0, 0.0, 0.0, 0.0, 0.01072249174434603, 0.16257397029005705, 0.1776083870777896, 0.07333671881659187, 0.0, 0.0, 0.0, 0.03432295956526643, 0.0, 0.0, 0.0, 0.004942094447080825, 0.051258177003050576, 0.0, 0.0, 0.0, 0.0, 0.0, 0.0, 0.0, 0.0, 0.0, 0.0873480302716344, 0.0, 0.0, 0.0, 0.0, 0.0, 0.010177776893399382, 0.07171223171426033, 0.0, 0.0, 0.0, 0.025890784163486447, 0.027894657700607284, 0.02589791154341159, 0.019308579164209916, 0.0, 0.014281759580160536, 0.0, 0.0, 0.0, 0.11740069877255033, 0.10607684636918724, 0.0, 0.02899962523470634, 0.0, 0.0, 0.0, 0.1500072430098407, 0.027244195726002562, 0.05205595191078838, 0.0, 0.0, 0.0, 0.0, 0.007222104694779241, 0.0, 0.0], [0.0, 0.0, 0.0, 0.04745275505536306, 0.05950550520926168, 0.0, 0.0, 0.0, 0.0, 0.020740644281879606, 0.042947252965248595, 0.0, 0.01257587635598445, 0.818436322203637, 0.0, 0.08238112427898447, 0.0, 0.0, 0.03829259933506801, 0.0, 0.0, 0.0, 0.0, 0.0, 0.0, 0.0, 0.0, 0.0, 0.0, 0.0, 1.0, 0.0, 0.14686976520979667, 0.2036364245788772, 0.01387829055019374, 0.0, 0.0, 0.1307278592442438, 0.17475892743117727, 0.0, 0.0, 0.0, 0.026098165137722895, 0.0, 0.0, 0.0, 0.0, 0.0, 0.0, 0.0, 0.004697634887598889, 0.0, 0.0, 0.0, 0.0, 0.0, 0.0, 0.0, 0.0, 0.0, 0.0, 0.0, 0.0717585638409689, 0.1064707638992356, 0.0, 0.10690713974084831, 0.08671276122087157, 0.0, 0.11038874557675504, 0.0, 0.024281745382453424, 0.11177365477988543, 0.0791492362065721, 0.0, 0.08588552987741827, 0.0, 0.0, 0.13421764802269087, 0.13624039668847265, 0.019797256899386828, 0.17120393521707633, 0.0, 0.0, 0.0, 0.0, 0.01567248762704032, 0.0, 0.0, 0.0, 0.0, 0.0, 0.13555203439302488, 0.0], [0.0, 0.0, 0.6153504769070753, 0.43199906879647454, 0.8608761983975514, 0.032164435189395935, 0.7612742244147074, 0.10713029653431061, 0.717545719852019, 0.8546616273815105, 0.028698005432730045, 0.0, 0.8805941465234173, 0.2203741404956483, 0.0, 0.6900476342911074, 0.0, 0.8733621847311025, 0.05687661179585313, 0.0, 0.5570951385576556, 0.0, 0.0, 0.0, 0.004767412434764751, 0.0, 0.0, 0.0, 0.0, 0.0, 0.0, 1.0, 0.5771548258457161, 0.9461560470152398, 0.461700701953186, 0.2999127232434555, 0.2766424779816721, 0.6426430511270057, 0.