"[[1.0, 0.16601882829002546, 0.2833168050031929, 0.3185277337821084, 0.09826392927511551, 0.23069391720012278, 0.39454758625597175, 0.3574779720481388, 0.26258056809262875, 0.21946155882481633, 0.35948680553122847, 0.12104650122714966, 0.2715894112403011, 0.3192861035780006, 0.09445228876186273, 0.24071480462303174, 0.04953192019084063, 0.1774270650804416, 0.08978711333556566, 0.11661355182519961, 0.16732536092829153, 0.11077498358846705, 0.13595767635000222, 0.1129512994827595, 0.10229346664200112, 0.09169333796471413, 0.08779062772276347, 0.12232503116251947, 0.06562064994776695, 0.16158262320419947, 0.12114643221983967, 0.24993092288408536, 0.21664292763874138, 0.21343237627445333, 0.23449063118347746, 0.3329475863343969, 0.29815517392251534, 0.2715469940134283, 0.1985157887345882, 0.24396593817280054, 0.1931167581756732, 0.28849696376711564, 0.22892736556478255, 0.29204581750167735, 0.1276120577689961, 0.24781384406856288, 0.3463788842230162, 0.18857789728924823, 0.1613394792919961, 0.11937944199506345, 0.10474086499139534, 0.30484541233447626, 0.1578939012970486, 0.12892407000731776, 0.08730143253654421, 0.015403492296285903, 0.38542477639736505, 0.14331243886493328, 0.09818380423673323, 0.3450360064723996, -0.0010500703817337698, 0.3255864970888125, 0.2844136911288009, 0.25849617744915165, 0.23455448565332726, 0.2171245494683426, 0.17662582835017238, 0.2013957531275531, 0.21620497452160525, 0.32379432830954125, 0.1685410468249211, 0.25395688991224374, 0.16874499565573176, 0.06224447256229204, 0.23663014976544527, 0.1707818169470301, 0.2565041165717572, 0.31272897458841875, 0.25049964332857133, 0.2290404372623147, 0.3082817477184625, 0.20821591240301318, 0.17513222672570994, 0.330484085758594, 0.14728871199043225, 0.30140195875102216, 0.13799151849428182, 0.1085617296271224, 0.08827314216190352, 0.12065424612324527, 0.32740120058550115, 0.1756280313244739, 0.35867850352604336], [0.16601882829002546, 1.0, 0.37787323506026615, 0.5631847294996104, 0.23665331768292197, 0.37401144315481205, 0.3655161319870657, 0.2681301181935336, 0.4095365134910818, 0.2632811034563911, 0.11177457122019319, 0.20353754904650745, 0.28385237700971255, 0.0783883557159365, 0.08093182624362927, 0.36302529251909865, 0.04911316496857632, 0.25622735374872585, 0.2391678448979313, 0.08445973328497225, 0.2138572079107106, 0.06463116598626395, 0.14287250854662337, 0.11454089632912234, 0.13044717953235785, 0.0829082040648037, 0.1462073286687866, 0.11750272621744906, 0.06428021181020571, 0.16473737023433033, 0.1989751089790589, 0.19911046858306658, 0.2909364968037905, 0.300072601831156, 0.30237459764658636, 0.38463465091358673, 0.43609805092435305, 0.29266641099565716, 0.1562023604862246, 0.1820141520231242, 0.2902685830297027, 0.22773372730338992, 0.26010917374742215, 0.15259839178768186, 0.06563701443230541, 0.1562637736393485, 0.29957585533447206, 0.12597450579956937, 0.3191766283088031, 0.330888431664385, 0.13851462021999839, 0.24847503663034298, 0.026555490134600457, 0.2631266894848434, 0.06578724494776012, 0.1475919662871198, 0.23781874145241277, -0.030630582985465615, 0.0811640407711064, 0.24926548661164383, 0.14218997061714045, 0.19137262589414272, 0.45186609909810094, 0.17671785601310708, 0.20933942616775836, 0.19348938616098432, 0.2641404502607947, 0.10696935823522824, 0.25980514828769397, 0.20985130858089063, 0.28545532216708747, 0.252852620234179, 0.2030061546939088, 0.193239155964134, 0.3199238373633424, 0.0889258288595739, 0.24360870486788944, 0.26782802191966626, 0.3817110437415059, 0.2752816952387306, 0.24678242505502668, 0.15914799679513658, 0.23603044753899405, 0.363858769319352, 0.2737375865065528, 0.19486884753155065, 0.01960903280860382, 0.186636118994161, 0.07035766642055052, 0.13713532975284348, 0.4472670158248029, 0.2700223390934955, 0.19186514435311086], [0.2833168050031929, 0.37787323506026615, 1.0, 0.6743333058462226, 0.8674121575459346, 0.4993826044276317, 0.8743304041516022, 0.3658182889714596, 0.9349518021631578, 0.8625452912954754, 0.39085483088214024, 0.2411824464727934, 0.9045368044053604, 0.32554306035044467, 0.09226476651523563, 0.9177222284475031, 0.12311979611495982, 0.919069858504085, 0.5826685212296674, 0.1465106702403055, 0.7969320791434144, 0.161602232217965, 0.1564958429971277, 0.31153353065458345, 0.3514606862608498, 0.15219602775556051, 0.16356728650730445, 0.19278446324369525, 0.15914011510064274, 0.18607537045283207, 0.12765624392461272, 0.8143855379890026, 0.6386525952707326, 0.8320191270781002, 0.5861782414211612, 0.5574999425998585, 0.4615449647532093, 0.6430118592317736, 0.39383929738699863, 0.8442692909370104, 0.430957628276071, 0.8070014159237567, 0.47751893141354895, 0.7042370754050414, 0.23156353809722108, 0.5398015365176213, 0.8318715631535946, 0.24596391568503506, 0.36373391112061904, 0.4843206550792363, 0.40832617314969744, 0.9038096447690797, 0.5112193819003905, 0.5449543975891245, 0.15690204902615923, 0.2907770922144246, 0.3247019327581031, 0.19851961218223702, 0.3770849634678718, 0.29726272608866466, 0.20994111784354708, 0.28135182068544595, 0.5838018127478923, 0.8276102709670383, 0.8889257036339142, 0.7131313120701017, 0.8487495075908758, 0.6147454991482371, 0.8077174872835433, 0.5341679578667619, 0.8520405017200494, 0.8210384258784482, 0.670094606392906, 0.150400258377564, 0.765515620009063, 0.40574879008137943, 0.6042551142830446, 0.7839667591337469, 0.6563141322637553, 0.6232914763147939, 0.4979873967471121, 0.8129009968938624, 0.8090657163736402, 0.6953868949842237, 0.5704809672610459, 0.68244495433276, 0.5278751644711283, 0.2686427553442341, 0.21820523797974634, 0.17550942098545996, 0.5610921816892529, 0.7396669775180036, 0.5788119688263714], [0.3185277337821084, 0.5631847294996104, 0.6743333058462226, 1.0, 0.5247914787829819, 0.567389083528511, 0.6339656305768993, 0.22019926018977098, 0.7641444635973955, 0.6439347302764604, 0.3091109457982446, 0.18776417575579352, 0.6428459009761219, 0.33781762330918585, 0.18399511886705255, 0.6279594269161313, 0.10379068723515528, 0.5509570811683444, 0.5308612424119615, 0.19493770276513556, 0.5553847857105835, 0.23104493913855417, 0.15449633822362463, 0.1912261174180423, 0.16602106875420952, 0.2864181449556864, 0.12788496934659033, 0.2511235905314493, 0.13610195216098497, 0.18833088878305437, 0.22247996632632483, 0.6479297985012191, 0.8034651347609979, 0.7118889680439903, 0.8069492243894283, 0.76228360589317, 0.7067698527394312, 0.771008942402479, 0.720631671834099, 0.5579770101836704, 0.796652046945735, 0.7660085675516636, 0.698864624553989, 0.6111198060103724, 0.40858892064118757, 0.5614375753413058, 0.7613550848256144, 0.20898488114031388, 0.7377523926734029, 0.647493144218946, 0.4566408024140174, 0.6350663237404418, 0.38832402243426056, 0.6843400715231662, 0.0971419864251587, 0.17755545444908405, 0.2780605868817886, 0.286319513715135, 0.20039506154072495, 0.5690654206477305, 0.2860776935150039, 0.6070356345841015, 0.7005038167889273, 0.5771184592097983, 0.5865554331571508, 0.5928015701000087, 0.6526745170222961, 0.5325660666750298, 0.5592902271317134, 0.4277723993014735, 0.6321543487183169, 0.6612409662301443, 0.500537482902548, 0.22835766240717426, 0.6362437575380868, 0.331318609817985, 0.5209777205494626, 0.6748020108749848, 0.640098774597796, 0.3531447061362073, 0.45743310781806956, 0.5819648450542239, 0.5277012587768471, 0.5735289662455076, 0.3744437743154283, 0.5716771378959273, 0.31238474961591034, 0.13119675244198603, 0.1256388074051522, 0.29397769814959795, 0.4199685158458304, 0.665685618951406, 0.4674937580410692], [0.09826392927511551, 0.23665331768292197, 0.8674121575459346, 0.5247914787829819, 1.0, 0.3435604715529085, 0.8221140978550847, 0.36902281275665816, 0.8722822884907416, 0.911255759028225, 0.2642297147035796, 0.3473952236428295, 0.9256476559064291, 0.368142578451762, 0.1104494238623226, 0.8938936931184811, 0.13927839260058283, 0.9475139949266664, 0.38561551691719353, 0.1975775871326959, 0.8684242991623689, 0.20245759235899485, 0.1801549670726561, 0.26779648178241433, 0.26667114127376657, 0.1841003965618866, 0.20306367388618707, 0.12886145543284677, 0.18346223771520287, 0.15490598979986225, 0.26530450894212465, 0.8529407198073802, 0.6263950739538954, 0.8418472233308522, 0.5294244122824899, 0.4196604538201226, 0.3523461640769334, 0.6547065898755727, 0.34423063696634537, 0.869565953572622, 0.288548754691649, 0.782600980051114, 0.4380577274591737, 0.7345088521514107, 0.14162875602392921, 0.41949112381699327, 0.7627044495461766, 0.14250147730009055, 0.316287154430013, 0.48552622093977715, 0.5295805646029336, 0.9217249048543743, 0.6184341614549778, 0.566012326018405, 0.19478985706730745, 0.3039356016107069, 0.22505593056019224, 0.3453451399949332, 0.37608092530584636, 0.2544018205934353, 0.3988415975301859, 0.25494254957059814, 0.39939910431235015, 0.8438113070152236, 0.9215666212132217, 0.7634289805146017, 0.8803474242969368, 0.6771073379878789, 0.8221224635450592, 0.4705666087114704, 0.823694778990399, 0.8331009169335206, 0.727386547505626, 0.05353333181766362, 0.770607546688006, 0.5100262484708714, 0.5483812267204798, 0.7128472710515994, 0.6810915271038845, 0.6176011924782426, 0.46758371838697865, 0.7653364367822701, 0.843069367684342, 0.6473291274404379, 0.3398482548658639, 0.6041013579607644, 0.3669167310547785, 0.2499593830126421, 0.17063044850736064, 0.23463808007564368, 0.4911785962502312, 0.744833190762339, 0.6399934476193789], [0.23069391720012278, 0.37401144315481205, 0.4993826044276317, 0.567389083528511, 0.3435604715529085, 1.0, 0.47148836211358647, 0.1505105735778054, 0.5246682066878985, 0.37761827644251533, 0.44383428292355864, 0.14589888166615195, 0.44317966755252836, 0.20456058610039185, 0.10469132358060618, 0.4648025391294628, 0.049100954527046436, 0.4394637976090041, 0.0476805382977582, 0.18965816357808918, 0.31661066116962977, 0.15186106277595157, 0.14425003021193472, 0.06352588195968722, 0.16060522875830374, 0.18584615051117725, 0.14233573154367118, 0.1432257184501925, 0.24482007980030618, 0.09801574524998413, -0.13461449790434088, 0.4478416719931554, 0.4448606530714019, 0.3631741903866016, 0.3691318369711847, 0.49457170730385414, 0.4090218015049203, 0.3596157010841867, 0.21440114790678533, 0.3593053868512426, 0.29239485219258565, 0.4235352131611452, 0.3151728159613092, 0.35672726652813336, 0.1373960093550921, 0.29771788844809377, 0.5958229643638918, 0.04786186478606402, 0.2760749706537512, 0.4474740559058359, 0.3062674927691831, 0.4186190468279247, 0.43896555075776833, 0.4060629232407382, 0.07451097024819686, 0.23653587847348356, 0.29554573077094337, 0.1234024812623119, 0.0907918305855282, 0.37382780382405767, 0.0570492783203983, 0.17213096834694708, 0.7240886422865891, 0.3185006751455528, 0.4626801525941199, 0.2928519984685942, 0.3735711214527597, 0.38316546314275557, 0.2352127049149484, 0.3061761116808367, 0.3314636119723332, 0.4147698951404649, 0.2692796642593025, 0.36955317598526993, 0.3494856028995401, 0.20028440413779913, 0.4489637617371417, 0.453344419083167, 0.31337811446615493, 0.2202213601925419, 0.10148551117504523, 0.32285052820285576, 0.4071240744159501, 0.3316535092097983, 0.1207697037058747, 0.15990637509348926, 0.1880566473316514, 0.08868039339545575, 0.1298585150938496, 0.2381711529318984, 0.30452038864372855, 0.3642113810306504, 0.21604937510533118], [0.39454758625597175, 0.3655161319870657, 0.8743304041516022, 0.6339656305768993, 0.8221140978550847, 0.47148836211358647, 1.0, 0.6147386507227691, 0.8959103310241362, 0.8457156744952337, 0.43747899547644065, 0.2844669380723377, 0.8918860979116957, 0.45245112367901674, 0.21269228538177332, 0.8875647080259801, 0.12510244240571455, 0.8147150161638405, 0.43743026235911997, 0.318917877119688, 0.6996028285775191, 0.2052206700883804, 0.30805865445545966, 0.2746201917381288, 0.29741284933321466, 0.27102990949698846, 0.22251326954957518, 0.24407658060672022, 0.25253514918129216, 0.2558869055112182, 0.2627994555067372, 0.8709104343097775, 0.7188537283967861, 0.8886180254617194, 0.6823223496616471, 0.7082409905352723, 0.6415952395105096, 0.7978986983182629, 0.4908400191217379, 0.8751359702909811, 0.4605667291586819, 0.8679672858209081, 0.6150852534037553, 0.8047792822026649, 0.21921183085487883, 0.6435070181824625, 0.7865174720653857, 0.407395446782462, 0.46122442223896076, 0.6258888873082314, 0.33725385190363744, 0.8690606364451603, 0.4967104915411171, 0.5971793179385855, 0.16176524047845442, 0.38417233105356674, 0.4758728940208721, 0.33257704758359696, 0.4340055766199029, 0.37127822049642634, 0.26731403722806424, 0.2821138698711585, 0.6571781319159339, 0.9158886341003485, 0.8814879724879587, 0.8322374253763705, 0.8920583236630787, 0.7713668657841092, 0.9194380976280204, 0.7735341490912493, 0.9031401523819107, 0.8948816183509928, 0.7984272756844231, 0.3115019297310977, 0.8647710391853982, 0.5883425983439737, 0.8053885318423945, 0.8362309169733838, 0.7955111065023851, 0.7962942198062658, 0.5813522055187061, 0.6894519711238062, 0.7437392172997447, 0.7448997719312529, 0.5001265511081179, 0.6298747775119854, 0.37712596440135027, 0.32259367238564174, 0.1856303934058452, 0.21761254345578518, 0.6256936606619462, 0.7993275483261523, 0.5030196324753199], [0.3574779720481388, 0.2681301181935336, 0.3658182889714596, 0.22019926018977098, 0.36902281275665816, 0.1505105735778054, 0.6147386507227691, 1.0, 0.43229941944075034, 0.49188142880484653, 0.17202421171461246, 0.3729685351969516, 0.4664122456643378, 0.4762243619251083, 0.12500135688434744, 0.46745885032822665, 0.12971691141986386, 0.30334000476795886, 0.3169907339125181, 0.24222560005922755, 0.22806689646130385, 0.1577251178374557, 0.149935232452868, 0.1524501699162587, 0.13438709370739987, 0.23911758925756255, 0.1527771192277141, 0.19901176399557396, 0.27596373788969353, 0.11814536531178232, 0.04314881911295343, 0.4357549632410177, 0.33370558745441303, 0.47275306221667346, 0.3542767186288933, 0.353880439229146, 0.40127804108722365, 0.4091501610461181, 0.22259485241182353, 0.40110296679654756, 0.16739416255995332, 0.44229898475070273, 0.34592070594490454, 0.3303714041155281, 0.0924776586946382, 0.08676988488466875, 0.2710373664660942, 0.08550821196054093, 0.2732841711217582, 0.46296889647406525, -0.08287169900261726, 0.4283107087507536, 0.033004488723065384, 0.14870477922623893, 0.09731133051088958, 0.21962704132565458, 0.2236201582811057, 0.2407102372993657, 0.25223783363912755, 0.1850620310474569, 0.21651470581273147, 0.10428526348670941, 0.3026483694407107, 0.5376997103351541, 0.4452180777255583, 0.612850584176073, 0.5354638300839223, 0.5627412242220353, 0.6338279042361096, 0.7666001923131508, 0.5345932699377688, 0.5465326235997542, 0.5795471537527731, 0.3771774314885734, 0.6596550600186654, 0.44533727917113874, 0.6044587070417308, 0.4112310357272341, 0.67847641924447, 0.4632988319329987, 0.4408344324730169, 0.31705252922200144, 0.3098173390852158, 0.2933550791606916, 0.23513890205962984, 0.18643096764468237, 0.16806769046560144, 0.19169382569392046, 0.09614605631399609, -0.00020038212355610874, 0.3707126181496565, 0.3883964798021632, 0.2200250449255341], [0.26258056809262875, 0.4095365134910818, 0.9349518021631578, 0.7641444635973955, 0.8722822884907416, 0.5246682066878985, 0.8959103310241362, 0.43229941944075034, 1.0, 0.9070363628391214, 0.43628723204537057, 0.35023564712989697, 0.9294306821959731, 0.39311514496511, 0.1462797188532604, 0.9319017665450686, 0.14994964634143404, 0.8867073472665324, 0.5628827540041483, 0.24808526752986004, 0.7756733208479798, 0.24855127958925027, 0.17534458189083624, 0.19565357834983188, 0.23952502778199103, 0.19423772770237646, 0.20970984237470425, 0.1785540577046263, 0.12619091807527527, 0.16434593324231728, 0.2353676936009187, 0.8728871348678845, 0.7526468807588774, 0.8980646264111547, 0.7142499118547392, 0.6298789030820856, 0.5630942108105417, 0.7559102354278235, 0.5311366926117749, 0.8432643786180751, 0.5343057861356502, 0.8831309955564954, 0.627242326095618, 0.7833451794931807, 0.2848142545678527, 0.5802635971678791, 0.8663064761796679, 0.2852363770923245, 0.5067104190163043, 0.6337208947936015, 0.4326447602009146, 0.8936060835498425, 0.5486683072848595, 0.628058457436682, 0.20145886876814445, 0.2593051288950501, 0.25853123578237414, 0.22268694453110882, 0.35131207932719355, 0.35223249757208785, 0.22350539998373398, 0.35288889440743554, 0.5907622279762369, 0.8804611737723947, 0.9125337991994291, 0.8056076776090644, 0.9048205484841018, 0.7152007915420204, 0.8560130164295344, 0.6081634632567572, 0.9013432952694461, 0.9053188286341703, 0.7499175244429462, 0.2683688295168165, 0.8493563194187489, 0.5055681117039685, 0.6847330771500467, 0.8571130984014698, 0.7685290238100455, 0.6346390852629679, 0.4848327321182241, 0.8194656047461553, 0.7928941489804445, 0.6871600125580137, 0.4820538569201773, 0.6969627458070243, 0.4569797472470355, 0.264581136579889, 0.2172226687969696, 0.24568949233213255, 0.5417260898914258, 0.8368128691232423, 0.5608864943382625], [0.21946155882481633, 0.2632811034563911, 0.8625452912954754, 0.6439347302764604, 0.911255759028225, 0.37761827644251533, 0.8457156744952337, 0.49188142880484653, 0.9070363628391214, 1.0, 0.3203932363825248, 0.3640000611874029, 0.9530738583679724, 0.4191641287189828, 0.14818652275725497, 0.8446788249187773, 0.15105632686326143, 0.8969011350643948, 0.5478243589203986, 0.19141479067994127, 0.8523937680374845, 0.18529538736152162, 0.19222157680919327, 0.25844832808806284, 0.2112885714569287, 0.21363200573327545, 0.22943061513668983, 0.1603894158037391, 0.27736966369952765, 0.1843577533757057, 0.2555084723696762, 0.8468585346675808, 0.6906864997168135, 0.867724877424366, 0.6023241194330322, 0.490301503422632, 0.40605488451699223, 0.7151516949058693, 0.4732213909809553, 0.7863622766469706, 0.4096303437108233, 0.8484568844156748, 0.5259958026413942, 0.7219415958963434, 0.2351109574713438, 0.4916889901630169, 0.8049737591094341, 0.2150073867730351, 0.4515324671719133, 0.5726190946435527, 0.4965707140737383, 0.8922550998272017, 0.5497548965397208, 0.4896095903899491, 0.12668383611254708, 0.12268823180244892, 0.24980362619446117, 0.267017485362512, 0.25660646360872963, 0.3526439196195702, 0.40688269917617714, 0.2893608602091162, 0.5110806638587204, 0.9026507215537389, 0.9303508674560532, 0.864458920905326, 0.9519774496979406, 0.7670924729145221, 0.8545228902997625, 0.6632829708254852, 0.9002840558963067, 0.9112445159654836, 0.8105798624640835, 0.2802605647819576, 0.8857214377482023, 0.6033688054080829, 0.7286711898681283, 0.8449545768367873, 0.8043546689936051, 0.5754478204721786, 0.5955775573454378, 0.8413751530934744, 0.8478757151079225, 0.6993652415640906, 0.41749591508215644, 0.7305090613897871, 0.40189924967191537, 0.18898807657810024, 0.17229296311843423, 0.26892689988909835, 0.530107355267699, 0.8419965979752514, 0.7155018939362804], [0.35948680553122847, 0.11177457122019319, 0.39085483088214024, 0.3091109457982446, 0.2642297147035796, 0.44383428292355864, 0.43747899547644065, 0.17202421171461246, 0.43628723204537057, 0.3203932363825248, 1.0, 0.3269880860251856, 0.30533174326059376, -0.17885133925071517, 0.08159328037497915, 0.37816424766862244, 0.07043589717937482, 0.2659384916245797, 0.169005313317514, 0.11252311076570298, 0.19565665437771906, 0.119266674266019, 0.09617829991046822, 0.10600521262925056, 0.08529558275795146, 0.12583682258847484, 0.1317081384094605, 0.09281897817645357, 0.1064500662531912, 0.0974050541817193, 0.27585671003507994, 0.37485211705036847, 0.39392744535467994, 0.33932401668427803, 0.28001190841733015, 0.41238052611359555, 0.23160764495467323, 0.3025280852228067, 0.22360951553622144, 0.31942280742456264, 0.20486756771534131, 0.4116805772058948, 0.20263114933835524, 0.3281641878865903, 0.11813293755643195, 0.2810436858617469, 0.5886284087952538, 0.09162384035668847, 0.10213655125603471, 0.36029361352100797, 0.20805451954808496, 0.396205063338406, 0.07892012358744716, 0.36710271053362664, 0.07863716429851808, 0.07642744488513997, 0.2871950442143343, 0.15706275845644813, 0.2317986150971474, 0.26926758524780015, 0.023381692718077662, 0.11790378306505622, 0.4581130151187558, 0.3271638552843734, 0.37544117386302056, 0.29204044802685436, 0.34706793355723853, 0.27342797507499395, 0.2662386854536243, 0.46398013415079775, 0.37032403313472906, 0.3924543723998537, 0.3032262305535258, 0.2424721981615302, 0.3378910105124401, 0.12643023448774515, 0.4507282628930229, 0.6142146463849654, 0.2663230917703733, 0.46369110739755115, 0.33258579805480815, 0.3052794585918768, 0.2037607741824765, 0.1386208817002127, 0.23792848446773285, 0.1580382520397926, 0.1964229511626967, 0.09439351048958966, 0.06209654392006947, 0.09066901833533914, 0.069887125012563, 0.4035084793421847, 0.008248067007759374], [0.12104650122714966, 0.20353754904650745, 0.2411824464727934, 0.18776417575579352, 0.3473952236428295, 0.14589888166615195, 0.2844669380723377, 0.3729685351969516, 0.35023564712989697, 0.3640000611874029, 0.3269880860251856, 1.0, 0.3073552817200105, 0.0602625948356168, 0.09624514818565288, 0.3617351654721014, 0.06389237162475636, 0.2771712793912231, 0.010727761678778092, 0.09446909672812465, 0.3763206094150112, 0.08133428836893586, 0.13637081065820889, 0.08291374882523161, 0.09322543894990776, 0.14827717136493046, 0.12111964011535581, 0.1193946279467486, 0.1565729982709737, 0.16300722962728287, 0.09385438046141015, 0.2747981161171298, 0.3211580367990672, 0.2504681054551149, 0.26815054465278676, 0.2581395515786351, 0.19064596256835042, 0.2470654619102869, 0.20823644249265327, 0.2502098447196114, 0.138848607488953, 0.2937310187773414, 0.25668200728778756, 0.25103133940987066, 0.1432277826527545, 0.1440937811547094, 0.2997962817699029, 0.18355323756379294, 0.16663225686624006, 0.1762981180720644, 0.19454839083601594, 0.30987207077331447, 0.09405602403005775, 0.24309200424663902, 0.05650780576950043, 0.07173281887055916, 0.02491509276606363, 0.195931243873545, 0.01939272972534778, 0.3229309048543486, 0.23774089994301828, 0.3193822758427841, 0.0332335009422805, 0.2576682677170601, 0.2990904237854133, 0.1723240778320687, 0.3017656300214666, 0.16956413483589028, 0.2634819038449495, 0.29013384865069136, 0.19537512268929547, 0.2718072270311459, 0.1567812002587493, 0.16432897051687756, 0.24627032909033175, 0.030651319185086345, 0.21368518573302941, 0.21447358401256278, 0.17145327667481236, 0.20751131840273873, -0.10140371747588528, 0.41311710775778376, 0.4253972159236217, 0.26276734838421056, 0.13707073874505893, 0.0735904137729434, 0.11912081208757286, 0.1137196446239066, 0.08257041381818797, 0.09162469260271344, 0.31821376154844705, 0.3080342700322829, 0.17140224099702195], [0.2715894112403011, 0.28385237700971255, 0.9045368044053604, 0.6428459009761219, 0.9256476559064291, 0.44317966755252836, 0.8918860979116957, 0.4664122456643378, 0.9294306821959731, 0.9530738583679724, 0.30533174326059376, 0.3073552817200105, 1.0, 0.4675496804555769, 0.09922381042832262, 0.9266623776782522, 0.20297815343819403, 0.9394287196475695, 0.449327638098973, 0.15464888050989656, 0.8603754774396176, 0.21322354604356386, 0.1621529592498635, 0.22669204501657703, 0.2660104439614249, 0.20455609935762886, 0.13319529843758582, 0.1751412641405915, 0.21799676321802752, 0.2146420239165241, 0.2627092867981926, 0.9154582947806466, 0.7145145503234124, 0.9236068053420485, 0.6403218335026699, 0.5398382894302034, 0.4833480995760113, 0.7513856607016347, 0.46977642238139317, 0.8801348890024793, 0.42316180608958065, 0.8818596341704467, 0.5743326489034101, 0.8189026626460896, 0.217264240973026, 0.5596417078633854, 0.8393394030599335, 0.2894876759355758, 0.47456657236974586, 0.5847719905037175, 0.469531267932521, 0.9399237454250838, 0.6154190033547849, 0.5727662371250463, 0.20437036012043774, 0.2805262292171322, 0.3254784665338831, 0.3097802693684133, 0.3091768290740269, 0.33604072618344505, 0.3627529420340785, 0.3041942540166158, 0.5489949877845457, 0.9319598182883747, 0.9734242270857544, 0.8727092163780735, 0.9201027745638244, 0.8212771063508965, 0.889167928456538, 0.6390515816525644, 0.9087592219869733, 0.9298084337573149, 0.8492784155873286, 0.2843078567580313, 0.886041957888342, 0.6522798649859364, 0.7308988618897504, 0.8437982422862101, 0.7916211105510892, 0.6252161094367877, 0.539835174978496, 0.8290196834958473, 0.8432198308841122, 0.7206513882828126, 0.390272709689959, 0.7523051393730329, 0.4279195431558751, 0.21906426961133407, 0.2701424799206691, 0.31537645996322583, 0.5890875227069811, 0.8520860281909092, 0.7262999322720446], [0.3192861035780006, 0.0783883557159365, 0.32554306035044467, 0.33781762330918585, 0.368142578451762, 0.20456058610039185, 0.45245112367901674, 0.4762243619251083, 0.39311514496511, 0.4191641287189828, -0.17885133925071517, 0.0602625948356168, 0.4675496804555769, 1.0, 0.09872003283347608, 0.4171367599338477, 0.11189171684717725, 0.32942043330764403, 0.2710337410861725, 0.18016271638612824, 0.2567173294072864, 0.13100654934767975, 0.14477622948102853, 0.15058999391103978, 0.1327454515923192, 0.18420223121892532, 0.10738463030305612, 0.12125172920651373, 0.18161473081694102, 0.15435684082623913, 0.34416163732932925, 0.3848924921117891, 0.3170531056834245, 0.42670204892709496, 0.37622021904680025, 0.258351968301625, 0.2932017208238872, 0.38198323858570016, 0.28349298577427806, 0.36356100773125744, 0.22124301574277794, 0.35703875552051834, 0.33889416363263236, 0.31053793064671975, 0.277902642027809, 0.1530631938725716, 0.29506098447138873, 0.09086648833387956, 0.24453499914746735, 0.43586772259811113, 0.20695566347485828, 0.329286747489105, 0.6033640160948598, 0.13830273546090188, 0.06331641479008532, 0.33109036853350915, 0.1073450305368383, 0.24184798565612575, 0.1665870328830107, 0.196621150213525, 0.047789699399158225, 0.1690068048880835, 0.20409889319043573, 0.4718280483432171, 0.41757651447453425, 0.46072721540915085, 0.43659491685647, 0.4955470281733467, 0.49623107347961315, 0.26611751070116263, 0.4085109293603837, 0.4592543377200229, 0.368646265209835, 0.34000295815238224, 0.4583711861124281, 0.2593577818070041, 0.34143438872495113, 0.2899191573216945, 0.5404133860812801, 0.12190350467361077, 0.10476804643103732, 0.31912958518205614, 0.34273709784330786, 0.30190867177975034, 0.09272632028893613, 0.25459477281781906, 0.2904176441086216, 0.07080079463346556, 0.09939865805635106, 0.04102473364268, 0.29219182566704394, 0.3516995783854292, 0.27964068442467016], [0.09445228876186273, 0.08093182624362927, 0.09226476651523563, 0.18399511886705255, 0.1104494238623226, 0.10469132358060618, 0.21269228538177332, 0.12500135688434744, 0.1462797188532604, 0.14818652275725497, 0.08159328037497915, 0.09624514818565288, 0.09922381042832262, 0.09872003283347608, 1.0, 0.1408982205789845, 0.042834749342683276, 0.07457407749088829, 0.1457606861196512, 0.11751147129619954, 0.07722093691409715, 0.055870324950247796, 0.08438865353974268, 0.05528677999201792, 0.05761559314440989, 0.07539875098756288, 0.09862087975877032, 0.0857646562498261, 0.1000415613079968, 0.06931511758254105, 0.06251321165769408, 0.12136385059204235, 0.11101315139394963, 0.10654293449833696, 0.08154338190988375, 0.1808648528075244, 0.115302927229183, 0.13975048490666286, 0.05619186573212054, 0.1185534361559506, 0.07183093288144093, 0.14147183023084697, 0.09048219559337767, 0.12725923594972477, 0.0612451011054006, 0.21690524180866844, 0.1340859409087527, 0.1281606017200846, 0.08200325953388399, 0.0893467137088042, 0.10429995773450929, 0.1287556887797252, 0.06648952710680156, 0.11704320235990628, 0.037527796208715714, 0.05125303704883344, 0.1923697019066649, 0.09759064158487696, 0.1124119018439046, 0.12653783463645651, 0.07071920270953258, 0.04081580749586822, 0.1803805688299568, 0.14789882178883218, 0.0918600311969584, 0.11618542851724667, 0.16090274089208467, 0.09234878991130935, 0.14040929410777503, 0.14198801824106022, 0.12665140360133653, 0.10823424097897327, 0.08887851367873845, 0.06826452150518691, 0.09883512542587058, 0.08529152978453891, 0.21638706592805557, 0.10472733089027342, 0.11023584664925146, 0.15655509014173408, 0.13800408050846713, 0.13410370833532193, 0.1506066089516871, 0.24112049550765735, 0.2228359362231085, 0.09315215457661563, 0.09441362855917435, 0.06200796595873315, 0.06050566662051682, 0.04451941196276499, 0.16416245276983854, 0.14017399599862057, 0.11154424191938683], [0.24071480462303174, 0.36302529251909865, 0.9177222284475031, 0.6279594269161313, 0.8938936931184811, 0.4648025391294628, 0.8875647080259801, 0.46745885032822665, 0.9319017665450686, 0.8446788249187773, 0.37816424766862244, 0.3617351654721014, 0.9266623776782522, 0.4171367599338477, 0.1408982205789845, 1.0, 0.21803905003985324, 0.880403312612927, 0.44640848908127495, 0.19586765381755822, 0.774409069102398, 0.21156248136917233, 0.16832554522795018, 0.25256252842779625, 0.3972150416166753, 0.1503127817551737, 0.111898601581921, 0.17661233461005643, 0.1497837049112093, 0.14979682228513558, 0.2758706733167723, 0.8784755786785049, 0.712699097894998, 0.902730490855973, 0.6626570648927371, 0.5607048932657566, 0.5194939158410505, 0.7127346758517046, 0.4606050126525705, 0.89063327034298, 0.45388224392556364, 0.8329583982811464, 0.5909510089115019, 0.8121981271571761, 0.18912588681661258, 0.501483556229565, 0.8069658822976316, 0.23058571585207766, 0.4583366819059955, 0.5996076611754944, 0.38317042970208837, 0.9129931837162168, 0.5371815636201424, 0.6541214904947588, 0.23905358956164158, 0.3760244924057118, 0.2690119417430057, 0.32443027393989166, 0.4793057837707806, 0.31364243575902695, 0.26177952640414026, 0.36524347747746755, 0.5264869259949964, 0.8591157244743126, 0.9201442302235465, 0.7969253113037904, 0.8614194962009999, 0.7414702008610722, 0.8668625043514606, 0.5758930529321749, 0.8517600112675102, 0.8667582542790151, 0.7761102990255594, 0.2409171861135223, 0.8173866198732241, 0.5590758905355552, 0.64627543794478, 0.777305578054379, 0.7192230422017771, 0.6327634961293778, 0.4159334867380937, 0.78576926581456, 0.7741690902783019, 0.6222710153786504, 0.4590517981999155, 0.6198268206893055, 0.529467560664164, 0.34947134078784625, 0.30611973060043396, 0.28688565937917443, 0.5483232924301902, 0.7859292900160842, 0.5753757529528565], [0.04953192019084063, 0.04911316496857632, 0.12311979611495982, 0.10379068723515528, 0.13927839260058283, 0.049100954527046436, 0.12510244240571455, 0.12971691141986386, 0.14994964634143404, 0.15105632686326143, 0.07043589717937482, 0.06389237162475636, 0.20297815343819403, 0.11189171684717725, 0.042834749342683276, 0.21803905003985324, 1.0, 0.09910738529071605, 0.11801225091594603, 0.07046975783318499, 0.11074869055108827, 0.06996172106169851, 0.04926147124753555, 0.05938182374754353, 0.04582500967989134, 0.05410380920084279, 0.044944776299510436, 0.04591545845738931, 0.062274260729460185, 0.05656531008643617, 0.07036584563077009, 0.12336371032893267, 0.08763908473300108, 0.18371189905811325, 0.11806909448303837, 0.11038083023086342, 0.0933134537723539, 0.15846653805400623, 0.09578305115192676, 0.11917102806024849, 0.08013998342506046, 0.10464875212132707, 0.07907767243340369, 0.16473588358292712, 0.053221695007434455, 0.08938493379252699, 0.16243264068012064, 0.06356312130986463, 0.08560890317756986, 0.10684908158050621, 0.07893378575772503, 0.14025694938559807, 0.09130311501678834, 0.15898613677138196, 0.07587131891722021, 0.0518779847737032, 0.06859068252841771, 0.10913146516384187, 0.12371818995566919, 0.07105226101662276, 0.11075483989189572, 0.10408206475870907, 0.08151266722383, 0.10687074677996056, 0.14796445119463097, 0.14320143529539053, 0.14660934125785208, 0.24078561386651598, 0.11407489379111657, 0.12292000758079957, 0.15466679687191665, 0.18891821766864447, 0.22321065813163532, 0.0876869774768071, 0.12774024538874984, 0.09211925722483472, 0.16746486795034565, 0.10560922424831354, 0.15183339748781277, 0.0661078890930834, 0.08790910792970053, 0.16072678123836193, 0.06218894023969801, 0.06823891300422891, 0.08842845800776189, 0.10616025422360575, 0.10891246970696389, 0.042948567917123204, 0.11196062459233891, 0.08001005863524246, 0.09582587875520299, 0.13299683766399006, 0.12691309711835652], [0.1774270650804416, 0.25622735374872585, 0.919069858504085, 0.5509570811683444, 0.9475139949266664, 0.4394637976090041, 0.8147150161638405, 0.30334000476795886, 0.8867073472665324, 0.8969011350643948, 0.2659384916245797, 0.2771712793912231, 0.9394287196475695, 0.32942043330764403, 0.07457407749088829, 0.880403312612927, 0.09910738529071605, 1.0, 0.371412165866289, 0.10611128673441017, 0.8576489009155188, 0.13464670357741437, 0.11171956603888711, 0.19131783479630926, 0.2472730063510893, 0.13604433135057425, 0.12257283335379732, 0.17604731559763542, 0.17372357757654444, 0.11617106271050714, 0.15780184838862854, 0.8360814864964304, 0.5849859966224893, 0.8110940374555493, 0.4962150422145615, 0.4251987984677157, 0.34225978926675715, 0.6006812448747064, 0.2925224659273171, 0.8534481679815967, 0.28756087181091083, 0.7676720724306457, 0.42387958655526825, 0.7245720224892329, 0.14276169809347627, 0.4916710211875408, 0.7860984534629682, 0.21231155460438667, 0.2777745836182044, 0.39256164344767974, 0.45618646373802996, 0.9107362706151592, 0.6400392317804247, 0.5052730658934388, 0.14538858353437567, 0.2479280980763685, 0.22936890114381558, 0.18919716353502058, 0.23993552401338114, 0.197924790012727, 0.26165925549105173, 0.19542029867825594, 0.4650525182608556, 0.8409004191287878, 0.9260030466815011, 0.7141167841526807, 0.832144388773406, 0.6247452324465731, 0.781645513170739, 0.4536747182659978, 0.8090095630178652, 0.8189838003748653, 0.6799361565563082, 0.055356956838346405, 0.7413224613976176, 0.4727535829522729, 0.539556483170831, 0.7184528559127769, 0.6255178327109131, 0.6186914872580089, 0.43942380581837803, 0.7973307397088873, 0.849100321306889, 0.6778342144120933, 0.32035178569086353, 0.6564366022420328, 0.3424352097402622, 0.19224170708571364, 0.2081047552025026, 0.215047987192292, 0.5277592291020181, 0.7041422328447777, 0.6707848929281534], [0.08978711333556566, 0.2391678448979313, 0.5826685212296674, 0.5308612424119615, 0.38561551691719353, 0.0476805382977582, 0.43743026235911997, 0.3169907339125181, 0.5628827540041483, 0.5478243589203986, 0.169005313317514, 0.010727761678778092, 0.449327638098973, 0.2710337410861725, 0.1457606861196512, 0.44640848908127495, 0.11801225091594603, 0.371412165866289, 1.0, 0.10315899663132844, 0.377056690623212, 0.2075190742202726, 0.16678580001994225, 0.16488487095570736, 0.13753604942347464, 0.10453200537091578, 0.17779706963614839, 0.1913443931388844, 0.13511689861342013, 0.12726055272346937, 0.14580782657779656, 0.31162003289777784, 0.3380657684804387, 0.46195162939784207, 0.3529027764325854, 0.2820810080413333, 0.1967717470351822, 0.3147587652497368, 0.3735606638304485, 0.28659786337505266, 0.3856186774681518, 0.4479213363641794, 0.2126939404696705, 0.1777524055943045, 0.2891389166116559, 0.20921977885366527, 0.407084136120355, -0.02516262732418384, 0.28444487042560107, 0.33143676675706235, 0.1823268827937914, 0.4431117955250826, 0.048442711457536314, 0.1642862056936355, 0.10791212235770453, 0.03312054650211782, 0.05804597808913037, 0.053084660039576015, 0.22548596447065894, 0.22646245181988345, 0.14565650753048964, 0.23096136549025081, 0.3559562044065564, 0.47171799095452227, 0.4013456294684816, 0.49004384888120067, 0.5562327488818188, 0.3201449813971513, 0.49043590981962515, 0.41173325515773584, 0.5864672126554342, 0.4533408421605597, 0.39454067658198455, 0.17148421464556152, 0.5125650390925461, 0.11106240558645064, 0.41691098004753013, 0.5227128818479941, 0.48471163152086905, 0.2370204267380832, 0.4682430159394313, 0.6377904809251448, 0.4115250241354951, 0.39768123864210314, 0.6854708897134133, 0.5865409465679354, 0.6209206846226385, 0.08713376294263397, 0.10827677434713523, -0.06102477916227711, 0.30888367992539323, 0.5104983781001055, 0.3023042772330853], [0.11661355182519961, 0.08445973328497225, 0.1465106702403055, 0.19493770276513556, 0.1975775871326959, 0.18965816357808918, 0.318917877119688, 0.24222560005922755, 0.24808526752986004, 0.19141479067994127, 0.11252311076570298, 0.09446909672812465, 0.15464888050989656, 0.18016271638612824, 0.11751147129619954, 0.19586765381755822, 0.07046975783318499, 0.10611128673441017, 0.10315899663132844, 1.0, 0.19376009610503742, 0.08099240943811248, 0.17649296490901745, 0.08596703893753843, 0.09620772898933294, 0.14791750551150817, 0.13920229257200378, 0.16299985822199892, 0.16382020048442836, 0.1317849877529631, 0.08251019488529066, 0.13786976469814438, 0.12779550088375435, 0.18108298673286016, 0.1626939665201016, 0.20671837263855242, 0.17692700322339727, 0.23817424286273048, 0.16703219779902434, 0.13686583762951443, 0.08702678063458724, 0.20253696370694318, 0.12553662486846495, 0.1292160773461315, 0.06413353317668369, 0.17901213950327444, 0.08114624051731645, 0.10114768944857933, 0.06084874324584877, 0.24244589906402658, 0.25874099585193333, 0.1816726357670212, 0.10525261311822576, 0.13339030262077656, 0.05386652417375726, 0.031698738759856626, 0.15599790868664765, 0.20421292846657335, 0.06199749335773019, 0.33851100279210744, 0.17174266005365868, 0.1985104984804792, 0.11874659314160319, 0.23894435649702295, 0.19180251437787565, 0.20950407851705033, 0.23878238521056439, 0.209805427993625, 0.23228866280278848, 0.33098318162267326, 0.21363593879678477, 0.2565955092986597, 0.18222910576515194, 0.13489623814548668, 0.20999674872575802, 0.10909185456657311, 0.2268596505730509, 0.23566158516714264, 0.24194602108519625, 0.34795407477975626, 0.08804930383984533, 0.17805417668650447, 0.30304767553192846, 0.28710033054106665, 0.2261243750578108, 0.1241810331939166, 0.1111919748447574, 0.112981488812262, 0.06784988654287916, 0.10136830146736786, 0.28901923264060236, 0.20775400683135825, 0.10004150234696108], [0.16732536092829153, 0.2138572079107106, 0.7969320791434144, 0.5553847857105835, 0.8684242991623689, 0.31661066116962977, 0.6996028285775191, 0.22806689646130385, 0.7756733208479798, 0.8523937680374845, 0.19565665437771906, 0.3763206094150112, 0.8603754774396176, 0.2567173294072864, 0.07722093691409715, 0.774409069102398, 0.11074869055108827, 0.8576489009155188, 0.377056690623212, 0.19376009610503742, 1.0, 0.11819569181655376, 0.1035725800113354, 0.21431046334885206, 0.18197517163771326, 0.13378338907250964, 0.10718166358881098, 0.11441578256849805, 0.2548782885047869, 0.18733714786703526, 0.1651421614908386, 0.7813193482646913, 0.609697470070044, 0.7659222731494122, 0.4878544358655543, 0.4277212836211526, 0.32716974901235574, 0.6035991163466102, 0.38066587746124614, 0.782225948745694, 0.30982078382128597, 0.7375510800436568, 0.3878788403184572, 0.684746059899757, 0.25842246186475015, 0.5335243042953696, 0.7675364402142103, 0.2510036174560193, 0.37566966301147575, 0.38915029214309604, 0.6950506555272096, 0.8834443536058967, 0.48455221840012164, 0.5210190975473624, 0.13798294955038182, 0.2608254588028487, 0.428133622920726, 0.4869356744891462, 0.30988075190403586, 0.5240191696168234, 0.5888132869947876, 0.4226440227230035, 0.39038831777100436, 0.7296968691602613, 0.8370627324243683, 0.6645851840964996, 0.7983375224348741, 0.6365320745996589, 0.7078023261158315, 0.4249972376229272, 0.7288767330653824, 0.7157075668540734, 0.6421263146876641, 0.12384308863715987, 0.6451170798809048, 0.4748924064390273, 0.5190362342213174, 0.6740463502210692, 0.5892882916369778, 0.4923738002910525, 0.4240368654510044, 0.8101624708340209, 0.9512712539814748, 0.7798528927080022, 0.4646002711103925, 0.760694219998875, 0.44827049304367306, 0.2896827635726298, 0.2068611366301777, 0.35990715086507263, 0.6566146167831733, 0.7959437943514861, 0.8277509078281412], [0.11077498358846705, 0.06463116598626395, 0.161602232217965, 0.23104493913855417, 0.20245759235899485, 0.15186106277595157, 0.2052206700883804, 0.1577251178374557, 0.24855127958925027, 0.18529538736152162, 0.119266674266019, 0.08133428836893586, 0.21322354604356386, 0.13100654934767975, 0.055870324950247796, 0.21156248136917233, 0.06996172106169851, 0.13464670357741437, 0.2075190742202726, 0.080