"[[1.0, 0.9312955611864259, 0.959510833602879, 0.9202693441505035, 0.9701067014626337, 0.922241155668848, 0.9824400893471569, 0.9646114378150413, 0.9119040210540112, 0.971658061408548, 0.9704774538057197, 0.9562786148826815, 0.9998030478816624, 0.8183195036191587, 0.14720085625817403, 0.9669683005372195, 0.1368244037238271, 0.987479779895458, 0.9473161430319716, 0.9331827786293926, 0.7614174513455898, 0.15124325037162534, 0.9999999999595451, 0.0001639108711284365, 0.8439024540641445, 0.49801505581988414, 0.9831936572133462, 0.5214186650241022, 0.8398384421868754, 0.2936275835284291, 0.8107399891246116, 0.980673087177549, 0.9633741351398286, 0.9960561056926716, 0.9782614202819622, 0.9704088631492809, 0.9498755514309993, 0.9939469547726634, 0.9646969198376681, 0.9490021412861771, 0.9377748782537924, 0.8597314220312585, 0.9918769135871837, 0.9641131747437881, 0.9593574166196549, 0.9127246998655377, 0.7259160622976533, 0.9211142865466634, 0.9718794748529923, 0.9769687386348906, 0.9999999931055275, 0.6815101823922209, 0.8868888284611094, 0.998678827359398, 0.6870474231150524, 0.030048645406427932, 0.4378296491763025, 0.9107499943756633, 0.9799382541514416, 0.9584106203203361, 0.8184900220942538, 0.9050843612381709, 0.9556461378611006, 0.9800200000066325, 0.9932260267263808, 0.8666560190910468, 0.9655600247146593, 0.9681896252091063, 0.9322165013131749, 0.9717864381312332, 0.8884254290211746, 0.8887738950149511, 0.9382292122583623, 0.928821873730215, 0.9498060385957684, 0.9173842845643775, 0.9508807310357799, 0.9496155726790616, 0.9924728447971686, 0.9314350561035798, 0.2505083838254998, 0.9963913331979962, 0.9831461925807027, 0.9599263843406639, 0.7833080120434109, 0.8923278545457255, 0.8919782829590793, 0.9979092178028203, 0.7649297571707586, 0.8525628646891837, 0.8446541010633639, 0.9999999939425918, 0.8942633230308], [0.9312955611864259, 1.0, 0.9796257527875776, 0.9774051015787214, 0.9374805412382302, 0.8863301804281517, 0.9702594788482755, 0.9059943488273732, 0.9757863924986361, 0.9690151061864083, 0.9718774042935445, 0.8906138548574728, 0.9311257897252246, 0.83902574607367, 0.13718903483625888, 0.9506086622623643, 0.12752753639585568, 0.9558580442217486, 0.9575165210220142, 0.9154598106691463, 0.9136912038967334, 0.27314253524538823, 0.9312945423502857, 0.30844963430355865, 0.9453940999787028, 0.4638855469398415, 0.9156613345798132, 0.591704630041581, 0.8546676378250724, 0.4013808613312104, 0.7551076550087429, 0.9736233709894921, 0.9753891829851383, 0.9556293635613967, 0.9642025416262355, 0.9645143621627355, 0.9786285418468269, 0.9364164522883153, 0.9647063703009033, 0.9902325555564611, 0.946113856536974, 0.9631566390283429, 0.96030212336664, 0.9776065901218133, 0.9044401407975762, 0.9778432909665462, 0.8880908079467992, 0.9607847705569659, 0.9051400593937224, 0.9237020090989826, 0.9313088547855297, 0.8603094403252848, 0.8877979176445263, 0.9433513461736055, 0.6635165367654001, 0.3361433539869889, 0.6849276968130129, 0.8850590373300106, 0.9182954309312218, 0.9675492913652628, 0.7623221116580967, 0.8909737457953226, 0.890023946548469, 0.9643335143068964, 0.9605312618595157, 0.9639816317380078, 0.9798991593041636, 0.9276892297411202, 0.9857596795800678, 0.9628414960788368, 0.9728076949305114, 0.9695689405527305, 0.9757558228014499, 0.956307862226874, 0.9808166886228203, 0.8914998575193741, 0.9838398653528446, 0.9748881426133632, 0.9319670848207262, 0.9161508451287107, 0.5313717226104705, 0.927958728045601, 0.9663841101231304, 0.894863519398836, 0.9211415686280382, 0.9665813164533392, 0.8307456439625782, 0.9380011428298142, 0.7124423116149752, 0.9557048008360104, 0.8582679116260312, 0.9313080220637242, 0.946758250778869], [0.959510833602879, 0.9796257527875776, 1.0, 0.981377772135966, 0.9597474450985871, 0.9082351426777362, 0.9872933216438111, 0.92558130718788, 0.9825338033473594, 0.9863244315436615, 0.9862510524455064, 0.9175904481103833, 0.9593312697808533, 0.8077289894703799, 0.14133201602482748, 0.9703793579892589, 0.1313770709735087, 0.9782841510785786, 0.9729525392522128, 0.908996391567132, 0.9010970579975359, 0.18387870529770867, 0.959510168127673, 0.2622124910217336, 0.9452869474652232, 0.47792904888621823, 0.9434009535748425, 0.5314130650459623, 0.827087339186986, 0.31921777992751643, 0.7779736645927121, 0.9922418473494403, 0.9748189994229512, 0.9791438420211788, 0.9812294407778364, 0.9712335149914183, 0.9734810709528552, 0.9568658769562001, 0.9641979152281738, 0.9857914448703441, 0.9616569922133494, 0.9599498845773605, 0.9827992802265046, 0.9793866918538257, 0.9237557475460767, 0.9794100099188275, 0.8767646322827065, 0.9660469417652563, 0.9550478532021474, 0.9414910588545065, 0.9595195140022333, 0.8456941168486797, 0.8691053460881958, 0.9695351824525968, 0.6793547563428727, 0.2907695227400723, 0.6557060358258647, 0.9052241736742909, 0.9402895482694966, 0.9760539398507195, 0.7854075970458924, 0.9093011746077565, 0.916983053212018, 0.9842361451627598, 0.98322153771373, 0.9630835638526185, 0.9993039354969739, 0.9511031981897164, 0.9901208489948856, 0.9651088540421666, 0.9735375588290337, 0.9726880242788289, 0.9862840965308728, 0.9547443879150753, 0.9887303884779413, 0.9118140208950156, 0.9882698858774401, 0.9881036173027511, 0.9545500438535647, 0.907996815904707, 0.49373154303796163, 0.9641711724185649, 0.9819927563356935, 0.9213408319537931, 0.9144960152672327, 0.9738256668944033, 0.855907006184493, 0.9600412734157275, 0.7340181097190117, 0.9357830697618404, 0.8314478750465273, 0.9595189703973065, 0.9549020212465319], [0.9202693441505035, 0.9774051015787214, 0.981377772135966, 1.0, 0.9384669377503495, 0.8814234737739485, 0.9668102025692996, 0.8877351310608529, 0.9900020565085137, 0.9699000702944667, 0.9702343567853947, 0.880072809491199, 0.9201015758332138, 0.7835112278049172, 0.16377413545487007, 0.94954732648159, 0.12602994681014623, 0.9519140102419705, 0.9674200847291068, 0.8771370611871488, 0.946850319588502, 0.19151553220218387, 0.9202683596363881, 0.3675912159439474, 0.9666805183523692, 0.4584041581678414, 0.9264739587230081, 0.5218400840829565, 0.8015727518909168, 0.3208185331541673, 0.74617453347801, 0.974379874993363, 0.956866666201388, 0.9494645976612688, 0.9598911373267454, 0.9489684727742316, 0.9606784417702368, 0.9278662944301604, 0.9413633572321461, 0.9787971163895534, 0.9497278193009365, 0.9804304838588793, 0.9563766457516804, 0.9630256491919346, 0.8872423448476924, 0.9851343041042274, 0.9207627087795149, 0.9629643597957215, 0.8944262528390209, 0.9045815192276415, 0.9202821897706919, 0.8960745765950515, 0.8406510842956919, 0.9382074680571996, 0.6604760316260148, 0.3949283396892592, 0.7332728884234057, 0.8855417137858548, 0.9018432470451135, 0.9609427307623014, 0.8214367891297762, 0.8950063763458525, 0.8794899351314288, 0.9634307007062465, 0.9575701840869083, 0.9819149619754152, 0.9821312531495386, 0.9220004028845233, 0.9918876799893306, 0.9397337124016725, 0.9872996479711593, 0.9860292747324503, 0.982630450110554, 0.950186874391782, 0.9824550142514814, 0.888505907055406, 0.9931673558007579, 0.981778359922727, 0.9163957070063627, 0.8764451953420342, 0.5857912986735434, 0.9169727425204515, 0.9588335236628298, 0.8837681321219705, 0.9492695176966603, 0.9807654377242266, 0.8209154482512075, 0.9217703683973356, 0.7040152499374641, 0.9591914286907414, 0.8056537863831286, 0.9202813851188923, 0.9731590768052778], [0.9701067014626337, 0.9374805412382302, 0.9597474450985871, 0.9384669377503495, 1.0, 0.9045117825784171, 0.9713426991295049, 0.9357997751936012, 0.929917128252836, 0.9652468544806074, 0.9710681978571257, 0.9277202442810586, 0.9699243764833936, 0.7939124552173893, 0.14288309478892536, 0.9569640417132105, 0.13791813339750403, 0.9709289407752222, 0.945943580787759, 0.9053237959215831, 0.812309123338084, 0.14680645387670221, 0.9701060799397947, 0.1104551452788064, 0.875736657030319, 0.48319848946628885, 0.9617613459471303, 0.5059223019126341, 0.8147836526363222, 0.28492866864349964, 0.910431241299088, 0.9729438764115262, 0.9522895620019435, 0.976057288596289, 0.966853101700089, 0.9596350821010519, 0.943676126642547, 0.9675226071260459, 0.9481777596619257, 0.9523016192275644, 0.9896927992285073, 0.8901879452331491, 0.9753172055981495, 0.955195490928163, 0.9307150337309568, 0.9285748502861054, 0.7800818585231015, 0.9286291466513462, 0.942851842641058, 0.9478017786051257, 0.9701148080021871, 0.741859896938147, 0.8604280923685123, 0.9747999737192542, 0.675012727873585, 0.1393979481393567, 0.5239058579664656, 0.8980097536051205, 0.9506703284034576, 0.9856540484252433, 0.8190737204028331, 0.897008664756707, 0.9271061770472838, 0.969209538900764, 0.9778198218029998, 0.8957061791839769, 0.9644027825306312, 0.9485696860220145, 0.9436695492417345, 0.9534961437079121, 0.9123997744386867, 0.9126773847141924, 0.9457032774657841, 0.9247058213622862, 0.953014428919181, 0.9032690513212777, 0.9570852857673174, 0.9541842643471844, 0.9628257505529598, 0.903628551749509, 0.34966124349121586, 0.9666222594985386, 0.9908206674052887, 0.9312606863427506, 0.8284583034372647, 0.9133240500735814, 0.8653541753867008, 0.968086385032905, 0.7421175547262203, 0.8772639651771216, 0.8194538065724077, 0.9701143003648762, 0.9118255857071473], [0.922241155668848, 0.8863301804281517, 0.9082351426777362, 0.8814234737739485, 0.9045117825784171, 1.0, 0.9207929591263818, 0.8896279247873937, 0.8775199661083315, 0.9143679959271698, 0.9568604858086744, 0.8819476339347508, 0.9220700053751046, 0.7547435870044642, 0.13583484350628217, 0.9062503970950578, 0.1262668199447463, 0.9211615971298845, 0.895395389288717, 0.8606554361448158, 0.7595123293727817, 0.13956518329176326, 0.9222403766337423, 0.08912321924912514, 0.8243132354750401, 0.7855643273959722, 0.9067554598352275, 0.48096112427894233, 0.7745836663994041, 0.2708713971106004, 0.7477521145664292, 0.921834178267926, 0.9027614898251245, 0.9264948743341685, 0.9162043294105959, 0.9065377222981073, 0.8939246947161357, 0.9166851151587748, 0.8996280060645416, 0.9007611042240403, 0.885875559320777, 0.8381841430016194, 0.9253153901005837, 0.9052080596307974, 0.8847956865206031, 0.8760653641100253, 0.7306717899845088, 0.8774231051548478, 0.8963330973410993, 0.9010413950331629, 0.9222513188254053, 0.6936368309523053, 0.8179787814201877, 0.9248620447812815, 0.6404929368884227, 0.11664574406778494, 0.4837780987270419, 0.8506017332158116, 0.9037657174049563, 0.9017810983523357, 0.7548971046325356, 0.8486054560243792, 0.8813636659587849, 0.918732221448012, 0.9262594320634594, 0.843601330150658, 0.9128346678610536, 0.9004309429246277, 0.8914544143760286, 0.9048749256740157, 0.8600185179765942, 0.86038313016255, 0.8938792094762141, 0.8756812155329073, 0.9014490551350366, 0.8567916070634185, 0.9013578336715993, 0.9019076414012969, 0.9153219654391139, 0.8590457414417938, 0.3170538816351368, 0.9189315872766365, 0.9190412123188623, 0.8853140484430587, 0.7777100191721396, 0.8613606047110711, 0.8226586413844462, 0.9203214104545963, 0.7055022885599768, 0.8237638876053242, 0.7790238234004423, 0.9222506822822054, 0.8576247926601658], [0.9824400893471569, 0.9702594788482755, 0.9872933216438111, 0.9668102025692996, 0.9713426991295049, 0.9207929591263818, 1.0, 0.9476962325003195, 0.963814598733063, 0.9887552833080581, 0.9900393374489252, 0.9627284764029258, 0.9822537250467643, 0.8223879676042589, 0.1446983026014651, 0.979838486119866, 0.13450507655578936, 0.997943391958794, 0.9711003239165465, 0.927918984645138, 0.8560636068039212, 0.18029053716577637, 0.9824396085884936, 0.16565733932217241, 0.9146947318446722, 0.48934082914226296, 0.9659434407567329, 0.5377087626790673, 0.8424751320251933, 0.3191277510787939, 0.7965564162804153, 0.9958355217139354, 0.9798907647310022, 0.9933929471555395, 0.9882313468703781, 0.9798393438791367, 0.9741423480406611, 0.9790799952212336, 0.9738538898827295, 0.9798418628897971, 0.9603763578125369, 0.9302130972311192, 0.9940916057292853, 0.9828044209811057, 0.9451643501640434, 0.962645015698974, 0.8269974258958741, 0.9568766643476857, 0.9548371205900477, 0.9631497254776633, 0.982446358173296, 0.7906576444391551, 0.8861400313229842, 0.9882745437372289, 0.6887806262361194, 0.19494314221987874, 0.5789329939289877, 0.9145668434826747, 0.9627550832909149, 0.9779524630539546, 0.8041685115370707, 0.9150087606912298, 0.9388917982809896, 0.990536502529217, 0.995608789393176, 0.9346746186582559, 0.9909457020502844, 0.9651610857631789, 0.9766759527215308, 0.9767098166336876, 0.9495424769442516, 0.9488894892445194, 0.9772355786535043, 0.9540191855841684, 0.9824357531349197, 0.9230428867148445, 0.9828636882357812, 0.9815321341038854, 0.9768950828185347, 0.9267545945655673, 0.40611956654263004, 0.9789090174362775, 0.990739380362171, 0.9433016505927532, 0.8724322906527853, 0.9585611044469379, 0.8763546344271734, 0.9824605590821233, 0.8026821875608138, 0.9133352728683689, 0.8469930320760888, 0.9824459657089749, 0.9419413860530279], [0.9646114378150413, 0.9059943488273732, 0.92558130718788, 0.8877351310608529, 0.9357997751936012, 0.8896279247873937, 0.9476962325003195, 1.0, 0.8796600515366643, 0.9372953538717052, 0.9361542254654003, 0.9224534443145619, 0.9644274145155118, 0.7893923062141253, 0.1420377551040285, 0.932775705733709, 0.13202940026206123, 0.9525523321204437, 0.9138172240446442, 0.9001794236250423, 0.7345158966597772, 0.14593838545973414, 0.9646109961516962, 0.0002066501552357991, 0.8140716421623398, 0.48043029734248366, 0.9484077999454136, 0.5030167072810989, 0.8101465611051466, 0.2832802467162914, 0.7820802719445689, 0.9459845657455765, 0.9293092388953358, 0.9608187101098405, 0.9436660381586695, 0.9360944276891224, 0.9162861282936341, 0.9587876335930223, 0.9305812838309272, 0.9154459392669303, 0.904618560257912, 0.8293400733113307, 0.9567919598302776, 0.9300228197738153, 0.9254282393869132, 0.8804590308844444, 0.7002663689076701, 0.945231674191865, 0.9375008736591601, 0.9424184462141447, 0.9646171963992574, 0.6574347500504909, 0.8555337025806994, 0.9633436950398969, 0.6627718790330742, 0.029035024047417757, 0.4223809102280507, 0.8785500466958513, 0.9967712575415926, 0.9245288419286124, 0.7895546690009103, 0.8730858925983556, 0.921842970411757, 0.9453584824673411, 0.9580898043926991, 0.8360165659547896, 0.9314134885198632, 0.9339471186371785, 0.8992585543525743, 0.9661753515133293, 0.8570202151529639, 0.8646132969481417, 0.9050605342118325, 0.8959830563783954, 0.9162233943834611, 0.8849457360547455, 0.9172568330664524, 0.9160343434040994, 0.9573636196965924, 0.8984947024660199, 0.24169276740413914, 0.9611410189657705, 0.9483804088748445, 0.9259734193719197, 0.7556202129363808, 0.8607835260638453, 0.8604351931746645, 0.9625994862804326, 0.7378902497284414, 0.8831515500445117, 0.8147911837329633, 0.9646168359041601, 0.8626506030564313], [0.9119040210540112, 0.9757863924986361, 0.9825338033473594, 0.9900020565085137, 0.929917128252836, 0.8775199661083315, 0.963814598733063, 0.8796600515366643, 1.0, 0.9702284986633036, 0.9689126517811557, 0.8720660404466047, 0.9117341523778418, 0.7462915162102502, 0.13432708700430407, 0.9484211574992888, 0.12486617876147521, 0.9486903974734705, 0.9640664615894007, 0.8510151885129622, 0.9585767516505154, 0.13801536078405574, 0.9119033325919776, 0.4105529697109349, 0.9818384087757529, 0.45422256415742046, 0.8965947314222374, 0.4755869884849231, 0.7659097689797857, 0.2678497179382415, 0.739378798853247, 0.974576618216958, 0.9443345817662263, 0.9446584235052262, 0.9566089568778188, 0.9382388972733076, 0.94871533237819, 0.9064111309158863, 0.9254707682510236, 0.9831780344818511, 0.9520085085663718, 0.9929139951226159, 0.9531660502262351, 0.9531528173317552, 0.8748826548843284, 0.9904963883881811, 0.944234466239089, 0.9687290208504489, 0.8862891656521096, 0.8909444145276052, 0.9119130018908741, 0.9218087159789145, 0.8088155174689131, 0.9283796252973965, 0.6580031291616399, 0.4376196653717559, 0.7682351557765028, 0.8795885830621651, 0.8936387058461319, 0.9563690399820121, 0.7464437006784663, 0.889321170184612, 0.8714887369207056, 0.9624192571375825, 0.953033265499866, 0.9947754302636448, 0.9835474177660061, 0.9175140144047573, 0.9963417636522195, 0.9259837793352446, 0.9977043961417766, 0.9982433868955403, 0.987410307036719, 0.9349004270203921, 0.9836523433892499, 0.8859928535422417, 0.9796580277645818, 0.986439876647111, 0.9050638857537905, 0.8494214883409761, 0.625232344841642, 0.908631595942519, 0.9533467906612091, 0.8753943419361048, 0.9694224137142213, 0.9908545777743422, 0.8134441450822065, 0.9100064205602111, 0.6976040994658761, 0.9502670971856679, 0.7702993721315228, 0.9119124394384935, 0.9671367812705164], [0.971658061408548, 0.9690151061864083, 0.9863244315436615, 0.9699000702944667, 0.9652468544806074, 0.9143679959271698, 0.9887552833080581, 0.9372953538717052, 0.9702284986633036, 1.0, 0.9851654472945292, 0.9292026203279206, 0.9738010006572592, 0.7989341441655456, 0.14310888459966908, 0.9776865184221352, 0.13302766679264866, 0.9835874121145437, 0.9705492605811872, 0.9090343118633307, 0.8721827794163902, 0.15349557839987682, 0.9716575093582426, 0.20524098932855717, 0.926068983680246, 0.4839690180452103, 0.9553421052152282, 0.5119065988343577, 0.8196247005357864, 0.29162635797344694, 0.7878142678660134, 0.993006976094496, 0.970381297640842, 0.986028024343017, 0.9830183017668792, 0.9705742707646863, 0.9657639281930888, 0.9663227393036504, 0.9617915959398253, 0.9809686544980065, 0.9596038369048762, 0.9400397926163644, 0.993486828147717, 0.9835520637855757, 0.9327364929560575, 0.9663481336570273, 0.8463968362256106, 0.9593614152046118, 0.9443583619469391, 0.9718941381252961, 0.9716652609995313, 0.8122786086876698, 0.8648190058356093, 0.9792118347694818, 0.6833314408391441, 0.23418671347468978, 0.6098019072447619, 0.9094755329923109, 0.9564105979282375, 0.973073244760906, 0.7953426875081483, 0.9117677277493587, 0.9285876413334588, 0.9865985761188599, 0.9887190588137903, 0.9444304180153582, 0.9898539660649566, 0.9580584649421349, 0.9792623544300489, 0.9653571712389518, 0.9589255589386145, 0.9574175079386852, 0.9808347996082459, 0.9476716168954501, 0.9950308677547153, 0.9605266015136062, 0.9808503974770659, 0.9829131850873231, 0.9774377595781049, 0.9074489255034293, 0.447534618885431, 0.9681667645199157, 0.9840774452607226, 0.932789987437969, 0.8885942993390107, 0.9556839567427715, 0.9197814528654475, 0.9700562006224095, 0.7433025268578839, 0.9160042177103941, 0.824259092870888, 0.9716648102005728, 0.9447122469862492], [0.9704774538057197, 0.9718774042935445, 0.9862510524455064, 0.9702343567853947, 0.9710681978571257, 0.9568604858086744, 0.9900393374489252, 0.9361542254654003, 0.9689126517811557, 0.9851654472945292, 1.0, 0.9337727673837466, 0.9702955588665529, 0.8157797983327211, 0.14292503470534923, 0.9723644236717043, 0.13285630469804233, 0.984406192270828, 0.9692862830871638, 0.9186712435356296, 0.8723153869678779, 0.1839488284722247, 0.970476765936045, 0.20465249624621218, 0.9247662560439219, 0.5839501156807845, 0.9541793092291668, 0.5358505342769726, 0.8354260758209626, 0.32090160726465755, 0.8063033348165435, 0.9917361255906376, 0.9758110620994149, 0.9849624227031579, 0.9829273283955438, 0.9747604741856158, 0.9719436877112457, 0.9676360175808079, 0.967980923211164, 0.9796804689976344, 0.9668212967268942, 0.9400113826280131, 0.986852444098057, 0.9792980814488356, 0.9341395168048364, 0.9671276650632405, 0.8451370652732798, 0.9580866438303408, 0.943209737565009, 0.9520356974878931, 0.9704864264747985, 0.8110455692478247, 0.8780895963242961, 0.9780081775248648, 0.6827304733190844, 0.23356358779556796, 0.6087566391528577, 0.9083271416151294, 0.9510310165642963, 0.9801479978036032, 0.7943714618644048, 0.9102518187983295, 0.9274570296119293, 0.9853440733224795, 0.9878406461546283, 0.9438720369033488, 0.9893222401615452, 0.9568650530367273, 0.9797423693920175, 0.9698878339880003, 0.9569243866457374, 0.9561012366729534, 0.9774495089604398, 0.9522985929035609, 0.9825697355754726, 0.9153858282900189, 0.982748989862128, 0.9816197821152002, 0.9653400895315359, 0.9176269609991727, 0.44082564277734615, 0.9669915793323897, 0.9881314210658346, 0.9318519516000295, 0.8873044857560906, 0.9573747421500015, 0.8656793525267762, 0.9708812020031481, 0.7549500967140892, 0.9205915263394092, 0.8398507759482097, 0.9704858645580091, 0.9434362143793028], [0.9562786148826815, 0.8906138548574728, 0.9175904481103833, 0.880072809491199, 0.9277202442810586, 0.8819476339347508, 0.9627284764029258, 0.9224534443145619, 0.8720660404466047, 0.9292026203279206, 0.9337727673837466, 1.0, 0.9560969711426084, 0.7825793674649556, 0.14082046363893985, 0.935636038906496, 0.13089867787384457, 0.9751107548217066, 0.9059281128787082, 0.8924075377739206, 0.7281791751453576, 0.144687548279411, 0.9562781248122982, 0.0002149029527469537, 0.8070463048732957, 0.47628845864809155, 0.9402166776911526, 0.4986820956111804, 0.8031539570039533, 0.2808424010919621, 0.7753304557335731, 0.9378153949426546, 0.9212862429428005, 0.9525204250210213, 0.9355183731221844, 0.9280129996619838, 0.9083756502701232, 0.9505075644577168, 0.9225467451437499, 0.9075428940362174, 0.8968096658099254, 0.8221821007415621, 0.9485293018981806, 0.9219939947950396, 0.9174379094416553, 0.8728596735115723, 0.6942247172072117, 0.8808778024218726, 0.9294050101530017, 0.9342813306486134, 0.9562850054639085, 0.6517636209003246, 0.8481487540557129, 0.9550229183562936, 0.6609941425325665, 0.02879438409633106, 0.4187413963735973, 0.8709665697948331, 0.9371118124083985, 0.9165488439228743, 0.7827400758235902, 0.8655499486547886, 0.9138827353613946, 0.9371955202178018, 0.9525539392113669, 0.8288004797040388, 0.9233716529439889, 0.925882969256216, 0.8914959400971576, 0.9293252161602227, 0.8496232167290504, 0.8499524160726153, 0.9031530431400675, 0.8882494767136295, 0.9083140397672094, 0.8840016165288648, 0.9093382577089434, 0.9081257619732063, 0.9490956511532044, 0.8907371719685988, 0.2396151224066051, 0.9528397867005932, 0.940192210499247, 0.917977666946039, 0.7490992631923161, 0.8896988097597762, 0.8530069316258572, 0.9542848938481552, 0.9198616536793129, 0.8153410794813073, 0.807758219974864, 0.9562846053587014, 0.855205552500263], [0.9998030478816624, 0.9311257897252246, 0.9593312697808533, 0.9201015758332138, 0.9699243764833936, 0.9220700053751046, 0.9822537250467643, 0.9644274145155118, 0.9117341523778418, 0.9738010006572592, 0.9702955588665529, 0.9560969711426084, 1.0, 0.8181715119122664, 0.1471938587934809, 0.9676008944463915, 0.13681954635042604, 0.9872908367491784, 0.9471399281515778, 0.9330088111934741, 0.7612848483752965, 0.15123554499221792, 0.9998030137280653, 0.00018626199361904128, 0.8437521156504032, 0.49793616371845495, 0.9830040314226313, 0.5213405112670477, 0.8396859442122105, 0.2935909429449781, 0.8105936308554648, 0.9804848296660768, 0.963193514314635, 0.9958625725332855, 0.9780766479773024, 0.9702279027611517, 0.9496986323793363, 0.993755248169269, 0.9645153465354853, 0.9488251452070547, 0.9376016555444164, 0.8595749264723507, 0.9925974491873252, 0.9653876167289281, 0.9591766563356987, 0.912558216882968, 0.7257889532277004, 0.9209465857699439, 0.9716935932558415, 0.9804842105956565, 0.9998034863225248, 0.6813928558210237, 0.8867251250893574, 0.9984839752982982, 0.6869301879678444, 0.030065196183345355, 0.43776367925430804, 0.9105830658818059, 0.9804641865821945, 0.9582351065380984, 0.8183418285691797, 0.9049790700889752, 0.9554646278096082, 0.979833645262226, 0.9930339897347887, 0.8664975874411442, 0.9653779688560455, 0.9680064685570645, 0.9320435500498928, 0.9716042093821294, 0.8885559531022056, 0.8886103138875833, 0.9385914296948427, 0.9286532314128153, 0.9518293743866573, 0.9247215472648335, 0.950704385489565, 0.9494379358120094, 0.9944270195341853, 0.9312600721963851, 0.2514691311433752, 0.9961974873222175, 0.9829602174554792, 0.9597440116585454, 0.7831678197103256, 0.8921663485550521, 0.9007744582843419, 0.9977142556160697, 0.7647934422744825, 0.8524158851467925, 0.8444998959969843, 0.9998034592507086, 0.8941026681831021], [0.8183195036191587, 0.83902574607367, 0.8077289894703799, 0.7835112278049172, 0.7939124552173893, 0.7547435870044642, 0.8223879676042589, 0.7893923062141253, 0.7462915162102502, 0.7989341441655456, 0.8157797983327211, 0.7825793674649556, 0.8181715119122664, 1.0, 0.12056704025580145, 0.791351907013915, 0.11207774127518688, 0.8081153616656203, 0.775266474640173, 0.9628497629700193, 0.6493055513390833, 0.6919171400479988, 0.8183185404948031, 0.000249205655118212, 0.6906618562159568, 0.4076290854691831, 0.8045855716007241, 0.8823148409951898, 0.9987317523365691, 0.7897091219331006, 0.6635177945116931, 0.8025408043649429, 0.9118880003678446, 0.8180903995791334, 0.8206243313234232, 0.8831486930604929, 0.9149245208688361, 0.8594850496895299, 0.926559943451926, 0.7766510413590938, 0.7674698265845762, 0.7274237497923575, 0.811708947266165, 0.892780033527949, 0.8321562743904353, 0.7856055745871829, 0.5941236058378372, 0.7538368306512232, 0.7953424108703386, 0.8588421102802587, 0.8183320707610378, 0.5577919220519405, 0.9912893760051998, 0.8172535752146957, 0.5623148327375911, 0.02470711691755889, 0.3583918871370311, 0.7453553145649425, 0.8019377916802362, 0.8405452326680924, 0.6698567022424567, 0.7407216152409398, 0.7820609909432555, 0.8020155871958422, 0.8128050372915518, 0.7233031689103634, 0.80418064822633, 0.7923357423013775, 0.7960665782124348, 0.9016369313060701, 0.7465333072101483, 0.7273740007631093, 0.7804655423973594, 0.8686622191620393, 0.8115651680630982, 0.7507757542258906, 0.837201951061647, 0.7771456561974414, 0.8450743528123897, 0.9713723083617781, 0.2051132505981479, 0.8153902342874684, 0.8393459360862553, 0.7892176999116083, 0.6410724924070904, 0.7409614341364923, 0.7299769827281583, 0.853756238343175, 0.6260288610910838, 0.8061638323893763, 0.9988750486549645, 0.8183312835199587, 0.7318735635130758], [0.14720085625817403, 0.13718903483625888, 0.14133201602482748, 0.16377413545487007, 0.14288309478892536, 0.13583484350628217, 0.1446983026014651, 0.1420377551040285, 0.13432708700430407, 0.14310888459966908, 0.14292503470534923, 0.14082046363893985, 0.1471938587934809, 0.12056704025580145, 1.0, 0.14243234391783355, 0.020299547196471646, 0.14542160297890483, 0.3445521144153959, 0.13743493919353877, 0.11223278419461036, 0.02242355341593283, 0.14719920044300205, 0.00018855602042366915, 0.12433694477070689, 0.07344027894530158, 0.14475355854545635, 0.07692239272071211, 0.12372282342121332, 0.04336936709025441, 0.11944833807519983, 0.14441280571647863, 0.14190612437907013, 0.14666215001110938, 0.1440847583031264, 0.14293840015735126, 0.13990964367144276, 0.1463634785555954, 0.14208647697946963, 0.139790150071729, 0.13814582757255733, 0.1266684242962821, 0.14606277092128273, 0.14201648243000486, 0.14129117249183576, 0.13447261467147742, 0.1069912312803657, 0.1356905177047263, 0.14311290553993494, 0.14389262730530739, 0.14722247119217913, 0.1004643756968363, 0.13065739077763094, 0.1470301589877011, 0.1012624602270753, 0.004592186057626457, 0.06460341375048406, 0.13416682003242775, 0.1443000102516505, 0.14120013524389763, 0.12058419138357623, 0.13333563224120848, 0.14072590400208618, 0.144329874538761, 0.14624857679494663, 0.12767660171330641, 0.14221246013792566, 0.14258895658384574, 0.13733478144490818, 0.143124969654298, 0.13089850387104307, 0.1309375574449394, 0.13822586656348212, 0.37033075067631027, 0.13991531551435732, 0.13512942694602836, 0.1400610727761089, 0.1398682528072258, 0.14613854502028456, 0.13718335866015385, 0.037042841250435776, 0.14670769429202657, 0.14481344379063976, 0.14136237772583782, 0.11541396487115851, 0.13146746309518553, 0.13137728348837896, 0.14691010641255686, 0.1127004449582013, 0.12564844354532378, 0.12443004935730384, 0.1472211166615761, 0.1317515937405871], [0.9669683005372195, 0.9506086622623643, 0.9703793579892589, 0.94954732648159, 0.9569640417132105, 0.9062503970950578, 0.979838486119866, 0.932775705733709, 0.9484211574992888, 0.9776865184221352, 0.9723644236717043, 0.935636038906496, 0.9676008944463915, 0.791351907013915, 0.14243234391783355, 1.0, 0.3190626423219687, 0.9778733259946805, 0.9556816551247518, 0.9024001163696164, 0.8408132146292849, 0.14634330248207328, 0.9669675809090071, 0.16251503911046017, 0.9000161410451348, 0.4816451013614178, 0.9507334956033562, 0.5042981506806797, 0.8121548662548599, 0.2840178050809874, 0.7840217386227574, 0.9800520938067329, 0.9576168228452397, 0.9775426039634916, 0.9714935106506437, 0.95947171816369, 0.951162780366243, 0.9611426142858294, 0.9509548559235124, 0.9642638578482399, 0.945133313457062, 0.913991951889246, 0.9802637862963534, 0.9645610538593982, 0.9277092212171489, 0.9673551089646971, 0.8136100720838879, 0.9572820444222931, 0.9398052193065419, 0.9523956386415544, 0.9669776878277724, 0.777819466901051, 0.8576519328052108, 0.9726900921342172, 0.6773522793232384, 0.19134057453741038, 0.5693371416783994, 0.9001082887870863, 0.9490735846136984, 0.9593757933249403, 0.7915133320998393, 0.9006463636857847, 0.9241107719056125, 0.9748531001119557, 0.9794894764763084, 0.918923517611996, 0.9744445669488151, 0.9499224341007585, 0.9592961251961885, 0.9569243437853503, 0.9381351524420054, 0.9337067922564084, 0.9638117743522889, 0.9329413000171299, 0.9694909625360714, 0.9230397926094309, 0.9640102884487891, 0.9866053618435502, 0.964151905069185, 0.9007105362533441, 0.40125105069130385, 0.9634976098661617, 0.9731675992265425, 0.9282522120987722, 0.8583625314255652, 0.9394141896015256, 0.881096664592191, 0.9649556850936065, 0.7637602501831867, 0.8957110434942804, 0.8168097319386701, 0.9669770999255736, 0.9247385677964384], [0.1368244037238271, 0.12752753639585568, 0.1313770709735087, 0.12602994681014623, 0.13791813339750403, 0.1262668199447463, 0.13450507655578936, 0.13202940026206123, 0.12486617876147521, 0.13302766679264866, 0.13285630469804233, 0.13089867787384457, 0.13681954635042604, 0.11207774127518688, 0.020299547196471646, 0.3190626423219687, 1.0, 0.13517585698544032, 0.12970419673298916, 0.1277532910338901, 0.10433453458558661, 0.02085750150224075, 0.1368227452717814, 0.00019021370497596113, 0.11558261714998164, 0.06827554496893729, 0.1345521039574199, 0.07151561858831312, 0.11501021137288059, 0.04032574889457319, 0.11103771577426214, 0.1342375943674855, 0.13191103410857918, 0.13632697795298754, 0.1339350146234216, 0.1328704905944018, 0.13005480760566146, 0.13605040121046252, 0.13207757345763216, 0.12994432028603042, 0.1284167368739928, 0.11774935009536325, 0.13577120850482793, 0.13201390840011984, 0.13133765164020206, 0.2416133525351919, 0.09946114367843606, 0.20832737010026503, 0.13302905533591203, 0.13375618587502902, 0.1368460531582183, 0.09339521541545603, 0.12145623120894844, 0.13666767347229536, 0.09413606573346367, 0.004283752081256753, 0.06006332528702063, 0.1247183117722227, 0.1341325769376449, 0.1312571782994254, 0.11209310963754227, 0.12394607234688793, 0.1308106851668559, 0.1341617058151272, 0.13594291862482955, 0.11868560112081261, 0.13219455157969673, 0.1325436857678436, 0.12766322014485942, 0.14076181717042813, 0.14398265428521173, 0.12171691328466183, 0.1418422068218934, 0.12719209946471433, 0.13006127705519965, 0.1256119913585303, 0.13019592615465947, 0.23872860481096259, 0.13584078279363299, 0.12751961380851917, 0.034446868245518125, 0.13636901025932524, 0.13461295723019084, 0.1314027305848291, 0.10728810716076187, 0.1318408436351155, 0.1221232362178073, 0.13655557599851098, 0.10476534488545441, 0.1321294724644544, 0.11566734708535553, 0.13684469646130193, 0.12247463148988036], [0.987479779895458, 0.9558580442217486, 0.9782841510785786, 0.9519140102419705, 0.9709289407752222, 0.9211615971298845, 0.997943391958794, 0.9525523321204437, 0.9486903974734705, 0.9835874121145437, 0.984406192270828, 0.9751107548217066, 0.9872908367491784, 0.8081153616656203, 0.14542160297890483, 0.9778733259946805, 0.13517585698544032, 1.0, 0.964140940430959, 0.9215276228607368, 0.8275094596206413, 0.14941446373500855, 0.9874794056750369, 0.11760911978301336, 0.8940930140218005, 0.49183469094702725, 0.9708951446507583, 0.5149606337593075, 0.8293621693681711, 0.29001217119552436, 0.8006303760621942, 0.9913764587209473, 0.9701632399860525, 0.9939909979676353, 0.9844894297846452, 0.9735316528218259, 0.9616087408775412, 0.9815191252778225, 0.96572580573364, 0.9708337998870766, 0.9537614007371239, 0.9087597312436101, 0.9933914162792276, 0.9732243386079166, 0.9473727007716815, 0.9465737950430053, 0.7976081297657965, 0.9464414247495639, 0.9597297519981027, 0.9647637799665648, 0.9874846578686471, 0.7589291422453575, 0.8758222209820845, 0.9912371931966198, 0.6889004211348555, 0.14706715580901009, 0.5379405375500959, 0.9134080122401053, 0.9676881706910058, 0.9700061258827969, 0.8082819420316055, 0.9120770050835872, 0.943701944393467, 0.9874269440315311, 0.9953176813994863, 0.9143221078365755, 0.9829672244430987, 0.9659853664904302, 0.9624053754140816, 0.9710241767038867, 0.9309794632155733, 0.9313846663853014, 0.9663472983005731, 0.9423648415690425, 0.9715551384821902, 0.9224689422979706, 0.971192390880452, 0.9722110811435442, 0.9800619725918848, 0.9198008192472673, 0.36092612503378096, 0.983927341686846, 0.9871060168543706, 0.9479298205734952, 0.846510882126223, 0.9449405910669023, 0.8808410524607756, 0.9854208870463232, 0.82319575517674, 0.8913622227560986, 0.8341160613908094, 0.987484352569983, 0.9264790420051011], [0.9473161430319716, 0.9575165210220142, 0.9729525392522128, 0.9674200847291068, 0.945943580787759, 0.895395389288717, 0.9711003239165465, 0.9138172240446442, 0.9640664615894007, 0.9705492605811872, 0.9692862830871638, 0.9059281128787082, 0.9471399281515778, 0.775266474640173, 0.3445521144153959, 0.9556816551247518, 0.12970419673298916, 0.964140940430959, 1.0, 0.8840579001101098, 0.8785068497440222, 0.14336407312136812, 0.9473153865476205, 0.2443039812635346, 0.9257334935235552, 0.4718517201916903, 0.9314102639216216, 0.49404308963063226, 0.79564629089125, 0.27824046812833214, 0.7680850799069042, 0.9767811779063638, 0.9517963062887155, 0.9652108280301583, 0.965122587374947, 0.9510180292110794, 0.948934411929382, 0.941608950498273, 0.9411083589515501, 0.9690818100374419, 0.9459972799502264, 0.9387311846189509, 0.968582367111379, 0.9573410221853987, 0.9088536482286776, 0.9587507000692308, 0.8555981684621016, 0.9491963137787911, 0.9207043236114844, 0.9255402945540706, 0.9473260116110285, 0.824281010892907, 0.8402200991267819, 0.9565860692498412, 0.6696025397079659, 0.27250500309397063, 0.6342683360139977, 0.8919778766431425, 0.9283391107699044, 0.9569497344419203, 0.7754243742295701, 0.895473503936618, 0.9053283234613818, 0.9692879258322848, 0.9690470037214763, 0.9426398573811624, 0.9760027713723854, 0.9377873356759261, 0.9701185957172477, 0.9442828878215432, 0.953200105963445, 0.9536593162895549, 0.9672416029887826, 0.9811364655626832, 0.9696907926489706, 0.8984705838255719, 0.9677473910260459, 0.9712678660598418, 0.9402090353849258, 0.8824036229068785, 0.47336406913867346, 0.9439163120155248, 0.9651620826306253, 0.9093858756965204, 0.8938131191695085, 0.9507044552113477, 0.8450278894287242, 0.9453443053833749, 0.7246871393740244, 0.9104680978524824, 0.8002068888967085, 0.9473253935389139, 0.9373800241298588], [0.9331827786293926, 0.9154598106691463, 0.908996391567132, 0.8771370611871488, 0.9053237959215831, 0.8606554361448158, 0.927918984645138, 0.9001794236250423, 0.8510151885129622, 0.9090343118633307, 0.9186712435356296, 0.8924075377739206, 0.9330088111934741, 0.9628497629700193, 0.13743493919353877, 0.9024001163696164, 0.1277532910338901, 0.9215276228607368, 0.8840579001101098, 1.0, 0.7263599569345003, 0.483739254308727, 0.9331820391809608, 0.00022655271671456756, 0.7875661658142253, 0.46479818046215593, 0.9175113025592722, 0.7613275903147066, 0.9715464747937342, 0.6053183860754467, 0.7566163491826247, 0.915172672665088, 0.9735042580905253, 0.931313293854056, 0.9250177078130012, 0.9592667620513428, 0.9693978570470181, 0.9553473810447175, 0.9829320319448741, 0.8856354936811057, 0.875162141811475, 0.8166962512541226, 0.9256282212857914, 0.9623065322606276, 0.9236574416149453, 0.8750831153398176, 0.6774731100917902, 0.8596135092496969, 0.9069641877994831, 0.9474949649866751, 0.9331924249160181, 0.6360386591469098, 0.9877504252428125, 0.93196051428474, 0.6411983379932938, 0.028116513691843426, 0.4086442385615706, 0.8499425828242229, 0.9144848814267479, 0.9283018371709896, 0.7638463305569941, 0.8820817765927895, 0.8918166701638726, 0.914569132452515, 0.9268814772058421, 0.8172556415947715, 0.9095164647416956, 0.9035294716932911, 0.8899631647548917, 0.9710198546813826, 0.8408379514982527, 0.8294373733848787, 0.8831991412167356, 0.9322428803231593, 0.9070425434607327, 0.8561273479555933, 0.922972770802245, 0.8862024892264834, 0.9460085819938003, 0.9953269416370963, 0.2338452088040881, 0.9298322327134075, 0.9384560931503504, 0.898015065758085, 0.7310189309200561, 0.8391924852116625, 0.8324133744317783, 0.9536327614536162, 0.7138649907960629, 0.8610234566888036, 0.9737507705818778, 0.9331918207690653, 0.8345627212241215], [0.7614174513455898, 0.9136912038967334, 0.9010970579975359, 0.946850319588502, 0.812309123338084, 0.7595123293727817, 0.8560636068039212, 0.7345158966597772, 0.9585767516505154, 0.8721827794163902, 0.8723153869678779, 0.7281791751453576, 0.7612848483752965, 0.6493055513390833, 0.11223278419461036, 0.8408132146292849, 0.10433453458558661, 0.8275094596206413, 0.8785068497440222, 0.7263599569345003, 1.0, 0.16023790430718932, 0.7614161948488168, 0.643964947303676, 0.97558762579457, 0.379326860364985, 0.7596604580737668, 0.43320700965767356, 0.6641890371826883, 0.2671605184863326, 0.6174123442980586, 0.8726738235962206, 0.8465735094400568, 0.8156795376581735, 0.8476862074265034, 0.8295741349678678, 0.8635909767486726, 0.7650242473783084, 0.8171692115784629, 0.9073620606217383, 0.865976583776887, 0.9842559773393471, 0.831588486234893, 0.8583531643198885, 0.7342593751695646, 0.9461737074630991, 0.9955501002556908, 0.90335433115578, 0.7400529669489706, 0.74864409984536, 0.7614338487732681, 0.9900842295336344, 0.6963830928074833, 0.7898390855124311, 0.5725214783680307, 0.6664294808057171, 0.9122214624449634, 0.772206212997447, 0.7461901085496256, 0.8634522465163107, 0.6579661203164034, 0.7919470617100407, 0.7276965590785417, 0.8540389441910355, 0.8310739944073734, 0.9817680407430941, 0.8979674060509929, 0.7915081695248871, 0.9418679222967421, 0.8107991598277533, 0.9722250619688102, 0.9712995458533774, 0.9222089429804795, 0.8537088037292395, 0.9102772258057567, 0.7760548179695861, 0.9113033992012171, 0.9120675877006461, 0.7583271011061736, 0.7258178678076395, 0.8132293765774916, 0.7587014810719297, 0.8404652361386585, 0.7312489155211681, 0.9966580545114958, 0.9581728879189069, 0.6792417820895433, 0.7627775380787204, 0.5825301379471052, 0.9338750121796034, 0.6675530392320127, 0.761432821468266, 0.9237016293967255], [0.15124325037162534, 0.27314253524538823, 0.18387870529770867, 0.19151553220218387, 0.14680645387670221, 0.13956518329176326, 0.18029053716577637, 0.14593838545973414, 0.13801536078405574, 0.15349557839987682, 0.1839488284722247, 0.144687548279411, 0.15123554499221792, 0.6919171400479988, 0.02242355341593283, 0.14634330248207328, 0.02085750150224075, 0.14941446373500855, 0.14336407312136812, 0.483739254308727, 0.16023790430718932, 1.0, 0.15124159534417259, 0.0001941189146845712, 0.12775182187407008, 0.07545770653572714, 0.1487289110638652, 0.8624550823752146, 0.6627045237468604, 0.9893327297877701, 0.12272853227306246, 0.14837801970701936, 0.35816748855830904, 0.15580071607884094, 0.18250530251070063, 0.29990081852065464, 0.3803446014329702, 0.22964229274358472, 0.3817404531518902, 0.14362842317183921, 0.14193907606286205, 0.17109864966046862, 0.15007312002168238, 0.32437401801912746, 0.22608474293403313, 0.2045953936626177, 0.10992902953998307, 0.1394170215282201, 0.14704277322074644, 0.24986016958841528, 0.15126485499225506, 0.10322288242946542, 0.5908044395863901, 0.15106755488067303, 0.1040437603462886, 0.004718550380138797, 0.06637