"[[1.0, 0.0, 0.10397151655149428, 0.0, 0.0, 0.0, 0.18898783582410172, 0.0, 0.0, 0.050333265347718426, 0.02530837790395135, 0.0, 0.028235679195066754, 0.0, 0.0, 0.0, 0.0, 0.0, 0.0, 0.0, 0.0, 0.0, 0.0, 0.0, 0.0, 0.0, 0.0, 0.0, 0.0, 0.0, 0.0, 0.0, 0.004771063409184095, 0.0, 0.0, 0.10604539728315088, 0.03497780685020824, 0.0, 0.0, 0.010939005890034936, 0.0, 0.12909644015310417, 0.007667223750057572, 0.06571985917258971, 0.006250427093612343, 0.1448466295383527, 0.15678423672535224, 0.0, 0.0, 0.0, 0.0, 0.004978570995642584, 0.0, 0.09649571255620204, 0.0, 0.0, 0.38776009042861304, 0.0, 0.0, 0.2905902888789711, 0.0, 0.028058516608053474, 0.0, 0.10958419389452423, 0.0047244645816437725, 0.0, 0.0, 0.0, 0.0, 0.0, 0.0, 0.0033469610629063284, 0.0, 0.0, 0.0, 0.0, 0.0, 0.0, 0.0, 0.23484977705118093, 0.0, 0.02387544592283275, 0.0, 0.1407996037600472, 0.0, 0.00982809699514764, 0.0, 0.0, 0.0, 0.0, 0.05071343663850891, 0.0, 0.0], [0.0, 1.0, 0.15966912452124127, 0.09980441056696954, 0.0, 0.0, 0.18100322052699036, 0.0, 0.11610657764538646, 0.0, 0.0, 0.0, 0.0, 0.0, 0.0, 0.018945429374281453, 0.0, 0.018266251637861997, 0.0, 0.0, 0.0, 0.0, 0.0, 0.0, 0.0, 0.0, 0.0, 0.0, 0.0, 0.0, 0.0, 0.0, 0.0, 0.021735192483650412, 0.013304527673616895, 0.0711337021164844, 0.4181598845653969, 0.042979717495498004, 0.0, 0.0, 0.0, 0.0, 0.05032458911645765, 0.0, 0.0, 0.0, 0.0, 0.0, 0.07400045717098813, 0.0, 0.018573273364305587, 0.07668298929512907, 0.0, 0.0, 0.0, 0.01656718525985168, 0.37820281975060965, 0.0, 0.0, 0.17960933563949433, 0.0, 0.0, 0.0, 0.0, 0.0, 0.0, 0.0, 0.0, 0.0, 0.0, 0.032348951004151805, 0.0, 0.0, 0.0, 0.0, 0.0, 0.0, 0.10987616770877418, 0.07054966834065601, 0.13106474354848674, 0.0, 0.0, 0.08107948851404101, 0.0, 0.007998607195741081, 0.0, 0.0, 0.0, 0.0, 0.0, 0.3335454132206863, 0.04178862678937367, 0.0], [0.10397151655149428, 0.15966912452124127, 1.0, 0.4514212421564848, 0.823404892737045, 0.19593417045880446, 0.8758456920709827, 0.2494414499730777, 0.8923300101758445, 0.9000448289012588, 0.1978704785571631, 0.0, 0.8290275991337868, 0.0, 0.0, 0.8040154668748345, 0.017840532255038344, 0.8315122300493537, 0.01592814826540556, 0.0, 0.8426398542193199, 0.0, 0.016849281525892823, 0.03171910391432775, 0.010637971294843451, 0.0, 0.0, 0.0, 0.0003120176283736287, 0.07220100355635184, 0.027558110975429706, 0.828640258132801, 0.43900357781650645, 0.8221072970641347, 0.2266542465403132, 0.43130493343445164, 0.1757516018723262, 0.5197231504286963, 0.053289481318137266, 0.8199418319649776, 0.05346499377023983, 0.7888015785426478, 0.26388095578806325, 0.8362805341945624, 0.0488567527293422, 0.2523351082155517, 0.7191677141965871, 0.10993952775019578, 0.0638414320874291, 0.1506546087436177, 0.18595359989899396, 0.8493475346386237, 0.46224807520826783, 0.2350901504040307, 0.013272289401541237, 0.009350157308220197, 0.18512796394666753, 4.992058521158249e-05, 0.021723944870497336, 0.1368653213085752, 0.0, 0.017804672212957007, 0.19715612599711396, 0.8143742464069613, 0.8282659100779534, 0.8524947345174058, 0.8530888310392474, 0.7027869856080219, 0.9023831665294926, 0.4730478994967633, 0.8313210901826528, 0.8258090097019348, 0.8089972151252813, 0.0, 0.7616282340339157, 0.4918737731484153, 0.46232544730782843, 0.8177144742734226, 0.6190802643416955, 0.7993940908562286, 0.26223487360456843, 0.49477687363480094, 0.8699333344354457, 0.3731533425417801, 0.39298636856124103, 0.32790586718864967, 0.2897957608827394, 0.3106466874827023, 0.0, 0.036084352801338704, 0.3257483319994543, 0.34737803502545606, 0.2890940193893907], [0.0, 0.09980441056696954, 0.4514212421564848, 1.0, 0.12592114811708655, 0.29241165451997553, 0.20603500014597387, 0.22544873350902306, 0.3714733500629024, 0.4797364577374603, 0.28673880140149377, 0.0, 0.14075954455169604, 0.11001406905410294, 0.06171450012985935, 0.16215177272544645, 0.0, 0.11843248473610712, 0.5396970990000316, 0.08169431284444473, 0.17438415821533937, 0.05031493200520187, 0.008354187448487482, 0.05218650577159545, 0.0, 0.051909280771347155, 0.0, 0.033449304233588384, 0.0018810804310014362, 0.0, 0.06992774532694457, 0.14337482051878592, 0.4419431816405146, 0.2306154289178468, 0.27991675848762076, 0.3740683943865061, 0.32938152354222905, 0.5336136409887796, 0.36962739188522087, 0.13063319040982235, 0.2471024174699471, 0.4562915953377522, 0.49455817517551415, 0.15896099735628733, 0.24343517406125725, 0.252043622888384, 0.5439662652482472, 0.0, 0.28389116287107086, 0.29912998726609574, 0.4793268554819541, 0.23957371672295846, 0.2863281138407181, 0.18278682657977252, 0.0, 0.001653478159613253, 0.16476242156521637, 0.007958592220435934, 0.3509139611498817, 0.2828067850362479, 0.08288539321327737, 0.015619667254544445, 0.34573393021865273, 0.4477024913997981, 0.12313621574456612, 0.469501309152787, 0.5277045400679398, 0.28577964689890667, 0.41498308637495973, 0.38591046977404664, 0.4057696870609806, 0.5461790403625411, 0.29885448227706635, 0.0, 0.5533161836493696, 0.13881006296170884, 0.21779650142960438, 0.4571457304409199, 0.4432951256148656, 0.2575035878533112, 0.6594014445896847, 0.38499857285263905, 0.2880842246554569, 0.14429276987754902, 0.27498320540184673, 0.20970065094836088, 0.10872781354198002, 0.11698307653298023, 0.0, 0.09604477262521283, 0.13822393075269135, 0.2648884802497806, 0.10793201193667612], [0.0, 0.0, 0.823404892737045, 0.12592114811708655, 1.0, 0.00044397705762344586, 0.9289731759355341, 0.0, 0.9244147645410637, 0.8293056429987502, 2.582362902958657e-06, 0.0, 0.9894383428411354, 0.0, 0.0, 0.956720936396618, 0.00026253945113474675, 0.9918154626663049, 0.0, 0.009155245929325595, 0.9082343369205731, 0.0709713580476401, 0.0, 0.0, 7.139286819224377e-05, 0.007484838971489438, 0.018522559867682475, 0.0, 7.203111858278266e-05, 0.0, 0.0043643994451914025, 0.9818890676769595, 0.39239316489479026, 0.966079247131256, 0.19366333371407052, 0.20667180281329545, 3.23911829670509e-05, 0.4317132598813527, 0.018333111114908762, 0.9827858723484282, 0.0001837660871094604, 0.7883576831249332, 0.19184057566161428, 0.9673309562855534, 0.00016829841184307082, 0.06413983432406778, 0.6580919304932199, 0.0, 0.01950182249755994, 0.0973747556965937, 0.022420574842115237, 0.9549543296064249, 0.518768891078172, 0.3220691334868446, 0.016637691470477556, 0.004859532494229102, 0.0038369942223873688, 0.013886208672529987, 0.010013679819890653, 0.018978877681203432, 0.09413548315235898, 0.006736421323222386, 0.00019304607491088532, 0.7946413168375234, 0.9886234825470686, 0.9030736447033747, 0.8340679832329678, 0.8419786081894413, 0.8749928833913284, 0.26754901128173336, 0.899156420916853, 0.8084802926459167, 0.9329583525418014, 0.0, 0.7666670687262768, 0.6072864688930313, 0.49096334161544686, 0.7739981850418625, 0.5220257371238982, 0.7319707604692293, 0.0, 0.2718780582966891, 0.7835665421599125, 0.07774729133989866, 0.004788503753888174, 0.026563284154310196, 0.0046301998762999785, 2.884780264700293e-05, 0.0, 0.0, 0.0009333336080289412, 0.044777240338197744, 0.005131647929642824], [0.0, 0.0, 0.19593417045880446, 0.29241165451997553, 0.00044397705762344586, 1.0, 0.05097647792975235, 0.0, 0.006698499903077693, 0.13722803959370133, 0.9978013075054432, 0.0, 0.00035455697681563425, 0.0, 0.0, 0.016441493190123002, 0.0, 0.0, 0.0, 0.015380155827200315, 0.009929156545794293, 0.0, 0.0, 0.0, 0.0, 0.040504271334205866, 0.0, 0.0, 0.00012100710748375043, 0.0003847486745127693, 0.0, 0.0024192366405159094, 0.2091854135281357, 0.0016286719031399777, 0.0002409878924086728, 0.5892010611963557, 0.21473006423849716, 0.007139079551930938, 0.0012676507713965668, 0.0, 0.0010108433624298474, 0.004844857422131588, 0.0015822164489274204, 0.0, 0.0, 0.11098236061216626, 0.2430152292968435, 0.0, 0.003044137328455654, 0.0007293396755257975, 0.0020037034950035615, 0.0028789491007920054, 0.0011328159291420503, 0.027082982601385197, 0.0, 0.0, 0.07719179420113054, 0.0, 0.005361358434114227, 0.32308988857913656, 0.0, 0.0, 0.9807752362341121, 0.0002198341004101545, 0.0009383366414681404, 0.0019215618478782837, 0.0010443983651047262, 0.00016153321203049575, 0.00019909314254284993, 0.3120820834797202, 0.00019403436759135584, 0.026917928055042006, 0.0023295588028232617, 0.0, 0.001074322391703797, 0.009661484469490778, 0.11414590531096847, 0.30337896006567155, 0.002035001072895448, 0.2864106225332065, 0.0, 0.0, 0.06362169875705648, 0.004393714290959139, 0.00846383144393481, 0.0, 0.0003553450229037969, 7.004075245331531e-05, 0.0, 0.02499952107825254, 0.004217956755051766, 0.03781855137637036, 0.0], [0.18898783582410172, 0.18100322052699036, 0.8758456920709827, 0.20603500014597387, 0.9289731759355341, 0.05097647792975235, 1.0, 0.14028081588564545, 0.9094122760518809, 0.8313291558731821, 0.05433912163707544, 0.006793166257167194, 0.93507385573637, 0.023188288283591874, 0.07161191994847527, 0.9064811730184201, 0.0, 0.9353775012328989, 0.024518249516983337, 0.04675721173513303, 0.8293825954565465, 0.0325162028223801, 0.16208207007052988, 0.0065164705589133565, 0.027976906365628107, 0.02309347618389368, 0.019689430927834373, 0.0, 0.0010614249443668955, 0.031097235941047185, 0.005156202144246502, 0.9258546349635943, 0.39979952896215387, 0.9152901468479496, 0.2331153581283365, 0.3064472940269404, 0.1314914387947259, 0.47586806807571913, 0.04979346894495362, 0.9178096093687684, 0.031313799763661776, 0.7916762018253789, 0.23193594215127367, 0.9350520015533785, 0.030593983186220308, 0.13367580990481898, 0.669854497806779, 0.01845306988503459, 0.04217633933157694, 0.13440806928458082, 0.036819149276893115, 0.9031234434804192, 0.5201773580917249, 0.2604671342221856, 0.0, 0.004994916949919825, 0.21195598331459553, 0.0008440471361821356, 0.027447130931638752, 0.15123531274034108, 0.0, 0.015143607686090466, 0.05910232101959112, 0.8113569126373367, 0.9305986326420439, 0.8671609704638765, 0.8313384496282985, 0.7605667696004316, 0.8720178005700007, 0.3500012233193974, 0.859429805361511, 0.7794866743033861, 0.8688110100974263, 0.0, 0.7504209836109416, 0.5388008708245057, 0.509715875818247, 0.7764878452680709, 0.5509482076787913, 0.8215961321626596, 0.0, 0.27431163446048235, 0.7735772800528975, 0.1571941824198595, 0.09621974947569967, 0.029203016070108556, 0.00045533362309002623, 0.027685465955908373, 0.0, 0.0, 0.0893855203549484, 0.06737467386454188, 0.0], [0.0, 0.0, 0.2494414499730777, 0.22544873350902306, 0.0, 0.0, 0.14028081588564545, 1.0, 0.025966193762861356, 0.16436397614762588, 0.0, 0.0, 0.0, 0.0, 0.0, 0.0, 0.0, 0.0, 0.0, 0.0, 0.0, 0.0, 0.0, 0.0, 0.0, 0.0, 0.0, 0.0, 0.0, 0.0, 0.0, 0.0, 0.004014886693208042, 0.0, 0.0059024028818068786, 0.0, 0.016527868986641936, 0.0, 0.0, 0.0, 0.0, 0.027007805845427835, 0.0, 0.0, 0.0, 0.0, 0.0, 0.0, 0.0, 0.025839039599137248, 0.0, 0.0, 0.09152280558136883, 1.750216570284291e-05, 0.0, 0.0, 0.0, 0.0, 0.007099618484272874, 0.0, 0.0, 0.057995136407133496, 0.0, 0.12299515767287461, 0.0, 0.11984679003606191, 0.1564474798163502, 0.0, 0.2701054753533847, 0.4702783512470583, 0.0, 0.025611317275846313, 0.005110824218447552, 0.0, 0.1483330470882902, 0.0, 0.0, 0.0, 0.17453424771759096, 0.16294808423037865, 0.0, 0.0, 0.0, 0.0, 0.29189495794570686, 0.0, 0.0, 0.0644808471363777, 0.0, 0.0, 0.0, 0.0, 0.0], [0.0, 0.11610657764538646, 0.8923300101758445, 0.3714733500629024, 0.9244147645410637, 0.006698499903077693, 0.9094122760518809, 0.025966193762861356, 1.0, 0.8943658327205736, 0.004240913116161371, 0.11676469337227557, 0.9266789328719618, 0.04680692640561879, 0.0402333237608381, 0.9232276302574666, 0.027235561610672754, 0.9220559291361147, 0.1274956577057439, 0.03849969068740022, 0.887038556521099, 0.135337411401679, 0.050426714439199216, 0.012210318701250888, 0.0, 0.0769295734174098, 0.02011243611037139, 0.0, 0.0007766573461078785, 0.0, 0.02137106585192894, 0.9273806976287658, 0.45123115690419846, 0.926763890927245, 0.2653130272319355, 0.2875501358315321, 0.12931081571240333, 0.5656860194558435, 0.12936717462078673, 0.9034295903771433, 0.07182933543480585, 0.8536828906695008, 0.3397819094398504, 0.9177552541990252, 0.06958733339536871, 0.13859627871063196, 0.7141753340181638, 0.0, 0.09320885188749939, 0.17671872708076197, 0.19204604127240654, 0.9367358823290405, 0.5680748137029558, 0.2508857201548309, 0.0, 0.0019235591817384767, 0.08561817272111993, 7.620933920216011e-05, 0.10946770493391744, 0.10539507419274374, 0.0, 0.005728773608200011, 0.01775357118523213, 0.8687603891667816, 0.9226675625134199, 0.9423549277175798, 0.8842992870337218, 0.785680189333711, 0.9131696845852191, 0.3269687283628915, 0.9260470743171318, 0.8932169047402175, 0.9157994505703785, 0.0, 0.8398539685510817, 0.5892604842418417, 0.5058075416892095, 0.8138851760939476, 0.6503979828995731, 0.7187848508824949, 0.16953657566955949, 0.47817582562808836, 0.8770295734522507, 0.26730210046632785, 0.21045213159375298, 0.2181431981547034, 0.1697967260830695, 0.17017982268398968, 0.0, 0.1196179853335031, 0.22340108232017575, 0.2539111869407116, 0.1664951692315767], [0.050333265347718426, 0.0, 0.9000448289012588, 0.4797364577374603, 0.8293056429987502, 0.13722803959370133, 0.8313291558731821, 0.16436397614762588, 0.8943658327205736, 1.0, 0.138559836055403, 0.0, 0.861359984886343, 0.2548151917948793, 0.0, 0.8419858570561816, 0.019342098820989806, 0.8369499075043613, 0.24015300452444055, 0.0, 0.8336462928465606, 0.0, 0.0, 0.15352512976854293, 0.0, 0.0, 0.030602169187074924, 0.0, 0.022407405178419104, 0.0, 0.051691254552549304, 0.8254624591908643, 0.4008287512936496, 0.8446514758813011, 0.19632709588778108, 0.30601758737733864, 0.0808280828096527, 0.47125900157154055, 0.059086624031859825, 0.82960703248358, 0.0128143479576871, 0.7852667258737058, 0.3286508651031239, 0.8342305959306295, 0.0006701873222243471, 0.13155361601844073, 0.6496061264787879, 0.0, 0.010044161055098422, 0.09412766933917649, 0.3076840142601194, 0.8394785945638431, 0.599979624723658, 0.2140927050651915, 0.0, 0.0, 0.07077781566072361, 5.412220210476715e-05, 0.15739056673490093, 0.0862008910344415, 0.0, 0.011401016204792946, 0.15819225563314943, 0.8999130927919374, 0.8447544370083531, 0.9240757040706833, 0.8594390106075437, 0.7299460938447155, 0.8663119569860345, 0.406927551728574, 0.8448116800816011, 0.845845185425674, 0.8244838369454496, 0.0, 0.862403253638445, 0.48116389053980735, 0.4764384906172191, 0.7807467150074354, 0.7516267607375098, 0.709089099213673, 0.17101150576010515, 0.5741218728397001, 0.8771638673277593, 0.32811939947031066, 0.2928738457697979, 0.3319769423213783, 0.27804015229109447, 0.2818179012397801, 0.0, 0.006960867135413662, 0.25774339234068866, 0.3577000589889374, 0.27775019906213294], [0.02530837790395135, 0.0, 0.1978704785571631, 0.28673880140149377, 2.582362902958657e-06, 0.9978013075054432, 0.05433912163707544, 0.0, 0.004240913116161371, 0.138559836055403, 1.0, 0.03402588092599135, 0.0010090173910908273, 0.0, 0.0, 0.021905792238164024, 0.009836094696553777, 0.0, 0.0, 0.0, 0.006538060752252384, 0.0, 0.0, 0.0, 0.0, 0.0, 0.0, 0.0, 0.0, 0.0, 4.827838974985621e-05, 0.0, 0.21142443191566307, 0.00015113698363167227, 0.00046832357785231427, 0.5923337542024957, 0.21947124854223432, 0.0038162684308177264, 0.00021162104983751817, 0.00027684849495857033, 0.0, 0.0032672214934496013, 0.0061499372396732754, 0.0016632630317343633, 0.0001581881709462607, 0.114677484714093, 0.2502254496444103, 0.0, 0.0, 0.0, 0.004868847885229122, 0.004012434136720366, 0.0024128209715537086, 0.030114310910216546, 0.0, 0.0, 0.08666096964512593, 2.752292344365692e-05, 0.0012098313621528023, 0.31881264797897635, 0.0, 0.0009422243368942818, 0.9810737237189923, 0.0029098433867420503, 0.0002582170626329594, 0.0, 0.00028211148101076056, 0.0009655535753436695, 0.0014498957559412329, 0.3124106955354252, 0.00031934905959973836, 0.02347831390695221, 0.0007985998404731465, 0.0, 0.0037659452230315305, 0.0, 0.11227756138896428, 0.3017218647846873, 0.00017423642514302617, 0.29079560891016065, 0.0, 0.006952708777634431, 0.06697443852159224, 0.006754927325277271, 1.1996395936741955e-05, 0.0002487331928299197, 9.80151843505972e-05, 0.0010806074792968356, 0.0, 0.0, 0.006666107626214668, 0.03972183711379296, 0.0], [0.0, 0.0, 0.0, 0.0, 0.0, 0.0, 0.006793166257167194, 0.0, 0.11676469337227557, 0.0, 0.03402588092599135, 1.0, 0.0, 0.0, 0.0, 0.16195307818115467, 0.0, 0.0, 0.0, 0.0, 0.0, 0.0, 0.0, 0.0, 0.0, 0.0, 0.0, 0.0, 0.0, 0.0, 0.0, 0.0, 0.06038366440860965, 0.0, 0.0, 0.07190689815635554, 0.11681647697982234, 0.0890183158771457, 0.0, 0.0, 0.0, 0.0, 0.1709136340824996, 0.0, 0.0, 0.0, 0.09517453630556227, 0.0, 0.0, 0.0, 0.14309248585860834, 0.11214325794361857, 0.06417132093459521, 0.008205345932096542, 0.0, 0.0, 0.0, 0.0, 0.0, 0.10429484515768572, 0.0, 0.0, 0.0, 0.00401004152269524, 0.004074796120884905, 0.0, 0.0, 0.0, 0.04261155674690209, 0.08980261476464169, 0.0, 0.05000399021172253, 0.0, 0.0, 0.110678845647605, 0.0, 0.0, 0.0, 0.0, 0.043336350231611975, 0.0, 0.1768034853985121, 0.13576605730380265, 0.09379677050928426, 0.0, 0.0, 0.0, 0.03175839831001692, 0.0, 0.0, 0.15819231304155923, 0.08480239756311114, 0.0], [0.028235679195066754, 0.0, 0.8290275991337868, 0.14075954455169604, 0.9894383428411354, 0.00035455697681563425, 0.93507385573637, 0.0, 0.9266789328719618, 0.861359984886343, 0.0010090173910908273, 0.0, 1.0, 0.0971949249974734, 0.0, 0.971344150671987, 0.02993242345973779, 0.9907775542849808, 0.017157375951788567, 0.0, 0.8912241807810958, 0.04147727495056319, 0.006058319004462853, 0.02379254989493962, 0.0, 0.0, 0.0, 0.0, 0.00023404491536815897, 0.03625597558992644, 0.008507885372452506, 0.980689920948056, 0.39020281625015785, 0.9660774265081036, 0.20274033306234285, 0.22321263376760803, 0.02616573424896851, 0.4433097761541813, 0.015118164471074502, 0.9790088677109671, 0.007190877163028464, 0.7939256179748568, 0.23329971717194908, 0.9675133413440165, 0.0002793961433561476, 0.07808569775052221, 0.653511188427214, 0.0, 0.012123747209027647, 0.09754424160351283, 0.07642332171434618, 0.9451808906539502, 0.5706927242030834, 0.2761029316839395, 0.010173613230988754, 0.0, 0.01789354667056897, 0.0035391612188695465, 0.02429733880385032, 0.014745032491447652, 0.03598659754119615, 0.002595810653992503, 0.003333305859576474, 0.8312213536176174, 0.9925637542147087, 0.9121001774717763, 0.841592521736848, 0.8319266547148777, 0.8735242919775053, 0.27243756219480564, 0.8987450532794181, 0.8238698732891193, 0.9345132495667196, 0.0, 0.793890890754511, 0.5886904304474498, 0.4986071325445427, 0.7795784771528831, 0.5766492128120245, 0.7400859469537839, 0.0, 0.2824777060246293, 0.7939455015723671, 0.0842151261059334, 0.005932117775991674, 0.027242434434878393, 0.0037998204592688545, 0.007063670989097215, 0.05287919902636973, 0.013624562534539808, 0.0018742671938348776, 0.05707088700084362, 0.0019719185070780076], [0.0, 0.0, 0.0, 0.11001406905410294, 0.0, 0.0, 0.023188288283591874, 0.0, 0.04680692640561879, 0.2548151917948793, 0.0, 0.0, 0.0971949249974734, 1.0, 0.0, 0.09406229634041963, 0.0, 0.01100120378993008, 0.0, 0.0, 0.0, 0.0, 0.0, 0.0, 0.0, 0.0, 0.0, 0.0, 0.0, 0.0, 0.04927024323880458, 0.0, 0.046094528887155595, 0.015267629157021179, 0.060963031617496055, 0.0, 0.18352688850123988, 0.08242773586535812, 0.0, 0.0, 0.0, 0.0, 0.3375860391844958, 0.0, 0.0, 0.0, 0.0, 0.0, 0.0, 0.0, 0.696025464605089, 0.0, 0.6306859833490364, 0.0, 0.0, 0.0, 0.0, 0.0, 0.0, 0.0, 0.0, 0.0, 0.0, 0.3468887972383601, 0.031909263781356834, 0.0913172657727852, 0.0583287606783931, 0.07688296807916506, 0.009223456512557404, 0.02905870479973549, 0.0, 0.15510523189927883, 0.0, 0.0, 0.28486612957313295, 0.0, 0.0, 0.0, 0.6247140156934466, 0.05577559337389171, 0.0, 0.0, 0.1229504111046531, 0.0, 0.0, 0.0, 0.0, 0.0, 0.0, 0.0, 0.0, 0.14046010739593195, 0.0], [0.0, 0.0, 0.0, 0.06171450012985935, 0.0, 0.0, 0.07161191994847527, 0.0, 0.0402333237608381, 0.0, 0.0, 0.0, 0.0, 0.0, 1.0, 0.00889006083663213, 0.0, 0.0, 0.0, 0.0, 0.0, 0.0, 0.0, 0.0, 0.0, 0.0, 0.0, 0.0, 0.008789729045094674, 0.0, 0.0, 0.02645041181036767, 0.0006708504989306752, 0.0, 0.0, 0.07962174967654811, 0.0, 0.0, 0.0, 0.019697702949054707, 0.0, 0.03684904145086021, 0.0, 0.018193110721212102, 0.004669119987135817, 0.12549408896054237, 0.05583308490028516, 0.0, 0.0, 0.0, 0.0, 0.0, 0.0, 0.03078977971971797, 0.0, 0.0, 0.29004437804388217, 0.0, 0.0, 0.09518870137475022, 0.0, 0.0, 0.0, 0.02862993759520127, 0.0, 0.0, 0.019062043098512893, 0.0, 0.023220722194856935, 0.00394959241239079, 0.0, 0.0, 0.0, 0.0, 0.0, 0.0, 0.05027157908062174, 0.0, 0.03319821032692849, 0.09420029279135911, 0.0, 0.017295027096843718, 0.0492961539088147, 0.10662458201809422, 0.1092453238804526, 0.0, 0.0, 0.0, 0.0, 0.0, 0.04202932691482486, 0.028485115376737702, 0.0], [0.0, 0.018945429374281453, 0.8040154668748345, 0.16215177272544645, 0.956720936396618, 0.016441493190123002, 0.9064811730184201, 0.0, 0.9232276302574666, 0.8419858570561816, 0.021905792238164024, 0.16195307818115467, 0.971344150671987, 0.09406229634041963, 0.00889006083663213, 1.0, 0.00827681413744874, 0.9615764712668635, 0.05998573446110467, 0.0, 0.8566866869567377, 0.04303868411367917, 0.00028299255470087825, 0.0, 0.01903758158934732, 0.0, 0.0, 0.0, 0.004975063039426186, 0.0, 0.013406880520335118, 0.9591673304100807, 0.39153964875000913, 0.9510649097730532, 0.19523299333309874, 0.22812927026124963, 0.04766016951605756, 0.43543522707017956, 0.031700023943462385, 0.9628869257481165, 0.01110877874327687, 0.7778477447627932, 0.2720162440117907, 0.9472587368875715, 0.0005810226702451793, 0.10344983068621627, 0.6451888314292776, 0.0, 0.009395847481345254, 0.10304775158225987, 0.1322963217677734, 0.9548400611964549, 0.5754282394999004, 0.27790991225238004, 0.04509803635427445, 0.09942396880132942, 0.07187365659488609, 0.0988542353635582, 0.13031434452321244, 0.09458230430871828, 0.0, 0.10028970470419973, 0.026584261057963854, 0.8076795926179118, 0.9682453736484712, 0.9022600200921216, 0.8205807624666399, 0.8146687893201667, 0.8618280230515158, 0.28524654634738733, 0.8828110400629238, 0.8082004877178448, 0.9230803426371155, 0.0, 0.8019762260995015, 0.5615471057321744, 0.48709025287997276, 0.7644810461844818, 0.5634390380861043, 0.7248706816417457, 0.0, 0.32431959817107137, 0.7968812441941878, 0.09188894929535718, 0.004256845024603106, 0.031338700982759926, 0.005985846312473897, 0.005955115798449762, 0.16048290034624002, 0.005306982968221852, 0.03248155529629193, 0.07075594117624429, 0.00012022563223812455], [0.0, 0.0, 0.017840532255038344, 0.0, 0.00026253945113474675, 0.0, 0.0, 0.0, 0.027235561610672754, 0.019342098820989806, 0.009836094696553777, 0.0, 0.02993242345973779, 0.0, 0.0, 0.00827681413744874, 1.0, 0.0, 0.0, 0.0, 0.0, 0.0, 0.0, 0.0, 0.0, 0.0, 0.0, 0.0, 0.0, 0.0, 0.004908288425361951, 0.0, 0.0, 0.0153655478413256, 0.04761275610902249, 0.0, 0.005967638332158187, 0.08004618081051795, 0.0215147430322844, 0.0, 0.0, 0.0, 0.014274494699835993, 0.0, 0.0, 0.0, 0.00796151066295947, 0.0, 0.0, 0.0, 0.0, 0.007183891704847234, 0.023315681034455138, 0.03106289844385257, 0.0, 0.0, 0.0, 0.0027981555986088535, 0.12299915764096236, 0.0, 0.0, 0.023597657638925074, 0.0, 0.0, 0.0, 0.0, 0.028681248982846075, 0.09816432284674093, 0.0, 0.0, 0.032467058263639936, 0.08618354433864384, 0.08119074339056276, 0.0, 0.0, 0.0, 0.04570299779600495, 0.0, 0.017713984108359893, 0.0, 0.0, 0.033810738751890335, 0.0, 0.0, 0.0012196299758049367, 0.0, 0.00996484757156002, 0.0, 0.0, 0.0, 0.0, 0.0, 0.0], [0.0, 0.018266251637861997, 0.8315122300493537, 0.11843248473610712, 0.9918154626663049, 0.0, 0.9353775012328989, 0.0, 0.9220559291361147, 0.8369499075043613, 0.0, 0.0, 0.9907775542849808, 0.01100120378993008, 0.0, 0.9615764712668635, 0.0, 1.0, 0.0, 0.0, 0.8863094036906409, 0.0, 0.0, 0.0, 0.004555670035027437, 0.0, 0.003533068339862666, 0.03772524969850055, 0.00020585610740930793, 0.0, 0.0036648705617612354, 0.9874247976578797, 0.3850431923341664, 0.9678810314292655, 0.19429730046967109, 0.21241326775867697, 0.00965723037766475, 0.42949236685707204, 0.0014034503466087145, 0.9781008528458677, 0.0005372639224249243, 0.7903186467646875, 0.19797376166320835, 0.972808537493016, 7.57275812162117e-05, 0.06521235653876178, 0.6486139630316264, 0.0, 0.0016461121654637312, 0.09337750546227208, 0.008226659392968516, 0.9481067110061405, 0.516207076606213, 0.24479840429887056, 0.007486298404621672, 0.00030688649018473235, 0.0074489791402797545, 0.0, 0.0024818126052802425, 0.0034077056689252316, 0.0, 0.0013688796648128054, 0.0006146179277108921, 0.7877319038732338, 0.9951033659330865, 0.8957718722239589, 0.8380051052694198, 0.8055206840952478, 0.8734054994766405, 0.27324125276728883, 0.8941864353918308, 0.8042467795904832, 0.9202579621880739, 0.0, 0.7617815865604967, 0.5722499902286311, 0.4879056595725879, 0.7780496607196097, 0.5185212782368823, 0.735378094420697, 0.0, 0.27402292780913484, 0.7909381257174748, 0.07549722376943457, 0.0003226365368831363, 0.02304065642469988, 0.00022863924090876786, 0.0020995146709411605, 0.007761579784305583, 0.0, 0.006092624450543704, 0.042818617718023644, 1.995751991834549e-05], [0.0, 0.0, 0.01592814826540556, 0.5396970990000316, 0.0, 0.0, 0.024518249516983337, 0.0, 0.1274956577057439, 0.24015300452444055, 0.0, 0.0, 0.017157375951788567, 0.0, 0.0, 0.05998573446110467, 0.0, 0.0, 1.0, 0.0, 0.0, 0.0, 0.0, 0.0, 0.0, 0.0, 0.0, 0.0, 0.0, 0.0, 0.0, 0.0, 0.04805524341160161, 0.1058591424994364, 0.009133900551482887, 0.0, 0.0, 0.0, 0.23597222388875172, 0.0, 0.0, 0.16689980713369434, 0.23122594762972282, 0.0, 0.0, 0.04435399701304121, 0.03724741417925703, 0.0, 0.02101246903306564, 0.0, 0.0, 0.04310742373684806, 0.0, 0.0, 0.0, 0.0, 0.1299472193572453, 0.0, 0.5839946369295057, 0.09463090469068935, 0.0, 0.0, 0.08501076136697261, 0.1904838931769406, 0.0, 0.33085458001522183, 0.15967474102886636, 0.09084294440600427, 0.07799116393814842, 0.0, 0.2500603804386542, 0.11736886729687335, 0.14437025215065613, 0.0, 0.2848280552150443, 0.0, 0.18574725349039412, 0.15887600337694463, 0.11969143966214213, 0.0, 0.0, 0.4133357596803464, 0.05982906712864278, 0.01979100193961314, 0.0, 0.11632792762530175, 0.0, 0.0, 0.0, 0.0, 0.0, 0.03789412835658412, 0.0], [0.0, 0.0, 0.0, 0.08169431284444473, 0.009155245929325595, 0.015380155827200315, 0.04675721173513303, 0.0, 0.03849969068740022, 0.0, 0.0, 0.0, 0.0, 0.0, 0.0, 0.0, 0.0, 0.0, 0.0, 1.0, 0.00789051837394017, 0.0, 0.0, 0.0, 0.0, 0.0, 0.0, 0.0, 0.007867742618691165, 0.0, 0.0, 0.0, 0.0, 0.0, 0.01479026191142696, 0.0, 0.0, 0.05233269895376058, 0.050167864935891204, 0.0, 0.0, 0.02031446456552022, 0.0, 0.0, 0.0, 0.0, 0.0, 0.0, 0.0, 0.034503818202795244, 0.130278491161962, 0.0, 0.07365438568175409, 0.0, 0.0, 0.0, 0.02278662516767871, 0.0, 0.0, 0.22440175212502667, 0.0, 0.0, 0.0, 0.011219277060196098, 0.006122172446441532, 0.0, 0.0, 0.009996169520140596, 0.012944806592322333, 0.08287065324423815, 0.0004936033609480583, 0.11808982586102923, 0.0, 0.0, 0.0, 0.0, 0.0, 0.015316505711095774, 0.014375944813409647, 0.175940531750996, 0.0, 0.0, 0.08360065754481383, 0.032221449805582614, 0.1706053773355346, 0.0, 0.0, 0.0, 0.0, 0.0, 0.02437646290021378, 0.008482042596085426, 0.0], [0.0, 0.0, 0.8426398542193199, 0.17438415821533937, 0.9082343369205731, 0.009929156545794293, 0.8293825954565465, 0.0, 0.887038556521099, 0.8336462928465606, 0.006538060752252384, 0.0, 0.8912241807810958, 0.0, 0.0, 0.8566866869567377, 0.0, 0.8863094036906409, 0.0, 0.00789051837394017, 1.0, 0.0, 0.0, 0.0, 0.0, 0.0, 0.0, 0.0, 6.208056769418935e-05, 0.013341186243694736, 0.007046483829762029, 0.8925698456572776, 0.3757606528732078, 0.8762060751889859, 0.18123089569996853, 0.25676887438712914, 0.006155740932748399, 0.4057785680779411, 0.0014354279157654526, 0.909069605630217, 0.0005683791519527359, 0.7363829500102445, 0.1839857932234199, 0.8824583346177608, 0.0, 0.1340737679882681, 0.6202539594999987, 0.046392172078879246, 0.07591156381611452, 0.08315367163140974, 0.11699683641928937, 0.9124443368498675, 0.4547889162126254, 0.47231974343425887, 0.0, 0.049164025330063144, 0.04819483877077446, 0.07402619477528238, 0.045213210328392095, 0.06717406389875946, 0.28962353731352064, 0.046275118084045275, 0.007020436465497437, 0.7681414002576108, 0.8899302572711351, 0.8587904369817965, 0.749271989133987, 0.8482494548720669, 0.8195241809905324, 0.26343747988601973, 0.8086683441183368, 0.7260693669732609, 0.869697106914992, 0.0, 0.6940274638436381, 0.6493376420225273, 0.44051028210699383, 0.7183954711374979, 0.5806872453618422, 0.6809869313173043, 0.0, 0.5178687764408973, 0.8828576771452173, 0.37350575009630116, 0.30497822058991353, 0.34647403615969974, 0.34137385731664494, 0.31884972868718875, 0.0, 0.1306662857447738, 0.3004355249966031, 0.3516545191706377, 0.34275885238617243], [0.0, 0.0, 0.0, 0.05031493200520187, 0.0709713580476401, 0.0, 0.0325162028223801, 0.0, 0.135337411401679, 0.0, 0.0, 0.0, 0.04147727495056319, 0.0, 0.0, 0.04303868411367917, 0.0, 0.0, 0.0, 0.0, 0.0, 1.0, 0.0, 0.0, 0.0, 0.0, 0.0, 0.0, 0.0, 0.0, 0.0, 0.0, 0.0, 0.0, 0.02463037863327433, 0.0, 0.0, 0.0, 0.2184602555978996, 0.0, 0.0, 0.1158762739101955, 0.0, 0.0, 0.0, 0.029531445986091365, 0.0, 0.0, 0.0, 0.05504890004023011, 0.08849965185727204, 0.0, 0.23340189754101093, 0.0, 0.0, 0.0, 0.0, 0.0, 0.07431364684749253, 0.0, 0.0, 0.02645362552288233, 0.0, 0.19175237678019963, 0.0, 0.0894225171965296, 0.0, 0.004596256865337156, 0.10981627511910985, 0.0, 0.15643379069904684, 0.15148105820173385, 0.10079588015865615, 0.0, 0.08706398998137466, 0.11630986076980254, 0.08343936297386922, 0.0405903800904579, 0.1278575305698153, 0.0, 0.0, 0.0, 0.0, 0.040651895930090554, 0.026855193882595385, 0.05132092269327704, 0.009834213015766813, 0.0, 0.0, 0.0, 0.0, 0.010772951322052249, 0.0], [0.0, 0.0, 0.016849281525892823, 0.008354187448487482, 0.0, 0.0, 0.16208207007052988, 0.0, 0.050426714439199216, 0.0, 0.0, 0.0, 0.006058319004462853, 0.0, 0.0, 0.00028299255470087825, 0.0, 0.0, 0.0, 0.0, 0.0, 0.0, 1.0, 0.0, 0.0, 0.0, 0.0, 0.0, 0.0, 0.0, 0.0, 0.0, 0.0, 0.0, 0.08677234203775097, 0.06947054017095833, 0.0, 0.2287527747978857, 0.027704536517864198, 0.0, 0.0, 0.0, 0.0, 0.04907815077893274, 0.0, 0.013126631805361666, 0.0, 0.0, 0.0, 0.08177769235670329, 0.0, 0.0, 0.0, 0.0, 0.0, 0.0, 0.17572945874116397, 0.0, 0.03023928288993527, 0.07274278773337173, 0.0, 0.0, 0.0399937675903691, 0.04266654470427933, 0.0, 0.0, 0.09394961180553218, 0.0, 0.0, 0.0571114378210954, 0.0, 0.0, 0.0, 0.0, 0.0, 0.0, 0.18169530582050264, 0.0, 0.0, 0.038853467979282796, 0.0, 0.0, 0.027913315290813756, 0.2494613371482196, 0.1534299750099264, 0.0, 0.0, 0.07651118788765876, 0.0, 0.0, 0.07301346556772237, 0.02359766000858432, 0.0], [0.0, 0.0, 0.03171910391432775, 0.05218650577159545, 0.0, 0.0, 0.0065164705589133565, 0.0, 0.012210318701250888, 0.15352512976854293, 0.0, 0.0, 0.02379254989493962, 0.0, 0.0, 0.0, 0.0, 0.0, 0.0, 0.0, 0.0, 0.0, 0.0, 1.0, 0.0, 0.0, 0.0, 0.0, 0.009836899214315964, 0.0, 0.0, 0.0, 0.0, 0.02114875428442753, 0.05049228958679597, 0.0, 0.0, 0.14651745709006536, 0.0, 0.0786811710470664, 0.08346742957981024, 0.09977417065216887, 0.0, 0.045196794734688184, 0.0, 0.0, 0.0, 0.0, 0.027033644808682755, 0.0, 0.0, 0.0, 0.017729559695926933, 0.0, 0.0, 0.0, 0.053953370594337025, 0.0, 0.08541188592186677, 0.0, 0.0, 0.0, 0.0, 0.036914090995733395, 0.03339784648284039, 0.0, 0.06259558328037085, 0.0, 0.029258546425573573, 0.055542199258911684, 0.0, 0.1267081690000258, 0.0, 0.0, 0.057847810398818256, 0.0, 0.0, 0.009233040421930405, 0.0, 0.0, 0.0, 0.00801608477148219, 0.0011791372108325149, 0.0, 0.0, 0.0, 0.0, 0.0, 0.0, 0.0, 0.0, 0.03190277338655856, 0.0], [0.0, 0.0, 0.010637971294843451, 0.0, 7.139286819224377e-05, 0.0, 0.027976906365628107, 0.0, 0.0, 0.0, 0.0, 0.0, 0.0, 0.0, 0.0, 0.01903758158934732, 0.0, 0.004555670035027437, 0.0, 0.0, 0.0, 0.0, 0.0, 0.0, 1.0, 0.0, 0.0, 0.0, 0.0, 0.0, 0.037369475081067915, 0.002583027586683495, 0.07246310393093003, 0.007594676647792342, 0.10201322086934739, 0.0, 0.0, 0.006247824229445698, 0.07774676632030608, 0.0, 0.0, 0.10886978540773318, 0.0005450625592843261, 0.009872869947919471, 0.0, 0.0, 0.0, 0.0, 0.0, 0.036816593557748134, 0.0, 0.02355774057178106, 0.0, 0.0, 0.0, 0.0009364408011203196, 0.0, 0.0, 0.0, 0.0, 0.0, 0.0, 0.0, 0.07419523905450776, 0.006225270412118289, 9.625450579886508e-05, 0.05916780215823747, 0.0, 0.05730121721970605, 0.038127368954091745, 0.0, 0.06468464954935571, 0.0, 0.0, 0.04214023811367695, 0.06481025413149466, 0.02082467215562811, 0.046620150799293714, 0.0, 0.0, 0.0, 0.01692730259991837, 0.0, 0.0, 0.0, 0.0, 0.0045347429947038, 0.007741519266600383, 0.0, 0.0, 0.0, 0.0, 0.0], [0.0, 0.0, 0.0, 0.051909280771347155, 0.007484838971489438, 0.040504271334205866, 0.02309347618389368, 0.0, 0.0769295734174098, 0.0, 0.0, 0.0, 0.0, 0.0, 0.0, 0.0, 0.0, 0.0, 0.0, 0.0, 0.0, 0.0, 0.0, 0.0, 0.0, 1.0, 0.0, 0.0, 0.0, 0.0, 0.0, 0.0, 0.0, 0.027203598769590442, 0.0, 0.0499961017659456, 0.0041182505852448426, 0.11817560242756897, 0.012247132828822282, 0.0, 0.024551775637321027, 0.10781746441888285, 0.0, 0.0, 0.0, 0.0, 0.0, 0.0, 0.0, 0.0, 0.0, 0.06925805888246894, 0.0, 0.0, 0.0, 0.0, 0.0, 0.0, 0.08948129527383086, 0.29188723285766605, 0.0, 0.0, 0.0, 0.0, 0.0, 0.0019214642683126337, 0.025784894548213644, 0.0, 0.0, 0.01861923971331203, 0.004419801773297705, 0.06786956717048742, 0.0, 0.0, 0.02652368148631623, 0.0, 0.05450062594367, 0.015494222262299684, 0.026553729755557143, 0.009977256296063053, 0.0, 0.0, 0.0, 0.09536069449555584, 0.04566195623625813, 0.0, 0.0, 0.0, 0.0, 0.0, 0.09487994304158931, 0.020175071549749624, 0.0], [0.0, 0.0, 0.0, 0.0, 0.018522559867682475, 0.0, 0.019689430927834373, 0.0, 0.02011243611037139, 0.030602169187074924, 0.0, 0.0, 0.0, 0.0, 0.0, 0.0, 0.0, 0.003533068339862666, 0.0, 0.0, 0.0, 0.0, 0.0, 0.0, 0.0, 0.0, 1.0, 0.0, 0.0, 0.0, 0.0, 0.0, 0.0, 0.0, 0.004546470429431793, 0.0, 0.0, 0.0046522482392019615, 0.01458210354432743, 0.0, 0.0, 0.0, 0.021077566065692, 0.0, 0.0, 0.01273149857059186, 0.0, 0.0, 0.0, 0.0, 0.002703865432994279, 0.0, 0.03389900911405963, 0.012613359934479318, 0.0, 0.0, 0.0, 0.0, 0.0, 0.009683342648167614, 0.0, 0.0, 0.0, 0.0, 0.0007277249942128083, 0.008294887198715628, 0.01973020011208737, 0.004557272267881829, 0.0, 0.0, 0.01299797349522458, 0.0108335739297033, 0.0030534753651050295, 0.0, 0.0, 0.0, 0.0, 0.0, 0.03761312910671388, 0.0, 0.0, 0.0, 0.007153575014811175, 0.004540735501279869, 0.04996562424267692, 0.0018843985753194126, 0.0, 0.0015276027495394473, 0.0, 0.0, 0.0, 0.010731668391576354, 0.0], [0.0, 0.0, 0.0, 0.033449304233588384, 0.0, 0.0, 0.0, 0.0, 0.0, 0.0, 0.0, 0.0, 0.0, 0.0, 0.0, 0.0, 0.0, 0.03772524969850055, 0.0, 0.0, 0.0, 0.0, 0.0, 0.0, 0.0, 0.0, 0.0, 1.0, 0.005456719546048205, 0.0, 0.0, 0.0, 0.005879339264249106, 0.0, 0.0, 0.09989905640758068, 0.0, 0.0, 0.003108478324573838, 0.0, 0.0, 0.1563212411613788, 0.0, 0.0, 0.0, 0.04682393516120509, 0.0, 0.0, 0.0, 0.0, 0.0, 0.001363672099284785, 0.21371291606441323, 0.0, 0.0, 0.0, 0.0, 0.0, 0.046486438769583915, 0.0, 0.0, 0.036285503098133165, 0.01022763399983928, 0.0, 0.0012459502996476912, 0.0, 0.0045527724346977605, 0.0, 0.008559781028665503, 0.11103200221892906, 0.0, 0.031818408107568974, 0.0, 0.0, 0.0, 0.0, 0.0023480538851763377, 0.0010081355928635016, 0.0, 0.0006056773154747841, 0.0, 0.0, 0.010620517680728137, 0.042231101298144336, 0.0, 0.0, 0.0, 0.05457484722133732, 0.0, 0.0, 0.0, 0.0, 0.0], [0.0, 0.0, 0.0003120176283736287, 0.0018810804310014362, 7.203111858278266e-05, 0.00012100710748375043, 0.0010614249443668955, 0.0, 0.0007766573461078785, 0.022407405178419104, 0.0, 0.0, 0.00023404491536815897, 0.0, 0.008789729045094674, 0.004975063039426186, 0.0, 0.00020585610740930793, 0.0, 0.007867742618691165, 6.208056769418935e-05, 0.0, 0.0, 0.009836899214315964, 0.0, 0.0, 0.0, 0.005456719546048205, 1.0, 0.0, 0.9934899063420494, 0.00023249195294428038, 0.189886745745259, 0.08118198646260177, 0.0006130535377475432, 0.028141400434534836, 0.0, 0.0018530176644424579, 0.07479429214671007, 0.000947116221387323, 0.0008210606924545782, 0.0023181917015677733, 0.0, 0.0006045088283420652, 0.017052340422846313, 0.09478352579657812, 0.0004907576880253117, 0.0, 0.0002659272393786827, 0.00027146716098169765, 0.11666664093701529, 7.441176198552668e-06, 0.0915325413692154, 0.0002706338210944903, 0.0, 0.0, 0.06137229339537542, 0.0, 0.0010938515725782416, 0.30204002731684154, 0.0, 0.00019799981399382105, 0.14454777107388173, 0.0900516571572001, 0.000383497728256188, 0.026390828219694074, 0.037982215381977324, 0.008106924825816209, 0.07333736689227166, 0.0018389543305081801, 3.883544199667632e-06, 0.002349139973289116, 0.01779506947098841, 0.0, 0.0005690430806620794, 0.0, 0.16275258995184894, 0.00021683192601951173, 0.00040490950724814123, 0.25589190309718224, 0.0, 0.07414375597182932, 0.04082352862282912, 0.06839990914813532, 0.0023025159945935236, 0.0, 0.0, 0.13151140435371078, 0.0, 0.0, 0.030849062725115894, 0.0006309353404673201, 0.0], [0.0, 0.0, 0.07220100355635184, 0.0, 0.0, 0.0003847486745127693, 0.031097235941047185, 0.0, 0.0, 0.0, 0.0, 0.0, 0.03625597558992644, 0.0, 0.0, 0.0, 0.0, 0.0, 0.0, 0.0, 0.013341186243694736, 0.0, 0.0, 0.0, 0.0, 0.0, 0.0, 0.0, 0.0, 1.0, 0.0, 0.0, 0.0, 0.0, 0.0351173646093349, 0.39360222703531655, 0.19752893030075913, 0.03329899018894378, 0.0, 0.0, 0.042603344378118524, 0.036640982005272105, 0.0, 0.0, 0.0, 0.011654248762246189, 0.0, 0.0, 0.0, 0.0, 0.0, 0.0, 0.0, 0.009862592617757793, 0.0, 0.0, 0.04502186993674118, 0.0, 0.0, 0.0, 0.0, 0.0, 0.0, 0.12288507820236572, 0.0, 0.0, 0.0, 0.020248457374178574, 0.0, 0.0033664920849518776, 0.019290048818094152, 0.0, 0.0, 0.0, 0.0, 0.0, 0.16551945730107698, 0.15194504052127855, 0.0, 0.024275822682811588, 0.0, 0.0, 0.0, 0.09260052045593192, 0.04653652187390778, 0.0, 0.0, 0.1820428687429183, 0.0, 0.0, 0.0, 0.0, 0.0], [0.0, 0.0, 0.027558110975429706, 0.06992774532694457, 0.0043643994451914025, 0.0, 0.005156202144246502, 0.0, 0.02137106585192894, 0.051691254552549304, 4.827838974985621e-05, 0.0, 0.008507885372452506, 0.04927024323880458, 0.0, 0.013406880520335118, 0.004908288425361951, 0.0036648705617612354, 0.0, 0.0, 0.007046483829762029, 0.0, 0.0, 0.0, 0.037369475081067915, 0.0, 0.0, 0.0, 0.9934899063420494, 0.0, 1.0, 0.0036497951014966556, 0.21565023766347935, 0.08766001531054446, 0.015156360415790049, 0.03202183601483344, 0.015550541387243655, 0.04939444876381105, 0.08418872538497713, 0.0049126139972303084, 0.007893371059897292, 0.02736001545898592, 0.03721117442229749, 0.004504438963839785, 0.0247082651710423, 0.10343118381036187, 0.03967945200962586, 0.0, 0.0107919413479316, 0.015932335444109547, 0.19484753820730227, 0.016218778054822525, 0.12566361613193333, 0.01585625651424305, 0.0, 3.499430118236724e-05, 0.05809526722583702, 0.0014852634296652623, 0.0011799666944963816, 0.3018386142756192, 0.015325358957842372, 0.00011582410985477853, 0.14423292579710834, 0.12663993668418128, 0.004890247617340582, 0.050021491490580994, 0.0834721613424102, 0.031014845239302646, 0.09701000572297835, 0.02124314656154591, 0.020588894404627855, 0.05657774347984812, 0.033643430503297767, 0.0, 0.04933666442370099, 0.009552401384495424, 0.1661919149043053, 0.024033885681387535, 0.044275720197415325, 0.25783614184109194, 0.09251276071768677, 0.07990622772905487, 0.05495788268813018, 0.06713543642193931, 0.01046005888796353, 0.00513857553733621, 0.0009056474125115344, 0.13068333421085454, 0.002078934200180349, 0.0, 0.030098669111530918, 0.01489318465416678, 0.0008282169850987176], [0.0, 0.0, 0.828640258132801, 0.14337482051878592, 0.9818890676769595, 0.0024192366405159094, 0.9258546349635943, 0.0, 0.9273806976287658, 0.8254624591908643, 0.0, 0.0, 0.980689920948056, 0.0, 0.02645041181036767, 0.9591673304100807, 0.0, 0.9874247976578797, 0.0, 0.0, 0.8925698456572776, 0.0, 0.0, 0.0, 0.002583027586683495, 0.0, 0.0, 0.0, 0.00023249195294428038, 0.0, 0.0036497951014966556, 1.0, 0.44858761497597543, 0.9808380693203943, 0.2688713782551877, 0.2605424459343313, 0.06732791122696857, 0.4887582365966088, 0.08249053466151157, 0.9776440632405445, 0.08062556750298133, 0.8158101991831956, 0.2666200640238121, 0.9840865928567821, 0.08118066706916582, 0.11962152076182209, 0.6909955819257553, 0.011178790083572587, 0.08991228882433644, 0.17281139106374122, 0.0449348