"[[1.0, 0.09466625158345499, -0.019833817067610005, -0.23268494721586852, -0.2177816087035136, -0.0003254824097194131, 0.07707232698322908, -0.005941536200936293, -0.06605690949703624, 0.05013673229776261, 0.18568518040141624, 0.042990634021450536, -0.04309224675418566, 0.14010706969011055, -0.006278945894902854, -0.07938998014475818, -0.036648965650378784, -0.12222435149566091, 0.13533994957063267, -0.018300215648475504, -0.21120609850517624, -0.026999247988209962, 0.06332440118817062, -0.03121602817829916, -0.0063939112161568445, -0.006996875126260349, -0.021245184416188723, 0.023256212161474887, -0.04512859185230034, 0.06091375651682873, -0.011233150531653857, -0.19044127135411815, -0.036309559267910574, -0.23020420867352964, -0.015070325999021472, 0.08771295524312173, 0.14204189239921639, -0.11616422940200644, -0.052103270766654, -0.06457294508658684, -0.07645540596121192, 0.01679898057036322, 0.029136354474313397, -0.018408398790644487, 0.042985725344031556, 0.19357114808647724, 0.07007582298492387, 0.07471960498191932, -0.18626592842997614, -0.28680827144492516, -0.08139276851422461, -0.09852144853881661, -0.11910466607199521, 0.10521072405653209, -0.01250550533582917, -0.29660400537315956, 0.07882844796358546, -0.011780419190403402, -0.0842462766749803, 0.08649291158554151, -0.09960226571527664, 0.13763767157451867, -0.06087805766643073, 0.009185539668691622, -0.09568474151621831, -0.20286128697985228, -0.30970382105509464, -0.08368177284575107, -0.16156340605113617, -0.02875870697341898, -0.20432262227729558, -0.09363079851322853, -0.2778303599441947, -0.005339579919970472, -0.06834127238795973, -0.030666150032663708, -0.1848835930796342, -0.22656361055804264, -0.10076589395968982, 0.16147931063461696, 0.16065571480125773, -0.047355986336529377, -0.2323398011342961, 0.07460036637386525, -0.04692398897251038, -0.05135568806813762, -0.0923769003418522, -0.0747830697331926, -0.06732246922914964, 0.012403902119938692, 0.11823660284591353, -0.22250087229040627, 0.022702730603474275], [0.09466625158345499, 1.0, 0.1114317295396885, 0.18085749790515715, 0.06994748354542746, 0.256810597052894, 0.2670631033216895, -0.10421959828475491, 0.11426000997958008, -0.0414940548694922, 0.08983097107194515, 0.07050424866572536, -0.02482127168254733, -0.0037107167542931307, 0.013071658315349288, -0.028818531305842665, -0.047256268813017366, 0.059060603937669987, 0.10871351669452445, -0.07562626283589169, -0.10116805661660644, -0.06287214837763022, 0.12658112640210895, 0.05155007318982174, 0.003870334152389021, 0.0005315881734352379, 0.05979920567858765, 0.03930880508493817, -0.15832765363687096, 0.10713088216735933, -0.0924909933700293, -0.27483959303264127, -0.22303379661286704, -0.12756329816916723, -0.09619352480386945, 0.23093121237288683, 0.2986452098235186, 0.07981427675427477, -0.12433070098867516, -0.1338263998578746, -0.1268900413171823, -0.3099662826978171, 0.06783451224399706, -0.19266350229516815, -0.1743692591497652, -0.1089550489761284, 0.008778772776813604, 0.08072881426162393, 0.14571977886701293, -0.09998657669900335, 0.18278184785473162, 0.05053640474038712, -0.03763973429344447, -0.1382762694701809, -0.050964533092452635, 0.0008628400041661433, 0.11601383501749563, -0.2952476434669091, -0.2712744969831853, 0.16012233577583135, 0.08541681211285101, -0.08932705534794017, 0.11934490524958963, -0.3436497688778595, -0.08480992113602737, -0.35464114589294526, -0.21193276455894416, -0.18302731871519096, -0.279533789215759, -0.29050013767204663, -0.1032135252223445, -0.10490126327213778, -0.2669522494253145, 0.14159169483468736, 0.003935879063313608, -0.1460324677933067, -0.11009040762253708, 0.07411241870170815, -0.1034373276065903, -0.1957284059180575, -0.0678360578592303, -0.22368011300963397, 0.136549929387898, -0.11786786834294372, -0.2326161931169346, -0.018984968581497785, 0.06876829630725034, -0.04640698642211061, -0.044095411280774544, -0.09937230194305013, 0.16904173102904063, 0.020068866336385494, -0.19762143979351277], [-0.019833817067610005, 0.1114317295396885, 1.0, 0.22106285086577215, 0.29085973485784944, 0.08913145193722416, 0.46825727259916083, 0.18153613384986722, 0.43553721231617937, 0.5649663815058407, 0.19035687053069683, -0.006209664872661502, 0.4098084047733862, -0.2901244264979923, -0.14745467167650372, 0.3047599826534535, -0.035877327571621986, 0.5267224209162671, -0.14031508981738705, -0.2908377609673476, 0.4807226464473162, -0.13041237012152518, -0.1209803713488764, 0.010764540170436598, -0.06430482402750459, -0.1418097299726282, -0.1158112948805492, -0.10167870187946138, -0.499876260024247, -0.012778433966928793, -0.11973699010009864, 0.35093909230705733, -0.010668349186786275, 0.21305986120291187, 0.1181358787034984, 0.17425804387857502, 0.007854027972353461, 0.29225056976426345, -0.3753577929820746, 0.26251786648119146, -0.01884010979059525, 0.4014755129031884, -0.011010772165243266, 0.44158161280255026, -0.3214891899841721, 0.01835545085037449, 0.30759030987507496, 0.12537591194699416, 0.004217804461934316, 0.10242948661754214, 0.05896758667392654, 0.48571446009655206, -0.14812600072852455, 0.03983279818644059, -0.04491153867269193, 0.004223709605667425, -0.06484093825712511, -0.3090786314295966, -0.012157957922331208, -0.32962075512626554, -0.4115523934860441, -0.0548597973507452, -0.04032711201741801, 0.10173492812394602, 0.26889884047776613, 0.17308941104889652, 0.38277755862041696, -0.2875923999233998, 0.3951820218105524, -0.07811533276278038, 0.3188657145320867, 0.43928478605153076, 0.19931492871298795, -0.3608533935210654, 0.13598063859346965, -0.222369970692593, -0.11440725340593105, 0.3273612110930322, -0.09130705676342288, 0.14419434322089864, 0.1862704891780791, 0.2054671917079196, 0.4093815724218921, 0.11317319827400263, 0.0882888153105128, 0.35574568289879993, -0.09384874977363644, 0.07414029174435699, -0.15105185777497265, 0.07597389522990527, -0.02394910468641953, 0.03626930542662821, 0.16457159345724437], [-0.23268494721586852, 0.18085749790515715, 0.22106285086577215, 1.0, -0.0018348540488499765, 0.2045780108185533, -0.041877174746417944, 0.27458912056338325, 0.12880739265674945, 0.10944311105768978, 0.1630736340358041, -0.3728093752820125, -0.1440305225054006, 0.21397464128766852, 0.03831499715359632, -0.28761666220249404, -0.07959601443832653, 0.010520087477629225, 0.15372403265196855, 0.02335877779826878, 0.1262200737898902, 0.018124416039992597, -0.010854721271489343, -0.04963261149160281, -0.07272000112472221, -0.03238299579949011, -0.09558883655178918, 0.031234760830458286, -0.2552926705208014, -0.08107965655626326, 0.18576340372570443, -0.05400374192459134, -0.05081436400192296, -0.07594736455333151, -0.15822956705729863, 0.01895396219466805, -0.13505849769447487, -0.015244070913582375, -0.23217207993941624, -0.07447554912085885, 0.1455343320709821, -0.19116323195483997, -0.29977769520840525, -0.09626144045048535, 0.24190907714131937, -0.1898201333996421, 0.04810079821908586, -0.09736037381101292, -0.08290806613938573, -0.109614298955244, 0.3016638467140832, -0.09439114939288928, -0.03219361454678005, -0.36739076105300894, -0.030514187087925304, 0.23549794138001956, 0.16293992633640997, -0.14632188843024974, -0.16717064550357863, -0.12971534648853011, 0.08226844810688938, -0.2037811033010406, 0.28318582623411437, 0.1847202434193772, -0.16557525011530783, -0.12521648038437183, 0.06694074606466927, -0.416683066421105, -0.02502151615894621, 0.18756057970400586, 0.04107278853423735, 0.1296599737413473, -0.3513754053850713, -0.04514365570680878, -0.10927782863884983, -0.365229421355872, -0.31059262692927136, 0.15979500879274078, 0.30257059775320905, 0.05642007165542251, 0.3271019569031881, -0.15160480621019157, 0.13272439627442556, -0.07736912178242616, 0.17771588602635313, 0.12244118462019782, 0.031521212034007484, -0.07514802793134656, -0.22824815080587513, 0.13303060458049498, -0.07041988706072488, 0.30665631372864544, 0.009071904854234036], [-0.2177816087035136, 0.06994748354542746, 0.29085973485784944, -0.0018348540488499765, 1.0, 0.056577468145873167, 0.6260159794643559, 0.0008357666947966802, 0.30452273276193476, 0.26617486139794044, 0.026503899643566697, -0.08328706227009652, 0.8326424371418675, 0.1424275893192386, -0.09644155969377977, 0.7881763612507703, -0.02637479940377574, 0.8601623451596893, -0.1888900675651568, -0.12850340601375754, 0.647879627938436, 0.0393860853365291, -0.043797821319716324, -0.07588356744082092, -0.01221917094981273, -0.055806506859940264, 0.016630780736648143, -0.0860881396702895, -0.1654509511555564, -0.1378095342111998, -0.09558481937924879, 0.7159005515463394, 0.029169731381602726, 0.647342676364773, -0.05696923792203479, -0.13245741827076807, -0.37905812257285687, 0.009155697856793044, -0.33381399989764926, 0.7808558900109631, -0.33064253579628344, -0.008862504340829913, -0.29378994691149307, 0.6381992956625266, -0.15533208489956984, -0.2915898771718859, -0.00666531780004731, -0.12015618041621501, -0.33069258020355474, -0.07098832983249781, 0.08999374768076607, 0.645919785418434, 0.0781051168839515, 0.21969259565942267, -0.010454719182590111, -0.009287541099477048, -0.22196261290171027, 0.07189461122265417, 0.1416995623410866, 0.0893430225899311, 0.1561503297602005, 0.037026818758468805, -0.13021282559084235, 0.08960773778361164, 0.7520418558995261, 0.2165724423497144, 0.32266382113025527, 0.32501895276587467, 0.25265478308079214, -0.24070601684995263, 0.22439048683791762, 0.2116195599221391, 0.32135779946281284, -0.2227384872292122, 0.07145199977848038, -0.1431306849188303, -0.2556852634223912, -0.05746373207953037, 0.03267485555134786, 0.09007521617047676, -0.18596388841545775, -0.1386944999104256, 0.4413607217793707, -0.08957020274553962, -0.4359077916362937, -0.3631293674296632, 0.06790351150601093, -0.016325676765172492, -0.04828188162172209, -0.1899629746906797, -0.32014747008657096, -0.3869262153720139, 0.13438001477248762], [-0.0003254824097194131, 0.256810597052894, 0.08913145193722416, 0.2045780108185533, 0.056577468145873167, 1.0, -0.027510439831222477, 0.05455291924682193, -0.06566213363213569, 0.02221168366579962, 0.22494459366694974, 0.09459769588966638, -0.028732791338237806, -0.023906370216635997, -0.017486308933303274, 0.0019334919490432423, -0.04749135379721192, 0.08905621961948973, -0.15449783774566406, 0.07748910189710867, 0.028369338059732407, 0.03543254700201848, -0.05494966976991478, -0.16310366223976258, 0.038713367979664626, 0.09450123103314867, 0.012911506040284237, -0.004324139198521371, 0.18789378278626168, -0.01805514111238571, -0.1856961550003553, -0.017589306799745907, 0.06179009219050835, -0.09152736522076799, -0.2159896936593788, -0.029914059951302585, 0.11779085710815385, -0.08209062203019801, -0.4023921554207428, -0.0879702379674554, -0.11417296883971728, -0.16615389860853225, -0.12346776480186228, -0.18267592353442264, -0.1250388458580629, -0.13124353903475283, 0.018019965277322747, -0.05807100127364584, -0.04114900570015778, -0.046854424903636005, -0.1419161433414129, -0.02653520136690113, -0.11096561537630212, -0.02218991831578343, 0.024995476161359553, 0.17342053400075352, -0.15362917624369277, -0.17691766782891838, -0.28056364476239604, -0.0750787695518107, -0.157359453376962, 0.009029920094447919, 0.34396409637004854, -0.17059602139718621, 0.04766274789473446, -0.05610376397255501, -0.1342845567512463, -0.061949293822537665, -0.3929896546308995, 0.1711926149770273, -0.28775736557925335, 0.08130692067079937, -0.1554752100098029, 0.055839657305635115, -0.23517164735129348, -0.10148506193025297, 0.03346256708790696, -0.06737361461918545, -0.0005811607231922533, 0.1802704263141932, 0.03698376044103424, -0.4074483540142153, 0.10827196988133114, 0.010501639027919119, -0.06259872377765663, -0.3196166190689471, -0.22392190526765843, -0.03485223126205694, -0.03462118157969085, 0.25008802101728367, 0.2361559906253261, -0.23462057465209685, -0.13131269068281703], [0.07707232698322908, 0.2670631033216895, 0.46825727259916083, -0.041877174746417944, 0.6260159794643559, -0.027510439831222477, 1.0, 0.07643824407114475, 0.6074112853891609, 0.38916873770464466, 0.142523709197236, -0.06092972981827427, 0.5948648259729579, -0.03371691498250318, 0.021351723508482245, 0.5971834304109329, -0.1754091965001945, 0.6962132956711491, -0.01819641425773444, -0.030743800564560164, 0.37600302249143225, -0.1051996899565526, 0.147844628374173, -0.023898266971677185, -0.024283629261895312, -0.08508369927341497, -0.010507856854182096, -0.1648221524966358, -0.24758546067857812, -0.07258636740455437, -0.35497654375892385, 0.43708050814571564, 0.0485877367856129, 0.36266990982673863, 0.0782939192189217, 0.0949895523306098, 0.0228765377916349, 0.1358014961415812, -0.18954980868158988, 0.5270801388543936, -0.2769994517158705, 0.21633628884967515, -0.10111364735153172, 0.5662301253926405, -0.15555130198540423, 0.05440970657402033, 0.3339932287999372, -0.03488595791933169, -0.3380434002107231, 0.09467814351972048, -0.007601565427109991, 0.49449452341331834, -0.023180701156949368, -0.08160197789847223, -0.16415852612046367, -0.2182125689093808, 0.2079568390394011, -0.16411103086516543, -0.0025934997759897715, 0.14162400318643087, -0.2182067153901599, -0.1325800083887665, -0.18216378138710754, 0.05997608876470584, 0.53517442733393, 0.0323168921636362, 0.4727715988842882, 0.05566033446356922, 0.375622134648965, -0.016187279210857497, 0.44993847544321763, 0.3615147044638214, 0.10957741723492143, -0.11047524247485008, 0.2100140101726783, -0.09993502404335541, -0.02804872460589225, 0.20309815205523296, -0.005541895542107378, 0.05210230869589949, -0.03712908923235525, -0.06690712600696869, 0.48841258574329605, 0.06993266869313008, -0.1500176685547614, -0.19891795503120724, -0.1647884743326984, 0.16856775553694225, -0.1924876623847338, -0.34060102049519636, -0.12202572478517393, -0.23770209202013337, -0.24180543445454195], [-0.005941536200936293, -0.10421959828475491, 0.18153613384986722, 0.27458912056338325, 0.0008357666947966802, 0.05455291924682193, 0.07643824407114475, 1.0, -0.04203762978974224, 0.10629145671685536, 0.08292715578380971, 0.14516209511312728, -0.10261779048976516, 0.16630434514714976, 0.005084035866114722, -0.13306630416499265, 0.04688688080996839, -0.03050223324226642, 0.08667529613429859, 0.02850345208695171, -0.12869980829085437, -0.02590200165469292, 0.03494397129492166, 0.053339072776544816, -0.027988637058377508, 0.038344999064885865, 0.010866260737790179, 0.05529048030566819, 0.010106158383011876, 0.02866085480527214, -0.09435254672304016, -0.10472429418641549, -0.26753501650310807, -0.23453012066128842, -0.015797676282547357, -0.2299894765697792, 0.06870208011618617, -0.10956327666199095, -0.141277758531009, -0.09086395444674733, -0.1680372626146025, -0.17255296490504324, -0.04598889456115307, -0.2045674691838837, -0.058383613018827996, -0.26880876852416713, -0.2715520242767877, 0.041138271226852985, 0.10789709688001625, -0.029547922088520417, 0.04189065983436546, -0.14794381127131828, 0.008700257312419524, -0.09594602767926674, -0.0454905839802322, -0.1707215537839939, 0.10223941233560496, -0.24620815050279732, -0.023839057849884382, -0.2809257946704662, -0.05626401380143142, 0.015891677936480053, 0.03166708827734943, 0.06993691260284773, -0.23435604015865574, 0.07334411930537921, 0.10739238824443809, -0.32073249498580925, 0.18895290849712076, 0.5765762967732421, -0.22851710205598863, -0.0035802809423630677, -0.1381337922227519, 0.03608657545176208, 0.21716287050714334, -0.1310232468106396, -0.12976072984069642, -0.32345630721665586, -0.05190392062108318, -0.0426941212270997, 0.06306814562463436, -0.14776559055701965, -0.09014791145777679, -0.04059202509443027, 0.14547535799455136, -0.21141419009896745, -0.029222324411058986, 0.061133279810159924, -0.05189774744215003, -0.11755229271298351, -0.24074848538580373, -0.2231731253217708, 0.06477203869096648], [-0.06605690949703624, 0.11426000997958008, 0.43553721231617937, 0.12880739265674945, 0.30452273276193476, -0.06566213363213569, 0.6074112853891609, -0.04203762978974224, 1.0, 0.5440741311019853, 0.11917177745878893, 0.00030768544613124504, 0.37525050518431646, 0.017285258203842302, 0.020496585326368444, 0.4567615048309739, -0.05629779207941943, 0.4746545447538828, 0.04552022230961894, -0.07046260605496868, 0.29722517295784967, 0.013704106211501199, -0.03157950073098337, 0.02050920314515936, -0.10597923840833823, -0.03526036555890877, -0.0052299538641238374, -0.12472924146279007, -0.45412556255186964, -0.30421311963556796, -0.23975095563289495, 0.3306219853105904, 0.08757301277445351, 0.3257038151901428, 0.10087860942342963, -0.12828576411628623, -0.04875994472080891, 0.14730898492562128, -0.16091143012528852, 0.2592145750068715, -0.1370690313158025, 0.3808283528131964, -0.010119139086991025, 0.37913088312362686, 0.029751433979979147, -0.22954032086532994, 0.4415086806829489, -0.418644814562823, -0.12908743481955964, 0.1923415297509513, 0.0821080797184417, 0.4562187965173776, 0.20481495085622337, -0.3192913286396426, -0.09433266940047691, -0.252720817918314, 0.024164950978098343, -0.20130850882824491, -0.014261184971946506, -0.15568459850274752, -0.36524372552499074, -0.15696366859343214, -0.3472052132373924, 0.04551878666860354, 0.4748598623940261, 0.0900943633487511, 0.4277848029525081, -0.10046529849768326, 0.2185432902517639, -0.009628033754355725, 0.44796961576549776, 0.5406644522335169, 0.10624390094949554, -0.04321432456939367, 0.2586565825571069, 0.04284616850226952, -0.1445843476681028, 0.3250265086803996, 0.431886433057731, -0.29380607097961864, 0.0020775539789471553, 0.21678760377476192, 0.3922496111196043, -0.12117708121353044, 0.008384983623681896, 0.21005548258169948, 0.05770109376246202, 0.20822479224306878, -0.017778463831097158, 0.11646257219880862, -0.04897917903360627, 0.36927359636214874, -0.2189341104578506], [0.05013673229776261, -0.0414940548694922, 0.5649663815058407, 0.10944311105768978, 0.26617486139794044, 0.02221168366579962, 0.38916873770464466, 0.10629145671685536, 0.5440741311019853, 1.0, -0.019509742332693536, -0.03199264731597906, 0.5228000746131236, 0.19094591045969367, -0.11306081826858771, 0.2508040420063088, 0.007884431614348597, 0.5819668235440344, 0.3252827553756559, -0.14821061290167603, 0.28542367128925306, -0.20487692197710605, -0.27421708740945827, 0.1481656351521199, -0.09362429788287341, -0.16412728541128052, 0.00699643987346521, -0.08783057116596993, -0.19681493588742693, -0.13204499136329395, -0.07970519136858933, 0.22605236845843146, 0.17422146757392554, 0.3734521862895215, 0.0970403755723751, -0.15490638358739073, -0.1713744232665182, 0.26865084706073006, -0.3844253334324985, 0.2203582208579853, 0.10390846668468989, 0.4559486421454393, 0.16885068411656623, 0.2987481193067074, -0.19080860589874926, -0.21843312197127673, 0.3742110094726703, -0.31981352907898786, -0.11367732747810932, 0.054204373312741194, -0.03791086505444641, 0.37489625516309566, 0.26289709692122476, -0.17525694805563563, -0.2044832796683782, -0.3230072622727733, -0.31971307584324626, -0.3642005211520374, -0.2557921018378573, -0.4843678293373135, -0.30244204237916605, -0.18970039715783282, 0.028539171466707036, 0.4041637058441212, 0.503952952268355, 0.40389025942400003, 0.5320848369900175, 0.10529136018766616, 0.45114975684456304, 0.08419461931517525, 0.37604502347902913, 0.6532521449798139, 0.33327268676615796, -0.2503877306459361, 0.5413863355370162, -0.06377156523914707, -0.012841724763342555, 0.2694895965745634, 0.4680322627074063, 0.2281063755441739, 0.21882283427097515, 0.41668155889822334, 0.46751133217652674, -0.00020081235971569633, -0.2378667980391569, 0.3101424192977431, -0.11916085662608178, -0.10756490245162054, -0.03461538711466239, -0.04816892786674676, 0.07352658088548658, 0.20163833504151685, 0.15965801895747678], [0.18568518040141624, 0.08983097107194515, 0.19035687053069683, 0.1630736340358041, 0.026503899643566697, 0.22494459366694974, 0.142523709197236, 0.08292715578380971, 0.11917177745878893, -0.019509742332693536, 1.0, 0.2819855057903009, -0.10035121178784001, -0.2516249318220267, -0.0385273867823388, 0.16239145127268084, 0.004363808219560283, -0.052198865454108345, -0.21219634061794768, 0.03314503695626536, -0.020860319373402714, 0.0328459042078425, -0.06335361187841237, -0.05665298363827387, -0.07828973189766364, -0.04160061298050488, -0.004661141173674999, -0.05817877844147401, -0.029036118378213738, -0.027237173739304232, 0.13284952377667958, 2.2224944346560527e-05, 0.05127828782608235, -0.05627360092582623, -0.491726729677775, -0.016129406311534478, -0.11255631064683258, -0.3015266553001956, -0.19345608084751875, -0.03334017509011389, -0.4123153979857297, -0.03982805957983615, -0.267675049483344, 0.04724396921800378, 0.042893496164994604, 0.05753627006499673, 0.22722921867131962, 0.0035697528442969473, -0.20440604810948182, -0.21343506661382428, -0.2073247379185681, -0.07834818587299863, -0.10955506590168995, -0.15822118621816506, 0.015886311490870164, -0.0810338842486924, 0.11119022376378063, -0.06261979386890681, -0.05017760197254284, 0.13987432160639823, -0.07093002384182667, -0.04577850302062414, 0.1701880509325282, -0.013306857715755793, 0.07626023304456919, -0.05914581274133912, -0.14165733229017352, -0.2740931934850632, -0.30054875710259665, 0.25639323488839216, 0.11314922479777678, -0.011319219791408708, -0.25069187950540495, -0.04883769788930392, -0.14850928980549738, -0.008831360445793468, 0.04596368653114502, 0.4282720045078725, -0.04445881770300408, 0.11691246656680288, 0.12330862106996943, -0.09040998818174528, -0.14656563492995067, -0.3693766384999366, 0.12863532327838156, 0.054038434098175214, 0.1662043348059703, -0.06966953373502482, -0.09938307946271396, -0.1636329159016856, -0.22591609071223973, -0.00756856537149786, -0.21807145145209783], [0.042990634021450536, 0.07050424866572536, -0.006209664872661502, -0.3728093752820125, -0.08328706227009652, 0.09459769588966638, -0.06092972981827427, 0.14516209511312728, 0.00030768544613124504, -0.03199264731597906, 0.2819855057903009, 1.0, -0.1541908447091711, -0.272255290834309, 0.07259342605438523, 0.03662880879189767, -0.019303966821313967, -0.19256921179583264, -0.2148563140121058, -0.012079468698583673, -0.23101638412001746, -0.04805059973024117, 0.030225502503894885, 0.07482147933530836, -0.04351621984094445, 0.05948876853280849, 0.03560521011291118, -0.010953556661614572, 0.12161826087073424, 0.016670681424778233, 0.0743957449814241, -0.06221442334032967, 0.2087438464592959, -0.12582730280197518, 0.08723883774664587, 0.13373957874895792, 0.13062233745050456, 0.169426913029195, -0.014326305962854446, -0.12427301131512469, -0.112071895049217, -0.09131436256379932, 0.14981975987039142, -0.17417272436702214, 0.013934190846954353, -0.21221348886993252, -0.0007508606819672803, -0.055242379891836, 0.11266696712726498, 0.10427614749511238, 0.009434738566140632, -0.01014884367156954, 0.16338833906281958, 0.2407532901429581, -0.043769239779310576, -0.08751024686363196, -0.30604557015350364, -0.17016203588835355, -0.08869583718338259, 0.04131603497440284, 0.019134298943244588, -0.06074877550280444, -0.19908318516871226, -0.038731233580294955, -0.06554743885339831, -0.1585737876659652, -0.1260284862660388, -0.11591902445472613, -0.030286750953438357, -0.005807704888859844, -0.20031397991065858, -0.15583674705144146, -0.1479365068771663, -0.05782920034131611, 0.021885210348570272, -0.1523566997227601, -0.1395989254849277, -0.15246936228801, -0.1157792902227257, 0.054345888809910425, -0.2707474764839666, 0.2483075270167061, 0.027037200802111472, 0.07912295667465163, 0.08186595706705924, -0.1468408429690009, -0.1102640484087789, 0.061235362758194634, 0.025957754365314778, -0.08079184860473587, 0.18685782131203899, 0.09905942040424986, -0.11615404512016858], [-0.04309224675418566, -0.02482127168254733, 0.4098084047733862, -0.1440305225054006, 0.8326424371418675, -0.028732791338237806, 0.5948648259729579, -0.10261779048976516, 0.37525050518431646, 0.5228000746131236, -0.10035121178784001, -0.1541908447091711, 1.0, 0.17534608532762985, -0.1793381879676461, 0.7888068499620104, 0.010002869218453059, 0.8857787717225927, -0.1768154513483844, -0.19244216801975833, 0.6416259017496923, -0.04457802781735398, -0.1049300039796488, 0.015365828800964265, -0.11208785322279513, -0.2037608527568684, -0.16760229150348716, -0.14321188443870603, -0.2542631066488821, -0.04202772411883804, -0.19279520664033356, 0.7547565651780174, 0.09883744167966269, 0.7280149805570408, 0.09567986721695776, -0.13528622820750824, -0.3764896194636458, 0.12236693891910888, -0.33149448256682756, 0.8021460194268897, -0.10100337435163964, 0.2535036600988678, -0.0957147432895431, 0.7293128252339154, -0.17513039705619327, -0.19902317427787497, 0.16864020021428971, -0.0837844881100418, -0.2663707847336596, 0.004760724512447356, -0.13110286930270565, 0.5966924343673276, 0.024052824635294234, 0.14895084719503582, -0.06325157937058368, -0.10541215140679272, -0.37627104849373816, -0.05903861167875313, -0.04718170466913074, -0.21759038769998895, -0.004078628882688173, -0.008579377611622307, -0.21767490189005367, 0.33521643091902287, 0.8898264155708449, 0.4006580984223935, 0.4195088062269633, 0.5139207905916793, 0.44284304956430465, -0.15584392709737016, 0.4020868750648059, 0.41553273226338483, 0.5733810628449522, -0.11339926852205684, 0.29194764560351505, -0.01190970016511117, -0.0918857033700533, 0.08819928179468683, 0.1537544161712514, 0.22641615985889263, -0.1246870696011364, 0.06793056782790674, 0.5201524373707501, -0.032829658558393815, -0.45220790280962353, -0.14565031243464022, 0.07740426803341305, -0.09991595278119081, 0.03331023362139629, -0.043965729875925286, -0.20379442799905445, -0.28821288423202707, 0.2591335785980693], [0.14010706969011055, -0.0037107167542931307, -0.2901244264979923, 0.21397464128766852, 0.1424275893192386, -0.023906370216635997, -0.03371691498250318, 0.16630434514714976, 0.017285258203842302, 0.19094591045969367, -0.2516249318220267, -0.272255290834309, 0.17534608532762985, 1.0, 0.0028645140170336925, 0.03371964206070277, 0.014991120288915916, 0.035175614700762026, 0.2009591814916114, 0.21521497280377744, -0.16861042525793057, 0.03264115445625837, -0.02121471214474857, 0.01139117547992019, 0.012504421244814545, 0.026068427312891274, -0.017377652488694606, -0.06577140060224584, 0.016818389803503142, 0.08691630340263978, 0.3232005492588197, -0.09267880781434701, -0.023840256223027767, 0.13283527218191715, 0.11873568859454586, -0.22327594151956398, -0.07465806918227624, -0.07760684746281221, -0.023014106562852632, 0.04729466756319789, 0.12398902680408952, -0.07457612852983564, 0.04412577364403203, -0.11999261720269794, 0.162500864047757, -0.274668257455827, -0.37940720534356, -0.1937191061752377, -0.06657511055803633, -0.14415851976415217, 0.18112734663045726, -0.17065267467183642, 0.4795427044648606, -0.18930494451807833, -0.05665259281850399, -0.20967964848149667, -0.1452281058182534, 0.01986803283561378, -0.15726365795472508, -0.1436358560099844, -0.1340585957017031, 0.0818965988182101, 0.12603576121159887, 0.3301869426789601, 0.08056335488339128, 0.024589688364603512, -0.07568967613763844, 0.12474447372023079, -0.00658648544242002, -0.02801032471360254, -0.23683597422078217, 0.04642565604524673, -0.10159540562700764, 0.089414799649854, 0.15824349976401142, -0.18186948930595337, -0.16740843291565044, -0.1622681505406669, 0.4219528407678398, 0.14597517568072815, -0.18745717553957242, -0.10930579395596896, -0.13014116217155314, -0.19592081594149224, -0.48857281605870906, -0.16190838642728278, 0.03772762885446512, -0.06661253283408963, 0.09946289717789913, -0.025671579490529117, -0.34830968473753554, -0.03457703467451978, -0.08983574195408472], [-0.006278945894902854, 0.013071658315349288, -0.14745467167650372, 0.03831499715359632, -0.09644155969377977, -0.017486308933303274, 0.021351723508482245, 0.005084035866114722, 0.020496585326368444, -0.11306081826858771, -0.0385273867823388, 0.07259342605438523, -0.1793381879676461, 0.0028645140170336925, 1.0, -0.04480918088400632, 0.028029225465207475, -0.14482186748712467, -0.045816633961109465, 0.056161667860966324, -0.21470737494989933, 0.008132260966934535, 0.030838945967934794, -0.05088561642271516, -0.01130057987155575, 0.0031111840639986843, 0.050063140250499294, 0.021782113834661443, 0.025629132698867796, 0.0028562893676199463, -0.03410508956178249, -0.0641291896043037, -0.18406451536597634, -0.2011828579665591, -0.20916269365054374, -0.011407218725693946, -0.10330577373648353, -0.1662516643186227, -0.24866413470075255, -0.047691519892446355, -0.15889295993798735, -0.08413302232932907, -0.18633880992338647, -0.10600739985287744, -0.024716027974877264, 0.08023169607456315, -0.05664814540600949, 0.009539106462680969, -0.08497523397427731, -0.16222165245754017, -0.03783979153888373, -0.13423519561997765, -0.10381953093402618, -0.01781585796255447, -0.012961859890552319, 0.008469346596136962, 0.17084242347278622, 0.010917585741394453, -0.01144915745995334, 0.01625693429011965, -0.040866622643978, -0.06713463424842936, -0.04244904996501342, -0.08576847474194693, -0.1949809952027135, -0.11416916652225617, -0.10181893278428067, -0.1190262236046864, -0.12273527050269428, -0.05398262084214389, -0.16959162339055167, -0.26524286414740206, -0.23938613838351763, -0.029357272040082094, -0.11667292733295342, -0.01371465126317295, 0.03704430650045232, -0.11655361372307271, -0.06433918651481552, 0.07085063352356646, 0.00383168955056834, 0.02433170118359196, 0.010424992532787059, 0.11271632465453252, 0.06640164846922347, -0.06953941341795056, -0.05431641395788933, -0.05740894938190855, -0.024375890499487074, -0.027242868635809714, 0.04492285931841633, -0.011626906071569243, 0.014087917958382934], [-0.07938998014475818, -0.028818531305842665, 0.3047599826534535, -0.28761666220249404, 0.7881763612507703, 0.0019334919490432423, 0.5971834304109329, -0.13306630416499265, 0.4567615048309739, 0.2508040420063088, 0.16239145127268084, 0.03662880879189767, 0.7888068499620104, 0.03371964206070277, -0.04480918088400632, 1.0, -0.04997601893221071, 0.7576625579381508, -0.3286578301292671, -0.2096799917333192, 0.5833146320734927, -0.03021103812531445, -0.10741947239880356, -0.14493905382183403, -0.022625059959593408, -0.26147141621984304, -0.21811143109392406, -0.0936097721738649, -0.1864381065211056, -0.17898782577375671, -0.09960740633159793, 0.7383757334721277, 0.15479212290912447, 0.687813232075904, 0.008993517042028998, -0.1878424170764157, -0.2183546360412325, -0.07965561434041413, -0.23047523396909697, 0.7207916190309093, -0.38084464096466175, 0.23128351412200865, -0.10327149357574639, 0.7107073670430785, -0.19639804923649362, -0.1258920978153668, 0.20389891133010174, -0.16134382220846177, -0.1418932645743951, 0.07592505230262636, -0.08507157566593504, 0.6610718451292281, 0.11452846745825496, 0.2351763555861759, -0.0006522790801433143, -0.07438078588405483, -0.16352862873359508, 0.15270048631794697, 0.2369078363229491, 0.033969404175481, -0.08423449893182644, 0.17654017316784454, -0.23557114071055252, 0.016189260391391458, 0.8123862229634131, 0.2744685827904251, 0.26646152366853226, 0.343049298665953, 0.24421654455769193, -0.17674964484364786, 0.2488347112151319, 0.15905837152279934, 0.41666371625431764, -0.07520542342354752, 0.13591982772898603, 0.15546377158189528, -0.03326231919350642, 0.13330510152288244, -0.042087665651272976, -0.06267304108420468, -0.2526248824184698, -0.001010854497840885, 0.34734576627133107, -0.228892734080397, -0.4304373954982399, -0.20789131300139507, 0.1610713760065151, 0.11764170977295763, 0.12928520232505525, -0.05930075482908137, -0.35711875087701417, -0.27403292558658787, 0.02267352722966487], [-0.036648965650378784, -0.047256268813017366, -0.035877327571621986, -0.07959601443832653, -0.02637479940377574, -0.04749135379721192, -0.1754091965001945, 0.04688688080996839, -0.05629779207941943, 0.007884431614348597, 0.004363808219560283, -0.019303966821313967, 0.010002869218453059, 0.014991120288915916, 0.028029225465207475, -0.04997601893221071, 1.0, -0.06179103893747517, 0.04657285193757521, 0.02589119560816422, -0.0972650614503161, 0.017342596100006547, -0.018907063408962532, 0.014144971664583728, -0.02177409329077773, -0.03110656426873515, 0.002148355478988506, -0.026219161418871817, -0.006669353971907377, 0.0003217876687253707, -0.00976051059586891, -0.08438711521435227, -0.12559421914974345, -0.10959682855874897, 0.006000483587561223, -0.03062273910379143, -0.038795593401105055, 0.023937463914084023, -0.03514971659756405, -0.11914703362884804, -0.05730942481370649, -0.14871621598050733, -0.072581717626651, -0.1110396065477468, -0.012076958659330783, -0.1316965869563964, -0.021507937799530863, -0.04209898532507861, -0.06718890732679439, -0.044010213518769215, -0.09723584884872305, -0.0697086668672049, -0.07083236353863587, 0.0161145575828483, 0.02290072499283735, -0.052681070781062544, -0.08031936668187889, 0.0009181407671958741, 0.12798277298891714, -0.04945334612207253, -0.0262636445811264, 0.025216164102308647, -0.04102054490296525, -0.18005763598861524, -0.10489830034495262, -0.1277565521361106, 0.009715335352196264, 0.10236412379212168, -0.22355242666488584, -0.06944828099403755, 0.012239304117791838, 0.11266867952771131, 0.09176168566156762, 0.004383544448290366, -0.11300116411506056, -0.09828970177016672, 0.013209612725644804, -0.17785936144957093, -0.032551252469569025, -0.1800738799881323, -0.00828582832876501, 0.06324639427663725, -0.17518912627604233, -0.1429992738442014, -0.01797781391560971, -0.05148426736919509, 0.023068158767466707, -0.054628792760090805, 0.03595183436070626, -0.010792446606642248, -0.046287106300214154, -0.13652575317348603, -0.007870937188858562], [-0.12222435149566091, 0.059060603937669987, 0.5267224209162671, 0.010520087477629225, 0.8601623451596893, 0.08905621961948973, 0.6962132956711491, -0.03050223324226642, 0.4746545447538828, 0.5819668235440344, -0.052198865454108345, -0.19256921179583264, 0.8857787717225927, 0.035175614700762026, -0.14482186748712467, 0.7576625579381508, -0.06179103893747517, 1.0, -0.04626906868134406, -0.19766021451874072, 0.7134404632203388, -0.16878695591397763, -0.12320890483217894, -0.041823365442361204, -0.0674818833510249, -0.13847160506159883, -0.07992529934381842, 0.016667013712304946, -0.2264966232519403, -0.18813805920294757, -0.2770698173951214, 0.708588512769137, 0.06899659355460785, 0.6830064592701534, 0.011344666553235405, -0.100238277398631, -0.32747495925337033, 0.10310965138674977, -0.4259805984638281, 0.7603673863388816, -0.1650849122740663, 0.2318617911243347, -0.18829387475048343, 0.7208729701575012, -0.20631495075043738, -0.17638676716374735, 0.28697940703264047, -0.17968629979529394, -0.2834028508668922, -0.004374508290245771, -0.031261275242410846, 0.7447085589907365, 0.03358466460328069, 0.10217714538762335, -0.03108951273758187, -0.042069019220477344, -0.18585775429322382, -0.04336172222516699, 0.00889229811395531, -0.10965656142226021, -0.036939871970865346, 0.005123345438481586, -0.11822372302553363, 0.10026301595894971, 0.8108872626562447, 0.2917254041177585, 0.4488074979613823, 0.2806320490808818, 0.3820681260736434, -0.16034029349029355, 0.35516259330356426, 0.4211907694873058, 0.39610314082878184, -0.26401553195429006, 0.2004157950560539, -0.11653441200713033, -0.17397860127410736, 0.06371533448311184, 0.07514473215007889, 0.14018911635814424, -0.0032948965729597823, 0.01443149864220461, 0.6381231926004273, 0.026153294902563462, -0.38892970281152595, -0.1267077363027238, 0.002783147643433015, 0.020695965493321644, 0.01053526328371468, -0.13540701884138806, -0.11722586048979378, -0.24930048203253796, 0.2135717610641592], [0.13533994957063267, 0.10871351669452445, -0.14031508981738705, 0.15372403265196855, -0.1888900675651568, -0.15449783774566406, -0.01819641425773444, 0.08667529613429859, 0.04552022230961894, 0.3252827553756559, -0.21219634061794768, -0.2148563140121058, -0.1768154513483844, 0.2009591814916114, -0.045816633961109465, -0.3286578301292671, 0.04657285193757521, -0.04626906868134406, 1.0, 0.010598753744791134, -0.20744290787155828, 0.04047303263346291, -0.0015119703371453408, -0.02878499331283635, 0.21637690937166, -0.1072452783538631, 0.09352455304694818, 0.06537206901561543, 0.02809617388807062, -0.102750885260672, -0.13754917776379383, -0.4309804692408221, 0.09938043698641175, -0.06261740035380092, 0.12392082443450791, -0.0706359657176987, 0.1635586991569804, -0.02029720469172136, 0.20758986707020122, -0.2624781396487077, 0.2649642632040221, 0.09922854383961632, 0.22516427514770387, -0.11819065967089415, 0.05622519875344145, -0.19832764770477462, 0.14372833610993097, -0.4187619879582196, 0.11477454765732942, -0.18009321531955536, 0.0072068250957760815, -0.08625613569874879, 0.2012371050114965, -0.15225478219023758, -0.05680722857600351, -0.14809474325410377, 0.03104714152437349, -0.19056870714633423, -0.14680405728271761, -0.14580861655296462, 0.12478447625761113, 0.008638366791538066, 0.28011146055352354, 0.1787978644665713, -0.1829435701637785, 0.18138907363779166, 0.10890207922286932, -0.08648568965521797, 0.11621533074730195, 0.03659883085744842, 0.027609237626089023, 0.0209227313957685, -0.1834468322013305, -0.23323744204476493, 0.303035251478875, 0.13891413460221613, 0.02282783492829188, -0.08348669971938594, 0.261519806981902, -0.11473368068011736, 0.09149074846618255, 0.26307970815410486, -0.06823055632465236, 0.021343014343318423, -0.10790020145778279, 0.26107641683979677, 0.0798872926798131, -0.04942402381219213, -0.22065286755563518, -0.3166268963016676, 0.2547194919002709, 0.21363978851692234, 0.0722902665942704], [-0.018300215648475504, -0.07562626283589169, -0.2908377609673476, 0.02335877779826878, -0.12850340601375754, 0.07748910189710867, -0.030743800564560164, 0.02850345208695171, -0.07046260605496868, -0.14821061290167603, 0.03314503695626536, -0.012079468698583673, -0.19244216801975833, 0.21521497280377744, 0.056161667860966324, -0.2096799917333192, 0.02589119560816422, -0.19766021451874072, 0.010598753744791134, 1.0, -0.17298308082546154, -0.006094662903272097, 0.13367984096114705, -0.000860134328923845, 0.047457943201825836, 0.124740500575524, 0.0774767612466114, 0.13183908605607753, 0.03486459054543478, 0.0752281768415467, -0.10142431722499023, -0.33355556405123243, -0.25425408645128433, -0.3223730647383398, -0.20186927121876908, -0.13803977668721368, -0.09427531229483188, -0.06535138462862844, 0.07631250159167147, -0.2822430090708514, -0.24508773986166488, -0.03708065262133209, -0.1059077030623492, -0.37185649212695004, -0.16422801320675395, -0.06503531475657676, -0.19084071862783647, -0.0069247322812262535, -0.24497153616930523, -0.06803622283022381, 0.11980984322628574, -0.2170747017236585, 0.15197645822836947, -0.08712122366941388, -0.010873499294325129, -0.057133228998091035, -0.026496268161632974, -0.03444431103663459, -0.10277548331054809, 0.2302079316491804, -0.0006357199338025143, 0.012897277816623753, -0.08550699498277003, -0.02221788890991072, -0.12625037363565728, -0.19018702209151783, -0.11254575138054124, -0.07106055081695728, -0.22116724058219717, 0.15200485910838868, -0.1190786704075979, 0.1162127504245345, -0.2103650742927048, 0.01710120144325522, -0.058831954857059277, -0.10640806723065466, -0.06127486662335002, -0.02740968981556824, 0.005878892177413442, 0.14430504282430157, -0.12249792567127016, -0.04759036697928298, 0.00821271487005426, 0.07298118338639492, 0.23522359266112447, -0.06156123342177433, -0.02063927832148371, -0.07061662733467355, -0.017280175993264146, -0.05454047593700895, 0.013614289750827013, -0.032099333532948915, -0.21516575987481557], [-0.21120609850517624, -0.10116805661660644, 0.4807226464473162, 0.1262200737898902, 0.647879627938436, 0.028369338059732407, 0.37600302249143225, -0.12869980829085437, 0.29722517295784967, 0.28542367128925306, -0.020860319373402714, -0.23101638412001746, 0.6416259017496923, -0.16861042525793057, -0.21470737494989933, 0.5833146320734927, -0.0