"[[1.0, 0.3599120375662699, 0.43663600450610385, 0.3114881228089974, 0.2404548946484375, 0.2453140291482705, 0.46273649478987333, 0.26186296987958335, 0.38687108071002396, 0.4174491794301538, 0.41080117407881844, 0.24969481774181124, 0.38417732889013423, 0.3469777152043332, 0.15108728609551136, 0.36401538635315345, 0.12423813079897872, 0.31014920767359855, 0.2597625318093165, 0.21024382607866732, 0.2747047810686949, 0.15245056045862393, 0.21642184868130587, 0.20798340977353524, 0.20047881978683635, 0.2012838235053056, 0.15533355880836142, 0.18756324451401918, 0.17361145645404485, 0.2757020336629563, 0.2936549974499032, 0.30968234561677077, 0.3794832407687536, 0.3371466020283137, 0.40422960233833594, 0.468800619378015, 0.36071803127860513, 0.34259729903671543, 0.3371551960985246, 0.33326823298317565, 0.4533744164041378, 0.38393477986591873, 0.426722222062242, 0.4147770841080438, 0.33441714048928395, 0.47089701804344375, 0.4527427385852676, 0.25466720192251024, 0.2921246256203477, 0.24725879365815429, 0.2539902795624629, 0.3343665994773951, 0.30434985279309956, 0.3193020449093409, 0.14614976976761918, 0.13628514240023437, 0.4319312907670617, 0.18620987876867057, 0.20600617999201598, 0.39221777437356065, 0.180167805279835, 0.3514527674335325, 0.24830558616674514, 0.4318100444444837, 0.3136399497480036, 0.309427895248658, 0.29401380738238136, 0.2359262662748105, 0.39830416675447344, 0.3291789410659074, 0.31878173477275307, 0.3646180283347018, 0.2989132542002345, 0.22432672615555604, 0.35899181732225927, 0.24320504734442772, 0.3188277501409764, 0.33960249271321596, 0.34564618305850026, 0.4487589029160697, 0.3399112749273978, 0.39435932625731973, 0.3824513238209275, 0.4267217636700589, 0.2411125836563599, 0.4107134459725017, 0.4251487858022467, 0.13426448519275336, 0.12538975296561294, 0.1508499831336294, 0.3688739075467815, 0.30977895072740913, 0.3874425219781201], [0.3599120375662699, 1.0, 0.5286201090238097, 0.44840154779073815, 0.3304372335317409, 0.5018503024299854, 0.5032956355100445, 0.2327626397055329, 0.4347175653371167, 0.42558476286611246, 0.3368719699326532, 0.4947618289822098, 0.38464151817978864, 0.2193364281327267, 0.1273355250379583, 0.4219953158323042, 0.09803060875165359, 0.3536403199439848, 0.46422194377676895, 0.1747009218832376, 0.36827786686924946, 0.19053473786773945, 0.3312848761349849, 0.19754335525795086, 0.26063386254023757, 0.15814010705260018, 0.23495120134958236, 0.21624672826480895, 0.3172924651447875, 0.331896538595583, 0.12665465781356078, 0.3050146733152752, 0.48140148913653247, 0.4081961139277326, 0.41194530836888177, 0.3891606882844858, 0.5394134323205982, 0.4953546798289523, 0.29644277862801505, 0.28942018628170674, 0.31800545612151665, 0.4039314608120592, 0.4462062934856651, 0.2776933328660274, 0.1009394907049388, 0.3540937951494628, 0.46358939444523584, 0.261721379705117, 0.4427723788648539, 0.44313138669703944, 0.29182624999423257, 0.48132331911513426, 0.34359990741495783, 0.3986556732307833, 0.1471625499214393, 0.3918866827208308, 0.388903030417465, 0.14390492477161843, 0.22979550140246985, 0.472916188774802, 0.43907430868827535, 0.1926350507705108, 0.27621774210769834, 0.4289181670778568, 0.39088624279809936, 0.3839938957574528, 0.38732499773937135, 0.47046586879017116, 0.40681186064336927, 0.38541342625436026, 0.4064222112729634, 0.4274725312868417, 0.3957975607208313, 0.3109222489835528, 0.4585458059922344, 0.20731288845246376, 0.3768293846999977, 0.4831418413106534, 0.46107132815123597, 0.470445723405437, 0.38376819679048346, 0.3801830935325723, 0.4960453493859539, 0.3661462233198651, 0.2925502354114874, 0.292928696031303, 0.22791110926143376, 0.11624328617757773, 0.20852315765840013, 0.21755911216332735, 0.6016605946727911, 0.3805351770491081, 0.16862505843254383], [0.43663600450610385, 0.5286201090238097, 1.0, 0.7442267518410007, 0.6600878214958064, 0.5183395118137464, 0.8817641955096563, 0.5356209780138951, 0.9341830426982237, 0.9053692044705677, 0.48665658189835925, 0.4701240426655904, 0.8039278314607974, 0.4518713276555102, 0.2047346260899604, 0.8131548547070198, 0.2862212316946552, 0.7792630766590345, 0.5631006022098376, 0.2335223340139202, 0.8178079235599011, 0.28407024470490017, 0.2917037179045555, 0.37460237477378777, 0.3465536882253861, 0.2934603422415849, 0.2741751658481475, 0.30786254275814195, 0.26895401723102763, 0.36033559676803617, 0.3105560510911618, 0.8187539087612967, 0.8214898290639321, 0.8354932145314926, 0.8270712540797727, 0.7467244778220827, 0.6754476218212218, 0.8827500875535171, 0.6940757009333305, 0.7711048186300059, 0.7566734193132277, 0.8983179334245462, 0.7968351228573761, 0.8386414547180295, 0.3881700007998867, 0.7394416669117162, 0.8718460523001917, 0.4251195466200973, 0.6033659430108068, 0.7403643268818955, 0.5909552802165418, 0.8544480555042349, 0.6535541267252618, 0.6124324037260074, 0.2955500303247439, 0.5270349938137975, 0.4448294024020648, 0.4169532646657661, 0.4253174880880858, 0.5598369033145103, 0.38318045938642853, 0.4398417327158757, 0.4762461407217419, 0.86272709037558, 0.7848624040710334, 0.8021227398610523, 0.8615034336824382, 0.685031465040476, 0.8826609406038254, 0.736179490026883, 0.8566630181057813, 0.9016049752085468, 0.8003610361937575, 0.2855630662633504, 0.8441046155414056, 0.5040088366294606, 0.6358206093017974, 0.8414821352742766, 0.7601374733630325, 0.7731295287479989, 0.6116472358755273, 0.8116281625626331, 0.8853998882357152, 0.6852857951457485, 0.7136290577781732, 0.7627370696401918, 0.5628429818183202, 0.5248878706022715, 0.29537010015083653, 0.47981354810226096, 0.6622989278844672, 0.8102931449645291, 0.6051931160825172], [0.3114881228089974, 0.44840154779073815, 0.7442267518410007, 1.0, 0.550239315262066, 0.5634976987120354, 0.6615105835969655, 0.4440238508192442, 0.7272810016502599, 0.6445809138155727, 0.3901347320881834, 0.24240965874393827, 0.6024984707423287, 0.4019030525621148, 0.258398567972707, 0.623822027030382, 0.19402626965025538, 0.572185423223481, 0.6808983114831851, 0.39786719426907524, 0.741898585751614, 0.33952863320585513, 0.24839132168870848, 0.24368875966755832, 0.30268685446172405, 0.31309838452778616, 0.1757755571792683, 0.3218216231459641, 0.3654842281748941, 0.37966659439736294, 0.4738241940518626, 0.6212102837375728, 0.770914913910024, 0.7149999812350155, 0.6506834803574114, 0.5804094918752388, 0.46363310486826836, 0.7298548131692124, 0.669077665825342, 0.6048685906023981, 0.673129935635916, 0.7227644341400357, 0.555407782640939, 0.6131638927579283, 0.5428934052137946, 0.6587253868251682, 0.6659907275804795, 0.33381748516414067, 0.480537878917205, 0.6449241221150079, 0.540559384676225, 0.6890539829756479, 0.5007136436819355, 0.5700786586166212, 0.24662469205147453, 0.4147745010813151, 0.43572838243397327, 0.44920611215585116, 0.4241760324384056, 0.578692351907882, 0.5546909049149812, 0.21054061120115564, 0.5893199660857656, 0.795202764017123, 0.5896684857370688, 0.7264357412154306, 0.705915631793245, 0.5995147700053037, 0.7096262220132507, 0.6928236305727976, 0.7361170411634904, 0.7383337546856703, 0.6793247687670038, 0.21115361113606768, 0.6481348563014485, 0.34460636891267893, 0.4849453785428921, 0.6772396962911623, 0.6802717715056095, 0.7352828728678895, 0.635330686919713, 0.6906638084345555, 0.7181999917423477, 0.6436374612885447, 0.6838048866873887, 0.5832845376288704, 0.47805010127788106, 0.35094623477191567, 0.2961768798350325, 0.4078184948194449, 0.4748519233146047, 0.6768289494458486, 0.41760565364358093], [0.2404548946484375, 0.3304372335317409, 0.6600878214958064, 0.550239315262066, 1.0, 0.3816425218676134, 0.8177191469066443, 0.21660566652203395, 0.714301030921682, 0.7162307006607106, 0.4067621653405158, 0.41861635641773565, 0.9337657307899293, 0.384830649664451, 0.1659159432783699, 0.8764681747707865, 0.20700796109573216, 0.9605088272059578, 0.3994081744261214, 0.2884462289816625, 0.860994895202059, 0.305882688088164, 0.22895710672465786, 0.28935810329033096, 0.2934059234791815, 0.27308765592001505, 0.26938399965706816, 0.2105382740354167, 0.30310716283299155, 0.25916073610060186, 0.38614309914713285, 0.8732294852920661, 0.6410115533610795, 0.860884863747174, 0.5803776556595736, 0.5580807764971853, 0.34504971190792855, 0.6323751937074433, 0.4957994950558028, 0.8717077441672906, 0.45851097602748636, 0.6690845112542535, 0.48475628269461657, 0.8398902549956798, 0.24282049175291043, 0.4920988302919357, 0.6115647518675182, 0.2647845937659191, 0.4122654323395707, 0.47688745919610265, 0.3799453018965102, 0.8572668498605719, 0.5697828313210412, 0.5362327177251278, 0.27534708239843453, 0.4020771455369222, 0.38072101957910043, 0.5243863849449971, 0.46590020711870106, 0.5161601347779933, 0.4563740193802547, 0.4400366504263016, 0.4271124788111399, 0.7126841110372775, 0.9238589068910327, 0.7364034104330621, 0.7207540994068378, 0.7230284103147575, 0.7326339163431963, 0.5151567426765277, 0.746112660213967, 0.7113926232524465, 0.768625665923054, 0.15611273851371543, 0.6767087803591865, 0.4100158035265812, 0.5435526348656904, 0.6441175213681809, 0.5295592569186484, 0.6962001479084958, 0.32228170871258, 0.65116655396066, 0.7932619355724037, 0.5815122078162144, 0.3243396376866462, 0.48063208489288334, 0.5238011668480245, 0.25583991492300806, 0.28373042306168883, 0.18374220587489387, 0.39433723864353987, 0.5198914134790686, 0.5020328552092959], [0.2453140291482705, 0.5018503024299854, 0.5183395118137464, 0.5634976987120354, 0.3816425218676134, 1.0, 0.47833069247543136, 0.29581614480381935, 0.453743180348819, 0.43530500007015427, 0.5038656615094944, 0.26858850029618986, 0.41791276792412846, 0.30885986910490393, 0.1741892989316508, 0.43124187954957516, 0.14364976571208865, 0.3878431234572123, 0.18730200707568412, 0.25980243164401173, 0.4709777722746875, 0.23634035739809944, 0.1606914720230599, 0.17247584127281246, 0.23252410888103747, 0.31849570430494023, 0.2059725269031687, 0.22301871206741097, 0.26815592575189173, 0.2367721138022688, 0.17016589956933026, 0.441670575768204, 0.5172515255348079, 0.4764728425693674, 0.3921135824258717, 0.5201587501990168, 0.47059288432946444, 0.4682416083953638, 0.37679059869744147, 0.4214687510490035, 0.3804019200461837, 0.4443683806494838, 0.38432782253382924, 0.40281915872052776, 0.23709339536057938, 0.413155281150696, 0.4355885052395001, 0.2132753467298687, 0.3712840288011856, 0.33195856688412184, 0.25549756973071824, 0.44894980912171767, 0.3814518392742906, 0.4007014683921135, 0.2240629394263267, 0.24667083492334718, 0.16280138938850586, 0.24845251995843054, 0.051752521798723694, 0.4656180004885937, 0.3296832579685268, 0.20305537099290472, 0.6336043005216915, 0.47814073321144446, 0.4514706970637108, 0.3986620424510434, 0.4183693924830737, 0.3939841767342618, 0.33565701333804987, 0.5589238054656535, 0.37634292837278605, 0.48056018476031714, 0.3368751049693377, 0.34304637934723736, 0.3660804309738861, 0.2780551502831059, 0.33319569093994006, 0.46426471655527135, 0.4640058308728354, 0.5673962963559305, 0.17207040106132276, 0.30103287945765755, 0.509138786362393, 0.4364084093270697, 0.36400339976438345, 0.2325215006926279, 0.3576147691784872, 0.31173961175312537, 0.11519271760582206, 0.40156126113152946, 0.4089570269833229, 0.4494536794558477, 0.23575057039420588], [0.46273649478987333, 0.5032956355100445, 0.8817641955096563, 0.6615105835969655, 0.8177191469066443, 0.47833069247543136, 1.0, 0.4730103118127289, 0.904553544674346, 0.8900660772806072, 0.5585134632680234, 0.49092359889994386, 0.8951511641531711, 0.48989722084120013, 0.30060462751707173, 0.908561787649971, 0.23498047835715752, 0.8777850136561333, 0.5388345388140475, 0.3910701171626403, 0.820635849038149, 0.3186691066772933, 0.4317537329714852, 0.38433323337400216, 0.38746738524220514, 0.34633820954864136, 0.3433764980193368, 0.30682935460043526, 0.34903446540159233, 0.37137036046640826, 0.351843749177872, 0.8905944711190092, 0.8456124387444249, 0.9026268640475166, 0.8446264747677633, 0.8069445384310192, 0.6791028961154748, 0.851929816415458, 0.7274094006098792, 0.8679104442690987, 0.7344699983636748, 0.8916470024755585, 0.778200844755078, 0.9173638409011389, 0.4172579657880846, 0.7670189484336284, 0.8404415934078229, 0.4127858670935459, 0.5913546855581098, 0.7458238608645619, 0.5265738471020643, 0.8957526775840612, 0.7271685134603995, 0.6575114998359635, 0.26335728108156076, 0.5273844164994662, 0.6057047823026745, 0.49152228107417306, 0.4966233255904826, 0.6800729606287647, 0.4136165652168793, 0.478882222354033, 0.508320305309044, 0.8832556194462939, 0.8929063782852426, 0.8043351514787226, 0.8958391625180607, 0.7780066062608132, 0.9121726536631786, 0.7873236834194964, 0.8994096090007758, 0.8890182813421311, 0.8354084224774295, 0.40531626083627603, 0.8630527480373283, 0.538193254428525, 0.7422560893348958, 0.8577026140415934, 0.7280958405474742, 0.83147596244007, 0.48123256466936715, 0.8181030427491826, 0.9264474718351622, 0.72691060144506, 0.6154646119045146, 0.6494646537469642, 0.5710669214950798, 0.5301502202326044, 0.319389609553006, 0.26208579718010894, 0.6098342151348045, 0.7692162796819296, 0.5262134083655853], [0.26186296987958335, 0.2327626397055329, 0.5356209780138951, 0.4440238508192442, 0.21660566652203395, 0.29581614480381935, 0.4730103118127289, 1.0, 0.4709936856965571, 0.4692859594019596, 0.3052803411687708, 0.4218123326629375, 0.32579892202010685, 0.2980852395170801, 0.17457876953666296, 0.4280292415625515, 0.21345120176849464, 0.2958466700122133, 0.3780557344442246, 0.29061772717977585, 0.31392723349820695, 0.1522332554351422, 0.21882142890901946, 0.2700790625124889, 0.19960500722242625, 0.2312140749113396, 0.19725321223508996, 0.23459126725344193, 0.35314079865640946, 0.2288540700973587, 0.1859297749608111, 0.32785058432991043, 0.42697823395953194, 0.4118406961627241, 0.43926029401419053, 0.26703981566558577, 0.3966642188356103, 0.46098517343367285, 0.5104488563536537, 0.3460409136215489, 0.3657735588930169, 0.4600403947681655, 0.5056543486855801, 0.3639314105356186, 0.22175843709776877, 0.4285065867148482, 0.3105326361457731, 0.23879901357296218, 0.3646484398759047, 0.4363166271292601, 0.2619131559877379, 0.365894252510507, 0.4379882176722132, 0.40826921244525194, 0.15653478240641938, 0.1150199561958859, 0.12106954022999528, 0.20586359858359093, 0.24521751467962183, 0.31986185262746913, 0.20695118236255416, 0.37301118031345215, 0.3619181128436404, 0.5338030676037019, 0.2797290340323111, 0.559388458338738, 0.5264459008770739, 0.34998215840248326, 0.5675265618191963, 0.6320903454884723, 0.3592705105535079, 0.42236427995771897, 0.4224183505899637, 0.23185654776558118, 0.5402310331450776, 0.318760953445538, 0.34981214118399695, 0.32583440034807964, 0.41124588519518734, 0.534771693721323, 0.37785898417518227, 0.4060741253225031, 0.40437714303207783, 0.3383214866749009, 0.4946314691169136, 0.23764012843707039, 0.29412686577782154, 0.38912298272706347, 0.20545498508123017, 0.07035022187598827, 0.2572277717069219, 0.3315228704927813, 0.43280612211450575], [0.38687108071002396, 0.4347175653371167, 0.9341830426982237, 0.7272810016502599, 0.714301030921682, 0.453743180348819, 0.904553544674346, 0.4709936856965571, 1.0, 0.9095752202295023, 0.49749931194911823, 0.47900571240618106, 0.8338505066239464, 0.49374796021826195, 0.26676068069064796, 0.8624401300407726, 0.2834681681442057, 0.8031928202055479, 0.5982429975534214, 0.34550323213173284, 0.8121730659904294, 0.38147358161629097, 0.3511625544843928, 0.33112970791584195, 0.32675516202922816, 0.3781721050228182, 0.32795449430523416, 0.30870589090802625, 0.31622910923768743, 0.26220911067908914, 0.35479014128306285, 0.857424740696975, 0.8422458736714749, 0.8770576345900798, 0.833621276047405, 0.7148517615044343, 0.6006735973616961, 0.8535028480334903, 0.714475087125877, 0.7827820059280198, 0.7327641526643447, 0.8946711219492086, 0.7906570656951728, 0.8500129312548349, 0.4838771762802043, 0.6937367898540073, 0.8508810365379155, 0.3273529178756648, 0.5687601855916513, 0.7870433652412717, 0.5594692806066863, 0.8672482076523352, 0.7158476825887445, 0.6038005919131999, 0.27342571352205636, 0.5272616603264447, 0.45340720744428586, 0.42709346638072376, 0.4614301947756304, 0.5539248779223569, 0.3713919487967303, 0.4326715088260673, 0.3643649764650194, 0.8866401159568944, 0.8428553863271837, 0.8590896459425378, 0.8931466261056092, 0.7419419420604736, 0.8975565120206739, 0.7726958926216757, 0.9120942272517981, 0.9333176657067173, 0.8617836552044749, 0.34524273372224235, 0.8710064900268595, 0.5855663181736638, 0.6783438369695666, 0.8654923535305706, 0.8326664412897092, 0.7519994797907887, 0.5607881974163728, 0.8774754895492948, 0.9032042359931731, 0.6840693499843045, 0.6971123062976999, 0.7438174210064937, 0.6289634904447589, 0.4980955611753045, 0.32671055338300214, 0.48815507528385904, 0.6304446499212297, 0.8632411915027851, 0.5757887165839072], [0.4174491794301538, 0.42558476286611246, 0.9053692044705677, 0.6445809138155727, 0.7162307006607106, 0.43530500007015427, 0.8900660772806072, 0.4692859594019596, 0.9095752202295023, 1.0, 0.5205553840430394, 0.37543603817626725, 0.8423936291408028, 0.5515071481233027, 0.23801254437030994, 0.812360835799518, 0.2780097972803689, 0.8205786589000125, 0.6012453839775193, 0.286027927159082, 0.7937910946604009, 0.26049306157585006, 0.25363640348398997, 0.49677419507337783, 0.3136993360798228, 0.32023593337037437, 0.35584496157290646, 0.3017747215139195, 0.3988906119075162, 0.2741579066094677, 0.39613442187015413, 0.8163533824963883, 0.802455961956212, 0.8398624862386211, 0.7977957373367917, 0.7089029653886505, 0.664335156310879, 0.8485166289590108, 0.6487600930825316, 0.7470413632761657, 0.7076947116073823, 0.9058079346102987, 0.7852319676721405, 0.82740712774594, 0.29549095446370943, 0.6895067097885879, 0.868712294973803, 0.31486218846099334, 0.6113313125640837, 0.7027828821493806, 0.5771912936926333, 0.8461178712141589, 0.7097652607424298, 0.5641955148740198, 0.24758843834644995, 0.38195575062874076, 0.46332498291434, 0.3885488324394045, 0.4920897724503376, 0.5901207487385027, 0.3586621623317311, 0.4240157103141957, 0.4942330282978413, 0.8524088860639129, 0.8524120840056704, 0.8198747437255113, 0.8995478536293675, 0.729114135808956, 0.8678430847927112, 0.7392226384603126, 0.8755719859062261, 0.9069684792173955, 0.8113836065387572, 0.3897937477620408, 0.9130213452894433, 0.5390740973905581, 0.7392047829848394, 0.8785978521665496, 0.7964530828540595, 0.7184655835473599, 0.5406044375106663, 0.8544107730952294, 0.8939471677934872, 0.6285145734888673, 0.5920665943952298, 0.8196193985574256, 0.6023169021005358, 0.4879689102947965, 0.32824285570922607, 0.40178714464305876, 0.6229406172847689, 0.8250206132543815, 0.5931907723074854], [0.41080117407881844, 0.3368719699326532, 0.48665658189835925, 0.3901347320881834, 0.4067621653405158, 0.5038656615094944, 0.5585134632680234, 0.3052803411687708, 0.49749931194911823, 0.5205553840430394, 1.0, 0.331730069316857, 0.38981780694816126, 0.14822190256502854, 0.15042479809455456, 0.4942996544581375, 0.17733398125288447, 0.44324854328882113, 0.26411556007860293, 0.2186056645769786, 0.4079680100122913, 0.20834107942683677, 0.15546633769288598, 0.25253625181146666, 0.12197909069644985, 0.1826248637614344, 0.21784018571823394, 0.14838252505875227, 0.23115441161740324, 0.1236994832125996, 0.3181762221637512, 0.4711243103552697, 0.4934395408897829, 0.4658694819599528, 0.3364896148773968, 0.4458637943552395, 0.3681349794318842, 0.3900327897674315, 0.3347915295366738, 0.4336343065730154, 0.26103044177055756, 0.47098348020645175, 0.3766265708368971, 0.4494128340283826, 0.24740680681099847, 0.42751374882050674, 0.5006362836391354, 0.20861930600243717, 0.14501539904140248, 0.4002285064808778, 0.2827199122533657, 0.4291838429405538, 0.43949531010599907, 0.4217496076932852, 0.15903939729523897, 0.2955074219941092, 0.4473159494250063, 0.18080365948403443, 0.2545952241668361, 0.43811188383826294, 0.08581432602910777, 0.26286420043676184, 0.39874309337394864, 0.3884156891817354, 0.4887282713318918, 0.3419122900472269, 0.4065332356526967, 0.34439459595868493, 0.3757384361990459, 0.5647390082217678, 0.4903259019099687, 0.5224078485673007, 0.40019842924247717, 0.2980372301342099, 0.4091270902224631, 0.30843036420595626, 0.35290473512623755, 0.5629428942164288, 0.30076311913133114, 0.4350091129766398, 0.41900916169753477, 0.40221697971218384, 0.4541999272690025, 0.19073956232118527, 0.41522460276033313, 0.24988678324230973, 0.22454746447160345, 0.29813517459808714, 0.26518235646034916, 0.17167636816994547, 0.15676122594333974, 0.4660522862806997, 0.15591322572717636], [0.24969481774181124, 0.4947618289822098, 0.4701240426655904, 0.24240965874393827, 0.41861635641773565, 0.26858850029618986, 0.49092359889994386, 0.4218123326629375, 0.47900571240618106, 0.37543603817626725, 0.331730069316857, 1.0, 0.4166283339016916, 0.12625393177580535, 0.20307215152196845, 0.5276634367399012, 0.17153959778118022, 0.41560815004378804, 0.07788265683353868, 0.17708634378132015, 0.3906774552163521, 0.17065093359100936, 0.19456761987577953, 0.14693630052723672, 0.19141407324027981, 0.28417156576931335, 0.21510509813192158, 0.20415227117931, 0.3746310467087133, 0.2357080878965695, 0.3424490088235045, 0.43470409288547396, 0.467960653636587, 0.4214420132809642, 0.43458948969247135, 0.4745833358692435, 0.38289983296024643, 0.44539507469267936, 0.3528690108494692, 0.3973973007868301, 0.27850897878650205, 0.3550043678230035, 0.4194367682053377, 0.38513084968240974, 0.26128491271417986, 0.31634820561038945, 0.41450398391889354, 0.25061748825411523, 0.3044418609241363, 0.4581931988481909, 0.3550190087510371, 0.5049839665741495, 0.5111535415297865, 0.4460564156659834, 0.13076372819933857, 0.21698180662571376, 0.23139601210651284, 0.20914184725448415, 0.3267357774414229, 0.3760577213948977, 0.14783039421560207, 0.22711098586595746, 0.04875358867679869, 0.41158045135139765, 0.3964233836520408, 0.3581625311287491, 0.3720798774395109, 0.3196315323702599, 0.49651746104785976, 0.41364421020507436, 0.3876224860935771, 0.40195070360606255, 0.40720944384417446, 0.18724578062270736, 0.3804572592161112, 0.12978498037350028, 0.3068962042015879, 0.39103288013870463, 0.32086176270070843, 0.5233390267681056, 0.1469428768789931, 0.4460833404652239, 0.5061194748812543, 0.41670740903629544, 0.3061392215070573, 0.19409820270405964, 0.1787022037523851, 0.3107343073126263, 0.21592731893674943, 0.21124568652117304, 0.5035235132986794, 0.3788054067009671, 0.28453432939346246], [0.38417732889013423, 0.38464151817978864, 0.8039278314607974, 0.6024984707423287, 0.9337657307899293, 0.41791276792412846, 0.8951511641531711, 0.32579892202010685, 0.8338505066239464, 0.8423936291408028, 0.38981780694816126, 0.4166283339016916, 1.0, 0.5060659613226792, 0.17951989724223227, 0.9402600454757732, 0.27530087743362186, 0.9607656128337358, 0.4569135097037469, 0.27548246963955547, 0.8926266084676037, 0.32041672274756017, 0.27243022277560713, 0.3537082662426767, 0.3113846443585879, 0.26540380224214055, 0.23288627043889953, 0.24829056770430102, 0.32430852950542266, 0.3482392994328406, 0.3857919959511851, 0.9338219462263074, 0.749911893857261, 0.9309761905715382, 0.7390014272853294, 0.6612332294024594, 0.5053108812092453, 0.7536342979123388, 0.6107974094281381, 0.9120640490708299, 0.6393217233847166, 0.8055801133047867, 0.6749163998349824, 0.9187121045276642, 0.3246567283603501, 0.6330692977762421, 0.7436109560618164, 0.35857933698221733, 0.5733431625362112, 0.6119977213208401, 0.39820191083239065, 0.8974428299995132, 0.639040577083868, 0.5826384087600153, 0.2825155781149633, 0.4276953853662552, 0.40843805889460905, 0.5081434543559064, 0.4712264229121108, 0.5210689581804696, 0.4573646557098645, 0.48897360334107964, 0.44611136562865494, 0.8529448941591009, 0.9703798296592496, 0.8558227545988332, 0.8304772420670444, 0.8204273430394595, 0.8588804041569077, 0.6592684092790685, 0.8514439032069618, 0.8273451722341643, 0.8780927582286663, 0.3325717237840098, 0.8234817931213883, 0.5578310581967746, 0.6875643955048136, 0.7681723886273105, 0.6916331047087618, 0.774787648782099, 0.380414701616953, 0.7813063518732131, 0.8831109858996098, 0.6690882174917142, 0.4234296242761998, 0.6468936772268937, 0.6588425035128807, 0.3495972530278415, 0.3543713718255975, 0.3313040721026521, 0.5175424244918202, 0.6568456273303069, 0.6174509200602946], [0.3469777152043332, 0.2193364281327267, 0.4518713276555102, 0.4019030525621148, 0.384830649664451, 0.30885986910490393, 0.48989722084120013, 0.2980852395170801, 0.49374796021826195, 0.5515071481233027, 0.14822190256502854, 0.12625393177580535, 0.5060659613226792, 1.0, 0.1776616925958554, 0.4770676713523536, 0.1972174118498765, 0.40197705414176366, 0.36029909442887775, 0.33328403879199175, 0.3440212446192027, 0.21839847440747484, 0.21053235772199796, 0.2552643134380188, 0.24084701972310685, 0.2597538657167746, 0.20194582181863785, 0.2178771317639674, 0.27310975993712683, 0.256193415828302, 0.4240641250477384, 0.38833236170935925, 0.488507129110774, 0.5108041685096668, 0.513733952604174, 0.3655509982495877, 0.5257129862537351, 0.5360854477556753, 0.5042542190385002, 0.3970547009820682, 0.4721833252020302, 0.5178782244802911, 0.5802785035566083, 0.43746236818312, 0.18748022933798425, 0.43681603810196923, 0.37727207071530044, 0.19430873411417826, 0.4048631475937823, 0.3306182589181115, 0.42287845941326707, 0.4155734388208322, 0.536800050987519, 0.2053050867956684, 0.15552370659366843, 0.3406378515412376, 0.107902464970414, 0.4346327995635937, 0.22358315997735634, 0.3998137220381941, 0.1690267813367854, 0.4691782588799631, 0.2478596327978645, 0.6526779489569139, 0.4866553309461956, 0.5243585599394751, 0.523451857700989, 0.5135688041574362, 0.5050755697400056, 0.4245221499457973, 0.43820814144677644, 0.5822795334782863, 0.3861058143944306, 0.2943967534867755, 0.5760505853364848, 0.15917449287494312, 0.37524593162186237, 0.42091930337316175, 0.7301459478847778, 0.5385362587798234, 0.29587200941290825, 0.47868306023046625, 0.46903183542237703, 0.3747323064647481, 0.19396200174889489, 0.4284338972179108, 0.39345094239989, 0.27641953432178346, 0.33445435957614955, 0.20958289562451526, 0.28592639142888854, 0.5377571584498346, 0.08845845781117123], [0.15108728609551136, 0.1273355250379583, 0.2047346260899604, 0.258398567972707, 0.1659159432783699, 0.1741892989316508, 0.30060462751707173, 0.17457876953666296, 0.26676068069064796, 0.23801254437030994, 0.15042479809455456, 0.20307215152196845, 0.17951989724223227, 0.1776616925958554, 1.0, 0.25106909608406003, 0.12016924218450631, 0.14371492352088744, 0.16474041522952387, 0.17626364805989847, 0.14770347595907096, 0.13217756336912845, 0.15929318523008928, 0.10749317031040562, 0.12896935530701736, 0.1323814407257522, 0.16508529945409278, 0.13993482801929025, 0.18025864034672623, 0.13793313527836704, 0.12096162561951485, 0.2434654671614478, 0.23047304381088807, 0.20510724472251185, 0.19338380622680995, 0.2541814227554202, 0.20008788360084862, 0.235553971867135, 0.11946369300623205, 0.23272645652985036, 0.15452338044678038, 0.26374227036501396, 0.19343843194767796, 0.23572045109698492, 0.12404777088244634, 0.3185294429408383, 0.27075684584313253, 0.1572148158047907, 0.17782527993266717, 0.1655733430518267, 0.15152080189779138, 0.2186617840102043, 0.182950125847682, 0.2442775750539592, 0.09898037409057892, 0.1633079928163138, 0.2883876265640799, 0.21501882770196257, 0.21306293108234864, 0.2644909111791094, 0.16317143547282764, 0.09280545565173748, 0.14948181708926067, 0.2654821719480718, 0.16974641792095813, 0.21632252363525695, 0.25287911487299697, 0.1907122517731491, 0.245025807230014, 0.27002875155744, 0.2150421886094499, 0.20159644779239372, 0.15854540792344918, 0.1308592488399577, 0.2224915783803707, 0.16912265679336258, 0.2649198078316928, 0.2162266365608223, 0.2562761841202996, 0.30076333659180055, 0.20997179419774858, 0.25010141346159176, 0.27598756996845086, 0.31342187749124195, 0.28139657883560565, 0.18190353387245561, 0.15468062714960285, 0.15412687023332539, 0.12401407141401577, 0.12728524104704975, 0.24381269201489164, 0.25389621998755163, 0.181593185834086], [0.36401538635315345, 0.4219953158323042, 0.8131548547070198, 0.623822027030382, 0.8764681747707865, 0.43124187954957516, 0.908561787649971, 0.4280292415625515, 0.8624401300407726, 0.812360835799518, 0.4942996544581375, 0.5276634367399012, 0.9402600454757732, 0.4770676713523536, 0.25106909608406003, 1.0, 0.26724595179975374, 0.9146471214755123, 0.5013714282368369, 0.29542535465138564, 0.8749234460167452, 0.3344091537426477, 0.28721188230972294, 0.26707984866081713, 0.3911837184271434, 0.23914887832385157, 0.21862736878426314, 0.2766352320186598, 0.363664056869097, 0.31771035536064685, 0.4165565323938063, 0.9444541270474912, 0.8311703852976426, 0.9533040971188068, 0.7846770829500035, 0.6771389309121403, 0.5664622289860474, 0.7606459152693046, 0.7032100718114469, 0.9082093525847668, 0.6390161240896148, 0.8273882369043858, 0.7518737946852757, 0.9214582275447014, 0.4146326920001998, 0.6711413295885715, 0.7720913342845234, 0.33903316807102946, 0.6164677776598454, 0.7285308833876574, 0.45924629393242145, 0.9220057417164795, 0.726446062907906, 0.7139892872423602, 0.31840702699079637, 0.5588345523179133, 0.4873036712368666, 0.580329309630477, 0.5779489126755505, 0.6088164553609793, 0.45882970177986926, 0.5879387527629506, 0.43304627295955744, 0.8497892737113201, 0.938698537966774, 0.8744071814810815, 0.8309248463446459, 0.8343523819784047, 0.8895995290050414, 0.7291952039826752, 0.8523064588290793, 0.8251177235065348, 0.8983963867953426, 0.38199702613185726, 0.8295286820029584, 0.6388596736506444, 0.6892737503672898, 0.7997701125541009, 0.6931040567146837, 0.7592848663757146, 0.41629857705540263, 0.8159909137147905, 0.8814777316172917, 0.6288446080239894, 0.48681159611632707, 0.581386766213568, 0.693624584127308, 0.4508823329386231, 0.4320614765288371, 0.3782446112508422, 0.5032810067451277, 0.7056864469022847, 0.5993200701913218], [0.12423813079897872, 0.09803060875165359, 0.2862212316946552, 0.19402626965025538, 0.20700796109573216, 0.14364976571208865, 0.23498047835715752, 0.21345120176849464, 0.2834681681442057, 0.2780097972803689, 0.17733398125288447, 0.17153959778118022, 0.27530087743362186, 0.1972174118498765, 0.12016924218450631, 0.26724595179975374, 1.0, 0.19991372275522257, 0.221626733516036, 0.14733660726974984, 0.22023172590555018, 0.15251549037422318, 0.11603244377666433, 0.14976574300669054, 0.12025408868289422, 0.10792267203759764, 0.12357306710402094, 0.1191708694325967, 0.11970581604709296, 0.14205747940724378, 0.15470659281600352, 0.2308465563707649, 0.23310311681637252, 0.2589724135905562, 0.2817034941586919, 0.2521570508907838, 0.2165492538292314, 0.31150656401726806, 0.2632693629376842, 0.20210029843236976, 0.2191150614482924, 0.26144070421883714, 0.23145504249084836, 0.23709753015892132, 0.13378740345073514, 0.23088226255979083, 0.2511806616406633, 0.12740160145725965, 0.1599418557888872, 0.21963659845084216, 0.1413792703940523, 0.2659778040956051, 0.21267723607138367, 0.22944179952690735, 0.13786266146087955, 0.11648068717487425, 0.1643502515268519, 0.2450325399803307, 0.28398294511912736, 0.21839238383212356, 0.18293112138791123, 0.1904209892032761, 0.14097841630659214, 0.2341452315515129, 0.22390290723792694, 0.20671735663246693, 0.29334904699884556, 0.3327302851657725, 0.21248536750985736, 0.2706490567258102, 0.28374244609874144, 0.3481469935918311, 0.3226633123062538, 0.17208242382302075, 0.23795715881310064, 0.13707535887424682, 0.280507023313058, 0.18607771047759236, 0.2462016753014047, 0.17199806374814142, 0.16884713789620887, 0.3080889642390853, 0.22950294001638571, 0.16779571826334916, 0.22736887404934591, 0.19104295956197237, 0.26615550093839313, 0.13452618533548044, 0.1541948965019253, 0.1478333570636311, 0.19739204598345994, 0.22744332431656478, 0.16833412340919107], [0.31014920767359855, 0.3536403199439848, 0.7792630766590345, 0.572185423223481, 0.9605088272059578, 0.3878431234572123, 0.8777850136561333, 0.2958466700122133, 0.8031928202055479, 0.8205786589000125, 0.44324854328882113, 0.41560815004378804, 0.9607656128337358, 0.40197705414176366, 0.14371492352088744, 0.9146471214755123, 0.19991372275522257, 1.0, 0.4660265971690192, 0.2661922634029015, 0.9013853776868701, 0.22360925522834352, 0.2263328737075725, 0.30489952272040577, 0.30489139590166625, 0.2642808199504203, 0.2375901923727135, 0.3013074144354033, 0.31690295524868706, 0.2613645496071313, 0.32975130757115556, 0.9171684766658217, 0.6859562067292007, 0.8972521543977681, 0.6445373848586676, 0.6291651265156719, 0.42746997623721494, 0.6865334533287979, 0.5191115037532824, 0.8932711591226831, 0.5323316301749941, 0.7581570083917466, 0.574505363802976, 0.8988887850512278, 0.2537993219277894, 0.5711376267074099, 0.7146632229672635, 0.31130325086207433, 0.4619768358625034, 0.5410767937362854, 0.39490123607744243, 0.8992245506362091, 0.5775882643450275, 0.5346794052503376, 0.2771720374486488, 0.4515465647487886, 0.431092434079586, 0.48379938767437447, 0.45869389907727065, 0.5165310857901516, 0.39671383189453957, 0.4865952549662662, 0.44749399868274264, 0.7564702328811821, 0.9576990984497447, 0.7844244618980791, 0.7839779437892073, 0.7290876462861339, 0.8043845622484328, 0.5969648663913704, 0.8128588481371065, 0.7856005811113467, 0.8155495061929176, 0.2164344464120448, 0.7558983640783862, 0.47664879823667905, 0.6170792957660788, 0.7361217024537935, 0.5861010933297737, 0.7342794147981857, 0.37179629672239, 0.7464704243886026, 0.8691486707093345, 0.6221427125808665, 0.42092309917509263, 0.6054765411566327, 0.5958156697370183, 0.36124347420124403, 0.30761439448079964, 0.26497945960741265, 0.4776895127257704, 0.6029190236394286, 0.5863041495754868], [0.2597625318093165, 0.46422194377676895, 0.5631006022098376, 0.6808983114831851, 0.3994081744261214, 0.18730200707568412, 0.5388345388140475, 0.3780557344442246, 0.5982429975534214, 0.6012453839775193, 0.26411556007860293, 0.07788265683353868, 0.4569135097037469, 0.36029909442887775, 0.16474041522952387, 0.5013714282368369, 0.221626733516036, 0.4660265971690192, 1.0, 0.21189437057531157, 0.4627913961756329, 0.22299816814557305, 0.24456192186109926, 0.16387903326471875, 0.31730690716082277, 0.23143224460170841, 0.24809122044842957, 0.24083042482508388, 0.4721749238802885, 0.2369208912898424, 0.24303808432283758, 0.40263580980305, 0.5623067666071984, 0.5423819297841411, 0.4902685446791808, 0.3244516419568978, 0.43032711983964156, 0.49190881191498004, 0.48086074134418877, 0.3391531088965576, 0.41849574867099326, 0.5490114330151546, 0.49550118460975523, 0.43215547837242796, 0.35719201097475695, 0.42515815348382047, 0.5127403340423479, 0.08529374651756927, 0.39167928891370507, 0.5360746489824653, 0.2637671508232474, 0.5058204141039062, 0.3061727375184866, 0.33149273150173264, 0.18684572069306316, 0.35114701454657604, 0.4753936290425955, 0.2265553809678187, 0.4857817770290547, 0.4524343326192015, 0.2669381991612634, 0.27976296013680235, 0.40293873878979425, 0.5629722049237026, 0.45505736647891504, 0.6420616001811519, 0.5730772376376662, 0.49256069093522914, 0.5536465385209967, 0.44053940694704075, 0.613067089856999, 0.5502067682029043, 0.5633366085930294, 0.13022726416891317, 0.6072356216811523, 0.3769598135933705, 0.5309925034509689, 0.5785891958932414, 0.5775556788715378, 0.41872987396617933, 0.47795176210064816, 0.6493330619894631, 0.5089055835008549, 0.35813386119166846, 0.41874466798014787, 0.5318897550047518, 0.41850909084066457, 0.2200737234806618, 0.22804865475199687, 0.20089488575125525, 0.3337769895305216, 0.44869863878360805, 0.23091597645802941], [0.21024382607866732, 0.1747009218832376, 0.2335223340139202, 0.39786719426907524, 0.2884462289816625, 0.25980243164401173, 0.3910701171626403, 0.29061772717977585, 0.34550323213173284, 0.286027927159082, 0.2186056645769786, 0.17708634378132015, 0.27548246963955547, 0.33328403879199175, 0.17626364805989847, 0.29542535465138564, 0.14733660726974984, 0.2661922634029015, 0.21189437057531157, 1.0, 0.31746699204260487, 0.18068569796330958, 0.2734706711568964, 0.17090592612496414, 0.21484102892462276, 0.2666479430237745, 0.22357967237964882, 0.24983931994309205, 0.2636784129515948, 0.23465045618916713, 0.14673573685692776, 0.2323935815155267, 0.24966996927358476, 0.26336699240969563, 0.29526959197006364, 0.2990711684469176, 0.21875639958699877, 0.3301570205477854, 0.34703834266222067, 0.22421600994550106, 0.20534555415613176, 0.3490876102612006, 0.2592689803431185, 0.1994419365751363, 0.12786988626732243, 0.26727674905948795, 0.2649733436128451, 0.18582903491413294, 0.15021089088276263, 0.3260564990475183, 0.3868488873658906, 0.31913683320212105, 0.4126898875479683, 0.28683434739288616, 0.1442377891897908, 0.12236814899220816, 0.342704475211713, 0.17851400422942498, 0.26020699026556526, 0.40252715564241615, 0.24704359805142073, 0.1773560455521378, 0.14374223951254206, 0.353514105926629, 0.2966138649464096, 0.27718325103818076, 0.30958867163463133, 0.29247918557865615, 0.33593918005327217, 0.4474488201722875, 0.31885798695879886, 0.4039545587048031, 0.3152949070239266, 0.23496588945511365, 0.3160527927693475, 0.17130406832244216, 0.33997737403094264, 0.33256505695730554, 0.2872674091730323, 0.4369270340389768, 0.13382614272227422, 0.30138119563131505, 0.40781212075695406, 0.315359069866612, 0.41092210139749197, 0.19860728708682052, 0.26959180128886207, 0.17117738626901535, 0.148179811435863, 0.17769264939757445, 0.2657876410686484, 0.2792959026321753, 0.14006297695135095], [0.2747047810686949, 0.36827786686924946, 0.8178079235599011, 0.741898585751614, 0.860994895202059, 0.4709777722746875, 0.820635849038149, 0.31392723349820695, 0.8121730659904294, 0.7937910946604009, 0.4079680100122913, 0.3906774552163521, 0.8926266084676037, 0.3440212446192027, 0.14770347595907096, 0.8749234460167452, 0.22023172590555018, 0.9013853776868701, 0.4627913961756329, 0.31746699204260487, 1.0, 0.2316336155873273, 0.19204245168981782, 0.3109895231212936, 0.29541872773654954, 0.2634612524081993, 0.2212216198789685, 0.2376263263348224, 0.38368083894421523, 0.32638641731142115, 0.41776354348352573, 0.9164758339193727, 0.7629624431132477, 0.9029980866718983, 0.696242748823634, 0.6874535807583283, 0.46444441253690516, 0.7562819847675561, 0.6238690895341175, 0.8920221955378058, 0.6355205760776094, 0.7868783046604216, 0.5969335535819701, 0.8657697466534202, 0.3737858398419285, 0.6809460021757989, 0.759242753395479, 0.39858918297311097, 0.5269847190490002, 0.6062693998276456, 0.5536276707800566, 0.9258066310854057, 0.5703769893449543, 0.6750038703531691, 0.2583303611508816, 0.5327845263740796, 0.5067476200119129, 0.6233169631969069, 0.5091596054288995, 0.6258899240230354, 0.6011405216636244, 0.4855641249161584, 0.5054682449382328, 0.7982652110030766, 0.8989290613602369, 0.802642041595325, 0.7996339389167548, 0.7774182708662937, 0.8287895347094331, 0.6616584727349977, 0.832662474187868, 0.8121537400392969, 0.8570721735543223, 0.27719057976913863, 0.7284428132396139, 0.514558248031153, 0.6087337877332875, 0.7530547005341008, 0.6263212754580163, 0.765251236833546, 0.4840500470487228, 0.8032911374775029, 0.9159407437839024, 0.7105276997329834, 0.6403253516272743, 0.6768105382918036, 0.6917687726271802, 0.46604968854347817, 0.35994456807934894, 0.486587810012316, 0.591723921899437, 0.7238677793660869, 0.6967273873760892], [0.15245056045862393, 0.19053473786773945, 0.28407024470490017, 0.33952863320585513, 0.305882688088164, 0.23634035739809944, 0.3186691066772933, 0.1522332554351422, 0.38147358161629097, 0.26049306157585006, 0.20834107942683677, 0.17065093359100936, 0.32041672274756017, 0.21839847440747484, 0.13217756336912845, 0.3344091537426477, 0.15251549037422318, 0.22360925522834352, 0.22299816814557305, 0.18068569796330958, 0.2316336155873273, 1.0, 0.15342404474909987, 0.20893743539050857, 0.19163391396895857, 0.15837211134212603, 0.17916250487468743, 0.17013982419644458, 0.2160245360649854, 0.15756747858982745, 0.20703887201527515, 0.24266800992