"[[1.0, 0.3019318709516903, 0.44760242549511076, 0.2897847151849233, 0.20334094373964284, 0.2959205022421313, 0.43778072108223476, 0.2878433729063339, 0.365531827330263, 0.4265733280658873, 0.3540951987386405, 0.30882512461654155, 0.3273029485344794, 0.3453400409593661, 0.1550784235449021, 0.32606041598792856, 0.11379425828652767, 0.30690839435013095, 0.26676401531777216, 0.19499516842225662, 0.2881203883620409, 0.15143093574684596, 0.24971330676184156, 0.19892897081012206, 0.21674107681332355, 0.1668007779803926, 0.1516120569537367, 0.1849807376036745, 0.20963139985044976, 0.27257803595329677, 0.2044333107741244, 0.322609056146582, 0.4312208726214697, 0.3326206340112705, 0.4275629961402979, 0.4364387383299726, 0.45503990449313014, 0.39454645205358585, 0.4058570607677713, 0.3314669488822757, 0.38849193213568767, 0.433873371060135, 0.44450357072851565, 0.38820300348519443, 0.31352214216493113, 0.4687242089045537, 0.4048535624136935, 0.23325496091146092, 0.20631142301872485, 0.3124464464450607, 0.27453204522379715, 0.365790816319556, 0.3815069942420002, 0.3876173763646049, 0.15496079403067575, 0.10754825771686438, 0.2698590392865723, 0.26895584051387433, 0.23410876205561282, 0.44060832790573157, 0.029982958395808335, 0.37698520533312874, 0.2699338631461231, 0.465234848680121, 0.343923136976354, 0.3241918262082254, 0.2931931162814052, 0.3458910390813894, 0.3817172925691691, 0.45665185454775636, 0.3132951704298744, 0.39525104278062917, 0.29121765657799337, 0.20898543572301664, 0.36535866262091987, 0.2480347636394269, 0.22663666643009173, 0.3281337808463558, 0.43253259637702113, 0.4251869883234486, 0.4111644165788223, 0.38642459340230717, 0.3748429981088989, 0.415114727079128, 0.33298330667260023, 0.3320654749270311, 0.23513026348177057, 0.1370487662058728, 0.16944642555545797, 0.19685188388163022, 0.35588316732359704, 0.30896194645408137, 0.41453892422372207], [0.3019318709516903, 1.0, 0.4799441243887973, 0.495557035093109, 0.3509099102279619, 0.47013705055598365, 0.5193682362726424, 0.1790542129981486, 0.4692964411784428, 0.40422466816628266, 0.33507079267986306, 0.4245739275611409, 0.3714689609016605, 0.16688763378932536, 0.13787364331398844, 0.3906653907907027, 0.11128905967141711, 0.3966449430469371, 0.38189400036089216, 0.16088854351453175, 0.3847991497356732, 0.1778075271471654, 0.31205733914141665, 0.26133628224248295, 0.24434723080017484, 0.16302805421683297, 0.24366612486839634, 0.20658274997629877, 0.20238117947733658, 0.32626619295718484, 0.19258985927453753, 0.3073269006084649, 0.4308742281462299, 0.4126045936394709, 0.3978568646188967, 0.3869355489217623, 0.5015971356199566, 0.4904800914584053, 0.3011356496390789, 0.31107089244813824, 0.3116479997968933, 0.3999447040535865, 0.4022784412994156, 0.3104090701931712, 0.10539354976047532, 0.3576717777075047, 0.4328928493427928, 0.18485192790518956, 0.38856970441905214, 0.41185875879997536, 0.3754560569853047, 0.48442966392603515, 0.40711430755550193, 0.34731709861343685, 0.1324112405319342, 0.40467935623969553, 0.48705437888822745, 0.1184614934610243, 0.11837553217445551, 0.4879266013347452, 0.4289122093440212, 0.18725172339484264, 0.3462342525892872, 0.4030488944138494, 0.39741195142905283, 0.3736678028264643, 0.3705387345682669, 0.39765204466425597, 0.3900844874579821, 0.41680221548601226, 0.369423711614534, 0.416485427246724, 0.3727165070470748, 0.37990703239934476, 0.4352721308297677, 0.21951027381915034, 0.3863844151481378, 0.4781691437416602, 0.3867917521952381, 0.40288108613386053, 0.4073854244220929, 0.32025334640752057, 0.49771733028634935, 0.34200135764277606, 0.2912135255630537, 0.25884689691235196, 0.15455894325604036, 0.10274260003524294, 0.22353620404528096, 0.197233094882036, 0.540681083781744, 0.4040554917952859, 0.23436014292363927], [0.44760242549511076, 0.4799441243887973, 1.0, 0.7909894549988064, 0.7286206234394945, 0.5774314571802478, 0.887149713125206, 0.4988280133641041, 0.8836022156975298, 0.9269357965176535, 0.5188573071329338, 0.38626894359928987, 0.8498982335636037, 0.4352195196681585, 0.2020186261515492, 0.8499740317225937, 0.2763725316189135, 0.8126765069160087, 0.6113511981610874, 0.22245453517707592, 0.86807762678628, 0.26254374077207876, 0.2940043768856464, 0.36141427275178883, 0.35656795269522856, 0.3005354912658771, 0.282347584108511, 0.2996516321994833, 0.2944495505466459, 0.3610315358243522, 0.3377317292749229, 0.8257011814378825, 0.8435409791180274, 0.8224663690414705, 0.8228453027709954, 0.7505410741623264, 0.6868173276348688, 0.857024497751898, 0.6401280259613665, 0.7798275926512553, 0.7045351166118059, 0.8816354945977052, 0.7751798295034169, 0.8520221410905577, 0.35026321747838784, 0.7414912401443886, 0.893859936663728, 0.43863637964221613, 0.544629837373816, 0.7160038759859039, 0.5972186908929796, 0.8550607731167017, 0.6703108141230135, 0.6530209183843685, 0.28510714206129206, 0.4850106119972937, 0.4368358703898998, 0.41696528713445247, 0.5244834809395675, 0.5401818408353714, 0.43749911235488526, 0.4606906471619523, 0.4258750388424597, 0.8421684195699816, 0.8087113789852779, 0.7809051421944122, 0.8713710859605154, 0.735964304898192, 0.865018242920408, 0.6943101535443573, 0.8799575435580859, 0.9052719570672886, 0.8082142462334309, 0.30816226538703395, 0.8135643742689688, 0.4459056261017198, 0.6540427683538932, 0.7756104456659644, 0.7601781208580348, 0.6879671242815273, 0.6165232362154413, 0.7995335289719373, 0.8811576600483536, 0.7342670491613124, 0.7134451797087343, 0.7153713824781601, 0.4465210914796034, 0.5561319900368573, 0.3290821164588251, 0.48113751820974204, 0.588412836923289, 0.7579191617238766, 0.5357636657333181], [0.2897847151849233, 0.495557035093109, 0.7909894549988064, 1.0, 0.4980834532740914, 0.5231700507068443, 0.7278304625066147, 0.46980183969537725, 0.7924539335291285, 0.7674145726193574, 0.45040443099315075, 0.22338709041476867, 0.6181580383984938, 0.6299608835261851, 0.2880525638564877, 0.6339439520221174, 0.21062263484149635, 0.5755058348249606, 0.6564777230649994, 0.37112400151051284, 0.6857983722913414, 0.3315090797613729, 0.29125207426365174, 0.37401142469876913, 0.30264327179736694, 0.31959566620627555, 0.21761591686046133, 0.35584336013481743, 0.25073748258382, 0.2573288151619787, 0.348651835441682, 0.5894116127988855, 0.7409164563701075, 0.6938085141334059, 0.7144540901294862, 0.6687306747286738, 0.6402940956183287, 0.7453331661709389, 0.586099446257878, 0.5622947772893941, 0.631020235676544, 0.7651728518893268, 0.6524255702309754, 0.6618260801292613, 0.4521192685130144, 0.6277648358806692, 0.7490352309627999, 0.30942511016526186, 0.5538799703028189, 0.6320952641660225, 0.6724951367797287, 0.7058801040255589, 0.6845937704750567, 0.5124557514090722, 0.25961792742884215, 0.606668540912088, 0.6090676609198964, 0.4082542171591008, 0.3612419628329854, 0.533992243852139, 0.4911845221673439, 0.3779128597380995, 0.4587737088645426, 0.7718819946312171, 0.6047038379535543, 0.6555899401043409, 0.7306270039840101, 0.5746626856770359, 0.7164526867480067, 0.679084897123862, 0.7272735236471775, 0.8037608327300646, 0.6161943053618905, 0.3615788997050142, 0.7017291389743819, 0.27546602266017384, 0.5865211564907871, 0.714539685373686, 0.8011437430625998, 0.6084843980839671, 0.5519221854638674, 0.7092962210540321, 0.7830574421409653, 0.6659738152425867, 0.6692617941836176, 0.6904667851264035, 0.5540514428510316, 0.45081088073075604, 0.2222638663116726, 0.453082359351648, 0.5488325595087863, 0.8187008847969668, 0.357236764180211], [0.20334094373964284, 0.3509099102279619, 0.7286206234394945, 0.4980834532740914, 1.0, 0.44659104406403427, 0.8490050456965609, 0.29269437550286104, 0.7778494250777918, 0.7751142258932433, 0.4122420088163983, 0.3962083332140641, 0.9318959242699631, 0.3992105078813536, 0.1834359894166806, 0.888749139085428, 0.20710190440352827, 0.9465871766807875, 0.4597601648618176, 0.27138556565079064, 0.8625100494658227, 0.30293624441503786, 0.267717927904781, 0.31206695496746995, 0.3020423646983813, 0.275871866184663, 0.2631997388066849, 0.2056223330350162, 0.365941621257851, 0.2657540540042489, 0.33661967717261976, 0.8923129211421363, 0.6866726912144894, 0.874573683013515, 0.6284651152627849, 0.5884730457362356, 0.37235542627576723, 0.6661080319108499, 0.4876120395514826, 0.8958758910232537, 0.5191266222810693, 0.6599397963507867, 0.5406336922667591, 0.8526029837788281, 0.34224698178341395, 0.4779845810283405, 0.6491971849635721, 0.23411455226949962, 0.3574924609094281, 0.5058258236372198, 0.47963182606028576, 0.8604488852432347, 0.6461699705524723, 0.47604720780125764, 0.26987896833750225, 0.44460604180790286, 0.31677637199617803, 0.4936311733995966, 0.3956803977513843, 0.4936552799244849, 0.4810008521195607, 0.5724578172266244, 0.36423125564372283, 0.73437237824699, 0.9356458658782941, 0.7661549392329146, 0.7656700212562404, 0.7467678005632064, 0.7697512186642788, 0.5289277876263118, 0.7492092076119361, 0.7458582464765745, 0.7873814082571933, 0.14995449100501068, 0.7022232519302992, 0.4784593157502661, 0.546278471843636, 0.6213058217272341, 0.5762601245698793, 0.6812319793272956, 0.3580204398526273, 0.6210841342603699, 0.8004338665337519, 0.49629023728734367, 0.3856192236792947, 0.3885682007043526, 0.3674648916354786, 0.28013733758294557, 0.3080258550021353, 0.26260396717136125, 0.3548451859177444, 0.5269411066412271, 0.51988822199333], [0.2959205022421313, 0.47013705055598365, 0.5774314571802478, 0.5231700507068443, 0.44659104406403427, 1.0, 0.5042356402703168, 0.29864776320655273, 0.4572946227831609, 0.5051915984291254, 0.4205128448456823, 0.18290536807931035, 0.4694707941375478, 0.3374473863317715, 0.15465579904968962, 0.4880180802797697, 0.1370816508439795, 0.45590084629785577, 0.23862221763853286, 0.23975946406879134, 0.47953665548199154, 0.21724645306565316, 0.14807107990888513, 0.09805656992515088, 0.22914252369143195, 0.33534794191142714, 0.2081588999089351, 0.20481920983619917, 0.41139484700837736, 0.20636964507553313, 0.11913062947161568, 0.4521585380581725, 0.48287314724116026, 0.40684258476496904, 0.38548246084065907, 0.5233025896587116, 0.4727577515362743, 0.4086856133634482, 0.2912145166390431, 0.3750629692613948, 0.3124645001969214, 0.3900572094594772, 0.41587775647248315, 0.378504028574134, 0.1617261556945797, 0.38323209705988814, 0.5371692957332495, 0.2569396311034835, 0.2730075772432551, 0.4358942917263998, 0.2725747627962829, 0.4329656423026875, 0.34313973231014416, 0.30308217345985, 0.19416255277735317, 0.3160471589630667, 0.22438044638801036, 0.20417064718643596, 0.17970904560623913, 0.40084045026602344, 0.2019089877236122, 0.3264651747908853, 0.4949038203124827, 0.3873444121262142, 0.45394013487383733, 0.34695661937462197, 0.4456059433889855, 0.37663701250481907, 0.3747966878728416, 0.36705447013817105, 0.41136147733832873, 0.49571654591455894, 0.39533852966634475, 0.32442244525922614, 0.36292288942099127, 0.24064334671383647, 0.40588043802475926, 0.36633665557716144, 0.4400934478700833, 0.38667110467305654, 0.2500322665499114, 0.3178478518468093, 0.527148651975792, 0.45022298039946307, 0.3677971045031003, 0.21723424381447276, 0.19668309748514945, 0.3251501598619476, 0.1774898531063156, 0.4528646339558464, 0.3633466155393541, 0.2776980312209557, 0.1703214647155431], [0.43778072108223476, 0.5193682362726424, 0.887149713125206, 0.7278304625066147, 0.8490050456965609, 0.5042356402703168, 1.0, 0.5184337856596811, 0.9131807728163199, 0.8863740558551075, 0.5184519343901465, 0.4675393954609772, 0.8981791749058474, 0.4813865270413903, 0.30258385226446827, 0.9030923514093441, 0.23763388275387842, 0.8697145618648525, 0.5580685709491665, 0.39087999107773475, 0.8458239664470846, 0.31909299001530433, 0.4365365410501484, 0.37224020685544157, 0.38683325096046284, 0.3336024302046561, 0.328304003542764, 0.2947292781598243, 0.36695331990922253, 0.38695885224868953, 0.3602500809688096, 0.8858104653439756, 0.8667794430387907, 0.9057567279857862, 0.8424178724935067, 0.8054887784029641, 0.6823723983907162, 0.8607729532698802, 0.7060372874066236, 0.8770481288871533, 0.7212790914587435, 0.8659974824883181, 0.7724902746113543, 0.9168138903211548, 0.46022370354497677, 0.7394032255929455, 0.8430836267938964, 0.38593994954714184, 0.5428080324484851, 0.7345946117006988, 0.5577291235768265, 0.8912083357564243, 0.7559525996073803, 0.6118728210730913, 0.2629307998844824, 0.4997103796409691, 0.5204327701856256, 0.4850966061290549, 0.45698995461218206, 0.6647768598063624, 0.4859797485886552, 0.5293750231650018, 0.5151605255536176, 0.9173062519578548, 0.9010956294163202, 0.8387136015481254, 0.9031003262939286, 0.8048042178396132, 0.9318326455747591, 0.8041472570943026, 0.8988246693882588, 0.8828181011008052, 0.8406379805057146, 0.40160826898001045, 0.8580308311205812, 0.5323636494456442, 0.7373950308908799, 0.8112873607685905, 0.7870671858631455, 0.8110790820510534, 0.5169625392948439, 0.7747367899967861, 0.9095850998389476, 0.7083624352088576, 0.6528012233569969, 0.5692735215840372, 0.4355494811495454, 0.5082893352999779, 0.33947803942345256, 0.27449311951902566, 0.5887931999327848, 0.7451625545138146, 0.49390762403203703], [0.2878433729063339, 0.1790542129981486, 0.4988280133641041, 0.46980183969537725, 0.29269437550286104, 0.29864776320655273, 0.5184337856596811, 1.0, 0.4158836423139761, 0.531083273718228, 0.3966736617984733, 0.34519170544420963, 0.3762247125632391, 0.4053966969790621, 0.18151283087813153, 0.4290342106653491, 0.21657186462533873, 0.3059160572113093, 0.2409362785710255, 0.23720928954938325, 0.33797485928757687, 0.17617504530383366, 0.2388056073396454, 0.28959597916710234, 0.19727078333236192, 0.2504372948470416, 0.1989437433527671, 0.2327454948689136, 0.2928391126777442, 0.2151996379619916, 0.263157631201395, 0.3641276965942416, 0.47383417222862345, 0.40306581105072703, 0.40789240733139165, 0.3410998142480768, 0.4197440051176202, 0.44343177564205805, 0.2850601030099731, 0.37619240154675193, 0.38856443059310364, 0.48462085988006376, 0.4141352951311199, 0.4000027635510467, 0.1225813537040783, 0.35366333917667925, 0.32169265425948423, 0.24515032859667762, 0.328456327140759, 0.36179690554833344, 0.2438791920033061, 0.3942228995313044, 0.46878049678430345, 0.43100245880961063, 0.17112264576819092, 0.255580801262139, 0.12474931417659163, 0.12948949865744552, 0.22899117634095845, 0.26011493618620285, 0.4265320899474283, 0.3629110992321858, 0.25568654060923734, 0.5191942187516804, 0.34923938465146187, 0.4462601197833145, 0.568179831282842, 0.3630713351532213, 0.5472897510688857, 0.564634639067898, 0.37983392292730567, 0.4602171104241706, 0.3873427284282589, 0.38065320876363073, 0.5062964995502394, 0.22278450113182846, 0.36222597258558187, 0.28020772282624273, 0.4927025658599098, 0.46750685025639127, 0.35138002568047366, 0.37792099277480307, 0.4157014299059715, 0.3357549835507758, 0.5185175099774315, 0.25891275812383885, 0.3542973417485433, 0.43148255951356196, 0.1500410274111592, 0.05763827784936115, 0.2964859352646141, 0.3629266920375087, 0.24018065074389883], [0.365531827330263, 0.4692964411784428, 0.8836022156975298, 0.7924539335291285, 0.7778494250777918, 0.4572946227831609, 0.9131807728163199, 0.4158836423139761, 1.0, 0.8907383701741963, 0.48653234869857465, 0.4677029845557694, 0.8596050234431798, 0.46960530275038104, 0.28590804050794927, 0.8640809582081396, 0.2849205432392914, 0.8274046396181394, 0.5638863770577204, 0.35129194613163106, 0.8527553247015511, 0.3729075161662402, 0.3556115369657812, 0.3729709464525929, 0.3325855156100148, 0.3479836061349837, 0.327531157137134, 0.29410358365497613, 0.27613612035310986, 0.2618736351917753, 0.3581576767866148, 0.865035875404897, 0.8477353543827739, 0.8915287237807499, 0.8278210963037921, 0.7258227498881027, 0.6123407285444057, 0.8574651937052642, 0.6886463781162812, 0.7936012460366033, 0.6660496992308681, 0.8738838237698572, 0.7627352343842749, 0.8678029098469783, 0.501244764005016, 0.6407191862253414, 0.8557878177786516, 0.2556220327525185, 0.5505000662007897, 0.7650809621130698, 0.6244088182870672, 0.8768376400110773, 0.7620327123463153, 0.5582476184423495, 0.268471151923942, 0.4683916620181212, 0.45492135698000247, 0.43003984630500214, 0.43391038389239345, 0.5862963428497211, 0.4322805213297627, 0.42091742624138084, 0.37147229436597784, 0.8934230763062847, 0.8805757964041822, 0.8642080767925868, 0.8951055385927512, 0.7939816300496316, 0.8887751548587213, 0.7978642462719626, 0.9070083181181824, 0.9248305870364489, 0.8664738489336573, 0.43830240138892707, 0.8667346719824571, 0.5832836896793969, 0.7211087853465505, 0.8461919846197427, 0.867291178432507, 0.6719453821148507, 0.5493831281087714, 0.8334034639030589, 0.9032106461870409, 0.7114499516566846, 0.6570356007797977, 0.6720235177947912, 0.5170383996956426, 0.5052020658054275, 0.31594202674221517, 0.4754851605552848, 0.6185754758940623, 0.8561726123198331, 0.5398347903366543], [0.4265733280658873, 0.40422466816628266, 0.9269357965176535, 0.7674145726193574, 0.7751142258932433, 0.5051915984291254, 0.8863740558551075, 0.531083273718228, 0.8907383701741963, 1.0, 0.44693608475423596, 0.3618530845510406, 0.8921775635525178, 0.5624892469112459, 0.2376167415150361, 0.8362616025393513, 0.2884099649629144, 0.8508691314787225, 0.6804348347845066, 0.2751015734941612, 0.8532542530286931, 0.27301559038680256, 0.23874406526657732, 0.43814235097686804, 0.31182012557694105, 0.33243280046928936, 0.33986075291740936, 0.2996167211208519, 0.4294577834364508, 0.3189894106005531, 0.43999659107433864, 0.817635618577209, 0.8307099979584066, 0.8600298977332158, 0.797387952517469, 0.696703888103271, 0.619719541813659, 0.8382127041964293, 0.64083780269541, 0.774425663829579, 0.7199958375484271, 0.8728358798731474, 0.7783060663556947, 0.8381813416573312, 0.3459505403517509, 0.6982634793452922, 0.840278561477915, 0.33524182483115705, 0.5478666212604242, 0.6760777954793642, 0.5759754328457674, 0.8431782223065053, 0.7423022792658716, 0.5748903974416156, 0.25217497203933936, 0.35711093920614423, 0.3724928117146524, 0.39983190970831095, 0.4620193681298572, 0.5429333207860487, 0.4450581221188584, 0.4535719745219168, 0.5094874787176383, 0.9083947402271496, 0.8635691449914793, 0.8643959134961346, 0.9163728106679465, 0.7888167881062315, 0.8940272993356779, 0.7496662737023069, 0.8819590223461008, 0.9150181861758631, 0.8332611636604302, 0.37196087109670684, 0.8995042348189528, 0.4756412492867126, 0.6930535237788872, 0.7863525506805927, 0.8532376326408199, 0.7240987342894553, 0.5909716152941614, 0.8529304081434965, 0.8998152705106901, 0.7082464424489056, 0.628552474534612, 0.7356523994680358, 0.488618993711047, 0.4730756936293049, 0.3415464632874773, 0.39661730721100585, 0.5754570313448748, 0.7799800007183958, 0.6124275147996209], [0.3540951987386405, 0.33507079267986306, 0.5188573071329338, 0.45040443099315075, 0.4122420088163983, 0.4205128448456823, 0.5184519343901465, 0.3966736617984733, 0.48653234869857465, 0.44693608475423596, 1.0, 0.37811318146939843, 0.36255899266776603, 0.12535660998760445, 0.1292095682105152, 0.48891862122325236, 0.15562583935401053, 0.366900054821073, 0.2943681216314833, 0.22171093555670818, 0.43156143637486577, 0.2393438406426549, 0.14448830686569836, 0.207016354807532, 0.12096686541952906, 0.17565061001330085, 0.19736918741382703, 0.16972997409802848, 0.2052323648169737, 0.18624262887577148, 0.2765112268811314, 0.4488705449541126, 0.47968818293909254, 0.43151259005904197, 0.29986057079294715, 0.48752788614076636, 0.2985914585152575, 0.379634891535357, 0.345190082075015, 0.41012993921818963, 0.2266908272881012, 0.44358307752305204, 0.3027791332829103, 0.42327151466395796, 0.320967698494272, 0.3495578151142842, 0.48084864620997814, 0.27050024194490085, 0.22291364711501616, 0.3480842439312948, 0.33316444755028374, 0.4161861175756989, 0.3228928946641887, 0.3447188279516519, 0.18153717889339505, 0.09612048516955463, 0.4509686402436629, 0.2631222885202401, 0.347336539352078, 0.4051676814834455, 0.2509738025669156, 0.19280761638944555, 0.37625669212539026, 0.4170857491491541, 0.4414707225059481, 0.3757572462282962, 0.3803030428702747, 0.31633987705403555, 0.39652840040792614, 0.5564283532423421, 0.5290897439211059, 0.4666396093422165, 0.42289123393987604, 0.22522758370078133, 0.4003341849972193, 0.29124035107487944, 0.4194447723464796, 0.6045830384950259, 0.3480913475726921, 0.5057709886718021, 0.3664048601335561, 0.37711385816501286, 0.41267588851667325, 0.18081483366882156, 0.48940668702479617, 0.3220361745335094, 0.3389982852498272, 0.23966203415694987, 0.15780451679410346, 0.22262950447155194, 0.06414517290763477, 0.41533515288917666, 0.1295832660566424], [0.30882512461654155, 0.4245739275611409, 0.38626894359928987, 0.22338709041476867, 0.3962083332140641, 0.18290536807931035, 0.4675393954609772, 0.34519170544420963, 0.4677029845557694, 0.3618530845510406, 0.37811318146939843, 1.0, 0.39420354727224194, 0.12002604141497764, 0.20773253949008175, 0.4853970098306164, 0.1692413640372301, 0.419401280538118, 0.14311501249374992, 0.17463524678226483, 0.4082055508797403, 0.17164929632145098, 0.1837108144856595, 0.19415388955250612, 0.17465207931916404, 0.2993504421135782, 0.228626871661206, 0.19593614158086015, 0.3196850636367665, 0.20395620337516973, 0.3654198977249067, 0.41236505926941147, 0.4228162050669948, 0.4641395825321355, 0.4105523587034725, 0.44963594597394163, 0.4848799650414224, 0.44399766898970383, 0.34184578984226666, 0.3682772998919035, 0.2340595750409642, 0.39877966348145677, 0.40672910075685553, 0.4137098873843933, 0.19501045030770625, 0.33738207131021014, 0.3512134416324255, 0.23067023292471778, 0.35233642817603306, 0.29601556127397366, 0.48151948330526495, 0.5206003879987531, 0.4990007809007776, 0.4159595624014327, 0.14280453042495433, 0.21340553633697668, 0.31874693092713025, 0.17239036434452149, 0.2284834939264797, 0.4379069038398433, 0.16805732849297617, 0.2951851675144004, 0.08247260669891432, 0.3843078781905749, 0.4089972315670153, 0.3464927606627458, 0.33453377847423804, 0.3483784744547729, 0.42767680109449957, 0.4145020150870835, 0.33019897218632455, 0.41226593534083866, 0.3935595420724285, 0.2840107503583533, 0.3977288755937618, 0.19472194357430916, 0.3503398711414041, 0.3990324012566927, 0.2826843910308431, 0.4681070992404174, 0.021520422667551498, 0.4849595467404677, 0.4907013448899926, 0.4007544241327987, 0.27101775893062197, 0.23980432749780112, 0.2563615029245969, 0.3503873791918035, 0.1533763277398973, 0.1972165935916328, 0.44427350740300264, 0.4573240739575867, 0.2651253503856186], [0.3273029485344794, 0.3714689609016605, 0.8498982335636037, 0.6181580383984938, 0.9318959242699631, 0.4694707941375478, 0.8981791749058474, 0.3762247125632391, 0.8596050234431798, 0.8921775635525178, 0.36255899266776603, 0.39420354727224194, 1.0, 0.5429190281231476, 0.19087375245080795, 0.9382502022882642, 0.2793408194176945, 0.9644990532987654, 0.5620831266530499, 0.2525263926129422, 0.9078047045451391, 0.3067392521985539, 0.2933648909320137, 0.3519219599522232, 0.30606302978723865, 0.2595112374717532, 0.22078974383322236, 0.23303744653450642, 0.3765960625266118, 0.3530884954673049, 0.35930909062868155, 0.921337084716608, 0.7754926128008008, 0.9280632128676779, 0.764995263345931, 0.6547228669073213, 0.5418731524005999, 0.7728614829822996, 0.5910182493969587, 0.9000544455983355, 0.6458071275231627, 0.7969414200518977, 0.7160373482819957, 0.9119867820808615, 0.34829788861683375, 0.6227071697135018, 0.764622232945933, 0.3538359571568981, 0.5041764748144547, 0.6209352131662245, 0.508555159278418, 0.8968269141091895, 0.72350436359868, 0.5407753183343387, 0.28064071852478745, 0.46264813356912704, 0.3603809478498867, 0.45421137091028463, 0.4291022596660268, 0.48510900297853765, 0.43279443466419565, 0.5636185421183448, 0.38759082910109033, 0.8613667411363607, 0.9669792649120711, 0.8644945010905495, 0.8511792073317458, 0.8372082306630232, 0.8683889748633241, 0.6536988006350827, 0.848222960291052, 0.8632683123783029, 0.8840519393377682, 0.32215273155204716, 0.8361677065975478, 0.5472578246381715, 0.6751417242296448, 0.7224990188527258, 0.7189093185717287, 0.7264965226602597, 0.4110822511953506, 0.7643329912706607, 0.8938498853167572, 0.6274624725746946, 0.4788006113780727, 0.5822420088629803, 0.47147037898314714, 0.3779988275385634, 0.38497698696627825, 0.38516508277660133, 0.46261664940536185, 0.6571443199234055, 0.605272440852953], [0.3453400409593661, 0.16688763378932536, 0.4352195196681585, 0.6299608835261851, 0.3992105078813536, 0.3374473863317715, 0.4813865270413903, 0.4053966969790621, 0.46960530275038104, 0.5624892469112459, 0.12535660998760445, 0.12002604141497764, 0.5429190281231476, 1.0, 0.1737024639705066, 0.48852559589595357, 0.1885956701016065, 0.46663043780832947, 0.5452426759391085, 0.3141565808420652, 0.40278933012423557, 0.234818440391942, 0.2266097444637667, 0.24407199647167344, 0.2360747482584874, 0.27260388732386054, 0.20225861613972596, 0.20190298355089276, 0.30704068815278884, 0.30884610360316334, 0.3976034852280734, 0.39104834707506775, 0.5213501550232352, 0.5194087299774254, 0.5087624048861351, 0.34466707581864453, 0.4286670145777782, 0.4515838987197186, 0.422944258716478, 0.39090284187527147, 0.4265676691201503, 0.48415617578160774, 0.546798295869764, 0.4360535467451939, 0.341043454260777, 0.37224361533674744, 0.39706969123975877, 0.20001817012179446, 0.3767055769827363, 0.4007390907114272, 0.5278259373902546, 0.46513539261671943, 0.7277186388886704, 0.28220894030710086, 0.13732502819166825, 0.41186336567571735, 0.32015546366450376, 0.29737105136200037, 0.2416735519366453, 0.29150678935756213, 0.2083775017496058, 0.3662662719575589, 0.24158335900255068, 0.6128054095019488, 0.4867422857958825, 0.4923435818599955, 0.48965453487683386, 0.48420050863340425, 0.4831449533237123, 0.4584886097538954, 0.43124197578028334, 0.586371951895182, 0.45499918271957884, 0.35672459222699904, 0.5508363796305542, 0.1590374882101483, 0.35836796363476586, 0.3865568105256917, 0.6192365275571265, 0.4117545620326447, 0.25263436540385587, 0.4772362824783529, 0.5287414614962435, 0.3560521632133309, 0.221660276140333, 0.3612696244096363, 0.45380096886271293, 0.1565941506913907, 0.30382496173278484, 0.2418620806335311, 0.10263009653007471, 0.4653534820865346, 0.19919165303153263], [0.1550784235449021, 0.13787364331398844, 0.2020186261515492, 0.2880525638564877, 0.1834359894166806, 0.15465579904968962, 0.30258385226446827, 0.18151283087813153, 0.28590804050794927, 0.2376167415150361, 0.1292095682105152, 0.20773253949008175, 0.19087375245080795, 0.1737024639705066, 1.0, 0.2555414273903367, 0.12183777550778496, 0.15726932166261787, 0.16779435198266845, 0.18212269208505416, 0.1607858657088681, 0.1309288861876008, 0.14936774923934304, 0.10903865843837679, 0.12106385870103864, 0.13647898142300796, 0.1657540287971604, 0.13755698638293923, 0.18084331458160208, 0.13912877367832943, 0.13431597849184151, 0.24559391897651195, 0.21790581561832645, 0.2129701247629895, 0.19422655002625633, 0.2540534940145278, 0.18556218459572316, 0.2354793247229684, 0.11966043723418518, 0.23018801511777975, 0.14127054446866816, 0.2549181633105517, 0.1952078013786066, 0.24045313101809407, 0.13597776902833436, 0.3128947101966777, 0.277791403863207, 0.15269260720818711, 0.1802981804314574, 0.16492087804213063, 0.17545888745911387, 0.2136576536930478, 0.1703188622255568, 0.20570666789780057, 0.09976294333571922, 0.16641279124349362, 0.2913086761092738, 0.20717504421765143, 0.19118990368908562, 0.2592104166494351, 0.16418717198329746, 0.11210277829524762, 0.1666469474377945, 0.26532492780398553, 0.17335537218866948, 0.2305057145360434, 0.2510255138866744, 0.19568944432147584, 0.2588057193040413, 0.2522231723354782, 0.2092388944903112, 0.19838551836607854, 0.17581903842710245, 0.1313021750614407, 0.2300336863522663, 0.17748728335119623, 0.284691398629647, 0.19938128389638576, 0.250297771574734, 0.2718728327865947, 0.21623834220066085, 0.24602535591881525, 0.2761414302404057, 0.3169728378875315, 0.2919294376569883, 0.16175230242256844, 0.11988384951991593, 0.15081460532325808, 0.1329248719227717, 0.13596550311686995, 0.23631018924076908, 0.24379022762957359, 0.1685524187213865], [0.32606041598792856, 0.3906653907907027, 0.8499740317225937, 0.6339439520221174, 0.888749139085428, 0.4880180802797697, 0.9030923514093441, 0.4290342106653491, 0.8640809582081396, 0.8362616025393513, 0.48891862122325236, 0.4853970098306164, 0.9382502022882642, 0.48852559589595357, 0.2555414273903367, 1.0, 0.26380262135142196, 0.916021118377465, 0.5603023568034573, 0.2589150896896788, 0.8962666285948981, 0.3241006527085273, 0.31042029628132295, 0.26516433262135397, 0.38513670928863397, 0.23207963020133837, 0.20880397662088446, 0.2825631103372037, 0.3710086575214805, 0.307624671547842, 0.36322798216653973, 0.9235591574545521, 0.8370146493468534, 0.9270842834701722, 0.7786728555292871, 0.6789825020571191, 0.5996924203356485, 0.7696033162468614, 0.6714693068810115, 0.8819132937052557, 0.5868067229869667, 0.8258349924220193, 0.7593464235127779, 0.9112157189025945, 0.36295578296777986, 0.6417857418699355, 0.8122789484821384, 0.3360134113921436, 0.568628402256028, 0.7149270428813478, 0.5905526020226287, 0.9241967613195107, 0.7683281484130983, 0.6735047082046363, 0.3129028415065842, 0.5086811591557809, 0.4568635412257891, 0.5581323758911833, 0.5904929648971315, 0.6018877494298694, 0.48209721964830354, 0.6267938362826757, 0.38921351321711706, 0.8271194971001207, 0.9299674456275565, 0.85168031056758, 0.8375426715620846, 0.8361436678822491, 0.8717989033680316, 0.6875750884994125, 0.8513279483340286, 0.837273812863838, 0.8990794036023245, 0.3879188102037532, 0.8350061905794686, 0.6118517223307897, 0.6949587118751841, 0.7633025357503765, 0.6974674782192852, 0.6706403339585406, 0.41759949059248247, 0.7856806894590029, 0.8761560577339554, 0.6091746602627834, 0.5303654311654319, 0.541454756368887, 0.5486158671838773, 0.49774303083425253, 0.4345900608228731, 0.39818880432864645, 0.4275464900384591, 0.6830047142654185, 0.5509461287951455], [0.11379425828652767, 0.11128905967141711, 0.2763725316189135, 0.21062263484149635, 0.20710190440352827, 0.1370816508439795, 0.23763388275387842, 0.21657186462533873, 0.2849205432392914, 0.2884099649629144, 0.15562583935401053, 0.1692413640372301, 0.2793408194176945, 0.1885956701016065, 0.12183777550778496, 0.26380262135142196, 1.0, 0.2082004959206789, 0.23519914060929903, 0.1590062970892574, 0.22551427562436177, 0.14487261424067532, 0.11205392757452814, 0.1514042488138616, 0.12055494064215566, 0.1082041072172426, 0.124228176794419, 0.11317800788030197, 0.12950085751338591, 0.1454401739424066, 0.16144584846228094, 0.2325638450125509, 0.23243612742114472, 0.26227430268069796, 0.28625163416171073, 0.2377706334587283, 0.2294528858498749, 0.30513700470408556, 0.25471459831545706, 0.20148492598598844, 0.21032711549218397, 0.24318653540166701, 0.24687513557733576, 0.2417942764580887, 0.16690809395831563, 0.2344898446107928, 0.2553124658886732, 0.11594221855547748, 0.1390202847911748, 0.2240208350899271, 0.13097621372268775, 0.26401365436954094, 0.24967232282391438, 0.21251532026793174, 0.1322498842691281, 0.14181556285011465, 0.1636769835826316, 0.22492643129204848, 0.25403881802666994, 0.19822754437554102, 0.1748889078542215, 0.23848946990583386, 0.14514133262180495, 0.23541901220368588, 0.23063311639960615, 0.21859476056723326, 0.2902506458378389, 0.34564237279627474, 0.2218274158732092, 0.2715908568367995, 0.28243450323433805, 0.34802919334720095, 0.3265849538006681, 0.17736613792211142, 0.23654679640698495, 0.14256072689910093, 0.28113083358920843, 0.1778604234211264, 0.2571570277272629, 0.14902424544500836, 0.17408208578049367, 0.3046164612802298, 0.23404712717449705, 0.1629555629413536, 0.23339896846411845, 0.17652447926183612, 0.19098756840689057, 0.10375301099604184, 0.17072397324021793, 0.15682884786823292, 0.20140274569675087, 0.22735583695777217, 0.1837760904875465], [0.30690839435013095, 0.3966449430469371, 0.8126765069160087, 0.5755058348249606, 0.9465871766807875, 0.45590084629785577, 0.8697145618648525, 0.3059160572113093, 0.8274046396181394, 0.8508691314787225, 0.366900054821073, 0.419401280538118, 0.9644990532987654, 0.46663043780832947, 0.15726932166261787, 0.916021118377465, 0.2082004959206789, 1.0, 0.5612784119389791, 0.2547001544340043, 0.902871755155849, 0.20184316020762338, 0.2436936986023277, 0.29561386194788475, 0.29731524370291496, 0.24661092867727175, 0.22958562138273186, 0.2957610440724354, 0.35819085303322273, 0.24575782556752612, 0.27397966927753736, 0.8896025113757948, 0.7107494977168188, 0.8936690787050573, 0.675446369819707, 0.6014812942555721, 0.4450393544540022, 0.6948304860749723, 0.512736176006649, 0.881109795663684, 0.5344016942781041, 0.734769321689771, 0.6223647964966273, 0.8696482745792092, 0.30970607791358673, 0.5531202299431749, 0.729320823189369, 0.2988888865971432, 0.40352317172838836, 0.5545133656154128, 0.5067790438320258, 0.9077529866498488, 0.6979800149182319, 0.5124653682272055, 0.25791112381797443, 0.44217076449235015, 0.3717226287051689, 0.42785309984769393, 0.3903374766684834, 0.48419098157866647, 0.4026002681881825, 0.5402642731301385, 0.338688526805518, 0.7750993352286545, 0.9553179932073524, 0.7988855221835929, 0.7909176694110718, 0.7688665118552844, 0.8037199468930639, 0.6094246047413002, 0.7996581889545152, 0.8111869256112046, 0.8198909103428792, 0.2469311108257385, 0.77403498407726, 0.4670436914975813, 0.5727998488095706, 0.6763665889713913, 0.6386966451477704, 0.6906696355469489, 0.3860827988128276, 0.7370027282986862, 0.8893928251789773, 0.5926885072323586, 0.41814580608483487, 0.511015184972919, 0.44020659974455767, 0.3271581511063846, 0.34479781877619153, 0.29881640264444687, 0.4353794849009808, 0.5988009061937941, 0.6073244663625825], [0.26676401531777216, 0.38189400036089216, 0.6113511981610874, 0.6564777230649994, 0.4597601648618176, 0.23862221763853286, 0.5580685709491665, 0.2409362785710255, 0.5638863770577204, 0.6804348347845066, 0.2943681216314833, 0.14311501249374992, 0.5620831266530499, 0.5452426759391085, 0.16779435198266845, 0.5603023568034573, 0.23519914060929903, 0.5612784119389791, 1.0, 0.15349648868791776, 0.5255038140685618, 0.2834977249835229, 0.27444958645103235, 0.22285949122761373, 0.2774242661877253, 0.24843138860562175, 0.2683584285805254, 0.27773566973145125, 0.3828246033941488, 0.2571501135373524, 0.33352656220361254, 0.3754656970217818, 0.5035098005649005, 0.5440292533571349, 0.4804995654662101, 0.36588295849707486, 0.42405851890431867, 0.5033036955980325, 0.530810928945639, 0.33590436367058985, 0.3083992955977596, 0.5904849450370631, 0.5465738925187797, 0.4624065052117209, 0.11903900593531413, 0.4728936003877482, 0.5267695129139884, 0.24828468966732808, 0.36514473550375803, 0.43452190389337186, 0.5488702720294014, 0.5681856250938219, 0.5804203643406589, 0.40588364183546544, 0.22735958979887583, 0.23766361822157211, 0.5840002835455217, 0.34612342560020637, 0.4971011177404101, 0.5016775501404211, 0.299880739854425, 0.36594482204152223, 0.345627031257975, 0.6020985961161308, 0.49340842018406295, 0.6138793183636848, 0.6127234838505718, 0.5347677663199886, 0.5427662635952077, 0.48320374659158516, 0.6257981290051579, 0.6219392910049106, 0.5674466450833527, 0.279800682443166, 0.6937792536935475, 0.27594841346390175, 0.5768390586953548, 0.6291803107512133, 0.5616800825588402, 0.3613194752026794, 0.5246450976669376, 0.717417267350401, 0.6143728899088363, 0.542201438754342, 0.39146646820618425, 0.6285104959880932, 0.4319842244200107, 0.28815697903694903, 0.1305852463749494, 0.10362964032383859, 0.3146993065941821, 0.555305773925882, 0.4244789741581553], [0.19499516842225662, 0.16088854351453175, 0.22245453517707592, 0.37112400151051284, 0.27138556565079064, 0.23975946406879134, 0.39087999107773475, 0.23720928954938325, 0.35129194613163106, 0.2751015734941612, 0.22171093555670818, 0.17463524678226483, 0.2525263926129422, 0.3141565808420652, 0.18212269208505416, 0.2589150896896788, 0.1590062970892574, 0.2547001544340043, 0.15349648868791776, 1.0, 0.310717020306956, 0.1761728405282348, 0.26463572408988945, 0.17875710313683402, 0.2268898657419931, 0.27555001682431546, 0.22861618430983421, 0.2525873924284501, 0.25580017732660354, 0.23984326199884376, 0.18191437245434794, 0.2285963990268236, 0.2708184278274919, 0.2791577778831197, 0.3143735111649788, 0.2971718028609045, 0.25969720487951964, 0.3678874075314029, 0.3813438472287721, 0.23082144734468968, 0.2572807273165205, 0.37462396977017076, 0.26609087880773696, 0.23086588691692933, 0.0569026845214049, 0.30566091882765245, 0.2559517959759219, 0.1379558141294449, 0.11125982524854805, 0.29841949559330616, 0.3868046684298878, 0.30543621047255887, 0.3745351008007096, 0.25994974556213957, 0.1509874319341269, 0.15278470468281224, 0.2776378267013233, 0.2463380274152217, 0.17067684197958588, 0.44319294969411693, 0.22518279409993713, 0.24144728344319555, 0.18141016094369178, 0.3890406274977595, 0.30999925782120863, 0.28868506761897406, 0.30114580878739106, 0.30747999096567624, 0.3322655667270016, 0.47407239400703516, 0.30998284611528704, 0.4159270811867992, 0.2914136562554468, 0.24997747378127788, 0.3113398896460068, 0.18926981576262314, 0.33951123119251847, 0.3423109786682421, 0.36288847767262233, 0.4955119866941602, 0.15632116088605152, 0.27776009691698467, 0.38189088933306925, 0.32928164205826826, 0.4415019682185297, 0.2200720710057309, 0.16648602973412263, 0.18229988698106236, 0.15720064796894806, 0.16877782883749215, 0.31811585250305496, 0.3403233984840973, 0.14920315120981487], [0.2881203883620409, 0.3847991497356732, 0.86807762678628, 0.6857983722913414, 0.8625100494658227, 0.47953665548199154, 0.8458239664470846, 0.33797485928757687, 0.8527553247015511, 0.8532542530286931, 0.43156143637486577, 0.4082055508797403, 0.9078047045451391, 0.40278933012423557, 0.1607858657088681, 0.8962666285948981, 0.22551427562436177, 0.902871755155849, 0.5255038140685618, 0.310717020306956, 1.0, 0.22602530544012, 0.21618583979938066, 0.2920693564617556, 0.3029366450549833, 0.2712134669788413, 0.22131628388962354, 0.2610937552288414, 0.3929581076615922, 0.31241125291545635, 0.38516524938066, 0.9184046984278281, 0.7895446699796411, 0.9130023237211062, 0.7385620478929119, 0.7049305988226605, 0.5243417674678347, 0.7754079692257652, 0.5946792886164775, 0.8869487915244397, 0.6515453197394045, 0.787784311240089, 0.6652057626877387, 0.8799885337673495, 0.4069217504503434, 0.665960593067787, 0.7801590764830152, 0.390496990584704, 0.49737040303954294, 0.6032534765824198, 0.6325363897985914, 0.9327781619463662, 0.6461926885628576, 0.6436644350995786, 0.2603272993979949, 0.5848206313052536, 0.4718014638095809, 0.5969305255362012, 0.4619281010815728, 0.589004257348198, 0.6090701566256823, 0.6255706083877969, 0.37910001910247415, 0.8165512430234972, 0.9159898276276524, 0.8299785878089713, 0.8215152004075995, 0.8268441604672278, 0.8524586346681159, 0.6657211096797664, 0.8443270563438918, 0.8543742674429788, 0.8735176654720145, 0.3026690163574255, 0.7627964062376358, 0.5452418241446232, 0.6332043230803334, 0.742797684423776, 0.7186410031178349, 0.7342252095258038, 0.49829084419715286, 0.8149601901503201, 0.9292315435372669, 0.6975236934571101, 0.6643344556828609, 0.6680942090318873, 0.5638903855491865, 0.4786866143855102, 0.3748695017715662, 0.5364790637722374, 0.5765536460517718, 0.7579712066605689, 0.7156700038132352], [0.15143093574684596, 0.1778075271471654, 0.26254374077207876, 0.3315090797613729, 0.30293624441503786, 0.21724645306565316, 0.31909299001530433, 0.17617504530383366, 0.3729075161662402, 0.27301559038680256, 0.2393438406426549, 0.17164929632145098, 0.3067392521985539, 0.234818440391942, 0.1309288861876008, 0.3241006527085273, 0.14487261424067532, 0.20184316020762338, 0.2834977249835229, 0.1761728405282348, 0.22602530544012, 1.0, 0.15611423015669657, 0.20219479547666164, 0.18866767595187972, 0.1649617835656334, 0.17676472964050438, 0.17236152660180848, 0.21049504893290982, 0.14910823187883337, 0.21976464741835566, 0.2362353580047406, 0.32857351265331813, 0.2948070321081806, 0.36