"[[1.0, 0.8915981374494009, 0.9429331306168803, 0.9647795993884456, 0.9397346938340321, 0.9394319612805102, 0.9645349486631647, 0.9253460461998854, 0.9522768970706696, 0.9565830699697937, 0.9634278211293497, 0.9200421474744978, 0.9233445407706283, 0.9647205691715343, 0.729562007939719, 0.9401127928001399, 0.18342517506483025, 0.8854443249691145, 0.935217435294996, 0.91682109375622, 0.9053050401064416, 0.903702807488933, 0.8741590880122149, 0.9641658827398657, 0.9996948048296127, 0.9647268004748784, 0.9849872340829474, 0.9615722007300699, 0.9588521620607237, 0.9647713694903645, 0.9906589917812287, 0.28329605820565895, 0.934165244009944, 0.9645769392168607, 0.968033788622972, 0.964773513090488, 0.9628314763685325, 0.9647783964353023, 0.872469544275583, 0.956145115076289, 0.9309761420890823, 0.9647739089209432, 0.9260105526345926, 0.9482148620437807, 0.15344760071455232, 0.187787785120327, 0.9617079178828444, 0.1275955577598421, 0.9148092748403494, 0.12578428005276765, 0.961942231730289, 0.9612546265230034, 0.9647737325541851, 0.821291638308931, 0.7833597911156628, 0.9431952158230905, 0.4206874913584131, 0.9506494002477776, 0.9626801091746078, 0.9856726509968288], [0.8915981374494009, 1.0, 0.9032233461323194, 0.9241424410223147, 0.9001603167495704, 0.8998685605038286, 0.9239097483908766, 0.8863753869361781, 0.9121715996452099, 0.9115499782492243, 0.9228466765545795, 0.8812960370936114, 0.8844624394595053, 0.9240855793967856, 0.6988481791509293, 0.9005226004002516, 0.17572462515662457, 0.8481599045177219, 0.8958307615035881, 0.8782090424471989, 0.8671845510833901, 0.8656457924175724, 0.8373462403918098, 0.9235530981909227, 0.897330867549524, 0.9240888646163825, 0.9199967494114615, 0.9210695868803472, 0.9114674244064596, 0.9241317608552391, 0.8501430436486119, 0.27139764132789534, 0.8948221266728281, 0.9239497761246251, 0.9240846406993543, 0.9241340872282379, 0.9222799551465158, 0.924140803030908, 0.8357300181337494, 0.9645614467431902, 0.8917719423632986, 0.9241341706489461, 0.8870157094341986, 0.9082822114169425, 0.14701032416641857, 0.17990532467017417, 0.9212037788898003, 0.12224689901962404, 0.8762833262482723, 0.12051275228433744, 0.9214228126433118, 0.920769063384123, 0.9241339144254851, 0.7867105892281427, 0.7503770326696059, 0.9034729513733787, 0.40299070839069995, 0.9106111967332731, 0.9221313413058998, 0.8400653795585237], [0.9429331306168803, 0.9032233461323194, 1.0, 0.977347702658181, 0.9519840293973708, 0.9516762863855186, 0.977099994015312, 0.9374084451924873, 0.9650231155222189, 0.9640277375018752, 0.9759805975980388, 0.9320355151134384, 0.9953587740891973, 0.9772886387704312, 0.7411746588822687, 0.9542579810770431, 0.18583939671799377, 0.896989391692893, 0.9474071343465491, 0.9287735422339723, 0.9171090534888311, 0.9154848517916829, 0.8855589935672417, 0.9767278805286375, 0.9489958331679955, 0.9772958118869345, 0.9729676274532967, 0.9741025522263195, 0.9639459396364526, 0.9773406061448184, 0.8990875773832907, 0.28700673178538305, 0.9463422438959482, 0.9771431365272214, 0.9772785878276922, 0.9773426329276383, 0.975375367550184, 0.9773467085763213, 0.8838465551704635, 0.9663402115497417, 0.9473430834145742, 0.9773431051891702, 0.9380804879434961, 0.9996182129728416, 0.15547125738411294, 0.1902580418675549, 0.9742395977690222, 0.12928270289197896, 0.9267351772610952, 0.337233497531199, 0.9744768593179566, 0.9737785894404803, 0.9773429626553711, 0.8347021220747366, 0.7935802052538329, 0.9554902379343431, 0.42619098624358864, 0.9630396449943797, 0.9797537999190074, 0.8884317595977895], [0.9647795993884456, 0.9241424410223147, 0.977347702658181, 1.0, 0.9740338426981985, 0.9737221764281447, 0.9997436819789174, 0.9591244017937238, 0.9870350703683541, 0.986360120418123, 0.9986024822384123, 0.9536249587757147, 0.9570432780762907, 0.9999400120209697, 0.756183684955283, 0.9744255616381678, 0.190099329491774, 0.9177586270271214, 0.9693554029512635, 0.9502900184071462, 0.9383437534233886, 0.9366889791363959, 0.9060695408972822, 0.999368092460761, 0.9709838271228608, 0.9999518571750374, 0.995518210696139, 0.9966800247606544, 0.9862822237370077, 0.9999973868843798, 0.9199074846909855, 0.2935969870571955, 0.9682670045977771, 0.9997880743678552, 0.9999196430093165, 0.9999990101803242, 0.9979756148975003, 0.9999997887440818, 0.9043138186585941, 0.9887254660204142, 0.9649532695673306, 0.9999999932311631, 0.959805617195036, 0.9828222176887745, 0.15902631423137015, 0.19461731703695484, 0.9968130826554753, 0.13223123828443528, 0.948202106305899, 0.13035209293779482, 0.9970651854928436, 0.9963425346462073, 0.9999999928055945, 0.851265197423377, 0.8119488735035812, 0.9776248990590325, 0.43602629627682177, 0.9853529303797818, 0.9978266102384803, 0.9090026339274994], [0.9397346938340321, 0.9001603167495704, 0.9519840293973708, 0.9740338426981985, 1.0, 0.9981813061887969, 0.978744205516462, 0.9342293377866815, 0.9614158991622893, 0.9965685989703271, 0.9842480884676315, 0.928875168406201, 0.9352410129102389, 0.9739745065427649, 0.7365778200680323, 0.9521485630653308, 0.23486860523803732, 0.8948312653998549, 0.9441998506206972, 0.9256230079202687, 0.914023115397747, 0.9123901327526386, 0.8825648438631107, 0.9734145799431122, 0.9457768481764611, 0.9739799527531561, 0.9696715988956045, 0.9707976963792694, 0.9606805384356931, 0.9740314612675881, 0.8960494498372463, 0.2887839498086, 0.9431324762100173, 0.9741565648868274, 0.9739699495442704, 0.974031147969601, 0.986075384790181, 0.9740343892096042, 0.8808495504355363, 0.966683344332988, 0.9413956276089113, 0.9740273595279292, 0.9358487202445264, 0.957315766036924, 0.18116652032902292, 0.18961626039258184, 0.9723971605039995, 0.12884647424819806, 0.9235923770996958, 0.12701804714818943, 0.9711703607993196, 0.970477622166837, 0.9740271586196767, 0.8291837413081529, 0.8204147741822768, 0.952651147393347, 0.42687520025998127, 0.9597735213151707, 0.9719159156354994, 0.888255088632423], [0.9394319612805102, 0.8998685605038286, 0.9516762863855186, 0.9737221764281447, 0.9981813061887969, 1.0, 0.9786125662989096, 0.9339277842266728, 0.9611059734591915, 0.9975634158060788, 0.984359055015468, 0.9285748614030557, 0.9319312277046211, 0.9737259229375023, 0.7363348942195153, 0.9498876508358124, 0.18514058611234896, 0.8936786210144004, 0.943898106860425, 0.9253243449405582, 0.913737573479775, 0.91209991603923, 0.8822843401784528, 0.9731036188106624, 0.9454724287071575, 0.9736694423058967, 0.9693638210993134, 0.9704870959551363, 0.9603740393250475, 0.9737244308525183, 0.8957634918762657, 0.2901538862111377, 0.9428284874837078, 0.9735306636093336, 0.973656775798847, 0.9737226506080127, 0.9859686208332742, 0.9737239186169935, 0.8805633171387424, 0.9627573559563652, 0.939614628595468, 0.9737167808933581, 0.934598217694845, 0.9570065162800626, 0.1548851778459771, 0.1895433889516911, 0.9706293939946509, 0.12879362068924727, 0.9288530324705293, 0.12696545529692127, 0.9708601609597535, 0.9701657446416203, 0.973716613654824, 0.8289127596037175, 0.7906301182024392, 0.9553245571863236, 0.4425538305364113, 0.9594645883469474, 0.9716047983834563, 0.8851360143689118], [0.9645349486631647, 0.9239097483908766, 0.977099994015312, 0.9997436819789174, 0.978744205516462, 0.9786125662989096, 1.0, 0.9588816157952074, 0.9867841758907486, 0.989809508802601, 0.9995430306600472, 0.9533838921193011, 0.9568023084151639, 0.9996837758836058, 0.7559975013143572, 0.9742846898475449, 0.19006222105756743, 0.9175283837014477, 0.9691096740575743, 0.9500495987283878, 0.9381084029213197, 0.9364527891600299, 0.9058416906520128, 0.9991119360954211, 0.9707373184168475, 0.9996950959884763, 0.9952638087911132, 0.9964252307771002, 0.9860312867128493, 0.9997405950988435, 0.9196763196781151, 0.29353470033713136, 0.9680215609552737, 0.9995323380159934, 0.9996644502153069, 0.9997422595116587, 0.9991377410426939, 0.9997433902320083, 0.9040867987783762, 0.988474761321147, 0.9647097982404774, 0.9997431800092189, 0.9595634171485427, 0.982572839006875, 0.1589973154911165, 0.19457936813013987, 0.9965592531321465, 0.13220908586976, 0.9479625071004268, 0.13033057125667047, 0.996809866119966, 0.9960883244455797, 0.9997431642538994, 0.851053076204851, 0.8117472688688916, 0.9773774474701603, 0.436145028573819, 0.985102606973349, 0.9975714518827992, 0.9087751268133171], [0.9253460461998854, 0.8863753869361781, 0.9374084451924873, 0.9591244017937238, 0.9342293377866815, 0.9339277842266728, 0.9588816157952074, 1.0, 0.946696816517734, 0.9460509813570465, 0.957780644256235, 0.9146520049909125, 0.9179359336420342, 0.9590657438361162, 0.7273258100571842, 0.9968843558757783, 0.18235989477886205, 0.8802584258186544, 0.929737804569946, 0.9114495789772589, 0.9000028755606921, 0.8994973163281966, 0.8690386648310227, 0.9585141854950663, 0.9312961082599811, 0.9590713930440918, 0.9548225356361818, 0.9559362440143357, 0.9459683273645617, 0.959115700821532, 0.8823174947745395, 0.281646900393529, 0.9286917352938616, 0.9589233985872291, 0.9590596077838001, 0.9591178791688549, 0.9571887579353562, 0.9591231170143045, 0.8673594353215918, 0.9483194822243867, 0.9255224228390456, 0.9591182091761935, 0.9205859191105926, 0.9426590020908819, 0.15255818035133073, 0.18669727861564334, 0.9747205245206704, 0.1268576387124014, 0.9094498440478039, 0.12505713862425916, 0.956303723989503, 0.955621124340477, 0.9591180172657283, 0.8164826230812973, 0.7787734676439132, 0.9376691319550684, 0.41823059980517496, 0.9450788629873634, 0.9570376419559837, 0.8718580463350032], [0.9522768970706696, 0.9121715996452099, 0.9650231155222189, 0.9870350703683541, 0.9614158991622893, 0.9611059734591915, 0.9867841758907486, 0.946696816517734, 1.0, 0.973580037870759, 0.9856546118030611, 0.9895703620319025, 0.9450999270670494, 0.986975493300822, 0.7470095551608321, 0.9618169246010312, 0.18766813265508198, 0.9058744981316028, 0.9567948255445534, 0.9379764301845988, 0.9261933560550782, 0.9245548991408296, 0.8943322761652314, 0.9864095772115863, 0.9583999815189604, 0.9869838274169322, 0.9826113099801234, 0.9837576334064997, 0.9734987939307433, 0.9870290086086462, 0.9079940149087453, 0.2898348263756616, 0.9557196212565329, 0.9868277761995603, 0.9869629422665507, 0.9870309497093301, 0.9850415237738882, 0.9870342575252296, 0.8926020056771672, 0.9759151890898952, 0.9524865263034988, 0.987031548874076, 0.9473739659525108, 0.9703829358298236, 0.156998731902376, 0.1921298437730815, 0.9838942539524432, 0.13055070081593734, 0.9359172984823282, 0.13027733594896218, 0.9841362296739765, 0.9834290635635893, 0.9870314396468564, 0.8402651962172145, 0.8014390847995184, 0.9649577318657282, 0.4304033233597726, 0.9725829907779633, 0.9849240780172517, 0.8972318926456471], [0.9565830699697937, 0.9115499782492243, 0.9640277375018752, 0.986360120418123, 0.9965685989703271, 0.9975634158060788, 0.989809508802601, 0.9460509813570465, 0.973580037870759, 1.0, 0.9936232014774147, 0.9406282170877558, 0.944004509240628, 0.9863005729830115, 0.7458943171666865, 0.9619076792344229, 0.18754607059736594, 0.9052577567895901, 0.9561419606228253, 0.9373365429905398, 0.9255628225374558, 0.9239246778794262, 0.8937228539432859, 0.9857349051855769, 0.9622512989619297, 0.9863084635387156, 0.9836968281642315, 0.9830850822292009, 0.9733573392298978, 0.9863536285606003, 0.9147626835183783, 0.28964421815263075, 0.9550674162480601, 0.9861532833910485, 0.9865267910567204, 0.9863556092093856, 0.994604115373281, 0.9863592333065898, 0.8919941060986225, 0.9754095452860598, 0.951805496559584, 0.9863561581955533, 0.9467282951088236, 0.9694269152251054, 0.15689774877163465, 0.19200501869097253, 0.9832223514077628, 0.13046776721399156, 0.9352790482062207, 0.12861543083217541, 0.9834631605003863, 0.9827572675262278, 0.9863560353249674, 0.839673479441771, 0.8008944217883002, 0.9642994555412113, 0.4317030615087476, 0.9719190181499185, 0.9842166570929539, 0.9044047390565845], [0.9634278211293497, 0.9228466765545795, 0.9759805975980388, 0.9986024822384123, 0.9842480884676315, 0.984359055015468, 0.9995430306600472, 0.957780644256235, 0.9856546118030611, 0.9936232014774147, 1.0, 0.9522890559300821, 0.9557027016495622, 0.9985421221769626, 0.75512021548875, 0.9733071015518631, 0.18982471449391647, 0.9164723232528919, 0.9679980106222056, 0.948957924420672, 0.9370286451681179, 0.935376068651553, 0.9047978993796606, 0.9979701694601693, 0.9696236312619902, 0.9985530076328542, 0.9941247085832008, 0.9952848581406913, 0.9849011962799625, 0.9985987030649948, 0.9186181634407186, 0.29318176128015394, 0.9669104506167635, 0.9983907123151872, 0.998524293031267, 0.9986004511291737, 0.999890435005023, 0.9986020632011549, 0.9030454939073601, 0.9873420730323723, 0.9636023429283148, 0.9986013416794212, 0.9584621905790756, 0.9814478317446783, 0.1587952572315371, 0.19433714775203437, 0.9954187115044036, 0.1320374351861482, 0.946873355609238, 0.1301612485157917, 0.9956695603945959, 0.99494971424124, 0.9986013061557037, 0.8500699891914284, 0.8108079356503441, 0.9762552683716572, 0.4359219405275714, 0.9839731747462429, 0.9964304772463924, 0.9077270652337426], [0.9200421474744978, 0.8812960370936114, 0.9320355151134384, 0.9536249587757147, 0.928875168406201, 0.9285748614030557, 0.9533838921193011, 0.9146520049909125, 0.9895703620319025, 0.9406282170877558, 0.9522890559300821, 1.0, 0.9126757410366589, 0.9535666816493651, 0.7222511680372393, 0.929248946274546, 0.18132252984329766, 0.8752147350065616, 0.9244087973819869, 0.906225726264564, 0.8948460945163652, 0.8932603304188478, 0.8640588631259123, 0.9530182323642066, 0.9259579030945368, 0.9535719184782401, 0.94934829260456, 0.9504555474313793, 0.9405456352390767, 0.9536159602154654, 0.8772617321106988, 0.28004123554722526, 0.923368725925382, 0.9534254845257735, 0.9535613407789514, 0.9536181566589297, 0.9517012475934852, 0.9536236223068236, 0.8623895400667853, 0.9428839305732208, 0.9202183961305234, 0.9536184395689391, 0.9153101650249442, 0.9372557778469117, 0.15169179772647934, 0.18563527634922283, 0.9505913929428976, 0.1261386014046798, 0.9042376645158107, 0.1243485339981939, 0.9508206155440853, 0.9501426032125504, 0.9536182375495221, 0.8118053704875, 0.7743127420706564, 0.9322949274199793, 0.41584009694578994, 0.9396615393749457, 0.9515505840424646, 0.8668628635705605], [0.9233445407706283, 0.8844624394595053, 0.9953587740891973, 0.9570432780762907, 0.9352410129102389, 0.9319312277046211, 0.9568023084151639, 0.9179359336420342, 0.9450999270670494, 0.944004509240628, 0.9557027016495622, 0.9126757410366589, 1.0, 0.9569848178256247, 0.7265384271189144, 0.9376446877603989, 0.24050697317013692, 0.8794088348674145, 0.9277366680392976, 0.9094794937038494, 0.898103378597249, 0.8964865530276103, 0.8720418066211367, 0.9564340737662994, 0.9292810265318568, 0.9569888097215798, 0.9527609200270515, 0.9542088368963159, 0.9439276350488623, 0.9570448533117868, 0.88043214582932, 0.2859744989241566, 0.926883494966516, 0.956950462223078, 0.956984468872607, 0.9570426432642757, 0.9551149984656322, 0.957045080649302, 0.8654892861357509, 0.9503102172663002, 0.9309389068638872, 0.9570354805741184, 0.9197144562403597, 0.9929204631958671, 0.15225696221196117, 0.1863226044970655, 0.9554470802408624, 0.1379969161836876, 0.9074849751693659, 0.40580520976770695, 0.9542288560219953, 0.953550679477082, 0.9570352389821012, 0.818339027439677, 0.8118912202994869, 0.9365936953976359, 0.41734992451261244, 0.9430336437495475, 0.961029684591612, 0.8719521741358327], [0.9647205691715343, 0.9240855793967856, 0.9772886387704312, 0.9999400120209697, 0.9739745065427649, 0.9737259229375023, 0.9996837758836058, 0.9590657438361162, 0.986975493300822, 0.9863005729830115, 0.9985421221769626, 0.9535666816493651, 0.9569848178256247, 1.0, 0.7561360734720928, 0.9744068593173629, 0.19008490024050217, 0.9177023127944258, 0.9716956886833076, 0.9502316688460885, 0.9382861905813153, 0.9366314934363839, 0.9060133948209069, 0.9993077265265882, 0.9709245095303246, 0.9999251678949667, 0.9954577569528268, 0.996619489250316, 0.987811444604076, 0.9999370270966312, 0.9198510412848423, 0.2935776337744882, 0.9682077956151727, 0.9997280475298185, 0.9998603102886362, 0.9999386908107698, 0.9979157348168264, 0.9999397345642568, 0.9042580520152171, 0.988665595528229, 0.9657864459049057, 0.9999396451239784, 0.9597473235039073, 0.9827629479331794, 0.15901379017376893, 0.1979674984303479, 0.9968786218994163, 0.13222025966647, 0.9492869928526471, 0.13034133262439695, 0.997004657675735, 0.996282618598626, 0.9999396335500275, 0.8512122684739867, 0.8118980800251979, 0.9782594764449377, 0.4392349161213951, 0.9868694186371554, 0.9977662120757186, 0.9089463544397985], [0.729562007939719, 0.6988481791509293, 0.7411746588822687, 0.756183684955283, 0.7365778200680323, 0.7363348942195153, 0.7559975013143572, 0.7273258100571842, 0.7470095551608321, 0.7458943171666865, 0.75512021548875, 0.7222511680372393, 0.7265384271189144, 0.7561360734720928, 1.0, 0.7369628514521658, 0.14384418156864642, 0.6940354639172867, 0.7330288057097918, 0.7186082647599026, 0.7096036188350158, 0.9374004478206707, 0.6851767475025631, 0.7556969648603722, 0.7342516954645966, 0.7561315296602722, 0.7527894329996578, 0.7536664316783569, 0.7458170694610688, 0.7561672850032557, 0.6956553208078827, 0.2221532932595015, 0.7322011563878754, 0.7560295358223251, 0.7561519009422548, 0.7561699449920805, 0.7546685153065429, 0.7561810110179928, 0.6838601481635548, 0.7476833537284717, 0.7299149255705077, 0.7561692247585495, 0.725826184482397, 0.7450456955910528, 0.12035013675897299, 0.14727010449055555, 0.7537872046749294, 0.10008651813861313, 0.7170361778659602, 0.10846720856673109, 0.7539525107890213, 0.7534308145647802, 0.7561687769546019, 0.643882045479141, 0.6140269503785382, 0.7392826910992198, 0.3297995462633381, 0.745119203401533, 0.7547484529209466, 0.6874105755933247], [0.9401127928001399, 0.9005226004002516, 0.9542579810770431, 0.9744255616381678, 0.9521485630653308, 0.9498876508358124, 0.9742846898475449, 0.9968843558757783, 0.9618169246010312, 0.9619076792344229, 0.9733071015518631, 0.929248946274546, 0.9376446877603989, 0.9744068593173629, 0.7369628514521658, 1.0, 0.22392157852924455, 0.894984852352232, 0.9445744638017052, 0.9259954656150393, 0.9143685358477008, 0.9127475822546631, 0.8895306629349191, 0.9738060514279921, 0.9461573595598147, 0.9744881782412351, 0.9700567870371951, 0.971658854764936, 0.9610628326539337, 0.9744165351325347, 0.8964003393120221, 0.28615782926995537, 0.943784709455207, 0.9743471206078946, 0.9743603975651935, 0.9744187561363024, 0.9727517922200739, 0.9744242279147479, 0.8812041062780672, 0.966117829100944, 0.9447024273452165, 0.9744190454824688, 0.9360146917690609, 0.9593498136406526, 0.15500956632258445, 0.20131583120710017, 0.9872520535744882, 0.14440818786241316, 0.923964035939277, 0.13592875946404825, 0.9715609467350178, 0.9708679865893262, 0.9744188435530098, 0.8296315084351743, 0.8141795541338203, 0.953921408514844, 0.42496405896662726, 0.9601596525192662, 0.972498112897741, 0.8870738579168451], [0.18342517506483025, 0.17572462515662457, 0.18583939671799377, 0.190099329491774, 0.23486860523803732, 0.18514058611234896, 0.19006222105756743, 0.18235989477886205, 0.18766813265508198, 0.18754607059736594, 0.18982471449391647, 0.18132252984329766, 0.24050697317013692, 0.19008490024050217, 0.14384418156864642, 0.22392157852924455, 1.0, 0.19139466999079469, 0.1843045500142393, 0.1806760024678178, 0.17844956889823493, 0.17810761342972736, 0.17228237739109953, 0.1899667402942279, 0.18460147346800282, 0.19006717840179976, 0.1892415653294498, 0.18946006998347997, 0.18750444590466175, 0.19007765767910412, 0.17493383005011198, 0.05603465517161166, 0.1840911753180814, 0.19006864930236966, 0.1901268969878932, 0.19008005820984775, 0.1897387346748367, 0.19009560262237557, 0.1719648698135916, 0.2544880669075753, 0.21217397619001965, 0.19007806854635134, 0.20090099822677754, 0.1868781266604449, 0.03039013422391812, 0.03716560615714959, 0.21240844711534035, 0.025294093097253167, 0.1802891372752391, 0.024943183898287535, 0.18952518886007796, 0.18942437892172348, 0.19007741033566705, 0.16189755915105697, 0.7274351146340549, 0.18587823818938454, 0.08302654415947597, 0.18733533392878887, 0.18968271937437442, 0.20524782763134208], [0.8854443249691145, 0.8481599045177219, 0.896989391692893, 0.9177586270271214, 0.8948312653998549, 0.8936786210144004, 0.9175283837014477, 0.8802584258186544, 0.9058744981316028, 0.9052577567895901, 0.9164723232528919, 0.8752147350065616, 0.8794088348674145, 0.9177023127944258, 0.6940354639172867, 0.894984852352232, 0.19139466999079469, 1.0, 0.8896564418437038, 0.8721487288694919, 0.8612407675114355, 0.859689491944855, 0.8315870737131719, 0.9171734379916324, 0.8911369343463508, 0.9177046542403738, 0.9136510200407153, 0.9147084138589155, 0.9051816475797213, 0.9177579691132813, 0.8442952423473011, 0.27401168468583825, 0.888646227054845, 0.9175815322318036, 0.9177053089209336, 0.9177562289092289, 0.9159111993845042, 0.9177599145211728, 0.8299662122827995, 0.9085963879847606, 0.8861257763741416, 0.917749555471318, 0.8812173175334412, 0.9020127853326207, 0.14601750162918903, 0.17868555313527879, 0.9152495043157084, 0.12142510945219354, 0.8702368244170248, 0.11970320085092456, 0.9150583917513471, 0.9144107806430837, 0.9177492744472375, 0.7812879151765855, 0.7552318546958521, 0.8972432138054887, 0.4002274866610389, 0.9043252439786076, 0.9157626601472746, 0.8348451088925796], [0.935217435294996, 0.8958307615035881, 0.9474071343465491, 0.9693554029512635, 0.9441998506206972, 0.943898106860425, 0.9691096740575743, 0.929737804569946, 0.9567948255445534, 0.9561419606228253, 0.9679980106222056, 0.9244087973819869, 0.9277366680392976, 0.9716956886833076, 0.7330288057097918, 0.9445744638017052, 0.1843045500142393, 0.8896564418437038, 1.0, 0.9211728044132167, 0.9096172814283632, 0.9079987757714219, 0.8783161509256563, 0.9687394199062741, 0.9412309532912924, 0.9693028597843015, 0.9650116638306, 0.9661342232233622, 0.9960309776617781, 0.9693517630839095, 0.8917353327030962, 0.28640822657995546, 0.938598706609492, 0.9691572969866264, 0.9692890310624095, 0.9693522459381924, 0.9673985355805826, 0.9693554678813737, 0.876611831008745, 0.9584363554946334, 0.935396359539552, 0.9693500420763403, 0.9304051443284083, 0.952713617727043, 0.15418479179957312, 0.18868760629510284, 0.9662726736021957, 0.1282102236714584, 0.919151352277469, 0.12639025239582735, 0.9665057878475034, 0.9658144165369089, 0.9693498759117062, 0.8251922596435003, 0.7870810318072511, 0.9476737168952243, 0.42269156397441043, 0.994807889220669, 0.9672470381696199, 0.8811606423847892], [0.91682109375622, 0.8782090424471989, 0.9287735422339723, 0.9502900184071462, 0.9256230079202687, 0.9253243449405582, 0.9500495987283878, 0.9114495789772589, 0.9379764301845988, 0.9373365429905398, 0.948957924420672, 0.906225726264564, 0.9094794937038494, 0.9502316688460885, 0.7186082647599026, 0.9259954656150393, 0.1806760024678178, 0.8721487288694919, 0.9211728044132167, 1.0, 0.8917113019000052, 0.8901318829041223, 0.8610314314868969, 0.9607568655849368, 0.9227164711898644, 0.9502367636193888, 0.9460266480780861, 0.9471300739919224, 0.9372538103270173, 0.9502807804387673, 0.8741888118235324, 0.2790506029641665, 0.920136019901355, 0.9500908126061293, 0.95022691499956, 0.950283005402641, 0.9483722439916469, 0.950288635812728, 0.8593681255854456, 0.9395838772918285, 0.9169964500058432, 0.9502832834202745, 0.9121055714056473, 0.9339759176597062, 0.1511488614269949, 0.1849738362991793, 0.9472652641167868, 0.12568494476534908, 0.9010712654730854, 0.12390120480947797, 0.9474941954627119, 0.9468188368251402, 0.950283074721729, 0.8089594546459279, 0.7715973023032902, 0.9290307408143305, 0.41437428597851644, 0.9363725378069668, 0.9482216513443907, 0.8638249699350706], [0.9053050401064416, 0.8671845510833901, 0.9171090534888311, 0.9383437534233886, 0.914023115397747, 0.913737573479775, 0.9381084029213197, 0.9000028755606921, 0.9261933560550782, 0.9255628225374558, 0.9370286451681179, 0.8948460945163652, 0.898103378597249, 0.9382861905813153, 0.7096036188350158, 0.9143685358477008, 0.17844956889823493, 0.8612407675114355, 0.9096172814283632, 0.8917113019000052, 1.0, 0.8789830964652775, 0.8502508394589564, 0.9377454549278776, 0.9111252950291163, 0.9382885276948371, 0.934149298943715, 0.935225242126969, 0.9254894152353534, 0.9383500965461518, 0.8632436878276825, 0.283088514183776, 0.908578772220155, 0.9381714435357541, 0.9382907615713991, 0.9383456176317978, 0.9364550418446368, 0.9383470644889182, 0.8485828594443323, 0.927789482128062, 0.9054920365890378, 0.9383344274784748, 0.9253840860297826, 0.9222450809551643, 0.1492943025497424, 0.18269510615252016, 0.9353726467655611, 0.124150307932266, 0.8897565460536162, 0.12238979273394213, 0.9355830127551596, 0.9349209749122822, 0.9383341385748885, 0.79881290295011, 0.7619219635842319, 0.9173720413617262, 0.4092060111394108, 0.9246093916698817, 0.9363031176297617, 0.8529955937660104], [0.903702807488933, 0.8656457924175724, 0.9154848517916829, 0.9366889791363959, 0.9123901327526386, 0.91209991603923, 0.9364527891600299, 0.8994973163281966, 0.9245548991408296, 0.9239246778794262, 0.935376068651553, 0.8932603304188478, 0.8964865530276103, 0.9366314934363839, 0.9374004478206707, 0.9127475822546631, 0.17810761342972736, 0.859689491944855, 0.9079987757714219, 0.8901318829041223, 0.8789830964652775, 1.0, 0.8487261360816661, 0.9360921557639664, 0.9095134113400622, 0.93663548896512, 0.9324931995026805, 0.9335749640834438, 0.923846883881516, 0.9366867026190109, 0.8616954661822829, 0.2783187960555946, 0.9069704722645552, 0.9365030805421326, 0.9366305135858409, 0.9366859945277666, 0.9348005714590485, 0.9366896633016619, 0.8470754601476868, 0.9261430871658783, 0.9038813628767343, 0.9366813245848321, 0.899056959560802, 0.9206123944320967, 0.1490033424323931, 0.1823445917504546, 0.933714006243647, 0.12390380853062999, 0.8881796949378202, 0.12214590266532743, 0.9339331858564541, 0.9332693320744745, 0.9366810874224976, 0.797390225540031, 0.7605634228083475, 0.9157422961443681, 0.4084595396175904, 0.9229739009449914, 0.9346509148405551, 0.8514735619354359], [0.8741590880122149, 0.8373462403918098, 0.8855589935672417, 0.9060695408972822, 0.8825648438631107, 0.8822843401784528, 0.9058416906520128, 0.8690386648310227, 0.8943322761652314, 0.8937228539432859, 0.9047978993796606, 0.8640588631259123, 0.8720418066211367, 0.9060133948209069, 0.6851767475025631, 0.8895306629349191, 0.17228237739109953, 0.8315870737131719, 0.8783161509256563, 0.8610314314868969, 0.8502508394589564, 0.8487261360816661, 1.0, 0.9054905652965406, 0.8797798800438709, 0.9060156629640166, 0.9020089882260395, 0.9157822118638312, 0.893645498380036, 0.9060660472371381, 0.8335268764459521, 0.2694572889099094, 0.8846954696758713, 0.9092723821153765, 0.9060165541979187, 0.9060653410089966, 0.9042437136285012, 0.9060700351980581, 0.8193830344565753, 0.8958684673774581, 0.8743343618357496, 0.9060603134402484, 0.8696677711864848, 0.8905192044489476, 0.14412977345108058, 0.17638206425135805, 0.905004715096237, 0.5392096218545944, 0.8591438151587357, 0.11815055003506902, 0.9034011626730524, 0.9027619976360782, 0.9060600275924979, 0.7713215941377672, 0.7356980728349334, 0.9206424333875425, 0.39510408910405714, 0.8928009359219261, 0.9040964067097206, 0.8236372832811544], [0.9641658827398657, 0.9235530981909227, 0.9767278805286375, 0.999368092460761, 0.9734145799431122, 0.9731036188106624, 0.9991119360954211, 0.9585141854950663, 0.9864095772115863, 0.9857349051855769, 0.9979701694601693, 0.9530182323642066, 0.9564340737662994, 0.9993077265265882, 0.7556969648603722, 0.9738060514279921, 0.1899667402942279, 0.9171734379916324, 0.9687394199062741, 0.9607568655849368, 0.9377454549278776, 0.9360921557639664, 0.9054905652965406, 1.0, 0.9703665169765986, 0.9993189790990327, 0.9948869016312464, 0.9960479860968346, 0.9856559246295321, 0.9993646831782093, 0.9193210802499648, 0.29340186352245845, 0.96765112552355, 0.9991559611606754, 0.9992890751896235, 0.9993663962649832, 0.9973445009679232, 0.9993677378100181, 0.9037365285855881, 0.9880981577569594, 0.9643398641342922, 0.9993673271123652, 0.9591957452605282, 0.9821993623374807, 0.1589134129032438, 0.19448238710131682, 0.9961813787705235, 0.13213511399842837, 0.947598411338643, 0.13025737698664874, 0.9964331493751538, 0.9957120975658768, 0.9993673032037803, 0.850720018045314, 0.8114277806946778, 0.9770029446300682, 0.4357390273479482, 0.9847270389880296, 0.9971944178618508, 0.9084214943823199], [0.9996948048296127, 0.897330867549524, 0.9489958331679955, 0.9709838271228608, 0.9457768481764611, 0.9454724287071575, 0.9707373184168475, 0.9312961082599811, 0.9583999815189604, 0.9622512989619297, 0.9696236312619902, 0.9259579030945368, 0.9292810265318568, 0.9709245095303246, 0.7342516954645966, 0.9461573595598147, 0.18460147346800282, 0.8911369343463508, 0.9412309532912924, 0.9227164711898644, 0.9111252950291163, 0.9095134113400622, 0.8797798800438709, 0.9703665169765986, 1.0, 0.9709312958476715, 0.9889335032562784, 0.9677560988559264, 0.9643067957497764, 0.9709760979370354, 0.9869889833456654, 0.2851128309745399, 0.9401721796275649, 0.9707796430294513, 0.9739346340310262, 0.9709782001050863, 0.969022603337145, 0.9709827130264267, 0.8780790479308629, 0.9620752352016582, 0.9369617446509425, 0.9709786540653061, 0.9319641626809493, 0.9543115597234229, 0.15443101399111103, 0.18899177404286982, 0.9678919291462047, 0.12841278725622252, 0.9206914580695467, 0.1265896973581795, 0.968128697236996, 0.967435724433926, 0.9709784937145349, 0.8265716710773067, 0.7883958639059472, 0.9492600283797514, 0.4233899375827236, 0.9567624014636201, 0.9688709923306352, 0.9814317680324471], [0.9647268004748784, 0.9240888646163825, 0.9772958118869345, 0.9999518571750374, 0.9739799527531561, 0.9736694423058967, 0.9996950959884763, 0.9590713930440918, 0.9869838274169322, 0.9863084635387156, 0.9985530076328542, 0.9535719184782401, 0.9569888097215798, 0.9999251678949667, 0.7561315296602722, 0.9744881782412351, 0.19006717840179976, 0.9177046542403738, 0.9693028597843015, 0.9502367636193888, 0.9382885276948371, 0.93663548896512, 0.9060156629640166, 0.9993189790990327, 0.9709312958476715, 1.0, 0.9954674767849626, 0.9966293333758316, 0.9862300823229241, 0.9999489902202704, 0.9198539094788104, 0.29356112049618976, 0.9682139745132788, 0.9997391042736375, 0.9998715761724672, 0.999950654821131, 0.9979259605595098, 0.999951595434096, 0.9042601708533867, 0.9886728365648407, 0.9674567245926444, 0.9999516530356178, 0.9597525224654467, 0.982770719326479, 0.158995561970931, 0.20423185278249578, 0.9971223857140378, 0.13220165625723646, 0.9481488886652285, 0.1303226539701411, 0.997015126831378, 0.9962926297911349, 0.9999516465001093, 0.8512115135888859, 0.8118959514792874, 0.9775708798191788, 0.4359839459346816, 0.9853002943326883, 0.9977764553386934, 0.9089472362174502], [0.9849872340829474, 0.9199967494114615, 0.9729676274532967, 0.995518210696139, 0.9696715988956045, 0.9693638210993134, 0.9952638087911132, 0.9548225356361818, 0.9826113099801234, 0.9836968281642315, 0.9941247085832008, 0.94934829260456, 0.9527609200270515, 0.9954577569528268, 0.7527894329996578, 0.9700567870371951, 0.1892415653294498, 0.9136510200407153, 0.9650116638306, 0.9460266480780861, 0.934149298943715, 0.9324931995026805, 0.9020089882260395, 0.9948869016312464, 0.9889335032562784, 0.9954674767849626, 1.0, 0.9922097114607347, 0.9844522822954208, 0.9955170619805525, 0.9523579351860665, 0.29389150152978716, 0.9639238661959518, 0.9953122016281852, 0.9966207912792614, 0.9955174487871351, 0.9935038760107396, 0.9955186716664433, 0.9002570192549172, 0.9850880320635818, 0.9606293868710396, 0.9955158236815643, 0.9555035590622797, 0.9784180244741092, 0.15830816473933806, 0.1937408871426486, 0.9923466798347833, 0.1316328264360357, 0.9439490699829588, 0.12976280435715937, 0.9925929268804347, 0.9932138778075188, 0.9955157495723086, 0.8474454729598445, 0.808304554449412, 0.9732420176337477, 0.43406615915158087, 0.9809339695751068, 0.9933522016498193, 0.9434589931002106], [0.9615722007300699, 0.9210695868803472, 0.9741025522263195, 0.9966800247606544, 0.9707976963792694, 0.9704870959551363, 0.9964252307771002, 0.9559362440143357, 0.9837576334064997, 0.9830850822292009, 0.9952848581406913, 0.9504555474313793, 0.9542088368963159, 0.996619489250316, 0.7536664316783569, 0.971658854764936, 0.18946006998347997, 0.9147084138589155, 0.9661342232233622, 0.9471300739919224, 0.935225242126969, 0.9335749640834438, 0.9157822118638312, 0.9960479860968346, 0.9677560988559264, 0.9966293333758316, 0.9922097114607347, 1.0, 0.9830043329368222, 0.996675096739831, 0.9168498779338198, 0.2926219417455327, 0.9844403314431973, 0.996709317487449, 0.996604188985405, 0.9966769606815584, 0.9946630986897891, 0.9966794033051453, 0.9013066992249344, 0.9854418212488979, 0.9617479613694695, 0.9966777434271885, 0.9566178981627216, 0.9795593631400146, 0.1584905380504925, 0.19396457296704728, 0.9936313830406617, 0.16159811135097857, 0.9450500100349958, 0.12991183690659913, 0.9937512883239021, 0.9930347258234321, 0.9966776725892244, 0.8484332565113483, 0.8092465718905221, 0.9768520237130229, 0.4345705852050341, 0.9820783156757271, 0.9992288634282619, 0.9059792037069733], [0.9588521620607237, 0.9114674244064596, 0.9639459396364526, 0.9862822237370077, 0.9606805384356931, 0.9603740393250475, 0.9860312867128493, 0.9459683273645617, 0.9734987939307433, 0.9733573392298978, 0.9849011962799625, 0.9405456352390767, 0.9439276350488623, 0.987811444604076, 0.7458170694610688, 0.9610628326539337, 0.18750444590466175, 0.9051816475797213, 0.9960309776617781, 0.9372538103270173, 0.9254894152353534, 0.923846883881516, 0.893645498380036, 0.9856559246295321, 0.9643067957497764, 0.9862300823229241, 0.9844522822954208, 0.9830043329368222, 1.0, 0.9862788315237374, 0.9181902478907535, 0.29098711859543847, 0.9549845453084825, 0.9860785453829561, 0.9865624152415007, 0.9862795719633249, 0.9842890314627113, 0.9862822361301892, 0.8919118956951635, 0.975403864971691, 0.9517234316617589, 0.9862780713636877, 0.946645476733121, 0.9693454514223544, 0.1568584248756224, 0.19196319267601103, 0.983142530619718, 0.13043039645664845, 0.9351963872726546, 0.12857825597182249, 0.9833831471342948, 0.9826773830900695, 0.9862779426066703, 0.8395923819941029, 0.8008150771245311, 0.964216835732316, 0.43005584304864386, 0.9980978475540102, 0.9841364930296211, 0.9080153067064466], [0.9647713694903645, 0.9241317608552391, 0.9773406061448184, 0.9999973868843798, 0.9740314612675881, 0.9737244308525183, 0.9997405950988435, 0.959115700821532, 0.9870290086086462, 0.9863536285606003, 0.9985987030649948, 0.9536159602154654, 0.9570448533117868, 0.9999370270966312, 0.7561672850032557, 0.9744165351325347, 0.19007765767910412, 0.9177579691132813, 0.9693517630839095, 0.9502807804387673, 0.9383500965461518, 0.9366867026190109, 0.9060660472371381, 0.9993646831782093, 0.9709760979370354, 0.9999489902202704, 0.9955170619805525, 0.996675096739831, 0.9862788315237374, 1.0, 0.9199043911210553, 0.2957787128733542, 0.9682586904489289, 0.9997911980710266, 0.9999178723298682, 0.9999996127289411, 0.9979714394345951, 0.9999986613331187, 0.9043022280495684, 0.9887201257276227, 0.9649464493503437, 0.9999973439153622, 0.9597966860093269, 0.9828156950284797, 0.15900461070669403, 0.19459567682249546, 0.996810116370478, 0.1322095146326807, 0.9481927534911656, 0.130330379654524, 0.9970608799753669, 0.9963380998848672, 0.9999973423691537, 0.8512513625974698, 0.8119341324624094, 0.9776185945621899, 0.4360055290743412, 0.9853456637596419, 0.9978221681120546, 0.9089923543832118], [0.9906589917812287, 0.8501430436486119, 0.8990875773832907, 0.9199074846909855, 0.8960494498372463, 0.8957634918762657, 0.9196763196781151, 0.8823174947745395, 0.9079940149087453, 0.9147626835183783, 0.9186181634407186, 0.8772617321106988, 0.88043214582932, 0.9198510412848423, 0.6956553208078827, 0.8964003393120221, 0.17493383005011198, 0.8442952423473011, 0.8917353327030962, 0.8741888118235324, 0.8632436878276825, 0.8616954661822829, 0.8335268764459521, 0.9193210802499648, 0.9869889833456654, 0.9198539094788104, 0.9523579351860665, 0.9168498779338198, 0.9181902478907535, 0.9199043911210553, 1.0, 0.2734223588543243, 0.8907251833945106, 0.9197259579197671, 0.924801617876191, 0.9199037264597545, 0.9180548201360567, 0.9199080280536759, 0.8319063233216081, 0.9128882437967892, 0.8876935451864214, 0.9198989150652652, 0.8829554854555827, 0.9041228971542417, 0.14635125026563411, 0.1790955813675419, 0.9169883594808221, 0.1217013170951119, 0.8722721567095248, 0.11997522034287711, 0.9172009992980511, 0.9165509341939263, 0.9198986495788409, 0.783113154757323, 0.7469467090014024, 0.899340574979042, 0.40115729856790994, 0.9064412215581616, 0.9179065714807947, 0.9982127953945547], [0.28329605820565895, 0.27139764132789534, 0.28700673178538305, 0.2935969870571955, 0.2887839498086, 0.2901538862111377, 0.29353470033713136, 0.281646900393529, 0.2898348263756616, 0.28964421815263075, 0.29318176128015394, 0.28004123554722526, 0.2859744989241566, 0.2935776337744882, 0.2221532932595015, 0.28615782926995537, 0.05603465517161166, 0.27401168468583825, 0.28640822657995546, 0.2790506029641665, 0.283088514183776, 0.2783187960555946, 0.2694572889099094, 0.29340186352245845, 0.2851128309745399, 0.29356112049618976, 0.29389150152978716, 0.2926219417455327, 0.29098711859543847, 0.2957787128733542, 0.2734223588543243, 1.0, 0.2843231880438828, 0.2962558003475608, 0.294053593931607, 0.2949379787766977, 0.2930315975804524, 0.29421797443241826, 0.2655886674127985, 0.2911379503173497, 0.2843720486421002, 0.2935762411510683, 0.28187535065935965, 0.28861015590798944, 0.0469163066888334, 0.057374668136377704, 0.29381172540359357, 0.03904737876740472, 0.278447853772527, 0.03850184671267687, 0.2927250160372643, 0.2925491649555697, 0.2935755988619644, 0.2500384961499831, 0.23850122915974392, 0.2881415072021206, 0.12821647747785636, 0.2893321657012675, 0.29296155847502003, 0.2681029343199246], [0.934165244009944, 0.8948221266728281, 0.9463422438959482, 0.9682670045977771, 0.9431324762100173, 0.9428284874837078, 0.9680215609552737, 0.9286917352938616, 0.9557196212565329, 0.9550674162480601, 0.9669104506167635, 0.923368725925382, 0.926883494966516, 0.9682077956151727, 0.7322011563878754, 0.943784709455207, 0.1840911753180814, 0.888646227054845, 0.938598706609492, 0.920136019901355, 0.908578772220155, 0.9069704722645552, 0.8846954696758713, 0.96765112552355, 0.9401721796275649, 0.9682139745132788, 0.9639238661959518, 0.9844403314431973, 0.9549845453084825, 0.9682586904489289, 0.8907251833945106, 0.2843231880438828, 1.0, 0.9682030578743804, 0.9682005789076682, 0.968260845496773, 0.9663120985378117, 0.9682657884565219, 0.87562453198554, 0.957357389242477, 0.9343423195410664, 0.9682612328826516, 0.9293587568702086, 0.9516429919200206, 0.15400526697634365, 0.1884695924688622, 0.9652593436985549, 0.1453366222501925, 0.9181169737011157, 0.12624197344338484, 0.9654195315022607, 0.9647295679612807, 0.968261053999979, 0.8242619658432204, 0.7861931326688409, 0.9480406499870517, 0.42221089399994427, 0.9540863442741059, 0.9817003250085876, 0.8801656099908803], [0.9645769392168607, 0.9239497761246251, 0.9771431365272214, 0.9997880743678552, 0.9741565648868274, 0.9735306636093336, 0.9995323380159934, 0.9589233985872291, 0.9868277761995603, 0.9861532833910485, 0.9983907123151872, 0.9534254845257735, 0.956950462223078, 0.9997280475298185, 0.7560295358223251, 0.9743471206078946, 0.19006864930236966, 0.9175815322318036, 0.9691572969866264, 0.9500908126061293, 0.9381714435357541, 0.9365030805421326, 0.9092723821153765, 0.9991559611606754, 0.9707796430294513, 0.9997391042736375, 0.9953122016281852, 0.996709317487449, 0.9860785453829561, 0.9997911980710266, 0.9197259579197671, 0.2962558003475608, 0.9682030578743804, 1.0, 0.9997107104068915, 0.9997903968184793, 0.997897830347702, 0.9997895776361243, 0.9102818033874949, 0.9886063835383027, 0.9647550463221799, 0.9997872591025972, 0.9596055906405045, 0.9826163140027284, 0.1708237