"[[1.0, 0.8145550343592046, 0.9073915354820661, 0.9112889333921599, 0.798220000311321, 0.2511491434818083, 0.9627095670376474, 0.8690309171666086, 0.9523339491407804, 0.9058787038389963, 0.7416759473142474, 0.6669121720649215, 0.91527204493327, 0.8168820789323354, 0.030976844912355528, 0.9677107923865437, 0.6003928796544602, 0.8038545868663273, 0.5059920527796815, 0.595720076893503, 0.8990018895894084, 0.20057185188311433, 0.24621161554391602, 0.6130564541967038, 0.305540971952315, 0.3383197876925019, 0.45116247828950495, 0.2632148406132535, 0.4269756147482785, 0.4356202350553131, 0.5480152888759978, 0.08428270749084343, 0.7030824015432942, 0.9384694125264297, 0.9856052085679177, 0.8457460257728998, 0.9481041836815596, 0.9218105237531515, 0.734244828382878, 0.8056840259817731, 0.880606439634795, 0.777924895803574, 0.9362379461150213, 0.9324859019616677, 0.12350375988265894, 0.04456460222315739, 0.8924436591112419, 0.10012226360352028, 0.4398815243458869, 0.09014076141814986, 0.6341738417046088, 0.8119543840872643, 0.55514272314749, 0.3644817934425648, 0.6022940730851013, 0.3288808171524711, 0.3003915941103723, 0.06729585076983413, 0.37108375115731407, 0.4329792851268004], [0.8145550343592046, 1.0, 0.7394386637458913, 0.784027846624169, 0.6874483736445403, 0.18156293842360427, 0.7741200484662678, 0.6742378158753282, 0.7667695020487484, 0.692524984174927, 0.6464126193411645, 0.47859923476363986, 0.8235998184720817, 0.6726298822965276, 0.005263196069923759, 0.8783485002329057, 0.4309351432733657, 0.6704654822612299, 0.44111170122532106, 0.42444154911190246, 0.7538212695062702, 0.1749484011802288, 0.25568974375554077, 0.4767144297751692, 0.4820369464057026, 0.2355436930717303, 0.39337085415520867, 0.7025334316154971, 0.4507627271312117, 0.4384541017825092, 0.5509839108346115, 0.06185905362677746, 0.5102456492876262, 0.7748461913340026, 0.7942636612148601, 0.6784072945312835, 0.7885208023792926, 0.7620592739496659, 0.6482913147165862, 0.6381046116977516, 0.6698332461851157, 0.6125217482578837, 0.7658591670873135, 0.7215868179611261, 0.1914350917361367, 0.00043892030472136856, 0.7357753969925657, 0.10310058011259404, 0.5782591164693068, 0.07870766769362958, 0.5553257910861908, 0.6961430951043484, 0.4839537621739751, 0.3178090872824232, 0.5250276316949034, 0.28676750321230604, 0.21573255759430832, 0.03576459423787459, 0.3456070668794342, 0.3501807616638244], [0.9073915354820661, 0.7394386637458913, 1.0, 0.8408493248356504, 0.8914167879314243, 0.5622611305804585, 0.9305504320479601, 0.6878923919307741, 0.892060743128239, 0.7159500257654069, 0.8634175769311131, 0.3781974975808382, 0.8097135460494278, 0.7957509175192516, 0.19402123617973022, 0.888579035674618, 0.34054402296188035, 0.785812927789634, 0.5890598238119231, 0.43579049353985555, 0.93785516469147, 0.2335120973231577, 0.13976748840391806, 0.41448502021616473, 0.29269635501413527, 0.26781464028762536, 0.5252416067002925, 0.26923699889887953, 0.5742264272583413, 0.6157599460220988, 0.616586760436701, 0.08043072009638008, 0.4208025650623264, 0.9308721728707597, 0.9613925862885587, 0.7565820128132508, 0.9569163566134445, 0.9259333230948315, 0.8547701074496513, 0.687280610155421, 0.6652707277519863, 0.6293728750351183, 0.8951377241279218, 0.7327751188901437, 0.14379423732520313, 0.32968658928449157, 0.8997444523295449, 0.13706940358851338, 0.45518066860543505, 0.10495456933039327, 0.497232785563978, 0.9004614382255952, 0.6462832472614496, 0.42432795872813256, 0.7011709516473218, 0.3828810216673316, 0.17049925211111794, 0.24463180429984877, 0.3190953953716147, 0.39812700936022094], [0.9112889333921599, 0.784027846624169, 0.8408493248356504, 1.0, 0.7742751153978299, 0.20957674865575093, 0.876087501742227, 0.7707603754964913, 0.873728405717061, 0.7961298538143484, 0.728071510125201, 0.5566027582636293, 0.8205677208475372, 0.7634339944476091, 0.008832212947336049, 0.881729413286719, 0.501130212402793, 0.7508535038707745, 0.49676421427709905, 0.4871168901169557, 0.8536863877734808, 0.19696131444258147, 0.20558021299618678, 0.6516029921084481, 0.24686457629809078, 0.27468179299868845, 0.44296715823234156, 0.24928892982326434, 0.7123055384754436, 0.39081894244566695, 0.5199900587943981, 0.07146469562908087, 0.5922302791644259, 0.8794612916439711, 0.9083951003606617, 0.7741106542265754, 0.8876207824635115, 0.8653220626952237, 0.7207912272482676, 0.7290161049655154, 0.7709859570234556, 0.6929230185263883, 0.8711260594796616, 0.8281276128443361, 0.12130843799429503, 0.005707872381059631, 0.8353500330445279, 0.09835543504590083, 0.3838754865059638, 0.08855845984599353, 0.5087495684293244, 0.7860395309942532, 0.545018720634155, 0.3578670373237858, 0.5912942935303025, 0.3229120786982782, 0.25080259293794605, 0.043343067223810205, 0.6065088463935431, 0.39900638859266113], [0.798220000311321, 0.6874483736445403, 0.8914167879314243, 0.7742751153978299, 1.0, 0.2779504280583518, 0.7845455880820735, 0.4490207254478542, 0.7937506353675531, 0.477027223106657, 0.9907925184877835, 0.0952117079419752, 0.753383835738193, 0.7786985119391444, 0.007616126727896688, 0.7858519324942752, 0.09283927604213327, 0.792000483634456, 0.6923918386039529, 0.10940946784908068, 0.9773745647363549, 0.26783388623467697, 0.05143732570255588, 0.08625884932265848, 0.3357560917845006, 0.049247883853517416, 0.6025816709090681, 0.2771850867173584, 0.5538386804725124, 0.5281426782874235, 0.721500851558926, 0.0366913415601241, 0.14452892474471624, 0.9246392735901691, 0.841466748821857, 0.6741468520969163, 0.9336444024099084, 0.9194374075652016, 0.9917758826664341, 0.5866861543895701, 0.4353883110434449, 0.4648979423146128, 0.8722683972400532, 0.5408372602086376, 0.18198772582743428, 0.014246216679497437, 0.8878684256386803, 0.13364493883392747, 0.5222191146590098, 0.12030566396475584, 0.17205335013559264, 0.9951989742872238, 0.7518711342155108, 0.5646567366082595, 0.8160051824994091, 0.4392469577476146, 0.045339599845565015, 0.05435718381064458, 0.05093447110219196, 0.44820102590735633], [0.2511491434818083, 0.18156293842360427, 0.5622611305804585, 0.20957674865575093, 0.2779504280583518, 1.0, 0.3940489997395915, 0.2084207702503882, 0.27675993759775097, 0.19637314283664908, 0.28047434191176646, 0.00023056017524525352, 0.1917128541028459, 0.21006326560386124, 0.5414505641569424, 0.27447691310135514, 0.000297723945273054, 0.20987891404531844, 0.19144793726237141, 0.30526869366317, 0.2846414587956243, 0.07597501958265773, 0.0002728330863870365, 0.2064137798291592, 0.09519304130795914, 0.2349221865503588, 0.17075685175576893, 0.07611329406001466, 0.4202840831639809, 0.5970421490628774, 0.2004232266929875, 0.07173915464702496, 0.014218028790211834, 0.2650711075110741, 0.381512452090075, 0.1756195918491783, 0.31235246830850816, 0.2792895381877799, 0.2776913321940385, 0.14565516003397838, 0.13937014958666216, 0.1124226191549802, 0.23087267880196616, 0.13207104617644938, 0.04683349126363623, 0.9484422102186535, 0.2940890262503322, 0.037989747714046174, 0.14796779280149042, 0.034219579243549125, 0.3633498241054758, 0.2787391763531897, 0.21009822459773675, 0.137963364696169, 0.22785151482519872, 0.12448959094382184, 0.00030395068208488585, 0.5831211125976826, 0.3384559843536177, 0.09681295713408988], [0.9627095670376474, 0.7741200484662678, 0.9305504320479601, 0.876087501742227, 0.7845455880820735, 0.3940489997395915, 1.0, 0.848419897264072, 0.9254704711359849, 0.8674942088317514, 0.7329770550542526, 0.6134612077063377, 0.8659530162770805, 0.7904731927959779, 0.11605481693528497, 0.9375358209145823, 0.5523270727177064, 0.7764320575895136, 0.5001430373558067, 0.6050634268018017, 0.8785842947780583, 0.1983288427496086, 0.22659166359424265, 0.5978012341927186, 0.27020693235030313, 0.36680943721577886, 0.4659455236916652, 0.25596884845326606, 0.4745056509151915, 0.4900913375197147, 0.5308832936347527, 0.08917738479450488, 0.6492614532780328, 0.9116041252765595, 0.9729153172621579, 0.8097571933297836, 0.9284823458322767, 0.8978947814247096, 0.7256563347819373, 0.7682173991558212, 0.8344801129348772, 0.7556444767240191, 0.9029974758863443, 0.881553300608516, 0.12216715324674232, 0.1941824710713519, 0.8921693080986831, 0.11719727006716141, 0.40604487513533727, 0.08919720634777484, 0.6450740219281905, 0.797310028683416, 0.5487254268135436, 0.3603200352072158, 0.595306418247856, 0.3756074445268298, 0.27643334256427576, 0.156448547720469, 0.3960541392598651, 0.41586189880332847], [0.8690309171666086, 0.6742378158753282, 0.6878923919307741, 0.7707603754964913, 0.4490207254478542, 0.2084207702503882, 0.848419897264072, 1.0, 0.8088834017197667, 0.9648011590255825, 0.36555880268043195, 0.8861939055603615, 0.7858104040702341, 0.6230849546076596, 0.11373830483771707, 0.8490623583544114, 0.7977922163849382, 0.6051512908794312, 0.24953619354287215, 0.8483232252015163, 0.6072599633916589, 0.09903537329139167, 0.3271442532763754, 0.8361600707629736, 0.15863862786384475, 0.5389620506546328, 0.31733444084734874, 0.18198281563043683, 0.30286574532990285, 0.2587709702233778, 0.27296865084755617, 0.09785405352731347, 0.9033186921130846, 0.7009612525909094, 0.827455225958269, 0.7361568665199215, 0.7057315915830084, 0.6754737057234821, 0.3648441877092814, 0.7503200494386182, 0.9616498325779669, 0.843061591563973, 0.7373219770679904, 0.9559150265489962, 0.061053729316636884, 0.1135129581838441, 0.7502311205319205, 0.0745815000599942, 0.22408040141477015, 0.10317262201946698, 0.8491799796211094, 0.4628991471081415, 0.2837049122063945, 0.20437203355316003, 0.3005995600027176, 0.38536813081843513, 0.39985654223203326, 0.08545051122570335, 0.5317377197061973, 0.3876122005829583], [0.9523339491407804, 0.7667695020487484, 0.892060743128239, 0.873728405717061, 0.7937506353675531, 0.27675993759775097, 0.9254704711359849, 0.8088834017197667, 1.0, 0.8451613998220328, 0.7439364972374648, 0.5961235514204278, 0.8552530480823108, 0.7929335691197652, 0.045676358304103215, 0.9239653227370909, 0.5367098884081121, 0.7773833758417263, 0.5075957405540809, 0.5423358913639551, 0.8823168676741973, 0.20126204723884156, 0.2201723582470737, 0.5557668846441656, 0.25225243304654765, 0.3109632371413704, 0.45263016903697184, 0.25728895516566896, 0.4354548913716543, 0.42975027472247673, 0.5313297269758469, 0.07974140221974946, 0.6324931564297575, 0.9126640525158841, 0.9510736862269982, 0.8066683323321129, 0.9244616777884139, 0.8969359946993549, 0.7364994336029101, 0.7637032904433505, 0.8165252440682615, 0.7482520050465647, 0.9035120919678256, 0.8707339028191385, 0.12396087118115151, 0.07028679393638004, 0.8692306188870098, 0.13825414415722248, 0.39224811209813804, 0.09049735446731533, 0.5640450524188467, 0.8062475922171193, 0.5569026582130138, 0.36567430946364077, 0.6041851580805819, 0.3299567311774516, 0.26860491859516733, 0.08287192781207231, 0.3426285540392644, 0.4149970632124069], [0.9058787038389963, 0.692524984174927, 0.7159500257654069, 0.7961298538143484, 0.477027223106657, 0.19637314283664908, 0.8674942088317514, 0.9648011590255825, 0.8451613998220328, 1.0, 0.3937179719076873, 0.914702298165664, 0.8009765420255334, 0.6550843134295077, 0.05345358946407064, 0.8803087166631323, 0.8234416832105259, 0.633787937479065, 0.2687141008493217, 0.8258595812795915, 0.6399202074049755, 0.10661083431206864, 0.33763771674128296, 0.8474089540169959, 0.13359131571366012, 0.4712542838371695, 0.2396574981324523, 0.19224012170157345, 0.24481303001785315, 0.2517582220342025, 0.28129912133966606, 0.09981305923278605, 0.9331995293866718, 0.7355247109442601, 0.8625808307934878, 0.7700740396532294, 0.7414041194915933, 0.7110011235130179, 0.38980260019249624, 0.7827192080814845, 0.9950903438032243, 0.8289973993246422, 0.7713478441018385, 0.9933526639314346, 0.06570237240485222, 0.08857850077756368, 0.6984028487510855, 0.07416492508929251, 0.2076760517993823, 0.04799432151935412, 0.7849988319463079, 0.4940746266189988, 0.29481318519900845, 0.19362653888001968, 0.31982202054479947, 0.17471418551973317, 0.41194110085003244, 0.07467870992387549, 0.5187047472312074, 0.37914437078631646], [0.7416759473142474, 0.6464126193411645, 0.8634175769311131, 0.728071510125201, 0.9907925184877835, 0.28047434191176646, 0.7329770550542526, 0.36555880268043195, 0.7439364972374648, 0.3937179719076873, 1.0, 0.00017452714500376665, 0.6826367994055289, 0.7482234620717784, 0.0076065725872026535, 0.7163320511954505, 0.00022487420246952716, 0.7475381260088709, 0.6820960321552103, 0.0002980220744659423, 0.9529534250063684, 0.27026640147158065, 0.00020524560857393404, 0.0002547701551802728, 0.3388227103266819, 0.00030169015721692727, 0.6081163126605874, 0.27074587776627346, 0.5589149479530383, 0.5329701274903966, 0.7139315190045176, 0.028293155300004758, 0.050071470669505236, 0.8868150313095973, 0.7927939402355986, 0.6254577997767872, 0.9011603176979289, 0.8888592752972102, 0.9899450636252859, 0.5183955274183762, 0.3434719395841056, 0.3999540198789966, 0.8224438170910422, 0.45834476616253483, 0.16635213803606652, 0.00020633870024200363, 0.8466820611613242, 0.1348297459941762, 0.5270223938355957, 0.12136486167234373, 0.09863419459193112, 0.9936572970241593, 0.7483617852231347, 0.4912613846963594, 0.8119607803555345, 0.44327626027344613, 0.00022952965126321612, 0.054780645585337684, 0.0002799550454684052, 0.3444433502516905], [0.6669121720649215, 0.47859923476363986, 0.3781974975808382, 0.5566027582636293, 0.0952117079419752, 0.00023056017524525352, 0.6134612077063377, 0.8861939055603615, 0.5961235514204278, 0.914702298165664, 0.00017452714500376665, 1.0, 0.5814350208398307, 0.3929655770033771, 0.0002430563577860978, 0.6465500678982887, 0.9001781698456346, 0.3712435144617259, 0.0002557355771144465, 0.8717413234662335, 0.28723736059953553, 0.00021797611826879226, 0.36901633203550444, 0.904708456781242, 0.00021945438595860622, 0.490624162825229, 0.000299712755199133, 0.09363487453507235, 0.00030971058101803006, 0.0003336289769544365, 0.0003050277412804947, 0.09055022433778193, 0.9987543600551645, 0.4200506292542636, 0.5853061256372798, 0.5727926628676214, 0.41551656928862524, 0.39183825352163715, 0.00020967401774807382, 0.6317722604700083, 0.9356863335529694, 0.7218703348540636, 0.4894245231343617, 0.88850144577174, 0.00020354579468839784, 0.0002129035501616805, 0.3928383726500704, 0.0001953797535957369, 0.000242239122830612, 0.00019965779612485246, 0.7816426188058198, 0.11262411695241759, 0.0002727518141119045, 0.0002613220884403189, 0.0002577390892686271, 0.00023655194263494383, 0.45024343288821944, 0.00025638507655179055, 0.532536560163289, 0.26627425140613115], [0.91527204493327, 0.8235998184720817, 0.8097135460494278, 0.8205677208475372, 0.753383835738193, 0.1917128541028459, 0.8659530162770805, 0.7858104040702341, 0.8552530480823108, 0.8009765420255334, 0.6826367994055289, 0.5814350208398307, 1.0, 0.7404978904634201, 0.005516961127198794, 0.9150763972841992, 0.5234954887351905, 0.7530912524565545, 0.46580619109950216, 0.5607004749076692, 0.8341307011228275, 0.18472265349873196, 0.21476821953095615, 0.5268555395170055, 0.5807182472850754, 0.29214021330413964, 0.4153835330829836, 0.23934577355222098, 0.38182076829106215, 0.4885337810154444, 0.6061853544892102, 0.07919587086888336, 0.6147625854920431, 0.8659023798919293, 0.8819109019599148, 0.7599554039351563, 0.8579398006829051, 0.834523453642709, 0.7002669428198822, 0.7221211630825628, 0.7948027072767652, 0.7050902479561052, 0.8715367274182336, 0.8352857092990041, 0.11379196784090817, 0.03742710997780818, 0.8352192293691957, 0.11512585457046087, 0.6753985637189107, 0.0830869810927014, 0.6778547240476781, 0.7436920282444696, 0.5113886145194747, 0.5417752158014425, 0.5848362262622326, 0.30281845599461465, 0.2680598100395498, 0.03772609472535349, 0.3099104507079644, 0.6060695549154298], [0.8168820789323354, 0.6726298822965276, 0.7957509175192516, 0.7634339944476091, 0.7786985119391444, 0.21006326560386124, 0.7904731927959779, 0.6230849546076596, 0.7929335691197652, 0.6550843134295077, 0.7482234620717784, 0.3929655770033771, 0.7404978904634201, 1.0, 0.0059669793722575415, 0.7904713364680351, 0.353842717588728, 0.7052189729690549, 0.5105152592456036, 0.3427878970397218, 0.82726981634582, 0.20241409559210544, 0.1452266587189488, 0.35730031628541226, 0.2536981597590299, 0.255820130007514, 0.45522840695659594, 0.239461154190182, 0.41843521278239026, 0.39905568245594136, 0.5343845988264525, 0.0569225052086646, 0.4298020010006518, 0.8306285174028357, 0.8242458681376676, 0.7348128561988784, 0.840508940140125, 0.9377217065238069, 0.7407420074108868, 0.6382889539193913, 0.6248589844554239, 0.6124955781130565, 0.8076576166947192, 0.691973020285564, 0.1246672599515849, 0.0003958255755660556, 0.7894316538340187, 0.15571318792888333, 0.39450160677861124, 0.09101099691099046, 0.3809812844416577, 0.7876683307459257, 0.5601044736502573, 0.3677733573607409, 0.6076608273582362, 0.33185090917508675, 0.1771601287651975, 0.04126919744669255, 0.20955314675264103, 0.36241519498957275], [0.030976844912355528, 0.005263196069923759, 0.19402123617973022, 0.008832212947336049, 0.007616126727896688, 0.5414505641569424, 0.11605481693528497, 0.11373830483771707, 0.045676358304103215, 0.05345358946407064, 0.0076065725872026535, 0.0002430563577860978, 0.005516961127198794, 0.0059669793722575415, 1.0, 0.04867115537968181, 0.0003131427518118235, 0.005972377892523362, 0.0053719655006078115, 0.17883217248134708, 0.01743883755491904, 0.002284745176083569, 0.000285759443467426, 0.12095431784019539, 0.002791849064218699, 0.13766629296905342, 0.09754949861303197, 0.002292042836208874, 0.15862838378885558, 0.2661507887240462, 0.005673032223448393, 0.037050126838676256, 0.0006120182876463431, 0.016431810438275463, 0.09935643469216193, 0.00501154029865758, 0.04185674989059618, 0.024421750003371656, 0.007579619475731159, 0.0042832055220974885, 0.027956885635448847, 0.0033677586037191842, 0.006523584095358581, 0.0056961718615545776, 0.0014992600384206023, 0.5551731963653097, 0.03972201055997426, 0.0012557413126017547, 0.004210211840131817, 0.8221042569352208, 0.1974323129544393, 0.007619279862402739, 0.1451998599452884, 0.003972052096294809, 0.0063313972044111155, 0.0035851809731294315, 0.0003196226975086258, 0.3328629040399582, 0.19824338482323856, 0.0028927499032086468], [0.9677107923865437, 0.8783485002329057, 0.888579035674618, 0.881729413286719, 0.7858519324942752, 0.27447691310135514, 0.9375358209145823, 0.8490623583544114, 0.9239653227370909, 0.8803087166631323, 0.7163320511954505, 0.6465500678982887, 0.9150763972841992, 0.7904713364680351, 0.04867115537968181, 1.0, 0.5973077632513323, 0.8047390080768585, 0.4887781416416115, 0.6254778426279337, 0.8799473730910206, 0.19381497009272053, 0.2387794979626917, 0.6017334621446201, 0.2751216772238849, 0.3402727892671642, 0.4358577552211498, 0.4374763073111958, 0.4215989462161205, 0.42917127209272454, 0.5225742150740261, 0.08390697701020855, 0.6814782954382788, 0.9188509317313888, 0.9597895691954187, 0.8182860000456823, 0.9192804418302121, 0.892332551166769, 0.7250090241389878, 0.7800991051329262, 0.8648793326047203, 0.7578008978043539, 0.9220714653691483, 0.9067460411912776, 0.11938255163969569, 0.0998697754136092, 0.8834347627303056, 0.10536276456713822, 0.4068063117569072, 0.08716139746409013, 0.6171162709443095, 0.784491707905046, 0.5585905571192811, 0.48567917997102095, 0.6014744905613512, 0.3177328923457978, 0.2952278019297109, 0.08473324426668094, 0.37148061814348576, 0.5588704062995105], [0.6003928796544602, 0.4309351432733657, 0.34054402296188035, 0.501130212402793, 0.09283927604213327, 0.000297723945273054, 0.5523270727177064, 0.7977922163849382, 0.5367098884081121, 0.8234416832105259, 0.00022487420246952716, 0.9001781698456346, 0.5234954887351905, 0.353842717588728, 0.0003131427518118235, 0.5973077632513323, 1.0, 0.5694120741973245, 0.0003299358946209363, 0.7847805636867495, 0.2586486481906368, 0.00028098877272764167, 0.33223646681318875, 0.8144374955128918, 0.0002825809682419633, 0.4417353852283834, 0.0003856950827372252, 0.08436696439896141, 0.0003989886548376731, 0.00042949771421041394, 0.0003937541916485543, 0.08161502983208191, 0.8990570311639451, 0.38418343922072484, 0.5360149215304876, 0.5156911110016501, 0.3741348930538433, 0.3528153055560559, 0.00027025418221493513, 0.5687980278667987, 0.842325005384243, 0.6498824273756652, 0.4406694765639376, 0.7998570296641774, 0.00026237888286395616, 0.0002749576131125808, 0.35373194109259787, 0.00025169274748326753, 0.00031221161862649005, 0.00025750172838479024, 0.7036900495694873, 0.10145969490104523, 0.27893477245067655, 0.0003367381189071095, 0.0003318326580398212, 0.0003049120287738072, 0.4053597968823951, 0.00033049928434225606, 0.4794528109650762, 0.2397779694768889], [0.8038545868663273, 0.6704654822612299, 0.785812927789634, 0.7508535038707745, 0.792000483634456, 0.20987891404531844, 0.7764320575895136, 0.6051512908794312, 0.7773833758417263, 0.633787937479065, 0.7475381260088709, 0.3712435144617259, 0.7530912524565545, 0.7052189729690549, 0.005972377892523362, 0.8047390080768585, 0.5694120741973245, 1.0, 0.5719040741263064, 0.35952326226428777, 0.8228169269432397, 0.20223634679721025, 0.13722047320153297, 0.33602170830278766, 0.2855852932743821, 0.18397413890933478, 0.4548202113448323, 0.2372530792770562, 0.4180614882062692, 0.41013772494087686, 0.5975017890577426, 0.054952438860336406, 0.4080725574294215, 0.8300594577810301, 0.8210960917793866, 0.6801547546163671, 0.8278618948282822, 0.8155657757523193, 0.7461249569736965, 0.6706906464812973, 0.6080510333961135, 0.5669434645746122, 0.8073336783135032, 0.6738314825148826, 0.12456089254778457, 0.00957768855891461, 0.7894242020992631, 0.10099387816769301, 0.42315319760392045, 0.09093561425702401, 0.3782936994442161, 0.7845461122386821, 0.9049677527217549, 0.41855752962894, 0.6146469599164257, 0.3315540823935579, 0.16888991818884835, 0.0412424610758132, 0.19799793481914008, 0.40996910022692123], [0.5059920527796815, 0.44111170122532106, 0.5890598238119231, 0.49676421427709905, 0.6923918386039529, 0.19144793726237141, 0.5001430373558067, 0.24953619354287215, 0.5075957405540809, 0.2687141008493217, 0.6820960321552103, 0.0002557355771144465, 0.46580619109950216, 0.5105152592456036, 0.0053719655006078115, 0.4887781416416115, 0.0003299358946209363, 0.5719040741263064, 1.0, 0.1937930683952076, 0.6500806087129076, 0.1844772489818176, 0.00030185356985823475, 0.00037382178784550746, 0.23123145868578088, 0.0004433133780462617, 0.41494098508465105, 0.1848070526187855, 0.3813947957357302, 0.36371971850296125, 0.9426068482302907, 0.01950173719760495, 0.034284657259757934, 0.6050165678354144, 0.5409408378517471, 0.42676639720404697, 0.6147978392246306, 0.6555857337359963, 0.6752655620963492, 0.7741932363611597, 0.2344400595803241, 0.2729919195356145, 0.6001608148238096, 0.31278465807313016, 0.11360056561660836, 0.0003019866750424427, 0.6094027858482404, 0.0920973416126244, 0.35959391486937387, 0.08291785360082293, 0.06751646844925785, 0.677802857142803, 0.5105627271882263, 0.3352207365822315, 0.553923476638913, 0.30247777197876147, 0.00033680763751231524, 0.037552973838552495, 0.0004106728511512614, 0.23509801421211907], [0.595720076893503, 0.42444154911190246, 0.43579049353985555, 0.4871168901169557, 0.10940946784908068, 0.30526869366317, 0.6050634268018017, 0.8483232252015163, 0.5423358913639551, 0.8258595812795915, 0.0002980220744659423, 0.8717413234662335, 0.5607004749076692, 0.3427878970397218, 0.17883217248134708, 0.6254778426279337, 0.7847805636867495, 0.35952326226428777, 0.1937930683952076, 1.0, 0.27081462783091115, 0.0003725538780361415, 0.32180706047455443, 0.8569600969081297, 0.000374274229060223, 0.5530553504890684, 0.04933576552059671, 0.09508664668883338, 0.11397331970493763, 0.14861570905566135, 0.1652563481719509, 0.09978645519970375, 0.8706556445041331, 0.38613868896330894, 0.5630708023635684, 0.49948977377119874, 0.38210358701811264, 0.369442235805736, 0.023111109107840422, 0.7029791364022738, 0.8450964479833215, 0.6535908153288625, 0.46480990170038994, 0.7812586112842664, 0.0003478696070309262, 0.34862254011113625, 0.44458257788372757, 0.0003335024406017073, 0.00041388376839157637, 0.00034157117059796516, 0.829383548254974, 0.09834731468784041, 0.00046488394549171197, 0.192362000259219, 0.0287405459361183, 0.12397301118780124, 0.39825738445555303, 0.18826636981143396, 0.5762918257419638, 0.43341447509565767], [0.8990018895894084, 0.7538212695062702, 0.93785516469147, 0.8536863877734808, 0.9773745647363549, 0.2846414587956243, 0.8785842947780583, 0.6072599633916589, 0.8823168676741973, 0.6399202074049755, 0.9529534250063684, 0.28723736059953553, 0.8341307011228275, 0.82726981634582, 0.01743883755491904, 0.8799473730910206, 0.2586486481906368, 0.8228169269432397, 0.6500806087129076, 0.27081462783091115, 1.0, 0.2576456236878135, 0.10616994889641584, 0.26460451563379694, 0.32297139968102506, 0.14782167770558885, 0.5796146619663475, 0.28491734568310256, 0.5376494588183602, 0.5165105020892213, 0.6805707746145214, 0.11864453565505728, 0.334425444605041, 0.9714131728241739, 0.9270379063210233, 0.7606239982957957, 0.9805576930232046, 0.9601274233544381, 0.9500245171137942, 0.6766871716047805, 0.6013139489999907, 0.602418432621579, 0.9311813049982656, 0.6934977637151352, 0.1586222553886163, 0.028041042171515485, 0.9291183665015902, 0.15449342263962296, 0.502310824598436, 0.11575341101089165, 0.3246803654951105, 0.979194709396344, 0.7163164838069628, 0.5241921620503013, 0.7820756838805352, 0.42258685815621977, 0.13115423984255614, 0.062926429096402, 0.159501266271177, 0.4633291088193383], [0.20057185188311433, 0.1749484011802288, 0.2335120973231577, 0.19696131444258147, 0.26783388623467697, 0.07597501958265773, 0.1983288427496086, 0.09903537329139167, 0.20126204723884156, 0.10661083431206864, 0.27026640147158065, 0.00021797611826879226, 0.18472265349873196, 0.20241409559210544, 0.002284745176083569, 0.19381497009272053, 0.00028098877272764167, 0.20223634679721025, 0.1844772489818176, 0.0003725538780361415, 0.2576456236878135, 1.0, 0.0002566832270857189, 0.00031835182758910285, 0.09172418274713545, 0.00037718079564408313, 0.16453659879370797, 0.07333815541659816, 0.15125686210984324, 0.14427168946660895, 0.19312283773150363, 0.007903538492335382, 0.01369610287739742, 0.25228493614363323, 0.2144939365005205, 0.16921984787885525, 0.24370523271400157, 0.24036889419289986, 0.26758387274817585, 0.1403446301958322, 0.09302888379300134, 0.10832440179687253, 0.2224673986068213, 0.12406361520691878, 0.04512472205639517, 0.00025759539902481254, 0.22901637088938642, 0.036602700380431674, 0.1425787949848254, 0.03296997071272789, 0.026953926504297065, 0.26859480119432044, 0.202391565540194, 0.1329377612657412, 0.2195555306366791, 0.11995349511247877, 0.00028681865890711755, 0.01503919900381756, 0.0003497903663099988, 0.09328429134835148], [0.24621161554391602, 0.25568974375554077, 0.13976748840391806, 0.20558021299618678, 0.05143732570255588, 0.0002728330863870365, 0.22659166359424265, 0.3271442532763754, 0.2201723582470737, 0.33763771674128296, 0.00020524560857393404, 0.36901633203550444, 0.21476821953095615, 0.1452266587189488, 0.000285759443467426, 0.2387794979626917, 0.33223646681318875, 0.13722047320153297, 0.00030185356985823475, 0.32180706047455443, 0.10616994889641584, 0.0002566832270857189, 1.0, 0.33393245941428296, 0.0002576112165504352, 0.18122713739831164, 0.0003512257564799448, 0.03471651984684998, 0.0003640507272385518, 0.00039137702007385755, 0.0003606164392120359, 0.03363168819352791, 0.3685568224849205, 0.15520551935778193, 0.21621853482537579, 0.21152693459298655, 0.2226219285201746, 0.14478445895779268, 0.09144284108498846, 0.23332296607128278, 0.34536842130293655, 0.2665282148409849, 0.18081476908580174, 0.3298482893363506, 0.9165712248560615, 0.00025202677003421936, 0.14518761108105005, 0.0002296399505898883, 0.00028511437994560573, 0.0002354407309032025, 0.28858879258389636, 0.0417226730311997, 0.00031988542402450193, 0.00030739674233970504, 0.00030243401566476535, 0.00027849936102164463, 0.1662727951856543, 0.00030190817177511153, 0.19667055515895104, 0.09843346654309149], [0.6130564541967038, 0.4767144297751692, 0.41448502021616473, 0.6516029921084481, 0.08625884932265848, 0.2064137798291592, 0.5978012341927186, 0.8361600707629736, 0.5557668846441656, 0.8474089540169959, 0.0002547701551802728, 0.904708456781242, 0.5268555395170055, 0.35730031628541226, 0.12095431784019539, 0.6017334621446201, 0.8144374955128918, 0.33602170830278766, 0.00037382178784550746, 0.8569600969081297, 0.26460451563379694, 0.00031835182758910285, 0.33393245941428296, 1.0, 0.0003201392185241403, 0.49716968163348785, 0.00043694620459366895, 0.08482515571224791, 0.3375936881589905, 0.10055762911259869, 0.000446140584033361, 0.09601062329518917, 0.9035818280676479, 0.3848951642153571, 0.5700411697486728, 0.5183185942382285, 0.39097378142474504, 0.3613046181303957, 0.0003061881458268356, 0.5728616824021636, 0.8563164558747993, 0.6690836583540262, 0.4429293330872739, 0.8046446570409248, 0.0002972669583455323, 0.21243283521116774, 0.36902222297756615, 0.02962716538158805, 0.00035372352026996623, 0.00029174839322987367, 0.7822899266615789, 0.10200310276374247, 0.0003977566616478745, 0.00038150746094456345, 0.0003759346112174322, 0.0003454549724012379, 0.4074255518743606, 0.12733525210043306, 0.8397026373009395, 0.24102023299629183], [0.305540971952315, 0.4820369464057026, 0.29269635501413527, 0.24686457629809078, 0.3357560917845006, 0.09519304130795914, 0.27020693235030313, 0.15863862786384475, 0.25225243304654765, 0.13359131571366012, 0.3388227103266819, 0.00021945438595860622, 0.5807182472850754, 0.2536981597590299, 0.002791849064218699, 0.2751216772238849, 0.0002825809682419633, 0.2855852932743821, 0.23123145868578088, 0.000374274229060223, 0.32297139968102506, 0.09172418274713545, 0.0002576112165504352, 0.0003201392185241403, 1.0, 0.00037882376809705853, 0.20621493665225588, 0.0918888102098896, 0.18956135942378927, 0.4960059386596264, 0.5425805508746515, 0.009829774720400586, 0.01711850824304295, 0.30062043119394355, 0.26883427896264855, 0.2120875470258642, 0.305477630354565, 0.3012978820815655, 0.33544873614572945, 0.1758702020757703, 0.11656454132424787, 0.13572907309547788, 0.2788407853256315, 0.15547568369620224, 0.05651894123355006, 0.0002596087719107798, 0.2870511030729914, 0.0458358884060579, 0.9781500445130952, 0.04127989811170463, 0.4291170883189792, 0.3367145608067459, 0.25368778112942425, 0.1666064287020067, 0.27521347118827444, 0.15033352409467848, 0.0002884135843330693, 0.01878022580274652, 0.0003518295414995931, 0.11688597192013872], [0.3383197876925019, 0.2355436930717303, 0.26781464028762536, 0.27468179299868845, 0.049247883853517416, 0.2349221865503588, 0.36680943721577886, 0.5389620506546328, 0.3109632371413704, 0.4712542838371695, 0.00030169015721692727, 0.490624162825229, 0.29214021330413964, 0.255820130007514, 0.13766629296905342, 0.3402727892671642, 0.4417353852283834, 0.18397413890933478, 0.0004433133780462617, 0.5530553504890684, 0.14782167770558885, 0.00037718079564408313, 0.18122713739831164, 0.49716968163348785, 0.00037882376809705853, 1.0, 0.10831996550478451, 0.046191193033702005, 0.12563560425820508, 0.11445975046707724, 0.0005294152826740284, 0.06062189188004263, 0.4900136227308043, 0.21302396385701083, 0.32844821818313263, 0.693581821141062, 0.22060740806743728, 0.2001320960851165, 0.002909824717071796, 0.31118960295272746, 0.47192430558579845, 0.42056149155568356, 0.24310999986784065, 0.4375332949997899, 0.00035218742606968334, 0.24562643090826852, 0.3115012470153403, 0.024025461143954097, 0.00041900692903407144, 0.000345853233568727, 0.5504505500921958, 0.05550424502689422, 0.000470499580689121, 0.021936147249319138, 0.003612992628876821, 0.2732420524432305, 0.221723627867901, 0.14492918954430734, 0.34758996056858216, 0.15342129601089205], [0.45116247828950495, 0.39337085415520867, 0.5252416067002925, 0.44296715823234156, 0.6025816709090681, 0.17075685175576893, 0.4659455236916652, 0.31733444084734874, 0.45263016903697184, 0.2396574981324523, 0.6081163126605874, 0.000299712755199133, 0.4153835330829836, 0.45522840695659594, 0.09754949861303197, 0.4358577552211498, 0.0003856950827372252, 0.4548202113448323, 0.41494098508465105, 0.04933576552059671, 0.5796146619663475, 0.16453659879370797, 0.0003512257564799448, 0.00043694620459366895, 0.20621493665225588, 0.10831996550478451, 1.0, 0.16483039229939278, 0.40766624178126176, 0.32436473361813023, 0.43434813089243884, 0.01750142359578022, 0.030633974777755313, 0.5394655476557297, 0.48237661877489835, 0.3805539339784596, 0.548185497840585, 0.5406899960818852, 0.6020414537323096, 0.3155185486587765, 0.20909908401198807, 0.30552913270860205, 0.5003576611240131, 0.27894297016103575, 0.10134857403607822, 0.0003547484786462496, 0.631951253707308, 0.08217610230640993, 0.3206520199173837, 0.1851895092571888, 0.1549537106496548, 0.6043093657686645, 0.47411262586336966, 0.2989321610133684, 0.49389032466935856, 0.5871641560599737, 0.626407195194624, 0.03357764785883932, 0.00048025464493384185, 0.20967964917833637], [0.2632148406132535, 0.7025334316154971, 0.26923699889887953, 0.24928892982326434, 0.2771850867173584, 0.07611329406001466, 0.25596884845326606, 0.18198281563043683, 0.25728895516566896, 0.19224012170157345, 0.27074587776627346, 0.09363487453507235, 0.23934577355222098, 0.239461154190182, 0.002292042836208874, 0.4374763073111958, 0.08436696439896141, 0.2372530792770562, 0.1848070526187855, 0.09508664668883338, 0.28491734568310256, 0.07333815541659816, 0.03471651984684998, 0.08482515571224791, 0.0918888102098896, 0.046191193033702005, 0.16483039229939278, 1.0, 0.1515279900415304, 0.14453033085615008, 0.19346905195498265, 0.016360782664253004, 0.10701978576915161, 0.27947808013230346, 0.269534791654648, 0.22301078340083436, 0.28293529936866335, 0.2773803360646979, 0.2680592387686165, 0.1995943024435749, 0.180595087962665, 0.17593482624578305, 0.2685628450659022, 0.20727630832940935, 0.04520733168489133, 0.0002619408507718024, 0.26609822214166545, 0.036669898991488536, 0.14283393113981124, 0.03303127690777263, 0.10000281686970802, 0.2795758999978877, 0.20275203658580265, 0.13317604242849113, 0.21994621888674903, 0.12016865747164351, 0.0423347421527831, 0.015069478138132975, 0.05008250896885491, 0.11830605575212017], [0.4269756147482785, 0.4507627271312117, 0.5742264272583413, 0.7123055384754436, 0.5538386804725124, 0.4202840831639809, 0.4745056509151915, 0.30286574532990285, 0.4354548913716543, 0.24481303001785315, 0.5589149479530383, 0.00030971058101803006, 0.38182076829106215, 0.41843521278239026, 0.15862838378885558, 0.4215989462161205, 0.0003989886548376731, 0.4180614882062692, 0.3813947957357302, 0.11397331970493763, 0.5376494588183602, 0.15125686210984324, 0.0003640507272385518, 0.3375936881589905, 0.18956135942378927, 0.12563560425820508, 0.40766624178126176, 0.1515279900415304, 1.0, 0.42603052888922355, 0.39923985431423303, 0.03394780923627494, 0.028188533553368367, 0.5004716555136497, 0.4975372741737579, 0.34980055865147375, 0.5208528704233529, 0.5055004420337076, 0.5533385706702386, 0.29003755240735174, 0.20446138178000228, 0.25724646832233944, 0.45991118418638033, 0.2573593736692903, 0.09318196588616878, 0.2713984788843745, 0.5525219561014107, 0.0755603287640697, 0.2947374282962161, 0.06804269993055301, 0.20233240020092358, 0.5554235338823404, 0.4184373405032512, 0.2747797729912579, 0.4539531532025953, 0.41890899533834824, 0.00040724228822042186, 0.19312878537691702, 0.6809929393083392, 0.192753867397917], [0.4356202350553131, 0.4384541017825092, 0.6157599460220988, 0.39081894244566695, 0.5281426782874235, 0.5970421490628774, 0.4900913375197147, 0.2587709702233778, 0.42975027472247673, 0.2517582220342025, 0.5329701274903966, 0.0003336289769544365, 0.4885337810154444, 0.39905568245594136, 0.2661507887240462, 0.42917127209272454, 0.00042949771421041394, 0.41013772494087686, 0.36371971850296125, 0.14861570905566135, 0.5165105020892213, 0.14427168946660895, 0.00039137702007385755, 0.10055762911259869, 0.4960059386596264, 0.11445975046707724, 0.32436473361813023, 0.14453033085615008, 0.42603052888922355, 1.0, 0.4877805788128886, 0.04779419760390291, 0.02691636431547062, 0.4807300290503649, 0.500034741754074, 0.33360811682363134, 0.5093729543316009, 0.4884257700645652, 0.5276604841968572, 0.2766380092405325, 0.20413972281922077, 0.21348688008190742, 0.6029018533272176, 0.24616334207415802, 0.0888933939924923, 0.46082772666755867, 0.47891928155178976, 0.07208902823863772, 0.5658089775829054, 0.06492205940865647, 0.3566676353384364, 0.5296513501722976, 0.3991429500047524, 0.26206157730790736, 0.4329048824024929, 0.23646777995844248, 0.00043835304458528235, 0.30510813431193906, 0.16470960915650446, 0.18384919296097524], [0.5480152888759978, 0.5509839108346115, 0.616586760436701, 0.5199900587943981, 0.721500851558926, 0.2004232266929875, 0.5308832936347527, 0.27296865084755617, 0.5313297269758469, 0.28129912133966606, 0.7139315190045176, 0.0003050277412804947, 0.6061853544892102, 0.5343845988264525, 0.005673032223448393, 0.5225742150740261, 0.0003937541916485543, 0.5975017890577426, 0.9426068482302907, 0.1652563481719509, 0.6805707746145214, 0.19312283773150363, 0.0003606164392120359, 0.000446140584033361, 0.5425805508746515, 0.0005294152826740284, 0.43434813089243884, 0.19346905195498265, 0.39923985431423303, 0.4877805788128886, 1.0, 0.02243721042597102, 0.03592080869415215, 0.6332960050803537, 0.566236760292235, 0.4467295740087043, 0.6435242639940344, 0.6766394336802083, 0.7067898743120365, 0.7285343943571361, 0.24542657013756097, 0.28578411595983366, 0.6206140325435072, 0.3274234483765497, 0.11893890671966056, 0.0003600029368195923, 0.6317084175426558, 0.09643160887365976, 0.6478635143200034, 0.08682488304185654, 0.20499954793799113, 0.7094465276794047, 0.5345163036174063, 0.35090303687265134, 0.5798010763926342, 0.3166307542629091, 0.0004019767784820827, 0.03935697365544555, 0.00049006696094267, 0.24611313016669756], [0.08428270749084343, 0.06185905362677746, 0.08043072009638008, 0.07146469562908087, 0.0366913415601241, 0.07173915464702496, 0.08917738479450488, 0.09785405352731347, 0.07974140221974946, 0.09981305923278605, 0.028293155300004758, 0.09055022433778193, 0.07919587086888336, 0.0569225052086646, 0.037050126838676256, 0.08390697701020855, 0.08161502983208191, 0.054952438860336406, 0.01950173719760495, 0.09978645519970375, 0.11864453565505728, 0.007903538492335382, 0.03363168819352791, 0.09601062329518917, 0.009829774720400586, 0.06062189188004263, 0.01750142359578022, 0.016360782664253004, 0.03394780923627494, 0.04779419760390291, 0.02243721042597102, 1.0, 0.09184054457931612, 0.06848602647135105, 0.08705198150375393, 0.07223547819280562, 0.06723210336441232, 0.06380178133785486, 0.028063657462131464, 0.07635728719777846, 0.09808406809890535, 0.07683616728139908, 0.06771499321720353, 0.09367728525986685, 0.0049691983669053474, 0.06446860536024868, 0.06437175829248543, 0.004074566637095711, 0.015137258119713004, 0.003701335692948504, 0.09650575432274988, 0.03832135841557138, 0.0685692902134275, 0.014164167295739105, 0.02315007241960132, 0.013964059230645476, 0.04099701697449254, 0.04031479252777648, 0.07137435466979625, 0.0340712038996992], [0.7030824015432942, 0.5102456492876262, 0.4208025650623264, 0.5922302791644259, 0.14452892474471624, 0.014218028790211834, 0.6492614532780328, 0.9033186921130846, 0.6324931564297575, 0.9331995293866718, 0.050071470669505236, 0.9987543600551645, 0.6147625854920431, 0.4298020010006518, 0.0006120182876463431, 0.6814782954382788, 0.8990570311639451, 0.4080725574294215, 0.034284657259757934, 0.8706556445041331, 0.334425444605041, 0.01369610287739742, 0.3685568224849205, 0.9035818280676479, 0.01711850824304295, 0.4900136227308043, 0.030633974777755313, 0.10701978576915161, 0.028188533553368367, 0.02691636431547062, 0.03592080869415215, 0.09184054457931612, 1.0, 0.4637708746546082, 0.6241282949417086, 0.6032788108086657, 0.45995888180168154, 0.43569589593763536, 0.049603380087364535, 0