"[[1.0, 0.0683516365865654, 0.23695374740100095, 0.21488835678810947, 0.02371690905673951, 0.1830666670283827, 0.2397400086245438, 0.18006341022234285, 0.07518161115275457, 0.1753536329989489, 0.3972241388951355, 0.3838851427717622, 0.06337444940297554, 0.15392216915939994, 0.0, 0.10486223882914936, 0.0, 0.04810379182683533, 0.25158144972578067, 0.06305139827341721, 0.040227096146132735, 0.0, 0.0, 0.437405942627639, 0.681235938890076, 0.013210052142239581, 0.0, 0.0, 0.006893538093599938, 0.0, 0.08528374593201737, 0.00018187641528022436, 0.1983085487596119, 0.1914470757166633, 0.14329374425370678, 0.055275643811953046, 0.29051155702249054, 0.21260815955695822, 0.0, 0.19084885426115206, 0.00125270777895381, 0.007938164841266082, 0.03017557416037353, 0.18942361501364036, 0.029741628608165316, 0.06722421394489952, 0.15052046496565885, 0.0, 0.0003138228166170709, 0.10804686937666563, 0.3367168363341042, 0.42768713484509036, 0.0, 0.0567607410242118, 0.0, 0.19524759103270606, 0.0, 0.0, 0.006210717541615174, 0.11476507709452921], [0.0683516365865654, 1.0, 0.4084393703818625, 0.7695239020063198, 0.0, 0.25513403000803625, 0.2607367580199924, 0.0, 0.18875870791029237, 0.08509489125871039, 0.0, 0.2670012315342647, 0.026498526080418694, 0.0, 0.0, 0.14126001568412294, 0.0, 0.0, 0.09825454555783797, 0.0, 0.0, 0.0, 0.0, 0.0, 0.0, 0.0, 0.0, 0.0, 0.0, 0.0, 0.0, 0.0, 0.0, 0.0, 0.0, 0.0, 0.0, 0.0, 0.0, 0.14774483022152451, 0.0, 0.0, 0.0, 0.05713103405631703, 0.0, 0.0, 0.0, 0.0, 0.0, 0.0, 0.0, 0.0, 0.0, 0.0, 0.0, 0.03723139570875866, 0.0, 0.0, 0.03473044137931636, 0.0], [0.23695374740100095, 0.4084393703818625, 1.0, 0.6627611050020339, 0.6911557823971578, 0.22924678551147415, 0.6211910097785693, 0.14365691193523333, 0.7926099216154193, 0.661956563052157, 0.0, 0.3517070782958345, 0.729168834225307, 0.34469585435995187, 0.0, 0.7292496915910515, 0.17811576123434258, 0.6677941166689106, 0.2280071535106979, 0.0, 0.5848248460477727, 0.0, 0.0, 0.0, 0.1845531549592876, 0.0, 0.0, 0.0, 0.0002835521409836339, 0.0, 0.10257899868536258, 0.2109755894676274, 0.15231959440124143, 0.6955974550221246, 0.6530143221549084, 0.16203572437698266, 0.6490061637661894, 0.646950493987844, 0.1567356204790732, 0.661879102965646, 0.6100218527528399, 0.0010896991567682646, 0.6617899728381164, 0.6794045192356634, 0.0, 0.0, 0.6849227422341703, 0.08670893093538157, 0.05429716384268013, 0.1781037157681603, 0.0, 0.6987783134796682, 0.18398524547032558, 0.0017033630518592524, 0.37468586174872887, 0.10588348974857542, 0.053935303631192144, 0.13224968966419426, 0.01759188054371641, 0.34134565000273553], [0.21488835678810947, 0.7695239020063198, 0.6627611050020339, 1.0, 0.4212480401495219, 0.27483535834077855, 0.5675102411389757, 0.003961467829898591, 0.5485077167266336, 0.527583464707552, 0.0, 0.33610544984759316, 0.430044037757503, 0.31964616775883903, 0.028241276855157094, 0.5891382369328562, 0.0152331896411666, 0.43508991115287277, 0.17432535494469403, 0.08211723980185004, 0.42192805477815987, 0.18793504897492075, 0.0, 0.04464246175604747, 0.17960532197161028, 0.0, 0.0, 0.0, 0.004593438972870123, 0.0, 0.04357862026968107, 0.1392544059037757, 0.03079232607692517, 0.44873194599411725, 0.4698085577556417, 0.3563893988995732, 0.4463216463980124, 0.3885752105628667, 0.0, 0.38154563600774616, 0.4546328447630321, 0.3348700082978483, 0.4608039439480468, 0.5172524700915007, 0.0, 0.02157056663470458, 0.47164762338023825, 0.0, 0.023347184330050452, 0.12755552568088224, 0.0, 0.4320277690644423, 0.01503442199113636, 0.00018404395863058642, 0.03765441659707358, 0.3976540146182508, 0.0, 0.0, 0.36065987063938465, 0.0], [0.02371690905673951, 0.0, 0.6911557823971578, 0.4212480401495219, 1.0, 0.13348348590685144, 0.738920184447643, 0.00434774881589195, 0.8701768132151816, 0.8007714652592776, 0.0, 0.23087530368155995, 0.8670081239360159, 0.4571012981287308, 0.0, 0.9055557141876001, 0.053816389527272634, 0.914965294345985, 0.2050962359060069, 0.07792081577311338, 0.8976355442850706, 0.0, 0.0, 0.0, 0.0, 0.0, 0.22055685034228922, 0.0, 0.0005296708518257587, 0.0, 0.04884172728619429, 0.24160393596236296, 0.0036253669940131683, 0.9037944485408164, 0.8207779815582358, 0.14992515202042755, 0.7968474724418457, 0.8082194459926972, 0.14046094390294006, 0.5659465363687235, 0.9172414479299292, 0.008916064850367666, 0.9153619299345577, 0.7908409983649757, 0.003611920188818618, 0.01219493421243345, 0.9043699000442348, 0.07153064692357958, 0.0, 0.0, 0.0, 0.795522887915437, 0.07709284227497792, 0.06801521751874584, 0.07596999023388562, 0.05017364447471073, 0.21411845352158665, 0.0, 0.004558866465926736, 0.12257281493632965], [0.1830666670283827, 0.25513403000803625, 0.22924678551147415, 0.27483535834077855, 0.13348348590685144, 1.0, 0.21852291143839309, 0.009736867930730808, 0.21091481483369146, 0.18481366525423248, 0.38491609757734047, 0.16693856167371723, 0.22075100036912798, 0.426340870680594, 0.025947641187684334, 0.17612937408981866, 0.0, 0.18028261389354705, 0.0525599793973488, 0.20182056182405683, 0.3404815374862121, 0.0, 0.0, 0.0, 0.0, 0.0, 0.0, 0.012892685298442896, 0.00013657474860062635, 0.7183098266072215, 0.003091366541017604, 0.5022634915723807, 0.0026413795730404477, 0.11414411398543867, 0.10269944961245936, 0.10059682295712435, 0.13244049886003273, 0.16386495626529052, 0.0, 0.13938807271257458, 0.11602100683281502, 0.009095039427413631, 0.11193657677945368, 0.18415078653795158, 0.00016037725596018682, 0.0, 0.12411271569283533, 0.0, 0.402217173818301, 0.0, 0.0, 0.3104256361188482, 0.0, 0.0, 0.0, 0.029227008182635572, 0.05235766788313301, 0.22621347406917103, 0.015458021768643415, 0.0], [0.2397400086245438, 0.2607367580199924, 0.6211910097785693, 0.5675102411389757, 0.738920184447643, 0.21852291143839309, 1.0, 0.18428543363388816, 0.7862298171815949, 0.7013115685298369, 0.030630108803668343, 0.4283511301685179, 0.6204212001519529, 0.43535739395926343, 0.11787942217044711, 0.7958630729211257, 0.01664069095176446, 0.7539620815998362, 0.2832373833425662, 0.14093834327068078, 0.7667027453037842, 0.0031796075551525638, 0.010736965100848428, 0.0, 0.0, 0.14037505138267536, 0.0, 0.0, 0.010043424344273744, 0.0016870349368013349, 0.027540881307277276, 0.2020944938069137, 0.19295979613618164, 0.7238432358524344, 0.7077176544361677, 0.12548324708570124, 0.633856916337594, 0.7302625745345468, 0.0, 0.49091944295998313, 0.7752458423553363, 0.01513974239063165, 0.7406889092824104, 0.8549844414455186, 0.0, 0.10044478048170724, 0.7507623434005718, 0.07624128795992613, 0.0, 0.0, 0.47788929700286076, 0.6636836928436812, 0.0, 0.00020886107772566387, 0.0, 0.05146291877777953, 0.0696317052273393, 0.06364622510390738, 0.028914347490649694, 0.0], [0.18006341022234285, 0.0, 0.14365691193523333, 0.003961467829898591, 0.00434774881589195, 0.009736867930730808, 0.18428543363388816, 1.0, 0.05905212056524156, 0.008194314453118356, 0.0019103056186671186, 0.6165797695406314, 0.015244007882368349, 0.026319150437429495, 0.0, 0.00040280383820656684, 0.015559624064941935, 0.00040825872258021256, 0.3967417572218279, 0.04460167971833007, 0.0, 0.0, 0.0, 0.0, 0.0, 0.0, 0.0, 0.0, 1.779522331168959e-05, 0.0, 5.148006805077987e-05, 8.746687424343591e-07, 0.9949546753920754, 6.36791315520302e-05, 0.3248989238287763, 0.0009304235078753109, 0.14873671345932493, 0.15066902736838728, 0.0, 0.3364193673340168, 0.0, 6.673215828134627e-05, 3.0766044924357416e-05, 9.545287349899123e-05, 0.0, 0.002868183028468585, 0.0003945233284630145, 0.0, 0.0, 0.0, 0.0, 0.003650203513230088, 0.0, 5.963991315138806e-06, 0.0, 0.08290966142182943, 0.0, 0.0, 0.0, 0.0], [0.07518161115275457, 0.18875870791029237, 0.7926099216154193, 0.5485077167266336, 0.8701768132151816, 0.21091481483369146, 0.7862298171815949, 0.05905212056524156, 1.0, 0.8869173309483641, 0.015903809327115437, 0.298400930969589, 0.7696016771507114, 0.44548449492773146, 0.013565433779165414, 0.9200863453311772, 0.14556615076992396, 0.8771407390225261, 0.17602987627245115, 0.11064894424079608, 0.8112216927198133, 0.0, 0.0, 0.0, 0.0, 0.0, 0.0, 0.0, 0.001495120543740125, 0.0, 0.07358366129774818, 0.22676229444677332, 0.06341875095748895, 0.854920062539481, 0.7529010976129061, 0.11935499071854172, 0.7919520441940365, 0.7585219989776596, 0.0728268478356362, 0.5963721976893543, 0.8633361981838172, 0.0008259429179745537, 0.8878538314986538, 0.7981919519075809, 0.0, 0.0, 0.8450359775053907, 0.053665061226673805, 0.0, 0.0, 0.06053373006541163, 0.6995719664648244, 0.3436731002220942, 0.0031817772090352303, 0.0, 0.037584264894504615, 0.0, 0.1479840074758172, 0.010770182602227063, 0.16944420521491066], [0.1753536329989489, 0.08509489125871039, 0.661956563052157, 0.527583464707552, 0.8007714652592776, 0.18481366525423248, 0.7013115685298369, 0.008194314453118356, 0.8869173309483641, 1.0, 0.06552936382433672, 0.36912127897975633, 0.6998008932990123, 0.4708021599607257, 0.20058527972179585, 0.8796496626897469, 0.1748303382836034, 0.7909794822881944, 0.11926862952992234, 0.11992428278987721, 0.7586392303328091, 0.27267734782604114, 0.028843083983490114, 0.1382674348359858, 0.11077953545106234, 0.0, 0.010852344170329764, 0.0, 0.00023112465493968504, 0.0, 0.09775414149101658, 0.23786612360972081, 0.020851551925784584, 0.8043654782646968, 0.7158547112554045, 0.12710255484699373, 0.7968031025480204, 0.6670834655757409, 0.0, 0.5300578055135374, 0.8163470690621983, 0.004194785754966013, 0.8457734470390342, 0.752877101472778, 0.0, 0.0, 0.794372776848216, 0.13880248415667928, 0.02757184680758895, 0.0, 0.0, 0.6871001320750285, 0.3560095259878151, 0.0032959896926918475, 0.011202318257904631, 0.05875748070350417, 0.012762233862470329, 0.0134844818176858, 0.009255926094735023, 0.0], [0.3972241388951355, 0.0, 0.0, 0.0, 0.0, 0.38491609757734047, 0.030630108803668343, 0.0019103056186671186, 0.015903809327115437, 0.06552936382433672, 1.0, 0.04384025946149439, 0.0, 0.0, 0.0, 0.05148923896606983, 0.0, 0.0, 0.0, 0.0, 0.0, 0.0, 0.0, 0.0, 0.0, 0.0, 0.0, 0.0, 0.0, 0.0, 0.0, 0.0004578684865077509, 0.0, 0.013819691418484492, 0.0, 0.11716815853100271, 0.0, 0.0, 0.0, 0.0, 0.0, 0.0, 0.0, 0.0, 0.0, 0.0, 0.020348274204845973, 0.0, 0.0, 0.0, 0.0, 0.014710710693954243, 0.0, 0.0, 0.0, 0.0, 0.0, 0.0, 0.0, 0.0], [0.3838851427717622, 0.2670012315342647, 0.3517070782958345, 0.33610544984759316, 0.23087530368155995, 0.16693856167371723, 0.4283511301685179, 0.6165797695406314, 0.298400930969589, 0.36912127897975633, 0.04384025946149439, 1.0, 0.18505399385660115, 0.1408375819868405, 0.37877868538696124, 0.2986101201385467, 0.0, 0.23045736055827293, 0.2954947091773765, 0.0645912792897596, 0.1972995860398803, 0.0, 0.0067518182455363895, 0.5355194837512296, 0.0, 0.1124495613463562, 0.08871994997803456, 0.1170529886981797, 0.00027202618206223494, 0.0, 0.014262981551470322, 0.05372786664524132, 0.6136755301837878, 0.30840929988505006, 0.4648907957882542, 0.05665814735031438, 0.49898155563395674, 0.3590453549876642, 0.0, 0.38234074268624196, 0.2105910098453223, 0.013608386408287987, 0.19745197838994288, 0.21750198910157514, 0.0, 0.0, 0.2099799618969621, 0.13348545259931655, 0.0, 0.0, 0.0, 0.2501207314334266, 0.0, 0.0, 0.0, 0.08678287321801958, 0.049782248316348254, 0.1386716678967299, 0.024086919094517434, 0.0], [0.06337444940297554, 0.026498526080418694, 0.729168834225307, 0.430044037757503, 0.8670081239360159, 0.22075100036912798, 0.6204212001519529, 0.015244007882368349, 0.7696016771507114, 0.6998008932990123, 0.0, 0.18505399385660115, 1.0, 0.35188027785303977, 0.0, 0.7513580921121621, 0.10035337218951701, 0.82726239026167, 0.21472744728159632, 0.0, 0.7971930269762814, 0.19372302936191166, 0.0, 0.0, 0.012016120038485512, 0.0, 0.0, 0.0, 0.0015110844519478084, 0.15112285954197657, 0.046208716044157105, 0.21489971999275603, 0.03538000916971118, 0.8099909044366079, 0.7676137630972609, 0.30219955876012006, 0.7077430932579585, 0.7630456716273724, 0.26720436436947836, 0.6223475507737191, 0.7638214361923114, 0.09036046306389123, 0.789333655917051, 0.7282637362668046, 0.0, 0.0139799879696616, 0.7601009220924165, 0.0, 0.0, 0.0, 0.009300492205470134, 0.8127391204717952, 0.044842779031199376, 0.04338146368809903, 0.10465977785044023, 0.10107712067868047, 0.34911859242406496, 0.0, 0.09160970021625947, 0.3874354655245582], [0.15392216915939994, 0.0, 0.34469585435995187, 0.31964616775883903, 0.4571012981287308, 0.426340870680594, 0.43535739395926343, 0.026319150437429495, 0.44548449492773146, 0.4708021599607257, 0.0, 0.1408375819868405, 0.35188027785303977, 1.0, 0.0, 0.4378943022590416, 0.021116570034598436, 0.4143606293552118, 0.09262474107123042, 0.5744374807886183, 0.48910808130138206, 0.004483031015389827, 0.0, 0.0, 0.15827172265863854, 0.0, 0.0, 0.0, 0.0014173652808389114, 0.0, 0.041926864134428476, 0.7306301961679149, 0.008373205692857266, 0.42430765409598903, 0.40178560424854204, 0.1419748718153523, 0.404913804252822, 0.43195789631401094, 0.035391437233536216, 0.3046978710431424, 0.42805817284680425, 0.10223062846256126, 0.41509439445244023, 0.3694623196824304, 0.036026471321335074, 0.12887542641240246, 0.4569154148239891, 0.12031400717141894, 0.6459003600235307, 0.0, 0.0, 0.5185184918317954, 0.0, 0.0028739078755699587, 0.0, 0.16121001358555886, 0.016762699613885212, 0.0, 0.10159096947613877, 0.0], [0.0, 0.0, 0.0, 0.028241276855157094, 0.0, 0.025947641187684334, 0.11787942217044711, 0.0, 0.013565433779165414, 0.20058527972179585, 0.0, 0.37877868538696124, 0.0, 0.0, 1.0, 0.045173397450138375, 0.0, 0.0, 0.0, 0.0, 0.0, 0.0, 0.0, 0.0, 0.0, 0.0, 0.0, 0.0, 0.0, 0.0, 0.0, 0.0, 0.0, 0.011250820599593037, 0.025349504906638454, 0.0, 0.03747431349200314, 0.0, 0.0, 0.0, 0.0, 0.0, 0.0, 0.019111150877570537, 0.0, 0.0, 0.0, 0.0, 0.0, 0.0, 0.0, 0.0, 0.0, 0.0, 0.0, 0.0, 0.0, 0.0, 0.029679137584197934, 0.0], [0.10486223882914936, 0.14126001568412294, 0.7292496915910515, 0.5891382369328562, 0.9055557141876001, 0.17612937408981866, 0.7958630729211257, 0.00040280383820656684, 0.9200863453311772, 0.8796496626897469, 0.05148923896606983, 0.2986101201385467, 0.7513580921121621, 0.4378943022590416, 0.045173397450138375, 1.0, 0.019566260369670574, 0.9329146303196264, 0.18457998487970106, 2.5676922353556897e-05, 0.9017459816615409, 0.0, 0.0, 0.054460996099217174, 0.07014297151588411, 0.044880230948915356, 0.0, 0.0, 0.016823976956650055, 0.0, 0.08052555639151893, 0.2513672663204156, 0.009896455687516736, 0.9241266919504023, 0.8315423983662801, 0.18811323700513805, 0.8144410579295793, 0.7624672392161962, 0.0, 0.5487609513085083, 0.9574273869695884, 0.09019508891418138, 0.9514466420840817, 0.852231587016311, 0.0, 0.0, 0.9355647015086173, 0.060567731216083054, 5.588684571344871e-05, 0.0, 0.0, 0.7286035283329928, 0.15296283599037708, 0.04655032895814126, 0.09250609096726925, 0.12747397657377513, 0.0, 0.034160477945262, 0.09884114419363388, 0.0], [0.0, 0.0, 0.17811576123434258, 0.0152331896411666, 0.053816389527272634, 0.0, 0.01664069095176446, 0.015559624064941935, 0.14556615076992396, 0.1748303382836034, 0.0, 0.0, 0.10035337218951701, 0.021116570034598436, 0.0, 0.019566260369670574, 1.0, 0.026238341034221735, 0.0, 0.0, 0.0, 0.0, 0.0, 0.0, 0.0, 0.0, 0.0, 0.0, 0.001143679515482332, 0.0, 0.0, 0.0, 0.0, 0.0, 0.0, 0.045412184340412276, 0.0, 0.0, 0.0, 0.363588699671884, 0.0, 0.004288802737314579, 0.0, 0.0, 0.0, 0.0, 0.0, 0.0, 0.0, 0.0, 0.0, 0.014221171195135884, 0.0, 0.0, 0.0, 0.0, 0.0, 0.0, 0.0, 0.0], [0.04810379182683533, 0.0, 0.6677941166689106, 0.43508991115287277, 0.914965294345985, 0.18028261389354705, 0.7539620815998362, 0.00040825872258021256, 0.8771407390225261, 0.7909794822881944, 0.0, 0.23045736055827293, 0.82726239026167, 0.4143606293552118, 0.0, 0.9329146303196264, 0.026238341034221735, 1.0, 0.12164083014934257, 0.0, 0.9248778814616758, 0.0, 0.0, 0.050292292830103724, 0.0, 0.06391913562123042, 0.0, 0.0, 3.0008253161128984e-05, 0.09446553006045022, 0.025729154570802715, 0.26510428183556045, 0.004177203768103377, 0.9603506576919558, 0.8053722578972592, 0.11532099675683194, 0.7610936645371048, 0.7902127702684015, 0.0, 0.5792560223735087, 0.9675984539311562, 0.002221309566484808, 0.9480450068728739, 0.8153566476165806, 0.0, 0.0, 0.9394680530924298, 0.0, 1.855169248665689e-06, 0.0006387210198444127, 0.0, 0.7636875774382113, 0.0, 0.0, 0.0, 0.0101691934124023, 0.0, 0.0, 0.0, 0.21951152555568498], [0.25158144972578067, 0.09825454555783797, 0.2280071535106979, 0.17432535494469403, 0.2050962359060069, 0.0525599793973488, 0.2832373833425662, 0.3967417572218279, 0.17602987627245115, 0.11926862952992234, 0.0, 0.2954947091773765, 0.21472744728159632, 0.09262474107123042, 0.0, 0.18457998487970106, 0.0, 0.12164083014934257, 1.0, 0.0, 0.24029066372988672, 0.0, 0.0, 0.0, 0.0934833853926832, 0.0, 0.0, 0.0, 0.00492807757934588, 0.013133017871302055, 0.02097141266801761, 0.042779458132219395, 0.40746731680189197, 0.1440768488832962, 0.36812190745296003, 0.17753382780915006, 0.25675873476861977, 0.4277195394922666, 0.24527428344765656, 0.5980250256333939, 0.1305635856432914, 0.07809779524411486, 0.2678944473241366, 0.2980878764207855, 0.0, 0.0, 0.1928302132214864, 0.0, 0.008925688958007272, 0.0, 0.1885597798439037, 0.32034054288052427, 0.0, 0.840380496037948, 0.0, 0.13603958576854325, 0.0, 0.0, 0.1380813767222464, 0.0], [0.06305139827341721, 0.0, 0.0, 0.08211723980185004, 0.07792081577311338, 0.20182056182405683, 0.14093834327068078, 0.04460167971833007, 0.11064894424079608, 0.11992428278987721, 0.0, 0.0645912792897596, 0.0, 0.5744374807886183, 0.0, 2.5676922353556897e-05, 0.0, 0.0, 0.0, 1.0, 0.00015509202457320015, 0.0, 0.0, 0.0, 0.0, 0.0, 0.0, 0.0, 0.0016488554332009242, 0.0, 0.0016117416133154538, 0.0, 3.328623195697489e-05, 0.00023013049464171154, 0.00021163950057134784, 0.0, 0.0, 0.11418121401834191, 0.0, 0.023826916585232838, 0.0, 0.0, 9.839090623620095e-05, 8.409763521954883e-05, 0.0, 0.0, 0.00022709978567514444, 0.0, 5.921039311518328e-06, 0.0, 0.0, 0.07631879042538425, 0.0, 0.0, 0.0, 0.0, 0.0, 0.0, 0.0, 0.0], [0.040227096146132735, 0.0, 0.5848248460477727, 0.42192805477815987, 0.8976355442850706, 0.3404815374862121, 0.7667027453037842, 0.0, 0.8112216927198133, 0.7586392303328091, 0.0, 0.1972995860398803, 0.7971930269762814, 0.48910808130138206, 0.0, 0.9017459816615409, 0.0, 0.9248778814616758, 0.24029066372988672, 0.00015509202457320015, 1.0, 0.0, 0.0, 0.0, 0.010264541377175584, 0.0, 0.0, 0.0, 0.09559655454229099, 0.237451092592582, 0.1179586542084139, 0.39984285496619854, 0.005326853473504922, 0.8853119690720773, 0.7943444733346634, 0.10055202144846909, 0.7164927164046105, 0.7766413696136398, 0.0, 0.5632891565803807, 0.9297242104180019, 0.0030064484366171262, 0.9237647652346137, 0.8351463102636418, 0.0, 0.0, 0.9090117644442582, 0.0, 0.13246922940355077, 0.0, 0.0778480164197436, 0.7709976768205131, 0.0, 0.12400270049374662, 0.0, 0.015684369024665745, 0.15903308631573077, 0.0, 0.008402858698688842, 0.0], [0.0, 0.0, 0.0, 0.18793504897492075, 0.0, 0.0, 0.0031796075551525638, 0.0, 0.0, 0.27267734782604114, 0.0, 0.0, 0.19372302936191166, 0.004483031015389827, 0.0, 0.0, 0.0, 0.0, 0.0, 0.0, 0.0, 1.0, 0.0, 0.0, 0.0, 0.0, 0.0, 0.0, 0.0, 0.0, 0.019595504762765725, 0.0, 0.04154107581934219, 0.0, 0.08159201832938112, 0.13297346642378738, 0.06161622468512762, 0.0, 0.0, 0.11757412823030466, 0.04895676803860438, 0.0, 0.09842495794200634, 0.1480236001891353, 0.0, 0.0, 0.0, 0.0, 0.0, 0.0, 0.0, 0.12161526049049431, 0.0, 0.0, 0.0, 0.0, 0.0, 0.0, 0.0, 0.0], [0.0, 0.0, 0.0, 0.0, 0.0, 0.0, 0.010736965100848428, 0.0, 0.0, 0.028843083983490114, 0.0, 0.0067518182455363895, 0.0, 0.0, 0.0, 0.0, 0.0, 0.0, 0.0, 0.0, 0.0, 0.0, 1.0, 0.0, 0.0, 0.0, 0.0, 0.0, 0.0, 0.0, 0.020994648816820116, 0.0, 0.013680522599861411, 0.021432151182140258, 0.0, 0.011208989599417185, 0.011350205746002318, 0.0, 0.0, 0.0, 0.0, 0.0, 0.0, 0.0, 0.0, 0.0, 0.0, 0.0, 0.0, 0.0, 0.0, 0.0, 0.0, 0.0, 0.0, 0.05076298483287056, 0.0, 0.0, 0.0, 0.0], [0.437405942627639, 0.0, 0.0, 0.04464246175604747, 0.0, 0.0, 0.0, 0.0, 0.0, 0.1382674348359858, 0.0, 0.5355194837512296, 0.0, 0.0, 0.0, 0.054460996099217174, 0.0, 0.050292292830103724, 0.0, 0.0, 0.0, 0.0, 0.0, 1.0, 0.0, 0.0, 0.0, 0.0, 0.0, 0.0, 0.0, 0.0, 0.0031581721380338212, 0.202792652833242, 0.1616846233962269, 0.0, 0.3820669792487317, 0.16629702744887465, 0.0, 0.06967157877778796, 0.0, 0.01814827844719935, 0.0, 0.03213878943567816, 0.0, 0.0, 0.0, 0.0, 0.0, 0.0, 0.0, 0.13931576635319254, 0.0, 0.0, 0.0, 0.0, 0.0, 0.0, 0.0, 0.0], [0.681235938890076, 0.0, 0.1845531549592876, 0.17960532197161028, 0.0, 0.0, 0.0, 0.0, 0.0, 0.11077953545106234, 0.0, 0.0, 0.012016120038485512, 0.15827172265863854, 0.0, 0.07014297151588411, 0.0, 0.0, 0.0934833853926832, 0.0, 0.010264541377175584, 0.0, 0.0, 0.0, 1.0, 0.0, 0.0, 0.0, 0.0, 0.0, 0.12250995386286578, 0.0, 0.012794206016247478, 0.1021773860775842, 0.0, 0.0, 0.12105405609619835, 0.0, 0.0, 0.029131559859337353, 0.0, 0.0, 0.0, 0.0, 0.0, 0.0, 0.15280859938837676, 0.0, 0.0, 0.0, 0.0, 0.3659544424754865, 0.0, 0.0, 0.0, 0.25949030743412504, 0.0, 0.0, 0.0, 0.0], [0.013210052142239581, 0.0, 0.0, 0.0, 0.0, 0.0, 0.14037505138267536, 0.0, 0.0, 0.0, 0.0, 0.1124495613463562, 0.0, 0.0, 0.0, 0.044880230948915356, 0.0, 0.06391913562123042, 0.0, 0.0, 0.0, 0.0, 0.0, 0.0, 0.0, 1.0, 0.0, 0.0, 0.0, 0.0, 0.0, 0.0, 0.0, 0.0, 0.0, 0.26497641582321463, 0.07999209585097833, 0.11243380044977924, 0.0, 0.0, 0.05839198139926716, 0.0, 0.0, 0.019819585046459864, 0.0, 0.0, 0.0, 0.0, 0.0, 0.0, 0.0, 0.04066744062458738, 0.0, 0.0, 0.0, 0.0032070259403931267, 0.0, 0.0, 0.0, 0.0], [0.0, 0.0, 0.0, 0.0, 0.22055685034228922, 0.0, 0.0, 0.0, 0.0, 0.010852344170329764, 0.0, 0.08871994997803456, 0.0, 0.0, 0.0, 0.0, 0.0, 0.0, 0.0, 0.0, 0.0, 0.0, 0.0, 0.0, 0.0, 0.0, 1.0, 0.0, 0.002122455724225647, 0.0, 0.0, 0.005204330293687054, 0.0, 0.020222902065439086, 0.0, 0.0, 0.13366078785144087, 0.024906182781770703, 0.0, 0.0, 0.0, 0.03816018994639592, 0.0, 0.0, 0.0, 0.0, 0.034917263658467146, 0.0, 0.0, 0.0, 0.0, 0.1526023774794001, 0.0, 0.0, 0.0, 0.1549842827051231, 0.0, 0.0, 0.0, 0.0], [0.0, 0.0, 0.0, 0.0, 0.0, 0.012892685298442896, 0.0, 0.0, 0.0, 0.0, 0.0, 0.1170529886981797, 0.0, 0.0, 0.0, 0.0, 0.0, 0.0, 0.0, 0.0, 0.0, 0.0, 0.0, 0.0, 0.0, 0.0, 0.0, 1.0, 0.0, 0.0, 0.0, 0.0, 0.0, 0.0, 0.0, 0.025385508864232742, 0.0, 0.02276732948751048, 0.0, 0.0, 0.014977915784511242, 2.1426270062296915e-05, 0.02100422911048494, 0.0, 0.0, 0.0, 0.0, 0.0, 0.0, 0.0, 0.0, 0.0, 0.0, 0.0, 0.0, 0.009590097097056494, 0.0, 0.0, 0.0, 0.0], [0.006893538093599938, 0.0, 0.0002835521409836339, 0.004593438972870123, 0.0005296708518257587, 0.00013657474860062635, 0.010043424344273744, 1.779522331168959e-05, 0.001495120543740125, 0.00023112465493968504, 0.0, 0.00027202618206223494, 0.0015110844519478084, 0.0014173652808389114, 0.0, 0.016823976956650055, 0.001143679515482332, 3.0008253161128984e-05, 0.00492807757934588, 0.0016488554332009242, 0.09559655454229099, 0.0, 0.0, 0.0, 0.0, 0.0, 0.002122455724225647, 0.0, 1.0, 0.0, 0.9768922964383466, 1.1045960622624307e-05, 0.021641357697138375, 0.1395272573791968, 0.1309024103519485, 0.011613808774171397, 0.0019364080847344978, 0.12753967418183532, 0.0, 0.2930215599763203, 0.0, 0.013759668655332291, 0.05963568697841304, 0.0612161208586014, 0.0, 0.0, 0.13773737287255516, 0.0, 0.0035887996205442585, 0.0, 0.020472804890456664, 0.0469466845032348, 0.0, 0.0, 0.0, 0.013276023150775362, 0.0, 0.0006037427662637374, 0.013652529044674955, 0.0], [0.0, 0.0, 0.0, 0.0, 0.0, 0.7183098266072215, 0.0016870349368013349, 0.0, 0.0, 0.0, 0.0, 0.0, 0.15112285954197657, 0.0, 0.0, 0.0, 0.0, 0.09446553006045022, 0.013133017871302055, 0.0, 0.237451092592582, 0.0, 0.0, 0.0, 0.0, 0.0, 0.0, 0.0, 0.0, 1.0, 0.0, 0.12042281125608845, 0.0036772148663430926, 0.0, 0.0, 0.061279761005525346, 0.0, 0.052213361412401404, 0.0, 0.0, 0.0, 0.01266133755710086, 0.0, 0.08167856002061646, 0.0, 0.0, 0.0, 0.0, 0.0, 0.0, 0.0, 0.19999443336338318, 0.0, 0.0, 0.0, 0.0, 0.0, 0.0, 0.0, 0.0], [0.08528374593201737, 0.0, 0.10257899868536258, 0.04357862026968107, 0.04884172728619429, 0.003091366541017604, 0.027540881307277276, 5.148006805077987e-05, 0.07358366129774818, 0.09775414149101658, 0.0, 0.014262981551470322, 0.046208716044157105, 0.041926864134428476, 0.0, 0.08052555639151893, 0.0, 0.025729154570802715, 0.02097141266801761, 0.0016117416133154538, 0.1179586542084139, 0.019595504762765725, 0.020994648816820116, 0.0, 0.12250995386286578, 0.0, 0.0, 0.0, 0.9768922964383466, 0.0, 1.0, 0.0069766787277657505, 0.025080033367470445, 0.1833398302587259, 0.1673945823190517, 0.02073387395275328, 0.08061987571794371, 0.15832877132677248, 0.025311120805075804, 0.3147171537969832, 0.028135666961785932, 0.0002455243471494173, 0.10533750282319054, 0.10610039960855233, 0.0, 0.017948669084164037, 0.18922796165730826, 0.0653450847271615, 0.0035246592043864933, 0.0057287853123279, 0.0, 0.12695289572121427, 0.1316452307309417, 0.0012561131134242176, 0.07719798084138496, 0.04080338803243955, 0.0, 0.0, 0.0, 0.0], [0.00018187641528022436, 0.0, 0.2109755894676274, 0.1392544059037757, 0.24160393596236296, 0.5022634915723807, 0.2020944938069137, 8.746687424343591e-07, 0.22676229444677332, 0.23786612360972081, 0.0004578684865077509, 0.05372786664524132, 0.21489971999275603, 0.7306301961679149, 0.0, 0.2513672663204156, 0.0, 0.26510428183556045, 0.042779458132219395, 0.0, 0.39984285496619854, 0.0, 0.0, 0.0, 0.0, 0.0, 0.005204330293687054, 0.0, 1.1045960622624307e-05, 0.12042281125608845, 0.0069766787277657505, 1.0, 0.00044282055179767355, 0.24503881695803953, 0.22673855453782643, 0.0326571162759266, 0.251562708220624, 0.24073928933372657, 0.0, 0.22367306014856392, 0.26139764910237284, 0.0017233120954393, 0.25199186012481856, 0.2245985130496979, 0.0, 0.0, 0.24917854489383895, 0.0, 0.9574137498845247, 0.0, 0.0, 0.3526296643107487, 0.0, 0.0, 0.0, 0.026569346932326487, 0.0, 0.0, 0.0, 0.0], [0.1983085487596119, 0.0, 0.15231959440124143, 0.03079232607692517, 0.0036253669940131683, 0.0026413795730404477, 0.19295979613618164, 0.9949546753920754, 0.06341875095748895, 0.020851551925784584, 0.0, 0.6136755301837878, 0.03538000916971118, 0.008373205692857266, 0.0, 0.009896455687516736, 0.0, 0.004177203768103377, 0.40746731680189197, 3.328623195697489e-05, 0.005326853473504922, 0.04154107581934219, 0.013680522599861411, 0.0031581721380338212, 0.012794206016247478, 0.0, 0.0, 0.0, 0.021641357697138375, 0.0036772148663430926, 0.025080033367470445, 0.00044282055179767355, 1.0, 0.008894261722123042, 0.34188373217231083, 0.05722028860401884, 0.16637741315007482, 0.15659461669156538, 0.0, 0.34654080153860267, 0.0020337168129616057, 0.060581253753048236, 0.009278599640384355, 0.031572824260318044, 0.0, 0.0, 0.006355315966459885, 0.0, 7.244881158852134e-05, 0.0, 0.031146445175788795, 0.02196018653508447, 0.020436656867006353, 0.0001892056404946274, 0.0, 0.14448062419848318, 0.0, 0.0, 0.06031464903603734, 0.016723504560142155], [0.1914470757166633, 0.0, 0.6955974550221246, 0.44873194599411725, 0.9037944485408164, 0.11414411398543867, 0.7238432358524344, 6.36791315520302e-05, 0.854920062539481, 0.8043654782646968, 0.013819691418484492, 0.30840929988505006, 0.8099909044366079, 0.42430765409598903, 0.011250820599593037, 0.9241266919504023, 0.0, 0.9603506576919558, 0.1440768488832962, 0.00023013049464171154, 0.8853119690720773, 0.0, 0.021432151182140258, 0.202792652833242, 0.1021773860775842, 0.0, 0.020222902065439086, 0.0, 0.1395272573791968, 0.0, 0.1833398302587259, 0.24503881695803953, 0.008894261722123042, 1.0, 0.8522072398749329, 0.12378351556346934, 0.8362751786044328, 0.8306779472852328, 0.0746150131294826, 0.6123763345312029, 0.9329708061765685, 0.00454991402747551, 0.9294330325052237, 0.8044889032457063, 0.034243594650553266, 0.012997530846882266, 0.9512294658535254, 0.026046739190505597, 0.0005325404840853531, 0.010897646384430804, 0.0, 0.8164059551634966, 0.012524366329014991, 0.00014297903971338677, 0.04739982517066721, 0.04409359535518309, 0.0, 0.0, 0.0003339146525104253, 0.2141616305490821], [0.14329374425370678, 0.0, 0.6530143221549084, 0.4698085577556417, 0.8207779815582358, 0.10269944961245936, 0.7077176544361677, 0.3248989238287763, 0.7529010976129061, 0.7158547112554045, 0.0, 0.4648907957882542, 0.7676137630972609, 0.40178560424854204, 0.025349504906638454, 0.8315423983662801, 0.0, 0.8053722578972592, 0.36812190745296003, 0.00021163950057134784, 0.7943444733346634, 0.08159201832938112, 0.0, 0.1616846233962269, 0.0, 0.0, 0.0, 0.0, 0.1309024103519485, 0.0, 0.1673945823190517, 0.22673855453782643, 0.34188373217231083, 0.8522072398749329, 1.0, 0.38765159436982155, 0.879713278648541, 0.8857570733598252, 0.31913112263110677, 0.6165728243185916, 0.8341958736712003, 0.19457510132101352, 0.8268920719253441, 0.7688718929190472, 0.025669142381648857, 0.07178299129054433, 0.825962311842623, 0.0, 0.011649515257318499, 0.0620857415725784, 0.0, 0.751029255557466, 0.0, 0.051412163100830965, 0.11353075931450829, 0.2212911974471483, 0.03460903021121853, 0.0, 0.19535124763975464, 0.0], [0.055275643811953046, 0.0, 0.16203572437698266, 0.3563893988995732, 0.14992515202042755, 0.10059682295712435, 0.12548324708570124, 0.0009304235078753109, 0.11935499071854172, 0.12710255484699373, 0.11716815853100271, 0.05665814735031438, 0.30219955876012006, 0.1419748718153523, 0.0, 0.18811323700513805, 0.045412184340412276, 0.11532099675683194, 0.17753382780915006, 0.0, 0.10055202144846909, 0.13297346642378738, 0.011208989599417185, 0.0, 0.0, 0.26497641582321463, 0.0, 0.025385508864232742, 0.011613808774171397, 0.061279761005525346, 0.02073387395275328, 0.0326571162759266, 0.05722028860401884, 0.12378351556346934, 0.38765159436982155, 1.0, 0.33873594196898904, 0.2937298940117232, 0.4051381876338085, 0.09027512735027965, 0.12483317253923953, 0.8448494870393362, 0.10780453032797066, 0.24122044117722696, 0.0, 0.0, 0.0978805584827035, 0.0, 0.0012419991684297083, 0.03693736509506018, 0.0, 0.2545175306910601, 0.0, 0.0, 0.06450233305008213, 0.8021230074687682, 0.0, 0.0, 0.8416076109682732, 0.010824756397722846], [0.29051155702249054, 0.0, 0.6490061637661894, 0.4463216463980124, 0.7968474724418457, 0.13244049886003273, 0.633856916337594, 0.14873671345932493, 0.7919520441940365, 0.7968031025480204, 0.0, 0.49898155563395674, 0.7077430932579585, 0.404913804252822, 0.03747431349200314, 0.8144410579295793, 0.0, 0.7610936645371048, 0.25675873476861977, 0.0, 0.7164927164046105, 0.06161622468512762, 0.011350205746002318, 0.3820669792487317, 0.12105405609619835, 0.07999209585097833, 0.13366078785144087, 0.0, 0.0019364080847344978, 0.0, 0.08061987571794371, 0.251562708220624, 0.16637741315007482, 0.8362751786044328, 0.879713278648541, 0.33873594196898904, 1.0, 0.860130901587416, 0.3362128145710108, 0.4809404670892252, 0.7718964102192187, 0.1285986004463604, 0.776725842869665, 0.712107472058763, 0.04730263317679928, 0.0, 0.7609371472867824, 0.005463462775207706, 0.054841613014394275, 0.09173288337465246, 0.0, 0.7972484680030937, 0.25419972261508916, 0.0023534192330941783, 0.017483337178455738, 0.19854450125573853, 0.010164983340953393, 0.09270223350441609, 0.1197302097068974, 0.019785049842662716], [0.21260815955695822, 0.0, 0.646950493987844, 0.3885752105628667, 0.8082194459926972, 0.16386495626529052, 0.7302625745345468, 0.15066902736838728, 0.7585219989776596, 0.6670834655757409, 0.0, 0.3590453549876642, 0.7630456716273724, 0.43195789631401094, 0.0, 0.7624672392161962, 0.0, 0.7902127702684015, 0.4277195394922666, 0.11418121401834191, 0.7766413696136398, 0.0, 0.0, 0.16629702744887465, 0.0, 0.11243380044977924, 0.024906182781770703, 0.02276732948751048, 0.12753967418183532, 0.052213361412401404, 0.15832877132677248, 0.24073928933372657, 0.15659461669156538, 0.8306779472852328, 0.8857570733598252, 0.2937298940117232, 0.860130901587416, 1.0, 0.444593857457362, 0.6056005890978172, 0.7824921808809536, 0.004630008237659244, 0.803331899335193, 0.7828921330822244, 0.0, 0.0, 0.7962088195164699, 0.0, 0.03582909534133116, 0.21875319984707642, 0.17282720676843755, 0.8441301158500405, 0.032504891672307745, 0.15711348343581166, 0.0, 0.02626797083940513, 0.0, 0.0, 0.01062616926886295, 0.12864294579012037], [0.0, 0.0, 0.1567356204790732, 0.0, 0.14046094390294006, 0.0, 0.0, 0.0, 0.0728268478356362, 0.0, 0.0, 0.0, 0.26720436436947836, 0.035391437233536216, 0.0, 0.0, 0.0, 0.0, 0.24527428344765656, 0.0, 0.0, 0.0, 0.0, 0.0, 0.0, 0.0, 0.0, 0.0, 0.0, 0.0, 0.025311120805075804, 0.0, 0.0, 0.0746150131294826, 0.31913112263110677, 0.4051381876338085, 0.3362128145710108, 0.444593857457362, 1.0, 0.0, 0.02659947845220223, 0.0, 0.0, 0.0, 0.0, 0.0, 0.0, 0.0, 0.0, 0.0, 0.0, 0.3362169020187298, 0.0, 0.0, 0.0, 0.0, 0.0, 0.0, 0.0, 0.0], [0.19084885426115206, 0.14774483022152451, 0.661879102965646, 0.38154563600774616, 0.5659465363687235, 0.13938807271257458, 0.49091944295998313, 0.3364193673340168, 0.5963721976893543, 0.5300578055135374, 0.0, 0.38234074268624196, 0.6223475507737191, 0.3046978710431424, 0.0, 0.5487609513085083, 0.363588699671884, 0.5792560223735087, 0.5980250256333939, 0.023826916585232838, 0.5632891565803807, 0.11757412823030466, 0.0, 0.06967157877778796, 0.029131559859337353, 0.0, 0.0, 0.0, 0.2930215599763203, 0.0, 0.3147171537969832, 0.22367306014856392, 0.34654080153860267, 0.6123763345312029, 0.6165728243185916, 0.09027512735027965, 0.4809404670892252, 0.6056005890978172, 0.0, 1.0, 0.5035868813538178, 0.002823779421924688, 0.6279357089601862, 0.5561917328753584, 0.0331133456078363, 0.0, 0.594890133156891, 0.0, 0.09793986992824677, 0.0, 0.0, 0.5651115100884161, 0.0, 0.4600990897389047, 0.1237344884535414, 0.05291241473352226, 0.0, 0.0, 0.036309174154328994, 0.3804236861989554], [0.00125270777895381, 0.0, 0.6100218527528399, 0.4546328447630321, 0.9172414479299292, 0.11602100683281502, 0.7752458423553363, 0.0, 0.8633361981838172, 0.8163470690621983, 0.0, 0.2105910098453223, 0.7638214361923114, 0.42805817284680425, 0.0, 0.9574273869695884, 0.0, 0.9675984539311562, 0.1305635856432914, 0.0, 0.9297242104180019, 0.04895676803860438, 0.0, 0.0, 0.0, 0.05839198139926716, 0.0, 0.014977915784511242, 0.0, 0.0, 0.028135666961785932, 0.26139764910237284, 0.0020337168129616057, 0.9329708061765685, 0.8341958736712003, 0.12483317253923953, 0.7718964102192187, 0.7824921808809536, 0.02659947845220223, 0.5035868813538178, 1.0, 3.2092086854618174e-07, 0.9632272037416846, 0.8242552553658804, 0.016184273777418268, 0.0, 0.9466495337548836, 0.0, 0.0, 0.0, 0.0, 0.7201959836797837, 0.0, 0.0, 0.0, 0.01126912708529526, 0.0, 0.0, 0.0, 0.0], [0.007938164841266082, 0.0, 0.0010896991567682646, 0.3348700082978483, 0.008916064850367666, 0.009095039427413631, 0.01513974239063165, 6.673215828134627e-05, 0.0008259429179745537, 0.004194785754966013, 0.0, 0.013608386408287987, 0.09036046306389123, 0.10223062846256126, 0.0, 0.09019508891418138, 0.004288802737314579, 0.002221309566484808, 0.07809779524411486, 0.0, 0.0030064484366171262, 0.0, 0.0, 0.01814827844719935, 0.0, 0.0, 0.03816018994639592, 2.1426270062296915e-05, 0.013759668655332291, 0.01266133755710086, 0.0002455243471494173, 0.0017233120954393, 0.060581253753048236, 0.00454991402747551, 0.19457510132101352, 0.8448494870393362, 0.1285986004463604, 0.004630008237659244, 0.0, 0.002823779421924688, 3.2092086854618174e-07, 1.0, 4.5004228532707913e-07, 0.1378431274811649, 0.0, 0.0, 0.0016048213243824438, 0.0037573498936380734, 0.0, 0.0, 0.0, 0.011087300292083269, 0.0, 0.0, 0.0, 0.9492928180800768, 0.0, 0.0, 0.995336169328267, 0.0], [0.03017557416037353, 0.0, 0.6617899728381164, 0.4608039439480468, 0.9153619299345577, 0.11193657677945368, 0.7406889092824104, 3.0766044924357416e-05, 0.8878538314986538, 0.8457734470390342, 0.0, 0.19745197838994288, 0.789333655917051, 0.41509439445244023, 0.0, 0.9514466420840817, 0.0, 0.9480450068728739, 0.2678944473241366, 9.839090623620095e-05, 0.9237647652346137, 0.09842495794200634, 0.0, 0.0, 0.0, 0.0, 0.0, 0.02100422911048494, 0.05963568697841304, 0.0, 0.10533750282319054, 0.25199186012481856, 0.009278599640384355, 0.9294330325052237, 0.8268920719253441, 0.10780453032797066, 0.776725842869665, 0.803331899335193, 0.0, 0.6279357089601862, 0.9632272037416846, 4.5004228532707913e-07, 1.0, 0.8632988023946105, 0.050976904342649565, 0.01072666723811222, 0.9554059774867159, 0.0, 0.000432144704664128, 0.07505336446848088, 0.0, 0.7363843448911807, 0.12490894175437928, 0.17765230086792294, 0.03238269343108602, 0.016998058828227025, 0.0, 0.0, 0.011958469218465329, 0.08570606260008562], [0.18942361501364036, 0.05713103405631703, 0.6794045192356634, 0.5172524700915007, 0.7908409983649757, 0.18415078653795158, 0.8549844414455186, 9.545287349899123e-05, 0.7981919519075809, 0.752877101472778, 0.0, 0.21750198910157514, 0.7282637362668046, 0.3694623196824304, 0.019111150877570537, 0.852231587016311, 0.0, 0.8153566476165806, 0.2980878764207855, 8.409763521954883e-05, 0.8351463102636418, 0.1480236001891353, 0.0, 0.03213878943567816, 0.0, 0.019819585046459864, 0.0, 0.0, 0.0612161208586014, 0.08167856002061646, 0.10610039960855233, 0.2245985130496979, 0.031572824260318044, 0.8044889032457063, 0.7688718929190472, 0.24122044117722696, 0.712107472058763, 0.7828921330822244, 0.0, 0.5561917328753584, 0.8242552553658804, 0.1378431274811649, 0.8632988023946105, 1.0, 0.000569981856152979, 0.03327991015618925, 0.8337920974296686, 0.0, 0.000674652072229609, 0.16925775257410713, 0.4072192022713925, 0.7582366265044587, 0.10195893006286205, 0.12245835734906707, 0.21516899328923178, 0.15136027708959188, 0.0021373196699525643, 0.06690593952543966, 0.14836351449840868, 0.05805457127651503], [0.029741628608165316, 0.0, 0.0, 0.0, 0.003611920188818618, 0.00016037725596018682, 0.0, 0.0, 0.0, 0.0, 0.0, 0.0, 0.0, 0.036026471321335074, 0.0, 0.0, 0.0, 0.0, 0.0, 0.0, 0.0, 0.0, 0.0, 0.0, 0.0, 0.0, 0.0, 0.0, 0.0, 0.0, 0.0, 0.0, 0.0, 0.034243594650553266, 0.025669142381648857, 0.0, 0.04730263317679928, 0.0, 0.0, 0.0331133456078363, 0.016184273777418268, 0.0, 0.050976904342649565, 0.000569981856152979, 1.0, 0.0, 0.049028195832076515, 0.0, 0.0, 0.0, 0.0, 0.0, 0.0, 0.0, 0.0, 0.04157385874630526, 0.0, 0.0, 0.0, 0.0], [0.06722421394489952, 0.0, 0.0, 0.02157056663470458, 0.01219493421243345, 0.0, 0.10044478048170724, 0.002868183028468585, 0.0, 0.0, 0.0, 0.0, 0.0139799879696616, 0.12887542641240246, 0.0, 0.0, 0.0, 0.0, 0.0, 0.0, 0.0, 0.0, 0.0, 0.0, 0.0, 0.0, 0.0, 0.0, 0.0, 0.0, 0.017948669084164037, 0.0, 0.0, 0.012997530846882266, 0.07178299129054433, 0.0, 0.0, 0.0, 0.0, 0.0, 0.0, 0.0, 0.01072666723811222, 0.03327991015618925, 0.0, 1.0, 0.1239990273944448, 0.0, 0.0, 0.0, 0.0, 0.0, 0.0, 0.002079362180135713, 0.0, 0.0, 0.0, 0.0, 0.0, 0.0], [0.15052046496565885, 0.0, 0.6849227422341703, 0.47164762338023825, 0.9043699000442348, 0.12411271569283533, 0.7507623434005718, 0.0003945233284630145, 0.8450359775053907, 0.794372776848216, 0.020348274204845973, 0.2099799618969621, 0.7601009220924165, 0.4569154148239891, 0.0, 0.9355647015086173, 0.0, 0.9394680530924298, 0.1928302132214864, 0.00022709978567514444, 0.9090117644442582, 0.0, 0.0, 0.0, 0.15280859938837676, 0.0, 0.034917263658467146, 0.0, 0.13773737287255516, 0.0, 0.18922796165730826, 0.24917854489383895, 0.006355315966459885, 0.9512294658535254, 0.825962311842623, 0.0978805584827035, 0.7609371472867824, 0.7962088195164699, 0.0, 0.594890133156891, 0.9466495337548836, 0.0016048213243824438, 0.9554059774867159, 0.8337920974296686, 0.049028195832076515, 0.1239990273944448, 1.0, 0.07249043035042668, 0.0008531214950084909, 0.12354242388040393, 0.0, 0.7811875051931351, 0.0, 0.07211719455527743, 0.03942083832386445, 0.06056303135278318, 0.0, 0.026285361641332772, 0.005546523324565067, 0.09695919963576116], [0.0, 0.0, 0.08670893093538157, 0.0, 0.07153064692357958, 0.0, 0.07624128795992613, 0.0, 0.053665061226673805, 0.13880248415667928, 0.0, 0.13348545259931655, 0.0, 0.12031400717141894, 0.0, 0.060567731216083054, 0.0, 0.0, 0.0, 0.0, 0.0, 0.0, 0.0, 0.0, 0.0, 0.0, 0.0, 0.0, 0.0, 0.0, 0.0653450847271615, 0.0, 0.0, 0.026046739190505597, 0.0, 0.0, 0.005463462775207706, 0.0, 0.0, 0.0, 0.0, 0.0037573498936380734, 0.0, 0.0, 0.0, 0.0, 0.07249043035042668, 1.0, 0.0, 0.0, 0.0, 0.03790821644578546, 0.0, 0.0, 0.0, 0.021124488357508797, 0.0, 0.0, 0.0, 0.0], [0.0003138228166