"[[1.0, 0.11785507927038563, 0.0405575375908771, 0.1825750685349231, -0.35828589976096037, -0.13816970606551338, 0.07971802633791647, 0.3633084531895536, -0.059653124084773745, -0.12211818189062074, 0.19982604817940786, 0.010141611336829337, -0.13630548644371743, -0.15315761620808055, -0.019658921036781685, -0.16949724837043, -0.09113528543600324, -0.2334242671578135, -0.0898514369558503, 0.022975997994538755, -0.0261735933240812, -0.02653070444437322, -0.048635301970672895, 0.11037912531735483, 0.18035684693213128, -0.00918424278508434, -0.029397615995505832, -0.09605595742616146, 0.10638414026446363, 0.001190092289741873, -0.1386635047064564, -0.09572951453469569, -0.12424781326381873, -0.24499926360259972, -0.13731419064429384, 0.282091860803628, -0.1182511234009298, -0.08173679261851263, -0.06788373450538243, -0.08273959398203656, -0.19346074501659283, 0.06579002991996818, -0.2498941975463218, -0.21520244903453545, -0.009855577751774147, -0.021318661418066265, -0.29317267684328696, -0.017916890610658376, -0.003786973424992901, 0.04531764376341174, 0.056263290657067144, -0.03767808166862552, -0.028284964293228354, 0.13852339043733775, -0.02921655810051016, -0.006053392309028016, -0.08723949603083292, -0.18841299402591072, -0.24379286123839972, 0.03687396861405312], [0.11785507927038563, 1.0, 0.28734120875771685, 0.5130904416719784, -0.1722379985591036, 0.1333862746811736, 0.288583719430614, -0.1751251040525177, 0.023511130633192545, 0.10382963533276746, 0.2134879043050305, 0.07955662696912313, -0.1224362245523154, -0.2871351253924437, -0.013417522790697411, 0.037149472179228815, -0.07500296762953185, -0.05827219704401698, 0.08325500797051866, -0.00028251113433674924, -0.12854969506143288, -0.0030455508380797802, 0.1208999121331008, -0.007134146418111387, 0.023816940478125215, -0.0521978654612365, 0.009968041976510134, 0.04725500977683961, -0.017804850687140883, -0.147668749484255, -0.10733964405812824, 0.14661182652927784, -0.05483944023904397, -0.10577404321252781, -0.17048026140313755, -0.09878482600741223, -0.179446232779354, -0.21065011999332595, -0.08411027714791053, -0.008322117850636301, -0.04925245286774116, -0.11429511100807077, -0.11579293397787449, 0.14065042289106444, -0.04613705375127242, 0.023334332026407223, -0.24908218934408333, -0.07913446028304483, 0.005657306592761424, -0.08749024664212168, 0.20135145162737067, -0.26396924178173453, -0.04879681107849221, -0.22812932648297268, -0.10519889849459507, 0.0320070699426962, -0.0761822535136929, -0.12742083018715022, 0.1160147771972635, -0.10261736004849364], [0.0405575375908771, 0.28734120875771685, 1.0, 0.3998288598880442, 0.30800826458441455, -0.08719486857183534, 0.30142754002628735, 0.07092102406310075, 0.6199107247082274, 0.4495019417626933, -0.021106907191888347, -0.0654774915136429, 0.46643170295462966, -0.1527695497876813, -0.15446800368595004, 0.4322935505365131, 0.08309494278085205, 0.4440782032917019, -0.2354281578805042, -0.3056572651148828, 0.35385604062017917, -0.04854096631221494, -0.1491380544077605, -0.2145527695525027, 0.025253798861678667, -0.3190412125373461, -0.18801096953328256, -0.2892940168412552, -0.1385599832937514, -0.46941510469214975, -0.07191751791765322, 0.18848950433759581, -0.09461265024252175, 0.4603284635367688, 0.4237303102414298, 0.05841862389975605, 0.36298746158338957, 0.07055605985375624, 0.007966910358089052, 0.18024423769069564, 0.5219633679616948, -0.25664923924293026, 0.42600658627975574, 0.522203519788229, -0.17643184938814538, -0.05039478210996284, 0.41220332897475864, -0.030616867053459673, -0.05534120461829484, 0.14368016230190617, -0.11922961937164045, 0.17352928731041928, 0.037076564527977474, -0.17413832755619962, 0.20526163461468316, -0.14538851019981092, -0.01428234131512962, 0.07458590497713335, -0.07697265997576452, 0.24344650850533478], [0.1825750685349231, 0.5130904416719784, 0.3998288598880442, 1.0, 0.04731958787111812, -0.05340145305035526, 0.21951993985970064, -0.26063125361434736, 0.40778461642796593, 0.4670819407761695, -0.06765188129174926, 0.03554497122220113, 0.2980785391974635, -0.031095373228430034, 0.033177059844587964, 0.3393935478488339, -0.02037714642083377, 0.04703602552823827, 0.11680275661214945, 0.0704048790159939, 0.019834485066310026, 0.0008395601342190417, -0.02411783535281309, -0.06256793732941746, 0.12132477292525279, -0.15580594167929007, -0.15524452260982313, -0.12331216131915324, -0.19555736046484595, -0.19869364058362926, 0.0769519867663575, -0.1295931688421088, -0.4594315560556754, 0.14698245611631422, 0.2072338304300616, 0.23394368978830116, 0.25593055997224723, -0.0010945320865376473, -0.05977224673935799, 0.08244253678608748, 0.21341418639173226, 0.2608783705041533, 0.19386603508622002, 0.3070087659724191, -0.21414510010476828, 0.02430457265787833, 0.1054314447624215, -0.22948260182202196, -0.044641051688871336, 0.03623762838144273, -0.14889419844074303, -0.02807596949535074, -0.06674563815413315, -0.06242675239392281, -0.1148927057578164, -0.15295318923625034, -0.05816215195117813, -0.1173954589172943, 0.11772895537988859, -0.04024690675324427], [-0.35828589976096037, -0.1722379985591036, 0.30800826458441455, 0.04731958787111812, 1.0, 0.24540312555096855, 0.42975777979988794, 0.02149137219495556, 0.4463829077442887, 0.37165220103619645, -0.036297564028602736, 0.17953051517926433, 0.6070812650596374, 0.28564691358163286, -0.10406269599984164, 0.48201808035206994, 0.038602084048781404, 0.5501993831243441, 0.19552981446009166, 0.058342349503639146, 0.3778258174143144, -0.25038927318568605, -0.15935062085143947, -0.32398129130912334, -0.11895321210633991, -0.19934830103862589, 0.06280572324394262, -0.14500060150137206, -0.3645117085221634, -0.2133668767123651, -0.09495236817195418, 0.03214076232889307, -0.31520941045005135, 0.3544692192845017, 0.38329673371960526, -0.28705294017324134, 0.17078382192396435, 0.2661769580273329, 0.20319035041754052, 0.1395605174648329, 0.45907471328648275, -0.22734639279943814, 0.483433447834529, 0.21772860407090366, -0.11446443263128336, -0.04383145834814495, 0.5552480082785818, -0.004411778289877155, -0.013106333685071636, -0.20462961457655737, -0.0134831801832338, 0.342734324297965, 0.029395896748590333, 0.17797738026098264, 0.025983593511774816, -0.058451253446061724, 0.16991281764707689, -0.08877593431830544, -0.29206041815799977, 0.04479528827790047], [-0.13816970606551338, 0.1333862746811736, -0.08719486857183534, -0.05340145305035526, 0.24540312555096855, 1.0, 0.061097129663002514, -0.029907862212538605, 0.09988019918069224, 0.17508865964538867, 0.6299183379295906, 0.19361098360553086, 0.020184943827618818, 0.2446163381004347, 0.016699845663567636, 0.1959106364409542, -0.02353504585370847, 0.036724329310747206, -0.17164873624191035, 0.09886723954169907, -0.007430365194416533, -0.18357524963856964, -0.01947687577685886, -0.099679663436399, -0.15979040016874468, -0.11527613078187393, -0.08554084485175761, 0.11251446219226824, -0.03285084316656217, 0.31661751604847566, -0.059890416639878374, 0.06180049959989242, -0.2603976964947645, -0.09048858767995971, -0.3627842927378415, 0.05536634090572479, -0.40899485714099826, -0.07366140193008652, -0.0667021721272767, -0.42078473597131216, -0.024481854897678623, -0.2370431893205882, -0.2192795163250738, -0.2035772903405273, -0.002775625483903532, -0.13704505400570932, 0.03518235379054224, -0.08778593495307563, 0.1743259517282445, -0.11109577757662481, 0.04665091475953964, -0.155706332126063, -0.09948401774856142, -0.09850380893388921, -0.11512509158365614, -0.16913483723053213, 0.0323890620985442, 0.15913878829877093, 0.09295260110168058, -0.02504987865183006], [0.07971802633791647, 0.288583719430614, 0.30142754002628735, 0.21951993985970064, 0.42975777979988794, 0.061097129663002514, 1.0, 0.2974058486194331, 0.39243240331675977, 0.27730580492126244, -0.0040002116936246335, 0.19752083250317531, 0.4398664208702108, 0.042260320336768076, 0.02735014841070882, 0.3963738303294192, -0.047109578295086774, 0.4403131082546554, 0.18599902702289195, 0.19916505350663138, 0.4435781713489677, -0.152550007451711, -0.13567632488669434, -0.33782534961004873, -0.10505196840931186, 0.011193736534516607, -0.1301925687417016, -0.2632047242322626, -0.2552667471139971, -0.05499608697953473, -0.4065863745887146, 0.4196823197916859, -0.08047024558390148, 0.0761678352666666, 0.24792169914479034, -0.162606795877283, 0.03971198597639225, -0.009301371621624144, -0.15796728311910302, 0.1019484982594775, 0.3686484790729394, -0.034904139926115185, 0.2018348238493025, 0.42659564588554333, -0.25013160080074837, 0.009413972571820417, 0.15131078467001213, -0.01180791512044399, -0.25226932164819194, -0.1673591882400649, 0.1630154699302665, 0.14888370337349444, -0.15706696083536276, 0.02117382814103741, -0.10274316422220497, 0.13519923254808397, -0.006708713595496185, 0.012821362095719602, -0.136277934712977, -0.32609755988683564], [0.3633084531895536, -0.1751251040525177, 0.07092102406310075, -0.26063125361434736, 0.02149137219495556, -0.029907862212538605, 0.2974058486194331, 1.0, 0.29224154161667015, 0.05413274244766586, 0.1195193399836465, 0.11790400919569743, -0.0057136466787484075, 0.21956202721014328, 0.051224110371905995, 0.08601042126420666, 0.0908524303572752, -0.021452492555944946, -0.08178468372489256, 0.17133508134894815, 0.0360887435520405, -0.12117664306941855, -0.019574363400610473, -0.09958311470032077, 0.012928775356671807, 0.008015585798768043, -0.13704023456781522, 0.0044642418443111564, -0.017532719408179354, -0.234029467654012, -0.23407890731443426, 0.03184338260366315, 0.41798299373438275, 0.034977033766141696, 0.14122258362679085, 0.18705859597877594, 0.0955024818201059, 0.14176151563396477, 0.08891163946691027, -0.0668191235911173, 0.15949944952339468, -0.1962027366052319, 0.024937568949460642, -0.23085272318887662, -0.07228460338858156, -0.03866908347775411, -0.09349249713977992, -0.044851968480036586, -0.19626127650523095, -0.12243079802733736, -0.028605445891553893, -0.062404610231005186, -0.10325197099469952, -0.15756347976932528, -0.17316707729065284, 0.018237472007086253, 0.009562675379050312, -0.10593096574965077, -0.11309177211782706, -0.15469646855790997], [-0.059653124084773745, 0.023511130633192545, 0.6199107247082274, 0.40778461642796593, 0.4463829077442887, 0.09988019918069224, 0.39243240331675977, 0.29224154161667015, 1.0, 0.5955960424372408, -0.0928344575588862, 0.10657929371522201, 0.49209615844954835, 0.04961474114231579, -0.04417656861650343, 0.6093539518199653, 0.06620726781335184, 0.35020575309510293, -0.2359437850622319, 0.057191569500044004, 0.27554880582938135, -0.1829744578438539, -0.18644240934323197, -0.23485181922009923, -0.17015143407538869, -0.2768374427863054, -0.13534913151840344, -0.23542762087306413, -0.12330040533570652, -0.28915873804066994, 0.0022405256299725673, -0.03787724810343396, -0.1495837975777683, 0.5263194833836641, 0.3757151804643779, 0.2345473962002862, 0.4454046730352672, 0.18561189994330363, 0.0029906674951919454, 0.013382857562724504, 0.5367590482112803, -0.050883138362773916, 0.38443840754258674, 0.35286283136014096, -0.1873991089460314, -0.016911560376237977, 0.4016187208786579, -0.02868836163369859, -0.4105907707307077, -0.09222981140489916, -0.002297761040007451, 0.03052775691206533, 0.11403310868485361, -0.14276141209976, -0.1726744049567459, -0.33414480747263475, -0.0665944437430368, 0.15243102167059264, 0.018673103480503883, 0.13020393110788953], [-0.12211818189062074, 0.10382963533276746, 0.4495019417626933, 0.4670819407761695, 0.37165220103619645, 0.17508865964538867, 0.27730580492126244, 0.05413274244766586, 0.5955960424372408, 1.0, 0.07239149546204848, 0.07622344820692661, 0.40487212749740975, 0.27432306476982404, 0.11807867210060374, 0.4959961745958542, 0.10992786080953632, 0.23839348825749596, -0.21156073376054074, 0.14153956341998641, 0.1983140549555854, 0.020521009620868225, -0.09964541701470297, 0.0021394210523617563, 0.029316264326025854, -0.41229311435779836, -0.08055585922935338, -0.33835265521257396, -0.22424136338030398, -0.20174035752489816, 0.19774456715339728, 0.23271116848834483, -0.2578963039184319, 0.4990296009689268, 0.39346325128006443, 0.058022940156299496, 0.4807030763517749, 0.009946982347120992, -0.030681074059004443, 0.10171536318492291, 0.45576476128642496, 0.003555198452448338, 0.347734434011686, 0.1908338992325469, -0.12971831981696935, -0.24243798933852645, 0.30257365314108875, 0.05928399336419243, -0.0733683957243001, -0.1159443535967346, -0.3821647947607083, 0.17103740523904487, 0.12465042330611675, -0.35785645891292694, -0.08516531041414588, -0.16995776638633409, -0.07029792372157817, -0.048626130627490216, -0.2243095115198408, -0.13225725462624016], [0.19982604817940786, 0.2134879043050305, -0.021106907191888347, -0.06765188129174926, -0.036297564028602736, 0.6299183379295906, -0.0040002116936246335, 0.1195193399836465, -0.0928344575588862, 0.07239149546204848, 1.0, 0.1621048495365086, -0.1476818356102858, 0.01904568342236268, -0.1250042147963577, 0.10182123353540884, -0.06279169683215091, -0.1052533194975449, -0.0842434700967436, -0.03475735780687916, -0.28331253394100964, -0.041891151708810304, -0.022515126733820612, -0.0783583595197217, -0.129190492976059, -0.03261390015717103, 0.14144523505245443, -0.05788713755384678, -0.036767342844723494, 0.13201968656507046, -0.04037796683472061, -0.023381363800706323, 0.07703780377546043, -0.11217945109992566, -0.22129183079957881, 0.0050010686432268026, -0.34612751227569327, 0.006309792120159585, -0.06419680040219244, -0.2560051155404708, -0.11685667305950997, -0.14155320278524708, -0.20767827351516632, -0.24688722795799323, -0.08623881334617178, -0.045773301029451874, 0.044256254621412916, -0.05392105629415678, 0.07470092284653851, 0.022293333922889347, -0.2393254171535839, -0.09329092550098594, -0.021131112844367417, -0.02654781458949884, 0.03602612810203709, 0.023466241781321284, -0.11683132885005176, -0.07499862461854123, 0.1292377646644317, -0.09256829550729595], [0.010141611336829337, 0.07955662696912313, -0.0654774915136429, 0.03554497122220113, 0.17953051517926433, 0.19361098360553086, 0.19752083250317531, 0.11790400919569743, 0.10657929371522201, 0.07622344820692661, 0.1621048495365086, 1.0, 0.06629433620488012, -0.49828142825558497, 0.15607609921284682, 0.37348053884851584, 0.00941060599270338, 0.2774432428824014, -0.011102039790803042, 0.043753906949817734, -0.20063968874549643, -0.06005371907400603, 0.021276148541118034, 0.05782988741105077, -0.06854216781022116, 0.10883433947739185, -0.06342322571821324, 0.20695670374888486, -0.025963657711923993, 0.01104763947748122, 0.156137248976714, -0.29507462449874433, -0.02288581092181463, -0.07212501528352355, -0.05591787126203429, -0.2621453028268972, -0.21050708907424687, -0.1794480369847744, 0.041972829911920195, -0.19406185418862365, 0.0012329110033547641, 0.038201413189300926, -0.19422818413413978, -0.17199447337860763, -0.09679901028421889, -0.11479658631420842, 0.08663831091049401, 0.05259741228945003, -0.26027536511025584, -0.05403689401827161, -0.12863047466916555, -0.270945126656589, -0.06366240099260123, -0.09166957759088912, -0.053772312033604, 0.07319975196078066, 0.02858523069901797, 0.10980762935157551, -0.3311381366455872, -0.14464394609683273], [-0.13630548644371743, -0.1224362245523154, 0.46643170295462966, 0.2980785391974635, 0.6070812650596374, 0.020184943827618818, 0.4398664208702108, -0.0057136466787484075, 0.49209615844954835, 0.40487212749740975, -0.1476818356102858, 0.06629433620488012, 1.0, 0.09070222568293862, -0.156517848438817, 0.45955904364961364, 0.03332683216329013, 0.5899978389214672, 0.11428125219156282, -0.1681545163289777, 0.5119452139967174, 0.0791661202900229, -0.15712138569029, -0.244925613952649, -0.030223193487098454, -0.27945379830999983, -0.29607771834633634, -0.29960147114654334, -0.3703951290422587, 0.13582405279250764, -0.10949513007647971, 0.11505828074077784, -0.12637630256606558, 0.3326304065698982, 0.4669081853195949, 0.05993094809284394, 0.2065849128424817, 0.04242251435220945, 0.12102057849479908, 0.24472578441531334, 0.4228371034249325, 0.08961966521414444, 0.4003601475211933, 0.4531240229754616, -0.26560489831776857, -0.020955845050041777, 0.37867045441485403, -0.12324283904914513, -0.19521281120074963, -0.28267498277707315, -0.14953795425570338, 0.42837002220329645, -0.010746446328275594, 0.08456974918558591, 0.10206602296464651, -0.07076232477729505, 0.24584052441723936, -0.15166450818713972, -0.12624262367693717, 0.19559321478868386], [-0.15315761620808055, -0.2871351253924437, -0.1527695497876813, -0.031095373228430034, 0.28564691358163286, 0.2446163381004347, 0.042260320336768076, 0.21956202721014328, 0.04961474114231579, 0.27432306476982404, 0.01904568342236268, -0.49828142825558497, 0.09070222568293862, 1.0, -0.05514525516457991, -0.09060565465113202, 0.025654396566293647, -0.13667534554410987, 0.0954129692718213, 0.3605239529089832, 0.051897290309710575, -0.0388861206717539, -0.04288738888195698, -0.09095227568917519, 0.18345338022397661, -0.11636987595483683, -0.09809971578539889, 0.0022614300600727333, -0.3584642029172711, -0.044580827726399264, -0.19408985374677457, 0.16169394705224605, -0.18911879609760862, 0.05432595822619235, 0.04804533147426937, 0.17660369011193533, 0.1490045286051047, 0.1892807847972393, 0.0787328800135303, -0.0076614909597989556, 0.14963870744620045, -0.0843185405753899, 0.21563569185384335, -0.15814266902242702, 0.014913201663368736, 0.03156904306432673, 0.017770601427287258, 0.03401864823232392, 0.18994748725057287, -0.14530635699230143, -0.15223301193234873, 0.24644555028726112, -0.11702522222805167, -0.006612143879345833, -0.08375059806508789, -0.018841029227391726, -0.017458217146666177, -0.0608793398718559, 0.09406384762687947, -0.07687779865880162], [-0.019658921036781685, -0.013417522790697411, -0.15446800368595004, 0.033177059844587964, -0.10406269599984164, 0.016699845663567636, 0.02735014841070882, 0.051224110371905995, -0.04417656861650343, 0.11807867210060374, -0.1250042147963577, 0.15607609921284682, -0.156517848438817, -0.05514525516457991, 1.0, -0.05823540671048244, 0.008459207185941064, -0.10637509184599603, -0.027292974713485796, 0.07155484372052678, -0.08604402852939819, -0.03976257789473148, -0.05475307382591965, -0.009526902938983728, -0.09355244269629259, -0.06495039131370084, 0.0032269291270454747, -0.03626537079585379, -0.013808735892990365, 0.07202637172656678, -0.018154716942325066, 0.012422243246451692, -0.03875467670741628, -0.10084224371125017, -0.034391994238316625, -0.13604012038453028, -0.041080149692577894, -0.17389407143270708, -0.07730115604107479, -0.14506234432913145, -0.17739389081663548, -0.07431917461974202, -0.08454625237314373, -0.07602716264397724, 0.007142702461371053, -0.030527133543012175, -0.1827489893203349, 0.02322867486194924, 0.09575329292268553, 0.01024364176291137, -0.08600653982535955, -0.3197549549468306, -0.004658916549754588, -0.06824500036767311, -0.022258297736475807, -0.09712915460407912, -0.055607837841459506, 0.033304724796539786, 0.09507905806198291, -0.04123869107807887], [-0.16949724837043, 0.037149472179228815, 0.4322935505365131, 0.3393935478488339, 0.48201808035206994, 0.1959106364409542, 0.3963738303294192, 0.08601042126420666, 0.6093539518199653, 0.4959961745958542, 0.10182123353540884, 0.37348053884851584, 0.45955904364961364, -0.09060565465113202, -0.05823540671048244, 1.0, -0.005135877357039131, 0.3234482969231631, 0.13521152212021637, -0.20270761493656408, 0.4274536926909773, -0.2955063994140332, -0.18868003843556025, -0.16752643452328786, -0.11079055956247474, -0.05694296510940533, -0.316559189636181, -0.11947602931714285, -0.17656801131539201, -0.2665229086675056, 0.24554668845801841, 0.025328259050169777, -0.08194474843185451, 0.5836864518854659, 0.4781284474389572, 0.09305339631448084, 0.313670342674522, 0.20748261119020228, -0.21302271672800321, 0.14949487102210468, 0.6799653683601343, -0.029711785441595362, 0.5165142672773354, 0.3975765523910596, -0.11729413664489519, -0.1341607448752835, 0.6807023193063888, -0.014535709334681846, -0.16180402699148133, -0.21093743071521143, -0.20379993777837235, 0.10519675182994415, 0.03147659067509068, 0.06786948600703291, 0.003951348360615281, -0.2049075833481666, -0.09338905326298708, -0.00663636708390225, 0.002677969971718208, -0.184816036103008], [-0.09113528543600324, -0.07500296762953185, 0.08309494278085205, -0.02037714642083377, 0.038602084048781404, -0.02353504585370847, -0.047109578295086774, 0.0908524303572752, 0.06620726781335184, 0.10992786080953632, -0.06279169683215091, 0.00941060599270338, 0.03332683216329013, 0.025654396566293647, 0.008459207185941064, -0.005135877357039131, 1.0, 0.02598397348568171, -0.06910413713530161, -0.06109537069695259, -0.10837722580093989, 0.05167114156248909, -0.026963765314721888, 0.004579602693911111, -0.051517559454618445, -0.026948901118440505, 0.009469233239169483, -0.05777600336095068, -0.03259204836328844, -0.08650566062092246, -0.14459201608829098, -0.058848159726903715, -0.024232935102726172, -0.14782148324986322, -0.14006855681280173, -0.027914343998185487, -0.18180579477001313, -0.20432031735537737, -0.11577579246728997, 0.2531819423205859, -0.1552845343633773, 0.007749648672832898, -0.08489456010555196, -0.25594082398748164, 0.0386695886691778, 0.009157591180213087, -0.03394861686990147, -0.0009925401374080156, 0.059492065225777546, 0.0424047995689254, 0.0046067654961344795, -0.16862175791964518, -0.02175770928017151, -0.05841507793553902, -0.006263618421459727, -0.0726689239219418, -0.07986752638030481, -0.04945400277622247, -0.08225235571000677, -0.008813032581259206], [-0.2334242671578135, -0.05827219704401698, 0.4440782032917019, 0.04703602552823827, 0.5501993831243441, 0.036724329310747206, 0.4403131082546554, -0.021452492555944946, 0.35020575309510293, 0.23839348825749596, -0.1052533194975449, 0.2774432428824014, 0.5899978389214672, -0.13667534554410987, -0.10637509184599603, 0.3234482969231631, 0.02598397348568171, 1.0, -0.06879108393287203, -0.03115663841113836, 0.4298843988759924, -0.18123496687293184, -0.1434132463789295, -0.12024569847465938, -0.14189771702616083, -0.05294980699598684, -0.18185376574719547, -0.16087168721215495, -0.08721550263791111, 0.03563233369576868, -0.2174615740387431, 0.344719020228084, -0.0872904702742523, 0.3779486309982456, 0.42037430371816853, -0.39469859258225126, 0.20572535780044976, 0.23545934237898836, 0.060630639425402255, 0.39501886449920076, 0.47413987905929467, -0.04571343251994464, 0.3429481886802511, 0.49593668649509204, -0.26413466994411516, 0.015318785190403306, 0.46701749528882475, -0.13895147222336934, -0.005014476608250273, -0.039019199794270376, -0.1930311062965544, 0.3918936675121969, -0.04762990995548555, -0.04715560809183694, -0.04779640031265542, 0.13158555733667854, -0.06831098150200798, -0.0018800325108048188, -0.32960218715990686, 0.3156393877787298], [-0.0898514369558503, 0.08325500797051866, -0.2354281578805042, 0.11680275661214945, 0.19552981446009166, -0.17164873624191035, 0.18599902702289195, -0.08178468372489256, -0.2359437850622319, -0.21156073376054074, -0.0842434700967436, -0.011102039790803042, 0.11428125219156282, 0.0954129692718213, -0.027292974713485796, 0.13521152212021637, -0.06910413713530161, -0.06879108393287203, 1.0, -0.07411472380630557, 0.01733479588593878, 0.0012599842095841751, -0.12523057941967108, -0.00960218864906115, 0.11464786137985494, 0.09646963134877817, -0.1326830177574112, -0.10922491241160848, -0.3191051854196745, -0.011328528969098084, -0.08537767762131554, -0.22124601818903278, 0.2020018992175876, 0.038043665056692655, 0.29784099485573434, -0.22203125799208623, 0.06770602892524924, 0.40369829550860314, 0.1813335976347913, 0.4152056720320395, 0.06887798730861949, 0.07410392625272644, 0.29705637307544297, 0.22881640537006442, 0.05592510079166135, -0.13046923606202254, 0.21716049387476577, -0.1214447175678881, 0.007494521115516406, -0.06828670791891045, 0.22820591292160197, 0.3258368281257631, -0.159129145091496, 0.3784478184782962, -0.22277083733345715, 0.08851994958313503, -0.03848495408816022, -0.31797874083182176, 0.186713415367331, -0.17766122018730957], [0.022975997994538755, -0.00028251113433674924, -0.3056572651148828, 0.0704048790159939, 0.058342349503639146, 0.09886723954169907, 0.19916505350663138, 0.17133508134894815, 0.057191569500044004, 0.14153956341998641, -0.03475735780687916, 0.043753906949817734, -0.1681545163289777, 0.3605239529089832, 0.07155484372052678, -0.20270761493656408, -0.06109537069695259, -0.03115663841113836, -0.07411472380630557, 1.0, -0.300466304446529, 0.018257366612500325, 0.05980484183874746, -0.08112738914650608, -0.0336133230847695, 0.058086849829809384, -0.014647325799125754, -0.0056959000376914926, 0.06776704817107115, -0.07691978386748555, 0.0022849532252009475, -0.0710393565593741, -0.11176780065810576, -0.15644469073178202, -0.16252139658083165, -0.18627803660475273, -0.1510755509741557, 0.10212619666690925, -0.11881939363211669, 0.02688812705342336, -0.12858873998452824, 0.0932629789928563, -0.09266673636489697, -0.16219015328683462, -0.08812531522801659, -0.1013273866299691, -0.29869244885061463, -0.0666916429283011, -0.08586297108207952, -0.017941197508076323, 0.12258030978488144, -0.03208719878724087, -0.11931142735612266, -0.10434230838360325, -0.003323188130375465, -0.0014967828857694876, -0.05509376524592935, -0.09261273791227298, -0.027235000613742955, -0.05933226444692252], [-0.0261735933240812, -0.12854969506143288, 0.35385604062017917, 0.019834485066310026, 0.3778258174143144, -0.007430365194416533, 0.4435781713489677, 0.0360887435520405, 0.27554880582938135, 0.1983140549555854, -0.28331253394100964, -0.20063968874549643, 0.5119452139967174, 0.051897290309710575, -0.08604402852939819, 0.4274536926909773, -0.10837722580093989, 0.4298843988759924, 0.01733479588593878, -0.300466304446529, 1.0, -0.19946434257042767, -0.1545421715711237, -0.141348827282888, -0.0569620642699209, -0.1332253679451718, -0.11210528953728494, -0.12254000292807632, 0.0695830404222022, 0.11220423906117916, -0.05496496121341998, 0.615360319421522, -0.12981784702349386, 0.4873233224123106, 0.4834556587362191, 0.11583462935366484, 0.30438269569672194, 0.21519726268050055, -0.19128385774341927, 0.2868769293617879, 0.6318008937303101, -0.11666350700808681, 0.507417049161752, 0.5405111666495511, -0.11272623829538553, -0.07769241240956282, 0.4612684304862862, -0.07860749145537205, 0.1218842306236938, -0.1731321649545876, 0.0609794174447984, 0.5003856030259327, -0.184093749310972, 0.12341086019768244, -0.023364824750452318, -0.1697836259358958, 0.09075578098046133, -0.11896760267448481, -0.22612003030012362, -0.0964269375949034], [-0.02653070444437322, -0.0030455508380797802, -0.04854096631221494, 0.0008395601342190417, -0.25038927318568605, -0.18357524963856964, -0.152550007451711, -0.12117664306941855, -0.1829744578438539, 0.020521009620868225, -0.041891151708810304, -0.06005371907400603, 0.0791661202900229, -0.0388861206717539, -0.03976257789473148, -0.2955063994140332, 0.05167114156248909, -0.18123496687293184, 0.0012599842095841751, 0.018257366612500325, -0.19946434257042767, 1.0, -0.08218781044367063, -0.05171304445935565, 0.09184260742492234, 0.0034162313590335724, 0.029146493283027874, 0.0172145879840373, 0.08949202934677691, 0.05973794799983623, 0.1160848718974331, 0.039494682883583154, 0.05597514288064487, -0.2028542404510274, -0.09894613815986131, 0.052368003375300565, -0.1129006117858351, -0.28840240764418845, 0.13344560330961974, 0.09507041181293174, -0.14078327491831133, -0.14125275072050703, -0.018524752583946924, -0.02103824550755351, 0.033567113509717084, -0.11266985331454471, -0.2651924909197312, 0.014920972777828112, -0.04023729520301478, -0.020460202769667202, -0.1971662085240804, 0.0382326803181241, 0.024899204713585976, 0.0380645014933213, 0.011460813368488698, -0.12842877533441222, 0.008242240342148377, 0.07190967022155104, -0.06801479563704294, -0.01741275401637976], [-0.048635301970672895, 0.1208999121331008, -0.1491380544077605, -0.02411783535281309, -0.15935062085143947, -0.01947687577685886, -0.13567632488669434, -0.019574363400610473, -0.18644240934323197, -0.09964541701470297, -0.022515126733820612, 0.021276148541118034, -0.15712138569029, -0.04288738888195698, -0.05475307382591965, -0.18868003843556025, -0.026963765314721888, -0.1434132463789295, -0.12523057941967108, 0.05980484183874746, -0.1545421715711237, -0.08218781044367063, 1.0, -0.06559429703446296, -0.023168449551165926, 0.0836617926715264, 0.10107265214583327, 0.06824509977445303, -0.014208335624302126, 0.08963303060764094, 0.11876417353516078, 0.0050242540291773885, 0.11435887923129506, -0.2032509420462154, -0.28857806305347733, 0.09049717782143274, -0.1647685505731631, -0.3334590668643269, 0.0543046548129823, -0.15841687099628743, -0.3596762202485482, -0.04206395400507246, -0.2780188326435149, -0.34962477781188417, -0.023297122538743054, -0.08773474992307162, -0.3663167794867572, -0.015482082137457498, -0.0016566721410358198, 0.06428993133975314, -0.03371293155327515, -0.4017406107439345, -0.07718014923552463, 0.06512061728913665, -0.02481216194476965, 0.11826465127572505, -0.04199500772087372, -0.040183144388954206, 0.010693508522567452, -0.09498857495329238], [0.11037912531735483, -0.007134146418111387, -0.2145527695525027, -0.06256793732941746, -0.32398129130912334, -0.099679663436399, -0.33782534961004873, -0.09958311470032077, -0.23485181922009923, 0.0021394210523617563, -0.0783583595197217, 0.05782988741105077, -0.244925613952649, -0.09095227568917519, -0.009526902938983728, -0.16752643452328786, 0.004579602693911111, -0.12024569847465938, -0.00960218864906115, -0.08112738914650608, -0.141348827282888, -0.05171304445935565, -0.06559429703446296, 1.0, 0.10890450675295305, -0.02966477962035219, -0.06485337689244663, 0.02533158770127175, 0.09869545673023361, 0.06682848325320634, 0.043796697516586214, -0.007879469689918706, 0.03409268668367582, 0.12095515108710486, 0.026103002194336034, -0.09362751299622141, 0.2915543995026846, 0.1458730912750592, 0.08422303037893619, 0.07847331978581051, -0.1195383509149166, -0.03517070924151322, -0.08293384783206581, -0.05985282128283398, -0.035173786733512014, -0.03400162669467588, -0.2666415247860021, 0.02214164219720849, -0.12681801795236636, -0.04786371921140731, -0.10140596770895027, 0.07504728523674176, 0.0829595381286028, 0.029622055935508484, -0.02400433980796346, -0.18255547105948677, 0.025250270132405883, 0.06288092888243824, -0.06692986831050907, 0.01603475439178359], [0.18035684693213128, 0.023816940478125215, 0.025253798861678667, 0.12132477292525279, -0.11895321210633991, -0.15979040016874468, -0.10505196840931186, 0.012928775356671807, -0.17015143407538869, 0.029316264326025854, -0.129190492976059, -0.06854216781022116, -0.030223193487098454, 0.18345338022397661, -0.09355244269629259, -0.11079055956247474, -0.051517559454618445, -0.14189771702616083, 0.11464786137985494, -0.0336133230847695, -0.0569620642699209, 0.09184260742492234, -0.023168449551165926, 0.10890450675295305, 1.0, -0.07622864562471943, -0.025222032958116092, 0.05478322157109938, -0.07404695874746081, -0.03532246744044376, 0.2805722722395152, -0.1489976859813642, 0.10743605952963975, -0.0666595411247104, -0.19294390374605297, -0.12946310550809903, -0.043866968140977125, -0.16072470203492362, -0.20890957588396675, -0.06081007817191897, -0.18523664724812972, -0.06708615127506579, -0.16656982033536005, -0.24968995844100972, -0.1197732416878956, -0.029878693222941566, -0.011703659307737535, -0.04714425055480698, 0.06942086582676732, -0.07371143983374306, -0.0015248480374079332, 0.1864065893130501, -0.02192765281099396, -0.12177197732897471, -0.049420529543979574, 0.17732865978523504, -0.030475254156383524, 0.07215519059079678, -0.1157239325788002, 0.05570541399666107], [-0.00918424278508434, -0.0521978654612365, -0.3190412125373461, -0.15580594167929007, -0.19934830103862589, -0.11527613078187393, 0.011193736534516607, 0.008015585798768043, -0.2768374427863054, -0.41229311435779836, -0.03261390015717103, 0.10883433947739185, -0.27945379830999983, -0.11636987595483683, -0.06495039131370084, -0.05694296510940533, -0.026948901118440505, -0.05294980699598684, 0.09646963134877817, 0.058086849829809384, -0.1332253679451718, 0.0034162313590335724, 0.0836617926715264, -0.02966477962035219, -0.07622864562471943, 1.0, 0.09451758317084591, -0.011074012304319591, -0.06261508408482208, -0.008276622270405154, -0.08241758654813425, -0.02062034598975937, 0.08270671627000392, -0.19055094884228896, -0.26541504507356795, 0.17523704437378773, -0.08132744977315043, 0.021615097039715758, -0.1437004698582618, -0.08226765674785885, -0.03343815231707925, 0.042490565010881776, -0.25859373651143924, -0.1328331058051162, -0.050257440740512305, 0.055212417632760524, -0.18009694128775822, -0.08091009891892309, 0.1655481009471529, -0.07692014738112918, -0.037052618759528366, -0.09074364060154383, -0.04220256702572178, -0.016296865573468544, -0.06540187273611897, 0.03331899013110173, -0.00505336691783409, 0.128374054118229, 0.042522222889891825, -0.020774456921470952], [-0.029397615995505832, 0.009968041976510134, -0.18801096953328256, -0.15524452260982313, 0.06280572324394262, -0.08554084485175761, -0.1301925687417016, -0.13704023456781522, -0.13534913151840344, -0.08055585922935338, 0.14144523505245443, -0.06342322571821324, -0.29607771834633634, -0.09809971578539889, 0.0032269291270454747, -0.316559189636181, 0.009469233239169483, -0.18185376574719547, -0.1326830177574112, -0.014647325799125754, -0.11210528953728494, 0.029146493283027874, 0.10107265214583327, -0.06485337689244663, -0.025222032958116092, 0.09451758317084591, 1.0, 0.07454289942688597, 0.09743588750399201, 0.02099308270653477, 0.0019334750129959, 0.0009068814983592688, -0.07430423648259721, -0.06669952949410352, -0.17940007184803775, -0.07716002723060367, -0.011513419328638586, -0.020060178791272643, 0.0290746803807429, -0.1298860378228066, -0.1937007345071038, 0.02279632483403371, -0.14072911376367903, -0.3175485507218849, -0.053105599890814315, -0.003572877770488203, -0.06557914605423831, -0.005697014062623129, -0.07861738593937018, -0.02230635872394182, 0.05506429134998636, 0.023521202666688334, -0.007283921296201035, -0.02652681527526468, -0.037425529138217284, 0.04008135165506044, -0.00504680118009504, -0.0059687324452866175, -0.1599149481114317, -0.0580808617392532], [-0.09605595742616146, 0.04725500977683961, -0.2892940168412552, -0.12331216131915324, -0.14500060150137206, 0.11251446219226824, -0.2632047242322626, 0.0044642418443111564, -0.23542762087306413, -0.33835265521257396, -0.05788713755384678, 0.20695670374888486, -0.29960147114654334, 0.0022614300600727333, -0.03626537079585379, -0.11947602931714285, -0.05777600336095068, -0.16087168721215495, -0.10922491241160848, -0.0056959000376914926, -0.12254000292807632, 0.0172145879840373, 0.06824509977445303, 0.02533158770127175, 0.05478322157109938, -0.011074012304319591, 0.07454289942688597, 1.0, 0.06125489097058501, 0.025922399298238807, -0.06084547170304311, -0.006637593597766278, -0.07400612717559896, -0.24764265568485788, -0.31898226733802804, 0.10621044483282716, -0.32401193694641606, -0.057270959298945545, -0.0652973382140869, -0.18656228987123513, -0.045507907177302576, 0.026370951558726374, -0.03025793403333732, -0.28503071142926784, -0.024285313707758327, 0.05632432201028681, -0.16411945799143202, 0.01726724118490619, 0.05209369889874482, 0.01215454254512105, 0.00872161886931866, -0.28756352946003405, -0.004917952201408893, 0.016136232797822503, -0.008565320443868263, 0.054875343199154325, -0.08749292086230764, -0.04972044313849189, -0.04781610109131984, -0.10194074581978274], [0.10638414026446363, -0.017804850687140883, -0.1385599832937514, -0.19555736046484595, -0.3645117085221634, -0.03285084316656217, -0.2552667471139971, -0.017532719408179354, -0.12330040533570652, -0.22424136338030398, -0.036767342844723494, -0.025963657711923993, -0.3703951290422587, -0.3584642029172711, -0.013808735892990365, -0.17656801131539201, -0.03259204836328844, -0.08721550263791111, -0.3191051854196745, 0.06776704817107115, 0.0695830404222022, 0.08949202934677691, -0.014208335624302126, 0.09869545673023361, -0.07404695874746081, -0.06261508408482208, 0.09743588750399201, 0.06125489097058501, 1.0, -0.018995938100364373, 0.34806706938112875, 0.03307006725734607, 0.1090127642296459, -0.11421333700741898, -0.08111681962478756, -0.12432129467708308, -0.12898793162182653, -0.05432594958451631, -0.07586898759194272, -0.00839188332138363, -0.1794644317373375, -0.032940487791308204, -0.22816393818125835, -0.08244826667000993, 0.014110597936077385, -0.013279518919078859, -0.10134526518311082, -0.10632640397717008, 0.25408902829515334, -0.08626369904214704, 0.14477095250191985, -0.1645805430177152, -0.11173929015335515, 0.03722345111236158, -0.11899181218770938, 0.05563981332894219, -0.019811361666704164, 0.13133857362042034, 0.09552517202553523, -0.06782085757482248], [0.001190092289741873, -0.147668749484255, -0.46941510469214975, -0.19869364058362926, -0.2133668767123651, 0.31661751604847566, -0.05499608697953473, -0.234029467654012, -0.28915873804066994, -0.20174035752489816, 0.13201968656507046, 0.01104763947748122, 0.13582405279250764, -0.044580827726399264, 0.07202637172656678, -0.2665229086675056, -0.08650566062092246, 0.03563233369576868, -0.011328528969098084, -0.07691978386748555, 0.11220423906117916, 0.05973794799983623, 0.08963303060764094, 0.06682848325320634, -0.03532246744044376, -0.008276622270405154, 0.02099308270653477, 0.025922399298238807, -0.018995938100364373, 1.0, -7.704459959700927e-05, 0.11815803831101579, 0.046374313472281936, -0.16689045508689637, -0.28720078151596895, 0.10805164392820388, -0.35748167366627515, -0.16249659351107004, -0.03890527913344366, -0.13734295336375846, -0.29852420267239266, 0.252468180644311, -0.3827053608130102, -0.07380868046499134, -0.04124896621691687, 0.09668649793562922, -0.1749499376363226, -0.05015362275572377, -0.061000694011364986, -0.049853444853292794, 0.16783895323212883, 0.16375074107219756, -0.13549962385362813, -0.08146948303229884, -0.12725298176649114, -0.05660772743080833, -0.04609537749421899, -0.07226999303161596, -0.03598252783619049, 0.03911450152669571], [-0.1386635047064564, -0.10733964405812824, -0.07191751791765322, 0.0769519867663575, -0.09495236817195418, -0.059890416639878374, -0.4065863745887146, -0.23407890731443426, 0.0022405256299725673, 0.19774456715339728, -0.04037796683472061, 0.156137248976714, -0.10949513007647971, -0.19408985374677457, -0.018154716942325066, 0.24554668845801841, -0.14459201608829098, -0.2174615740387431, -0.08537767762131554, 0.0022849532252009475, -0.05496496121341998, 0.1160848718974331, 0.11876417353516078, 0.043796697516586214, 0.2805722722395152, -0.08241758654813425, 0.0019334750129959, -0.06084547170304311, 0.34806706938112875, -7.704459959700927e-05, 1.0, -0.32402876980003503, 0.09058637747997833, 0.34065452909494254, 0.0958655560291316, -0.03275454837863778, 0.08270242780563364, -0.013763557557503914, -0.04258773572322183, -0.022651816183023366, 0.025843342291891225, -0.09830990116851446, 0.0266366977569239, -0.10938631619118655, 0.05165221824458632, 0.022200553566187664, 0.26481821174835196, 0.05151848476902776, 0.10855488317629303, -0.038160402499132884, -0.09568149773026646, 0.06826131848231065, 0.07964964028410326, -0.1535919929111318, 0.09604266311464638, -0.29205755740631645, -0.10485958226956016, -0.12223362825241102, -0.13844548123907874, -0.15141496474521898], [-0.09572951453469569, 0.14661182652927784, 0.18848950433759581, -0.1295931688421088, 0.03214076232889307, 0.06180049959989242, 0.4196823197916859, 0.03184338260366315, -0.03787724810343396, 0.23271116848834483, -0.023381363800706323, -0.29507462449874433, 0.11505828074077784, 0.16169394705224605, 0.012422243246451692, 0.025328259050169777, -0.058848159726903715, 0.344719020228084, -0.221246018189