"[[1.0, 0.42276953476424284, 0.483544583030304, 0.4593692058435517, 0.2101608257415637, 0.19645932756505702, 0.47596282547539337, 0.5247431471052395, 0.40366339591780365, 0.40364622914168646, 0.3485371850185156, 0.23970707364931676, 0.34415338868922574, 0.24598238221884805, 0.1815674939997982, 0.38113141113386517, 0.08682874189727441, 0.18612216541040494, 0.2689247770056875, 0.2389085014746113, 0.4214626494993434, 0.20532066651208802, 0.1993729751351192, 0.3648073312990191, 0.38893579412908796, 0.21665129650871218, 0.22608393275887595, 0.16818579600327632, 0.3129356425311789, 0.25241149892438797, 0.16104131888277395, 0.16715727482140064, 0.24332587500408498, 0.41773319665836894, 0.40966554600172433, 0.579417531454437, 0.45494867468746836, 0.4158850946801095, 0.16668125848643267, 0.4444549695732013, 0.40178412597113167, 0.26906797519563064, 0.3438636739287646, 0.3684911440330043, 0.16851130431047157, 0.17739313080136931, 0.30148986156713864, 0.15069861268217988, 0.238799138961163, 0.21000205146801287, 0.31328361146644257, 0.4619678361728392, 0.16437799837022082, 0.30993630433499497, 0.21636292468930407, 0.2790155185991108, 0.13614207996340255, 0.0954413987014372, 0.11928704152423508, 0.2878484783550068], [0.42276953476424284, 1.0, 0.5488079344744136, 0.729643037449172, 0.39110847573833696, 0.4203498774717094, 0.5792847152181968, 0.1522280670461874, 0.4512655820729343, 0.45716672792929214, 0.4150936653949797, 0.43296014011859596, 0.40243993462176597, 0.027975509770723828, 0.16221637119194487, 0.48764878787565613, 0.10627706333918352, 0.34555473076719945, 0.36513149835315795, 0.20806101406376076, 0.2929071908484071, 0.22789397680554613, 0.314696836422919, 0.16611372591432572, 0.27461707486666564, 0.16305008763763307, 0.1820619496217567, 0.2478498350294671, 0.26984745126685883, 0.14955513942410292, 0.186866000765616, 0.1764476632885631, 0.21514536686308028, 0.3471781859276257, 0.3580261160631617, 0.18614149673779523, 0.35731390640523486, 0.27852680583564426, 0.19336370429828054, 0.39477692284628096, 0.35101416631355953, 0.20271757890343367, 0.2971639924755457, 0.4831635787260985, 0.10116304569017898, 0.19906304001391728, 0.33649318068749967, 0.08274897280046267, 0.310132897063233, 0.10946761746019651, 0.4110666543344479, 0.3346810434271448, 0.15621809442795653, 0.11995018372147903, 0.08753912997498514, 0.37204718616292376, 0.13588516922243776, 0.15297353406461933, 0.30975238314226794, 0.12041731233489106], [0.483544583030304, 0.5488079344744136, 1.0, 0.741491501982175, 0.8205438040562405, 0.47755569897984296, 0.8185783818920572, 0.481302206670162, 0.8742083248509375, 0.8391668011621575, 0.4630668877690557, 0.4760540553344548, 0.8444305527505798, 0.4332267995303768, 0.227008633609324, 0.8754296757921459, 0.33931309210000804, 0.7162805570549292, 0.4897579226882487, 0.2518726108680378, 0.7019507416046332, 0.32204972909552887, 0.28209252743874, 0.29227022496157873, 0.43715323753772495, 0.22584800911086367, 0.2546559094487486, 0.2589143527720874, 0.3955191726356917, 0.2111573302334826, 0.4880202408591692, 0.22920879251116777, 0.4336197844959171, 0.878883229534286, 0.8626314445166531, 0.5329074395940946, 0.8605909006555029, 0.769565428712571, 0.46815247803324633, 0.7794357829068143, 0.8419897880024281, 0.3688780284969906, 0.8294804637254853, 0.8795798199114249, 0.19166413734965182, 0.27604584765457685, 0.8800604061753292, 0.25422592591763116, 0.4178149344529052, 0.3536797134496614, 0.3593772770387229, 0.8336297232013042, 0.3450655922118906, 0.32633473894333687, 0.4403647288702426, 0.48466405840758875, 0.33285166883247275, 0.4346473732057897, 0.4259102152533426, 0.504561520093134], [0.4593692058435517, 0.729643037449172, 0.741491501982175, 1.0, 0.622192260264188, 0.3742062692113072, 0.71338161792504, 0.20540972621510734, 0.7538838118056405, 0.7715220293803441, 0.3787963679829558, 0.44508652616915345, 0.6586195283277445, 0.3541026075965026, 0.23207638727102065, 0.7306900694802928, 0.23455193542206865, 0.5122162777049079, 0.5149983322869827, 0.38805954661682085, 0.5079671864024907, 0.3530651374635547, 0.24991805079337892, 0.3495699065439458, 0.3754178295855123, 0.2629453367312846, 0.18784012786001703, 0.22421707866529117, 0.22540644749430916, 0.24994093809153572, 0.3909213962171747, 0.18229744012323734, 0.23367112141778268, 0.6806334247285493, 0.7098240152830839, 0.4513966599331143, 0.7291436993719477, 0.580063426005495, 0.26049090619340265, 0.7011300181672657, 0.6618045386064257, 0.5795499891136038, 0.6717517884839197, 0.7679779573355912, 0.1484106540641631, 0.23627068099556192, 0.6114166540952821, 0.10021089698988739, 0.3596309936329738, 0.26000999718842266, 0.27314067475580817, 0.6414359790781512, 0.23194259902401282, 0.262354715143469, 0.2638281455295505, 0.29838646456686124, 0.250346209161028, 0.20834656143155605, 0.47056537238403284, 0.25911165291745686], [0.2101608257415637, 0.39110847573833696, 0.8205438040562405, 0.622192260264188, 1.0, 0.5213947238267789, 0.8363289069475796, 0.4000192701519327, 0.8091648369323274, 0.8017471676406472, 0.3454306502175565, 0.4782178991936785, 0.853764160014414, 0.5862742610305608, 0.19839776431944767, 0.8128766447700505, 0.28326858874497485, 0.8116030030023783, 0.5759452096093648, 0.3951032465817079, 0.7283872790188377, 0.20806542060284372, 0.2506421307724185, 0.2353028386519671, 0.27110540557283636, 0.22438584476005163, 0.36724728822844355, 0.26523371713623767, 0.23744732540939983, 0.24161906805097, 0.3382089255090748, 0.32587775957495, 0.2797283566492884, 0.8294775660583033, 0.8346475213945158, 0.29556813124925907, 0.8042298738601109, 0.764675362046134, 0.49181844682137166, 0.7708761341167009, 0.8279966039599987, 0.33750255182438027, 0.8532258517004225, 0.812587756792682, 0.19471052611198603, 0.27428931791755695, 0.8518179780861506, 0.24172382194292752, 0.38272442860990075, 0.1465579894857887, 0.33275362053763136, 0.8213182416173288, 0.2836333343279742, 0.4271918452094443, 0.318852028011422, 0.4609434591342413, 0.39044795901448437, 0.3031617858141282, 0.2798062499361236, 0.4247815737957581], [0.19645932756505702, 0.4203498774717094, 0.47755569897984296, 0.3742062692113072, 0.5213947238267789, 1.0, 0.5702989217600002, 0.31281956713759596, 0.481895744884012, 0.5782211118932257, 0.7349882598364252, 0.41974713561821164, 0.5028373868004015, 0.5200541114284308, 0.20826410485237046, 0.5351802604271978, 0.15933461443601016, 0.46286110392132485, 0.23890052571873832, 0.32789174359028017, 0.4129741698994782, 0.13867407754538186, 0.2246963980030957, 0.2224750622346291, 0.1612376764693526, 0.1715487203644699, 0.16448820144277154, 0.32387239865163586, 0.28745975981348515, 0.5468160797593042, 0.20044558946153956, 0.4224481742436397, 0.18068433116028337, 0.44769532706828796, 0.3783144361664107, 0.34838873833113015, 0.4022466699074213, 0.45507332882450957, 0.24276570807297704, 0.31666428496197296, 0.4248732728004182, 0.14993694509977118, 0.3905141505347466, 0.4774774500201743, 0.19288546254765115, 0.11766219414508916, 0.47285124415491653, 0.10811526729067655, 0.41074178063895816, 0.11282061192775772, 0.33064512679879354, 0.5117596807028286, 0.14479193964707493, 0.17698483021718803, 0.1743811259188881, 0.29061717608641613, 0.2410495343912452, 0.37542308363868815, 0.3586624502491025, 0.21240954049945815], [0.47596282547539337, 0.5792847152181968, 0.8185783818920572, 0.71338161792504, 0.8363289069475796, 0.5702989217600002, 1.0, 0.606830916056839, 0.830762062897839, 0.825959204143893, 0.4150627822633891, 0.6229095720919826, 0.8373915461332435, 0.5619031451920892, 0.30729129931129895, 0.8828108914858184, 0.2725934103620269, 0.7391985798934841, 0.6324965437759567, 0.46784452325812054, 0.7878550686552316, 0.27507166815282647, 0.2955560816598535, 0.2519964386025695, 0.36469154802855885, 0.373705766283299, 0.3081918968070546, 0.25246612855792816, 0.3292269191555032, 0.3873969579930665, 0.32277224739420585, 0.40618969994136833, 0.4868497341651862, 0.7797130602571899, 0.82803137143962, 0.46173256835592325, 0.8029455757566324, 0.7145073511833536, 0.35478764111887706, 0.7625600548856105, 0.8304937862981083, 0.43949947071275774, 0.7943822163383392, 0.8537301227638554, 0.16102972456620934, 0.3156277082472636, 0.7859689416025798, 0.2627492207211082, 0.3630549734036581, 0.20609321846418271, 0.5060082763420156, 0.8102717538519836, 0.2530966689612657, 0.40771488797674427, 0.3031145569681719, 0.5805639314995736, 0.33077028053066904, 0.40420527993690203, 0.42016634378644624, 0.24023033652699044], [0.5247431471052395, 0.1522280670461874, 0.481302206670162, 0.20540972621510734, 0.4000192701519327, 0.31281956713759596, 0.606830916056839, 1.0, 0.5050686696686313, 0.4745519145327717, 0.354943683441711, 0.45605563454337483, 0.4529865919553395, 0.4449508883907045, 0.19147320408728952, 0.49857034548008405, 0.2650107693410124, 0.3748985721550846, 0.3171917516723033, 0.39694190483060443, 0.3962104414945251, 0.1495659269820836, 0.18257172279347844, 0.193699290940897, 0.21422142185426896, 0.2355046803145725, 0.09503483723205841, 0.21207967962395513, 0.31552770712849654, 0.09743402805870649, 0.14120411345389727, 0.22504471285427807, 0.6095754658888402, 0.43873439481584875, 0.5362446540090606, 0.42993972477496556, 0.498518441897285, 0.5227293399442902, 0.3149673522987536, 0.42802335467436536, 0.4970827302694798, 0.18728882437712868, 0.464541872481292, 0.38843056745541826, 0.1246633807804054, 0.15215061005217345, 0.39306777141399474, 0.140577719598037, 0.12203209676918447, 0.11213104241361904, 0.21481891525813546, 0.4734698117138685, 0.1387851916886994, 0.12901429187551394, 0.07431982904629497, 0.4138593577617695, 0.21327370113263666, 0.1378528002797501, 0.20902164155446723, 0.11427671307490084], [0.40366339591780365, 0.4512655820729343, 0.8742083248509375, 0.7538838118056405, 0.8091648369323274, 0.481895744884012, 0.830762062897839, 0.5050686696686313, 1.0, 0.8757804793717299, 0.3858233563058935, 0.4996205134811984, 0.7931648076351906, 0.4713033850152948, 0.2305097623861383, 0.8810429867514158, 0.3131112571098189, 0.6236657886434236, 0.42498104778771484, 0.38819078408367436, 0.6772287520963769, 0.21116709448038407, 0.1924542781751375, 0.2562847953006533, 0.2849755335814086, 0.20088230494643156, 0.23809348475411152, 0.19756873038585776, 0.31575193751305464, 0.22718937737295453, 0.45989089489987744, 0.19938213052112252, 0.32004728180659725, 0.8515665175382882, 0.8114727524080432, 0.5606167694883506, 0.8405036413317258, 0.7211786813773765, 0.35912616794663466, 0.6995209227838352, 0.8326242894235665, 0.44613726112578367, 0.8225040314083302, 0.8226115009498008, 0.1574790104850714, 0.2178076220709031, 0.7888206548008462, 0.2361955116145551, 0.1833337944729989, 0.202919135438014, 0.3689537955600952, 0.7405382251194745, 0.36354356717985614, 0.29500456536067543, 0.22319098317508268, 0.28117518871984415, 0.2862880583748524, 0.4368771143067709, 0.42257185887646154, 0.38991397402074257], [0.40364622914168646, 0.45716672792929214, 0.8391668011621575, 0.7715220293803441, 0.8017471676406472, 0.5782211118932257, 0.825959204143893, 0.4745519145327717, 0.8757804793717299, 1.0, 0.4670953770409043, 0.5343414124625316, 0.7764525283512211, 0.6244991137556298, 0.33803612763316215, 0.8544352767452021, 0.33213731033497473, 0.653822316827459, 0.44448437287004006, 0.41091299389777314, 0.6799051930626294, 0.35852364884161725, 0.30039125342758055, 0.38186376244232867, 0.4287538077153885, 0.16917299550283715, 0.2971964725142724, 0.19213790716986945, 0.31966031489541247, 0.3317179721423925, 0.5281863917824949, 0.3977734792168066, 0.3657271619165947, 0.8461045182792372, 0.8344988564426209, 0.48970216026007074, 0.8737790564847681, 0.6767314836562619, 0.3625522782698545, 0.7503539677801963, 0.7950523282514662, 0.4702637287941913, 0.8114760159303034, 0.7936692209330628, 0.21664303546688668, 0.16104521541527517, 0.7691542464623904, 0.2906062508856764, 0.42751461292022497, 0.21787627301100754, 0.25362535941693043, 0.7907174122361933, 0.3855397487013239, 0.23382229476767236, 0.3128998415140881, 0.39910894743776837, 0.30077160465364083, 0.3717818390916079, 0.33079994082616004, 0.2601292270153951], [0.3485371850185156, 0.4150936653949797, 0.4630668877690557, 0.3787963679829558, 0.3454306502175565, 0.7349882598364252, 0.4150627822633891, 0.354943683441711, 0.3858233563058935, 0.4670953770409043, 1.0, 0.36778436072931486, 0.34944537205769866, 0.3000291554723058, 0.09799654522841406, 0.46822891491252516, 0.1197877462141409, 0.254589702075124, 0.2418038930237868, 0.17948062796768804, 0.15771390493895943, 0.14792719157384915, 0.19578513106328344, 0.17838986814504942, 0.20492178683224105, 0.22114888213252337, 0.3349736697176161, 0.2062125235805835, 0.1910322665186056, 0.30730974438189307, 0.2583727877506111, 0.10802019696574561, 0.33400332151276224, 0.41246791742333055, 0.35317646387676316, 0.32473462943333176, 0.361666978088496, 0.4521553939130859, 0.2138056884836741, 0.2825056092315008, 0.2913041662233228, 0.13880015878676322, 0.3416129490989619, 0.3708425378647682, 0.11613097796059257, 0.1069143942913876, 0.43494313634187676, 0.12719342260110966, 0.2651226921401233, 0.17244289475413022, 0.09740730966175715, 0.45725874415354784, 0.15264193377763513, 0.19782852438322585, 0.2611083614891416, 0.21306145036689683, 0.11499874540589405, 0.13807696193354346, 0.38362171846922144, 0.18752200378403217], [0.23970707364931676, 0.43296014011859596, 0.4760540553344548, 0.44508652616915345, 0.4782178991936785, 0.41974713561821164, 0.6229095720919826, 0.45605563454337483, 0.4996205134811984, 0.5343414124625316, 0.36778436072931486, 1.0, 0.5069451397910888, 0.02393480604139142, 0.31654586173356936, 0.6371889658151839, 0.17830244722234678, 0.5111885056316419, 0.30957209524715035, 0.31296786676102173, 0.40010362511087894, 0.21535380946362281, 0.23797722765687213, 0.4152681596474048, 0.2001231634324946, 0.3526825765383429, 0.2194422309807207, 0.4233825853095162, 0.22320984483956852, 0.33902230422005575, 0.3538879543031217, 0.10605166749097639, 0.4333005700549559, 0.49356237657328594, 0.5080842703720135, 0.1759260062538205, 0.4915048782132594, 0.3948619947278509, 0.23860390825445033, 0.44504325970221426, 0.5137427612630078, 0.3119131034462095, 0.4436760515172984, 0.5142811510262032, 0.14298499235874862, 0.08395082047801772, 0.45470950667992116, 0.2352870032802593, 0.02367897229894922, 0.1754783484569955, 0.21281836715029046, 0.47546588316622174, 0.1670223684060762, 0.15497781079780493, 0.2632129221577497, 0.38911064602172707, 0.2445709951987619, 0.3267297235528184, 0.08545347693225636, 0.08947500370772521], [0.34415338868922574, 0.40243993462176597, 0.8444305527505798, 0.6586195283277445, 0.853764160014414, 0.5028373868004015, 0.8373915461332435, 0.4529865919553395, 0.7931648076351906, 0.7764525283512211, 0.34944537205769866, 0.5069451397910888, 1.0, 0.5167100546642388, 0.20367999356624966, 0.831665295290694, 0.2918806910792393, 0.7753121487475549, 0.5935798349756672, 0.3034237474040946, 0.7709294181190842, 0.41429023631080497, 0.2516699099064015, 0.2583284659835332, 0.3845363343548769, 0.2448959231525788, 0.18414221454087487, 0.2295773645272331, 0.20120321802986563, 0.4831494505914793, 0.3939277495303857, 0.2677588586243552, 0.4639479044494563, 0.8112521628047742, 0.8305886457194683, 0.5117790197823866, 0.7766692521954763, 0.7043684590588646, 0.5188757425593478, 0.7592606759763983, 0.8138779452186392, 0.41556872234340325, 0.7990438022037016, 0.8476697967146772, 0.11265129133843055, 0.2965744431902778, 0.8067533171570254, 0.18860070681398378, 0.2900743865168429, 0.1395509919273734, 0.3657154576493754, 0.8583782538659793, 0.2966548325504398, 0.39363899038078776, 0.41023431083788664, 0.4808517034983044, 0.4387057350823522, 0.31415546021395846, 0.38583718916034826, 0.5028650331137857], [0.24598238221884805, 0.027975509770723828, 0.4332267995303768, 0.3541026075965026, 0.5862742610305608, 0.5200541114284308, 0.5619031451920892, 0.4449508883907045, 0.4713033850152948, 0.6244991137556298, 0.3000291554723058, 0.02393480604139142, 0.5167100546642388, 1.0, 0.1473483894186316, 0.4542431030550902, 0.2016959158856756, 0.3755252135087028, 0.4449024491885383, 0.49627883715411336, 0.43755471944488455, 0.22623978181162474, 0.2141074190211847, 0.17038508797100904, 0.40393094944673336, 0.13837953023172767, 0.136048848845863, 0.2134028637039811, 0.08149686709627346, 0.26184252815198605, 0.15330743165409844, 0.40691859674986297, 0.14766189644537087, 0.4776795814188921, 0.5249494009651131, 0.4264588304068899, 0.5630375471892651, 0.5371634336926657, 0.31463050377177737, 0.4652740594409288, 0.5085489263816663, 0.30175868949819207, 0.5724190618745012, 0.44016938252164683, 0.17718074551413243, 0.22543184300296937, 0.49422914307291, 0.1992224744253377, 0.44779608143965555, 0.09506852337757032, 0.17265308470899243, 0.5973289299138886, 0.144959684543695, 0.30489104843673476, 0.15051403190008472, 0.37456964369139556, 0.22047123462414397, 0.23877975455527978, 0.32990612690447296, 0.11738501362531895], [0.1815674939997982, 0.16221637119194487, 0.227008633609324, 0.23207638727102065, 0.19839776431944767, 0.20826410485237046, 0.30729129931129895, 0.19147320408728952, 0.2305097623861383, 0.33803612763316215, 0.09799654522841406, 0.31654586173356936, 0.20367999356624966, 0.1473483894186316, 1.0, 0.2690903963089468, 0.1328697115232792, 0.13961568561907534, 0.22291026519221568, 0.2175936780239216, 0.1644921938498567, 0.09716913939525984, 0.09543404166916492, 0.13623628690565637, 0.09954491203776072, 0.09502171081401234, 0.13007256274872714, 0.11978983989747916, 0.1770685480371017, 0.22985595644619572, 0.19805587569201, 0.03863001017403889, 0.14449744735938452, 0.24572332449296264, 0.27292349996955534, 0.10715247089336388, 0.28093517820142955, 0.21594048958760992, 0.13147170374315187, 0.21760782719274951, 0.17892157090328964, 0.11966297598688003, 0.23608056038048575, 0.250878631138967, 0.10427092226328705, 0.08920410961830771, 0.20199310272922144, 0.1255040819410962, 0.24268912309105173, 0.12161138044290509, 0.0905574760691994, 0.20977633864327372, 0.1247930069927794, 0.11271408468291688, 0.1118188135350342, 0.16050663931125908, 0.09561903965198204, 0.19128036110139324, 0.24533272929144578, 0.1237017168790675], [0.38113141113386517, 0.48764878787565613, 0.8754296757921459, 0.7306900694802928, 0.8128766447700505, 0.5351802604271978, 0.8828108914858184, 0.49857034548008405, 0.8810429867514158, 0.8544352767452021, 0.46822891491252516, 0.6371889658151839, 0.831665295290694, 0.4542431030550902, 0.2690903963089468, 1.0, 0.2464575062297385, 0.707000206098029, 0.587286441110545, 0.24537953674406698, 0.789667359440426, 0.21328619398384097, 0.24355290259432627, 0.2952705612176999, 0.37021816939755503, 0.32988234822515217, 0.15408840328543194, 0.29426106709218125, 0.29854331210469454, 0.30026986293281155, 0.515625405570185, 0.3303391518777796, 0.45139737825447834, 0.9044093171843283, 0.8757083572956931, 0.5148263502497044, 0.8526912436886481, 0.7505363372843199, 0.33310495272980856, 0.7807993903229048, 0.9129793180926842, 0.39283602551779695, 0.8922210230289946, 0.8876368225578768, 0.17760474185719777, 0.2445496037389545, 0.8871376904901452, 0.23225233619079022, 0.33345069104886016, 0.17428887772704804, 0.3061880920813298, 0.8095171465023631, 0.30802849680948685, 0.41771362816527646, 0.3715216149425069, 0.41115315848013423, 0.2618920961187152, 0.40384581780735007, 0.4134671070817908, 0.27897213308533764], [0.08682874189727441, 0.10627706333918352, 0.33931309210000804, 0.23455193542206865, 0.28326858874497485, 0.15933461443601016, 0.2725934103620269, 0.2650107693410124, 0.3131112571098189, 0.33213731033497473, 0.1197877462141409, 0.17830244722234678, 0.2918806910792393, 0.2016959158856756, 0.1328697115232792, 0.2464575062297385, 1.0, 0.21992097580650105, 0.15101352237408028, 0.0876644195129499, 0.1623349424498074, 0.17721084171664636, 0.12138292135124629, 0.14948204041322, 0.1463473463057381, 0.13575247075457497, 0.148612191341287, 0.11885779542134178, 0.11739056416502403, 0.09612113339424289, 0.06809542314145345, -0.009514575591494712, 0.18089900055607777, 0.21396259031451226, 0.22626818202688048, 0.19079944617035816, 0.2386627807474182, 0.1801119972364108, 0.0772145787068862, 0.40613073686591106, 0.1710762782819617, 0.15607303357996416, 0.2569335181034732, 0.19784148477447994, 0.14082308276986033, 0.10937927333661102, 0.239553209416146, 0.10252248248609619, 0.19251346868997576, 0.14360815522591563, 0.18957828415020617, 0.25475075160210214, 0.09604280113347241, 0.09979153205500424, 0.14325646732386133, 0.09959008140352776, 0.06566061850978178, 0.11244643202207683, 0.11254502701915692, 0.16449279554649887], [0.18612216541040494, 0.34555473076719945, 0.7162805570549292, 0.5122162777049079, 0.8116030030023783, 0.46286110392132485, 0.7391985798934841, 0.3748985721550846, 0.6236657886434236, 0.653822316827459, 0.254589702075124, 0.5111885056316419, 0.7753121487475549, 0.3755252135087028, 0.13961568561907534, 0.707000206098029, 0.21992097580650105, 1.0, 0.4085796947992194, 0.2765284563726431, 0.7284715285160167, 0.1862799334846591, 0.16621211331791153, 0.31591321670063865, 0.21878864823487287, 0.269047486034376, 0.18702403727015848, 0.1556398666681884, 0.2664369025082094, 0.3774752208459524, 0.18291731172453363, 0.5343734901506492, 0.3966407238393639, 0.7270097614895089, 0.7395336316309198, 0.1539832862255508, 0.6833002647520547, 0.6511544927253332, 0.31363187708653495, 0.7381052631159365, 0.7578356071996313, 0.3398977635448317, 0.6714721246041524, 0.7776678095902468, 0.06622041667839951, 0.2629057131016648, 0.7595490185732628, 0.10859229982641905, 0.4083601190998227, 0.2021369427400691, 0.19950475766486897, 0.7290633165663423, 0.2271075391677616, 0.23049006351068302, 0.2799933115675137, 0.5294261380331572, 0.18791597440342722, 0.26935491162115754, 0.18874868414258983, 0.4859545911936207], [0.2689247770056875, 0.36513149835315795, 0.4897579226882487, 0.5149983322869827, 0.5759452096093648, 0.23890052571873832, 0.6324965437759567, 0.3171917516723033, 0.42498104778771484, 0.44448437287004006, 0.2418038930237868, 0.30957209524715035, 0.5935798349756672, 0.4449024491885383, 0.22291026519221568, 0.587286441110545, 0.15101352237408028, 0.4085796947992194, 1.0, 0.20447227889010455, 0.4987758283324817, 0.24271770403222603, 0.19679032028697763, 0.27426916823564695, 0.419956636013904, 0.3246788201606836, 0.16541090066922026, 0.20906710307604903, 0.09773299798935953, 0.28290541584472284, 0.2566742037199111, 0.05788852776655429, 0.5201356942587988, 0.5917327480520117, 0.6790056553765852, 0.23567357300129388, 0.6276987268297985, 0.7033373897151285, 0.46876042098274384, 0.6990326350957556, 0.5572525481755917, 0.33885962231025224, 0.6793263570419382, 0.6617693436961221, 0.23792768322190294, 0.13085800602126185, 0.6226793828284516, 0.10599342959865932, 0.3150378707201422, 0.1633439420812769, 0.4925512820075786, 0.7018567845321335, 0.10907856963778961, 0.5928112225028209, 0.09742481009320791, 0.427219725480138, 0.22265932336038274, 0.07202850475226918, 0.46225468421851, 0.17806057197679637], [0.2389085014746113, 0.20806101406376076, 0.2518726108680378, 0.38805954661682085, 0.3951032465817079, 0.32789174359028017, 0.46784452325812054, 0.39694190483060443, 0.38819078408367436, 0.41091299389777314, 0.17948062796768804, 0.31296786676102173, 0.3034237474040946, 0.49627883715411336, 0.2175936780239216, 0.24537953674406698, 0.0876644195129499, 0.2765284563726431, 0.20447227889010455, 1.0, 0.13487781869438265, 0.20496317551437726, 0.2302524392406382, 0.11527964590740891, 0.21220459235399192, 0.24275190857886564, 0.165986617409685, 0.18893159917890512, 0.24910157243191722, 0.1489589751788547, 0.22783278151744701, 0.04974323564154659, 0.14908625082549143, 0.27380060814504303, 0.3054121122412017, 0.10624132331944791, 0.3195985070557241, 0.3856051543825041, 0.12492237671708928, 0.3526305233133058, 0.24986796828608115, 0.2874153799196679, 0.3074485495245147, 0.3186517927885405, 0.06620523169219183, 0.06324554642643665, 0.19097084620891713, 0.07779078900253089, 0.148772343889222, 0.1341292703362863, 0.3261399743257529, 0.38010060525023837, 0.053678139031107186, 0.1307260460062174, 0.18730448783249032, 0.2119475117108932, 0.1165187580015189, 0.11562176581436123, 0.21013165102623454, 0.16904360810334174], [0.4214626494993434, 0.2929071908484071, 0.7019507416046332, 0.5079671864024907, 0.7283872790188377, 0.4129741698994782, 0.7878550686552316, 0.3962104414945251, 0.6772287520963769, 0.6799051930626294, 0.15771390493895943, 0.40010362511087894, 0.7709294181190842, 0.43755471944488455, 0.1644921938498567, 0.789667359440426, 0.1623349424498074, 0.7284715285160167, 0.4987758283324817, 0.13487781869438265, 1.0, 0.21487603591008342, 0.1815406941542258, 0.21667388438538437, 0.2807002803466012, 0.22042016851866686, 0.20561459554055106, 0.19971107843363656, 0.4038622436887931, 0.4693071513996929, 0.352271191362157, 0.6193796803770308, 0.35480567493284576, 0.7893460126582754, 0.7781755472285413, 0.46762973519839934, 0.7133544696157155, 0.6424167050550189, 0.20187806832994593, 0.7517698238242546, 0.8624643795343443, 0.33241046719475764, 0.7853355836758884, 0.7843706117412977, 0.1258576775323903, 0.21169228625720593, 0.7803540907876783, 0.14622397457418945, 0.43109823839655936, 0.13624700543956036, 0.37149918660917836, 0.7634058816466691, 0.13835834423798654, 0.43773667314488773, 0.2688753586143393, 0.3788490979289145, 0.3395014827259418, 0.27052757653218884, 0.19473618041645702, 0.2675958084217722], [0.20532066651208802, 0.22789397680554613, 0.32204972909552887, 0.3530651374635547, 0.20806542060284372, 0.13867407754538186, 0.27507166815282647, 0.1495659269820836, 0.21116709448038407, 0.35852364884161725, 0.14792719157384915, 0.21535380946362281, 0.41429023631080497, 0.22623978181162474, 0.09716913939525984, 0.21328619398384097, 0.17721084171664636, 0.1862799334846591, 0.24271770403222603, 0.20496317551437726, 0.21487603591008342, 1.0, 0.09836947648053851, 0.18469765878922006, 0.25863575746419665, 0.17612154229233135, 0.2075159700233653, 0.17174074913023318, 0.2881126459060166, 0.2596581298578786, 0.2969178515022639, 0.17771705638772017, 0.3033696460740597, 0.24794371872736942, 0.3257181390119377, 0.2762353733567088, 0.3285276762863907, 0.17355924466950545, 0.30579205576042223, 0.383927244601699, 0.28533728900251076, 0.12604509924794216, 0.3081865942158317, 0.3528630539960832, 0.17535771131404054, 0.06735338030104454, 0.22515766924991654, 0.14204428258508417, 0.23405341527206358, 0.1383235311343104, 0.041334285673330196, 0.37492331730135364, 0.17838314320209492, 0.23861232209719396, 0.1834448525715181, 0.2038465878604968, 0.15448503524150659, 0.2356062582286773, 0.18750710503679757, 0.15957235801505976], [0.1993729751351192, 0.314696836422919, 0.28209252743874, 0.24991805079337892, 0.2506421307724185, 0.2246963980030957, 0.2955560816598535, 0.18257172279347844, 0.1924542781751375, 0.30039125342758055, 0.19578513106328344, 0.23797722765687213, 0.2516699099064015, 0.2141074190211847, 0.09543404166916492, 0.24355290259432627, 0.12138292135124629, 0.16621211331791153, 0.19679032028697763, 0.2302524392406382, 0.1815406941542258, 0.09836947648053851, 1.0, 0.1381204689584824, 0.1679275866964306, 0.2348372204905087, 0.24809188770645085, 0.23018901291617322, 0.20605637305107916, 0.26375071830791963, 0.32257965749703676, 0.17880811863223034, 0.3189082114718742, 0.26220547779488945, 0.24848922123418737, 0.3016855557121849, 0.30181857822783376, 0.19085725211056426, 0.24603233873416563, 0.28682120644738274, 0.13878158115863748, 0.19284537805286417, 0.22010720320335153, 0.2117644438104167, 0.10781773950638962, 0.07903982757085282, 0.1732326669470573, 0.11677303814934159, 0.21429310858100714, 0.19123238720963764, 0.16128899836510013, 0.23015587082021127, 0.09204462755332221, 0.23267373014279613, 0.14595391993224927, 0.3461155886837768, 0.12930608337932237, 0.16768471426198361, 0.2223154878353003, 0.10631606056404386], [0.3648073312990191, 0.16611372591432572, 0.29227022496157873, 0.3495699065439458, 0.2353028386519671, 0.2224750622346291, 0.2519964386025695, 0.193699290940897, 0.2562847953006533, 0.38186376244232867, 0.17838986814504942, 0.4152681596474048, 0.2583284659835332, 0.17038508797100904, 0.13623628690565637, 0.2952705612176999, 0.14948204041322, 0.31591321670063865, 0.27426916823564695, 0.11527964590740891, 0.21667388438538437, 0.18469765878922006, 0.1381204689584824, 1.0, 0.32096401945234143, 0.16282215545359713, 0.10604685629547461, 0.18353757292382733, 0.3535144345801786, 0.2777949125995307, 0.24067036970149114, 0.09763780043557346, 0.24903596918525395, 0.396773199269409, 0.4187024454438184, 0.1333516382771236, 0.521692493258508, 0.4153110761222193, 0.32054935155652164, 0.40674141025326216, 0.23618622545538337, 0.2832032733061496, 0.28345349201363534, 0.372246312958453, 0.11443031491164313, 0.16045367661981658, 0.2304973345858473, 0.154142496333038, 0.20165426476369797, 0.1255483751622477, 0.1448957237507531, 0.41249521327657757, 0.24845873430832344, 0.27968787219598046, 0.14876195117528257, 0.1404091070775505, 0.18435880939881155, 0.26086594747388525, 0.17493218282182266, 0.19186200822478416], [0.38893579412908796, 0.27461707486666564, 0.43715323753772495, 0.3754178295855123, 0.27110540557283636, 0.1612376764693526, 0.36469154802855885, 0.21422142185426896, 0.2849755335814086, 0.4287538077153885, 0.20492178683224105, 0.2001231634324946, 0.3845363343548769, 0.40393094944673336, 0.09954491203776072, 0.37021816939755503, 0.1463473463057381, 0.21878864823487287, 0.419956636013904, 0.21220459235399192, 0.2807002803466012, 0.25863575746419665, 0.1679275866964306, 0.32096401945234143, 1.0, 0.1643715373972161, 0.1642827310404562, 0.2604009493101296, 0.19366842874462442, 0.20492840940319645, 0.4954572091247498, -0.0004709720967464026, 0.36392352960542285, 0.42628602522211345, 0.3577403334297451, 0.20092670110981814, 0.432988778896205, 0.3628976124219684, 0.10636213516970516, 0.4078167763012208, 0.3051541708898511, 0.21541072536333172, 0.34367756487881485, 0.32259832350743634, 0.06854865176859515, 0.14268315050380875, 0.4339545667167841, 0.12332469005590085, 0.26323802382146155, 0.10582522660347726, 0.2237066301608065, 0.5415151993268104, 0.16905359757462857, 0.12701631866064012, 0.1655684365706629, 0.4424722897590354, 0.17847321563570562, 0.2598508673519512, 0.1682000873382672, 0.26264797188693645], [0.21665129650871218, 0.16305008763763307, 0.22584800911086367, 0.2629453367312846, 0.22438584476005163, 0.1715487203644699, 0.373705766283299, 0.2355046803145725, 0.20088230494643156, 0.16917299550283715, 0.22114888213252337, 0.3526825765383429, 0.2448959231525788, 0.13837953023172767, 0.09502171081401234, 0.32988234822515217, 0.13575247075457497, 0.269047486034376, 0.3246788201606836, 0.24275190857886564, 0.22042016851866686, 0.17612154229233135, 0.2348372204905087, 0.16282215545359713, 0.1643715373972161, 1.0, 0.24492159534012803, 0.17460783876009778, 0.17296503985027611, 0.21040286923081064, 0.19365649434549115, 0.0981676131849184, 0.2968796894368295, 0.2754529601530157, 0.26739425071869904, 0.37221567920664456, 0.36538502079829227, 0.36085910743216665, 0.13647435396995589, 0.296490049758685, 0.323253318769821, 0.2672112949614276, 0.23552305141563723, 0.3289768568537681, 0.10644480348152985, 0.19283228043655654, 0.27178127535183627, 0.07123084050595596, 0.3596371260042738, 0.08707160277089165, 0.1791478450266053, 0.3744330295544388, 0.1277854677889736, 0.21980516128887317, 0.11479457362042078, 0.30146787473461156, 0.16804916654125446, 0.2882396730389991, 0.26336171330609215, 0.1718529126588153], [0.22608393275887595, 0.1820619496217567, 0.2546559094487486, 0.18784012786001703, 0.36724728822844355, 0.16448820144277154, 0.3081918968070546, 0.09503483723205841, 0.23809348475411152, 0.2971964725142724, 0.3349736697176161, 0.2194422309807207, 0.18414221454087487, 0.136048848845863, 0.13007256274872714, 0.15408840328543194, 0.148612191341287, 0.18702403727015848, 0.16541090066922026, 0.165986617409685, 0.20561459554055106, 0.2075159700233653, 0.24809188770645085, 0.10604685629547461, 0.1642827310404562, 0.24492159534012803, 1.0, 0.21312059005122808, 0.3297323858341714, 0.22933634930631608, 0.20877464569453152, 0.09979308359106742, 0.14645307762155146, 0.2703787869499328, 0.2783876877676901, 0.1339744606175879, 0.34704152807726407, 0.3029419497261807, 0.2369212489191943, 0.270477427463929, 0.17919484260454688, 0.2797618449304333, 0.24244221607524064, 0.21420104993382771, 0.07150796325149966, 0.15008256178825308, 0.29748127830403104, 0.11528231341629647, 0.16343187449281116, 0.12477267738475717, 0.22761100612104457, 0.3733503607103703, 0.1583327748466714, 0.19941342523574346, 0.11091748200275764, 0.31673282470940056, 0.15151114606745208, 0.18799750356328349, 0.05591849638530333, 0.09490587966522379], [0.16818579600327632, 0.2478498350294671, 0.2589143527720874, 0.22421707866529117, 0.26523371713623767, 0.32387239865163586, 0.25246612855792816, 0.21207967962395513, 0.19756873038585776, 0.19213790716986945, 0.2062125235805835, 0.4233825853095162, 0.2295773645272331, 0.2134028637039811, 0.11978983989747916, 0.29426106709218125, 0.11885779542134178, 0.1556398666681884, 0.20906710307604903, 0.18893159917890512, 0.19971107843363656, 0.17174074913023318, 0.23018901291617322, 0.18353757292382733, 0.2604009493101296, 0.17460783876009778, 0.21312059005122808, 1.0, 0.29899431732843706, 0.23444340855441048, 0.24430368672384628, 0.11750324208301577, 0.12589686726009575, 0.2286373771208139, 0.23883847574998907, 0.3251074330791742, 0.24655835437122398, 0.34996859813276726, 0.20024222565842376, 0.2638730346301521, 0.3103991905067066, 0.2648737003276407, 0.33545469111361137, 0.2591983389570116, 0.10582789264380799, 0.19467817689414568, 0.2899674874391621, 0.15194542922371412, 0.2595162508293918, 0.15604545471836095, 0.19475245224038729, 0.30831974963621045, 0.1651874643618132, 0.25679005256339904, 0.1411747570260493, 0.3367815065066859, 0.10860838043452425, 0.16532929010545594, 0.17658191670066237, 0.10961087124810431], [0.3129356425311789, 0.26984745126685883, 0.3955191726356917, 0.22540644749430916, 0.23744732540939983, 0.28745975981348515, 0.3292269191555032, 0.31552770712849654, 0.31575193751305464, 0.31966031489541247, 0.1910322665186056, 0.22320984483956852, 0.20120321802986563, 0.08149686709627346, 0.1770685480371017, 0.29854331210469454, 0.11739056416502403, 0.2664369025082094, 0.09773299798935953, 0.24910157243191722, 0.4038622436887931, 0.2881126459060166, 0.20605637305107916, 0.3535144345801786, 0.19366842874462442, 0.17296503985027611, 0.3297323858341714, 0.29899431732843706, 1.0, 0.21137231390099354, 0.49833095191061627, 0.3102106160665765, 0.4374887284668869, 0.41038146338218073, 0.42376481162453294, 0.21277573838166575, 0.425370866236781, 0.42945050947139496, 0.1300810206047155, 0.438409916026236, 0.3022887825680389, 0.18095358630857483, 0.34252151444204604, 0.4370885939908873, 0.1949679903582764, 0.15864328014389528, 0.34449170619969993, 0.07508519861700202, 0.43621993098949785, 0.09034029743787819, 0.39844337702816746, 0.40388455694902226, 0.07526547008939632, 0.18691262351645954, 0.17363710280267242, 0.23679769564964914, 0.1747158845954313, 0.33137720661243986, 0.3657272297884919, 0.20904143103506057], [0.25241149892438797, 0.14955513942410292, 0.2111573302334826, 0.24994093809153572, 0.24161906805097, 0.5468160797593042, 0.3873969579930665, 0.09743402805870649, 0.22718937737295453, 0.3317179721423925, 0.30730974438189307, 0.33902230422005575, 0.4831494505914793, 0.26184252815198605, 0.22985595644619572, 0.30026986293281155, 0.09612113339424289, 0.3774752208459524, 0.28290541584472284, 0.1489589751788547, 0.4693071513996929, 0.2596581298578786, 0.26375071830791963, 0.2777949125995307, 0.20492840940319645, 0.21040286923081064, 0.22933634930631608, 0.23444340855441048, 0.21137231390099354, 1.0, 0.268477351009371, 0.32888357278452585, 0.3322480096214895, 0.3502835042495034, 0.31279305077252206, 0.3812668556787344, 0.30019432578084393, 0.30316275256867, 0.17961991554211365, 0.3439289688530123, 0.2688054494214699, 0.41816774242146226, 0.24817734458871632, 0.3968287662353962, 0.1356677800246353, 0.2399931219223631, 0.3242487918151036, 0.12033561449830743, 0.20219322094009562, 0.13755143486506027, 0.3753882548565609, 0.49479900881313, 0.06895060391643049, 0.18222905521194044, 0.11023467117127517, 0.24009819407030997, 0.154966206422118, 0.14932513439037054, 0.23456563062499103, 0.2673310720949861], [0.16104131888277395, 0.186866000765616, 0.4880202408591692, 0.3909213962171747, 0.3382089255090748, 0.20044558946153956, 0.32277224739420585, 0.14120411345389727, 0.45989089489987744, 0.5281863917824949, 0.2583727877506111, 0.3538879543031217, 0.3939277495303857, 0.15330743165409844, 0.19805587569201, 0.515625405570185, 0.06809542314145345, 0.18291731172453363, 0.2566742037199111, 0.22783278151744701, 0.352271191362157, 0.2969178515022639, 0.32257965749703676, 0.24067036970149114, 0.4954572091247498, 0.19365649434549115, 0.20877464569453152, 0.24430368672384628, 0.49833095191061627, 0.268477351009371, 1.0, -0.04031929737352735, 0.38970229126932954, 0.6563853107228234, 0.5252818778876674, 0.3053483348469206, 0.5454896436914065, 0.4746880901938537, 0.2851853575376473, 0.45706282030082845, 0.4367130944191555, 0.1650243305980752, 0.5314066546302624, 0.4841162754824184, 0.21216264218663827, 0.18065119189414913, 0.5408973561568732, 0.21172510778495446, 0.2553161127356347, 0.14801596912609716, 0.22998352436253988, 0.5605733951063986, 0.24699397730683625, 0.09925436492178374, 0.29770416248364184, 0.02355300729686327, 0.15022620635796557, 0.18199836030369587, 0.16727435616752284, 0.1629808962888617], [0.16715727482140064, 0.1764476632885631, 0.22920879251116777, 0.18229744012323734, 0.32587775957495, 0.4224481742436397, 0.40618969994136833, 0.22504471285427807, 0.19938213052112252, 0.3977734792168066, 0.10802019696574561, 0.10605166749097639, 0.2677588586243552, 0.40691859674986297, 0.03863001017403889, 0.3303391518777796, -0.009514575591494712, 0.5343734901506492, 0.05788852776655429, 0.04974323564154659, 0.6193796803770308, 0.17771705638772017, 0.17880811863223034, 0.09763780043557346, -0.0004709720967464026, 0.0981676131849184, 0.09979308359106742, 0.11750324208301577, 0.3102106160665765, 0.32888357278452585, -0.04031929737352735, 1.0, 0.11513012064769268, 0.29148955027188617, 0.30976996416286595, 0.18000494786837118, 0.29121510416935503, 0.20271388426426673, -0.09909266920360316, 0.3465031050807543, 0.44919277008802805, 0.09129462919664133, 0.31339240857761186, 0.32334281836982326, -0.0414602732232654, 0.0544773160250861, 0.288845864934667, -0.01128778253364926, 0.57191035627634, -0.006174851567060768, -0.02787818928396235, 0.27671721545467476, 0.07862981468444763, 0.09662902769420945, -0.04746239070316882, 0.28315235883627676, -0.0102371319979635, 0.09085043769396195, -0.024975338688884907, -0.09479410875007521], [0.24332587500408498, 0.21514536686308028, 0.4336197844959171, 0.23367112141778268, 0.2797283566492884, 0.18068433116028337, 0.4868497341651862, 0.6095754658888402, 0.32004728180659725, 0.3657271619165947, 0.33400332151276224, 0.4333005700549559, 0.4639479044494563, 0.14766189644537087, 0.14449744735938452, 0.45139737825447834, 0.18089900055607777, 0.3966407238393639, 0.5201356942587988, 0.14908625082549143, 0.35480567493284576, 0.3033696460740597, 0.3189082114718742, 0.24903596918525395, 0.36392352960542285, 0.2968796894368295, 0.14645307762155146, 0.12589686726009575, 0.4374887284668869, 0.3322480096214895, 0.38970229126932954, 0.11513012064769268, 1.0, 0.4444914117110653, 0.5553758936494594, 0.2039715608151309, 0.48971694317338943, 0.5005397652156021, 0.2392952658267702, 0.5333196465837596, 0.32811589766934146, 0.36127519155383014, 0.4337752662079353, 0.5135168243653011, 0.11079375901973032, 0.09247168414907991, 0.4373767926222156, 0.16099865688398807, 0.19449866618952194, 0.1859575988977824, 0.32784600912218087, 0.5290461651828617, 0.23933817034841143, 0.21220527983667525, 0.1480577469492057, 0.5350202280887039, 0.2313095228