"[[1.0, 0.34467405950745156, 0.48129479788089513, 0.5202295873924133, 0.20862703100792512, 0.19949501276181048, 0.47365357648765904, 0.4893422714142249, 0.437416270739602, 0.42310473423709727, 0.3951019691353985, 0.25700713131321806, 0.3338744893001936, 0.2088811922355831, 0.18167958629407277, 0.3789397295984398, 0.10469242537792445, 0.21038366725697188, 0.26472826389532866, 0.24303165562937734, 0.44366576199685337, 0.19369557232564072, 0.20160836465684095, 0.3253067773868983, 0.41804698427225273, 0.2129036497795197, 0.20191739682096166, 0.15428908338562475, 0.32779149034596844, 0.25007194974478997, 0.20790646435268434, 0.11895444740218342, 0.19232823867592308, 0.40376656483348716, 0.4098766004267169, 0.5853122380967108, 0.45779835587882045, 0.3932028764619653, 0.1936229554009543, 0.4347320030194355, 0.36516707243547175, 0.3096286446895633, 0.30956129886717765, 0.37508007467740745, 0.1664439524716187, 0.1799714761508071, 0.3148570425538688, 0.14644090414255417, 0.24129005122828795, 0.19567908010463486, 0.3256242999921253, 0.47293112903665424, 0.17366390511595653, 0.34465984379838344, 0.18452853840566696, 0.28132833240685695, 0.14596018644333697, 0.10966065937479985, 0.10796312581474654, 0.24235488772055924], [0.34467405950745156, 1.0, 0.5554232640566831, 0.6855818256311585, 0.3521248515563894, 0.4301981739859466, 0.5384082175176848, 0.21155566069394371, 0.4340900160221066, 0.4536955269765237, 0.3259694757503775, 0.36496493661984064, 0.34187148237377574, 0.0677693636682617, 0.14873663042616347, 0.4930453505381598, 0.08987461362468818, 0.3000945788198064, 0.36828770273843414, 0.18835645095543807, 0.27375405231892214, 0.20262667047876703, 0.2988514273316808, 0.21408727851173492, 0.2500787675863636, 0.17551752624923356, 0.22774484799373285, 0.25588105120012783, 0.20722293080187937, 0.13506947103034472, 0.21020120761904493, 0.26260393879793864, 0.24165503322596105, 0.38469519088673665, 0.3514500675523349, 0.2261072646256288, 0.3631805805801508, 0.3262996284469466, 0.11958305033554473, 0.37932859284474285, 0.37099023773363204, 0.11612932557354094, 0.33186413005983817, 0.4648818339744427, 0.13008586185448268, 0.16344344613835193, 0.32082888604417814, 0.0925322314729915, 0.27563394811518127, 0.10696490045512008, 0.39750441233137634, 0.32996460700162666, 0.13423725587934332, 0.045032026813406345, 0.13616456075710714, 0.3093652503306943, 0.12749392733695641, 0.09966320400166195, 0.373078450358574, 0.1574998793190795], [0.48129479788089513, 0.5554232640566831, 1.0, 0.7805126204328754, 0.8096712540290177, 0.47136241535404366, 0.8253260193267266, 0.4922385313061828, 0.8935204342166261, 0.8450086388726313, 0.402420844709353, 0.45042306648803576, 0.8427241523642832, 0.43839744357090127, 0.22718940030412704, 0.8798646782264785, 0.3344826976556343, 0.7390989502858909, 0.49523174855780516, 0.23679433411869444, 0.7558060906783022, 0.32601040854843866, 0.28658012063584093, 0.28401337717158703, 0.4481927174741698, 0.23253665700670778, 0.26879411937368647, 0.24814233002370345, 0.35713857642124824, 0.23555849335309287, 0.4920888756532378, 0.305309399879239, 0.4202845251085585, 0.8798374541014397, 0.8437967774101032, 0.5583777171397539, 0.8507224446355907, 0.7511206998719046, 0.416365106874077, 0.7827950217508431, 0.8561320579553473, 0.3160738764946285, 0.8320880002871264, 0.8799338333556176, 0.19206039219122373, 0.26155505856874717, 0.8630413627580961, 0.2576435054670141, 0.40945168042973035, 0.3519771293531839, 0.37285386076902516, 0.8276907604418107, 0.34187664160473874, 0.32163411929214347, 0.4553290555307834, 0.49654835871071556, 0.34342771453157195, 0.43540450996768576, 0.41615824443121585, 0.5022682006091016], [0.5202295873924133, 0.6855818256311585, 0.7805126204328754, 1.0, 0.6406494137276371, 0.4270853634977385, 0.7848082821129555, 0.2915440527159713, 0.748648689122314, 0.8108534142348824, 0.34603913001655884, 0.5096670372206697, 0.7069242541713844, 0.3774328394984956, 0.2717127169290747, 0.7852515634805923, 0.22927905942281768, 0.6365604447326443, 0.547185641386156, 0.3975820143982969, 0.6328241173000044, 0.4085183961486738, 0.25174278166663233, 0.3432852700648721, 0.40991130650627106, 0.27319498519271623, 0.1863878864596713, 0.25051877584337223, 0.2219951044964633, 0.2868139194390751, 0.37057550539785367, 0.2801309083181165, 0.22359693229645128, 0.7000223718277702, 0.7541132560259287, 0.4968886175297127, 0.7481198939985595, 0.5991144621749287, 0.3241132194377283, 0.7046954557003559, 0.7438344474433276, 0.5629004406796766, 0.7216044015805452, 0.8096589281971757, 0.1338849192138748, 0.27194970489803527, 0.6567805253809454, 0.09199331321420712, 0.4288814251052805, 0.3062640482433079, 0.3400970988107592, 0.714456357735958, 0.24922601926748156, 0.279211525813033, 0.28862647482523707, 0.4657652693812433, 0.2494441525280895, 0.24918143000797732, 0.4472721923005467, 0.2825729308181879], [0.20862703100792512, 0.3521248515563894, 0.8096712540290177, 0.6406494137276371, 1.0, 0.5401952805829255, 0.8434183849161966, 0.4309778480761701, 0.8304042305766207, 0.7999177383242246, 0.3536958715101657, 0.48532072856077835, 0.8793334624939088, 0.5856100087108903, 0.2039739604046158, 0.82510705572009, 0.27731712375168005, 0.8357713356607388, 0.5971174487665537, 0.399220756037032, 0.7546018149243847, 0.231578183145577, 0.2448492307596284, 0.19018582350286706, 0.3028863193502882, 0.23377229780802278, 0.35966844260440856, 0.26294312469031167, 0.20218130504252652, 0.2909458488566272, 0.3735925016986086, 0.3259705629170584, 0.304057834313593, 0.8278477297790203, 0.8169752641305448, 0.29400158274242827, 0.7774431587208787, 0.7507079431368585, 0.48002121653164986, 0.7642726422820828, 0.8353825866163572, 0.29040425887435206, 0.8686195688516855, 0.8137263472729814, 0.18701835746346462, 0.27962544071996476, 0.8520280339216918, 0.23701019421987923, 0.34962651849746984, 0.15654147769030657, 0.3511095022939821, 0.8289354385806176, 0.3034619917777166, 0.4433658203028805, 0.3282219266992181, 0.4781354385314729, 0.3884159179620176, 0.29781886975142124, 0.2720381004859954, 0.4290108341708154], [0.19949501276181048, 0.4301981739859466, 0.47136241535404366, 0.4270853634977385, 0.5401952805829255, 1.0, 0.5622075316493809, 0.2850228605230015, 0.4881226400490162, 0.5733353200903144, 0.6933027383352396, 0.4107867898180253, 0.503733394960033, 0.5176835785258519, 0.20257164719657128, 0.5430705757233583, 0.15808259704529226, 0.48906633846509373, 0.2547880258801096, 0.32558685785286035, 0.42095061830394664, 0.15134656033402316, 0.22098534990023322, 0.23031785782046732, 0.14590580194889924, 0.18350994485529337, 0.16083778877917376, 0.3251811134827113, 0.2883414806433764, 0.5407264466477303, 0.1974149843851063, 0.4275830573066569, 0.15760158602377639, 0.4406565594069821, 0.3718457605617722, 0.3230429865373421, 0.3936210738506596, 0.4457516900387448, 0.23194712576752496, 0.3355532541146916, 0.43235305928575607, 0.1533203520995825, 0.3800928139977129, 0.48387234374587507, 0.18298853503316315, 0.10042691523683567, 0.4695431213901168, 0.11280379846724398, 0.45701909411212416, 0.12067362029314554, 0.32196262138882425, 0.4984260392908315, 0.1502620464177593, 0.1990120512923066, 0.1811977346783964, 0.30492223961245735, 0.24055743573431698, 0.3684340621427966, 0.3624940502925903, 0.2070611677075308], [0.47365357648765904, 0.5384082175176848, 0.8253260193267266, 0.7848082821129555, 0.8434183849161966, 0.5622075316493809, 1.0, 0.6222846817587232, 0.841895725164962, 0.8234956763558677, 0.3771912454663169, 0.5916564331393621, 0.8592996884088034, 0.5409102639071974, 0.30565308062376384, 0.8625925592137232, 0.2599924232343045, 0.8212617518400324, 0.6204880019233604, 0.4500392715193968, 0.7824933228526126, 0.285658667129445, 0.29985360175390086, 0.2398595128701848, 0.37233811911377623, 0.3757190007539448, 0.3006074727775945, 0.24199918155394018, 0.329599490164483, 0.39463907658034025, 0.31706782971437497, 0.44395759274019775, 0.4502118692509741, 0.7536489663337059, 0.8144271957596356, 0.4472943370933762, 0.7922372271120836, 0.7096798053090181, 0.3499395446418384, 0.7448074186302804, 0.8121248530927219, 0.42548412274064207, 0.7680286522654249, 0.865574438586152, 0.15809610464408053, 0.3172788372065384, 0.7742553956773703, 0.25946303888244815, 0.3819925422705607, 0.20997122883501418, 0.5069449095201932, 0.8019506640939053, 0.25753374628576453, 0.39880595764364934, 0.29664185837960977, 0.6270401004746231, 0.32319389836903945, 0.3876498247271303, 0.41414911895329776, 0.2332627586612036], [0.4893422714142249, 0.21155566069394371, 0.4922385313061828, 0.2915440527159713, 0.4309778480761701, 0.2850228605230015, 0.6222846817587232, 1.0, 0.54938360991784, 0.4753632388539103, 0.27214290328933766, 0.3770276914653594, 0.487444881606629, 0.4878421932037038, 0.19815071529568773, 0.4587786709030749, 0.24781792316304507, 0.39348122951339237, 0.3349456879546475, 0.38308469063447215, 0.40311316478149306, 0.15373194138452195, 0.18116375272352625, 0.21380478328902763, 0.21846772124292202, 0.24100999960210845, 0.12795103329529345, 0.22759181117493132, 0.2589804580586663, 0.14337516558087893, 0.09792247996248615, 0.28349902780124714, 0.6208343149208708, 0.44700639684013244, 0.5192203647686571, 0.46933022315712536, 0.5275166929777912, 0.5398620797955734, 0.2592476916755353, 0.45525781760570694, 0.4893460825879382, 0.11789808891700604, 0.43638676213864946, 0.41466433171697026, 0.1381487323522158, 0.12236140858036726, 0.3766454927770275, 0.15039337107828765, 0.09009957780808309, 0.1041785357875551, 0.22261876337447228, 0.46330304665293043, 0.13059559848830204, 0.09926211640089766, 0.121427886053049, 0.38530800335492443, 0.21647486606285893, 0.1629367025280185, 0.1929187127744677, 0.09251775928572348], [0.437416270739602, 0.4340900160221066, 0.8935204342166261, 0.748648689122314, 0.8304042305766207, 0.4881226400490162, 0.841895725164962, 0.54938360991784, 1.0, 0.8495589209796379, 0.4136862450162919, 0.5326825765878909, 0.8291397633457779, 0.4326380278554547, 0.24821669224063447, 0.8802632629455586, 0.3099371757024214, 0.7367162208981399, 0.43361702904227273, 0.40098229454922096, 0.7150899026441746, 0.2573643869135189, 0.19684894392187857, 0.21861079035662156, 0.2899686837922755, 0.20673837536705308, 0.20922736798885133, 0.1953222613403819, 0.3224663970624384, 0.23660872075532446, 0.43020550559614956, 0.20744945043132934, 0.34922237353616314, 0.8430687956768269, 0.8126716199707076, 0.5413360352641202, 0.8144574995879109, 0.7153345504996756, 0.4619818578754773, 0.7063168363034552, 0.8571240101028529, 0.38747575930236033, 0.8114526122739635, 0.833040772472256, 0.1302190937471781, 0.26365995519311025, 0.8082594977274397, 0.23111972194096486, 0.22352270785904738, 0.2347259078502988, 0.3843837042351459, 0.7679224119192667, 0.3659060946437306, 0.29550618777847837, 0.2257380150632592, 0.40927685265032043, 0.27859015104406903, 0.4479959128806895, 0.396342173247338, 0.47427544735056437], [0.42310473423709727, 0.4536955269765237, 0.8450086388726313, 0.8108534142348824, 0.7999177383242246, 0.5733353200903144, 0.8234956763558677, 0.4753632388539103, 0.8495589209796379, 1.0, 0.4506221810341364, 0.5357929168000448, 0.797604047526825, 0.6025016637818371, 0.34330438422923404, 0.8495630234797273, 0.3295413571285726, 0.7445297625567067, 0.4427307325028156, 0.42149994342335473, 0.7014500994587155, 0.3922057794471565, 0.31199095363926177, 0.3852233345196916, 0.4199424111315855, 0.15709683634808447, 0.286395053196315, 0.18112480065714465, 0.3224238526861566, 0.31587210691330037, 0.5142461910373858, 0.40376063588512023, 0.33903003016395805, 0.8332243613268175, 0.8410978603066162, 0.4702368418477688, 0.8628102452787084, 0.6697787969119385, 0.417424946217705, 0.7475272719230777, 0.8055570145884607, 0.4656538386303841, 0.8055197679437476, 0.7991251558296116, 0.19970738925200426, 0.19737991081196538, 0.774145978211778, 0.28341617280141584, 0.5021457882292321, 0.2302873501141175, 0.247041572961196, 0.8096560143762518, 0.38668114547719046, 0.22722782767433847, 0.29919077396991733, 0.5238602834496545, 0.2857279367954053, 0.36308951422236235, 0.33412495926190233, 0.3172860083045076], [0.3951019691353985, 0.3259694757503775, 0.402420844709353, 0.34603913001655884, 0.3536958715101657, 0.6933027383352396, 0.3771912454663169, 0.27214290328933766, 0.4136862450162919, 0.4506221810341364, 1.0, 0.4003554211171063, 0.2948739676404005, 0.2557385569764663, 0.0988906758400806, 0.47277631701715395, 0.13763645615836118, 0.22331019244726968, 0.2345543910643021, 0.18928991449475974, 0.21556943769314973, 0.13536921978150196, 0.18555518658912862, 0.11118441056475814, 0.21213789108377623, 0.1927768105229415, 0.2759659992314749, 0.18007979649747208, 0.22664345527933982, 0.2942483620376328, 0.28558843244202925, 0.000593896741526545, 0.28772947286011186, 0.38859226678838765, 0.34186847508451446, 0.3063787793753565, 0.32818378791468406, 0.37056362065589854, 0.29075096424476, 0.3052124861632316, 0.28855912000991024, 0.21270711384133745, 0.28870750039628534, 0.3174278662638519, 0.08884590087969968, 0.12872639733258806, 0.4519120837404099, 0.10698695753242993, 0.2842949108602857, 0.16636392678813594, 0.08058949207309007, 0.4296415383998945, 0.1605292316833351, 0.243592478399417, 0.18925491638642444, 0.28114130955556726, 0.12126969519126984, 0.16637910064547712, 0.31861341149136135, 0.15254357290724196], [0.25700713131321806, 0.36496493661984064, 0.45042306648803576, 0.5096670372206697, 0.48532072856077835, 0.4107867898180253, 0.5916564331393621, 0.3770276914653594, 0.5326825765878909, 0.5357929168000448, 0.4003554211171063, 1.0, 0.4878365228760274, -0.023137008696511252, 0.30307383719715464, 0.6470688246469383, 0.1934304241660385, 0.5500552887905354, 0.2777650417041726, 0.3111032428424354, 0.3867263812882358, 0.20596031540487325, 0.2406796809189914, 0.3712361967018125, 0.2071183182022197, 0.33303966357976755, 0.18025412546003916, 0.3885872546761384, 0.27832032125759043, 0.30192517431914023, 0.38709609848024984, 0.052927868947386214, 0.3356566167634336, 0.465969452426642, 0.49786627128038763, 0.1423382120781751, 0.46774998695683956, 0.34684192441653705, 0.29902178654080425, 0.4349239244883515, 0.4873693025315955, 0.39779207631492297, 0.4112137600946719, 0.4975742767975446, 0.13337115920984655, 0.09280758714482162, 0.4707511086975146, 0.2254541292226806, 0.049245203922731684, 0.16282105386660306, 0.19959879391295077, 0.45206770198405, 0.1705234147730167, 0.1927103043382138, 0.19586010057098857, 0.443688847220304, 0.2476646322761924, 0.3183076726198464, 0.07537456186755609, 0.060685314839581395], [0.3338744893001936, 0.34187148237377574, 0.8427241523642832, 0.7069242541713844, 0.8793334624939088, 0.503733394960033, 0.8592996884088034, 0.487444881606629, 0.8291397633457779, 0.797604047526825, 0.2948739676404005, 0.4878365228760274, 1.0, 0.515346764476234, 0.19645456226165736, 0.8333291416374915, 0.28303162201718524, 0.8612629699300596, 0.5757946175667202, 0.2828441112395794, 0.8228882460961153, 0.4007817527671549, 0.25131270881656254, 0.25729712338513955, 0.3784237717796217, 0.24507201408096635, 0.18578920043448688, 0.2287750394055721, 0.23841825481028256, 0.505191188223212, 0.3944348229035609, 0.3708788735036175, 0.4498876452191435, 0.8074501809606248, 0.8345033268189871, 0.5060161992221952, 0.7878209634122435, 0.7033754099682731, 0.46889051272753524, 0.7656527276598893, 0.8255459660356261, 0.4104180271364264, 0.8054223199065267, 0.8754204815147877, 0.11908413675883511, 0.2763706428537892, 0.8037973878140826, 0.19260253654567072, 0.32677416628579525, 0.14173830524191922, 0.3892972985479296, 0.8528816256004214, 0.3133140071711049, 0.3940852874489714, 0.40902177120453964, 0.5128208252960398, 0.4434242376658514, 0.32630794706279587, 0.36982521069910956, 0.45171633557287394], [0.2088811922355831, 0.0677693636682617, 0.43839744357090127, 0.3774328394984956, 0.5856100087108903, 0.5176835785258519, 0.5409102639071974, 0.4878421932037038, 0.4326380278554547, 0.6025016637818371, 0.2557385569764663, -0.023137008696511252, 0.515346764476234, 1.0, 0.13706203856199906, 0.401791799697667, 0.1826955734423994, 0.40786335281213226, 0.45043328228078505, 0.4820568729794277, 0.4276194192627637, 0.2194073017953826, 0.2105290776179357, 0.21227355882024757, 0.3479019135353504, 0.14593163330678627, 0.14731888200092325, 0.2372286028108016, 0.07743849113590473, 0.2386336916296775, 0.1127862559716436, 0.4227541716049983, 0.19954077264541936, 0.47902502148193116, 0.5286176944337356, 0.405835768098871, 0.5774523904688629, 0.5775331168831702, 0.3168034884028187, 0.4716759177018871, 0.5055099475045898, 0.22397564036910955, 0.5708110269449436, 0.4585845838645518, 0.18064948358362531, 0.21335409788362836, 0.46466383585341453, 0.20774648723126166, 0.5202169300994872, 0.10621932804607459, 0.16635419056126066, 0.5978986168715344, 0.12753801071457316, 0.23600546590172122, 0.1769183027602088, 0.3926946926995678, 0.20431125979722808, 0.22816115340129528, 0.34140608453274457, 0.17453725103493511], [0.18167958629407277, 0.14873663042616347, 0.22718940030412704, 0.2717127169290747, 0.2039739604046158, 0.20257164719657128, 0.30565308062376384, 0.19815071529568773, 0.24821669224063447, 0.34330438422923404, 0.0988906758400806, 0.30307383719715464, 0.19645456226165736, 0.13706203856199906, 1.0, 0.2525311348173874, 0.1286655690934001, 0.15237467617610623, 0.22341441268789664, 0.2127790037680789, 0.17580523797362624, 0.09954272096959238, 0.09810414889947028, 0.12833949436573455, 0.10313422019023677, 0.09760023260534234, 0.127140442374852, 0.12514875542567716, 0.17537742124337663, 0.2280599620915259, 0.1927528704248036, 0.060762161532554204, 0.14647718317747804, 0.24653138940757868, 0.2759145357691597, 0.09838726095780725, 0.29014896988653716, 0.21038890852215064, 0.13730479204861634, 0.22541645832214707, 0.16822030799203602, 0.12010757280872553, 0.23430795859323594, 0.26363931276504016, 0.10474023160393342, 0.0884491652290158, 0.1901072880040644, 0.12659899372152883, 0.25841967153028045, 0.1215228023377779, 0.09395985485431946, 0.20633041291104748, 0.12382600603729566, 0.11023812804598432, 0.11290143555082977, 0.15381621269600565, 0.09614968689576264, 0.19365115618708195, 0.23849764335514134, 0.12724472572984602], [0.3789397295984398, 0.4930453505381598, 0.8798646782264785, 0.7852515634805923, 0.82510705572009, 0.5430705757233583, 0.8625925592137232, 0.4587786709030749, 0.8802632629455586, 0.8495630234797273, 0.47277631701715395, 0.6470688246469383, 0.8333291416374915, 0.401791799697667, 0.2525311348173874, 1.0, 0.25014076233008664, 0.8152947883269374, 0.5562743591135186, 0.2631329846528696, 0.8073730749014046, 0.22786758606008461, 0.25919545734360816, 0.3012043635611634, 0.33695545912501923, 0.32876983756310707, 0.11682975942679175, 0.2675257942587401, 0.3633322394043308, 0.2632242219934484, 0.5263180888765897, 0.3318301422802905, 0.41284270505452314, 0.8838620232128525, 0.8779593252983438, 0.4643531870627694, 0.8338166892118228, 0.737141658311137, 0.39911079778965197, 0.7951298968763838, 0.9094456129209407, 0.41386222166785147, 0.8616797593478331, 0.8914697685948728, 0.1637662450915114, 0.2685445510085317, 0.8984653354597067, 0.23749007616972495, 0.42530616599624205, 0.18387139974186772, 0.28943613449533434, 0.8072681060289574, 0.31322780930170013, 0.4013691543729383, 0.33522546184149404, 0.5203115368380381, 0.2588903758394093, 0.3806466257087713, 0.41488822959222293, 0.3326900635932941], [0.10469242537792445, 0.08987461362468818, 0.3344826976556343, 0.22927905942281768, 0.27731712375168005, 0.15808259704529226, 0.2599924232343045, 0.24781792316304507, 0.3099371757024214, 0.3295413571285726, 0.13763645615836118, 0.1934304241660385, 0.28303162201718524, 0.1826955734423994, 0.1286655690934001, 0.25014076233008664, 1.0, 0.24256957749190633, 0.14183048985131885, 0.09359384225936651, 0.18053668727987815, 0.17647501621848038, 0.12344291593674805, 0.13809379053146642, 0.13696878678660473, 0.13006400731158907, 0.13005088573551626, 0.10986137681972408, 0.13909759454681359, 0.08211964330536214, 0.07211691003555631, -0.022680949196044242, 0.16965264158488158, 0.2056345064563716, 0.22693601009390962, 0.16978205869643426, 0.22420179800920836, 0.1610351940307163, 0.10752714462765378, 0.41683499223309783, 0.17969453909012378, 0.172691981282882, 0.2493873588800496, 0.18588534333132278, 0.13133154229731825, 0.12250457831781003, 0.24327704008959528, 0.09961766901509839, 0.23621602679636067, 0.14646037832567715, 0.18422062180893606, 0.2531402878458586, 0.09892918022448716, 0.10625255863210425, 0.1221778129422455, 0.142431602427181, 0.06654649529972168, 0.11479146180913835, 0.10439149334509257, 0.17860652765967355], [0.21038366725697188, 0.3000945788198064, 0.7390989502858909, 0.6365604447326443, 0.8357713356607388, 0.48906633846509373, 0.8212617518400324, 0.39348122951339237, 0.7367162208981399, 0.7445297625567067, 0.22331019244726968, 0.5500552887905354, 0.8612629699300596, 0.40786335281213226, 0.15237467617610623, 0.8152947883269374, 0.24256957749190633, 1.0, 0.44641553243030374, 0.2685703343802722, 0.8164479423327583, 0.17743200012108962, 0.15568235138820252, 0.2860101631147318, 0.2974052005010738, 0.2976841925569014, 0.22274783747491966, 0.1561530663723918, 0.22540685389866955, 0.4706001135669804, 0.31781813561721384, 0.5410823559211948, 0.3494425472975844, 0.7786063196294369, 0.7548749059275172, 0.26340544049588144, 0.7156262333292855, 0.6628030816657496, 0.17610106015020732, 0.7398540397868858, 0.8201196932455092, 0.3651696394181041, 0.753878244992193, 0.8233958477796418, 0.09374462302451736, 0.21325885541118383, 0.8026981217911083, 0.12048331381657496, 0.3114649612102195, 0.18432816763760218, 0.263662076900569, 0.7688887788049062, 0.25729192667937717, 0.30289164351176656, 0.3192426820051044, 0.4755587090547805, 0.2288773437371242, 0.296087624703817, 0.18858062289903466, 0.37157683798002394], [0.26472826389532866, 0.36828770273843414, 0.49523174855780516, 0.547185641386156, 0.5971174487665537, 0.2547880258801096, 0.6204880019233604, 0.3349456879546475, 0.43361702904227273, 0.4427307325028156, 0.2345543910643021, 0.2777650417041726, 0.5757946175667202, 0.45043328228078505, 0.22341441268789664, 0.5562743591135186, 0.14183048985131885, 0.44641553243030374, 1.0, 0.2037823832391794, 0.5174956747482893, 0.25085626346523804, 0.19947050660374277, 0.27534530249597666, 0.4139830210960682, 0.3264581887217045, 0.15712489300472865, 0.21538336543678405, 0.11801487865780391, 0.2682919352122579, 0.22768546111740895, 0.07256596388106051, 0.5242251964325838, 0.5835638455030214, 0.6874930224233149, 0.20615615648003716, 0.6353378571040034, 0.7080251873780314, 0.5233526270751128, 0.7204028546434297, 0.5454622863247208, 0.331583058005015, 0.6666715732008929, 0.6699144157666729, 0.2348026591724257, 0.1498456064157052, 0.6124815327515705, 0.10834072861581934, 0.3675615124056245, 0.17335340507677854, 0.4916001523253223, 0.6981127960857938, 0.1075222660884243, 0.5446714464207134, 0.10089974814804026, 0.48111001319707025, 0.21350567175271928, 0.06661147437457315, 0.46329118858367613, 0.22721321367727787], [0.24303165562937734, 0.18835645095543807, 0.23679433411869444, 0.3975820143982969, 0.399220756037032, 0.32558685785286035, 0.4500392715193968, 0.38308469063447215, 0.40098229454922096, 0.42149994342335473, 0.18928991449475974, 0.3111032428424354, 0.2828441112395794, 0.4820568729794277, 0.2127790037680789, 0.2631329846528696, 0.09359384225936651, 0.2685703343802722, 0.2037823832391794, 1.0, 0.1341029786073098, 0.19083064993713572, 0.2288100528696415, 0.11225761635310538, 0.20743832129019424, 0.23400360099784934, 0.16522503327602422, 0.18412577010580267, 0.254462222757047, 0.1391931919761682, 0.2681944052726424, -0.009239978479158584, 0.1454211345815486, 0.2829973441839173, 0.30955661324540285, 0.12574389138273523, 0.31764624682234177, 0.3761833122460049, 0.12648815821238923, 0.3515749942176556, 0.2681271589980152, 0.2914755188525594, 0.3205428168586135, 0.30446256405249295, 0.07125531939997931, 0.0684668253447257, 0.20011666363282798, 0.07523296727438367, 0.15706172431776788, 0.12749783210173804, 0.31887663201008154, 0.37821752530633757, 0.052953337401663414, 0.12006956313084882, 0.1701303555824114, 0.236772923731136, 0.11854646942614888, 0.10707307402573352, 0.22116540107581817, 0.1756634440595235], [0.44366576199685337, 0.27375405231892214, 0.7558060906783022, 0.6328241173000044, 0.7546018149243847, 0.42095061830394664, 0.7824933228526126, 0.40311316478149306, 0.7150899026441746, 0.7014500994587155, 0.21556943769314973, 0.3867263812882358, 0.8228882460961153, 0.4276194192627637, 0.17580523797362624, 0.8073730749014046, 0.18053668727987815, 0.8164479423327583, 0.5174956747482893, 0.1341029786073098, 1.0, 0.201724321447592, 0.18816355479389568, 0.23506744984819683, 0.28601741049501517, 0.21307722911699378, 0.20949799622279075, 0.23269386743276765, 0.47295850040690834, 0.41998761522048145, 0.4038505316743637, 0.5653180427867214, 0.3060075657141499, 0.7999380617962641, 0.8223020631169017, 0.494985231148271, 0.7471299178730478, 0.7099313621166669, 0.2938985398655164, 0.7727790926038439, 0.8680044596798873, 0.40079313291630614, 0.8099580279254666, 0.8234060844174713, 0.14625609872746548, 0.2191370416589311, 0.8262712320926742, 0.1529528197741814, 0.501612163440281, 0.14037552698291123, 0.35690553284860904, 0.8086032285673977, 0.12612116475876456, 0.4580183883254101, 0.2369713471364432, 0.44872567353944093, 0.33875588127874035, 0.23390244339352106, 0.25974975305827486, 0.3233901313981793], [0.19369557232564072, 0.20262667047876703, 0.32601040854843866, 0.4085183961486738, 0.231578183145577, 0.15134656033402316, 0.285658667129445, 0.15373194138452195, 0.2573643869135189, 0.3922057794471565, 0.13536921978150196, 0.20596031540487325, 0.4007817527671549, 0.2194073017953826, 0.09954272096959238, 0.22786758606008461, 0.17647501621848038, 0.17743200012108962, 0.25085626346523804, 0.19083064993713572, 0.201724321447592, 1.0, 0.10338484635133827, 0.18138645601974213, 0.2788358068521388, 0.18195360159171003, 0.21818976652853828, 0.17117323363364012, 0.2619436199302969, 0.2642171399285511, 0.3383562051204698, 0.16903167637456673, 0.2625032851300091, 0.2550493700053126, 0.32735752045101085, 0.30008686962128284, 0.34107153728607065, 0.17024454578580506, 0.275434167645606, 0.36585125958148945, 0.27939585341444495, 0.13934253877607172, 0.32253014539999114, 0.36126419479337857, 0.18749395155750048, 0.05372897042423885, 0.22041149079224265, 0.14098753976260547, 0.20678139765690529, 0.1280150070050048, 0.05743684972501173, 0.3727527658105131, 0.17842452451094204, 0.23786123458972153, 0.18373501351054333, 0.1624344250741382, 0.15720921233629392, 0.22150342992427996, 0.205507147781137, 0.12993262763720437], [0.20160836465684095, 0.2988514273316808, 0.28658012063584093, 0.25174278166663233, 0.2448492307596284, 0.22098534990023322, 0.29985360175390086, 0.18116375272352625, 0.19684894392187857, 0.31199095363926177, 0.18555518658912862, 0.2406796809189914, 0.25131270881656254, 0.2105290776179357, 0.09810414889947028, 0.25919545734360816, 0.12344291593674805, 0.15568235138820252, 0.19947050660374277, 0.2288100528696415, 0.18816355479389568, 0.10338484635133827, 1.0, 0.13156836204076772, 0.1753960187715431, 0.23280977395598135, 0.24932700239580718, 0.22721768745917081, 0.18441358595641744, 0.27330946230823217, 0.3537127148154855, 0.16955672967363078, 0.2908583614551734, 0.2663535922224728, 0.24802511216630807, 0.3198106117878561, 0.2972437491415294, 0.19204374856757345, 0.24403184010026013, 0.2834951791178135, 0.14794892378322566, 0.19191290018662854, 0.22964557967075783, 0.2084359291268767, 0.10821337565573819, 0.07765099990911628, 0.1826272951816944, 0.11287186886277856, 0.21453051049498995, 0.18920584748712777, 0.17085847766490014, 0.23892397525851727, 0.09301424149735293, 0.23395109882549636, 0.14016218136601855, 0.3776943428405921, 0.13238412399214028, 0.17150774755566267, 0.22215608637894024, 0.09267479679615187], [0.3253067773868983, 0.21408727851173492, 0.28401337717158703, 0.3432852700648721, 0.19018582350286706, 0.23031785782046732, 0.2398595128701848, 0.21380478328902763, 0.21861079035662156, 0.3852233345196916, 0.11118441056475814, 0.3712361967018125, 0.25729712338513955, 0.21227355882024757, 0.12833949436573455, 0.3012043635611634, 0.13809379053146642, 0.2860101631147318, 0.27534530249597666, 0.11225761635310538, 0.23506744984819683, 0.18138645601974213, 0.13156836204076772, 1.0, 0.285725548336925, 0.15841034628514694, 0.13910119835997747, 0.18877371832914447, 0.30652151549326945, 0.2691615239643367, 0.26166206476462317, 0.12178718987062453, 0.2660592537319959, 0.41627495563680594, 0.41865406186475473, 0.16565693213354726, 0.5214294227178194, 0.4311651070379354, 0.26372869922511355, 0.4006565302416143, 0.25492693717974624, 0.23141833948493118, 0.3168211446187048, 0.36291821428918847, 0.12451349350083563, 0.14930560839116946, 0.22363953864282438, 0.15415098497672686, 0.18779253422995357, 0.12175501481743889, 0.13967880855563597, 0.4169168855152984, 0.23802402353521546, 0.22597418766005994, 0.16780673145590375, 0.12818798976110657, 0.17361304825326307, 0.23559882501082563, 0.2056211056151479, 0.2216480815986852], [0.41804698427225273, 0.2500787675863636, 0.4481927174741698, 0.40991130650627106, 0.3028863193502882, 0.14590580194889924, 0.37233811911377623, 0.21846772124292202, 0.2899686837922755, 0.4199424111315855, 0.21213789108377623, 0.2071183182022197, 0.3784237717796217, 0.3479019135353504, 0.10313422019023677, 0.33695545912501923, 0.13696878678660473, 0.2974052005010738, 0.4139830210960682, 0.20743832129019424, 0.28601741049501517, 0.2788358068521388, 0.1753960187715431, 0.285725548336925, 1.0, 0.1640706363385731, 0.13594275982533366, 0.25827583481223626, 0.2127854748087854, 0.2054872613749088, 0.4545063935297018, 0.022053190378191756, 0.3417732729715228, 0.4015984460791071, 0.3554976538116934, 0.1462498668832416, 0.4229832371049167, 0.3369408603218238, 0.15578730930468443, 0.4180814820847595, 0.29119365435511957, 0.21687037351221328, 0.31241768127120384, 0.33973289841125864, 0.05105845030078471, 0.15759476641743675, 0.4156985767978174, 0.12216436542567577, 0.3175244952215057, 0.11480889445200582, 0.2235497971120447, 0.5296406576488633, 0.16757843271167017, 0.13245453225309856, 0.156850343450185, 0.5130645690696641, 0.17761808670315282, 0.2728778775613194, 0.13638244204611283, 0.28775231042796057], [0.2129036497795197, 0.17551752624923356, 0.23253665700670778, 0.27319498519271623, 0.23377229780802278, 0.18350994485529337, 0.3757190007539448, 0.24100999960210845, 0.20673837536705308, 0.15709683634808447, 0.1927768105229415, 0.33303966357976755, 0.24507201408096635, 0.14593163330678627, 0.09760023260534234, 0.32876983756310707, 0.13006400731158907, 0.2976841925569014, 0.3264581887217045, 0.23400360099784934, 0.21307722911699378, 0.18195360159171003, 0.23280977395598135, 0.15841034628514694, 0.1640706363385731, 1.0, 0.24289167448004223, 0.17668173419420452, 0.17724173736452087, 0.2155418505449107, 0.17726832224388311, 0.10827878760649257, 0.2935949695796505, 0.26797518452821234, 0.2631328822098531, 0.3708118260364175, 0.3649624321162147, 0.3821197056993666, 0.13917855269222368, 0.30453147468087716, 0.311044551697917, 0.2410722863463881, 0.21302990563033697, 0.33502436190926654, 0.10225954637855539, 0.18641752767785535, 0.27807601562339057, 0.07372513491428367, 0.369411392541508, 0.09501641480403755, 0.17422026715012917, 0.3695049935541499, 0.12549297892849987, 0.21559926929003925, 0.12482314919579618, 0.33009525207812973, 0.1656976834069096, 0.2813010220692512, 0.253586336092976, 0.18148456318758988], [0.20191739682096166, 0.22774484799373285, 0.26879411937368647, 0.1863878864596713, 0.35966844260440856, 0.16083778877917376, 0.3006074727775945, 0.12795103329529345, 0.20922736798885133, 0.286395053196315, 0.2759659992314749, 0.18025412546003916, 0.18578920043448688, 0.14731888200092325, 0.127140442374852, 0.11682975942679175, 0.13005088573551626, 0.22274783747491966, 0.15712489300472865, 0.16522503327602422, 0.20949799622279075, 0.21818976652853828, 0.24932700239580718, 0.13910119835997747, 0.13594275982533366, 0.24289167448004223, 1.0, 0.2214558140929348, 0.31623755377973595, 0.21672070771085383, 0.15675535480196368, 0.1920133326432043, 0.17408747257740642, 0.269892461950193, 0.2768110150762497, 0.12173727691639058, 0.34875375829764277, 0.3090945968856633, 0.2475379752288347, 0.2773118236924087, 0.18741066145333907, 0.22469627491943478, 0.2501547846732126, 0.2234084938194133, 0.07180289859021094, 0.1608244397261438, 0.2643388288196109, 0.12039638320111767, 0.20292335933590167, 0.13204466950251947, 0.22358762196799975, 0.37147703396901766, 0.14692271717932237, 0.13850487246780552, 0.13599540210536543, 0.3664633314669614, 0.13657548450145696, 0.17593858687050923, 0.06847855868947617, 0.15840986297024395], [0.15428908338562475, 0.25588105120012783, 0.24814233002370345, 0.25051877584337223, 0.26294312469031167, 0.3251811134827113, 0.24199918155394018, 0.22759181117493132, 0.1953222613403819, 0.18112480065714465, 0.18007979649747208, 0.3885872546761384, 0.2287750394055721, 0.2372286028108016, 0.12514875542567716, 0.2675257942587401, 0.10986137681972408, 0.1561530663723918, 0.21538336543678405, 0.18412577010580267, 0.23269386743276765, 0.17117323363364012, 0.22721768745917081, 0.18877371832914447, 0.25827583481223626, 0.17668173419420452, 0.2214558140929348, 1.0, 0.28068988272176354, 0.2366935877583617, 0.2263584781759188, 0.13780171645922334, 0.1539313927962198, 0.22477974408629053, 0.23404526240650947, 0.3427505659357921, 0.24921278003862213, 0.3360936305093327, 0.2080628828877511, 0.27245797005827566, 0.31441758710043965, 0.22476859512725444, 0.34632030315798146, 0.2602920875590585, 0.10750071478193124, 0.19766356779844063, 0.26647352254047685, 0.15331026576245355, 0.260763977654743, 0.15792925366852806, 0.19870602270793902, 0.3032532516270017, 0.15899938924548174, 0.22049140434119352, 0.15909911511079178, 0.35451332067388686, 0.10189659091263337, 0.1678461967564997, 0.16930592502129582, 0.13066551490984835], [0.32779149034596844, 0.20722293080187937, 0.35713857642124824, 0.2219951044964633, 0.20218130504252652, 0.2883414806433764, 0.329599490164483, 0.2589804580586663, 0.3224663970624384, 0.3224238526861566, 0.22664345527933982, 0.27832032125759043, 0.23841825481028256, 0.07743849113590473, 0.17537742124337663, 0.3633322394043308, 0.13909759454681359, 0.22540685389866955, 0.11801487865780391, 0.254462222757047, 0.47295850040690834, 0.2619436199302969, 0.18441358595641744, 0.30652151549326945, 0.2127854748087854, 0.17724173736452087, 0.31623755377973595, 0.28068988272176354, 1.0, 0.22893689680247942, 0.6240544861428027, 0.2176599008467306, 0.396094808475673, 0.40377972246539096, 0.40612865114728725, 0.2605661772639045, 0.39213696158927935, 0.4017801968118183, 0.09275158460826394, 0.42444609436967384, 0.3301540663476681, 0.19616163917033358, 0.3528123791572224, 0.40406989750854105, 0.1908571497499929, 0.12981821904568447, 0.38359155570212367, 0.07000386105140277, 0.4116038013125465, 0.0978183041229399, 0.4039593779547238, 0.4203525233312413, 0.09159754723604907, 0.2613086381645191, 0.13824503700628032, 0.26572062762038695, 0.19605059029762406, 0.33542952003145077, 0.34117268722932104, 0.13468813119163447], [0.25007194974478997, 0.13506947103034472, 0.23555849335309287, 0.2868139194390751, 0.2909458488566272, 0.5407264466477303, 0.39463907658034025, 0.14337516558087893, 0.23660872075532446, 0.31587210691330037, 0.2942483620376328, 0.30192517431914023, 0.505191188223212, 0.2386336916296775, 0.2280599620915259, 0.2632242219934484, 0.08211964330536214, 0.4706001135669804, 0.2682919352122579, 0.1391931919761682, 0.41998761522048145, 0.2642171399285511, 0.27330946230823217, 0.2691615239643367, 0.2054872613749088, 0.2155418505449107, 0.21672070771085383, 0.2366935877583617, 0.22893689680247942, 1.0, 0.23590460790003887, 0.32575640260266736, 0.3367271497488067, 0.33435792877561077, 0.307446012723291, 0.3515268536720112, 0.3005459691388441, 0.323355620216764, 0.20494162778556602, 0.3355225043802743, 0.2397199493419936, 0.3773294924892141, 0.21223621635545797, 0.41608753850679747, 0.13608048433452014, 0.24934488228350427, 0.31822624444274816, 0.12351536398567398, 0.24002082218276077, 0.1435352722512484, 0.37418044566854425, 0.48756916150364926, 0.06532558103260566, 0.14956940294463206, 0.118235337090566, 0.2718484849827425, 0.1473892540086652, 0.1411995730288662, 0.23012573376073253, 0.30162632154490165], [0.20790646435268434, 0.21020120761904493, 0.4920888756532378, 0.37057550539785367, 0.3735925016986086, 0.1974149843851063, 0.31706782971437497, 0.09792247996248615, 0.43020550559614956, 0.5142461910373858, 0.28558843244202925, 0.38709609848024984, 0.3944348229035609, 0.1127862559716436, 0.1927528704248036, 0.5263180888765897, 0.07211691003555631, 0.31781813561721384, 0.22768546111740895, 0.2681944052726424, 0.4038505316743637, 0.3383562051204698, 0.3537127148154855, 0.26166206476462317, 0.4545063935297018, 0.17726832224388311, 0.15675535480196368, 0.2263584781759188, 0.6240544861428027, 0.23590460790003887, 1.0, -0.02903881373031969, 0.39036768821651924, 0.6464037503504287, 0.5524057653341271, 0.23784702559170612, 0.5359171997100185, 0.4666745839317792, 0.4120078227912567, 0.5150852801338662, 0.4627176242530968, 0.19235612876009234, 0.4994478776833864, 0.49097551734202516, 0.18044156185977767, 0.24429335882664716, 0.5791194928744738, 0.22073422490504158, 0.4370027119762039, 0.17506055359986705, 0.20546038154872015, 0.5768032113418357, 0.26862974694708797, 0.10900942051121487, 0.26672415073558, 0.21818039077803064, 0.14257002146351594, 0.18937043467169334, 0.1453228336265403, 0.24799277047745905], [0.11895444740218342, 0.26260393879793864, 0.305309399879239, 0.2801309083181165, 0.3259705629170584, 0.4275830573066569, 0.44395759274019775, 0.28349902780124714, 0.20744945043132934, 0.40376063588512023, 0.000593896741526545, 0.052927868947386214, 0.3708788735036175, 0.4227541716049983, 0.060762161532554204, 0.3318301422802905, -0.022680949196044242, 0.5410823559211948, 0.07256596388106051, -0.009239978479158584, 0.5653180427867214, 0.16903167637456673, 0.16955672967363078, 0.12178718987062453, 0.022053190378191756, 0.10827878760649257, 0.1920133326432043, 0.13780171645922334, 0.2176599008467306, 0.32575640260266736, -0.02903881373031969, 1.0, 0.0641531480444767, 0.2923553958474572, 0.284069103517809, 0.24683274183230386, 0.2995765396152451, 0.26026123331610207, -0.19991587998793148, 0.2758489015273966, 0.442070179945089, -0.014193266259911352, 0.3236402450152682, 0.34458953403428205, -0.011524766223288907, -0.006223224949888584, 0.27933222081012365, 0.003224513713808941, 0.4621346330538907, -0.02215392972476482, -0.008665518048098342, 0.28479169937672344, 0.02124677866523783, 0.05486178570177802, 0.009885531280317106, 0.21927201246056094, 0.00333997730872837, 0.09328761583237055, 0.018271856330158376, -0.08457521622100272], [0.19232823867592308, 0.24165503322596105, 0.4202845251085585, 0.22359693229645128, 0.304057834313593, 0.15760158602377639, 0.4502118692509741, 0.6208343149208708, 0.34922237353616314, 0.33903003016395805, 0.28772947286011186, 0.3356566167634336, 0.4498876452191435, 0.19954077264541936, 0.14647718317747804, 0.41284270505452314, 0.16965264158488158, 0.3494425472975844, 0.5242251964325838, 0.1454211345815486, 0.3060075657141499, 0.2625032851300091, 0.2908583614551734, 0.2660592537319959, 0.3417732729715228, 0.2935949695796505, 0.17408747257740642, 0.1539313927962198, 0.396094808475673, 0.3367271497488067, 0.39036768821651924, 0.0641531480444767, 1.0, 0.4542305194513283, 0.5315058795649904, 0.2633164483102288, 0.49860908466073806, 0.5450304518141861, 0.23955476589467417, 0.5428356053716041, 0.3189634041954823, 0.2773007266810483, 0.4010435038856568, 0.48081268491503826, 0.1315004174736748, 0.07459663682660056, 0.4344760810455186, 0.16059766619263516, 0.15085114554183876, 0.17601666899932222, 0.2990156606552534, 0.5070358001366853, 0.21538610510348333, 0.14080995026564502, 0.17622691963