"[[0.0016369093907026575, 0.0015432589781835175, 0.03210422174912174, 0.964715609881992], [0.0016391068499729455, 0.0015524798652259153, 0.029981369183914107, 0.966827044100887], [0.0018104575920907264, 0.001726028444336763, 0.0017408143898886201, 0.9947226995736839], [0.0017615121646407431, 0.001700465119890295, 0.0016620221980549116, 0.994876000517414], [0.0017628063849077927, 0.001754189601423098, 0.001667063186168944, 0.9948159408275001], [0.0015784841775755582, 0.001511785734315083, 0.017394444113107862, 0.9795152859750015], [0.0018961897498843794, 0.0018346382179254743, 0.010724244991543909, 0.9855449270406461], [0.001607290612855893, 0.0015415583623316414, 0.027679308086610403, 0.969171842938202], [0.0018194238374027955, 0.0016762196536195411, 0.0017000674596062443, 0.9948042890493715], [0.0017824796017288631, 0.001731311487954461, 0.0016858411367526118, 0.994800367773564], [0.0017617937325507722, 0.0016331331579528502, 0.02657966192534415, 0.9700254111841522], [0.0017276935875857866, 0.0016297243894844503, 0.05045406759174177, 0.9461885144311879], [0.0017577728856122902, 0.0018128203007533902, 0.0017022747888950245, 0.9947271320247392], [0.0016203560892161354, 0.0015957205704855675, 0.001593410088807554, 0.9951905132514908], [0.001390739026881249, 0.0013714681999765599, 0.26724529943978204, 0.7299924933333602], [0.0018058961017828575, 0.0017778112633325014, 0.0016948782758351294, 0.9947214143590495], [0.001299917229075232, 0.126072215405684, 0.0012812071689408608, 0.8713466601962999], [0.0016903519181396146, 0.0018084986805632067, 0.0016519368568164135, 0.9948492125444807], [0.001703956534759511, 0.0016497742224557438, 0.0016237713866171048, 0.9950224978561677], [0.0015430576784494522, 0.0014990054889993465, 0.06302245480085178, 0.9339354820316995], [0.0018517243709644186, 0.0018624675893832918, 0.0017273811757416637, 0.9945584268639106], [0.0014804942232444218, 0.001455687808932965, 0.0014339607432356737, 0.995629857224587], [0.001535838765427604, 0.01190367613144105, 0.059124599562850585, 0.9274358855402808], [0.0015999689451450048, 0.0015578944052272235, 0.0015494071219576916, 0.99529272952767], [0.0015301422227021071, 0.0014659155670406706, 0.0014496010865869752, 0.9955543411236703], [0.00153772268976829, 0.0014720268022796173, 0.034394303788658355, 0.9625959467192937], [0.0014057658537208184, 0.0013639754812040236, 0.15495309777829186, 0.8422771608867833], [0.0015436195614428917, 0.0014968912372764094, 0.04808864622890876, 0.9488708429723719], [0.0016176389975616299, 0.0015549305375855333, 0.042024931131983405, 0.9548024993328694], [0.0016570891428118709, 0.0015605675809740596, 0.09187399123391869, 0.9049083520422954], [0.001615035846061414, 0.0016003366146645917, 0.0015754437638461703, 0.9952091837754279], [0.991949386124533, 0.002697353455398508, 0.002709266552958081, 0.0026439938671102745], [0.9920920204187471, 0.002654396943636447, 0.0026583825563061244, 0.0025952000813103614], [0.9919207040769931, 0.0027054834450393702, 0.002721855290733689, 0.002651957187233803], [0.9919695280551014, 0.002704205361246583, 0.002699422840849972, 0.0026268437428021104], [0.9920464827674698, 0.0026621254765196627, 0.002676576107945391, 0.002614815648065093], [0.9918231839772342, 0.002733621384697107, 0.0027561715311954357, 0.0026870231068732583], [0.9920432882626289, 0.0026741998230976264, 0.002665061247042302, 0.0026174506672312454], [0.992110373444733, 0.0026423118136171524, 0.00265121611458812, 0.0025960986270616706], [0.9920345817090455, 0.002666117715691025, 0.002684017817810014, 0.0026152827574535344], [0.9919538883539977, 0.002694628290218587, 0.002705719133172281, 0.002645764222611329], [0.9919553960290772, 0.002699724347497116, 0.002688771213033537, 0.0026561084103921117], [0.9917524061285825, 0.0027663213744081147, 0.002754272476530211, 0.002727000020479102], [0.9917058090263287, 0.002778261797929686, 0.002760364079372524, 0.00275556509636898], [0.9918293686724363, 0.0027432741197775203, 0.0027251300017912612, 0.0027022272059950285], [0.9919328951191138, 0.0026944829735212616, 0.0027026483708171845, 0.0026699735365478578], [0.9917991268134453, 0.002748879109665954, 0.00274479177889373, 0.002707202297994983], [0.9918278455467467, 0.002746199677312681, 0.002725049595246807, 0.002700905180693806], [0.991816074087189, 0.0027354173430450637, 0.0027264451797116293, 0.0027220633900544547], [0.9917540988426538, 0.00276938452193565, 0.002752465426757507, 0.002724051208653145], [0.9920349843914149, 0.002674340205247253, 0.0026607578630596248, 0.002629917540278348], [0.001671799493146783, 0.0016657402845999415, 0.0016157134620498944, 0.9950467467602034], [0.0017229901721953818, 0.0016748182299039258, 0.001658133612017085, 0.9949440579858837], [0.0017839218075618305, 0.0018091196033801836, 0.001732239877283957, 0.9946747187117742], [0.001676394409667155, 0.0016390503898888761, 0.001600850926244701, 0.9950837042741992], [0.0018221406426978167, 0.0017689302233098554, 0.0442760711536332, 0.9521328579803592], [0.0016557080107234147, 0.0015951364025810911, 0.050782581507745776, 0.9459665740789498], [0.0017816108716231015, 0.0017463452578108743, 0.001698607049020057, 0.994773436821546], [0.0017841016946852871, 0.0017450852754451024, 0.0016890234646231039, 0.9947817895652465], [0.0017058487646556646, 0.0017268185864818255, 0.0016404719420901907, 0.9949268607067724], [0.001737446165267376, 0.0016982779896347574, 0.0016513288506072156, 0.9949129469944907], [0.0016732317464140166, 0.0016470456032079168, 0.00162566633068389, 0.9950540563196942], [0.0016925752253482342, 0.0016637835068207137, 0.0016239955870942459, 0.9950196456807368], [0.0017052438207268, 0.0017415503424914871, 0.0016559679512461606, 0.9948972378855355], [0.0017015800984364073, 0.0016594152937780056, 0.0016210519407490577, 0.9950179526670365], [0.0017093650329651083, 0.0016657489476842027, 0.06542753540348892, 0.9311973506158618], [0.0017053007358508803, 0.0016814064302449769, 0.001629414869402295, 0.9949838779645018], [0.001555935093718106, 0.0015132498091444116, 0.10346581712736784, 0.8934649979697695], [0.0015358352085695823, 0.0015667699844835537, 0.0014889605878552579, 0.9954084342190915], [0.0018053275085511712, 0.0017525801453522603, 0.0017203495470261877, 0.9947217427990703], [0.0017447813623538224, 0.0017409890867547233, 0.0016736837462307632, 0.9948405458046607], [0.0017168963930345761, 0.0017423259276248165, 0.0016710225642024687, 0.9948697551151382], [0.0016919262088907622, 0.0016926171788480106, 0.0016572278986943432, 0.994958228713567], [0.0015249397102883393, 0.0016011961992479632, 0.0014929981468335515, 0.9953808659436302], [0.001412149424521294, 0.0829423903735492, 0.0013763375914653305, 0.9142691226104642], [0.0015905824038674834, 0.0729117403026326, 0.001573796895453015, 0.923923880398047], [0.0017741574356551016, 0.0017112185192230676, 0.11421519222724928, 0.8822994318178725], [0.0016292998803725282, 0.039526364141406416, 0.0016028378356841351, 0.9572414981425369], [0.0016563514431480236, 0.04020827660010245, 0.0016375536785742952, 0.9564978182781753], [0.0018144366691116838, 0.0017453127877248135, 0.034909475378565785, 0.9615307751645978], [0.001626628639885351, 0.0017329410292391465, 0.0015452729208134224, 0.995095157410062], [0.0015593717645806398, 0.0016207478381477715, 0.0015184026216630972, 0.9953014777756084], [0.9902462422020718, 0.003310026712138088, 0.0032082255992681103, 0.003235505486521917], [0.9901617001160042, 0.003337871185944704, 0.003238341853833149, 0.0032620868442179702], [0.9902406737658014, 0.0033063487871795947, 0.003213256144037355, 0.0032397213029815436], [0.990278369283242, 0.0033013875640506493, 0.0031959237493107582, 0.0032243194033965287], [0.9900535642222043, 0.0033703482595117667, 0.0032662993479372687, 0.00330978817034671], [0.9902529273736694, 0.003296948297326205, 0.0032180946616010993, 0.003232029667403543], [0.9899308188163015, 0.0034169346882350154, 0.003313691809144242, 0.0033385546863192316], [0.9898950589124372, 0.0034298978752816756, 0.0033256684193364887, 0.003349374792944525], [0.9901177486325381, 0.0033546028392851465, 0.003246470281492992, 0.003281178246683815], [0.9901223441034288, 0.003341791195202412, 0.0032483216506753896, 0.003287543050693469], [0.9907676737051934, 0.003125882076397457, 0.00304650682544281, 0.003059937392966399], [0.9908560661324207, 0.003107898638748291, 0.003010661626039434, 0.003025373602791728], [0.9907839119954446, 0.0031302539082137676, 0.003033198003159639, 0.003052636093181849], [0.9906222701222154, 0.0031775399091271664, 0.00309243842594826, 0.003107751542709118], [0.9906253354363859, 0.003194220663874406, 0.0030847337095544973, 0.0030957101901850953], [0.9910402188956494, 0.003034862200298565, 0.002951627960383113, 0.002973290943668918], [0.9907159341446075, 0.0031345075058189123, 0.0030795124619434748, 0.003070045887630097], [0.9906568636019103, 0.0031969900371119526, 0.0030656131714484726, 0.0030805331895293318], [0.9907693213916416, 0.0031348247640821942, 0.0030420806977960813, 0.003053773146479942], [0.9908305740892462, 0.0031083047071662697, 0.003021445940085884, 0.0030396752635016757], [0.7800775774955958, 0.21341330755550963, 0.0032320051792703646, 0.0032771097696241997], [0.7773165346556893, 0.2161543106288001, 0.0032478645971500235, 0.003281290118360439], [0.7907732430555388, 0.20268379557222385, 0.003245247554891285, 0.0032977138173461797], [0.782063964382607, 0.2114434284555013, 0.0032203646750111367, 0.0032722424868806338], [0.7703957468923983, 0.2231120003498555, 0.0032170074754287697, 0.003275245282317363], [0.7746168796596048, 0.21885177780283716, 0.0032373704082065803, 0.003293972129351549], [0.7787723136151614, 0.21473756479693978, 0.0032222804112471003, 0.003267841176651731], [0.7805298372261805, 0.21299634856332164, 0.0032272979927014675, 0.0032465162177963453], [0.7812953572758884, 0.21217311518131524, 0.0032444498207136164, 0.0032870777220826695], [0.7831597832577296, 0.2104072787347824, 0.003192814640463663, 0.0032401233670241946], [0.001637359935136969, 0.0015722723241088225, 0.04329644215943211, 0.9534939255813221], [0.0018240269655024832, 0.0017522879058411004, 0.0016877312851063025, 0.9947359538435502], [0.0017307976853203112, 0.0017445074104587381, 0.0016576795568946146, 0.9948670153473264], [0.001717350755928045, 0.0017673701445023123, 0.0016459108123381598, 0.9948693682872315], [0.001748374680028209, 0.001727365616049399, 0.0016967012992866878, 0.9948275584046358], [0.0017260814778001757, 0.0018433810828377092, 0.0016702928139940118, 0.9947602446253682], [0.0018326380496661331, 0.00177908999393582, 0.0017362015315988387, 0.9946520704247992], [0.001738488352554785, 0.001661692242747614, 0.0018639792155991837, 0.9947358401890984], [0.0018173018563037444, 0.001768266872461312, 0.0017812922559787775, 0.9946331390152562], [0.0017740499794605346, 0.001726862191691415, 0.0016789782360276929, 0.9948201095928204], [0.0017623437995269926, 0.0018267247143121685, 0.0017075193586805482, 0.9947034121274803], [0.0016083484510076146, 0.0015421997700554352, 0.017558576079289394, 0.9792908756996476], [0.0017654872068818919, 0.0017183625076543569, 0.001697288027372662, 0.9948188622580911], [0.0014888296163260285, 0.0015477116227025141, 0.0014437915377293912, 0.995519667223242], [0.001647110586827552, 0.001606967279162557, 0.03249191844157235, 0.9642540036924375], [0.0017587660492354078, 0.0017109115211264895, 0.0016696377422444435, 0.9948606846873936], [0.0017065874854515248, 0.0016698975167446606, 0.0016319401720418282, 0.9949915748257621], [0.0016599927370584818, 0.0016157927251233245, 0.03026490513681259, 0.9664593094010056], [0.0016521327468986408, 0.001590841196640291, 0.0015834878537341027, 0.9951735382027269], [0.0018175144126818554, 0.001764598297091981, 0.0017286778342542504, 0.994689209455972], [0.0018628859062333285, 0.0017881238407088632, 0.009862044909571214, 0.9864869453434866], [0.0018125390801679725, 0.0017189634738467205, 0.06579094501696077, 0.9306775524290245], [0.0018003471285245882, 0.00167925650261457, 0.06661812128470128, 0.9299022750841597], [0.0017775304409994974, 0.0016701616898336853, 0.001655858877417984, 0.9948964489917489], [0.0015103424367116547, 0.001621674143630961, 0.0014828397814144864, 0.9953851436382429], [0.0016771251381210185, 0.0016002141409017794, 0.027955448120565652, 0.9687672126004115], [0.0015572027902542808, 0.11380758190131635, 0.0015124611107550944, 0.8831227541976742], [0.0015003649665217206, 0.09183803786350152, 0.0014780646476418406, 0.905183532522335], [0.0018064516500413607, 0.0017434608934049532, 0.04949840956367243, 0.9469516778928813], [0.001837767436139604, 0.00178580734865551, 0.0017196541244422082, 0.9946567710907628], [0.001601196623032015, 0.034612224233900736, 0.001536276677201346, 0.962250302465866], [0.9918929303525061, 0.002697699933889233, 0.0026873142275758827, 0.002722055486028706], [0.9919023765651519, 0.002720497815668118, 0.0026948213220176448, 0.0026823042971622483], [0.9918758934986331, 0.0027289096975395464, 0.002709008420933687, 0.002686188382893638], [0.9918352183791379, 0.002737365999817044, 0.002730795219513932, 0.0026966204015310986], [0.9917663773740965, 0.002756802588283754, 0.0027438985882465307, 0.00273292144937327], [0.9919234392693601, 0.0027039476935872774, 0.002682967533985012, 0.0026896455030676137], [0.9918786156132424, 0.0027294209993761133, 0.00270686017144693, 0.0026851032159345666], [0.9916953867697149, 0.0027850953519177758, 0.002773991762792406, 0.002745526115575028], [0.9919497978437115, 0.0027015106874718506, 0.00268597547121478, 0.0026627159976019043], [0.9917531089193717, 0.002771539031290381, 0.002746252213129504, 0.0027290998362083266], [0.9326638186632921, 0.003531046892225722, 0.0602927959558202, 0.003512338488661974], [0.9417576560642488, 0.0036460175500788723, 0.05088483286942103, 0.0037114935162514172], [0.9321336585255263, 0.0036185009106485914, 0.06061545286430453, 0.0036323876995205317], [0.9330564342787818, 0.0035389326911558954, 0.05951436948166334, 0.003890263548399082], [0.9391487613881728, 0.0035861334253211017, 0.05351277158331966, 0.0037523336031864258], [0.9344725921383095, 0.003654432466871797, 0.0582137173003475, 0.003659258094471284], [0.9313338162348069, 0.0035873383926992328, 0.061349825522201494, 0.0037290198502924225], [0.935309440880167, 0.0035866935732162338, 0.05747556304412601, 0.003628302502490789], [0.9324749859616144, 0.003563316855977654, 0.06006993286134082, 0.0038917643210671783], [0.9367568379850613, 0.0035344124063341623, 0.055978747164121205, 0.003730002444483318], [0.991451475040977, 0.002855443082657617, 0.0028605108755201687, 0.00283257100084515], [0.991342822952872, 0.0028925804511588968, 0.002894061177479419, 0.0028705354184896917], [0.9914660879726162, 0.0028533775482680254, 0.00284878637089828, 0.0028317481082176226], [0.9915820491422136, 0.0028160121189304303, 0.0028137542907215422, 0.0027881844481344033], [0.9915852759458157, 0.002803882503231377, 0.002803277515985579, 0.0028075640349674463], [0.9914790346324235, 0.002822806881825258, 0.0029114505358316996, 0.0027867079499195287], [0.9911985209207008, 0.0028582746341589654, 0.00310966912807858, 0.002833535317061648], [0.9914887208394367, 0.00284400583199935, 0.002852237659605838, 0.002815035668958129], [0.9916294332696558, 0.0027933322248589526, 0.002809616775993579, 0.002767617729491631], [0.9915178004508449, 0.002840139793129719, 0.0028272435893475878, 0.0028148161666778177], [0.9902284297528978, 0.003300450886423047, 0.003216591720878079, 0.003254527639800885], [0.9900348514669025, 0.0033610902453026763, 0.0032709343626779602, 0.003333123925117044], [0.9900428688782461, 0.003368598180505419, 0.003279748625958837, 0.00330878431528985], [0.9901586220872298, 0.0033292389297998925, 0.003238835218196498, 0.0032733037647737317], [0.9902407624345972, 0.003298761416848629, 0.0032162591667515136, 0.0032442169818027223], [0.9901109600799916, 0.003337308906557907, 0.0032424704577745196, 0.0033092605556761076], [0.9900142902526395, 0.003367396113582944, 0.0032923337895788825, 0.0033259798441986664], [0.9899367233447178, 0.003399858431763359, 0.003315347247412548, 0.0033480709761063926], [0.9900671611924854, 0.003360925613860904, 0.003269933955162877, 0.0033019792384909965], [0.9902283812448878, 0.0032851975475280916, 0.003198475624012206, 0.003287945583572062], [0.9894787380596916, 0.003550004631763537, 0.003456780385035853, 0.0035144769235090742], [0.9895394973350167, 0.003489568426747606, 0.003432790056545269, 0.0035381441816904717], [0.9892511853845725, 0.003604210834883497, 0.0035765531806793717, 0.0035680505998648354], [0.9894144473672581, 0.0035119566541962958, 0.0034892282199623565, 0.0035843677585832867], [0.9894483348557871, 0.003556655381831562, 0.0034692379061932845, 0.0035257718561881833], [0.9896028642994874, 0.0035154876760088603, 0.003410421298834865, 0.003471226725668928], [0.9895777449221637, 0.003517833339918799, 0.0034230982914479464, 0.0034813234464697064], [0.9893870477123599, 0.0035849330848233634, 0.003491220252599027, 0.0035367989502178947], [0.9873514555099325, 0.003503108784940332, 0.0034112156751257344, 0.0057342200300014015], [0.9893765762970793, 0.0035212027905652844, 0.0034258699475294137, 0.0036763509648258335], [0.9918924816829114, 0.002703313787730436, 0.0027191284806616684, 0.002685076048696344], [0.9918944109930022, 0.002708534121928085, 0.002705731331967449, 0.002691323553102142], [0.9920699089870993, 0.0026537269931924466, 0.0026554513898497108, 0.0026209126298586023], [0.9919743871726677, 0.0026885132078796033, 0.0026864535102201423, 0.002650646109232382], [0.9918822530740133, 0.0027137582336323844, 0.0027256690381301254, 0.002678319654224163], [0.9920540280335935, 0.0026554840424954746, 0.002675034213747566, 0.0026154537101634847], [0.9919798828596156, 0.0026558398979143116, 0.0026581368032921634, 0.002706140439177908], [0.9919938120633599, 0.002665986714162672, 0.00269265511962835, 0.0026475461028490515], [0.992156155860838, 0.0026244107629582888, 0.0026171599503851594, 0.0026022734258185636], [0.9920024029643906, 0.0026789068280965085, 0.002671585709602791, 0.0026471044979101636], [0.991828774522279, 0.002704669575292721, 0.002745448589364733, 0.0027211073130635134], [0.9916914497595942, 0.0027688589402930694, 0.002757981670250187, 0.00278170962986257], [0.9919201422999064, 0.002692906230664673, 0.0026813098494762057, 0.0027056416199526395], [0.9918022487910291, 0.002726132297220008, 0.0027223854637064056, 0.0027492334480445466], [0.9916913680614936, 0.0027694402022644276, 0.002760877776952488, 0.002778313959289441], [0.9917035492467224, 0.002762591620456976, 0.0027616699412186148, 0.0027721891916019197], [0.9917649910634081, 0.002733320987655395, 0.002752157352336009, 0.0027495305966004874], [0.9916554854004442, 0.0027847472845183557, 0.0027820417312202565, 0.00277772558381715], [0.9917596137713265, 0.0027314914838702186, 0.0027349806341867397, 0.002773914110616547], [0.9918164874894229, 0.0027248649323197136, 0.0027147873262846484, 0.0027438602519727776], [0.7129684580920227, 0.28035798557346997, 0.0032618962494858853, 0.0034116600850213705], [0.7102855623922836, 0.2829999704142933, 0.00325197655580599, 0.0034624906376170403], [0.704081804489076, 0.28919855542977135, 0.0032732861803980635, 0.0034463539007546992], [0.7196439919057643, 0.2735622065112357, 0.0032956532982536184, 0.0034981482847464235], [0.695039634242769, 0.29810000285955973, 0.0033044131809757907, 0.0035559497166955476], [0.7020899460134206, 0.2911789430344184, 0.003310480634983795, 0.0034206303171772996], [0.7094098662357943, 0.2838046488530867, 0.0032772954026188414, 0.0035081895085002078], [0.710922518479249, 0.2824754995896316, 0.003226999085283599, 0.003374982845835856], [0.7002170481931892, 0.29307377856821043, 0.0032803669952579124, 0.003428806243342383], [0.6881356084332325, 0.3051878011043365, 0.0032750414113800396, 0.0034015490510508678], [0.9912118052426575, 0.0029658058706788443, 0.0029198572089459726, 0.0029025316777178335], [0.9911309058932005, 0.0029952514774577214, 0.002955654332831456, 0.002918188296510323], [0.9911442754877166, 0.0029931695331735773, 0.0029346998543668635, 0.002927855124742883], [0.9912529212982221, 0.002937970744462866, 0.0029329866294153994, 0.002876121327899587], [0.9912020309943516, 0.0029756693657115784, 0.0029389198478875045, 0.0028833797920493755], [0.9911721334546842, 0.002942823350480162, 0.0030237039265694553, 0.0028613392682661086], [0.9913642395408737, 0.0029254266031354054, 0.0028547994860033373, 0.0028555343699876506], [0.9909994291271774, 0.0030452411849892424, 0.002979842006626129, 0.0029754876812073594], [0.9914539128136124, 0.0029176758687706125, 0.0028172892517842945, 0.0028111220658327695], [0.9911686064152335, 0.0029910872646084644, 0.002920680260015198, 0.0029196260601428575], [0.3480211335527994, 0.002166781212407493, 0.6476965461595934, 0.002115539075199732], [0.3522585263941126, 0.0021466187232950947, 0.6434988390979233, 0.002096015784669067], [0.3684077125885277, 0.0021622992235508817, 0.6273130692654417, 0.0021169189224796454], [0.347109615379287, 0.0021431159803258206, 0.6486461114567981, 0.002101157183589056], [0.32292237885091446, 0.0020864728258060358, 0.6729581951271815, 0.0020329531960980272], [0.3509086054749318, 0.0021223643634528423, 0.6448898216382176, 0.002079208523397836], [0.36796929884315394, 0.002094076264325463, 0.6278822230126412, 0.002054401879879404], [0.3262338956847678, 0.0021498921822847425, 0.6695197502804959, 0.002096461852451449], [0.3700585824019877, 0.0020939390290105366, 0.6257937326677989, 0.0020537459012028966], [0.300057492776517, 0.0021018170734726613, 0.6957884886721802, 0.002052201477830221], [0.7918162788963838, 0.20134147979934736, 0.0030739542008737537, 0.003768287103395023], [0.7890915818314871, 0.2042951415296651, 0.00317304176711012, 0.0034402348717376494], [0.7632836455133998, 0.2059406601067863, 0.0031002153443803345, 0.0276754790354336], [0.751158393788937, 0.21240496248165272, 0.003040696878089438, 0.033395946851320864], [0.7728067705069578, 0.20583995256196985, 0.003112245289757916, 0.018241031641314284], [0.7840879403757828, 0.20856770977317832, 0.00319238251403332, 0.004151967337005567], [0.771382312419164, 0.2081450338975815, 0.0031071083997040753, 0.017365545283550457], [0.7829078536655708, 0.2104207115239247, 0.0031455760923903026, 0.003525858718114125], [0.8038941786643559, 0.18944403499670637, 0.0030689170051449127, 0.0035928693337927476], [0.7808252504446083, 0.21105549747023938, 0.0031285402819304178, 0.0049907118032217574], [0.2540647403931247, 0.7420426931394994, 0.0019486785557677653, 0.0019438879116081525], [0.19340703789411798, 0.802717598609169, 0.0019413636099545398, 0.0019339998867585893], [0.18608011030672972, 0.8101020986983006, 0.0019123879064515082, 0.0019054030885178662], [0.1687277964330729, 0.8275001900859189, 0.0018885721275605108, 0.0018834413534475844], [0.18245960244550236, 0.8136073418927696, 0.001971106902279886, 0.0019619487594481257], [0.17906056011120194, 0.8169652109740395, 0.0019869286120511196, 0.0019873003027073496], [0.20323235350800883, 0.7918476433439792, 0.001935579909190755, 0.0029844232388213784], [0.22626024967826922, 0.7698885952678588, 0.0019285535711323213, 0.0019226014827397144], [0.20363708256450633, 0.7924296597110656, 0.001971189822076927, 0.0019620679023509492], [0.13332321757342705, 0.8628037026836056, 0.001938848412404248, 0.0019342313305628594], [0.8061956537349063, 0.18744776049091535, 0.003137735307943271, 0.003218850466234964], [0.8167578336123091, 0.17695271214373215, 0.003102556777951923, 0.0031868974660068617], [0.815177496310183, 0.17851792558063745, 0.003120301974520253, 0.0031842761346593624], [0.8076637700989518, 0.18591698675883203, 0.0031697529642700836, 0.003249490177945934], [0.8238545110072286, 0.16981069648021646, 0.0031251141609180046, 0.003209678351636868], [0.8141289793402796, 0.1795185416079483, 0.003134495546105164, 0.003217983505666865], [0.8102372111906051, 0.18340449590779265, 0.0031443494856298556, 0.003213943415972478], [0.8115222707984665, 0.182122939789205, 0.003131926312288498, 0.003222863100040022], [0.8264590848441065, 0.16715708766360457, 0.0031494406914034084, 0.0032343868008856648], [0.8126847198904841, 0.18098717300500175, 0.0031270103920311974, 0.0032010967124828497], [0.990998899971655, 0.003036837911834071, 0.002999644300861705, 0.0029646178156493125], [0.9907667548299255, 0.003122093455976629, 0.0030581575852622954, 0.003052994128835583], [0.9907583286686132, 0.0031293722736888876, 0.0030564918288480216, 0.0030558072288497007], [0.9905102457547267, 0.003214207471878785, 0.0031361119481187485, 0.0031394348252758077], [0.9909266095160479, 0.0030779416047624387, 0.0029949103645174036, 0.003000538514672166], [0.9909471689821229, 0.003036341145757509, 0.0029764047549808155, 0.003040085117138765], [0.9906852212936386, 0.003154262184922008, 0.0030799414012570026, 0.0030805751201824763], [0.9909046030709185, 0.003071043653352598, 0.003022026725412705, 0.003002326550316218], [0.9906536757236017, 0.0031710373104073737, 0.0030871343161072576, 0.0030881526498836606], [0.9909821064715962, 0.003051154746849138, 0.0029791482094142633, 0.002987590572140417], [0.9037974145224793, 0.08021593588753592, 0.013553477423190501, 0.0024331721667942576], [0.9115822394990245, 0.07209575165335368, 0.013930210500221286, 0.0023917983474005936], [0.8797051022193316, 0.11527249960945857, 0.0026346402657992257, 0.0023877579054105763], [0.9072385185651881, 0.06661951000329827, 0.0237460593847484, 0.0023959120467652263], [0.8967294764501796, 0.09807023160671521, 0.0027781906330051564, 0.002422101310100021], [0.8591471056513281, 0.13574773483109917, 0.002679025155647109, 0.0024261343619255346], [0.8828010331326434, 0.11213601723565485, 0.002662261515882158, 0.002400688115819607], [0.8802370962673078, 0.08416454344282487, 0.0332033192204365, 0.0023950410694307486], [0.8869746402190553, 0.08743689417765373, 0.023127984631880583, 0.002460480971410408], [0.8464137600284475, 0.14849902633912157, 0.0026733891050643756, 0.00241382452736645], [0.6482089258148865, 0.345581295243918, 0.0030768892257477514, 0.0031328897154477868], [0.6509735399664719, 0.34287974652402897, 0.003063011700542562, 0.003083701808956555], [0.6581492806823293, 0.3355355517404616, 0.0032388305987104075, 0.0030763369784987302], [0.6605696812522168, 0.33332362224664347, 0.0030169707258034927, 0.0030897257753361197], [0.6609892799225071, 0.3329411000752492, 0.0029988381179045075, 0.0030707818843391825], [0.6364831543471431, 0.35745979350652235, 0.003006692654272283, 0.003050359492062307], [0.6584443320634519, 0.3354667168813133, 0.0030440711920922897, 0.003044879863142538], [0.6548266389959921, 0.33906235055884854, 0.0030271610865019267, 0.0030838493586573604], [0.6670257512611865, 0.3268059959874494, 0.0030846536939616626, 0.0030835990574024363], [0.6579967294006491, 0.3357900713054113, 0.0030735306647389866, 0.003139668629200537], [0.9927056734234944, 0.0024650301081608067, 0.002412440380566521, 0.0024168560877782584], [0.9923049498093179, 0.002578037905813606, 0.002599591857402984, 0.0025174204274654903], [0.9927626543547542, 0.002441641759311361, 0.0023966356196432545, 0.0023990682662912515], [0.9928609728650315, 0.002411252432819699, 0.0023771282679074294, 0.0023506464342414224], [0.992836637189292, 0.002415915419226743, 0.002376919553875939, 0.002370527837605335], [0.9927636238299579, 0.0024434633844616473, 0.002397388579050726, 0.0023955242065298184], [0.9928906470022766, 0.00240158602143057, 0.0023545589833721017, 0.0023532079929208787], [0.9927042758134514, 0.0024670426757596414, 0.0024172361791675785, 0.002411445331621115], [0.9926790989209013, 0.0024768639102072092, 0.00242634388450151, 0.0024176932843899776], [0.9925623969107755, 0.0025074980252553923, 0.0024932407519572017, 0.002436864312011924], [0.8195179518491336, 0.17531312026476092, 0.0026352767072808777, 0.0025336511788246877], [0.8227634374818832, 0.15449679224597798, 0.020187370829172904, 0.0025523994429658956], [0.805616271893529, 0.18922313544110522, 0.002664221439897557, 0.002496371225468213], [0.8222035943875629, 0.17260808702967376, 0.002670482683249772, 0.0025178358995134476], [0.7839263450729992, 0.21097404255411473, 0.00259839754740061, 0.002501214825485494], [0.8007508381814584, 0.19405020284662244, 0.002661892246124736, 0.002537066725794401], [0.8135456020621034, 0.18117745377499278, 0.0026916637473036148, 0.0025852804156002492], [0.7840592708554391, 0.21087799193818063, 0.0025876429989585, 0.0024750942074216868], [0.8150723511954072, 0.17847511051331416, 0.0038551338370575484, 0.0025974044542209397], [0.809397508922331, 0.17409872018107161, 0.014054175953846493, 0.0024495949427510086], [0.9916230910602304, 0.002849610266938459, 0.002775436138344713, 0.00275186253448636], [0.9918191287621861, 0.00278240546156276, 0.0027047541428920265, 0.0026937116333590767], [0.9918537836573634, 0.00276585175306011, 0.00269984727087956, 0.002680517318696787], [0.9918804357998403, 0.0027552236530781695, 0.002684521814759113, 0.0026798187323223603], [0.9916630464308991, 0.0028334160232849083, 0.00275677195941325, 0.002746765586402568], [0.9914750766881761, 0.00290086433173304, 0.002822035584458954, 0.0028020233956317898], [0.9918018320099315, 0.0027862018723413535, 0.002700238714248412, 0.0027117274034786647], [0.9916475754867692, 0.0028290842152813456, 0.0027711643857236115, 0.0027521759122258018], [0.9916800724801169, 0.0028223055314472584, 0.0027592494984318523, 0.0027383724900039296], [0.991757458345787, 0.002797521081688644, 0.0027353731653593067, 0.002709647407164972], [0.9922513817179596, 0.0026368445638796302, 0.0025568944722508253, 0.0025548792459099707], [0.9924302278608677, 0.0025727289828188695, 0.0024947910461621823, 0.002502252110151417], [0.992391967710031, 0.002585821237731065, 0.0025070780022754084, 0.0025151330499624614], [0.9922879168669037, 0.002623510908789323, 0.002542220635804476, 0.0025463515885025593], [0.9920537378290708, 0.0026905014411005503, 0.0026287676206265477, 0.00262699310920223], [0.9924966257667776, 0.002548462573127188, 0.0024765423588388926, 0.002478369301256407], [0.9922994891983856, 0.002607325501264122, 0.0025638005786271425, 0.0025293847217231656], [0.992240546690728, 0.002631294291210991, 0.0025623334334961474, 0.002565825584564896], [0.9922492786437702, 0.0026493715092368955, 0.002552343707019632, 0.0025490061399732035], [0.992416753664813, 0.002578113872139526, 0.0024984698334810426, 0.0025066626295663086], [0.9925286653409584, 0.002497373395522671, 0.0024924826138988418, 0.002481478649620114], [0.992602351606057, 0.0024816073306624534, 0.0024674506854941436, 0.0024485903777864224], [0.992870553058317, 0.002384834288259305, 0.002372105931295648, 0.0023725067221280404], [0.992487990540703, 0.002507136174724761, 0.002507511816656122, 0.0024973614679162023], [0.9924293725392103, 0.002538437527353111, 0.0025255206121560007, 0.0025066693212807308], [0.9926214387182954, 0.0024737316512059744, 0.002453450167023455, 0.002451379463475172], [0.9927344929460556, 0.002434704763012508, 0.002425002969933337, 0.002405799320998551], [0.9926585097990261, 0.0024538643513871286, 0.0024488707119621833, 0.0024387551376246447], [0.9925322707092855, 0.0024953221320885345, 0.0024949829856401344, 0.002477424172985792], [0.9925349729091565, 0.0024919775195461993, 0.002491767169215116, 0.0024812824020822057], [0.589305554684106, 0.0022610364097544965, 0.4062557372374954, 0.002177671668644236], [0.5687067723447768, 0.0022064722984569914, 0.42695032412449085, 0.002136431232275256], [0.5381261697312277, 0.0021264074952450354, 0.45769829388222677, 0.0020491288913003993], [0.5720813570136534, 0.002244851421584398, 0.42351144992934875, 0.0021623416354135715], [0.5109787355116975, 0.002209542962147618, 0.4846767762958231, 0.002134945230331816], [0.5733235278415324, 0.0022128452211478597, 0.42232966766234226, 0.002133959274977635], [0.576445585117952, 0.002198784119185179, 0.4192262514485682, 0.0021293793142946266], [0.5723089967832468, 0.0022210374280161927, 0.42332422383046253, 0.0021457419582745375], [0.5614097860799224, 0.002168393747098834, 0.43432781212975735, 0.002094008043221484], [0.6015223879619791, 0.002221435419176312, 0.39410180133595524, 0.0021543752828893496], [0.8552241281155764, 0.14018463159031397, 0.0023426318878473126, 0.0022486084062625176], [0.8854068898024264, 0.10994301108641764, 0.0023741427087422442, 0.0022759564024136944], [0.8634123813282111, 0.1318385476741805, 0.002461656803504593, 0.0022874141941038083], [0.8939308648002785, 0.101381889745491, 0.0023790976643924054, 0.002308147789838111], [0.8671124451122704, 0.1282167270188596, 0.002376336747551615, 0.002294491121318549], [0.8706532388727076, 0.12470412017670786, 0.002385989007787747, 0.002256651942796747], [0.8628391597762939, 0.1326036881478066, 0.002316732494497183, 0.0022404195814023174], [0.8704470994199635, 0.12484502136864996, 0.002461361648151024, 0.002246517563235582], [0.9044874459141403, 0.09082068689234876, 0.0023835725526415714, 0.0023082946408694103], [0.8975448067784355, 0.09785700079804895, 0.0023350124140068644, 0.0022631800095086595], [0.9922782116927519, 0.002609220009801127, 0.002574913143254622, 0.002537655154192371], [0.9923997764347002, 0.0025617608762117604, 0.0025464980422398487, 0.0024919646468480783], [0.9923710984040865, 0.0025914527498601455, 0.0025544295348149068, 0.002483019311238344], [0.9922505994046245, 0.002620986440439491, 0.002599016911942638, 0.0025293972429933885], [0.9924344053071462, 0.0025541821848324296, 0.002528286457657981, 0.0024831260503633363], [0.9923883677022725, 0.0025654120134278864, 0.0025538024495594747, 0.002492417834740004], [0.9922751841223305, 0.0025977699932319426, 0.002589677049965428, 0.0025373688344720357], [0.9925072780894175, 0.002527414166501882, 0.002502409040552122, 0.0024628987035284797], [0.9923923936136483, 0.0025476126413358454, 0.0025842928921371512, 0.0024757008528786444], [0.9864283714161483, 0.0026280256040484952, 0.008418613514983892, 0.002524989464819422], [0.7473324793579533, 0.002435104251607548, 0.24786481385883655, 0.002367602531602433], [0.7563339080568998, 0.0024089841886575612, 0.23889716769485284, 0.0023599400595896726], [0.7608489277130606, 0.00242781919723005, 0.234366175397097, 0.0023570776926124452], [0.7688187981821654, 0.002450219677505385, 0.22636812163523484, 0.0023628605050944325], [0.7556371000535705, 0.0024003996833591567, 0.23963890893016, 0.0023235913329103927], [0.7552148600016496, 0.002372746811912232, 0.2401068899000343, 0.0023055032864039587], [0.7550017982629411, 0.0024118985635081247, 0.24025639446471853, 0.002329908708832366], [0.7550119810637191, 0.0024432286731907254, 0.24018964049674682, 0.0023551497663432714], [0.766213787025434, 0.0024759324740105987, 0.2289083063217284, 0.0024019741788270277], [0.7487482571400418, 0.0024312094429602723, 0.2464589146508375, 0.002361618766160336], [0.9911517302640867, 0.0029885863485315384, 0.002922001379644528, 0.0029376820077372007], [0.9912062129938707, 0.002988533335562384, 0.0028765793057892093, 0.0029286743647777263], [0.991243007533245, 0.0029579597028352653, 0.002890035490752767, 0.0029089972731669673], [0.9913369773695293, 0.0029422994454037267, 0.0028426730485681564, 0.0028780501364987876], [0.9910523962550798, 0.0030298472214562605, 0.0029397696245950415, 0.0029779868988690553], [0.9911782408537393, 0.0029884756374892784, 0.0028984570764465263, 0.002934826432324937], [0.9913435942721063, 0.0029337152218985242, 0.002844835659033618, 0.002877854846961559], [0.9911570875328215, 0.002998366354490419, 0.0029146896887311214, 0.002929856423956943], [0.9913045526246825, 0.002946326195699495, 0.0028563230166599044, 0.0028927981629581706], [0.9910858397429211, 0.003020794918322624, 0.0029279089461154936, 0.0029654563926407433], [0.7325138451728779, 0.2612460765150088, 0.0031109920345716233, 0.0031290862775416725], [0.7100691207634856, 0.28367033651874735, 0.0031303501298622464, 0.0031301925879046056], [0.7273508108388049, 0.26647138376779056, 0.003079448746121889, 0.003098356647282447], [0.7036625580236877, 0.290179724557201, 0.0030825274470671488, 0.0030751899720441655], [0.7122700731581312, 0.2815404876360717, 0.0030963980769993, 0.003093041128798004], [0.7267877286410214, 0.26699361614562495, 0.0030992545741623666, 0.003119400639191384], [0.7292803351875663, 0.2647253936454176, 0.0029966620839820806, 0.002997609083033947], [0.7084481746418435, 0.2853820111798452, 0.003078505503845669, 0.0030913086744656496], [0.726072330027289, 0.2678063829511878, 0.0030624662114208563, 0.003058820810102286], [0.7302838297984376, 0.26365600589214927, 0.003022942755803754, 0.0030372215536091313], [0.9915063434355089, 0.0028916110719118615, 0.0027891769764929126, 0.0028128685160863968], [0.9912704787764244, 0.002993779146547675, 0.0028528777055162467, 0.002882864371511717], [0.9910402048551827, 0.0030668162264446963, 0.002932860701778291, 0.0029601182165942598], [0.9911287104298327, 0.003019791106529439, 0.0029099472508338753, 0.0029415512128038238], [0.9911962673581094, 0.003003984239962636, 0.002890706316658155, 0.002909042085269678], [0.9912599288753918, 0.002988879488154785, 0.002859769656001519, 0.0028914219804520034], [0.9912114186378959, 0.0030029223319756955, 0.002881082865761806, 0.0029045761643667063], [0.9914259166888871, 0.0029133103697632492, 0.0028238841076255344, 0.002836888833723931], [0.9913036756678062, 0.0029675003968906077, 0.0028456605623092125, 0.0028831633729939103], [0.9911073990747203, 0.0030373758996337643, 0.0029150778596691383, 0.002940147165976736], [0.7237847914029265, 0.26959066021763733, 0.003297267221316494, 0.003327281158119793], [0.716125279530937, 0.27703044690095213, 0.0034080757687245515, 0.003436197799386504], [0.7025088222749823, 0.2907534458617031, 0.0033598087470193853, 0.0033779231162950627], [0.6976371930837998, 0.29563796937585934, 0.003350929144722806, 0.0033739083956180263], [0.7171477892276236, 0.27621145949463505, 0.0033269227125668345, 0.003313828565174575], [0.7021602256375218, 0.29120033323934996, 0.003307446226109029, 0.0033319948970191794], [0.7211524991176408, 0.2720969788393759, 0.003359492966647325, 0.0033910290763359673], [0.7152326352904775, 0.27804707877284585, 0.0033493606606548503, 0.0033709252760217925], [0.7070343432934196, 0.2862074504686892, 0.0033656596069892735, 0.0033925466309018704], [0.721720505859195, 0.27157918208712567, 0.0033453583420404403, 0.0033549537116389578], [0.9893397322466982, 0.0034947315860841084, 0.003399342385753683, 0.0037661937814640087], [0.9895752515263739, 0.003452968443705801, 0.0033503788218205498, 0.0036214012080995075], [0.9894398485420701, 0.0034889591633076207, 0.00338618541081041, 0.0036850068838118607], [0.9897801519610716, 0.003435950677304869, 0.0033445214395094315, 0.003439375922114051], [0.9896955003849025, 0.003425927410264409, 0.003317391479184753, 0.0035611807256482352], [0.9894747455605271, 0.0034794267566888998, 0.0033828802674218156, 0.0036629474153623046], [0.9896701205598909, 0.003422598019047413, 0.0033338598372882394, 0.003573421583773512], [0.9897895485107511, 0.0034418397774029674, 0.003342391209275435, 0.0034262205025705813], [0.9898740247973978, 0.003410293828067622, 0.0033278251618739712, 0.0033878562126604377], [0.9894957615837711, 0.0035209783089664823, 0.0034104168305398074, 0.00357284327672284], [0.9903496517741952, 0.0032277549135395827, 0.003236600609571944, 0.0031859927026930816], [0.9903222815047118, 0.003233814443319547, 0.0032217653875879974, 0.0032221386643807716], [0.9902083546746386, 0.0032546992767908682, 0.0033022423963957105, 0.0032347036521747], [0.9902750059771108, 0.0032216240319170677, 0.003292124947200305, 0.0032112450437718275], [0.9902907943284796, 0.003243114173982362, 0.0032420285112252623, 0.003224062986312885], [0.9903348279456308, 0.0032008856438074033, 0.0032841824357531814, 0.003180103974808804], [0.9901026390698827, 0.0032923813704460294, 0.0033518610269368944, 0.003253118532734438], [0.9904687434490798, 0.003175838903003