"[[0.0005938331675136556, 0.0005804230156492841, 0.8935727321080715, 0.1052530117087656], [0.0006219114530438526, 0.0006160532178293593, 0.9981298668527867, 0.0006321684763401078], [0.0007528264605481564, 0.0007448464930208554, 0.9977294078936052, 0.0007729191528257186], [0.0006978202747245966, 0.000690969202981052, 0.9979017795118206, 0.0007094310104737546], [0.0007332264886403187, 0.0007272565191346758, 0.4211200131464786, 0.5774195038457464], [0.0006298996719191993, 0.0006235063265646047, 0.9981040339164449, 0.0006425600850712983], [0.000820337151558851, 0.000808571485635734, 0.9975277573108263, 0.0008433340519790251], [0.0006192560379505551, 0.0006112106330735428, 0.9981427821310758, 0.0006267511979000986], [0.0007608901454777804, 0.0007529451379212946, 0.9977013195511784, 0.000784845165422407], [0.0007546436126276522, 0.0007473702637642083, 0.9977167762706498, 0.0007812098529583847], [0.0006197268081659499, 0.0006131141726269, 0.9981362188200812, 0.0006309401991259386], [0.000650429773154175, 0.0006417733020712497, 0.9980512167639629, 0.0006565801608116439], [0.000730041250318074, 0.0007278041063315682, 0.5871022287698229, 0.41143992587352746], [0.0006978284210412799, 0.0006912294889984749, 0.9978989137975299, 0.0007120282924304022], [0.9554682349482935, 0.0005934822201341982, 0.04332064670212459, 0.0006176361294478089], [0.0007424067180974804, 0.0007393517556887952, 0.7231009116716407, 0.275417329854573], [0.0006291659947132769, 0.0006183303311622126, 0.9981133168547921, 0.0006391868193323546], [0.0007720688409437469, 0.000765086877130821, 0.43483874414318774, 0.5636241001387376], [0.0006811882241016664, 0.0006691683839102592, 0.9979624861083504, 0.0006871572836376788], [0.0005961864826715278, 0.0005859392723021841, 0.9982226501594429, 0.0005952240855834075], [0.0007645006162090488, 0.0007636976363107954, 0.5070172637504702, 0.4914545379970101], [0.0006348360555801757, 0.0006267973503664174, 0.9980986123274121, 0.0006397542666412439], [0.0005770345587755166, 0.0005662377483748817, 0.9982812418871176, 0.0005754858057320825], [0.0006562299041235703, 0.0006503772745019777, 0.9980291088610657, 0.0006642839603088998], [0.06375636985295745, 0.0005993406737385095, 0.9350289727550394, 0.0006153167182647059], [0.0005743331482992063, 0.0005657475777826864, 0.9982823090884726, 0.000577610185445499], [0.0005786036223137586, 0.0005677287103042325, 0.9982765792462928, 0.0005770884210893146], [0.0005769527747131523, 0.0005669327345048035, 0.9982805341436608, 0.0005755803471212582], [0.0006381445458010199, 0.0006281490984639194, 0.9980939278076773, 0.0006397785480577763], [0.0005797412529773661, 0.0005733223854523368, 0.9982622855002437, 0.0005846508613266842], [0.0006744711031084972, 0.00066758616805969, 0.9979756103150768, 0.0006823324137551332], [0.000768986351883494, 0.0007548089651048453, 0.4570286273233142, 0.5414475773596975], [0.0008106239037385934, 0.0008031212941058948, 0.7482636055797319, 0.2501226492224236], [0.0007810030045049122, 0.0007779966318970807, 0.5568439944046266, 0.4415970059589712], [0.000783366783567098, 0.0007774691964543379, 0.8007357538987022, 0.19770341012127632], [0.0007295189401666539, 0.000720959367296311, 0.9978067967438549, 0.0007427249486822393], [0.0007061402183100445, 0.0006904628798171139, 0.9837575863319692, 0.014845810569903643], [0.0007868203257529093, 0.0007750376599609473, 0.9976340675168812, 0.0008040744974048521], [0.0007466160852012104, 0.0333855339925627, 0.9651018970708124, 0.0007659528514236065], [0.0007667799993537297, 0.0007604368780020454, 0.4819776582990067, 0.5164951248236375], [0.0007477855685060485, 0.0007330456245751859, 0.7315621823443639, 0.26695698646255483], [0.0007545651724671322, 0.0007498189562767055, 0.9347402743465572, 0.06375534152469899], [0.0008001760703556285, 0.0008067705054675557, 0.8533919920881344, 0.14500106133604226], [0.0007603023090364399, 0.07810444215692602, 0.5765072940218816, 0.344627961512156], [0.0006967465106419545, 0.08685182445479728, 0.9117399993925048, 0.0007114296420559494], [0.0007544345010873968, 0.0007343194248313463, 0.9977536089868064, 0.0007576370872748949], [0.0007492695369729781, 0.0007391310235174093, 0.7065082342393632, 0.2920033652001465], [0.0006252269562408616, 0.0006131042817849815, 0.9981321115742103, 0.0006295571877638552], [0.0006845135357922643, 0.228157426062864, 0.770432478699091, 0.0007255817022527169], [0.0008126108507400318, 0.08115314947080107, 0.9172007512645601, 0.0008334884138989249], [0.0007578988301157923, 0.0007449902165888253, 0.4633104572717557, 0.5351866536815396], [0.0007614550475674544, 0.000757517845418998, 0.47160601016266657, 0.5268750169443469], [0.0007928363233924719, 0.09034829299999012, 0.9080415023866654, 0.000817368289951888], [0.0006813948448629052, 0.0006740944055476963, 0.023906155249381965, 0.9747383555002074], [0.7574631204355353, 0.0005943130972697119, 0.24132134468691332, 0.0006212217802815693], [0.0006921041468320286, 0.0006873188724222843, 0.0007301568894438953, 0.9978904200913017], [0.12460701814888084, 0.000671592799735891, 0.8740343278571115, 0.0006870611942716882], [0.000698405898934924, 0.3630673939104562, 0.6355023682692961, 0.0007318319213128567], [0.16024889308214352, 0.0006768476153567721, 0.44900895192372664, 0.3900653073787732], [0.14390440235970292, 0.0007609028057361742, 0.8545551619732822, 0.0007795328612787203], [0.0006611512831706313, 0.0006557995875961414, 0.569966958644686, 0.4287160904845472], [0.0006631171776656642, 0.35988837139139196, 0.638747487549718, 0.0007010238812243982], [0.0006392021034454769, 0.0006297041408736002, 0.9980850446857272, 0.0006460490699538244], [0.0007564317738393951, 0.0007458875777315669, 0.9977238465472122, 0.0007738341012167469], [0.0007411545695607242, 0.0007394542663734527, 0.5737770798175275, 0.42474231134653845], [0.0007049636805449812, 0.0007023168842654928, 0.578409795317633, 0.42018292411755653], [0.0007542036242141802, 0.0007468202549493567, 0.9977249772751055, 0.0007739988457310643], [0.0007128263443609589, 0.0667107040632907, 0.6439105384949413, 0.288665931097407], [0.0008284656381143629, 0.000821792082708173, 0.9974935558668814, 0.0008561864122959771], [0.0006705485289291626, 0.0006631355805128739, 0.997984336282944, 0.0006819796076139376], [0.0007980241016341478, 0.0007925484553600861, 0.9975864096365303, 0.0008230178064753354], [0.0007748231806434113, 0.0007663056617348377, 0.9976637227730242, 0.000795148384597692], [0.0007744817484863054, 0.06929403944857217, 0.7010537642646613, 0.2288777145382804], [0.0006105465900830124, 0.0006047842908222595, 0.9981654391451819, 0.0006192299739128259], [0.0007589662831475238, 0.0007541770308214874, 0.9977075174383273, 0.0007793392477036202], [0.0006339984358793321, 0.0006289823560221676, 0.35831945999084885, 0.6404175592172495], [0.0006774828330821796, 0.0006682336864262304, 0.9979667943713932, 0.0006874891090983302], [0.0007050258260290298, 0.0006994576460053546, 0.9978739745203077, 0.0007215420076578087], [0.0007204920439576099, 0.0007273015196225288, 0.8987417981553397, 0.09981040828108015], [0.0007002883541223222, 0.0006898382237059855, 0.9978955366059811, 0.0007143368161906], [0.07831151139316093, 0.0006408299987066468, 0.9203855814854445, 0.0006620771226878692], [0.000762363941094985, 0.0007553432664633849, 0.9977039739474907, 0.0007783188449509113], [0.0008799210113932242, 0.0008694483599720305, 0.9850975387227643, 0.013153091905870449], [0.0006907134327066683, 0.0006765261522730076, 0.9979327268284317, 0.000700033586588665], [0.0006656384764614658, 0.0006564270087389341, 0.9980050277763227, 0.0006729067384769423], [0.0006845819989910618, 0.000675790718320396, 0.9979386014977081, 0.0007010257849805482], [0.0006285162315978609, 0.0006349634576225144, 0.752662376999313, 0.2460741433114666], [0.0006346339406046334, 0.0006330951055920881, 0.998085536953262, 0.0006467340005413603], [0.0006025639871204869, 0.0005969117904736238, 0.8958146450570048, 0.10298587916540117], [0.0006079731556934584, 0.0006153837213683438, 0.7704470285938748, 0.22832961452906336], [0.0006597342686163504, 0.0006521520936061069, 0.9980191946850595, 0.0006689189527179959], [0.0007393312700999614, 0.0007324818410823955, 0.9977729069045361, 0.0007552799842815524], [0.0006281540099670218, 0.0006217694381844436, 0.08110106298562494, 0.9176490135662236]]"