"[[13.704081632653061, 9.372448979591837, 9.535714285714285, 9.857142857142858, 10.090062111801242, 8.03061224489796, 10.886243386243386, 7.688775510204082, 9.939285714285713, 10.1, 9.107142857142856, 8.923469387755102, 9.494708994708994, 8.470238095238095, 6.482142857142856, 9.67195767195767, 6.589285714285714, 9.521164021164019, 9.18877551020408, 7.821428571428571, 10.015873015873014, 7.531746031746031, 7.121428571428572, 8.87142857142857, 7.3999999999999995, 7.528571428571428, 6.746031746031745, 6.914285714285714, 7.583333333333332, 7.441558441558442, 8.311688311688311, 9.288359788359788, 9.471428571428572, 10.399470899470897, 9.464285714285714, 10.0515873015873, 9.231092436974789, 9.835714285714285, 9.165178571428571, 10.18253968253968, 10.058035714285715, 9.414285714285713, 9.34642857142857, 9.576719576719576, 9.362637362637361, 9.176691729323307, 10.032142857142855, 7.780219780219781, 8.095238095238093, 9.642857142857142, 9.552380952380952, 10.656084656084655, 10.085714285714285, 9.535714285714283, 7.199999999999999, 9.424107142857142, 9.133333333333333, 9.92436974789916, 9.627819548872179, 11.033834586466162, 8.982142857142858, 9.151260504201682, 8.224489795918366, 9.499999999999998, 9.235449735449734, 9.126623376623376, 8.842857142857142, 10.14285714285714, 9.558441558441558, 8.433035714285714, 10.335714285714284, 9.6, 9.616883116883116, 7.5102040816326525, 9.72142857142857, 7.558823529411765, 8.126050420168067, 8.76470588235294, 9.169642857142856, 8.92436974789916, 8.406593406593405, 9.694444444444443, 10.016806722689076, 9.03968253968254, 8.553571428571427, 8.29017857142857, 7.437499999999998, 8.252380952380951, 7.950549450549451, 7.999999999999999, 9.289915966386555, 9.32142857142857, 7.647058823529411], [9.372448979591837, 16.459183673469386, 9.917857142857143, 10.761904761904763, 11.251552795031055, 8.806122448979592, 11.047619047619047, 7.499999999999999, 10.24642857142857, 9.039285714285713, 9.16326530612245, 9.918367346938776, 10.084656084656084, 9.464285714285715, 6.874999999999999, 10.51058201058201, 6.919642857142856, 9.896825396825395, 8.938775510204081, 7.585714285714286, 9.587301587301585, 7.349206349206348, 7.699999999999999, 8.892857142857142, 7.678571428571428, 7.742857142857143, 6.912698412698412, 7.121428571428571, 7.982142857142856, 7.64935064935065, 8.279220779220779, 9.555555555555554, 10.424999999999999, 10.9021164021164, 9.696428571428571, 10.119047619047617, 9.525210084033613, 10.485714285714284, 9.544642857142858, 10.375661375661373, 10.183035714285715, 8.842857142857142, 10.542857142857143, 10.084656084656082, 8.368131868131867, 9.120300751879698, 9.874999999999998, 7.527472527472528, 9.210317460317459, 9.92436974789916, 9.014285714285714, 10.960317460317459, 10.05238095238095, 9.900793650793648, 7.399999999999999, 9.40625, 9.342857142857143, 9.361344537815125, 9.860902255639097, 11.32330827067669, 9.236607142857142, 9.743697478991596, 8.551020408163264, 9.875, 9.764550264550262, 9.9025974025974, 9.346428571428572, 10.039285714285713, 9.581168831168831, 8.866071428571427, 10.253571428571428, 9.392857142857142, 10.444805194805193, 7.841836734693878, 9.282142857142857, 7.957983193277309, 8.57563025210084, 10.34873949579832, 9.339285714285715, 8.365546218487395, 8.719780219780219, 8.960317460317459, 10.161764705882351, 8.460317460317459, 9.138392857142856, 8.4375, 8.316964285714286, 8.333333333333334, 8.472527472527473, 9.019047619047619, 10.100840336134453, 9.49206349206349, 7.668067226890757], [9.535714285714285, 9.917857142857143, 20.45999999999999, 10.75, 13.102173913043478, 11.174999999999997, 13.264814814814812, 10.82142857142857, 13.3275, 11.5, 10.817857142857141, 11.121428571428572, 11.999999999999998, 9.650000000000002, 8.10625, 13.981481481481481, 8.39375, 13.209259259259259, 11.035714285714285, 8.525, 13.062962962962963, 9.41111111111111, 9.095, 9.64, 9.785, 8.51, 6.938888888888889, 8.355, 9.137500000000001, 8.336363636363636, 10.286363636363635, 12.36111111111111, 11.912500000000001, 12.57037037037037, 10.875, 12.327777777777778, 10.91764705882353, 11.982499999999998, 11.200000000000001, 11.587037037037035, 11.1125, 11.2225, 11.42, 12.249999999999998, 10.38076923076923, 11.547368421052632, 12.395, 9.496153846153845, 10.341666666666667, 12.482352941176469, 12.076666666666666, 12.87222222222222, 11.48, 9.899999999999999, 9.290000000000001, 10.846875, 10.203333333333333, 10.938235294117646, 12.007894736842108, 10.839473684210526, 10.01875, 10.461764705882352, 9.185714285714285, 11.4975, 11.885185185185183, 13.020454545454543, 12.2725, 11.9375, 12.16590909090909, 10.843749999999998, 12.9875, 12.015, 12.561363636363636, 8.89642857142857, 11.6125, 10.052941176470588, 10.641176470588235, 11.285294117647057, 11.78125, 10.579411764705881, 10.180769230769231, 12.961111111111109, 12.727941176470587, 11.46111111111111, 11.29375, 10.790624999999999, 10.0, 9.983333333333334, 9.41923076923077, 10.01, 10.458823529411763, 11.438888888888888, 10.76470588235294], [9.857142857142858, 10.761904761904763, 10.75, 18.79111111111111, 11.240579710144926, 10.247619047619047, 11.024691358024693, 9.29047619047619, 11.006666666666668, 11.1, 11.447619047619048, 10.466666666666667, 11.577777777777776, 11.166666666666666, 8.241666666666667, 10.866666666666667, 8.775, 10.767901234567901, 10.695238095238095, 8.886666666666667, 12.57777777777778, 8.407407407407408, 7.880000000000001, 9.746666666666666, 7.793333333333333, 8.626666666666665, 7.0592592592592585, 8.36, 9.049999999999999, 8.333333333333334, 10.206060606060607, 11.592592592592592, 12.57, 12.834567901234566, 11.383333333333333, 11.770370370370369, 11.007843137254898, 12.020000000000001, 11.708333333333334, 10.530864197530866, 11.195833333333333, 10.983333333333334, 11.273333333333333, 11.441975308641975, 10.64102564102564, 10.880701754385965, 11.476666666666667, 9.27179487179487, 10.74074074074074, 11.870588235294116, 11.346666666666666, 11.639506172839507, 11.804444444444444, 11.225925925925928, 8.646666666666665, 11.366666666666667, 11.093333333333334, 10.749019607843138, 11.249122807017544, 12.09122807017544, 11.179166666666667, 11.745098039215684, 10.714285714285714, 11.023333333333332, 11.108641975308641, 10.645454545454546, 11.126666666666667, 10.983333333333333, 10.793939393939393, 10.441666666666666, 11.149999999999999, 10.940000000000001, 11.396969696969698, 9.023809523809522, 10.703333333333333, 9.513725490196078, 9.262745098039217, 10.090196078431372, 10.541666666666668, 10.007843137254902, 9.441025641025641, 11.618518518518519, 11.805882352941175, 10.374074074074073, 10.3125, 9.620833333333334, 8.674999999999999, 9.346666666666666, 9.37948717948718, 9.875555555555554, 10.56470588235294, 11.292592592592593, 9.411764705882353], [10.090062111801242, 11.251552795031055, 13.102173913043478, 11.240579710144926, 23.085066162570897, 9.549689440993788, 16.985507246376812, 10.121118012422361, 12.402173913043477, 15.089130434782607, 11.164596273291924, 11.341614906832298, 14.674718196457325, 11.228260869565215, 6.989130434782608, 13.640901771336553, 8.994565217391305, 14.37037037037037, 10.642857142857144, 9.195652173913043, 14.57487922705314, 9.884057971014494, 10.217391304347826, 11.71304347826087, 9.969565217391303, 9.365217391304348, 9.173913043478262, 8.639130434782608, 10.105072463768115, 9.537549407114623, 11.596837944664031, 13.954911433172303, 12.36304347826087, 13.557165861513687, 12.176086956521738, 14.258454106280196, 11.122762148337594, 14.169565217391302, 11.002717391304348, 15.492753623188406, 12.736413043478262, 11.826086956521738, 11.293478260869563, 13.808373590982285, 11.42809364548495, 10.622425629290618, 11.169565217391304, 9.846153846153845, 9.693236714975846, 11.874680306905372, 11.597101449275362, 12.867954911433172, 11.620289855072462, 12.142512077294684, 9.465217391304348, 11.690217391304348, 10.98840579710145, 12.023017902813299, 11.677345537757438, 12.709382151029748, 12.220108695652176, 10.278772378516624, 10.003105590062113, 13.176086956521736, 13.830917874396135, 13.34782608695652, 14.615217391304347, 12.765217391304347, 14.739130434782608, 11.65217391304348, 15.763043478260869, 13.134782608695652, 14.699604743083004, 9.372670807453416, 13.365217391304348, 9.946291560102301, 11.202046035805626, 12.37084398976982, 12.375000000000002, 11.447570332480819, 10.040133779264213, 12.562801932367151, 14.24168797953964, 12.106280193236717, 10.92391304347826, 10.570652173913045, 10.336956521739129, 10.30144927536232, 9.494983277591974, 10.400000000000002, 10.32992327365729, 11.446859903381643, 10.194373401534527], [8.03061224489796, 8.806122448979592, 11.174999999999997, 10.247619047619047, 9.549689440993788, 15.214285714285714, 8.767195767195766, 8.556122448979593, 9.79642857142857, 9.389285714285712, 8.826530612244898, 8.979591836734693, 9.544973544973544, 7.8392857142857135, 6.0892857142857135, 10.084656084656082, 6.875, 10.335978835978835, 9.239795918367347, 7.542857142857143, 10.579365079365077, 7.15079365079365, 6.914285714285713, 7.692857142857143, 7.457142857142856, 7.85, 5.746031746031745, 7.35, 8.369047619047617, 7.292207792207792, 8.045454545454545, 9.92328042328042, 10.428571428571427, 10.137566137566136, 9.224999999999998, 10.261904761904761, 9.49159663865546, 9.77142857142857, 9.977678571428571, 9.034391534391533, 9.178571428571429, 9.053571428571427, 8.999999999999998, 9.253968253968253, 8.406593406593407, 9.304511278195488, 10.735714285714284, 7.73076923076923, 9.257936507936506, 10.945378151260506, 9.971428571428572, 10.523809523809522, 9.376190476190475, 8.976190476190474, 7.785714285714286, 8.383928571428573, 7.995238095238094, 8.659663865546218, 9.680451127819547, 10.251879699248118, 9.142857142857144, 9.147058823529413, 8.637755102040815, 9.203571428571427, 9.150793650793648, 9.779220779220779, 10.364285714285714, 10.153571428571428, 9.029220779220779, 9.388392857142858, 10.135714285714286, 10.360714285714284, 10.357142857142856, 8.071428571428571, 9.642857142857142, 8.508403361344538, 8.882352941176471, 8.970588235294118, 9.491071428571427, 7.9411764705882355, 8.241758241758241, 10.706349206349206, 10.413865546218487, 9.34126984126984, 8.946428571428571, 8.3125, 7.803571428571429, 7.966666666666666, 7.82967032967033, 8.961904761904762, 8.739495798319329, 9.20238095238095, 8.953781512605042], [10.886243386243386, 11.047619047619047, 13.264814814814812, 11.024691358024693, 16.985507246376812, 8.767195767195766, 22.576131687242793, 10.71164021164021, 13.849999999999998, 14.596296296296295, 11.01058201058201, 11.423280423280422, 14.909465020576132, 12.061728395061726, 8.124999999999998, 14.580246913580247, 8.995370370370368, 14.344307270233195, 11.338624338624335, 8.866666666666667, 13.466392318244168, 9.724279835390945, 10.0, 11.574074074074073, 9.996296296296295, 9.096296296296295, 8.604938271604938, 8.603703703703705, 9.845679012345679, 10.067340067340067, 10.983164983164983, 14.640603566529492, 12.659259259259258, 14.982167352537722, 12.674074074074074, 14.271604938271604, 11.89760348583878, 13.957407407407407, 11.54861111111111, 16.511659807956104, 13.391203703703706, 12.568518518518516, 12.661111111111111, 14.739368998628258, 12.663817663817664, 12.011695906432749, 12.118518518518519, 10.481481481481483, 10.66460905349794, 13.376906318082787, 11.145679012345678, 14.788751714677641, 12.577777777777778, 12.141975308641973, 8.803703703703704, 12.55324074074074, 12.548148148148147, 13.540305010893245, 11.881091617933722, 12.666666666666664, 12.208333333333334, 10.649237472766885, 10.61111111111111, 13.412962962962961, 14.801097393689988, 13.151515151515149, 14.472222222222221, 12.69074074074074, 15.636363636363637, 12.00462962962963, 15.91111111111111, 13.418518518518518, 14.567340067340066, 9.788359788359788, 14.492592592592592, 10.440087145969498, 11.294117647058822, 13.010893246187363, 12.37962962962963, 12.727668845315904, 11.547008547008547, 11.11111111111111, 13.59368191721133, 11.619341563786008, 11.203703703703704, 11.800925925925924, 10.483796296296298, 11.039506172839504, 9.65811965811966, 10.540740740740741, 11.37037037037037, 12.209876543209877, 10.281045751633986], [7.688775510204082, 7.499999999999999, 10.82142857142857, 9.29047619047619, 10.121118012422361, 8.556122448979593, 10.71164021164021, 15.33673469387755, 10.314285714285713, 10.224999999999998, 8.387755102040817, 9.698979591836736, 10.037037037037035, 9.845238095238095, 6.499999999999999, 10.248677248677247, 8.223214285714285, 10.465608465608463, 10.005102040816325, 7.885714285714285, 9.939153439153438, 7.753968253968253, 7.4, 9.14285714285714, 8.192857142857143, 7.771428571428571, 6.928571428571428, 8.114285714285714, 9.220238095238095, 7.512987012987013, 9.422077922077921, 10.280423280423278, 10.028571428571428, 11.777777777777777, 9.753571428571426, 9.59126984126984, 9.588235294117647, 10.228571428571428, 9.34375, 9.88095238095238, 8.544642857142856, 9.707142857142856, 10.014285714285712, 9.468253968253967, 9.390109890109889, 9.296992481203008, 8.717857142857142, 8.247252747252748, 9.202380952380953, 11.436974789915967, 9.304761904761904, 10.05291005291005, 9.847619047619048, 8.761904761904761, 8.278571428571428, 8.522321428571427, 8.647619047619047, 9.676470588235293, 10.586466165413533, 9.045112781954886, 8.816964285714285, 8.710084033613445, 8.23469387755102, 10.849999999999998, 9.936507936507937, 11.512987012987011, 10.032142857142855, 9.978571428571428, 11.737012987012987, 10.486607142857142, 10.549999999999999, 9.74285714285714, 11.386363636363635, 8.127551020408164, 10.896428571428569, 9.172268907563025, 9.764705882352942, 8.873949579831933, 10.589285714285714, 9.970588235294118, 8.87912087912088, 9.694444444444443, 10.056722689075631, 8.710317460317459, 8.517857142857142, 8.625, 7.749999999999999, 7.861904761904761, 7.697802197802198, 8.533333333333331, 7.634453781512605, 9.408730158730156, 9.134453781512605], [9.939285714285713, 10.24642857142857, 13.3275, 11.006666666666668, 12.402173913043477, 9.79642857142857, 13.849999999999998, 10.314285714285713, 19.009999999999994, 12.1175, 10.164285714285713, 11.135714285714284, 12.17037037037037, 11.258333333333333, 8.30625, 13.477777777777778, 8.225, 12.614814814814816, 10.92142857142857, 9.095000000000002, 11.374074074074073, 9.549999999999999, 9.115, 10.045000000000002, 8.585, 8.254999999999999, 7.861111111111111, 8.39, 9.291666666666666, 7.436363636363636, 10.45, 12.288888888888888, 10.93, 12.2, 11.2475, 11.544444444444444, 10.891176470588237, 11.5975, 9.878124999999999, 12.907407407407407, 10.978125, 10.9175, 11.26, 11.746296296296297, 10.423076923076923, 11.744736842105265, 11.940000000000001, 8.565384615384616, 9.994444444444444, 11.911764705882351, 10.916666666666666, 12.377777777777776, 10.503333333333334, 9.680555555555555, 8.66, 10.54375, 10.58, 11.31176470588235, 11.289473684210526, 10.792105263157897, 9.890625, 10.402941176470588, 9.62857142857143, 11.48, 12.046296296296294, 11.843181818181817, 11.620000000000001, 11.065000000000001, 12.190909090909088, 10.734375, 12.04, 11.677499999999998, 12.486363636363636, 9.221428571428572, 11.4175, 10.226470588235294, 10.855882352941176, 10.711764705882352, 11.18125, 10.026470588235293, 10.28076923076923, 11.652777777777779, 12.227941176470587, 10.947222222222221, 10.5125, 10.090625, 10.53125, 9.893333333333334, 9.326923076923077, 10.89, 10.611764705882354, 11.669444444444444, 10.33529411764706], [10.1, 9.039285714285713, 11.5, 11.1, 15.089130434782607, 9.389285714285712, 14.596296296296295, 10.224999999999998, 12.1175, 19.374999999999993, 10.825, 10.614285714285714, 14.075925925925922, 11.070833333333335, 6.65, 12.535185185185185, 8.01875, 12.996296296296295, 10.542857142857141, 8.125000000000002, 14.188888888888888, 8.761111111111111, 8.68, 11.05, 8.945, 8.52, 8.427777777777777, 8.63, 9.854166666666668, 9.468181818181817, 10.513636363636364, 12.812962962962962, 12.6975, 13.038888888888888, 11.510000000000002, 12.266666666666666, 9.641176470588235, 12.335, 10.062499999999998, 12.914814814814815, 11.28125, 11.665000000000001, 10.4425, 11.720370370370368, 10.8, 10.042105263157895, 10.745000000000001, 9.173076923076923, 9.327777777777776, 11.16470588235294, 11.02, 13.34074074074074, 11.596666666666668, 10.81111111111111, 8.42, 10.465625, 9.783333333333333, 11.638235294117646, 10.276315789473685, 10.489473684210527, 11.578124999999998, 10.444117647058825, 10.403571428571427, 11.485, 12.64259259259259, 12.270454545454545, 12.89, 11.7025, 13.51590909090909, 10.799999999999999, 14.0075, 12.657499999999999, 13.452272727272726, 9.199999999999998, 13.540000000000001, 9.870588235294116, 11.238235294117649, 10.873529411764704, 11.706249999999999, 11.070588235294117, 10.165384615384616, 12.016666666666666, 13.677941176470588, 11.197222222222223, 10.037499999999998, 10.759374999999999, 9.7, 9.790000000000001, 8.838461538461539, 9.84, 10.9, 11.738888888888887, 10.705882352941176], [9.107142857142856, 9.16326530612245, 10.817857142857141, 11.447619047619048, 11.164596273291924, 8.826530612244898, 11.01058201058201, 8.387755102040817, 10.164285714285713, 10.825, 16.081632653061224, 9.066326530612244, 11.261904761904761, 10.06547619047619, 7.383928571428571, 10.931216931216929, 7.8125, 11.365079365079362, 9.331632653061224, 7.907142857142857, 11.72222222222222, 8.222222222222221, 7.57142857142857, 9.607142857142856, 7.414285714285714, 7.885714285714284, 6.92063492063492, 7.707142857142856, 8.160714285714285, 8.019480519480519, 9.532467532467532, 11.499999999999996, 10.810714285714283, 11.507936507936506, 9.864285714285714, 10.726190476190474, 9.281512605042016, 11.260714285714286, 9.665178571428571, 9.658730158730158, 9.580357142857142, 9.992857142857142, 9.553571428571427, 11.034391534391531, 8.85164835164835, 9.436090225563909, 11.357142857142856, 8.087912087912088, 8.789682539682538, 11.11344537815126, 9.933333333333332, 10.25132275132275, 10.557142857142857, 9.369047619047619, 7.921428571428571, 8.580357142857142, 9.17142857142857, 10.021008403361344, 10.308270676691729, 9.436090225563909, 9.441964285714285, 10.134453781512605, 9.423469387755102, 10.482142857142856, 10.44179894179894, 10.376623376623375, 10.374999999999998, 10.174999999999999, 10.438311688311687, 9.799107142857142, 10.760714285714284, 10.12142857142857, 10.785714285714285, 8.122448979591837, 10.42142857142857, 7.844537815126051, 8.878151260504202, 10.105042016806724, 9.973214285714286, 9.30672268907563, 8.543956043956044, 10.603174603174603, 10.231092436974789, 8.892857142857142, 9.383928571428571, 9.21875, 7.392857142857143, 8.947619047619048, 7.939560439560439, 7.657142857142857, 9.281512605042018, 10.468253968253965, 8.483193277310924], [8.923469387755102, 9.918367346938776, 11.121428571428572, 10.466666666666667, 11.341614906832298, 8.979591836734693, 11.423280423280422, 9.698979591836736, 11.135714285714284, 10.614285714285714, 9.066326530612244, 17.83673469387755, 10.555555555555555, 9.172619047619047, 7.633928571428571, 11.95238095238095, 7.169642857142857, 10.81216931216931, 10.01530612244898, 8.214285714285714, 11.677248677248674, 7.785714285714286, 7.835714285714285, 9.021428571428572, 7.5, 8.357142857142858, 7.071428571428571, 7.7214285714285715, 10.273809523809522, 8.045454545454545, 9.967532467532466, 9.67195767195767, 11.785714285714285, 11.986772486772484, 10.424999999999999, 10.404761904761903, 10.021008403361343, 10.753571428571428, 9.598214285714285, 10.370370370370367, 10.178571428571427, 9.735714285714286, 11.271428571428569, 10.650793650793648, 9.412087912087912, 9.496240601503757, 9.514285714285714, 8.181318681318682, 9.56349206349206, 11.121848739495798, 11.176190476190476, 11.436507936507933, 10.023809523809524, 9.539682539682538, 7.55, 10.183035714285714, 9.928571428571427, 10.592436974789916, 10.57518796992481, 11.315789473684209, 9.928571428571427, 10.97058823529412, 8.729591836734693, 10.114285714285714, 10.383597883597881, 10.678571428571427, 9.97142857142857, 9.978571428571428, 10.668831168831167, 9.316964285714285, 10.110714285714284, 10.317857142857143, 10.711038961038962, 8.438775510204081, 10.178571428571427, 8.399159663865547, 9.210084033613445, 9.781512605042018, 9.41517857142857, 9.294117647058824, 8.06043956043956, 10.884920634920633, 11.634453781512605, 10.198412698412698, 9.57142857142857, 9.178571428571429, 8.973214285714286, 9.095238095238095, 8.917582417582416, 9.804761904761904, 9.592436974789916, 10.674603174603174, 9.134453781512605], [9.494708994708994, 10.084656084656084, 11.999999999999998, 11.577777777777776, 14.674718196457325, 9.544973544973544, 14.909465020576132, 10.037037037037035, 12.17037037037037, 14.075925925925922, 11.261904761904761, 10.555555555555555, 19.20713305898491, 12.53395061728395, 7.3240740740740735, 13.511659807956104, 9.300925925925924, 14.002743484224967, 11.48148148148148, 8.5, 12.923182441700959, 9.008230452674898, 8.837037037037039, 11.12962962962963, 9.292592592592595, 9.329629629629629, 8.316872427983538, 9.174074074074074, 10.537037037037036, 9.7003367003367, 11.033670033670035, 13.345679012345679, 11.962962962962962, 13.097393689986284, 11.44074074074074, 12.296296296296294, 10.119825708061002, 12.746296296296295, 10.222222222222221, 13.161865569272976, 11.939814814814815, 11.249999999999998, 11.572222222222221, 13.449931412894376, 10.951566951566951, 10.46783625730994, 11.624074074074073, 9.461538461538462, 10.563786008230451, 12.507625272331154, 10.933333333333334, 12.246913580246911, 12.609876543209877, 10.952674897119339, 9.155555555555555, 11.118055555555555, 10.25679012345679, 11.19607843137255, 11.311890838206626, 11.516569200779726, 10.645833333333332, 11.368191721132897, 10.084656084656084, 12.057407407407407, 14.112482853223595, 12.200336700336699, 13.23333333333333, 11.824074074074073, 13.922558922558924, 11.872685185185183, 13.42037037037037, 13.996296296296295, 13.481481481481483, 9.835978835978835, 13.305555555555554, 9.949891067538127, 11.392156862745097, 12.058823529411764, 11.293981481481481, 11.246187363834423, 10.481481481481483, 11.781893004115226, 13.448801742919388, 11.199588477366255, 9.791666666666666, 10.895833333333336, 9.594907407407408, 10.093827160493827, 8.81196581196581, 9.419753086419753, 11.326797385620914, 11.810699588477364, 10.553376906318082], [8.470238095238095, 9.464285714285715, 9.650000000000002, 11.166666666666666, 11.228260869565215, 7.8392857142857135, 12.061728395061726, 9.845238095238095, 11.258333333333333, 11.070833333333335, 10.06547619047619, 9.172619047619047, 12.53395061728395, 20.29166666666666, 7.90625, 11.660493827160494, 8.71875, 11.219135802469136, 10.125, 9.033333333333333, 10.253086419753085, 9.453703703703702, 8.491666666666665, 11.108333333333334, 7.933333333333334, 8.95, 7.972222222222221, 8.516666666666667, 9.819444444444443, 8.90909090909091, 11.916666666666668, 10.719135802469134, 10.908333333333333, 12.024691358024691, 10.416666666666666, 10.99537037037037, 10.098039215686274, 11.691666666666668, 10.671875, 11.185185185185185, 10.161458333333332, 9.504166666666666, 12.175, 11.854938271604938, 9.705128205128204, 10.013157894736842, 9.954166666666667, 8.724358974358974, 10.99074074074074, 10.294117647058822, 10.516666666666667, 11.425925925925926, 11.805555555555554, 10.046296296296296, 7.866666666666667, 10.723958333333334, 10.08888888888889, 10.897058823529413, 12.149122807017543, 11.052631578947368, 10.083333333333334, 10.67156862745098, 9.166666666666666, 11.908333333333335, 11.725308641975309, 12.181818181818182, 10.879166666666666, 10.779166666666667, 12.594696969696969, 10.828124999999998, 11.162500000000001, 11.270833333333332, 11.200757575757576, 10.053571428571427, 11.283333333333335, 9.02450980392157, 11.19607843137255, 10.75, 10.84375, 10.813725490196079, 9.564102564102566, 10.226851851851851, 11.465686274509803, 10.152777777777777, 8.869791666666668, 9.9375, 8.989583333333332, 8.733333333333334, 8.801282051282051, 9.350000000000001, 9.632352941176471, 11.282407407407407, 9.480392156862745], [6.482142857142856, 6.874999999999999, 8.10625, 8.241666666666667, 6.989130434782608, 6.0892857142857135, 8.124999999999998, 6.499999999999999, 8.30625, 6.65, 7.383928571428571, 7.633928571428571, 7.3240740740740735, 7.90625, 15.9375, 8.425925925925926, 5.09375, 7.208333333333332, 7.758928571428571, 6.512500000000001, 7.638888888888889, 6.694444444444445, 6.2875000000000005, 6.9750000000000005, 5.875, 6.1000000000000005, 5.444444444444445, 5.237500000000001, 6.833333333333334, 6.59090909090909, 6.8977272727272725, 7.208333333333332, 7.46875, 8.472222222222221, 7.0375, 7.555555555555555, 6.76470588235294, 7.025, 6.3046875, 7.310185185185185, 7.0390625, 6.824999999999999, 7.31875, 7.3657407407407405, 6.086538461538463, 7.177631578947367, 7.31875, 5.865384615384615, 7.041666666666667, 7.419117647058824, 7.708333333333334, 7.412037037037036, 7.725, 7.118055555555555, 5.6875, 8.390625, 8.191666666666666, 8.448529411764707, 8.368421052631579, 8.06578947368421, 7.5546875, 8.036764705882353, 6.7857142857142865, 7.8125, 7.5324074074074066, 7.670454545454545, 6.975, 7.4750000000000005, 7.460227272727272, 6.671875, 7.3500000000000005, 6.725, 7.40340909090909, 6.017857142857143, 7.25, 6.470588235294118, 6.889705882352942, 8.125, 7.7578125, 7.507352941176471, 6.60576923076923, 7.701388888888889, 7.448529411764705, 7.756944444444444, 7.7890625, 7.171875, 6.7109375, 7.416666666666668, 7.211538461538461, 7.2, 7.919117647058823, 8.229166666666666, 6.9411764705882355], [9.67195767195767, 10.51058201058201, 13.981481481481481, 10.866666666666667, 13.640901771336553, 10.084656084656082, 14.580246913580247, 10.248677248677247, 13.477777777777778, 12.535185185185185, 10.931216931216929, 11.95238095238095, 13.511659807956104, 11.660493827160494, 8.425925925925926, 19.59396433470507, 8.435185185185185, 13.11111111111111, 11.597883597883595, 8.292592592592593, 11.81755829903978, 9.975308641975309, 9.074074074074073, 10.225925925925926, 9.192592592592593, 8.737037037037037, 7.68312757201646, 9.32962962962963, 10.145061728395062, 8.969696969696969, 11.043771043771043, 12.727023319615911, 11.892592592592592, 12.877914951989027, 11.399999999999999, 12.52469135802469, 10.35511982570806, 12.211111111111109, 11.162037037037036, 12.429355281207133, 11.773148148148145, 10.88148148148148, 13.201851851851853, 13.318244170096023, 10.364672364672366, 10.645224171539962, 11.381481481481481, 9.296296296296296, 10.862139917695472, 12.769063180827885, 11.859259259259257, 12.76954732510288, 12.474074074074075, 11.736625514403292, 9.311111111111112, 12.108796296296296, 10.8, 11.052287581699346, 13.28849902534113, 11.385964912280702, 10.331018518518519, 10.967320261437909, 9.695767195767194, 11.609259259259257, 12.544581618655693, 12.205387205387204, 11.824074074074073, 11.779629629629628, 13.021885521885523, 10.949074074074074, 13.996296296296293, 12.235185185185184, 12.594276094276093, 9.031746031746032, 12.596296296296297, 10.239651416122005, 10.684095860566448, 11.769063180827885, 11.747685185185183, 10.958605664488015, 10.743589743589745, 11.360082304526745, 13.063180827886711, 10.878600823045266, 10.863425925925926, 10.752314814814815, 10.243055555555555, 11.249382716049382, 10.37037037037037, 9.923456790123456, 10.83442265795207, 11.823045267489707, 10.40958605664488], [6.589285714285714, 6.919642857142856, 8.39375, 8.775, 8.994565217391305, 6.875, 8.995370370370368, 8.223214285714285, 8.225, 8.01875, 7.8125, 7.169642857142857, 9.300925925925924, 8.71875, 5.09375, 8.435185185185185, 17.34375, 8.476851851851851, 9.892857142857142, 7.249999999999999, 8.907407407407408, 7.180555555555555, 5.975, 8.037500000000001, 6.8625, 7.612500000000001, 5.680555555555555, 7.362500000000001, 6.708333333333333, 6.556818181818182, 8.727272727272727, 7.981481481481481, 7.71875, 9.546296296296296, 7.2875000000000005, 8.138888888888888, 7.941176470588235, 9.33125, 8.46875, 7.13425925925926, 6.5546875, 8.16875, 9.25625, 7.5092592592592595, 7.4615384615384635, 7.927631578947369, 8.475, 6.85576923076923, 7.375, 9.191176470588236, 6.983333333333333, 8.62037037037037, 9.266666666666666, 7.826388888888888, 7.1, 7.078125, 7.933333333333334, 8.610294117647058, 11.0, 8.335526315789473, 7.71875, 8.639705882352942, 6.705357142857142, 8.343749999999998, 7.458333333333332, 8.539772727272727, 8.368749999999999, 8.3625, 8.011363636363637, 8.40625, 8.56875, 9.31875, 9.755681818181817, 6.857142857142857, 8.2375, 7.750000000000001, 8.102941176470589, 7.242647058823529, 9.1328125, 7.492647058823529, 7.432692307692308, 8.67361111111111, 7.308823529411765, 7.347222222222221, 6.734375, 7.1171875, 6.6640625, 6.8500000000000005, 7.25, 6.658333333333334, 6.919117647058823, 7.763888888888888, 6.963235294117648], [9.521164021164019, 9.896825396825395, 13.209259259259259, 10.767901234567901, 14.37037037037037, 10.335978835978835, 14.344307270233195, 10.465608465608463, 12.614814814814816, 12.996296296296295, 11.365079365079362, 10.81216931216931, 14.002743484224967, 11.219135802469136, 7.208333333333332, 13.11111111111111, 8.476851851851851, 21.43209876543209, 11.478835978835978, 8.751851851851852, 15.04389574759945, 8.543209876543209, 8.24074074074074, 10.233333333333333, 9.637037037037038, 7.888888888888889, 7.901234567901233, 9.08888888888889, 9.697530864197532, 8.69023569023569, 10.484848484848484, 13.385459533607682, 11.833333333333332, 13.096021947873801, 11.20185185185185, 11.75925925925926, 11.054466230936818, 11.905555555555555, 9.993055555555555, 13.09190672153635, 10.967592592592592, 11.483333333333333, 11.109259259259261, 13.068587105624143, 10.290598290598291, 10.649122807017545, 11.553703703703702, 9.085470085470087, 10.364197530864196, 12.065359477124183, 10.313580246913581, 12.622770919067214, 11.2, 10.670781893004115, 8.74074074074074, 10.719907407407408, 10.204938271604938, 10.494553376906318, 10.832358674463936, 10.191033138401558, 10.083333333333334, 10.435729847494553, 10.023809523809522, 11.481481481481481, 13.637860082304528, 12.234006734006734, 12.466666666666665, 11.483333333333333, 13.405723905723905, 11.217592592592593, 13.383333333333333, 12.057407407407405, 12.797979797979796, 8.886243386243386, 12.574074074074073, 10.091503267973856, 10.766884531590414, 11.466230936819173, 11.76388888888889, 11.220043572984748, 10.470085470085472, 12.969135802469134, 14.144880174291938, 11.767489711934155, 10.270833333333334, 11.43287037037037, 9.979166666666668, 9.669135802469135, 9.820512820512821, 9.911111111111111, 10.309368191721134, 11.777777777777779, 11.326797385620916], [9.18877551020408, 8.938775510204081, 11.035714285714285, 10.695238095238095, 10.642857142857144, 9.239795918367347, 11.338624338624335, 10.005102040816325, 10.92142857142857, 10.542857142857141, 9.331632653061224, 10.01530612244898, 11.48148148148148, 10.125, 7.758928571428571, 11.597883597883595, 9.892857142857142, 11.478835978835978, 19.82653061224489, 9.207142857142857, 11.51322751322751, 9.103174603174601, 8.478571428571428, 10.14285714285714, 9.628571428571428, 8.6, 7.182539682539682, 8.814285714285713, 9.178571428571429, 8.422077922077921, 9.68181818181818, 9.984126984126984, 11.014285714285712, 12.523809523809524, 10.225, 9.912698412698413, 9.369747899159664, 10.824999999999998, 11.34375, 10.634920634920634, 9.308035714285714, 10.799999999999999, 11.167857142857141, 9.486772486772486, 10.054945054945057, 8.966165413533833, 11.007142857142856, 8.598901098901099, 10.503968253968251, 12.050420168067227, 8.88095238095238, 10.962962962962962, 10.995238095238093, 10.912698412698411, 8.514285714285714, 10.803571428571429, 10.5, 10.411764705882353, 13.428571428571425, 11.402255639097744, 10.504464285714285, 10.65546218487395, 8.64795918367347, 10.724999999999998, 10.952380952380953, 11.370129870129869, 10.935714285714283, 11.825000000000001, 11.314935064935064, 10.316964285714285, 12.364285714285714, 11.207142857142856, 13.003246753246753, 8.760204081632654, 11.39285714285714, 9.945378151260504, 9.323529411764707, 10.760504201680671, 11.69642857142857, 9.710084033613445, 10.565934065934066, 11.996031746031743, 11.464285714285714, 10.730158730158728, 9.303571428571429, 9.669642857142858, 9.6875, 9.228571428571428, 8.928571428571429, 8.938095238095237, 9.256302521008404, 9.904761904761902, 9.138655462184875], [7.821428571428571, 7.585714285714286, 8.525, 8.886666666666667, 9.195652173913043, 7.542857142857143, 8.866666666666667, 7.885714285714285, 9.095000000000002, 8.125000000000002, 7.907142857142857, 8.214285714285714, 8.5, 9.033333333333333, 6.512500000000001, 8.292592592592593, 7.249999999999999, 8.751851851851852, 9.207142857142857, 15.220000000000002, 9.251851851851852, 7.055555555555555, 7.34, 8.350000000000001, 7.109999999999999, 7.31, 6.111111111111112, 6.24, 8.433333333333334, 7.290909090909092, 8.654545454545456, 8.203703703703704, 8.565000000000001, 9.57037037037037, 8.095, 8.955555555555556, 8.170588235294117, 8.925, 8.5875, 8.192592592592593, 7.68125, 8.35, 9.045, 8.007407407407406, 7.830769230769231, 7.910526315789474, 8.735000000000001, 6.976923076923077, 8.544444444444446, 9.570588235294117, 10.22, 9.014814814814814, 8.8, 8.544444444444444, 6.460000000000001, 8.468750000000002, 9.02, 10.270588235294117, 9.447368421052632, 10.463157894736842, 9.2875, 8.958823529411765, 6.885714285714285, 9.055, 8.774074074074074, 8.886363636363637, 8.73, 9.545000000000002, 8.681818181818182, 8.6125, 9.23, 8.875, 10.1, 7.5285714285714285, 8.370000000000001, 8.029411764705882, 8.158823529411766, 8.364705882352942, 8.84375, 8.08235294117647, 7.423076923076923, 9.3, 10.594117647058823, 9.244444444444444, 8.112499999999999, 7.9750000000000005, 7.0125, 7.513333333333334, 7.038461538461539, 8.193333333333333, 7.882352941176471, 9.261111111111113, 7.9], [10.015873015873014, 9.587301587301585, 13.062962962962963, 12.57777777777778, 14.57487922705314, 10.579365079365077, 13.466392318244168, 9.939153439153438, 11.374074074074073, 14.188888888888888, 11.72222222222222, 11.677248677248674, 12.923182441700959, 10.253086419753085, 7.638888888888889, 11.81755829903978, 8.907407407407408, 15.04389574759945, 11.51322751322751, 9.251851851851852, 22.562414266117965, 8.97119341563786, 8.681481481481482, 10.666666666666668, 9.092592592592593, 8.588888888888889, 7.609053497942386, 8.94074074074074, 10.691358024691358, 10.131313131313131, 10.89225589225589, 12.776406035665294, 14.029629629629628, 14.499314128943759, 11.707407407407405, 12.5679012345679, 11.361655773420479, 13.164814814814815, 12.138888888888888, 13.139917695473251, 12.439814814814815, 12.133333333333333, 10.488888888888889, 12.480109739368999, 11.658119658119658, 12.091617933723194, 11.653703703703702, 10.772079772079772, 10.36213991769547, 12.100217864923746, 12.308641975308642, 13.388203017832646, 11.619753086419752, 11.49588477366255, 9.477777777777778, 11.6875, 12.982716049382717, 12.398692810457515, 10.653021442495128, 12.801169590643273, 12.652777777777777, 12.477124183006534, 11.518518518518517, 11.727777777777776, 13.006858710562415, 12.52861952861953, 12.937037037037035, 12.75, 13.680134680134678, 11.185185185185185, 13.403703703703702, 12.920370370370371, 13.661616161616159, 10.12962962962963, 12.81111111111111, 9.342047930283222, 10.66884531590414, 11.625272331154683, 12.26388888888889, 11.43355119825708, 9.903133903133904, 14.413580246913579, 14.629629629629628, 13.16460905349794, 11.793981481481481, 12.402777777777777, 10.75, 11.553086419753086, 10.538461538461538, 10.68641975308642, 13.015250544662308, 13.218106995884773, 12.453159041394334], [7.531746031746031, 7.349206349206348, 9.41111111111111, 8.407407407407408, 9.884057971014494, 7.15079365079365, 9.724279835390945, 7.753968253968253, 9.549999999999999, 8.761111111111111, 8.222222222222221, 7.785714285714286, 9.008230452674898, 9.453703703703702, 6.694444444444445, 9.975308641975309, 7.180555555555555, 8.543209876543209, 9.103174603174601, 7.055555555555555, 8.97119341563786, 15.679012345679007, 7.988888888888889, 8.766666666666666, 7.777777777777778, 7.655555555555555, 7.135802469135802, 7.377777777777777, 7.898148148148147, 6.777777777777778, 9.505050505050505, 8.263374485596708, 8.655555555555555, 9.271604938271604, 8.005555555555556, 8.666666666666666, 8.084967320261438, 8.872222222222222, 8.784722222222221, 9.074074074074073, 8.229166666666666, 8.238888888888887, 8.522222222222222, 9.08641975308642, 7.606837606837608, 8.725146198830409, 8.516666666666666, 7.273504273504273, 8.271604938271604, 8.862745098039214, 9.081481481481482, 9.037037037037036, 9.103703703703705, 8.407407407407407, 6.355555555555555, 8.465277777777777, 7.65925925925926, 8.490196078431373, 10.526315789473685, 9.251461988304094, 8.145833333333332, 8.856209150326798, 7.158730158730158, 9.605555555555556, 8.68312757201646, 9.57070707070707, 8.905555555555555, 9.05, 9.787878787878789, 7.958333333333333, 9.316666666666665, 9.066666666666666, 9.787878787878787, 8.023809523809522, 9.238888888888887, 7.313725490196079, 8.411764705882351, 8.928104575163397, 8.631944444444445, 8.052287581699346, 7.367521367521368, 9.987654320987652, 8.19281045751634, 9.1358024691358, 8.194444444444445, 8.256944444444445, 7.916666666666666, 8.022222222222222, 8.504273504273504, 7.496296296296297, 8.359477124183005, 8.5, 7.320261437908496], [7.121428571428572, 7.699999999999999, 9.095, 7.880000000000001, 10.217391304347826, 6.914285714285713, 10.0, 7.4, 9.115, 8.68, 7.57142857142857, 7.835714285714285, 8.837037037037039, 8.491666666666665, 6.2875000000000005, 9.074074074074073, 5.975, 8.24074074074074, 8.478571428571428, 7.34, 8.681481481481482, 7.988888888888889, 14.500000000000004, 8.14, 6.41, 6.98, 7.1, 6.380000000000001, 7.783333333333333, 7.163636363636364, 9.227272727272727, 8.377777777777776, 8.9, 10.040740740740741, 8.375, 9.238888888888887, 7.488235294117647, 9.690000000000001, 9.274999999999999, 9.12962962962963, 8.5, 7.885, 8.625, 9.425925925925927, 7.53846153846154, 8.789473684210526, 7.54, 7.753846153846155, 8.027777777777777, 9.117647058823529, 8.853333333333333, 8.751851851851853, 8.299999999999999, 7.7555555555555555, 6.46, 8.8375, 7.8999999999999995, 8.605882352941176, 9.047368421052632, 8.826315789473684, 8.66875, 8.029411764705882, 7.228571428571428, 9.100000000000001, 8.322222222222223, 9.463636363636363, 9.295, 9.36, 9.531818181818181, 7.668749999999999, 9.56, 8.375, 10.09090909090909, 7.257142857142857, 8.52, 7.211764705882352, 8.058823529411764, 8.611764705882353, 8.581249999999999, 7.894117647058824, 7.6000000000000005, 8.666666666666666, 8.511764705882353, 8.85, 8.34375, 7.768750000000001, 7.5375, 7.493333333333333, 7.03846153846154, 8.360000000000001, 8.441176470588236, 8.455555555555556, 7.129411764705882], [8.87142857142857, 8.892857142857142, 9.64, 9.746666666666666, 11.71304347826087, 7.692857142857143, 11.574074074074073, 9.14285714285714, 10.045000000000002, 11.05, 9.607142857142856, 9.021428571428572, 11.12962962962963, 11.108333333333334, 6.9750000000000005, 10.225925925925926, 8.037500000000001, 10.233333333333333, 10.14285714285714, 8.350000000000001, 10.666666666666668, 8.766666666666666, 8.14, 17.44, 8.92, 8.27, 8.333333333333334, 8.15, 10.025, 7.845454545454547, 9.763636363636364, 9.929629629629629, 10.094999999999999, 11.603703703703701, 9.31, 10.166666666666664, 8.729411764705883, 10.865000000000002, 9.5, 10.655555555555555, 9.393749999999999, 9.255, 9.445, 10.218518518518518, 9.092307692307694, 8.531578947368422, 9.245000000000001, 7.823076923076924, 8.788888888888888, 10.2, 9.986666666666666, 10.12962962962963, 10.013333333333334, 8.755555555555556, 7.470000000000001, 8.925, 9.52, 10.3, 11.015789473684212, 10.610526315789473, 10.34375, 10.105882352941176, 8.585714285714285, 10.605, 10.240740740740742, 10.14090909090909, 10.265, 9.91, 11.73181818181818, 9.8625, 11.04, 10.010000000000002, 11.122727272727271, 7.807142857142857, 10.530000000000001, 7.541176470588236, 9.323529411764707, 9.935294117647059, 9.34375, 9.07058823529412, 8.246153846153849, 10.755555555555556, 11.108823529411763, 10.455555555555556, 9.90625, 9.068750000000001, 8.8812