"[[14.391936927825876, 2.131167380620796, 1.4203108221918548, 1.5791933012996915, 0.893357258152244, 2.1031434471171178, 1.5698190792922793, 1.6929486551144743, 1.3244872339596854, 1.1691642642095472, 2.2692045072536446, 1.7801806083299256, 1.1325778798087032, 1.4741766511683272, 2.0968536270091764, 1.1110109418366314, 1.0945808935236143, 1.1421247685076192, 1.2868631173362823, 2.050957036880763, 0.9212289069227103, 1.797903443006736, 2.2214599750245045, 1.5633558792433988, 1.5247928931055943, 1.7111711596197647, 1.6869814678493753, 2.0205592888144515, 1.4273593974588348, 2.302682399493841, 1.4930960998593368, 1.19583271063357, 1.4020862327258934, 0.9369241109084128, 1.5558763815324295, 1.618670163336501, 1.7575653326636105, 1.2021228666408483, 1.4075018120321872, 1.277354011399978, 1.5304772027625482, 1.5072100357005072, 1.4607271355750007, 1.337849394370122, 1.522607790900817, 1.5041211453140249, 1.616020772476035, 1.862816531160116, 1.258354055717701, 1.1521727990258561, 1.1135064286945626, 1.3545742676090669, 1.1327008881622653, 1.461200649097556, 1.5715913546993043, 0.9523155398938639, 1.9002602249490432, 1.0467920115819118, 1.0707806916709925, 1.6924570421588785, 0.9014824562243468, 1.503828041949569, 1.7241881690243652, 1.2926342446879233, 1.2621260140819883, 1.023926179795419, 0.9849626231491834, 1.080993537812681, 1.1239229697951338, 1.4460055114250556, 0.9749137420637493, 1.260409267364976, 0.9496145239593224, 1.6377835388445132, 1.156317520295459, 1.4167562270399012, 1.4656741266470223, 1.4218082981710167, 1.3160093329559688, 1.6336156157531603, 1.776160585644237, 1.2245427882631406, 1.084404051913006, 1.5080674110497414, 1.3959169713998694, 1.3919749390855378, 1.239622765589287, 1.3244430415921655, 1.2728110471630478, 1.1590282806012993, 1.5743109776673703, 1.0135033478201794, 1.2155173458910573], [2.131167380620796, 14.315865844653537, 1.7783953460217141, 2.061393339680795, 1.1850923715764867, 2.4716647783619585, 1.4572003393772563, 1.6091291044945304, 1.7536826266189496, 1.1771591832289405, 1.938839770082485, 2.088204785852741, 1.1803549290060245, 1.0530946060423942, 1.8203489699072575, 1.5609287060633057, 0.9992977280458442, 1.3982257989086717, 1.390368644243829, 1.4581363404671792, 0.9862867138354902, 1.2555287244362734, 2.5658445114832906, 1.4125124173672146, 1.8663459644106992, 1.7109698905258954, 2.7572237537166466, 2.01124068482612, 1.7280975734260273, 2.5400378753644617, 1.255422998941818, 1.0885281813525274, 1.5489607158867627, 1.1832425263662356, 1.7423211749166303, 1.914087897218368, 2.429323850454903, 1.2772260747991386, 1.343426142612846, 1.1524811638956394, 1.854760593441234, 1.2917562715580244, 1.735478687311773, 1.1166945800313695, 1.2471722327235057, 1.4440563072902437, 1.4926915235323228, 1.8385527245436537, 1.8362702061500549, 1.3755371804218177, 0.9998279275336812, 1.1240492381406706, 1.1697973230290655, 1.5813906591290232, 1.0815822987749673, 1.1364023813951731, 1.509925578100808, 0.706551630731283, 1.1999257775767433, 1.5038057744641036, 1.1794537342808467, 1.5665818818417292, 2.1628448007969125, 1.0507671593207586, 1.2060538305583897, 1.035010709797923, 1.2022477211806288, 1.0797775754595902, 1.1468961642629258, 1.3145297459066405, 1.2855734547287023, 1.2563344660669136, 0.9689433683714754, 1.9577866176257637, 1.3632201143634441, 1.2360212556249452, 1.5814538389515846, 1.3937469858907574, 1.457336803923556, 1.4911382057988953, 1.5572285262247987, 0.975379964841846, 1.2677945801542507, 1.2549173490956076, 1.7382445531905726, 1.1196102627779516, 1.3458834779957047, 1.9393416299371051, 1.009378959675899, 1.4328762280366867, 1.6104939051799985, 1.2018038725279157, 1.0488526217319563], [1.4203108221918548, 1.7783953460217141, 7.468044975287606, 1.320612516296963, 1.4478868087626975, 1.8810075440129033, 1.2806294777661515, 1.5021238621170083, 1.821897875502294, 1.4226447607808297, 1.286289045003796, 1.1269523694601418, 1.3992342161384659, 1.0732956569301104, 0.8826085659256013, 1.839832587316617, 1.0684669648715506, 1.7472793656765808, 1.4935652564009725, 0.9603743260294662, 1.390325087147331, 1.214357690571241, 1.1232809257971987, 1.70976868353776, 1.9553300686676862, 1.1118039809418123, 1.3231599564417067, 1.2796294329689644, 1.0036106559545055, 1.1793261442681537, 0.9546284386156765, 1.2844586810252596, 1.1198736234801185, 1.113695839827166, 1.3330567152984176, 1.0571051501417539, 1.2227685756844968, 1.0803498092062465, 1.055443679818048, 1.6181988234182296, 1.274325752229602, 1.4451266591540697, 1.3303473362111726, 1.235110210807065, 1.0716126387533633, 1.571619015284444, 1.5359648609419332, 1.2834113975726056, 1.0078588844389609, 1.0486173135948327, 1.346994447112519, 1.447846366950058, 1.4394287594217774, 1.3020847057719287, 1.185452301927176, 0.9845559379657332, 1.0268791561720787, 1.0012521747023402, 1.3919449458250632, 0.7756048720126055, 1.0053794006985028, 1.1460277489932196, 1.4032624387659371, 1.5189128934883285, 1.4389660495037893, 1.186582267578098, 1.4223557078663935, 1.0595529201333376, 1.4605862445150408, 1.2094936066874606, 1.2737107330871869, 1.4811882370591247, 1.0643880055328636, 0.9442425501167825, 1.3244006952357998, 1.2431646530806462, 1.2237327435345797, 1.4392050385675188, 1.2539877101620502, 1.3285478514242222, 1.4673372183404365, 1.6551180106673915, 1.7194564768318896, 1.1229223806297308, 1.8256738298938928, 1.3913697183987168, 1.8341383362560184, 1.2209846310035593, 1.272467107240523, 1.1804703002811363, 1.0577194544431148, 1.1700211016963058, 1.3502947589946412], [1.5791933012996915, 2.061393339680795, 1.320612516296963, 9.935732092000654, 1.0200264601215034, 1.9836609288526104, 1.033959446018986, 1.3826060010152457, 1.5004150025642926, 1.0291071420818618, 1.5160967722926362, 1.309348619454753, 1.166804039456365, 1.3154586347787514, 1.623844159289286, 1.1764239497833742, 0.9931135268708442, 1.3043823352843649, 1.5938880049900064, 1.3962643085610695, 1.3177523398838944, 1.546774307622381, 1.2328509874292104, 1.2873789245015868, 1.174438617249452, 1.5944114330071555, 1.1194954862102455, 1.548628590067099, 1.0966530335914673, 1.220895553774778, 1.2209920304198718, 1.2327440632022426, 1.5468190998498, 1.0828100721487066, 1.7822592907126862, 1.4750934123470012, 1.7999600930799786, 1.2670449082629998, 1.6638674121355845, 1.1394750585619664, 2.05016988254323, 1.5066028792234891, 1.6895774860070119, 1.3509458739578408, 1.5514142263611177, 1.5553166281639546, 1.4047625498752265, 1.3063796674344952, 1.8105516555751169, 1.1469505267966722, 1.299416221709945, 1.1851643093886357, 1.132148206568803, 1.5218921734138267, 0.9858844124499346, 1.2622422000374343, 1.1933834623680166, 1.0371160793290786, 0.8732454900254336, 1.2740245694084493, 1.2222869644764087, 1.9351416612129904, 1.7271533624265603, 1.4236866612351013, 1.2184845714896013, 1.1302033285282547, 1.1406815636909489, 0.8917006687914766, 1.021036252587812, 1.4348336522456067, 1.2007789970401697, 1.259714304208317, 0.9898438278162414, 1.178878515772638, 1.3180089008598719, 1.1506405031425835, 1.277630388578447, 1.2490787230953884, 1.3850354422442714, 1.078947217823901, 1.8001855537846172, 1.3390964911254637, 1.0901780124307952, 1.1466580423083235, 1.2947720083953231, 1.3865787520558115, 1.0975863985414986, 1.1610211914785857, 1.02574610838136, 1.4242516581993638, 1.1637185148499904, 1.059058333619374, 1.1303458448866277], [0.893357258152244, 1.1850923715764867, 1.4478868087626975, 1.0200264601215034, 7.1442107689116625, 1.2774856869870062, 1.4319121391780012, 1.1631741352105873, 1.3923067322774552, 1.6926532998792196, 1.0862722253545334, 1.2466986384950822, 1.5393688795050053, 1.165252632145163, 0.9719352138603081, 1.3387868067560207, 1.1792748384891607, 2.149499659173957, 1.1375268873362732, 1.2241841509827718, 1.9233050515828318, 1.3720557159694724, 1.1669001223162867, 1.3563267884928072, 1.5126918130150815, 1.1785350951812759, 1.5248873384058719, 0.9718398490126037, 0.9872556150292077, 0.9839728119364617, 1.3211797990322272, 1.5984219857760382, 1.2493636226991152, 1.2382175251940764, 1.2647688403279873, 1.0318577337581978, 0.9754358355491924, 1.149551639365635, 0.9187997377904642, 1.721698828896446, 0.9130239685372781, 1.371035348769132, 0.9378818574141013, 1.245511710480129, 0.9005458166966196, 0.8063430700630088, 1.0192334690345966, 0.9351905876906361, 1.0480085395510867, 1.0519565615897304, 1.291068213129342, 1.4264619197216437, 1.3405720896553055, 1.2282265976217168, 1.3662132151254702, 1.0211751301981984, 0.7947120751474053, 0.9905233569160532, 1.2619362441482174, 0.881048065193031, 1.3861199792769408, 1.130140811758206, 0.9940683160371069, 1.4417717923632645, 1.6253163896064795, 1.3169709908091667, 1.3421994886915947, 1.1027417724857014, 1.4129391012970491, 1.032057848605936, 1.28519824829817, 1.182080956903443, 1.1498627671724324, 0.8068643946639187, 1.1066903908318406, 1.236935430783237, 1.1662211093664396, 1.1351786204058336, 1.2426330884029508, 1.2728750081854572, 1.1454354261531317, 1.0919101826508888, 1.8428017777494312, 1.1615909245934581, 1.0935570024511962, 1.1219757208051546, 1.6714965390638046, 1.0740583825125636, 1.0993137309082919, 1.0929690204278533, 0.8441624232729892, 1.0232559977748141, 1.2874141182811876], [2.1031434471171178, 2.4716647783619585, 1.8810075440129033, 1.9836609288526104, 1.2774856869870062, 13.67219353184253, 1.3825265593784042, 1.7690124429549332, 1.6755369837596223, 1.388886123730506, 2.4795805009753593, 1.9962256887083427, 1.3910151582884005, 1.2099499985557056, 1.7869752136163424, 1.6109835508697496, 0.9172824953665526, 1.5820825335174868, 1.2982289007088221, 2.2832953569618, 1.3487960714732197, 1.8815973729415534, 1.8499226154084696, 1.0769431030942398, 1.753195003921918, 2.0996732842528063, 1.9874577941414053, 1.9730552461400346, 1.8313064883741492, 1.5948706949538258, 0.9972985266636047, 1.4893894731026653, 1.7939590978694866, 1.0917079815549136, 1.5649061982559218, 1.914546469583867, 2.1618231203424827, 1.3159242029187759, 1.3524793053859547, 1.4531375111461797, 1.5845269884357696, 1.5082932567877883, 1.7325580144510793, 1.4669424060140628, 1.3069677519558724, 1.5937735006700442, 1.7344908956832832, 1.556900644795098, 1.6470376002100395, 1.3362600992954272, 1.3182265036588006, 1.3594657574423832, 1.2624431530937859, 1.7451909365234042, 1.2446833927484233, 1.2661057742115598, 1.484762313033748, 1.2147799993231052, 0.9168082811442488, 1.4451442939490762, 1.2592395282565332, 1.5231985456469808, 2.3406314305334512, 1.2857572742722783, 1.5129012965367186, 1.1210096393435909, 1.3837249458764167, 1.278771483209474, 0.9828413386388419, 1.7715601754614183, 1.1215505669678625, 1.5863715947683792, 1.0630983528807905, 2.1575946228129457, 1.2485354527811108, 1.3541525965319756, 1.4358521931040313, 1.486473751116964, 1.3498362340018568, 1.569177067237175, 1.3679555549778977, 1.3255186905283647, 1.748198940768487, 1.4735251355402708, 1.3622723936785073, 1.3485004056435583, 1.221435513684312, 1.6082182784473606, 1.38559510555889, 1.5532067969131425, 1.5765535043753074, 1.3695229642271383, 1.4242936906190513], [1.5698190792922793, 1.4572003393772563, 1.2806294777661515, 1.033959446018986, 1.4319121391780012, 1.3825265593784042, 4.993060575123882, 1.4644155605986147, 1.3291068859327826, 1.2822614997359914, 1.401381476206176, 1.0439319414979624, 1.248601583386884, 1.2107918210378854, 1.4776282084998404, 1.3123853475704796, 0.895217362262792, 1.5120224002262974, 1.1313668465915119, 1.5587014224746394, 1.0618378176793448, 1.1808826271773585, 1.6138880986307722, 1.2355820933520447, 1.4741862746869485, 1.3894123968670307, 1.4366774033397736, 1.3619998871501453, 1.0474682247797995, 1.2685080627300795, 1.0800570804612295, 1.3812096047702451, 1.0615102731385468, 1.206155412267674, 1.214058511656786, 1.3684020214765555, 1.3463083430841565, 1.2404542988801484, 1.009093248086209, 1.3977844407898554, 1.0961498585516547, 1.123309063099765, 1.3953469775324698, 1.3503534929374208, 0.9101182507239569, 1.2901931979772119, 1.0142205409778668, 1.3231592054965529, 0.961563092888895, 0.9984256954372988, 0.8087354377727921, 1.2193722337141457, 1.1702281910316688, 1.110221906924743, 0.9909779305801251, 1.0752212065126499, 1.2769230594171297, 0.9619151512559937, 0.8632954592493487, 0.979678413249565, 0.928518700293486, 0.8639194151794727, 1.3193294960621773, 1.4101599261251696, 1.3865220498525843, 1.1319145150055463, 1.452587532069365, 1.0147390801117022, 1.4381837151842907, 1.2678142184229348, 1.2739225249756734, 1.154928056206589, 1.078541973874278, 1.2836259350060248, 1.187426055333766, 1.1276573364094218, 1.4055828151603025, 1.0833328546933214, 1.2600442734246387, 1.463281762906263, 1.142927026464543, 0.8625549040485343, 1.3437098100436335, 1.1480349182856022, 1.4633422234536495, 1.0438419794098757, 1.2085656256846273, 1.3008489813266135, 0.940973651782373, 0.9418973542546495, 1.0064857233857816, 1.0598478661753588, 1.067754673663186], [1.6929486551144743, 1.6091291044945304, 1.5021238621170083, 1.3826060010152457, 1.1631741352105873, 1.7690124429549332, 1.4644155605986147, 12.65411279643494, 1.4469382769448011, 1.544385073884741, 1.748335105081591, 1.7184696184842714, 1.2328786263487779, 1.7225197045305571, 1.8451987904382072, 1.1815513565281224, 1.920385024818544, 1.3443521901954412, 1.5112397986803545, 2.347526879753044, 1.1772300868716892, 1.8005668410469673, 1.9213311122051424, 1.5579827694961303, 1.653358157027698, 2.415071976521503, 2.0637014788931203, 2.1643123760017655, 1.87150099705576, 1.7219388630644739, 1.422904206559703, 1.3436403678456164, 1.2880266549197348, 1.0950546113459212, 1.4781929092065937, 1.3144329367942875, 1.5616111165191393, 1.2279207187633858, 1.1604868109663076, 1.2816719435403623, 1.078502026713762, 1.4457985300854155, 1.2824933596644081, 1.182884509468896, 1.1031144158742343, 1.2129502708049347, 1.1062817760690569, 1.37991824784385, 1.254695862535223, 1.2470376566780652, 1.0539529284195073, 1.214380916290426, 1.299984288171521, 1.1839859839679265, 1.2750019706944213, 0.8333089718036002, 1.3435336026978004, 0.9530366136740429, 0.9764928084391113, 1.1229175092074588, 0.9566828339337803, 1.0696248676397304, 1.8171084588226847, 1.4030061017748114, 1.1498794709213025, 1.3853036856461522, 1.496295082901069, 1.2239392138209604, 1.7004644615851858, 2.2170645778530256, 1.2950497124531604, 1.443460311590059, 1.1839422906688104, 2.084398743012098, 1.5376095801267606, 1.3639652858100577, 1.517692343291731, 1.1380494617724937, 1.4159009159360123, 1.791670387225675, 1.457973018254056, 1.2232370891882773, 1.2735579339433722, 1.2304438171174008, 1.7725783604002214, 1.1513970590413838, 1.2425832771544019, 1.685719877080718, 1.2200974436042333, 1.0087131060160877, 1.3975753303317577, 1.0801198061718957, 1.3063829663097375], [1.3244872339596854, 1.7536826266189496, 1.821897875502294, 1.5004150025642926, 1.3923067322774552, 1.6755369837596223, 1.3291068859327826, 1.4469382769448011, 7.814142828090647, 1.3294232818288805, 1.4105162191591376, 1.4832078291142325, 1.2395515477420844, 1.201014425105328, 1.2362631407736875, 1.9173644364929698, 1.2471180464949074, 1.7048238019707225, 1.4609286222683946, 1.3617452568160364, 1.3175732941244545, 1.5768026777863726, 1.20555159898471, 1.1660454013064727, 1.4087536399255682, 1.2481737267290298, 1.5890124761668045, 1.212155296520579, 0.8865035731966755, 1.0508225600802752, 1.1798620545862781, 1.5823188434848194, 1.2111243052589047, 1.214046553104783, 1.581044658972683, 1.232055026407014, 1.5363716252070405, 1.2957456285672277, 1.3229874837001487, 1.3863955449440184, 1.3792870294463224, 1.6168940047944336, 1.380171320545705, 1.2422472324781204, 1.2138334294692095, 1.5749434415262766, 1.5064424678376023, 1.1890848571234682, 1.180737428440452, 1.246938438307962, 1.2337550226488128, 1.4667586465991274, 1.5995202565414202, 1.2541701862008585, 1.3706349159965747, 1.006984899026723, 1.0918236115168445, 0.902648168458935, 1.0296374647730917, 1.1493710776354331, 1.022327465198569, 1.314361328239383, 1.2998203195813751, 1.4474067049900277, 1.5797442635692471, 1.1954934252322882, 1.4367564097361218, 1.0277513844879378, 1.3681352741717978, 1.2602147543878859, 1.2643902734485857, 1.3610454545065584, 1.0700692078782417, 1.2545117874601464, 1.662584972109655, 1.5030852832280623, 1.3714175068557313, 1.508531107332769, 1.44541229195908, 1.3736397972325896, 1.535886358599241, 1.2951124202034179, 1.32930015904721, 1.1344602024006418, 1.4704239568282185, 1.3161176718534986, 1.6578831477827163, 1.2212231308458024, 1.2240426080442048, 1.4163626292572498, 1.2395739607023901, 1.3705071541991276, 1.2955916033978494], [1.1691642642095472, 1.1771591832289405, 1.4226447607808297, 1.0291071420818618, 1.6926532998792196, 1.388886123730506, 1.2822614997359914, 1.544385073884741, 1.3294232818288805, 6.799533841892741, 1.3277504586685613, 1.4555550076247246, 1.44835294616512, 1.5109109810960704, 1.2439945384865592, 1.1282424085762295, 1.2585502568419522, 1.8326058622765353, 1.5207774848831934, 1.2569676021140916, 1.6438903371841314, 1.2448496331625496, 1.234673083920368, 1.4885121092447375, 1.338889922190821, 1.2857095559145997, 1.614667102102762, 1.1119543059654817, 1.2547557175046555, 1.0809179733688952, 1.2378518790351594, 1.3466624497807917, 1.493926689228522, 1.1675525416932324, 1.3634795300321714, 1.008588068486914, 1.1040764508603444, 1.2176351949250517, 1.0706984052437065, 1.2345111037051273, 1.2484259246276626, 1.5938565276383088, 1.261936443512867, 1.1417651342998782, 1.0204344190639818, 1.1332265708514595, 1.5673145829293675, 1.0512735084402764, 1.1827108943139135, 1.125388960824203, 1.3155073620289892, 1.3470662718452697, 1.2849162389679365, 1.229150597803772, 0.9958330189171227, 0.8963844859214746, 0.8860140780488281, 0.8118841710455509, 0.7978902092624942, 0.9102734381863189, 1.2347967222103144, 1.1186862919678027, 1.4314835483503494, 1.4814331267133416, 1.4524225756860933, 1.2956842059537994, 1.6166954804082945, 1.181266660355073, 1.270455255700881, 1.2015846110496216, 1.4025133394212266, 1.5362098372909934, 1.188422238565339, 1.3505010667555082, 1.598407631498809, 1.363363492633096, 1.3460524423819957, 1.3814165826016676, 1.3365173904026442, 1.2923140584255601, 1.581475823007847, 1.4541166989534904, 1.819861234355111, 1.215307562898215, 1.1933914449540517, 1.6165605636243612, 1.4010545533023997, 1.1419368088441089, 1.1011180401399892, 1.245070882025293, 1.221725585863767, 1.411374787160231, 1.5399517099012323], [2.2692045072536446, 1.938839770082485, 1.286289045003796, 1.5160967722926362, 1.0862722253545334, 2.4795805009753593, 1.401381476206176, 1.748335105081591, 1.4105162191591376, 1.3277504586685613, 13.138344696918859, 2.2430033171547534, 1.160698063853761, 1.1138469799795816, 1.5437947009045898, 1.2561614458967965, 1.2327961054111944, 1.247390555774772, 1.2043507053216802, 1.5080850418277258, 1.0575331149733924, 1.6345391215353706, 1.4714146745097851, 1.3050671955814526, 1.4029366082816401, 1.6218026504684826, 1.9846718305996631, 1.4246761498357083, 1.469504660895932, 1.4253547148617112, 1.4022822231722643, 1.3990129630723451, 1.4742049320791493, 1.0694536166046378, 1.310357620218013, 1.5118498191399212, 1.678319956817219, 1.1314828357333457, 1.2273874693762905, 1.2509295629225412, 1.1650923686005843, 1.4307044502232868, 1.423696946685586, 1.3613263202547647, 1.1792357387197743, 1.3892496850246738, 1.7244487756718618, 1.6599769171516532, 1.2160256147686626, 1.1386066034632205, 1.1500937923813042, 1.1573801700343906, 1.2154254220131024, 1.4882802132159474, 1.2307107369126649, 0.7945850691640786, 1.42146063677523, 0.8385617487038284, 1.0420193561616855, 1.4192705562500687, 1.0135123256577332, 1.2292932552360476, 1.6867266350131778, 1.1840258305149576, 1.3468743681936126, 1.160538800859226, 1.257453602942722, 1.0107843772497067, 0.9212101021044641, 1.6327567562980714, 1.2183763053280308, 1.3136651983380725, 0.9047199535300113, 1.5373853154245725, 1.2367398026935232, 1.223086592157165, 1.6719832375946777, 1.629371853627038, 1.2003283617122809, 1.7751190399417713, 1.633915542808483, 1.0926763676845899, 1.0692803132990658, 1.119573964261086, 1.4227566199144466, 1.2406105478074316, 1.2137271788641926, 1.476661349409938, 0.9707676925650254, 0.987587620114894, 1.0343189519542033, 1.1965329795028519, 1.0103762803800842], [1.7801806083299256, 2.088204785852741, 1.1269523694601418, 1.309348619454753, 1.2466986384950822, 1.9962256887083427, 1.0439319414979624, 1.7184696184842714, 1.4832078291142325, 1.4555550076247246, 2.2430033171547534, 14.732172279495819, 1.0646095645447908, 0.8022488561134425, 1.9603060513772554, 1.4482985791607086, 1.4448172616804837, 1.2410753346474162, 1.0076654694912974, 1.9155344362997426, 1.41694540072552, 1.3130604557511734, 2.057046681769219, 1.3069156246394376, 1.3596665779530044, 2.2775091892515817, 2.179895094714208, 1.9284255079674408, 2.092548504946754, 2.1511841090365413, 1.4479365572318768, 1.0978206663965744, 1.5285166116431799, 0.9293228400694744, 1.4214952526042237, 1.4843700916908655, 1.5970196310799976, 1.1435267449468633, 1.367697014091751, 1.0290770788692296, 1.2206097580999935, 1.3910933769426868, 1.6571928594368512, 1.1792886706380934, 1.153445588803915, 1.2418771866627656, 1.3728051874463547, 1.5986242550040952, 1.24245314573452, 0.9283103382993989, 1.4774341177036951, 1.1481979528041122, 0.9995660761863694, 1.341224904288068, 1.099104010283193, 1.0375708555060899, 1.2021671425895364, 1.2956082005011265, 0.8331128680005327, 1.80935698268345, 1.519826525216338, 1.7493728322810882, 1.3766102895251953, 1.1307332292903896, 1.2680772314871298, 0.9001362315391699, 1.1336685884802298, 0.9392962604556004, 1.0663200991701147, 1.6209586857596614, 0.877388552371783, 1.3128389641159297, 0.8148885466578801, 1.371215253171573, 1.169305370136104, 0.8104811754121173, 1.332289662442014, 1.138965307153097, 0.945409988886866, 1.3723395906789468, 0.8099465512068065, 1.7348885630347288, 1.8472339555065715, 1.4288160128633023, 1.3320649440966088, 0.9841407150046629, 1.1751638642919757, 1.67611541349507, 1.1627732631889218, 1.2753333953831594, 1.656176701554865, 1.2790817809388129, 1.089176834420239], [1.1325778798087032, 1.1803549290060245, 1.3992342161384659, 1.166804039456365, 1.5393688795050053, 1.3910151582884005, 1.248601583386884, 1.2328786263487779, 1.2395515477420844, 1.44835294616512, 1.160698063853761, 1.0646095645447908, 5.6841062090334376, 1.3880713024159537, 0.7733457868440113, 1.4992111123819856, 1.4344993926224345, 1.8894679945677355, 1.2244506726052526, 0.9136858621087702, 1.3954502502269803, 1.2436774024554693, 0.9674914675562423, 1.1590730883101834, 1.350858490247362, 1.1044901838351164, 0.94438841886618, 1.0256944041558165, 0.9673571966708561, 1.108864419183075, 1.1075533488465923, 1.5107202778594557, 1.1261728814347505, 1.2638903774449082, 1.1455179969657823, 0.9248098338603308, 0.9572377180076261, 1.1584725702850642, 0.9399471269331963, 1.3185592390526846, 1.0239182700175669, 1.2078223535546186, 1.215223826723544, 1.4664490897900695, 0.9850526014088017, 1.2821570016799535, 1.4326417494653987, 1.098622668191724, 1.2368492816726755, 0.9746868443607509, 0.976784252200794, 1.0333308295591075, 1.2173923239538804, 1.1181631187641947, 1.2658162604898102, 0.9340548857491477, 0.9162258454371381, 0.9704393560646399, 0.8460635096719187, 0.7936811914243078, 1.1809782123724069, 1.2148156862768482, 1.1432179722428457, 1.3519329461857597, 1.6285938947991556, 1.1552969993587623, 1.3221435679042033, 1.0882675003371034, 1.3215450944017202, 1.0857433803084526, 1.1703691057321826, 1.4388963377073871, 1.245115556109619, 1.292719492687157, 1.3700732378729823, 1.3631905332766183, 1.2750955158078432, 1.2531187255939757, 1.0485390868410982, 1.296950979167331, 1.3025030227905388, 1.1657293025255455, 1.4931962023589858, 1.1758760383014566, 0.9261285272277933, 1.298804190998474, 1.396783235875956, 0.9648919151551167, 1.281222038504041, 1.1154563728148303, 1.1997993180873063, 1.089692458664386, 1.4324340322408107], [1.4741766511683272, 1.0530946060423942, 1.0732956569301104, 1.3154586347787514, 1.165252632145163, 1.2099499985557056, 1.2107918210378854, 1.7225197045305571, 1.201014425105328, 1.5109109810960704, 1.1138469799795816, 0.8022488561134425, 1.3880713024159537, 12.535735027529006, 1.4808545881769362, 1.3380380768524354, 1.768705474353388, 1.2492655733534928, 1.4020559091575282, 1.9106046794226974, 1.0181893463546037, 1.6878789539425498, 1.7201967762092083, 1.5497391219190924, 1.701382976121899, 1.8891562195627758, 1.388808361873228, 1.7321195934825036, 1.6038773608848689, 1.6100117903418785, 1.86828916570825, 1.243408927338478, 1.1529966278976231, 1.0907618620951318, 1.3649980761166007, 1.1448696754119398, 1.5537338414644704, 1.2907578443598828, 1.218476941307999, 1.2013276982883005, 1.1372558099930903, 1.3346770240163246, 1.4190790439583651, 1.146955592646143, 1.3205458505493897, 1.0571390206165094, 1.226299689450075, 1.4867320763166605, 1.1795598318166736, 1.1873582870701842, 1.5655116807593346, 0.935230728028718, 1.583522459058168, 1.00156690468033, 1.0652811760475451, 1.160467674162743, 1.0509672980656037, 1.2170152412734243, 1.0693713622894425, 1.0842077843861957, 1.084976952588685, 1.0454239511519434, 1.3158013890253053, 1.5410653938371595, 1.2832624748867463, 1.4276745886191704, 1.2818728778731323, 1.3165895808635848, 1.3102537141318362, 1.2849929844691128, 1.2362986994753853, 1.4600206350954816, 1.1043696421586462, 1.6655165547108504, 1.5798203270672706, 1.2584050084932434, 1.2657284472202703, 1.1657415180338728, 1.777196018614613, 1.304931528809938, 1.4566007904684921, 1.0950436756183115, 1.3411423483556406, 1.1540255201007052, 1.015708865774403, 1.258750415962798, 1.5294259632797833, 1.1135319488514606, 1.3614103852724888, 1.1460320385979124, 1.1163590074480405, 1.295041651159175, 1.1322000161023005], [2.0968536270091764, 1.8203489699072575, 0.8826085659256013, 1.623844159289286, 0.9719352138603081, 1.7869752136163424, 1.4776282084998404, 1.8451987904382072, 1.2362631407736875, 1.2439945384865592, 1.5437947009045898, 1.9603060513772554, 0.7733457868440113, 1.4808545881769362, 38.34961831040252, 1.0820181303337653, 1.6473996263158095, 0.7960926475757291, 2.0122269319046238, 3.3008604191603146, 0.760055359458244, 1.657160169282067, 2.57360987099296, 1.521443926957191, 1.570351039440601, 2.114662442592434, 3.388720596931565, 2.537086082035635, 2.32079864408471, 1.86942853755848, 1.2739789025166885, 1.0148835750920564, 1.0195996720831937, 0.740125635936046, 0.8516376446429659, 1.6216700970888276, 1.387987927730132, 1.0650715407064406, 0.7023367642494676, 1.0524165082058698, 0.9279677455834746, 1.204817151256941, 0.9912602015830841, 1.102475967109269, 1.3527652944337691, 2.373891250191849, 1.1215176717117272, 2.5476155259764575, 0.9657822706743566, 0.8082002227774028, 1.4181346871306815, 0.9868240855597757, 0.9532534794504397, 1.1991075588225852, 1.2201260430673961, 1.0797692331795723, 2.5029574555560146, 1.275990069081297, 1.4840442155004125, 1.5249872346289575, 1.179230126695828, 0.7663169945157646, 1.930824143284338, 1.2174508298571018, 0.8110698271626045, 0.8968039830330835, 1.2617653741925676, 0.7686879262724711, 1.112205801644906, 1.4461099621595093, 0.9848156875835335, 0.9151559958899756, 0.6917423830472518, 1.4779669007372536, 0.8078246035774521, 1.0267281992060115, 1.9164823697411613, 0.9399181705738835, 0.9824019708429399, 1.9019855118675406, 1.7839399729883878, 1.2404429613453392, 1.4593596271730385, 2.0868674836691605, 2.98382863411855, 1.0937913652074454, 1.7004716915136726, 1.488453685469043, 1.4925659843834844, 0.8476786399944304, 1.8047373237736786, 1.0914850223546502, 1.3002560555054947], [1.1110109418366314, 1.5609287060633057, 1.839832587316617, 1.1764239497833742, 1.3387868067560207, 1.6109835508697496, 1.3123853475704796, 1.1815513565281224, 1.9173644364929698, 1.1282424085762295, 1.2561614458967965, 1.4482985791607086, 1.4992111123819856, 1.3380380768524354, 1.0820181303337653, 6.357632882747712, 1.6189108513398356, 1.5089463007639907, 1.3149578703698186, 1.0990915670894874, 1.160132708622844, 1.3240957871512662, 1.0648153324001952, 1.2836463943234422, 1.9411425136245832, 0.9866154919599959, 0.913088745193359, 1.1227515153885699, 0.9128908279280359, 0.9104868981451301, 1.279238414115515, 1.4411470420068029, 1.012532506895108, 1.2026859545205222, 1.2171373394898444, 1.0183687825899728, 1.2017984764431575, 1.0009179938859667, 1.012124269124961, 1.638461143970102, 1.0155049800749474, 1.227156965993557, 1.3735681136868787, 1.509160809905046, 0.9709060089030455, 1.2386634209552283, 1.352995273094811, 1.1116634493358433, 1.2145373487419404, 1.0042067209780212, 1.0385914719020648, 1.3836580446468778, 1.1651551730485266, 1.4784944622983935, 1.4972981654188067, 0.9675689112524216, 1.0035294804338086, 1.0855497451910756, 1.368408707532811, 0.9276904834696584, 1.0718004019194975, 1.2164420769721758, 1.0989761811381373, 1.2431356589096938, 1.5468421454771193, 1.0895919806853462, 1.2709050036978924, 1.2296064979390242, 1.3668340470260767, 1.024676501283134, 1.4230793332014153, 1.3558691605019717, 1.1217647210520143, 1.0325781267248826, 1.3847201442360224, 1.6422263079693358, 1.2833346095822071, 1.17408415723835, 1.2032289577364528, 1.3368321373809449, 1.1222677503143523, 1.1753915546182423, 1.3573036458260441, 1.0049143360913049, 1.3339125556718974, 1.0584593984107609, 1.8353459894239288, 1.3295094495842203, 1.457911088664327, 1.1841148872807903, 0.9378032024905488, 0.8840809333778751, 1.3598115364777565], [1.0945808935236143, 0.9992977280458442, 1.0684669648715506, 0.9931135268708442, 1.1792748384891607, 0.9172824953665526, 0.895217362262792, 1.920385024818544, 1.2471180464949074, 1.2585502568419522, 1.2327961054111944, 1.4448172616804837, 1.4344993926224345, 1.768705474353388, 1.6473996263158095, 1.6189108513398356, 38.384557547822794, 0.9963946646516115, 1.636231404432397, 1.9759883579129232, 1.0109654471280343, 2.066062480284872, 1.4722045640015455, 1.6221916827875418, 1.2589996483903532, 1.4790465756809712, 1.5488449895358207, 1.3618916939601469, 1.371921253528353, 1.504312841556699, 1.5578740673067775, 1.0355610064739527, 0.8587253657786684, 1.2165189837522385, 1.1932444435166487, 1.0064072808526194, 1.1452033480495514, 1.2095693005095283, 1.1012573290412415, 1.0541213919452463, 1.04411501271995, 0.9485819961051747, 0.9501508011726439, 1.4252932873714117, 1.100716340812434, 1.0170950913473376, 1.3240815361151483, 1.1151926066608193, 1.100233810770901, 1.013049543028964, 1.1080009541517906, 1.0552902825369987, 1.2618213363745294, 1.619748768766514, 2.494562308249895, 1.030960165490519, 0.945915809580409, 1.4752096630934808, 1.6483672927395923, 0.9043965173831396, 1.6883837622632707, 1.4986293650516478, 0.9742269079255073, 0.9308125424696342, 1.2099486038799105, 1.1239648373480806, 1.1506225063034812, 1.7846002699975634, 0.9248258691697973, 1.263962338336883, 1.1543478157695253, 1.47758707947524, 1.5855234911699414, 1.7360189064352989, 1.0292411884396508, 1.2474690934583341, 1.4957836596202991, 0.9125062667915742, 1.3179344763926704, 0.8695844389534402, 1.1944303506893836, 1.4213201339089636, 0.6729759857868671, 0.7221784505071197, 1.2751898891663038, 1.167967989140065, 1.9400503506067794, 1.0477284341866087, 2.8082515111681436, 1.6022042388109852, 1.059829012468086, 1.0548340539600158, 1.5109703968084223], [1.1421247685076192, 1.3982257989086717, 1.7472793656765808, 1.3043823352843649, 2.149499659173957, 1.5820825335174868, 1.5120224002262974, 1.3443521901954412, 1.7048238019707225, 1.8326058622765353, 1.247390555774772, 1.2410753346474162, 1.8894679945677355, 1.2492655733534928, 0.7960926475757291, 1.5089463007639907, 0.9963946646516115, 7.285014338346189, 1.331145412990633, 0.9274434687253515, 2.0839131802556197, 1.187365443281245, 0.9544979109584362, 1.3103778441292016, 1.6839271039646162, 1.0668636672917189, 1.177111459002356, 1.3184672035603047, 0.9693547484097923, 0.8882788209050341, 1.1240409386255814, 1.8306666505053462, 1.2334628191370078, 1.481088160061939, 1.2412940882996586, 1.0812575448618487, 1.1701474317558342, 1.1307006440630731, 0.9148956790935975, 1.7290576236877073, 1.0985781767076874, 1.5578151794420756, 1.1657473658167548, 1.5463887824895761, 0.9626801034619914, 1.65650768228778, 1.598541874953805, 0.9222557753234382, 1.183190000292041, 0.9782239811645109, 1.077451263221095, 1.7133599324348388, 1.6230011535743336, 1.3860406176123001, 1.2489140178074782, 1.1346978307670774, 1.1114138056500857, 0.9879086546872118, 0.9993399641356526, 0.8736876549684978, 0.983473659887478, 0.969992108263635, 1.4230935500617097, 1.3815967207574222, 2.0415397916973506, 1.2780218890038464, 1.597549023375438, 1.1893985034067764, 1.477671576992803, 1.0298349090299386, 1.4452647789947168, 1.4972566193309107, 1.1924288482099554, 1.087232020517565, 1.3385208647088165, 1.3788219923191218, 1.2199596846102205, 1.2977217925016082, 1.059059839402868, 1.6117902417251087, 1.3304535784004707, 1.9020758425497797, 2.1476770267907703, 1.3919156096401015, 1.1333383867299045, 1.3478363582508677, 1.5229255819232754, 1.001581165894079, 1.3066474344920642, 1.1375519377891317, 1.0204063084505264, 1.1160801300056893, 1.9242935309236457], [1.2868631173362823, 1.390368644243829, 1.4935652564009725, 1.5938880049900064, 1.1375268873362732, 1.2982289007088221, 1.1313668465915119, 1.5112397986803545, 1.4609286222683946, 1.5207774848831934, 1.2043507053216802, 1.0076654694912974, 1.2244506726052526, 1.4020559091575282, 2.0122269319046238, 1.3149578703698186, 1.636231404432397, 1.331145412990633, 12.398910088790952, 1.3388490595809128, 1.1136246272227939, 2.021918466343565, 1.6307780785238555, 1.9545440605284503, 1.7475039807628487, 1.2407631382966153, 2.0544659457344436, 1.818411693766489, 1.2472377027041524, 1.1708548160252856, 1.2330222176612964, 0.9869558843341097, 1.0406119086593333, 1.1615083679311564, 1.261702634271828, 0.8534195890659141, 1.1220643435743693, 0.9307206240637975, 1.3523547767444741, 1.023433487920459, 1.150752868330573, 1.2941299016851056, 1.1699188573476271, 0.943004409496624, 1.1913866786672642, 1.0040251630294539, 1.285746011971265, 0.9451801218956768, 1.042079156188164, 0.9780150711203792, 0.8652865020607858, 1.2428963518940384, 1.017815860855365, 1.0164342108395346, 1.2696115001789132, 0.8463841532304579, 1.0721605292794576, 0.7918501580522976, 1.493587062509495, 1.0509463969535893, 1.1128254507825583, 0.9570236128523566, 1.3232511115880652, 1.2198984078204642, 1.2085303354543642, 1.3366027676282735, 1.3476722011354254, 1.0535281152956575, 1.3022874862052531, 1.089951988032694, 1.4669773632259822, 1.4321426656986067, 1.098357266923984, 1.206675416642125, 1.2680738295177556, 1.1420083300725898, 1.316118987349204, 1.3265448126099777, 1.330892275953155, 1.2667443015470519, 1.6348809823213473, 1.9207806810379981, 1.1606226047892654, 1.2558982768474911, 1.9234716164469208, 1.4243466112844516, 2.0505509933636663, 1.3127784874455695, 1.3988789051650317, 1.0196720653543334, 1.1124783395556777, 1.0896086454957026, 1.0773459823018565], [2.050957036880763, 1.4581363404671792, 0.9603743260294662, 1.3962643085610695, 1.2241841509827718, 2.2832953569618, 1.5587014224746394, 2.347526879753044, 1.3617452568160364, 1.2569676021140916, 1.5080850418277258, 1.9155344362997426, 0.9136858621087702, 1.9106046794226974, 3.3008604191603146, 1.0990915670894874, 1.9759883579129232, 0.9274434687253515, 1.3388490595809128, 21.220015057927966, 1.3010839536657939, 1.7877873324860847, 3.8414319283459673, 1.714540650087427, 1.844055512719172, 3.113351241790438, 3.3979703930303224, 3.4887518603926333, 3.0356768268092837, 2.5143044613333374, 1.4147620366860933, 0.9297596012405532, 0.9922735717269604, 0.9295832984922917, 1.2065874712195128, 1.3679492732505052, 1.4827276693801905, 1.291690854883112, 1.2688953788256159, 0.9094483148840297, 0.8444683028673654, 1.3071129593081305, 1.0825475171647727, 0.920632289843249, 1.1108148630308519, 1.4643795948307823, 0.8236865402536598, 1.567878383910744, 0.8635820820283029, 1.3574617637263668, 2.071441647848103, 1.0126366431166829, 1.2561179964754305, 1.1091933277676365, 1.292029159851167, 0.8346543289426966, 1.7417582393726412, 1.8622748114752872, 0.9798440120892561, 2.4556051025122234, 2.0888905547559418, 1.7774721637062547, 1.4784546854360208, 1.3191413343363712, 1.175387870808768, 1.1776125167076033, 1.3410860973101624, 1.2225357198694695, 1.252875588165542, 2.0954800548688093, 1.1260624090201434, 1.472338152769176, 0.9738857507264955, 2.018086677890224, 1.1752630204046126, 1.2487218416194534, 1.6320274328977316, 1.347011213853611, 1.3030209660886682, 2.223450946800614, 1.1701717280502437, 1.2271403244536423, 2.0093623359188446, 1.7691554169243744, 2.1590928039177784, 1.203795127004725, 1.4799457939033114, 2.0167209560840886, 1.2204368981482032, 1.2750567629101783, 2.0175318904924575, 1.1433133944672422, 1.2192631318882983], [0.9212289069227103, 0.9862867138354902, 1.390325087147331, 1.3177523398838944, 1.9233050515828318, 1.3487960714732197, 1.0618378176793448, 1.1772300868716892, 1.3175732941244545, 1.6438903371841314, 1.0575331149733924, 1.41694540072552, 1.3954502502269803, 1.0181893463546037, 0.760055359458244, 1.160132708622844, 1.0109654471280343, 2.0839131802556197, 1.1136246272227939, 1.3010839536657939, 6.569884428708175, 0.9108702255704013, 0.8011361885054733, 1.3065211420968423, 1.1915487114490135, 0.896864480184012, 0.9305670988000331, 0.8578456634652627, 1.1841911080083563, 1.1774818991884028, 1.127829867090467, 1.5426110424018904, 1.495864857738274, 1.2165342227177431, 1.0547382045275164, 0.8963292412508612, 1.0864766774688495, 0.9951929973875268, 1.2269828306245747, 1.5405672851736711, 0.982409712714415, 1.4052027571930836, 0.9673997362488214, 1.2672775757265278, 1.2389316559308015, 1.201997375011633, 1.3427431613022662, 1.2141179277541263, 1.2836273056792413, 0.8118066572886058, 1.7071612828747154, 1.6304214721805095, 1.0797408187017752, 1.2108916186321177, 1.1081376041084832, 1.1701536112803224, 1.415953627249677, 1.4292989720108635, 0.9781636570811739, 1.3005148890502647, 1.8486943630002832, 1.5020223840326716, 1.1987673140391524, 1.164795409066213, 1.5419657589752276, 1.2797466974709477, 1.4348419742403542, 0.9913544919300499, 1.3478152415666846, 1.0584099466412193, 1.1942256262581177, 1.1716520949303484, 0.96658599061011, 0.9469501593413185, 1.0041171545258867, 1.1621037689171296, 1.026835153702251, 1.1444266320092524, 1.0521353978131098, 1.1068999303548455, 1.0677113984786006, 1.6224547783120349, 2.26511872611634, 1.2797545625429168, 1.5164659061253416, 1.419245743822763, 1.6245040297628623, 1.472209771131623, 1.2908423348560565, 1.5640656114854836, 1.3197800255750038, 1.149094688950279, 1.956889269025654], [1.797903443006736, 1.2555287244362734, 1.214357690571241, 1.546774307622381, 1.3720557159694724, 1.8815973729415534, 1.1808826271773585, 1.8005668410469673, 1.5768026777863726, 1.2448496331625496, 1.6345391215353706, 1.3130604557511734, 1.2436774024554693, 1.6878789539425498, 1.657160169282067, 1.3240957871512662, 2.066062480284872, 1.187365443281245, 2.021918466343565, 1.7877873324860847, 0.9108702255704013, 22.967910300714713, 1.9610099200735753, 2.33932014146745, 2.553996453503111, 1.6175914120917854, 1.9053459376965862, 2.4438501447911127, 1.2349258668035632, 1.2793358650923556, 1.687168928241926, 1.1203202271415607, 1.1809924335843927, 1.0433982869674616, 1.407286721263802, 0.9400039957582909, 1.2678643561477787, 1.2397977568834957, 1.5960530776694246, 1.1300307764750077, 1.132038962074962, 1.6522485659318844, 1.1434930906064924, 1.177464791416274, 1.5369415134885427, 1.0392134129721808, 1.0016175612952054, 1.0571801033952795, 1.2547398662044065, 1.697570657307455, 1.3374427349063482, 1.2077321285942033, 1.6962064078159522, 1.06286378805305, 1.3249381460139473, 0.8819964324384209, 0.8411401039906483, 0.901021244808358, 1.2806706792336024, 1.083439553215826, 1.2043955580315815, 1.0529365787088807, 1.3545396560633598, 1.6679908600149793, 1.1521638427795247, 1.2055511787075772, 1.2776083373423057, 1.123786704260