"[[1.0, 0.08282171548018658, 0.1198495090827093, 0.5219835716525794, 0.31909525833838226, 0.5564023138123635, 0.7011702057870663, 0.8741917682618044, 0.11985100572222118, 0.2956112579473531, 0.5707815593017449, 0.612510393411172, 0.2352837531548645, 0.8741923104409224, 0.025940409201814063, 0.3499082708110326, 0.030548421947895754, 0.3731849800487683, 0.4227857894699578, 0.7173775309237349, 0.7155734861005124, 0.038879089402458544, 0.026025077866793644, 0.3567685637485103, 0.43467356078871866, 0.8710561713417435, 0.0359343858053951, 0.08630312640127458, 0.08051707059572677, 0.05506946958455161, 0.47142776277601195, 0.3010044581149063, 0.24438953377701422, 0.2686445951952018, 0.2531982694558691, 0.4968195066849994, 0.67470197902281, 0.3383656026790698, 0.3273054073744799, 0.3927414336326003, 0.2446908949540738, 0.3506379521272034, 0.2329102836522713, 0.5735016329333841, 0.3644591263844865, 0.5302626259204785, 0.33853510108348095, 0.09165012011292695, 0.111287731997191, 0.11542179717259027, 0.3324504354597968, 0.734647938285456, 0.5047993312721577, 0.45625233848883084, 0.027446994070492226, 0.09762115261223214, 0.8711628252244307, 0.1196481495560141, 0.45913395677835345, 0.6037198084334222, 0.4944868214780378, 0.11983291494970505, 0.503905623637265, 0.40570211831541014, 0.20779174448541426, 0.21462904679427253, 0.36378062182984094, 0.32877609239976313, 0.33668971803617465, 0.8426115358138069, 0.25670612113405067, 0.4750171549117249, 0.2698093156630006, 0.11352225457193033, 0.19704822359212992, 0.11217760900978146, 0.30055403140390335, 0.11885086758587338, 0.11984323322812152, 0.7828029194336227, 0.7655396906117202, 0.11702915153178672, 0.43813974116335896, 0.6500004016343666, 0.6690560673010449, 0.11851456133430238, 0.1198270086842319, 0.42508556790522456, 0.10434676402263743, 0.10769575978144719, 0.8098875819028014, 0.11338324257280186, 0.2866170296620557], [0.08282171548018658, 1.0, 0.6899041515436928, 0.6819171924226777, 0.6699649194477688, 0.5070138628037993, 0.4855283379830284, 0.01971921120682918, 0.6899049554775564, 0.6683545922178514, 0.3996020721627509, 0.4854256922391871, 0.6743530891910748, 0.14503351934874453, 0.14790273829185097, 0.6666865895479115, 0.17477082249956455, 0.6362680736458118, 0.6035526868809374, 0.00031452391030817317, 0.4738447338328362, 0.22277675198118474, 0.14880597984264254, 0.5821713746995753, 0.621040568748453, 0.00022581279385791575, 0.20587026277180764, 0.8841994104605003, 0.4627306235648303, 0.9595185562286831, 0.5728504754302668, 0.6711997520099546, 0.6779107299451258, 0.675109215637131, 0.7676238402677016, 0.5270117157627766, 0.5489523035773716, 0.6647579832420148, 0.6648272150588531, 0.6412460711784895, 0.6870057836617417, 0.7229809634942592, 0.6830707100358556, 0.5937309249317607, 0.6251314105820835, 0.6792585410711384, 0.6890813615876499, 0.5269543042635936, 0.6402474670175003, 0.6639184077506511, 0.5574710657558024, 0.4542624882672732, 0.5877614131102592, 0.5883349010629316, 0.15696703027019865, 0.5613121385646267, 0.00024116828474607388, 0.7230684943304317, 0.5827316471992479, 0.4210357004571992, 0.5522281012040783, 0.6898952363566995, 0.7080124036358753, 0.6452741736276598, 0.68634056741165, 0.6825574104515665, 0.6584439623093473, 0.6496990338533037, 0.6669228691035938, 0.28567559183685853, 0.6710596502937312, 0.6210635766574125, 0.6609270297776749, 0.6531126979239796, 0.6868957081239507, 0.6454502987372176, 0.6615885648707883, 0.683979695784945, 0.6899007801671779, 0.3705627869569462, 0.4175389035288558, 0.673391125169623, 0.6237721344114896, 0.475127795954128, 0.4869187690150487, 0.6821084947349687, 0.6898920625582377, 0.5725094668717914, 0.6001913558101226, 0.6195811854792803, 0.35292068651921027, 0.6522945664745642, 0.6492542402811257], [0.1198495090827093, 0.6899041515436928, 1.0, 0.8703309918069059, 0.955276303540396, 0.7347606993434465, 0.7036120411094544, 0.02842907629298419, 0.9999999999821804, 0.968704379511459, 0.5790466413882555, 0.7034363728605321, 0.9774122283972088, 0.2100504294912532, 0.21418464184468677, 0.9514361245896679, 0.2531766340071666, 0.9221583565790353, 0.874730662328011, 0.0002466897434570958, 0.6866991385760255, 0.3227671538906024, 0.21555191307865806, 0.8437693544108962, 0.9001011019978815, 0.00017739786237924715, 0.2982684565217837, 0.7186298501722105, 0.6706123820909873, 0.4580925143441178, 0.8302094991968945, 0.972828572688048, 0.9825616734684461, 0.9784982234037111, 0.9741698802744271, 0.7637393888351328, 0.7170123585917598, 0.9634881279033777, 0.9635874630831505, 0.929382830736001, 0.9785229660353055, 0.9585940453440472, 0.9900504731526986, 0.8396147381859836, 0.9060044968037098, 0.8505747290798303, 0.94451067448856, 0.7637224817768439, 0.9279726017935177, 0.9622639331369739, 0.7724318346194218, 0.6583113578125086, 0.8518173895162642, 0.8526635608054287, 0.2273775402879985, 0.8135205564153333, 0.00018800444032240904, 0.9982624838595113, 0.8445430238397309, 0.610088488489661, 0.8003180964134458, 0.9999999978095289, 0.855915121421601, 0.9352329283930457, 0.9948188109430219, 0.9893237839984234, 0.9543307914492175, 0.941649848513769, 0.9666233495074771, 0.4139379003217032, 0.9726201610080019, 0.9001209059387653, 0.9579262398623848, 0.9466216566678913, 0.9956178869859651, 0.9355257482290866, 0.9588887603277672, 0.9913884837115635, 0.9999999996866844, 0.5369609163660346, 0.6050910452680236, 0.9760257714530339, 0.9040093250000474, 0.6885344409369396, 0.7023539166573318, 0.9886855002392609, 0.9999999959727933, 0.8297284030160404, 0.8698991329485465, 0.8980196564327501, 0.5114197264956515, 0.9454317419785959, 0.9410179540580221], [0.5219835716525794, 0.6819171924226777, 0.8703309918069059, 1.0, 0.945696991769942, 0.897239953746746, 0.951863691364593, 0.5039997678405528, 0.8703316494261865, 0.9418886094810737, 0.7799000601772798, 0.9029210627462864, 0.9156906235638922, 0.650087537692701, 0.1865344334585508, 0.9594703658704811, 0.22044073369190365, 0.947139910207983, 0.9362900062696847, 0.39501336927121333, 0.946190108506765, 0.281003091900478, 0.18768853936585483, 0.7344054127748858, 0.9632432291333458, 0.4795497803264104, 0.2596774231398067, 0.685861415518203, 0.5837204974607118, 0.4987345335734561, 0.9272485715197105, 0.9481743961876544, 0.924843364587581, 0.9349244605087598, 0.9377759251106703, 0.8877539724523309, 0.9564945707996416, 0.9612242534489234, 0.9552165833025235, 0.9637160633658006, 0.9236056831045837, 0.9736128268237323, 0.9245502397372788, 0.9932372680755265, 0.9293422245140482, 0.9903598849146165, 0.9518592592032552, 0.6647453188918834, 0.80767550412799, 0.8375309004681447, 0.8080782608518984, 0.9338539688372921, 0.962995926072032, 0.9369586369989179, 0.19798277134491338, 0.7080871432074948, 0.47961532926687367, 0.8741606596095739, 0.9320129613126649, 0.8229944686955197, 0.9158966486616725, 0.8703236984379279, 0.9840494446801614, 0.9755567523819115, 0.9145644765925235, 0.9139062297498292, 0.9678460956945543, 0.9383789409150219, 0.9628232797376535, 0.7967098117724171, 0.9236242969611587, 0.9854620113586715, 0.9190160960987103, 0.8239063371166216, 0.9092932509311832, 0.8142424314877466, 0.9367127717162571, 0.8628513762177313, 0.870328233896394, 0.8627443070775591, 0.9080495760991694, 0.8494894041409998, 0.9682873121719405, 0.911572026402341, 0.9335241819516276, 0.8604933560955887, 0.8703211016818011, 0.9013568140846658, 0.7571412969136453, 0.7816057983020325, 0.8571112993159491, 0.8228719284876665, 0.9146683035457068], [0.31909525833838226, 0.6699649194477688, 0.955276303540396, 0.945696991769942, 1.0, 0.8943278038479356, 0.8404218543127605, 0.2619102811283498, 0.9552768738045814, 0.9744538159762449, 0.7320822211028429, 0.8192845344233816, 0.9655533896879517, 0.44209947761280555, 0.2047187286361245, 0.9757214458913912, 0.24544235723350538, 0.9700941847543795, 0.9228939467698865, 0.19364074777555795, 0.8267122145641842, 0.3084135789327431, 0.21227510983793096, 0.806076130465845, 0.949300153068258, 0.2350868133756001, 0.2894131953332302, 0.6946117628645994, 0.6406808482424882, 0.4510085185363386, 0.8933584678386349, 0.9826042564024358, 0.9727613656220093, 0.9756554699594272, 0.969836141297355, 0.8388577049275548, 0.8447999364045683, 0.9813611383980174, 0.9799352155070312, 0.9643219513927594, 0.9741930694830284, 0.9808335557760003, 0.9766486184931619, 0.929845883925954, 0.9431053441694386, 0.9299807269998618, 0.9670765587435441, 0.7296160202873098, 0.946714954686949, 0.9491587049990222, 0.84637507070295, 0.8057937007046001, 0.9621143259273468, 0.9101177342948584, 0.22203184109551055, 0.7771875025685763, 0.23502930734641914, 0.9545017914054289, 0.9032848790136606, 0.7642586901204435, 0.8719853521977095, 0.9552699785097905, 0.9282698775780532, 0.9732626866897067, 0.9742024059914154, 0.9709762481409754, 0.9810853080128983, 0.9577522672906403, 0.9829325060040909, 0.6092086770572672, 0.9796145391647563, 0.9588455545768628, 0.9932705017477578, 0.904315371060436, 0.9720449359218686, 0.8937093523215365, 0.96686568434784, 0.952958960146412, 0.955273911900103, 0.7066373457889671, 0.7672409989315646, 0.93239612720549, 0.9663939119473395, 0.8142528083035036, 0.8310340467396734, 0.9444770122135361, 0.9552677263122324, 0.8806491184191219, 0.8312454016701349, 0.8578863780751693, 0.6903586101348695, 0.9278619586943619, 0.9458033777794981], [0.5564023138123635, 0.5070138628037993, 0.7347606993434465, 0.897239953746746, 0.8943278038479356, 1.0, 0.9008001553850881, 0.5582606863534384, 0.7347618168457887, 0.8225497464281198, 0.7348823349271331, 0.8597476434261632, 0.7910745839505056, 0.7100860624183448, 0.15757106437953117, 0.8553915797744441, 0.18617352940453413, 0.8396673911164011, 0.8389358555658316, 0.4428781847836547, 0.8953629321372593, 0.23729885554924368, 0.1585179652658909, 0.620043132109678, 0.8672235076703045, 0.5376563260567849, 0.2192917113488707, 0.5281482078461966, 0.5367154971427759, 0.3367097147790832, 0.8395352912971428, 0.8361356030764577, 0.8000976980759271, 0.8123803666973128, 0.7999907623899033, 0.837751944344074, 0.8901747104233271, 0.8454864650615276, 0.8387270771098817, 0.8565079620991065, 0.797615415727826, 0.8498257047096216, 0.7979611593665262, 0.9087348614824019, 0.8236098021716003, 0.8972579001967416, 0.8330550295562484, 0.5994172604689529, 0.8344374999892941, 0.7321381138978544, 0.715599237637397, 0.888375333866714, 0.9752813165627411, 0.8450069930218508, 0.16721043234529132, 0.5978310199183583, 0.5377311237220082, 0.7334888462453586, 0.8414189185875441, 0.7757249821503727, 0.8569315170012937, 0.7347483073889648, 0.876561082268054, 0.8683698054446728, 0.785607271920474, 0.7861970044073496, 0.8551192606877503, 0.8251395583872375, 0.846524590561019, 0.7935167903802051, 0.8011303870782448, 0.8879440166308111, 0.8917005413885016, 0.7062175374210727, 0.7811636264657297, 0.687427424776087, 0.8276059746600013, 0.7284575291776442, 0.7347560130733851, 0.8484077047245566, 0.872268266478397, 0.7171840311378025, 0.8722739336121882, 0.8563481607217424, 0.8861298414943389, 0.7264623915243195, 0.7347438961014386, 0.8351328281686662, 0.6392325194479486, 0.6598789569258448, 0.8377377898461572, 0.6947198131802342, 0.7987040458754051], [0.7011702057870663, 0.4855283379830284, 0.7036120411094544, 0.951863691364593, 0.8404218543127605, 0.9008001553850881, 1.0, 0.7277847979805989, 0.7036129248565401, 0.8274972931507834, 0.8300239457751547, 0.9411662328623728, 0.7837425526073678, 0.8378793253269327, 0.15090398685054685, 0.8639260749744306, 0.1782904462047239, 0.8686567574248422, 0.8744364333302136, 0.5832330109102906, 0.9978952733429486, 0.22724783902981938, 0.1518082901839647, 0.5937636796238713, 0.9027149994387182, 0.7081115197939215, 0.21033263809073577, 0.5057708495679493, 0.5114101155300697, 0.32244588952638753, 0.8864460855295149, 0.8345623685045231, 0.7942624434215926, 0.8115148145520886, 0.7963337919013487, 0.8905861832145292, 0.983050495206889, 0.8590859780036527, 0.8509614789132465, 0.8826071441521955, 0.7937251931369741, 0.8660953262722193, 0.7894728812306125, 0.9751161006801323, 0.848062181431999, 0.953766010406189, 0.848846030434002, 0.5717858960114633, 0.6529860343415989, 0.6840233343894797, 0.753365743599765, 0.9962390028505111, 0.9266652854278323, 0.8877236160381616, 0.1601315885468204, 0.5724924888561629, 0.7082008888961147, 0.7023961331031863, 0.8851435446770555, 0.8737602163094356, 0.9076797686713683, 0.7036022409682877, 0.928430624470223, 0.8966899264047257, 0.7719514112888568, 0.7741775650367037, 0.874949468971554, 0.8380540263984023, 0.8596226835804298, 0.9358097775981713, 0.8026250134514551, 0.9317432556658198, 0.7999893277117637, 0.6756656423382338, 0.765192166842897, 0.6582908431577699, 0.833481331965518, 0.6996098537262324, 0.7036083350495217, 0.9712118042776761, 0.9898641780133326, 0.6867815262351751, 0.9129622044069824, 0.9459179099751314, 0.978307126770218, 0.6956681484045706, 0.7035987521848476, 0.8706126199640791, 0.6121416034548656, 0.6319116224317595, 0.9683057452091286, 0.6737771549701659, 0.8034072823184297], [0.8741917682618044, 0.01971921120682918, 0.02842907629298419, 0.5039997678405528, 0.2619102811283498, 0.5582606863534384, 0.7277847979805989, 1.0, 0.028430186903253163, 0.23350834277853483, 0.5917387402884241, 0.6260483041724277, 0.16333611500748346, 0.9801751246401581, 0.006297458637305353, 0.2976901696281329, 0.007355703832579108, 0.3275872971327194, 0.3896775837674138, 0.8230933348936554, 0.7461701364227118, 0.009326588048626183, 0.006275527181069496, 0.024066944206275753, 0.4005629258117376, 0.9994859784462721, 0.008623888477766739, 0.020566009229908366, 0.019176406343269115, 0.013152431803469367, 0.45034442372829897, 0.2392474595497065, 0.1732198490983694, 0.20149575589298074, 0.18423481794654295, 0.4867204936486076, 0.695953341884235, 0.2831387367274836, 0.27043523087617416, 0.34924579843756465, 0.1740039716970463, 0.2977550231319166, 0.15923468388068152, 0.5664670772646397, 0.3193304445790661, 0.5156339867091215, 0.2853887804849178, 0.02180347950638306, 0.026435998144178963, 0.02742873451678618, 0.2971496952174535, 0.7711543619248379, 0.4862798042471599, 0.4304850315800417, 0.006615132105654342, 0.023220869578838732, 0.999601138434729, 0.02838526206862746, 0.43467847815445615, 0.6261369160102368, 0.48006733890219366, 0.02841676244043656, 0.4848169743493195, 0.36348653986451374, 0.12990451397572145, 0.1383443031961218, 0.31330018115463865, 0.27451141780350485, 0.2808720690917438, 0.9217050595192172, 0.18843273091507562, 0.4468500602902008, 0.20506893808708093, 0.02696619081784346, 0.11748566979172115, 0.026639214177151094, 0.240247039506987, 0.028210134202171888, 0.028424419197298878, 0.839639283941174, 0.8124159243058456, 0.027788054196312917, 0.4040875122143518, 0.6707086778452505, 0.6910625736467603, 0.028123931387400103, 0.028412379697407286, 0.39722365175737884, 0.024800218325204293, 0.025583274262319766, 0.8735229149392505, 0.026934331751608753, 0.22620729628422087], [0.11985100572222118, 0.6899049554775564, 0.9999999999821804, 0.8703316494261865, 0.9552768738045814, 0.7347618168457887, 0.7036129248565401, 0.028430186903253163, 1.0, 0.9687047623791039, 0.5790479220472368, 0.7034376881112518, 0.9774125591524968, 0.21005159895325076, 0.21418611751203853, 0.9514366697060022, 0.25317774235224855, 0.9221589611398607, 0.8747314440145969, 0.0002482348392836009, 0.6866999467168738, 0.3227682053979032, 0.2155529976907562, 0.8437699504749632, 0.9001018443758085, 0.00017852546603625008, 0.2982695304404246, 0.71863093703721, 0.6706132060061785, 0.45809350150888273, 0.8302104140662626, 0.9728289517722369, 0.9825619641580521, 0.9784985619308127, 0.9741703068884151, 0.7637404031819894, 0.7170133631039651, 0.963488500173083, 0.96358788636711, 0.9293833884239708, 0.9785233615244431, 0.9585944684163272, 0.9900507121728898, 0.8396153637178799, 0.9060052841422847, 0.8505755991936506, 0.9445112796090032, 0.7637231986005759, 0.9279730156339435, 0.9622643204446991, 0.7724328175911535, 0.6583121966633909, 0.8518181774299944, 0.8526644048889698, 0.2273786220351337, 0.813521202493863, 0.00018911573755664435, 0.9982625751314029, 0.8445438656865278, 0.6100897287870974, 0.8003190350436136, 0.9999999973965814, 0.8559160018782702, 0.9352334234867915, 0.9948189238872451, 0.9893240122256899, 0.9543312311528196, 0.9416503768885368, 0.9666236878869331, 0.41393891179055187, 0.972620526464881, 0.9001214971667585, 0.9579266879998318, 0.9466221530638276, 0.9956180173225979, 0.9355261402665777, 0.9588893015464087, 0.9913886870468972, 0.9999999995194278, 0.5369620301228142, 0.6050919639249552, 0.9760260134277173, 0.9040100350885796, 0.6885355231884277, 0.7023551115601966, 0.9886856666435384, 0.9999999954192123, 0.8297292846678016, 0.8698997417551773, 0.8980201446812488, 0.511420681215266, 0.9454321040862069, 0.9410185086650411], [0.2956112579473531, 0.6683545922178514, 0.968704379511459, 0.9418886094810737, 0.9744538159762449, 0.8225497464281198, 0.8274972931507834, 0.23350834277853483, 0.9687047623791039, 1.0, 0.6795256643134535, 0.8063666562803493, 0.9747699095758603, 0.4042984748527274, 0.20756246884130614, 0.9774564186321641, 0.24531460764037605, 0.9554310844345271, 0.9225651915093619, 0.16992236109364534, 0.8149985832785845, 0.31272431218246943, 0.20886359805552135, 0.8173940757779236, 0.9492332882829039, 0.20620008281909818, 0.28899030986926877, 0.6961934301447036, 0.6496686375248946, 0.4438068363873242, 0.8922056197269316, 0.987842085078849, 0.9817657617533105, 0.9866877911007982, 0.9891250812736819, 0.8357070308018426, 0.8338389650680312, 0.9860577119888259, 0.9835356302918681, 0.966849522874294, 0.9780401777778928, 0.984358609482456, 0.9881199554364671, 0.9251891936378579, 0.9381786320162635, 0.9265064517576674, 0.9682548181789863, 0.7398572631934296, 0.8989524771420697, 0.9321766325995395, 0.8050045671673906, 0.7928157042657279, 0.9204168309956543, 0.9133500553681243, 0.355066643266746, 0.7880970192369892, 0.2062354351592086, 0.9718551234912651, 0.9027756900169399, 0.7165068945969464, 0.8695510732243186, 0.9687001321899282, 0.9240590819217093, 0.9754153490344541, 0.9846334324582031, 0.9810845078538135, 0.983458327183992, 0.9632553621991151, 0.9886093555505368, 0.5885542063014997, 0.9753311578264765, 0.9587929904017004, 0.964613599662409, 0.9170184115034079, 0.9828440942537874, 0.9062651423655129, 0.9727910599304287, 0.9603725309828427, 0.9687027736695614, 0.6900953565794755, 0.750076433776726, 0.9454958955884271, 0.9537292212694357, 0.8012180570574905, 0.8420184579800762, 0.9577506872703977, 0.9686986194707494, 0.8807918636458821, 0.842702887133914, 0.8699369752202585, 0.6724814546195328, 0.9158655892372909, 0.9526896821202233], [0.5707815593017449, 0.3996020721627509, 0.5790466413882555, 0.7799000601772798, 0.7320822211028429, 0.7348823349271331, 0.8300239457751547, 0.5917387402884241, 0.5790479220472368, 0.6795256643134535, 1.0, 0.7935983083597619, 0.6440229662755129, 0.6825316589543954, 0.12425090872745415, 0.7067674823751771, 0.14677419189863716, 0.8474302488054732, 0.7284562751531675, 0.4740738809663083, 0.8160016687490932, 0.18706216206905324, 0.12497576467530747, 0.48866836005113545, 0.7371026132730959, 0.5755441940261904, 0.18009622251657276, 0.4162680035492794, 0.3884375785603398, 0.2653977923416069, 0.7264556678084753, 0.6891598036582891, 0.6526141246692289, 0.6666064366391556, 0.654242719267839, 0.7100096923116178, 0.8041583632063017, 0.7051623934337813, 0.7156941054955835, 0.7240409417882044, 0.6876119794101876, 0.7108234743551226, 0.6487720263886616, 0.7985802840897273, 0.7515219990593098, 0.7755041271040523, 0.720757274092679, 0.4423305418305451, 0.5373989259290682, 0.7097884092522303, 0.9356394548742857, 0.8154816348297322, 0.7593033842148518, 0.7276525794650652, 0.13182731517706947, 0.4711684753154912, 0.575622870874197, 0.5780462130278763, 0.7254966101143813, 0.9964588280283893, 0.7267464295103513, 0.5790324408220515, 0.7607566405509091, 0.7355241875362194, 0.6345551351483536, 0.6363278831829897, 0.7341041729094719, 0.687913862706419, 0.7056232085210143, 0.7635800371295554, 0.7526321247326601, 0.7637668061966217, 0.6570962592304435, 0.5481969280606018, 0.6278588241625448, 0.5417594534182797, 0.684062866044522, 0.6190180664116858, 0.5790412710193708, 0.7855713869001444, 0.8263699678329988, 0.565209183173937, 0.8472523280190755, 0.7736077681849065, 0.8048225593863437, 0.5725126758315235, 0.5790273859829551, 0.6973396737860964, 0.5037875744919239, 0.5200527795397423, 0.7906884048202003, 0.7356392861813476, 0.659744588830477], [0.612510393411172, 0.4854256922391871, 0.7034363728605321, 0.9029210627462864, 0.8192845344233816, 0.8597476434261632, 0.9411662328623728, 0.6260483041724277, 0.7034376881112518, 0.8063666562803493, 0.7935983083597619, 1.0, 0.7697784331447165, 0.7386638286880696, 0.15090588044426534, 0.8483194447201666, 0.1782762802149641, 0.8471544693544305, 0.8379469603591838, 0.49945676030743424, 0.9237994217215972, 0.22722012711563833, 0.15179729841406675, 0.5936295444207758, 0.8838862088366871, 0.6063485130760548, 0.2107878626199452, 0.6061033885816184, 0.6840163973394098, 0.3223879134041908, 0.8520614354292425, 0.8131255907608115, 0.7793098112604981, 0.7936711431925173, 0.7802416585054217, 0.9473256673634493, 0.9141547014004493, 0.8328873543222031, 0.8272420700628952, 0.8495898564893217, 0.7811353744714812, 0.8383942446695162, 0.775961817393666, 0.9197308457434604, 0.8218885491662433, 0.9349254515681914, 0.8240388605960719, 0.7219608358178276, 0.6528326034847624, 0.6940362918020058, 0.7472340086683161, 0.9195933334323578, 0.8794925828145719, 0.9205344313416634, 0.16011992945493791, 0.5723676580756252, 0.6064319807457356, 0.7022203681987209, 0.843198555648456, 0.8312072119148678, 0.9512186605309461, 0.7034217884646986, 0.8814073032508193, 0.8622339323871137, 0.7614301742473822, 0.7627845809378325, 0.8467696315377098, 0.8126764704619555, 0.8336654749529463, 0.8430940625697547, 0.7925540883920665, 0.8887071738871907, 0.7817305219654851, 0.7173396348220242, 0.7624637677305666, 0.6581322170606171, 0.8454766792471946, 0.7024345337895829, 0.7034308573910044, 0.9285354625501275, 0.9100033645063316, 0.6866190308792774, 0.8991232750061732, 0.8804372784840648, 0.9465676952873472, 0.6954962042386454, 0.7034165968825092, 0.9290620807624699, 0.6119987911492384, 0.6317608908983687, 0.8807588937514793, 0.6861613195577302, 0.7829418015997], [0.2352837531548645, 0.6743530891910748, 0.9774122283972088, 0.9156906235638922, 0.9655533896879517, 0.7910745839505056, 0.7837425526073678, 0.16333611500748346, 0.9774125591524968, 0.9747699095758603, 0.6440229662755129, 0.7697784331447165, 1.0, 0.3374689609338074, 0.3477531100299316, 0.9666671520917569, 0.24750613900547525, 0.9422212986870204, 0.9044709025426134, 0.11191490578338792, 0.7697668394877718, 0.31552247066987116, 0.21072811391936597, 0.8247347161642806, 0.9306432970250847, 0.13576130418694887, 0.29157531319537644, 0.702439201498095, 0.6554987781266413, 0.44778471587991, 0.8693587492825194, 0.97956340538414, 0.9800825367073573, 0.9799622187869668, 0.9734097916539741, 0.8095847266714297, 0.7924703143586891, 0.9764234734183396, 0.9921255864313183, 0.9521907635763225, 0.9762580312974865, 0.9736416610686054, 0.9909874150327528, 0.8942601316497297, 0.9253770983366683, 0.9009237528542907, 0.9582582679395664, 0.746499676432003, 0.9070284416600457, 0.9442543309274772, 0.7923355083861123, 0.7455190655704848, 0.8952695968084775, 0.8885237469804789, 0.22228764015116476, 0.8894254615173546, 0.13578899589586235, 0.975715712653717, 0.8811865095715549, 0.6789132654229175, 0.8442891860382715, 0.9774085588456314, 0.9265938177733575, 0.9598156800567803, 0.9861341305047608, 0.9819312574732678, 0.9716001727492479, 0.9539947054529785, 0.9791686672737797, 0.5280293600503889, 0.9724692093411486, 0.9369421642345201, 0.9604215833201681, 0.9252563438741651, 0.9852286105691467, 0.9144075289604672, 0.9855784488864948, 0.9690031366139611, 0.9774108410729218, 0.6366717694356874, 0.6993012264641658, 0.9539918405456373, 0.9349340079398579, 0.7613233433142776, 0.7775400894332126, 0.990671290442894, 0.9774072517555613, 0.862101231103255, 0.9296432418389079, 0.8777517870312703, 0.6163964141789062, 0.9240937584341398, 0.951415299150942], [0.8741923104409224, 0.14503351934874453, 0.2100504294912532, 0.650087537692701, 0.44209947761280555, 0.7100860624183448, 0.8378793253269327, 0.9801751246401581, 0.21005159895325076, 0.4042984748527274, 0.6825316589543954, 0.7386638286880696, 0.3374689609338074, 1.0, 0.045222533614727056, 0.4651838592213199, 0.053356526001613336, 0.4875406925344017, 0.5394315306142264, 0.8025666788233139, 0.8527182526745928, 0.0679656154609184, 0.04544212260009983, 0.1773231473716239, 0.5546682205625242, 0.9745226696172287, 0.06281330769280258, 0.15110171204211542, 0.14098739854770126, 0.09636771770724084, 0.5904649093434687, 0.41207533319060285, 0.34804433220465736, 0.374872251406398, 0.35725618426774386, 0.6138138391723559, 0.8092886134796268, 0.45173558057961505, 0.43936877205869806, 0.5099731664314764, 0.34807385674470925, 0.46509429758566845, 0.3357734501405061, 0.7053908169794609, 0.4765478747210651, 0.6578336386542608, 0.4504736305884527, 0.1605232159598684, 0.2239319946214, 0.20695476286686731, 0.4305728583398456, 0.8719016594222566, 0.6485827618806981, 0.5751952870137534, 0.047929667432134115, 0.17098443663939755, 0.9746375756444607, 0.2096921800354392, 0.5778030092800622, 0.7217302448366837, 0.6139938613302158, 0.21003746269210188, 0.628760187234111, 0.5249226168305363, 0.3080434476422931, 0.31527208799120987, 0.4794734503227831, 0.43934477528280924, 0.45009715767706693, 0.9741291177039365, 0.36106533850187605, 0.5997997872654355, 0.3921031303127508, 0.1989003462699337, 0.29608175336906906, 0.19655654710400106, 0.40908103769441473, 0.2082706883415315, 0.2100455255441207, 0.9165511624478109, 0.9024266825383475, 0.20505954051704467, 0.5588206325625295, 0.7794849599910334, 0.8018510984747903, 0.20769273270021793, 0.21003284736209604, 0.5385847776745887, 0.18280176018401062, 0.1886901300443854, 0.9449257369647424, 0.19865124044099125, 0.3921338713434681], [0.025940409201814063, 0.14790273829185097, 0.21418464184468677, 0.1865344334585508, 0.2047187286361245, 0.15757106437953117, 0.15090398685054685, 0.006297458637305353, 0.21418611751203853, 0.20756246884130614, 0.12425090872745415, 0.15090588044426534, 0.3477531100299316, 0.045222533614727056, 1.0, 0.20389260353784489, 0.05443002068879221, 0.19764314061770372, 0.1874966061495913, 0.00033731487247901093, 0.1472524258482677, 0.06932560275387045, 0.046357518562958666, 0.1808243180494682, 0.192902008876209, 0.0002421066043128972, 0.064069952035129, 0.15409371204307631, 0.1437781155718113, 0.09828225618000697, 0.17798663093712608, 0.20844550600780454, 0.21052185444538885, 0.20965557751441555, 0.20874844175211682, 0.16378633299171352, 0.2265682599085752, 0.20644895519010542, 0.297717245887431, 0.19917854477277985, 0.20966395674829286, 0.20540347542641202, 0.24114091549130412, 0.1799639722673, 0.19420014590505896, 0.19753379700468066, 0.2024238884081644, 0.16369498628061774, 0.19882754298128325, 0.2256995087014011, 0.16564822440500715, 0.14117736444316542, 0.1826196366373094, 0.18278270700689414, 0.04889493937573541, 0.6706704189947748, 0.0002589206113361442, 0.21381936168009108, 0.18104180308970208, 0.13093161517864582, 0.1715843390323608, 0.2141682800132172, 0.328471239509048, 0.20041624646802303, 0.21309642016465724, 0.2119354033120392, 0.20449517365668524, 0.20178703888974603, 0.2071234969665371, 0.08885203351734183, 0.2084074513055445, 0.19292147790929182, 0.20527005475342264, 0.2028214110831591, 0.21327486449206357, 0.20043014243981794, 0.30788503208919693, 0.21237335123310175, 0.21417845389534662, 0.11522702236318938, 0.1297671653646254, 0.2091021539233896, 0.19380339274499225, 0.14767997573103142, 0.1506553323223222, 0.33980756655345745, 0.21416245632815345, 0.18006675766587255, 0.6043591133871751, 0.19241005460193605, 0.10971570251232332, 0.20256997316180336, 0.22580148063751537], [0.3499082708110326, 0.6666865895479115, 0.9514361245896679, 0.9594703658704811, 0.9757214458913912, 0.8553915797744441, 0.8639260749744306, 0.2976901696281329, 0.9514366697060022, 0.9774564186321641, 0.7067674823751771, 0.8483194447201666, 0.9666671520917569, 0.4651838592213199, 0.20389260353784489, 1.0, 0.24096450262954938, 0.959017245427633, 0.9310762380713049, 0.22319882049312112, 0.8501740703158229, 0.3071714692195304, 0.20516169373808713, 0.8028345529413561, 0.9616451442120425, 0.2708882029528865, 0.2838595809902351, 0.691385005830796, 0.6766592381026814, 0.44847703592050325, 0.9054947924492618, 0.9832474540869482, 0.9742047813013013, 0.9780285758918441, 0.9711375289062255, 0.8758827459160239, 0.8662446368682547, 0.9859750804306919, 0.9826290941983837, 0.9716985332039201, 0.9708393989366676, 0.9865182551524629, 0.9822091494160369, 0.9460926417170551, 0.9415400240110199, 0.9511939917121123, 0.9694128499712473, 0.7602342129204231, 0.8899161401216373, 0.9167157508345394, 0.8099638782953892, 0.8301507250937421, 0.9402349865695305, 0.9213045971126739, 0.21641468322525204, 0.7740618089073926, 0.2709317089261044, 0.9504570939113018, 0.9147763335016804, 0.7453835741802075, 0.9054771989176585, 0.9514300783926197, 0.9413799134236601, 0.9810732519340676, 0.9740322044078875, 0.9711353283536244, 0.9855029270894141, 0.9630325405698688, 0.9883203453691608, 0.6403021503255267, 0.9689454676328538, 0.9854029140888685, 0.9638045687101171, 0.9100183914417533, 0.9728806975518675, 0.8901160832940868, 0.9774835081055363, 0.9574642110417093, 0.9514338384025044, 0.7434120249259405, 0.7910978028766248, 0.9286472759224039, 0.9665799868588135, 0.8316819483834633, 0.8580954071451365, 0.9406800333089832, 0.9514279254408027, 0.912196089120355, 0.8276907351267597, 0.8544369772407954, 0.7192477968703724, 0.8995474784630989, 0.9493520268488123], [0.030548421947895754, 0.17477082249956455, 0.2531766340071666, 0.22044073369190365, 0.24544235723350538, 0.18617352940453413, 0.1782904462047239, 0.007355703832579108, 0.25317774235224855, 0.24531460764037605, 0.14677419189863716, 0.1782762802149641, 0.24750613900547525, 0.053356526001613336, 0.05443002068879221, 0.24096450262954938, 1.0, 0.2335682038333422, 0.22156970204628812, 0.00027836246638257567, 0.1739865461487169, 0.0818642125650253, 0.054716692894607566, 0.21370007062728513, 0.2279714005741682, 0.000199851951683927, 0.9983542930575763, 0.18207272813396136, 0.16989216757648307, 0.11610433852352542, 0.21031753539701015, 0.24635852490677823, 0.2488163319366694, 0.2477906739901623, 0.24670993444314848, 0.19351647388512627, 0.18167671131518182, 0.24399675857951553, 0.24402343386989012, 0.4081781553799052, 0.24779933423959033, 0.24275983627613773, 0.2507026928609881, 0.21267042458113172, 0.5064081855350961, 0.21776433850550414, 0.2392222006074659, 0.19344587416375514, 0.2349942035849738, 0.24369387938085074, 0.19958359579235796, 0.16680334743902492, 0.21579166417428663, 0.21599233287760944, 0.05771408079219853, 0.20605547281660375, 0.00021343543890794958, 0.25274202749940433, 0.2173991284942186, 0.15465725164610733, 0.2027497558685991, 0.25316434473295735, 0.21681225243926994, 0.2368577419727702, 0.2518811971192809, 0.25050211941879374, 0.24168412557822827, 0.23847969091421717, 0.244792746333224, 0.1049457487864004, 0.24631068489055585, 0.22798763075908623, 0.24259801985265983, 0.2397154734928577, 0.2520890083510485, 0.2368950597672832, 0.24283926983204596, 0.25102160312433075, 0.2531719863228037, 0.13611148856569855, 0.15332089321143572, 0.2471466445626611, 0.2290091184774834, 0.17447747934430768, 0.17798800577028762, 0.25032804236539563, 0.253159970500201, 0.21018282887373074, 0.2771416295077944, 0.22740940332181903, 0.12961418983074835, 0.23941659054028608, 0.23830780612054603], [0.3731849800487683, 0.6362680736458118, 0.9221583565790353, 0.947139910207983, 0.9700941847543795, 0.8396673911164011, 0.8686567574248422, 0.3275872971327194, 0.9221589611398607, 0.9554310844345271, 0.8474302488054732, 0.8471544693544305, 0.9422212986870204, 0.4875406925344017, 0.19764314061770372, 0.959017245427633, 0.2335682038333422, 1.0, 0.9216755817475638, 0.24851142984662555, 0.8524169680614008, 0.2977369191682042, 0.19886623566903916, 0.7781392512541181, 0.9431442922057149, 0.3016214132886499, 0.27817473743908017, 0.6627774985003159, 0.6184813151915993, 0.42251595892667426, 0.8943167461648271, 0.9626120456613529, 0.9499073824701084, 0.9547233882546206, 0.945568611841421, 0.8445682615134905, 0.8649734517136406, 0.9656327974115545, 0.9693576549943421, 0.9544188042412189, 0.9619051721306456, 0.9655705240736406, 0.9525286448724505, 0.9379169179505499, 0.948319812170283, 0.9326123478262367, 0.959458238103662, 0.7043314342857236, 0.8557723305485935, 0.9513986694629318, 0.9337552085331129, 0.8344664300552779, 0.9248933989719615, 0.9088382604866585, 0.20977315916046635, 0.7502532121786214, 0.3016682714169019, 0.9205602182328799, 0.902683721061937, 0.8690383720739364, 0.8759720241972047, 0.9221516513668232, 0.9281929701702474, 0.9640542322560814, 0.9480314738873656, 0.9455608315879069, 0.9733841156928185, 0.9430848575340025, 0.967813657746286, 0.6561675285453242, 0.9860543431685868, 0.9571216518476693, 0.9370118674498423, 0.8729707077375504, 0.9450179987355598, 0.8627310044252483, 0.951091874851964, 0.9330864109828269, 0.9221558211366507, 0.743817541377333, 0.805456933992005, 0.9000752662766387, 0.9922223964060486, 0.831347193105707, 0.8550307564299211, 0.9117355680491874, 0.9221492638910685, 0.8785851220314425, 0.8022299904478318, 0.8281512133969583, 0.7306920030067078, 0.9508122576305096, 0.9279383018897894], [0.4227857894699578, 0.6035526868809374, 0.874730662328011, 0.9362900062696847, 0.9228939467698865, 0.8389358555658316, 0.8744364333302136, 0.3896775837674138, 0.8747314440145969, 0.9225651915093619, 0.7284562751531675, 0.8379469603591838, 0.9044709025426134, 0.5394315306142264, 0.1874966061495913, 0.9310762380713049, 0.22156970204628812, 0.9216755817475638, 1.0, 0.30075666573688875, 0.8659847123651401, 0.5835256129658261, 0.18865084876371807, 0.7381251921515599, 0.9242596272409348, 0.3650694184855683, 0.261260886118178, 0.6287004030240867, 0.5866815028394543, 0.40079592848127943, 0.8820351828403659, 0.9283678573980156, 0.9125321890383127, 0.9193431177528991, 0.9093057273224825, 0.8378699800165506, 0.8738591932014969, 0.9361751968829928, 0.9322579555305298, 0.9308373404178978, 0.9106412956219179, 0.9372813477895371, 0.9138966417505375, 0.9325464131370219, 0.9017780667740395, 0.9234748252398276, 0.9214927767577318, 0.6681139980516279, 0.8117634092306392, 0.8472068214591515, 0.7879354504111121, 0.8506075983788477, 0.9138317380031459, 0.8941903832244207, 0.19899749788724042, 0.7116752709973159, 0.3651243529853414, 0.8732144879937122, 0.8887017987011804, 0.7663979124430053, 0.867048880939275, 0.8747219933641988, 0.9168337351396281, 0.9410886827565036, 0.9073015540991403, 0.9056368143487324, 0.9654204010504523, 0.9141535711531629, 0.9483399827192543, 0.6943074780681576, 0.912947832034822, 0.9411780580360831, 0.9028712198109696, 0.8280761000556401, 0.9034605416471896, 0.8183623321368639, 0.9167641780546866, 0.8688167363036549, 0.8747273841685386, 0.7706907256534266, 0.8202751241530359, 0.9230247901973841, 0.9327145349766984, 0.8400321019681235, 0.8598285774056645, 0.8648447021354834, 0.8747189070054409, 0.8622851802135747, 0.7609749388483695, 0.7855616127012334, 0.7609732348426311, 0.8337413113411877, 0.895969743258148], [0.7173775309237349, 0.00031452391030817317, 0.0002466897434570958, 0.39501336927121333, 0.19364074777555795, 0.4428781847836547, 0.5832330109102906, 0.8230933348936554, 0.0002482348392836009, 0.16992236109364534, 0.4740738809663083, 0.49945676030743424, 0.11191490578338792, 0.8025666788233139, 0.00033731487247901093, 0.22319882049312112, 0.00027836246638257567, 0.24851142984662555, 0.30075666573688875, 1.0, 0.5987558822663055, 0.00028529107046815216, 0.00025450315988051475, 0.00031636187923633763, 0.30912256321932374, 0.8233226800106993, 0.00027050463313571527, 0.00036251655346930534, 0.00031754126815897177, 0.0002892335863736717, 0.35176815792662897, 0.1745537870961985, 0.11994023574877322, 0.14332591351848833, 0.12921739399707033, 0.3832854069353473, 0.5567002352146727, 0.21092360391266973, 0.20045864656420198, 0.2661783180453683, 0.12068259132263481, 0.22307702962465392, 0.10824226968399375, 0.4471807965663399, 0.2420918477805265, 0.40507756789200344, 0.21323323695735197, 0.00031313433311452865, 0.0003033493543772581, 0.0003367636315894096, 0.22694139742996544, 0.6199943931972881, 0.3808684548228112, 0.3348848657759096, 0.0002621800009451336, 0.00032801365481271993, 0.8234235179325538, 0.00025368954873183913, 0.33852632013869277, 0.5017009337672201, 0.37694239214776715, 0.00022955864133389348, 0.3795588605875062, 0.2777659003452393, 0.08395748578014539, 0.091043030408684, 0.2359818382620984, 0.2043300156037, 0.20898532059186348, 0.7496661053217625, 0.13270716799932714, 0.3472538384437731, 0.14675436483601034, 0.0003076685777139154, 0.0737131099763626, 0.00028927495701913664, 0.17570543969117203, 0.00027981446794611564, 0.00024021074504576578, 0.6792318113084802, 0.6552082604497238, 0.00029628938617121126, 0.31196259298558515, 0.5365728617485794, 0.5530239170872138, 0.0002662621062267112, 0.00022346138570261687, 0.30801834899834524, 0.0003094437792897642, 0.0002940303429020963, 0.7077150752037448, 0.00031061139102950275, 0.16455145579158992], [0.7155734861005124, 0.4738447338328362, 0.6866991385760255, 0.946190108506765, 0.8267122145641842, 0.8953629321372593, 0.9978952733429486, 0.7461701364227118, 0.6866999467168738, 0.8149985832785845, 0.8160016687490932, 0.9237994217215972, 0.7697668394877718, 0.8527182526745928, 0.1472524258482677, 0.8501740703158229, 0.1739865461487169, 0.8524169680614008, 0.8659847123651401, 0.5987558822663055, 1.0, 0.22176804624359603, 0.14814168808678907, 0.579481671656554, 0.8907975537300892, 0.7269802429081267, 0.20494059640391904, 0.49359649956330465, 0.4606014727951888, 0.31467944952824767, 0.8804525099631992, 0.8219189482508327, 0.7803835940706472, 0.7982407108094921, 0.7828066447818278, 0.8626365537400282, 0.9836734148808776, 0.847616510279424, 0.8384451310063356, 0.8729784985255418, 0.7782653980243979, 0.8549868935895681, 0.775200309157863, 0.9711593650170771, 0.8356560800419163, 0.9414955325851876, 0.8366165609962718, 0.5245240962601777, 0.6372834301712318, 0.660843881910839, 0.7305657799234948, 0.9992624909431537, 0.9209750789554569, 0.8809643406849842, 0.15626477855546428, 0.558720629119971, 0.7270708275942366, 0.6855113134574427, 0.8786053888003262, 0.8616908031729968, 0.8821595258357365, 0.6866901767521322, 0.9226417550079187, 0.8872300966245565, 0.7570448982554957, 0.7595242583694479, 0.8634524446844521, 0.826799876329667, 0.8480558092489512, 0.9459895853372075, 0.784826451943671, 0.924469588286866, 0.787139267928829, 0.6500908780277959, 0.7485461091083464, 0.642461494384395, 0.813363849822027, 0.680807256167115, 0.6866957495597417, 0.9682475070431105, 0.9938237866462046, 0.6702688976296525, 0.8959632303514938, 0.946349059079548, 0.9703565027502798, 0.6789438009510881, 0.6866869863581814, 0.8415011257614423, 0.5974181843877796, 0.6167149358321955, 0.9758750938834607, 0.6492733334947557, 0.7912516472886262], [0.038879089402458544, 0.22277675198118474, 0.3227671538906024, 0.281003091900478, 0.3084135789327431, 0.23729885554924368, 0.22724783902981938, 0.009326588048626183, 0.3227682053979032, 0.31272431218246943, 0.18706216206905324, 0.22722012711563833, 0.31552247066987116, 0.0679656154609184, 0.06932560275387045, 0.3071714692195304, 0.0818642125650253, 0.2977369191682042, 0.5835256129658261, 0.00028529107046815216, 0.22176804624359603, 1.0, 0.06971026392185753, 0.2724147718012695, 0.29060585194914346, 0.00020485986930351974, 0.09640544850352428, 0.23207634772699126, 0.2165552978689841, 0.1479773049966886, 0.2680861811628442, 0.3140552440521728, 0.31719066237111826, 0.3158820930589785, 0.31449941519213853, 0.24665806728717143, 0.2315670319996388, 0.31104331290922815, 0.31107685033906174, 0.30006012507382973,