"[[1.0, 0.8433486677369221, 0.9660757084981133, 0.961624147857782, 0.9747009955344604, 0.9697428155701685, 0.9682336516440203, 0.9223715869416627, 0.9763161664535159, 0.9705899157835868, 0.9506058081084588, 0.9206338852668935, 0.970578095075068, 0.964919179846729, 0.16102281777371463, 0.9458670703197866, 0.9059747487134552, 0.970732439178639, 0.9539723907110929, 0.5342785368553762, 0.957444386724765, 0.2846900674964017, 0.21407285711975, 0.959397471539307, 0.4710900135950089, 0.5540852346661663, 0.19980918815434623, 0.4533995192646718, 0.8745202748233906, 0.8161864261468055, 0.7867031710321809, 0.9707318988949943, 0.9707340054966296, 0.9636333256707048, 0.9707329478855445, 0.9752334355226727, 0.9739218107609359, 0.9702741157573445, 0.9685516659190965, 0.9639233306807274, 0.9564695625933767, 0.970731429137812, 0.9699987404653233, 0.9546445665298549, 0.9615407160828685, 0.9722770457371736, 0.9924963355969484, 0.9088841977516272, 0.9671257533541796, 0.9407059740769815, 0.8950890990770354, 0.9645302901367363, 0.9516952706813377, 0.9525443398731006, 0.9195359353538979, 0.9245963823847497, 0.9477425616276414, 0.8642758474124796, 0.9547247059062242, 0.9333659568322881, 0.9704147323938066, 0.8427962501929999, 0.9707264401886375, 0.9694434857886753, 0.9707311674484747, 0.9629032401086773, 0.9686399904391572, 0.9613043808723846, 0.9728103283881643, 0.9732406808973482, 0.9707337420249678, 0.9636237889352801, 0.9516700780377217, 0.9365920372501421, 0.9698527952372302, 0.9474120643133374, 0.9747408032238273, 0.9700674177706432, 0.9684705333734794, 0.9690770037346372, 0.9583614115016615, 0.9695897384571482, 0.9768509885505345, 0.9766100481227482, 0.9495797062775154, 0.9707285294848302, 0.96173780885572, 0.9691780453658437, 0.8150912510391649, 0.9711527402414581, 0.9363557082102881, 0.9569004801890475, 0.9413405006517652], [0.8433486677369221, 1.0, 0.8659719760364355, 0.8529057180192008, 0.8548208343874583, 0.8513041512617932, 0.850504465976254, 0.776332391066902, 0.8520582587740994, 0.8584233570307959, 0.8431320411742342, 0.8002383059781185, 0.8608421324164564, 0.8558275958271438, 0.14284705008551501, 0.8389337338720595, 0.8031747833479774, 0.8609791378663806, 0.845639606960863, 0.38762489316157656, 0.8492004571939147, 0.2525392859979597, 0.18990525685842463, 0.8508022110370121, 0.4178592714917866, 0.4062873959451787, 0.17475624286472558, 0.3121277434388242, 0.7745446242238015, 0.7225352458527082, 0.697778416075479, 0.8609783291030545, 0.860981482769508, 0.854688098987851, 0.8609798994013217, 0.8596950334563782, 0.8604594531603663, 0.8604879820868468, 0.8590470638568867, 0.8549447689497316, 0.8480777123868757, 0.8609776259476309, 0.8580684157895808, 0.8453155015529685, 0.8367871141811454, 0.9019433315481932, 0.8496214210720708, 0.8061335787244984, 0.8577812807547124, 0.8343595652358445, 0.7939042882281958, 0.8554849248522219, 0.8441041008002302, 0.8448528088464744, 0.8154222053238419, 0.8200703853181263, 0.8569179160159828, 0.7665755600661506, 0.84678905343829, 0.8190305164757713, 0.8606952263795054, 0.7475251659471872, 0.8609701602618061, 0.8952677422504536, 0.8609772342524762, 0.8517780130953101, 0.8580538880247182, 0.8526212309549286, 0.8590232556494934, 0.8481170352032689, 0.8609810883059104, 0.8546796019793494, 0.8435698959349999, 0.8307048331873838, 0.8602005380021914, 0.8403003966763103, 0.8600479385322801, 0.8603891243469652, 0.8567691903077183, 0.847965157499236, 0.9366866383251625, 0.8585114205488906, 0.8477862470867781, 0.8574356532130235, 0.8420438782865588, 0.860973286329562, 0.8530065301210644, 0.8514384046844635, 0.722952227769484, 0.7822553250971711, 0.7928226923327539, 0.8476538672089711, 0.8349174460700597], [0.9660757084981133, 0.8659719760364355, 1.0, 0.9855709167840631, 0.9878740028730114, 0.9837699751422316, 0.9956552157891478, 0.897075643461983, 0.9845887225605104, 0.9919472686420557, 0.9742803858992358, 0.9246948480148818, 0.9947488873603221, 0.9889481366617044, 0.1650250032661713, 0.9694192470197797, 0.928646851953001, 0.9949061616155859, 0.9778696254777368, 0.4478911463942785, 0.9812847607118582, 0.29176935288613604, 0.31597789638905704, 0.9833273890483442, 0.4828141835387172, 0.4694442457928949, 0.20550867666052586, 0.3606337725382096, 0.896623245961893, 0.8369176038111265, 0.8062887911278394, 0.9949059687747868, 0.9949067204057379, 0.9876281325725175, 0.9949063431425117, 0.9934214706221374, 0.9943084718608208, 0.9944608661200832, 0.9926708620020831, 0.987925879151331, 0.9799886276472739, 0.9949058010681295, 0.9915333586269391, 0.9767987056762006, 0.9669351563083775, 0.9871656728251855, 0.9817728689175937, 0.931517927743785, 0.9912112357823527, 0.9641265939414901, 0.9173737452619474, 0.9885473571574133, 0.9771110438659523, 0.9762653339293469, 0.9424821418341809, 0.9476191521178648, 0.9706873318080386, 0.8857945533996154, 0.9828747272682951, 0.9464080832208349, 0.9945836745609202, 0.8637806198931146, 0.9949040177698703, 0.9940495313448935, 0.9949057076276371, 0.9843006961926892, 0.9915208646506052, 0.9852431269048325, 0.9926358938094126, 0.9800355671340962, 0.9949066264390783, 0.9876184030708969, 0.975515774759884, 0.9599172078962581, 0.9940042187036214, 0.9710064908715342, 0.9938331887061655, 0.994225947032452, 0.9900370654492531, 0.9798571264463518, 0.9827870830756825, 0.9921349110521765, 0.9796393071285431, 0.9908112870458543, 0.9732798072396559, 0.9949047650788763, 0.9856891513057576, 0.9838775566053475, 0.8353875419446963, 0.9039223766639767, 0.9161309819342439, 0.9794979491605127, 0.9647832364977122], [0.961624147857782, 0.8529057180192008, 0.9855709167840631, 1.0, 0.9860034653889455, 0.9794777936802256, 0.97854595131565, 0.8932053170535071, 0.9803417801482213, 0.98766848709033, 0.9700768804143015, 0.9207056481155798, 0.9904577301338411, 0.9846819233936507, 0.1643019136020476, 0.9652376372748159, 0.924086565698659, 0.990614583045809, 0.9729592485881784, 0.44594354179091567, 0.9770521226177319, 0.29051098449914337, 0.21844867255931166, 0.9806892112472173, 0.5163265418475331, 0.4674187135838175, 0.20101820018011773, 0.3590777519726074, 0.8911475763157366, 0.8313048263604085, 0.802810727873352, 0.9906143109262328, 0.9906153717310333, 0.9833681585854478, 0.9906148392278912, 0.9891360717103579, 0.9900189653278597, 0.990046619483729, 0.9883888287014769, 0.9836645108579721, 0.9757613854741722, 0.9906140742982507, 0.9904483574831435, 0.98029047349539, 0.9627640220008499, 0.9810881578358055, 0.9775379628807864, 0.927498973165035, 0.9981703361352208, 0.9599684398454281, 0.9134169567392976, 0.9848974563366084, 0.9711840124828949, 0.9720537002333655, 0.9381833308401912, 0.9435313122377005, 0.9658711430515451, 0.8819735267558788, 0.9742780868843852, 0.9423260952434094, 0.9902927367402108, 0.8802557008066881, 0.99061155953638, 0.9879829827060819, 0.9906139424670218, 0.9857917605374575, 0.9872438947484887, 0.9809929713127424, 0.9883546593355141, 0.9758076506485094, 0.9906152390872175, 0.9882775918135959, 0.9705714206517325, 0.9557756228358455, 0.9897165255816476, 0.9668172116322759, 0.9895456380053856, 0.9899369187394602, 0.985766265145969, 0.9756302035701335, 0.9753377459980681, 0.9877676030184034, 0.9754146425256828, 0.9865368692313113, 0.9688183877621475, 0.9906126130601905, 0.9830053986333642, 0.9796327664306459, 0.8317832234838444, 0.9000223951987587, 0.9121787726064277, 0.9752728586496974, 0.9606207834375163], [0.9747009955344604, 0.8548208343874583, 0.9878740028730114, 0.9860034653889455, 1.0, 0.9910396340389662, 0.989262634524323, 0.9382536076617212, 0.9968432253828681, 0.9923902438708497, 0.9722521879750484, 0.9395947065645719, 0.9926775457838677, 0.9868897559078765, 0.16475536015344971, 0.9674025352738239, 0.9299630124000373, 0.9928346337223977, 0.9798905418602071, 0.5359588078322779, 0.979243085808148, 0.2911693710650731, 0.21894559020494786, 0.9850639155262576, 0.5351543447188704, 0.5562578345782682, 0.2262172535297644, 0.45268320961529984, 0.90418329370593, 0.8469137958862867, 0.8046143230150421, 0.9928343380217685, 0.9928354907872539, 0.9855729481957144, 0.9928349121100289, 0.9967917338246398, 0.9956877591773108, 0.993121904176326, 0.9906043732075618, 0.985869914175722, 0.9782150738992179, 0.9928340808932935, 0.9965877605178306, 0.9877935695002906, 0.9814657681373725, 0.9921852090044411, 0.9797299457759844, 0.9295800174582277, 0.9891473642995764, 0.9621218751432898, 0.9154670451307321, 0.9874107212384737, 0.9733622589520006, 0.9742334871491538, 0.9418843077053745, 0.9456481961116618, 0.9687198139909602, 0.883953536338313, 0.9764633363674918, 0.953533609404092, 0.9925120443355209, 0.8922570012030904, 0.9928313485473172, 0.9903992654481425, 0.9928339376427431, 0.9911118224651081, 0.9905627890338325, 0.9831924425038098, 0.9944914265035771, 0.9935506517682129, 0.9928353466395157, 0.9929344916435564, 0.9778055029063681, 0.9579193284538684, 0.9919348860965097, 0.9689853602533542, 0.996386166165381, 0.992155621856224, 0.9902510798215154, 0.9897253494293704, 0.9775246882805272, 0.9920263581303149, 0.9947082974363212, 0.9977738013645725, 0.9727942862532684, 0.9928324931616623, 0.985988447044469, 0.9902457186396533, 0.8336512122653751, 0.9020423505787658, 0.9530564054751491, 0.9785567819040155, 0.9627754871267572], [0.9697428155701685, 0.8513041512617932, 0.9837699751422316, 0.9794777936802256, 0.9910396340389662, 1.0, 0.9844783323536271, 0.9307625808952616, 0.9915402358848503, 0.9881012853799844, 0.9682558769418547, 0.9343105141920812, 0.988599493183581, 0.9828341859342377, 0.16403176314582102, 0.9634266013759052, 0.9243062047629684, 0.9887563605643496, 0.9735752500477799, 0.5261958146483621, 0.9752191991379254, 0.2899643346075593, 0.21803674444643595, 0.977721853641015, 0.47982742242225807, 0.5465563835368116, 0.21335959703182628, 0.4429841854186871, 0.8951482956474451, 0.8368088125002249, 0.8013035348447842, 0.9887560082138749, 0.9887573819046143, 0.9815235017053535, 0.988756692298016, 0.9922375917715296, 0.9913059472164046, 0.9886297433475605, 0.9865345508501563, 0.9818191921774276, 0.9741727589837472, 0.9887557018366888, 0.9875331892069916, 0.9720887116372731, 0.9760350067171322, 0.9872372476002338, 0.9757039701791517, 0.9257576371957051, 0.985083026486327, 0.9581678750354191, 0.9117031287449346, 0.9824368140099501, 0.969362221819397, 0.9702294456064035, 0.9372419122538398, 0.9417605410092121, 0.964679555427537, 0.8803180855671565, 0.9724495438713748, 0.9836423702269458, 0.9884343113372721, 0.8584397175708692, 0.988752446816444, 0.9863131454107346, 0.9887555311535159, 0.9783057412075012, 0.9863996624940281, 0.9791522604296776, 0.9900749822370946, 0.988154344017438, 0.9887572101194163, 0.9815138119205921, 0.9713508700169985, 0.953981290278877, 0.9878598980493584, 0.9650023973336787, 0.9919023444925986, 0.9880795072120917, 0.9859901629581298, 0.9846525657465602, 0.9735071215459584, 0.9875382773114313, 0.9891775051575026, 0.9929124021736141, 0.9679268997703433, 0.9887538102387184, 0.9795941713514188, 0.9998882944276015, 0.8302210257578702, 0.8983324063748072, 0.9458608061058216, 0.9744428419987461, 0.9629448561609587], [0.9682336516440203, 0.850504465976254, 0.9956552157891478, 0.97854595131565, 0.989262634524323, 0.9844783323536271, 1.0, 0.9276860028076189, 0.9898652836473087, 0.9870309778396066, 0.9673357128336757, 0.9325716726291966, 0.9876547827261537, 0.9818986544597972, 0.16386296416020474, 0.9625115902309428, 0.9214833140032913, 0.9878107657204614, 0.9702099262180229, 0.5211222456266529, 0.974291196978527, 0.28971405345347034, 0.34461923285080276, 0.9761327360458264, 0.4793933081868015, 0.541573807418736, 0.20047483837682778, 0.43784617582847085, 0.888636230945408, 0.8289653198962332, 0.8005537941036456, 0.987810422091327, 0.9878117617708981, 0.9805882180538211, 0.9878110892415204, 0.9910123833514705, 0.9901826911746685, 0.9872454166045422, 0.9855929867315368, 0.9808835669085753, 0.9732324991047085, 0.9878101232961569, 0.9864726103393539, 0.9710727008730754, 0.9742659189645111, 0.9857064297943818, 0.9747754376556509, 0.9248823123367267, 0.9841434370606995, 0.9572584474401461, 0.9108421359932072, 0.9815018443180782, 0.970698702607657, 0.9693070685842402, 0.935538364004649, 0.9408689107518514, 0.9637318164011986, 0.8794890878121266, 0.9772694347774064, 0.9474850052928768, 0.9874898221726256, 0.8576328223858067, 0.9878069487488536, 0.9859679909114294, 0.9878099568363725, 0.9772504194367676, 0.9854024570708576, 0.9782198113396401, 0.9889304186038383, 0.9864211781126914, 0.9878115942403575, 0.9805785408669204, 0.9678298180470266, 0.9530764873802118, 0.9869163659165603, 0.9640857667028638, 0.9907189470517074, 0.9871356458078109, 0.9849343861934072, 0.9831095386686804, 0.9725811337985634, 0.9862142263216919, 0.9873638127109637, 0.9915043443000527, 0.9660828206850035, 0.9878082784814252, 0.9786638317126065, 0.9840988506696965, 0.8294424979130921, 0.8974851984588306, 0.9429834872079541, 0.9734601587416211, 0.957908406476532], [0.9223715869416627, 0.776332391066902, 0.897075643461983, 0.8932053170535071, 0.9382536076617212, 0.9307625808952616, 0.9276860028076189, 1.0, 0.9544154019539691, 0.9098706689839053, 0.8829703457157753, 0.9110780091439532, 0.9015187210510451, 0.8971454880509253, 0.14958231973881053, 0.8785716843735987, 0.8411205155695293, 0.901662106883903, 0.8855958463283455, 0.7919089232279832, 0.8893241301617554, 0.2644579947902972, 0.19886483722851833, 0.891001960639511, 0.43759175583006304, 0.806594146453865, 0.18299988033755465, 0.7297296909811907, 0.8111381096212776, 0.7566703292821416, 0.7370427505584398, 0.9016614025443924, 0.9016641489611031, 0.8963704327919936, 0.901662770082791, 0.9239286172032192, 0.9160963372006887, 0.9011470216189638, 0.8996379346632722, 0.8953407002424292, 0.88930162107338, 0.9016607901681554, 0.9088400336053539, 0.8915324229645037, 0.9481383691300949, 0.9303196510889454, 0.8897653178198264, 0.8442213014290895, 0.8983128458852393, 0.873779944254218, 0.8314115761806427, 0.8959056710393324, 0.8860975675570901, 0.8847717946124523, 0.853947979507321, 0.8588161230073414, 0.8841661744271814, 0.8027913294340651, 0.8867986060171973, 0.8972008821837281, 0.9013657456326962, 0.7828405504291331, 0.9016542878046314, 0.9001444473459206, 0.9016604490382208, 0.8922499269645849, 0.9033976481741529, 0.8944032940034606, 0.9166341507567364, 0.9557201112757434, 0.9016638054459317, 0.8950627884098098, 0.8834268953408779, 0.8699551128977243, 0.9008461053101666, 0.8800044920587321, 0.9207568179358118, 0.9010443589038782, 0.9071279429608131, 0.939724093209102, 0.8877589637716441, 0.9053334420232881, 0.9621052830413014, 0.9371350549750738, 0.8818291629349648, 0.9016570106204188, 0.8933109911659003, 0.9282079087688763, 0.7571067201734087, 0.8192138935170243, 0.9988637741838041, 0.8943483859918561, 0.8743663625282824], [0.9763161664535159, 0.8520582587740994, 0.9845887225605104, 0.9803417801482213, 0.9968432253828681, 0.9915402358848503, 0.9898652836473087, 0.9544154019539691, 1.0, 0.990301686539326, 0.9691110740742358, 0.9440593202572053, 0.9894703056680526, 0.9837009918044699, 0.16414332142121535, 0.9642762771838721, 0.9231680699076114, 0.989626730097959, 0.9719902583711093, 0.5737648818600063, 0.9760785772508422, 0.29022629123713917, 0.21823616652210143, 0.977923193630085, 0.48025668299281055, 0.5936037556347978, 0.200823076308438, 0.4925970112366531, 0.8902615752563656, 0.8304792870400114, 0.8020133392639163, 0.9896265013629638, 0.989627392976603, 0.9823880643003499, 0.9896269454259183, 0.9959962528962474, 0.9940093675793273, 0.9890594452835609, 0.9874036057305394, 0.9826841669289204, 0.9751724579914558, 0.9896263024517398, 0.9896411256365019, 0.9736921003302182, 0.9856702027134923, 0.9925123786317569, 0.9765640046295601, 0.9265763710294848, 0.985951624359723, 0.9590121147854858, 0.9125079673653845, 0.9833026001352551, 0.9702164611675985, 0.9710856360990794, 0.9372505895681202, 0.9425922387198161, 0.9658933203399767, 0.8810965040841187, 0.9733081343210072, 0.9545060528267939, 0.9893057444708742, 0.8591995070671616, 0.9896241879900566, 0.9872888602991828, 0.9896261916296779, 0.9790429514524632, 0.9878550581039988, 0.980015596089375, 0.9930258984324579, 0.9972763308495729, 0.989627281498129, 0.982378382202423, 0.9696044945490193, 0.9548244196480887, 0.98872979868044, 0.9658546816603276, 0.995228509186966, 0.988950145851634, 0.9880658071513696, 0.9918366257012696, 0.974366442831065, 0.9888626480937571, 0.9991206492541039, 0.9985747511794907, 0.9678539841672946, 0.9896250739324722, 0.9804594487814089, 0.9907992645177192, 0.8309571108658595, 0.8991275820559818, 0.9672916490662502, 0.9758836705847083, 0.9596647566305953], [0.9705899157835868, 0.8584233570307959, 0.9919472686420557, 0.98766848709033, 0.9923902438708497, 0.9881012853799844, 0.9870309778396066, 0.9098706689839053, 0.990301686539326, 1.0, 0.9763540701808283, 0.9309164148041027, 0.9968664645777717, 0.9910529516966247, 0.16536142939122245, 0.9714820752426705, 0.9300649287257511, 0.9970240413696143, 0.9792545063686119, 0.4713120987820947, 0.9833729846498521, 0.29238703026704516, 0.21985900201795094, 0.9852315066804739, 0.48383905864906185, 0.4926434778372284, 0.2023156831060039, 0.38486794219726006, 0.8969128370144754, 0.8366831025772, 0.8080031609891053, 0.9970238853066788, 0.9970244935101146, 0.989730001267103, 0.9970241882635908, 0.9969116361116456, 0.99729776248399, 0.9964520968866054, 0.9947837950238443, 0.990028441369425, 0.9821413221611469, 0.9970237495729988, 0.9942340504081555, 0.9792367544096241, 0.9731761672674613, 0.9896091059044668, 0.9838622176294468, 0.9335000218108681, 0.9933211993876129, 0.9841579813706063, 0.919325069840146, 0.9906510715733712, 0.9774664129288732, 0.9923798194592643, 0.9442534819731174, 0.9496353733850604, 0.9722922809400112, 0.8876786287492526, 0.980581626073128, 0.950720921072422, 0.9967011276182799, 0.8656177902778082, 0.9970223056042531, 0.9944260526515115, 0.9970236739421752, 0.9864603102803907, 0.9939108649045216, 0.9873400727866216, 0.9957400381426507, 0.9860552942577153, 0.9970244174860164, 0.9897202554636718, 0.9768501418545129, 0.9619601236242126, 0.9961200325550147, 0.973073104312352, 0.9971180796073053, 0.9963424282519219, 0.9927196132079996, 0.9849537457304008, 0.9816487895592452, 0.9945225873400355, 0.9860498060033797, 0.9952031040710582, 0.975086665842462, 0.997022910858824, 0.9877870164116693, 0.9881002331323891, 0.8371643455765357, 0.905845524391551, 0.9279010863050405, 0.9818597829854177, 0.9668364061439676], [0.9506058081084588, 0.8431320411742342, 0.9742803858992358, 0.9700768804143015, 0.9722521879750484, 0.9682558769418547, 0.9673357128336757, 0.8829703457157753, 0.9691110740742358, 0.9763540701808283, 1.0, 0.9101554980390673, 0.9791116218795959, 0.9734011291078596, 0.16241376478815495, 0.9541793827206718, 0.9134975654405186, 0.979267000928083, 0.9618124440011604, 0.4408294332829903, 0.9658590031653211, 0.28717738468549936, 0.2159401628238934, 0.9676826124028794, 0.47521881967727786, 0.46205858300670843, 0.19870935911537613, 0.3549584667000649, 0.8809363058408167, 0.8217781397526321, 0.7936107803426, 0.9792666793654938, 0.9792679329932873, 0.9721029782225312, 0.979267303670191, 0.9778049417918647, 0.9786776602821924, 0.9787054183497969, 0.9770662659747675, 0.9723958789433823, 0.9645828603133543, 0.9792663997545434, 0.9759471128810023, 0.961437988866335, 0.9517332789805325, 0.9698482767995827, 0.9663391897527007, 0.9168716919781988, 0.9756287425001829, 0.9489708196991244, 0.9029515231361459, 0.9730073751180678, 0.9600579564240544, 0.9609172423310103, 0.9274330588265316, 0.9327209571653174, 0.9548046510443038, 0.8718675597491335, 0.9631157683507535, 0.9315295390533748, 0.9789481923325807, 0.8501990653836832, 0.9792634288429647, 0.9766649967298925, 0.979266243981036, 0.9687913434639105, 0.9759343557809533, 0.9697545780693898, 0.9770327451424264, 0.9646279551179167, 0.9792677762270943, 0.97209338455135, 0.9594523596635463, 0.9448248905611503, 0.9783789647506745, 0.9557403663455768, 0.9782096204336913, 0.978596619439057, 0.9744733394775235, 0.9644525878442296, 0.9641636191067717, 0.9764519161136067, 0.9642404916382206, 0.9752351087840098, 0.9577184874996127, 0.9792646733195262, 0.9701920826211192, 0.9684091931752299, 0.8222511738507149, 0.8897094098744277, 0.9017269914201257, 0.9640998859318809, 0.9496145444371232], [0.9206338852668935, 0.8002383059781185, 0.9246948480148818, 0.9207056481155798, 0.9395947065645719, 0.9343105141920812, 0.9325716726291966, 0.9110780091439532, 0.9440593202572053, 0.9309164148041027, 0.9101554980390673, 1.0, 0.929273357514771, 0.9238598447138602, 0.1541990072696855, 0.9056224225809167, 0.8670207610792734, 0.9294210729458897, 0.9128620037287222, 0.56928303182937, 0.9167053229308354, 0.27261100789636017, 0.20499836409712735, 0.9184349755894252, 0.4510735883412116, 0.5875300812503684, 0.18864505606560034, 0.4943835149698653, 0.8361147642053298, 0.7799710446944593, 0.7532451389868666, 0.9294202825420771, 0.9294233645816421, 0.92262931592836, 0.9294218171875545, 0.9372627603709559, 0.9347141513776507, 0.9288906275940383, 0.9493162383909842, 0.922906511211733, 0.9159441400599548, 0.9294195953435644, 0.9302399433445393, 0.914958639369855, 0.9313718305103662, 0.935080217106207, 0.9171599281329118, 0.8702153152298516, 0.9259692719742894, 0.9006839197874426, 0.8570125685832566, 0.9234894194644715, 0.9112034496313368, 0.9120126405496204, 0.8802422314317977, 0.8852595282467498, 0.9073758682450846, 0.8275116350847808, 0.9141025846087708, 0.8995639166390472, 0.9291152809506518, 0.8069469476501202, 0.9294122987791065, 0.9272980095476425, 0.9294192125351532, 0.9194880729463225, 0.9281390307773786, 0.9203985687801352, 0.9339615663983627, 0.9419281764857982, 0.9294229790825582, 0.9226201536176176, 0.9106269911390595, 0.8967402462287765, 0.928580441618597, 0.9070985982667952, 0.9362597987799715, 0.9287844289386011, 0.9287360097330696, 0.9355748515171042, 0.9150913723755735, 0.9292022598124843, 0.944201375529027, 0.9409099624606505, 0.9732886844368659, 0.9294153540981662, 0.9208148111162395, 0.9334020378021549, 0.7804209995180316, 0.8444387438520312, 0.9217309139579197, 0.9168969194018844, 0.901287560851587], [0.970578095075068, 0.8608421324164564, 0.9947488873603221, 0.9904577301338411, 0.9926775457838677, 0.988599493183581, 0.9876547827261537, 0.9015187210510451, 0.9894703056680526, 0.9968664645777717, 0.9791116218795959, 0.929273357514771, 1.0, 0.9946643819686837, 0.16581226547389072, 0.9742241325850213, 0.9326865966102313, 0.9998420743424511, 0.9820198715161178, 0.4500803896890957, 0.9879982579530855, 0.2931972688390092, 0.22046452514523784, 0.9880132008963488, 0.48519251223744264, 0.47175658657909203, 0.20287150317749736, 0.36240497969653807, 0.8994415360206768, 0.8390403622373878, 0.8102773357353332, 0.9998420347502853, 0.9998421887388135, 0.9925251033441215, 0.9998421115585849, 0.9983493510274135, 0.999241696505832, 0.9992677632491257, 0.9975945232248653, 0.9928245887858032, 0.9848470289475229, 0.9998420002711479, 0.9964495930907495, 0.9816350129309657, 0.9717260051389752, 0.9902217552405194, 0.9866403254513436, 0.9361338416671089, 0.9961281181187519, 0.9689035768291929, 0.9262552287554331, 0.9937423912452352, 0.9802250245133275, 0.9811057814321639, 0.9473407542989125, 0.9523145231285909, 0.9748624458692395, 0.8964610945811643, 0.9839051444661528, 0.9510948707595834, 0.9998695834637826, 0.8680566274958987, 0.9998416309310725, 0.9971841623850428, 0.999841981041478, 0.9894515053649153, 0.9964381038839345, 0.9901288007232137, 0.9975575861868126, 0.9848940304798508, 0.9998421695360652, 0.9925153434010806, 0.9796074721962599, 0.9646760414043658, 0.9989348098091337, 0.9758209761541118, 0.9987639999957705, 0.9991584801891302, 0.9949468604460214, 0.9847139481285215, 0.9844214868180745, 0.9969656828113613, 0.9844929350461994, 0.9957260283425257, 0.9778390185541616, 0.9998417863079807, 0.9921467089719775, 0.9887561067126207, 0.847014747626137, 0.9084001641204471, 0.920669061211427, 0.9843536309912757, 0.9729000176375969], [0.964919179846729, 0.8558275958271438, 0.9889481366617044, 0.9846819233936507, 0.9868897559078765, 0.9828341859342377, 0.9818986544597972, 0.8971454880509253, 0.9837009918044699, 0.9910529516966247, 0.9734011291078596, 0.9238598447138602, 0.9946643819686837, 1.0, 0.16486254968033165, 0.9685449257887979, 0.9272524469829811, 0.9940093932017928, 0.9762932611062902, 0.4474697186223058, 0.9923497610181715, 0.2915041733209329, 0.21919500234351896, 0.9822520983877283, 0.4823766742169018, 0.46901860276841023, 0.20170477398304187, 0.3603061847298503, 0.8942006679443586, 0.8341527163283214, 0.8534885857485278, 0.994009147987052, 0.9940101038667364, 0.9966162486352437, 0.9940096240480287, 0.9925257606955951, 0.9934118261974964, 0.9934393566589139, 0.991775882457781, 0.9870351817080828, 0.9791048733408861, 0.9940089347487813, 0.9913348038142592, 0.9760310336075747, 0.9660626548434801, 0.9844497005263813, 0.9808875597643284, 0.9306769158436382, 0.9903172369695739, 0.9632574004872837, 0.9445888273804321, 0.9876560163036284, 0.9905733859844754, 0.9753845966381485, 0.9419442901580454, 0.9467640805757674, 0.9848274142645442, 0.8849949601748092, 0.9776164519524938, 0.945554350496806, 0.9936866430411646, 0.8630006301198723, 0.99400666821586, 0.9913685577425349, 0.9940088159461048, 0.9850984234309337, 0.990626926614902, 0.9957300942237176, 0.9917413047914864, 0.9791513310020513, 0.9940099843490029, 0.9867280420537674, 0.9738969738302744, 0.9590507277857296, 0.9931081566640513, 0.9701302162475933, 0.9929368810202992, 0.9933294503228614, 0.9891442499077674, 0.9789731588071129, 0.9786800240768939, 0.9911523088304907, 0.9787564520492656, 0.9899176601141146, 0.9721380381487276, 0.9940076178243094, 0.9847995851887146, 0.9829897137627971, 0.83463269516755, 0.9031060365134619, 0.9153039898764452, 0.9929294284703761, 0.9639124169071365], [0.16102281777371463, 0.14284705008551501, 0.1650250032661713, 0.1643019136020476, 0.16475536015344971, 0.16403176314582102, 0.16386296416020474, 0.14958231973881053, 0.16414332142121535, 0.16536142939122245, 0.16241376478815495, 0.1541990072696855, 0.16581226547389072, 0.16486254968033165, 1.0, 0.16162453796487952, 0.15522213648628802, 0.16583981096817035, 0.16348028208710896, 0.07796350261305196, 0.16359667510179998, 0.048776757661850634, 0.036707651102583894, 0.1640572112102896, 0.08060038275206494, 0.07836792094843559, 0.03680119614905164, 0.06024062913297157, 0.1505822581148214, 0.14090119667096201, 0.13448231816817402, 0.16583823693803768, 0.1658443752861516, 0.16464816526522008, 0.16584129318246588, 0.1655959090158483, 0.16573545458344785, 0.16585624869961024, 0.16547504349686126, 0.16469532014324584, 0.16337835492403874, 0.1658368685336573, 0.16707133390574824, 0.1628580792414024, 0.3257408086045147, 0.21032733495333888, 0.1636744820426561, 0.15530903493756631, 0.16522603573753858, 0.16075752085642359, 0.15297875076075584, 0.16480600722604044, 0.1626255497097946, 0.16275155368125993, 0.15730008555639108, 0.15799904992637848, 0.2676238282191111, 0.14771594408871247, 0.1631331339707529, 0.15781909087344026, 0.16577529263536317, 0.14404827777717988, 0.16582234477147628, 0.16541218341448893, 0.16583610629545165, 0.16412119564894867, 0.24583719391158443, 0.1642442234757624, 0.2195916967459568, 0.16338485828602234, 0.16584360740385062, 0.1646463606615718, 0.16313330260776726, 0.41924303040826905, 0.16569553026161332, 0.16187226111786557, 0.16565611882201203, 0.16572438783410837, 0.16504107681597757, 0.1633617638008359, 0.16329414212902005, 0.18804955441374505, 0.1902429160721566, 0.16516068081831814, 0.16243885929842006, 0.16582842508773, 0.1643198517262654, 0.16401627006178154, 0.13931240307197823, 0.1507176025229684, 0.1527569840999361, 0.16329880445892853, 0.16084306714291519], [0.9458670703197866, 0.8389337338720595, 0.9694192470197797, 0.9652376372748159, 0.9674025352738239, 0.9634266013759052, 0.9625115902309428, 0.8785716843735987, 0.9642762771838721, 0.9714820752426705, 0.9541793827206718, 0.9056224225809167, 0.9742241325850213, 0.9685449257887979, 0.16162453796487952, 1.0, 0.9089475610804395, 0.9743783132449401, 0.9570147645002041, 0.43864816595087763, 0.9610409291920247, 0.28576464989257877, 0.2148832835667488, 0.9938486326369468, 0.4728653312401253, 0.4597708318594992, 0.19773859999469323, 0.35320654729195744, 0.8765477264272983, 0.8176870342243574, 0.7896616361204144, 0.9743779553179187, 0.9743793507620695, 0.9672527838781634, 0.9743786502308645, 0.9729246359654994, 0.9737924293377851, 0.9738203327073989, 0.9721899781088954, 0.9675441161204186, 0.9597712880468583, 0.9743776440935745, 0.9710776103800113, 0.9566428870476663, 0.9469891963501733, 0.9650119195632234, 0.9615185771242658, 0.912301761123525, 0.9707598385060219, 0.9442390615401844, 0.8984524104711754, 0.9721191015272561, 0.9552700090582478, 0.9561241364302113, 0.9228120512534123, 0.9280714482751606, 0.9500453002086441, 0.867524895008462, 0.9967027971584819, 0.9268877546546297, 0.9740612941308094, 0.84596536332465, 0.9743743376782704, 0.9717912414313483, 0.9743774707107625, 0.9639593660592659, 0.9710643288174159, 0.9649162833662519, 0.9721575249487284, 0.9598171020868072, 0.9743791762546983, 0.9672432350626202, 0.9546670640648599, 0.9401134267754211, 0.973495635275836, 0.9509734968755628, 0.9733269378093906, 0.9737119015844129, 0.9696110674065628, 0.9596430686217498, 0.959353805563209, 0.9715801179584873, 0.9594321959690577, 0.9703682847372547, 0.9529429467614033, 0.9743757226055503, 0.9793344944365918, 0.9635788375877836, 0.818157771778496, 0.8852764980111162, 0.897233686184976, 0.9592909768959444, 0.9448795273361716], [0.9059747487134552, 0.8031747833479774, 0.928646851953001, 0.924086565698659, 0.9299630124000373, 0.9243062047629684, 0.9214833140032913, 0.8411205155695293, 0.9231680699076114, 0.9300649287257511, 0.9134975654405186, 0.8670207610792734, 0.9326865966102313, 0.9272524469829811, 0.15522213648628802, 0.9089475610804395, 1.0, 0.9328349619508169, 0.944495200479462, 0.42059090615012695, 0.9200715008700063, 0.5862768991572668, 0.205745616843654, 0.9294666228252472, 0.45272531965867824, 0.440187911277525, 0.3366544267636319, 0.3381692086043493, 0.9048943620966626, 0.8646607832964269, 0.7560084601830922, 0.9328341812858694, 0.9328372253443092, 0.9260175105367122, 0.932835697021404, 0.9314434488148294, 0.932272187195197, 0.9374006986579766, 0.9307411331299534, 0.9262957560540734, 0.9188551911006931, 0.9328335025537074, 0.9296798466355866, 0.9160764226803063, 0.9066210699347355, 0.9256638755354363, 0.9205278190462975, 0.8734097830400774, 0.9293700574502275, 0.9039906902061153, 0.8601581472006892, 0.9268805383356198, 0.9145490951748749, 0.9153615195544856, 0.8929731562515054, 0.8886929118324888, 0.9095460931601932, 0.8305485209102758, 0.9174587694741173, 0.8873813276240722, 0.9325280148026869, 0.8099080883998977, 0.9328262958329934, 0.9303605080708927, 0.9328331244611758, 0.924320662117704, 0.929664706235207, 0.9237785354091091, 0.9307143115019952, 0.9188978602766198, 0.9328368445967791, 0.9260083156903992, 0.9440848635392739, 0.900032686617884, 0.9319909918024958, 0.9104293303265371, 0.9318263313632207, 0.9442878801204312, 0.9282728217989797, 0.9187328896179088, 0.9184517031384155, 0.9337488758864294, 0.9193050666710731, 0.9289955016184414, 0.9230524611644487, 0.9328293135426837, 0.9280641620003995, 0.922496990986713, 0.783284510248175, 0.8475381470451167, 0.8589871881547613, 0.918395830150548, 0.9045966034870369], [0.970732439178639, 0.8609791378663806, 0.9949061616155859, 0.990614583045809, 0.9928346337223977, 0.9887563605643496, 0.9878107657204614, 0.901662106883903, 0.989626730097959, 0.9970240413696143, 0.979267000928083, 0.9294210729458897, 0.9998420743424511, 0.9940093932017928, 0.16583981096817035, 0.9743783132449401, 0.9328349619508169, 1.0, 0.9821754770559824, 0.4501529191218363, 0.986305327208881, 0.2932448273073265, 0.220500826622812, 0.9881698767014162, 0.4852705283428562, 0.47183261654693154, 0.20290501274511663, 0.3624637330860434, 0.8995845169305695, 0.8391741487404952, 0.8104061898726219, 0.9999999999634424, 0.9999999996925941, 0.9926819390434697, 0.9999999999675829, 0.9985072285981069, 0.9993998259709419, 0.9994255826501253, 0.9977522358545964, 0.992981522598322, 0.9850028378014071, 0.9999999998722511, 0.9966069637035755, 0.9817902721680526, 0.971880061523832, 0.990378451541159, 0.9867963829058599, 0.9362825954041192, 0.9962858432594112, 0.9690566389859183, 0.9220625338511282, 0.9936052674911525, 0.9803799523603586, 0.9812612472386493, 0.9470672757513551, 0.9524655052667774, 0.9750170936039193, 0.8903214853225994, 0.9835055115145273, 0.9512454456220129, 0.999677201119769, 0.8681945928091019, 0.9999999954989907, 0.9973417928114889, 0.9999999997974923, 0.9893009684956724, 0.9965956193084579, 0.990285515472752, 0.9977150112593106, 0.9850501551422375, 0.9999999997873277, 0.9926721826605494, 0.9797623630947777, 0.9648292428008677, 0.9990926545429314, 0.97597580552209, 0.9989221171417351, 0.9993165393941124, 0.9951042911522333, 0.9848699565072325, 0.9845775713229692, 0.9971232800273508, 0.9846482275856511, 0.995883679500165, 0.9779941052314519, 0.9999999980872449, 0.9907336161020496, 0.988912958891884, 0.8396565047818992, 0.9085446612823102, 0.9208152425793894, 0.9845093597780261, 0.9697196326128517], [0.9539723907110929, 0.845639606960863, 0.9778696254777368, 0.9729592485881784, 0.9798905418602071, 0.9735752500477799, 0.9702099262180229, 0.8855958463283455, 0.9719902583711093, 0.9792545063686119, 0.9618124440011604, 0.9128620037287222, 0.9820198715161178, 0.9762932611062902, 0.16348028208710896, 0.9570147645002041, 0.944495200479462, 0.9821754770559824, 1.0, 0.442923375627438, 0.9687286478608149, 0.28803632127199386, 0.21658776654484235, 0.9801266534685695, 0.4766358802219335, 0.4634366791282738, 0.38334463335520963, 0.3560187434112657, 0.9656435191191792, 0.9264441517356651, 0.7959715904876904, 0.9821751783565701, 0.9821763428211417, 0.9749908798918558, 0.9821757582682059, 0.9807094886569858, 0.9815847562210063, 0.9879813993036627, 0.9799686594798557, 0.9752846674712035, 0.9674488378233934, 0.982174918621715, 0.9788463333913578, 0.964562701239292, 0.9545621522961929, 0.9749653497117272, 0.9692102901588935, 0.9195973170035409, 0.9785271184358666, 0.9517906847114922, 0.9056356880839044, 0.9758982491724187, 0.9629106155138509, 0.9637725781844991, 0.9420583448377056, 0.93549327540843, 0.957642741514013, 0.8744599724482832, 0.9659780277092753, 0.9342985627241379, 0.9818561058473584, 0.8527274441870881, 0.98217215864991, 0.9795663097929332, 0.9821747739196027, 0.9734894427112386, 0.9788335203646958, 0.9726357604687526, 0.9799350191608568, 0.9674945469448197, 0.9821761972092276, 0.9749812612400602, 0.9999226911529583, 0.9476330160821111, 0.9812850749278464, 0.9585805844636311, 0.981115428996696, 0.9815034530555097, 0.9773683995555749, 0.9673186948133762, 0.9670285566483218, 0.9838361604714639, 0.9671054425706799, 0.9781323342033896, 0.9739751613045906, 0.9821733148213874, 0.9730752934807407, 0.9712869642997741, 0.824696995452385, 0.8923548017003892, 0.9044077706583484, 0.9669644871194796, 0.9524369465517977], [0.5342785368553762, 0.38762489316157656, 0.4478911463942785, 0.44594354179091567, 0.5359588078322779, 0.5261958146483621, 0.5211222456266529, 0.7919089232279832, 0.5737648818600063, 0.4713120987820947, 0.4408294332829903, 0.56928303182937, 0.4500803896890957, 0.4474697186223058, 0.07796350261305196, 0.43864816595087763, 0.42059090615012695, 0.4501529191218363, 0.442923375627438, 1.0, 0.44401232907241484, 0.1321291638098152, 0.09937829870777981, 0.44505731530571246, 0.2185508567455765, 0.9996879454489016, 0.09551578224434143, 0.995378624434027, 0.40680450582766303, 0.38006089749849226, 0.3648789662199958, 0.4501514869458565, 0.4501570719723469, 0.44687767827618896, 0.4501542677365682, 0.49825283364415207, 0.4808146989496238, 0.4500413124844087, 0.4491478103760209, 0.4470102569878126, 0.44580548009499466, 0.45015024184652286, 0.46958955440252936, 0.45492425219128685, 0.5864024003704993, 0.5231359163000129, 0.44423010107729, 0.4215003056819697, 0.44848225548276055, 0.43626654728562153, 0.41512425659410934, 0.4472972663751652, 0.44135510072419626, 0.4417336573737204, 0.42662367572793536, 0.42879104511463484, 0.44540020787115275, 0.4008363906501131, 0.4427519509046003, 0.5097974902026039, 0.4499974057948888, 0.390877255263824, 0.45013702578159087, 0.4507740637815487, 0.45014954828538845, 0.44539872710391526, 0.4588099535756043, 0.44579283887930066, 0.4844822642843851, 0.5829247145821643, 0.4501563733265337, 0.44687311596235735, 0.44190182103606723, 0.4351826548176322, 0.4497497596295279, 0.43935168548461334, 0.49111563449443396, 0.44984306230048365, 0.4683586877161823, 0.5501403269451111, 0.44321993214374533, 0.4619736292906286, 0.5967678154712499, 0.5292360209501209, 0.4405668537200864, 0.45014255886216525, 0.4459950310544829, 0.5206439231410028, 0.37802752369362924, 0.40902129053722314, 0.7627518819176354, 0.45303923890279807, 0.43654254541032067], [0.957444386724765, 0.8492004571939147, 0.9812847607118582, 0.9770521226177319, 0.979243085808148, 0.9752191991379254, 0.974291196978527, 0.8893241301617554, 0.9760785772508422, 0.9833729846498521, 0.9658590031653211, 0.9167053229308354, 0.9879982579530855, 0.9923497610181715, 0.16359667510179998, 0.9610409291920247, 0.9200715008700063, 0.986305327208881, 0.9687286478608149, 0.44401232907241484, 1.0, 0.28925639466121145, 0.21750778847204322, 0.9746418088062715, 0.47864843829888204, 0.46539392513838884, 0.20015317280377853, 0.35752472283879966, 0.8872752658231586, 0.8276939062072318, 0.7993240682456318, 0.986305064589408, 0.9863060883474056, 0.9790915626021776, 0.986305574445239, 0.9848337951915295, 0.9857126856416314, 0.9857401463487878, 0.9840899084053175, 0.9793866132640209, 0.9715184250846279, 0.9863048362206649, 0.9829630774473185, 0.9683513154249456, 0.9585791367539537, 0.9768226524341157, 0.9732871439537597, 0.9234677308552826, 0.9826426914625582, 0.9557947986005283, 0.9732697288877049, 0.9800031753011614, 0.9669612907418287, 0.9678270835674111, 0.9353502533885263, 0.9394299494359322, 0.9616728248097401, 0.8781412504870989, 0.9700423928821966, 0.9382305620961691, 0.9859852028784444, 0.8563178269384448, 0.9863024091307158, 0.98368603049162, 0.9863047089901342, 0.9757578527966038, 0.9829501918453929, 0.9767269319912714, 0.984056081916637, 0.9715650528768026, 0.9863059603377918, 0.9790819089730352, 0.9663512504041836, 0.9516205398481578, 0.985411585730558, 0.9626136503016983, 0.9852415401916063, 0.9856310055629123, 0.9814792655746561, 0.9713885097375332, 0.9710966984809927, 0.983471947960523, 0.9711735465934949, 0.982246274150823, 0.9646065688939026, 0.9863034259485131, 0.977169412746431, 0.9753733473307796, 0.8281701972881153, 0.8961113234417556, 0.9082145076491454, 0.9710321235644669, 0.956444743106474], [0.2846900674964017, 0.2525392859979597, 0.29176935288613604, 0.29051098449914337, 0.2911693710650731, 0.2899643346075593, 0.28971405345347034, 0.2644579947902972, 0.29022629123713917, 0.29238703026704516, 0.28717738468549936, 0.27261100789636017, 0.2931972688390092, 0.2915041733209329, 0.048776757661850634, 0.28576464989257877, 0.5862768991572668, 0.2932448273073265, 0.28803632127199386, 0.1321291638098152, 0.28925639466121145, 1.0, 0.06479830671707054, 0.2897983164508815, 0.14242433190859038, 0.13847996221813497, 0.059639688096314813, 0.10641830218222492, 0.2638504469543932, 0.24614347002897397, 0.23773075309926628, 0.29324330596452897, 0.293249238789435, 0.2911203883797753, 0.29324625989874153, 0.2928107521266755, 0.2930642533767245, 0.2930837358105658, 0.2925935821858815, 0.29120579015002923, 0.2888722338245582, 0.2932419833566966, 0.2922729326766841, 0.28793808557364775, 0.2850432031853023, 0.2904603833248415, 0.28939687870509956, 0.27459579903429887, 0.2921579910398028, 0.28421915944320364, 0.2704529603659467, 0.29139581278921123, 0.28753008185709605, 0.28776898948861906, 0.27776666678026507, 0.2793473061235602, 0.2859607834711908, 0.26114631713114744, 0.28843634126033457, 0.2790113252135282, 0.2931396137365774, 0.25465961