"[[1.0, 0.0, 0.18891551674058538, 0.0, 0.0, 0.0, 0.25332904235183396, 0.0, 0.0, 0.0886884664833254, 0.0, 0.0, 0.03986801916688387, 0.0, 0.0, 0.0, 0.0, 0.0, 0.09385414850583007, 0.0, 0.0, 0.0, 0.0, 0.0, 0.0, 0.0, 0.0, 0.0, 0.0, 0.0, 0.0, 0.0, 0.0, 0.0, 0.0, 0.06963367157406486, 0.03345104070787552, 0.0, 0.0, 0.003212785359568371, 0.03991617447174545, 0.13377878128773046, 0.024414560260027085, 0.11074426693250272, 0.0, 0.14566468532129773, 0.14570419768402987, 0.0, 0.0, 0.0, 0.0, 0.016699150795188022, 0.0, 0.0043314584582136995, 0.0, 0.0, 0.16626572033089393, 0.0, 0.0, 0.18053528941055397, 0.0, 0.08945429749591394, 0.0, 0.13078178102236349, 0.004553167389226953, 0.0, 0.0, 0.0, 0.0, 0.0, 0.0, 0.012568261426292415, 0.0, 0.0, 0.0, 0.0, 0.0, 0.0, 0.006660249210405866, 0.23250757128332655, 0.0, 0.07535977121240567, 0.0, 0.0667744991417859, 0.0, 0.11881156644782398, 0.0, 0.0, 0.0, 0.0, 0.02805083431926525, 0.0, 0.0], [0.0, 1.0, 0.27061353434269975, 0.12280329764234854, 0.0, 0.0, 0.3054727846191969, 0.0, 0.20224106111919382, 0.0, 0.0, 0.0, 0.0, 0.0, 0.0, 0.05901484292008552, 0.0, 0.04779674092128483, 0.20429738354365667, 0.0, 0.0, 0.0, 0.0, 0.0, 0.0, 0.0, 0.0, 0.0, 0.0, 0.0, 0.0, 0.0, 0.0, 0.06444540121442388, 0.0, 0.03794147964793737, 0.27975915028509624, 0.01048282258647848, 0.0, 0.0, 0.0, 0.0, 0.025890090573463587, 0.0, 0.0, 0.0, 0.0, 0.0, 0.019228406851014013, 0.0, 0.0, 0.15139749866156482, 0.0, 0.0, 0.0, 0.01638523423584426, 0.3109681205114323, 0.0, 0.0, 0.09193810976283223, 0.05446800066785695, 0.0, 0.0, 0.0, 0.0, 0.0, 0.0, 0.0, 0.0, 0.0, 0.05333694893628538, 0.0, 0.0, 0.0, 0.0, 0.0, 0.0, 0.17181318297839354, 0.10281491409595156, 0.17145558623251234, 0.0, 0.0, 0.12019992353106856, 0.0, 0.0, 0.0, 0.0, 0.0, 0.0, 0.0, 0.18798090026497616, 0.08145325073073151, 0.0], [0.18891551674058538, 0.27061353434269975, 1.0, 0.544339177896511, 0.8107169524543452, 0.2574476431178332, 0.862479668659631, 0.14316468647603564, 0.8489181267347943, 0.8240735688127233, 0.052136442644205694, 0.1170249815629052, 0.8214197002843416, 0.0, 0.0, 0.7989049183151423, 0.03931389329787527, 0.8351460290863819, 0.6751866540639007, 0.0, 0.7498199546947626, 0.0, 0.025632869370503686, 0.05742854186512081, 0.022745265560678907, 0.0, 0.0, 0.0, 0.0017921836657035506, 0.033400335870184206, 0.021445655305819877, 0.778837282891043, 0.2727344587994962, 0.7973345399345539, 0.15746305237741265, 0.32942429112599203, 0.1888138712730536, 0.33302962951681425, 0.053175216869075226, 0.7449434348901948, 0.10961909229547173, 0.5273259368187923, 0.18453209613976895, 0.7923601300837634, 0.0, 0.2960853337181577, 0.51797021422786, 0.13624119324894446, 0.053117075972915484, 0.08107774279893687, 0.10894219151656814, 0.8145236525940597, 0.1825128793978429, 0.042400548029496776, 0.017039022432980166, 0.012193650835293446, 0.18428977639212485, 0.0008924610555888224, 0.04900037227281384, 0.14992331074913168, 0.07080704016430439, 0.019235013292949077, 0.2572523362778645, 0.7222146288450829, 0.8243508589368429, 0.8377433325407265, 0.8008275176679891, 0.6246413287847576, 0.7962007604804323, 0.3335293446749725, 0.8247854783832191, 0.8003827323180875, 0.7871284686288726, 0.0, 0.7005515180204773, 0.3454043955714008, 0.37126189931265285, 0.7402894421508447, 0.5171218181095355, 0.6460680332587698, 0.2943959939466496, 0.5728506618343209, 0.7649908868978919, 0.1516132302377643, 0.14746573614036584, 0.5216696650532521, 0.042327125270002486, 0.07099194037969903, 1.1077832639427854e-05, 0.09824141462791347, 0.13330844747349402, 0.3288672457186417, 0.04111057662033246], [0.0, 0.12280329764234854, 0.544339177896511, 1.0, 0.18442191979187572, 0.3787542905758676, 0.2467019333730689, 0.09171919980557786, 0.4619168571738175, 0.4735866736189156, 0.049006713857252304, 0.003619514486995268, 0.21320394548293198, 0.18764470257928456, 0.05300519810244908, 0.21689512341790063, 0.0, 0.18556761766064267, 0.6000212358285053, 0.13975829482055413, 0.2638706619043095, 0.06107648161557977, 0.016398661367432066, 0.059313574826103554, 0.0, 0.04595104976315689, 0.0, 0.050459301654934285, 0.007023827425595486, 0.0, 0.06235582500462311, 0.27345220485952104, 0.33731391125356325, 0.27429163186965444, 0.2211620028051029, 0.4352968751089834, 0.25516204969701817, 0.4145005093292734, 0.15503395831403655, 0.22931007176554097, 0.23445094595261806, 0.33506289942790646, 0.26078710525460225, 0.24681524117023823, 0.2295256816792236, 0.30002846644569103, 0.46673650517394605, 0.0, 0.1324980014064676, 0.18426296408164455, 0.38376767769455533, 0.31478265935494454, 0.24077474487095107, 0.12570626842372168, 0.0, 0.027900506528159452, 0.2950030596911939, 0.04265193531698552, 0.13487631164119895, 0.24916642649475196, 0.16047112893234894, 0.024013739332954254, 0.3777617442577039, 0.45410137589345445, 0.1996964514813515, 0.4395976016829044, 0.5951997233946655, 0.28940599827226543, 0.4740728505311058, 0.3390258522044025, 0.41544632867570463, 0.6763918185155176, 0.31713026819565127, 0.0, 0.5200919938378408, 0.17037202786801842, 0.15066752965219155, 0.3992811275187579, 0.4342471160436635, 0.24141387166909367, 0.7964998630950292, 0.295506077925482, 0.4431918389396494, 0.17759759839477796, 0.2903926329757214, 0.28149613912428084, 0.012127767298435566, 0.13800093358749532, 0.0, 0.14004910607680776, 0.17208147723485212, 0.3799010107513212, 0.00039082672680412767], [0.0, 0.0, 0.8107169524543452, 0.18442191979187572, 1.0, 0.0006737994952230597, 0.8438942420617603, 0.0008654450361352817, 0.8416485787173587, 0.8082672458106326, 0.0, 0.0, 0.9682963782955875, 0.0, 0.0, 0.9278234414026679, 0.0013328455292180852, 0.981865133910358, 0.5733348783537309, 0.018133790987673648, 0.8427846295780854, 0.08494456059335054, 0.0, 0.0, 0.002771474196861523, 0.01969580924470471, 0.08333405113369075, 0.0, 0.0008008955939199369, 0.0, 0.00011604556048450121, 0.9101869781384366, 0.2058671004503725, 0.9321392173973064, 0.1262710923848014, 0.1369764139872558, 0.0, 0.22010137821343834, 0.016584807655735334, 0.9147741016785, 0.043584944337800025, 0.4997144774545653, 0.10159889699952096, 0.9250796528383195, 0.0, 0.0942959485793663, 0.3936709954268498, 0.0, 0.0, 0.0373575792641615, 0.021738691782416497, 0.9006377008688169, 0.18428657188630015, 0.03190566275124895, 0.031705348408517464, 0.12681610292667134, 0.03142354735953545, 0.1265266678943351, 0.01174497180063161, 0.06194974853655477, 0.12115734050103744, 0.12859369495569228, 0.0002347049835434989, 0.7428607715148619, 0.9784642375621461, 0.8880201681082972, 0.7564701125270247, 0.723883454683068, 0.7919128426142279, 0.20017120707764546, 0.8688205420050327, 0.7254754923344537, 0.8601250521819114, 0.0, 0.6714566282780406, 0.3350742854044766, 0.373591333218549, 0.6801659653400733, 0.5400592938044648, 0.5475200324047802, 0.0, 0.5416593886853069, 0.7178184028589426, 0.05937951515082596, 0.012178011576704728, 0.45446039631579194, 0.003469151344904775, 0.0, 0.0, 0.0, 0.0010277849156352659, 0.25304519021115035, 0.00012115671327905808], [0.0, 0.0, 0.2574476431178332, 0.3787542905758676, 0.0006737994952230597, 1.0, 0.002626082328761603, 0.018694528833007817, 0.004148588999864811, 0.163263579829645, 0.0, 0.0, 0.00010742395393170678, 0.0, 0.0, 7.725917474321609e-05, 0.0, 0.0, 0.05602757166459904, 0.01572807473851434, 0.0010604903200523985, 0.0, 0.0, 0.0, 0.0, 0.019729571425496806, 0.0, 0.0, 0.0003169396054026885, 0.0, 0.0, 0.0007492523949669261, 0.10914489076442013, 0.0010923327560250495, 0.0, 0.43699915318691107, 0.15680110141789494, 0.007293198441037707, 0.0006686016005112982, 0.0, 0.027226856362435048, 0.0025820645570155953, 0.0023614699268706962, 0.0, 0.0, 0.1534045337308847, 0.18254499116974732, 0.0, 0.00017093162730064115, 0.00017176492092574325, 0.0027548167828073122, 0.002402714112448301, 0.009232512907733526, 0.0, 0.0, 0.0, 0.00048057991097361086, 0.0, 0.00033078158642996236, 0.08724818023016434, 0.0008603513967264664, 0.0, 0.9981699943377628, 0.00032458781711375284, 0.00034096980849507297, 0.0006600106226085645, 0.0008031753538825237, 0.0003403950395935995, 0.00034357328909317975, 0.20871987506624134, 0.0, 0.025894532885477384, 0.0006119439632554791, 0.0, 0.0009504518528874462, 0.0018891537552025994, 0.1374373538872833, 0.14668062118454483, 0.001536058808014662, 0.046780392680687566, 0.0, 0.0, 0.21528245829019876, 0.05172100071249919, 0.0036991727175598177, 5.5360353739541956e-05, 0.00036300130922917173, 0.0, 0.0, 0.0027329649210142692, 0.005758254469069746, 0.000748075236161938, 4.0072132937218896e-05], [0.25332904235183396, 0.3054727846191969, 0.862479668659631, 0.2467019333730689, 0.8438942420617603, 0.002626082328761603, 1.0, 0.12474869898446683, 0.8408647235675645, 0.7604240573030453, 0.1400346225784026, 0.11693990522416897, 0.8413972681144195, 0.03460345520240693, 0.10218369392600823, 0.8407330957827114, 0.0, 0.8554926876666185, 0.6342697922175878, 0.11499739041454227, 0.7429748953170813, 0.027549243509294774, 0.2188573202526859, 0.013700433113565058, 0.053228613034076666, 0.04142993073489698, 0.07299414185085396, 0.0, 0.005731492660456472, 0.009464428579912143, 0.0034157224470211522, 0.7716505614438346, 0.20162044774755616, 0.8028284014405089, 0.13230218353469703, 0.25743434952006505, 0.13440724451892083, 0.2481087325370177, 0.025043580654356634, 0.7612273165990365, 0.053907768231197695, 0.47499907087075666, 0.11618376543817377, 0.8229496448234894, 0.0, 0.17191478040721375, 0.393472622221837, 0.00601855412067398, 0.006037034194199098, 0.044459629531250044, 0.07043228648650224, 0.8052172874907882, 0.18037608886455947, 0.01716042507555915, 0.0, 0.03519513352773562, 0.2705493109285829, 0.031102009883232973, 0.008314677850069785, 0.22940949915645448, 0.06604019559956131, 0.05411950481737926, 0.0017744069853861122, 0.7283174006358235, 0.8383070919904302, 0.7661141802453555, 0.7124775270920295, 0.5986181747616289, 0.7430262668782749, 0.27257155343167194, 0.7849773186441877, 0.6808037580198201, 0.7271776996849764, 0.0, 0.6152955570700075, 0.28241884948767715, 0.3821238609712596, 0.6935501633816786, 0.5363400261291532, 0.728901222721155, 0.0, 0.593381200008412, 0.7547510537561068, 0.21466646540975842, 0.1745374030776906, 0.4770095809901831, 0.007363099100363812, 0.12360557300584629, 0.0, 0.0, 0.18978416538066523, 0.3669101280627922, 0.0006576632183011855], [0.0, 0.0, 0.14316468647603564, 0.09171919980557786, 0.0008654450361352817, 0.018694528833007817, 0.12474869898446683, 1.0, 0.11653594420212576, 0.14780224742374282, 0.0, 0.9900043114442139, 0.01750683422131949, 0.09513428706803173, 0.0, 0.16391527784157423, 0.02804305267409979, 0.0020465108475098415, 0.08149035396783333, 0.04504469433391667, 5.9809058953197436e-05, 0.0, 0.0, 0.021158204267232805, 0.004054487179003696, 0.0, 0.0, 0.022514447656567405, 0.00169239209850236, 0.0, 0.008097833782878205, 6.407368918881495e-06, 0.028875182726127102, 0.004806382153442534, 0.006449573003321163, 0.008719069063495621, 0.05719517272433161, 0.06408128541670854, 0.0036856707347043827, 0.0029823536672693995, 0.004407378549671326, 0.02309223481346534, 0.08672696407727631, 0.001727059802633768, 0.0, 0.00886507350401966, 0.020531464650316522, 0.0, 0.0006222908020616646, 0.01457714103419172, 0.05264279288854823, 0.09192906325109607, 0.0912808113915149, 0.00028518503905627934, 0.0, 0.0, 0.004978729930947612, 0.00047987731279697243, 0.004356774111356931, 0.014660007627402827, 0.013010184015259996, 0.010232477334425116, 0.017964718946848923, 0.10779636910719192, 0.007768616734707967, 0.06947792637191263, 0.06839302036651262, 0.038653142519679884, 0.25668938071140635, 0.3942631612905021, 0.025095034881671308, 0.11288827234214172, 0.025951601825413784, 0.04460467369753374, 0.295481531528792, 0.029186653540030694, 0.044103457502903454, 0.037095144238590616, 0.0842327243558697, 0.1520425889621616, 0.06885637783387444, 0.11226418782096026, 0.0994900142493661, 0.00327101817780151, 0.04085750578934888, 0.01091349336353109, 0.004290364878361652, 0.0, 0.0, 0.0, 0.00916822626130731, 0.03661204010778785, 0.0], [0.0, 0.20224106111919382, 0.8489181267347943, 0.4619168571738175, 0.8416485787173587, 0.004148588999864811, 0.8408647235675645, 0.11653594420212576, 1.0, 0.7766117895100196, 8.45712472196114e-05, 0.0958526050153421, 0.844885544240777, 0.058075923999480805, 0.049368717895281855, 0.8156162449770917, 0.04255483552058115, 0.8420869532097128, 0.6460157052705584, 0.07080397375469316, 0.8830582200149957, 0.1339223673206612, 0.04573922205940262, 0.014364718656405873, 0.0, 0.11359041468652764, 0.07209444982059776, 0.0, 0.005039917499509383, 0.0, 0.013059999539515088, 0.8934677471397546, 0.25707978322477165, 0.847719824758102, 0.18501391020704194, 0.3617513494391791, 0.11013728055479632, 0.29471933990767574, 0.04991448559960332, 0.7943032514619497, 0.11904924439073705, 0.46865162233220703, 0.13972033331859857, 0.8067616334091805, 0.2146366951587213, 0.20021232160099833, 0.3957540358407847, 0.0, 0.02216238685750882, 0.06502325685502752, 0.12560268970614508, 0.7996772288683325, 0.19504543610033098, 0.003194552706001108, 0.0, 0.008442670965303045, 0.33314767114542665, 0.020997395595029777, 0.02149435978290193, 0.1720614809464739, 0.04746388514392952, 0.00548946488708435, 0.0024404557892052647, 0.7601530567794398, 0.8511871637903325, 0.8562166595990052, 0.795177204257496, 0.6081766900679088, 0.853981965471127, 0.2756930862671002, 0.8701421452584237, 0.8315790061696027, 0.8220367978937217, 0.0, 0.6839562073733119, 0.4859637704769493, 0.34610572037913667, 0.6856082655209843, 0.6380893339847211, 0.5573238234547984, 0.16599475904504213, 0.6645515084355952, 0.8218465789604749, 0.27216538989798633, 0.33179410759687855, 0.535038361519792, 0.008282316394773281, 0.21240633467030245, 0.0, 0.290486205275893, 0.26182183168363093, 0.5169316242997503, 0.0005077968784916731], [0.0886884664833254, 0.0, 0.8240735688127233, 0.4735866736189156, 0.8082672458106326, 0.163263579829645, 0.7604240573030453, 0.14780224742374282, 0.7766117895100196, 1.0, 0.08254330133100152, 0.08612394704714321, 0.8745813067385599, 0.41551831292501407, 0.004052743633394029, 0.8307583216459008, 0.039544343743323496, 0.8144517757033127, 0.7640581339165751, 0.0, 0.706049396857682, 0.0, 0.0, 0.22677964221459768, 0.0, 0.0, 0.13258646125348883, 0.0075884959466572255, 0.05214361839404902, 0.0, 0.07457016119104487, 0.7436860618150064, 0.23097855651824162, 0.7738576734257699, 0.13337124456826033, 0.2362813526102252, 0.0930075573592476, 0.282119799464868, 0.0089996621553865, 0.7524398817300638, 0.07351624530783984, 0.4701383411264033, 0.2085433833032594, 0.7696987639565803, 0.0, 0.14908200797341975, 0.4261304278298639, 0.0, 0.0050627359506491, 0.03643978991665975, 0.19551579005507191, 0.7394901261882398, 0.3207731000781122, 0.007939701811393918, 0.0, 0.0, 0.061758815579870285, 0.0022834046557913545, 0.01168274906984934, 0.08167109051582233, 0.04301110639827865, 0.010456080633337916, 0.16536359402647527, 0.8846438501905508, 0.8259094093859101, 0.8789809073991569, 0.801313562896246, 0.6328128861922827, 0.7494399369797851, 0.32088574418513116, 0.7668212638024204, 0.8303162225380725, 0.7376700820683524, 0.0, 0.8200296377142754, 0.29077931198283635, 0.34219391334138594, 0.6460767263083951, 0.784319673667676, 0.5632199306046919, 0.20323825865558665, 0.5502183146161918, 0.7509118911510625, 0.1218184241636211, 0.09720267699639773, 0.47947007302385813, 0.08202854412708649, 0.05125835881454044, 0.0, 0.031038933810540237, 0.057598388583355864, 0.3922351035426881, 0.06617724209614095], [0.0, 0.0, 0.052136442644205694, 0.049006713857252304, 0.0, 0.0, 0.1400346225784026, 0.0, 8.45712472196114e-05, 0.08254330133100152, 1.0, 0.0, 0.0, 0.0, 0.0, 0.13207562993763866, 0.0, 0.0, 0.0, 0.0, 0.0014040452147988658, 0.0, 0.0, 0.0, 0.0, 0.0, 0.0, 0.0, 0.0, 0.0, 0.0, 0.01892001320105574, 0.1373079609738579, 0.0, 0.0, 0.17658595878793282, 0.041757207287041576, 0.0, 0.0, 0.0, 0.0, 0.004212603391856251, 0.0, 0.019161945923400592, 0.0, 0.04051779410623346, 0.09764170660686677, 0.0, 0.0, 0.0, 0.0, 0.0, 0.0, 0.02906566900296481, 0.0, 0.0, 0.14819395973003402, 0.0, 0.0, 0.22451096532859072, 0.0, 0.0, 0.0, 0.053240057021295306, 0.03180308155950384, 0.0, 0.0, 0.0, 0.0, 0.20557498319324752, 0.14741292011195672, 0.0, 0.0, 0.0, 0.0, 0.0, 0.05453755854594888, 0.37740702518440905, 0.004347480069974652, 0.49336895653779766, 0.0, 0.0, 0.0, 0.0, 0.10004021271315122, 0.006429286182663252, 0.014656276056006279, 0.0, 0.0, 0.0, 0.0, 0.128074646000096, 0.0], [0.0, 0.0, 0.1170249815629052, 0.003619514486995268, 0.0, 0.0, 0.11693990522416897, 0.9900043114442139, 0.0958526050153421, 0.08612394704714321, 0.0, 1.0, 0.0, 0.0, 0.0, 0.15024501061845508, 0.0, 0.0, 0.0, 0.0, 0.0, 0.0, 0.0, 0.0, 0.0, 0.0, 0.0, 0.0, 0.0, 0.0, 0.0, 0.0, 0.018438076189471242, 0.0, 0.0, 0.0, 0.0440824853975158, 0.036739508805384125, 0.0, 0.0, 0.0, 0.0, 0.056375887995859464, 0.0, 0.0, 0.0, 0.0, 0.0, 0.0, 0.0, 0.0, 0.08330876593907388, 0.04583853774489843, 0.0, 0.0, 0.0, 0.0, 0.0, 0.0, 0.0, 0.0, 0.008602777617689794, 0.0, 0.03788694174050311, 0.0, 0.03294096518560197, 0.00952176639161939, 0.0, 0.23399061228324902, 0.3272135225519216, 0.0, 0.039007152854032334, 0.0, 0.0, 0.21562707189729913, 0.0, 0.0, 0.0, 0.0, 0.13029593707537934, 0.0, 0.09906758437654672, 0.06482222975889962, 0.0, 0.02645737624430089, 0.0, 0.0, 0.0, 0.0, 0.0, 0.008067412978124078, 0.0, 0.0], [0.03986801916688387, 0.0, 0.8214197002843416, 0.21320394548293198, 0.9682963782955875, 0.00010742395393170678, 0.8413972681144195, 0.01750683422131949, 0.844885544240777, 0.8745813067385599, 0.0, 0.0, 1.0, 0.16017509197517066, 0.0, 0.9474060246294032, 0.0497922697059513, 0.9754411064378311, 0.6221835559282651, 0.0, 0.8288014532222302, 0.04574467934211812, 0.00034969452394573164, 0.04123052160098639, 0.0, 0.0, 0.0, 0.0, 0.0007419878384534728, 0.017661369243392677, 0.006094407955615444, 0.8990922533663369, 0.20656118905710275, 0.9133898427688597, 0.13483818813922888, 0.1361693470938764, 0.02000717224454507, 0.23035436451044888, 0.007827284261841538, 0.8855196707983357, 0.057355129637884805, 0.5021104294944208, 0.1401496139934173, 0.9031979211086646, 0.0, 0.1092417551621151, 0.39690162843776977, 0.0, 0.002921112789561975, 0.03689111565703007, 0.0566263372855923, 0.8523435262477699, 0.23464299183047377, 0.004668666223206941, 0.020054398560390263, 0.01639613091637737, 0.012751085966209663, 0.017237826230763642, 0.009023643408986426, 0.014041865115358099, 0.03568528184211395, 0.022491646630413364, 0.0014619067206005365, 0.8197145989863647, 0.9783123635265482, 0.9124561160169036, 0.7655241624129308, 0.7205573202489454, 0.7891317698106355, 0.21043885895190806, 0.8572498995060176, 0.7552070837354506, 0.8779008771834833, 0.0, 0.7340334810403929, 0.3524042906761695, 0.3706510000415686, 0.6776348415823448, 0.6493973037926707, 0.55226260869685, 0.0, 0.559042853487188, 0.7353726172880307, 0.06252347872337816, 0.012173968521933531, 0.46132543757857825, 0.007027761322507042, 0.0, 0.09290273316625186, 0.03930674451972749, 0.002395619095215906, 0.29651098186702685, 0.00014020778628798247], [0.0, 0.0, 0.0, 0.18764470257928456, 0.0, 0.0, 0.03460345520240693, 0.09513428706803173, 0.058075923999480805, 0.41551831292501407, 0.0, 0.0, 0.16017509197517066, 1.0, 0.0, 0.15301278728814793, 0.0, 0.007344499392658466, 0.441943653505823, 0.0, 0.0, 0.0, 0.0, 0.0, 0.0, 0.0, 0.0, 0.0, 0.0, 0.0, 0.03519578530349898, 0.0, 0.013941308137119468, 0.023022231160248707, 0.04464993516878257, 0.0, 0.1128012871438221, 0.029899873902172525, 0.0, 0.0, 0.0, 0.0, 0.2274424752515799, 0.0, 0.0, 0.0, 0.0, 0.0, 0.0, 0.0, 0.33262940135053365, 0.0, 0.3839819401682163, 0.0, 0.0, 0.0, 0.0, 0.0, 0.0, 0.0, 0.0, 0.0, 0.0, 0.49922457932567044, 0.02805542690544771, 0.18738875767695873, 0.09261842998613978, 0.10217318679054266, 0.03150145947511962, 0.05529138164356029, 0.0, 0.20074347482185118, 0.0, 0.0, 0.3998982577920416, 0.0, 0.0, 0.0, 0.7506977373882223, 0.067672012807935, 0.0, 0.01108151439052496, 0.16296698957821676, 0.018032383062925872, 0.0, 0.007266518623541107, 0.03176200209038349, 0.0, 0.0, 0.0, 0.0, 0.24508759597497687, 0.0], [0.0, 0.0, 0.0, 0.05300519810244908, 0.0, 0.0, 0.10218369392600823, 0.0, 0.049368717895281855, 0.004052743633394029, 0.0, 0.0, 0.0, 0.0, 1.0, 0.019661853079043556, 0.0, 0.0, 0.005421688249613532, 0.0, 0.0, 0.0, 0.0, 0.0, 0.0, 0.0, 0.0, 0.0, 0.014338670872729553, 0.0, 0.0, 0.032733879822302026, 0.0, 0.0, 0.0, 0.029361429183873078, 0.0, 0.0, 0.0, 0.02612443778835294, 0.0, 0.040133304672132275, 0.0, 0.024437888314108314, 0.0, 0.11900495120733146, 0.056572561385435316, 0.0, 0.0, 0.0, 0.0, 0.0, 0.0, 0.037236341296115416, 0.0, 0.0, 0.20819210681922717, 0.011920786686583251, 0.01951941538394486, 0.07407212397183072, 0.0, 0.0, 0.0, 0.03180650432534182, 0.0, 0.0, 0.017517424319799968, 0.0, 0.018498556252674825, 0.0023577772034795164, 0.0, 0.0, 0.0, 0.0, 0.0, 0.0, 0.061696907082857466, 0.0, 0.039339469322787646, 0.11182781065159286, 0.0, 0.04119546505005023, 0.0656148960716163, 0.05169356510283407, 0.05883471703629595, 0.0, 0.0, 0.0, 0.0, 0.0, 0.012176008920588455, 0.03919368248254507, 0.005612599457048506], [0.0, 0.05901484292008552, 0.7989049183151423, 0.21689512341790063, 0.9278234414026679, 7.725917474321609e-05, 0.8407330957827114, 0.16391527784157423, 0.8156162449770917, 0.8307583216459008, 0.13207562993763866, 0.15024501061845508, 0.9474060246294032, 0.15301278728814793, 0.019661853079043556, 1.0, 0.015901304210564016, 0.9158104632734397, 0.5967674436820357, 0.0, 0.8155388049480689, 0.04878438278474295, 0.0, 0.0, 0.04177742001139084, 0.0, 0.0, 0.0, 0.01923729897172377, 0.0, 0.02691161229525374, 0.8709068913932263, 0.2195025058855259, 0.8992907373624001, 0.12776116849875485, 0.16233942391115097, 0.048119051923254386, 0.21503401815298973, 0.01648113852740507, 0.8947456539329761, 0.06227189396968058, 0.47404937036272266, 0.14594698170802478, 0.8768368315436075, 0.0, 0.14325976146255326, 0.37936418896617896, 0.0, 0.0034646744466433343, 0.040533601409379116, 0.07936153852609307, 0.8872650146105705, 0.2319901966689749, 0.04877312903749431, 0.07259490080592368, 0.18082406576160248, 0.0923894412091576, 0.17983709647881252, 0.019445589955857878, 0.11864284336682507, 0.22528635375021167, 0.18225019421160937, 0.004917623567859186, 0.7852912182099584, 0.9413875473399635, 0.8680489746020132, 0.7196147169748465, 0.7531384230086566, 0.790230244509997, 0.27478424012098357, 0.8269145842484132, 0.7073981303451383, 0.8585784116670719, 0.0, 0.7295738321399609, 0.3374186264111244, 0.3568424578653726, 0.694825299889329, 0.6210956218196868, 0.6177607876513604, 0.0, 0.5670335920334105, 0.7143851752823959, 0.06918494615415827, 0.03853828703597051, 0.4593580936815813, 0.015970467410429512, 0.010977131320446865, 0.23562378656530147, 0.028269362021136613, 0.02433397949414262, 0.32559308431796175, 0.007555754544785298], [0.0, 0.0, 0.03931389329787527, 0.0, 0.0013328455292180852, 0.0, 0.0, 0.02804305267409979, 0.04255483552058115, 0.039544343743323496, 0.0, 0.0, 0.0497922697059513, 0.0, 0.0, 0.015901304210564016, 1.0, 0.0, 0.1119770069544127, 0.0, 0.0, 0.0, 0.0, 0.0, 0.0, 0.0, 0.0, 0.0, 0.0, 0.0, 0.0012083122094158627, 0.0, 0.0, 0.021629280724591915, 0.02374838883342001, 0.0, 0.0, 0.04939584273138009, 0.007819661374643072, 0.0, 0.0, 0.0, 0.0, 0.0, 0.0, 0.0, 0.0, 0.0, 0.0, 0.0, 0.0, 0.012188677476455245, 0.011717739263681914, 0.010169543322211427, 0.0, 0.0, 0.0, 0.011141934045613588, 0.0895399565414744, 0.0, 0.0, 0.028205292715205665, 0.0, 0.0, 0.0, 0.0, 0.05104379028858874, 0.13127860655483325, 0.0, 0.0026084443122691425, 0.04591364112975371, 0.11354519607745406, 0.1170264436567976, 0.0, 0.0, 0.0, 0.05239056438269296, 0.0, 0.022027838276516776, 0.0, 0.0, 0.07475336804285204, 0.0, 0.0, 0.020388081145559678, 0.0, 0.004002915062842893, 0.0, 0.0, 0.0, 0.002993791090271425, 0.0, 0.0], [0.0, 0.04779674092128483, 0.8351460290863819, 0.18556761766064267, 0.981865133910358, 0.0, 0.8554926876666185, 0.0020465108475098415, 0.8420869532097128, 0.8144517757033127, 0.0, 0.0, 0.9754411064378311, 0.007344499392658466, 0.0, 0.9158104632734397, 0.0, 1.0, 0.5781602008229836, 0.0, 0.8278773562881688, 0.0, 0.0, 0.0, 0.011221229481152228, 0.0, 0.011922057369464167, 0.05784289371513052, 0.0011000369543123778, 0.0, 0.0007239681340655002, 0.9024850743994348, 0.2091729367188162, 0.9208127982141199, 0.1275849879193527, 0.13807532370570352, 0.01420004461145441, 0.2201635231336745, 0.002963024626479016, 0.8830785663363234, 0.04362862012889501, 0.5077407419534616, 0.10261926684072975, 0.910139338974476, 0.0, 0.088228824774783, 0.39868258717624494, 0.0, 0.0016086061101778792, 0.03547574463088332, 0.0026135671982723263, 0.8692908653234457, 0.1831526283830105, 0.0015261139958576697, 0.01759470249363182, 0.0007831607957051734, 0.015510584849513953, 0.0, 0.0032874861096213737, 0.004680919279342666, 0.007560640113460471, 0.0025431821936705568, 7.722922706565605e-06, 0.7405321953775997, 0.9786777815743516, 0.8931265507824951, 0.7618316992533949, 0.6892488971239724, 0.7898967378418845, 0.20828959869077557, 0.8649822648564318, 0.7165017450416854, 0.8541958566633319, 0.0, 0.6748433072138412, 0.3289239297034223, 0.3715975482539544, 0.6939824499313524, 0.5396758534207595, 0.550209021651303, 0.0, 0.5560386487573902, 0.7337424427126423, 0.056941245270693, 0.0011211457891582288, 0.4631224417148734, 0.03154233108465365, 0.0, 0.000502150945054014, 0.0, 0.009476947142595948, 0.259540773339644, 0.031281862395886484], [0.09385414850583007, 0.20429738354365667, 0.6751866540639007, 0.6000212358285053, 0.5733348783537309, 0.05602757166459904, 0.6342697922175878, 0.08149035396783333, 0.6460157052705584, 0.7640581339165751, 0.0, 0.0, 0.6221835559282651, 0.441943653505823, 0.005421688249613532, 0.5967674436820357, 0.1119770069544127, 0.5781602008229836, 1.0, 0.0, 0.4506808796314472, 0.19793023786618158, 0.19994683721436168, 0.0, 0.13708031851586489, 0.0, 0.23119894796742024, 0.30465933471930895, 0.04529373269273351, 0.0, 0.09110277612677176, 0.5061515143999279, 0.3363235378267142, 0.5784873577230062, 0.2861657237845038, 0.17574455750145002, 0.28087017378206114, 0.4487256385416014, 0.22714334504951883, 0.4824392559772399, 0.20520634075055988, 0.5754230498404572, 0.37890994231325437, 0.5668804458712373, 0.0, 0.22625344359706212, 0.4922477740816418, 0.0, 0.18074813779862997, 0.2256526242646042, 0.3847636656894444, 0.5942726723537289, 0.5151071141993121, 0.17626577356840123, 0.022458571092464963, 0.003347460483132947, 0.09636914068132163, 0.0013122712152160432, 0.20525302061300077, 0.15903788394324714, 0.09140324996885985, 0.029187654830142074, 0.06029912953258132, 0.8038528648471124, 0.5494332049410291, 0.7379087080990667, 0.7285498885755411, 0.5642275793394671, 0.6247557327372095, 0.27739395196388483, 0.6164299695889538, 0.7571708637036081, 0.5887683036176723, 0.0, 0.7536647038191873, 0.21181515235879622, 0.2962436977830758, 0.5344516318413335, 0.7662031427267658, 0.40490190178901164, 0.40494129098755227, 0.3707675531528807, 0.538066506272457, 0.07494662348756431, 0.0728115959327853, 0.35951937805666745, 0.022597450693572663, 0.0, 0.0, 0.0, 0.044901134694000144, 0.334530974570586, 8.791482502257253e-05], [0.0, 0.0, 0.0, 0.13975829482055413, 0.018133790987673648, 0.01572807473851434, 0.11499739041454227, 0.04504469433391667, 0.07080397375469316, 0.0, 0.0, 0.0, 0.0, 0.0, 0.0, 0.0, 0.0, 0.0, 0.0, 1.0, 0.0013277714465057544, 0.0, 0.0, 0.0, 0.0, 0.0, 0.0, 0.0, 0.020151201636051885, 0.0, 0.0, 0.0, 0.0, 0.0, 0.0, 0.0, 0.0, 0.04646431530838446, 0.029711277263558378, 0.0, 0.0, 0.016640127568889218, 0.0, 0.0, 0.0, 0.0, 0.0, 0.0, 0.0, 0.010920912049399822, 0.17515282884951155, 0.0, 0.0970340436775663, 0.0, 0.0, 0.0, 0.03055554598788457, 0.0, 0.0, 0.24518730235625374, 0.029368933204451886, 0.0, 0.0, 0.020637479317087815, 0.004065010956263659, 0.0, 0.0, 0.021545598125748744, 0.021844586499317198, 0.16383863691641476, 0.0, 0.23922168725905402, 0.0, 0.0, 0.0, 0.0, 0.0, 0.019601376720301156, 0.026004767398196904, 0.35188645930106577, 0.0, 0.0, 0.16487764914484115, 0.0035336026511292307, 0.16963537106278204, 0.0, 0.02307983114680401, 0.0, 0.0, 0.0, 0.0, 0.0, 0.0], [0.0, 0.0, 0.7498199546947626, 0.2638706619043095, 0.8427846295780854, 0.0010604903200523985, 0.7429748953170813, 5.9809058953197436e-05, 0.8830582200149957, 0.706049396857682, 0.0014040452147988658, 0.0, 0.8288014532222302, 0.0, 0.0, 0.8155388049480689, 0.0, 0.8278773562881688, 0.4506808796314472, 0.0013277714465057544, 1.0, 0.0, 0.0, 0.0, 0.0, 0.0, 0.0, 0.0, 0.0033932190074508206, 0.0, 7.22265955223067e-05, 0.9074588514399677, 0.19505137226020375, 0.8392592080353808, 0.13578648272652782, 0.3670559291363594, 0.06525811589124642, 0.2124151208056847, 0.02290720700838844, 0.8377811068449015, 0.07174353191344329, 0.41339452205836746, 0.10464292727061808, 0.8189634455247534, 0.07231558254250336, 0.2110531460425611, 0.3375975106066226, 0.03023460737429806, 0.026709557207654555, 0.03660336986823709, 0.11478891265887692, 0.8162389449087084, 0.13996536990315012, 0.06034320919533609, 0.0, 0.23039929698522776, 0.26702465391307917, 0.23308284271866675, 0.039613889907029964, 0.24863014128023053, 0.23958205157556145, 0.226756091154518, 0.0013813204937289658, 0.6560149418234942, 0.8740439975821168, 0.8104210458796979, 0.6979337103866187, 0.6505752639561199, 0.7691363815099437, 0.18942689864015705, 0.7674493060782598, 0.6895173302656487, 0.8150174459463732, 0.0, 0.557623633383607, 0.5434911586579706, 0.3101460371499172, 0.6081762111079573, 0.5106745789211004, 0.49295978046794664, 0.0, 0.7248339503135869, 0.7986349815123032, 0.35840903454466644, 0.3945144286871116, 0.6193129993275049, 0.11661205517326789, 0.3150037230823436, 0.01691231300850715, 0.3803953074964014, 0.32066109824355293, 0.5252585541550422, 0.11672732091369054], [0.0, 0.0, 0.0, 0.06107648161557977, 0.08494456059335054, 0.0, 0.027549243509294774, 0.0, 0.1339223673206612, 0.0, 0.0, 0.0, 0.04574467934211812, 0.0, 0.0, 0.04878438278474295, 0.0, 0.0, 0.19793023786618158, 0.0, 0.0, 1.0, 0.0, 0.0, 0.0, 0.0, 0.0, 0.0, 0.0, 0.0, 0.0, 0.0, 0.0, 0.0, 0.015700318211610775, 0.0, 0.0, 0.0, 0.12984229556182725, 0.0, 0.0, 0.08067284222297189, 0.0018488868760141441, 0.0, 0.0, 0.028741305193441535, 0.0, 0.0, 0.0, 0.02006642261720193, 0.026346148409857273, 0.0, 0.11115378650558094, 0.0, 0.0, 0.0, 0.0, 0.0, 0.0, 0.0, 0.0, 0.02587017179482909, 0.0, 0.18641056554145496, 0.0, 0.10904965355947116, 0.0, 0.0015711967169566021, 0.10798905576780216, 0.0, 0.1643383541941441, 0.15281138950101347, 0.10734004726539514, 0.0, 0.08658154069766721, 0.07799622504697623, 0.07228218176687629, 0.038540410096488675, 0.10914175353031752, 0.0, 0.0, 0.0051824340669371916, 0.0, 0.023768066405390753, 0.016356820674127914, 0.16735663253114386, 0.03232012079907276, 0.0, 0.0, 0.0, 0.0017462470451036216, 0.023553910572063352, 0.0], [0.0, 0.0, 0.025632869370503686, 0.016398661367432066, 0.0, 0.0, 0.2188573202526859, 0.0, 0.04573922205940262, 0.0, 0.0, 0.0, 0.00034969452394573164, 0.0, 0.0, 0.0, 0.0, 0.0, 0.19994683721436168, 0.0, 0.0, 0.0, 1.0, 0.0, 0.0, 0.0, 0.0, 0.0, 0.0, 0.0, 0.0, 0.0, 0.0, 0.0, 0.06744097082431344, 0.0, 0.0, 0.19010782470888443, 0.023145862010147233, 0.0, 0.0, 0.0, 0.0, 0.060684610807199224, 0.0, 0.0, 0.0, 0.0, 0.0, 0.055170999944339494, 0.0, 0.0, 0.0, 0.0, 0.0, 0.0, 0.07641741029082716, 0.0, 0.013054434699114492, 0.022434149332421383, 0.07710088807080173, 0.0, 0.007855197324866503, 0.057004723133325275, 0.0, 0.0, 0.11727374786593125, 0.0, 0.0, 0.054321302599102506, 0.0, 0.0, 0.0, 0.0, 0.0, 0.0, 0.2162373536483615, 0.0, 0.0, 0.043943368489598456, 0.0, 0.0, 0.0046193998850087015, 0.08803207259350931, 0.04360171432717996, 0.0, 0.0, 0.0, 0.0, 0.0, 0.0, 0.009692755798667685, 0.0], [0.0, 0.0, 0.05742854186512081, 0.059313574826103554, 0.0, 0.0, 0.013700433113565058, 0.021158204267232805, 0.014364718656405873, 0.22677964221459768, 0.0, 0.0, 0.04123052160098639, 0.0, 0.0, 0.0, 0.0, 0.0, 0.0, 0.0, 0.0, 0.0, 0.0, 1.0, 0.0, 0.0, 0.0, 0.0, 0.01799608177733325, 0.0, 0.0, 0.0, 0.0, 0.0344218057442619, 0.044048252264226595, 0.0, 0.0, 0.12376522525074496, 0.0, 0.14095495201774422, 0.10247704308878025, 0.09839159248421825, 0.0, 0.07852935652225757, 0.0, 0.0, 0.0, 0.0, 0.00733258885710919, 0.0, 0.0, 0.0, 0.019108406174195736, 0.0, 0.0, 0.0, 0.034867201915132484, 0.007912933789175902, 0.02676018706241534, 0.0, 0.0, 0.0, 0.0, 0.047214169927853655, 0.05521691573997267, 0.0, 0.09453839763820848, 0.0, 0.04750176797531158, 0.06689178008057173, 0.0, 0.17328582831952333, 0.0, 0.0, 0.06965455960186095, 0.0, 0.0, 0.0, 0.0, 0.0, 0.0, 0.011507868287092604, 0.006277927212193335, 0.013695401730471346, 0.0, 0.0, 0.004213922817576599, 0.0, 0.0, 0.0, 0.0, 0.047005716655880714, 0.0], [0.0, 0.0, 0.022745265560678907, 0.0, 0.002771474196861523, 0.0, 0.053228613034076666, 0.004054487179003696, 0.0, 0.0, 0.0, 0.0, 0.0, 0.0, 0.0, 0.04177742001139084, 0.0, 0.011221229481152228, 0.13708031851586489, 0.0, 0.0, 0.0, 0.0, 0.0, 1.0, 0.0, 0.0, 0.0, 0.0, 0.0, 0.04129032378790276, 0.0015803154963793808, 0.06924646039809645, 0.016194316938680342, 0.09230953026442046, 0.0, 0.0, 0.00576828343458069, 0.07385171142300662, 0.0, 0.0, 0.1381829128815173, 0.0006257763280030915, 0.016159783831787622, 0.0, 0.0, 0.0, 0.0, 0.0, 0.02972767275555932, 0.0, 0.045901992662239155, 0.0, 0.0, 0.0, 0.0, 0.0, 0.0, 0.0, 0.0, 0.000357195868836202, 0.0, 0.0, 0.11340647958223993, 0.012229499762499096, 0.009407601116772302, 0.1049874969364406, 0.0, 0.09796454389710396, 0.04740483002181173, 0.0020759353830883676, 0.10925708349469976, 0.0008678864310646128, 0.0, 0.07637818933729768, 0.07939578512626355, 0.03367248426787883, 0.08166413290345254, 0.0, 0.0, 0.0, 0.051718722993064126, 0.0, 0.0, 0.0, 0.0, 0.006825158258949249, 0.0, 0.0, 0.0, 0.0007771276197116039, 0.0, 0.0], [0.0, 0.0, 0.0, 0.04595104976315689, 0.01969580924470471, 0.019729571425496806, 0.04142993073489698, 0.0, 0.11359041468652764, 0.0, 0.0, 0.0, 0.0, 0.0, 0.0, 0.0, 0.0, 0.0, 0.0, 0.0, 0.0, 0.0, 0.0, 0.0, 0.0, 1.0, 0.0, 0.0, 0.0, 0.0, 0.0, 0.0, 0.0, 0.048591771584733046, 0.0, 0.02311527996096341, 0.0, 0.11208539717886057, 0.010202979415619096, 0.0, 0.03482731110045789, 0.11760759202073268, 0.0, 0.0, 0.0, 0.0, 0.0, 0.0, 0.0, 0.0, 0.0, 0.12076954628845693, 0.0, 0.0, 0.0, 0.0, 0.0, 0.0, 0.009790888529915276, 0.22592111356066924, 0.019188434816280298, 0.0, 0.0, 0.0, 0.0, 0.014522631120913343, 0.040709214435574737, 0.0, 0.0, 0.018850670791707214, 0.0, 0.10283496624992305, 0.0, 0.0, 0.048173973594741515, 0.0, 0.06587536735543675, 0.02913932490853055, 0.04748924308215863, 0.02119526447926079, 0.0, 0.0, 0.0, 0.03745061709488562, 0.01847761398925507, 0.0, 0.0, 0.0, 0.0, 0.0, 0.044339720528139615, 0.028950403644148137, 0.0020310696098267966], [0.0, 0.0, 0.0, 0.0, 0.08333405113369075, 0.0, 0.07299414185085396, 0.0, 0.07209444982059776, 0.13258646125348883, 0.0, 0.0, 0.0, 0.0, 0.0, 0.0, 0.0, 0.011922057369464167, 0.23119894796742024, 0.0, 0.0, 0.0, 0.0, 0.0, 0.0, 0.0, 1.0, 0.0, 0.0052256899715901195, 0.0, 0.0, 0.0, 0.0, 0.0, 0.0002147530836261735, 0.0, 0.0, 0.0033137622325124516, 0.026934484891215638, 0.0, 0.0, 0.0, 0.042027178865921666, 0.0, 0.0, 0.02574638526948103, 0.0, 0.0, 0.0, 0.0, 0.005702488482715484, 0.0, 0.06903376491833768, 0.012775198591815529, 0.0, 0.0, 0.0, 0.0, 0.0, 0.0131016693836431, 0.0006654721023398036, 0.0, 0.0, 0.0, 0.0, 0.055828379744613965, 0.07433372159100948, 0.022813436938343035, 0.0, 0.0, 0.04520610286804383, 0.03764752879636435, 0.014380007454806498, 0.0, 0.0, 0.0, 0.0, 0.0, 0.10199318637962262, 0.0, 0.0, 0.0, 0.025462792844474724, 0.006563648570921843, 0.08785544979552773, 0.04392169032602333, 0.003371455365302034, 0.0, 0.0, 0.0, 0.0, 0.029346095385793802, 0.0], [0.0, 0.0, 0.0, 0.050459301654934285, 0.0, 0.0, 0.0, 0.022514447656567405, 0.0, 0.0075884959466572255, 0.0, 0.0, 0.0, 0.0, 0.0, 0.0, 0.0, 0.05784289371513052, 0.30465933471930895, 0.0, 0.0, 0.0, 0.0, 0.0, 0.0, 0.0, 0.0, 1.0, 0.017940595845477247, 0.0, 0.0, 0.0, 0.0, 0.0, 0.0, 0.03830061039712074, 0.0, 0.0, 0.008743427417243876, 0.0, 0.0, 0.18159552327690376, 0.0, 0.0, 0.0, 0.035758743457546927, 0.0, 0.0, 0.0, 0.0, 0.0, 0.0, 0.18335548139229596, 0.0, 0.0, 0.0, 0.0, 0.0, 0.05683474491805174, 0.0, 0.0, 0.04107264398937016, 0.0, 0.0, 0.0, 0.0, 0.007535069023052787, 0.0, 0.003295298286075221, 0.1279369557449701, 0.0, 0.03230836171181095, 0.0, 0.0, 0.0, 0.0, 0.009850049394560578, 0.008824739937140835, 0.0, 0.0011414690169561093, 0.0, 0.0, 0.004028024229896121, 0.0084399956220097, 0.0, 0.0, 0.0, 0.0, 0.0, 0.0, 0.0, 0.0, 0.0], [0.0, 0.0, 0.0017921836657035506, 0.007023827425595486, 0.0008008955939199369, 0.0003169396054026885, 0.005731492660456472, 0.00169239209850236, 0.005039917499509383, 0.05214361839404902, 0.0, 0.0, 0.0007419878384534728, 0.0, 0.014338670872729553, 0.01923729897172377, 0.0, 0.0011000369543123778, 0.04529373269273351, 0.020151201636051885, 0.0033932190074508206, 0.0, 0.0, 0.01799608177733325, 0.0, 0.0, 0.0052256899715901195, 0.017940595845477247, 1.0, 0.0, 0.9952965726305516, 0.0004693603291594517, 0.14256084728119545, 0.11233246823895648, 0.0010482976261202426, 0.008370617457754692, 0.0021523665767227973, 0.00318091759552952, 0.053398059176192336, 0.0029112265586137553, 0.0021746788922006877, 0.0059393718476259405, 0.00021962100713390775, 0.0017636275592564088, 0.0, 0.06864376064446609, 0.0008111753381330189, 0.0, 0.00013195786871211812, 0.00022006950075703635, 0.08734258445043352, 0.0, 0.08874359242042373, 0.0006006788695159804, 0.0, 0.0, 0.009655421040194567, 0.00031333004041156354, 0.0017811101761260328, 0.15936575091736482, 0.000595296845730231, 0.0007368677061184714, 0.05093886086726607, 0.12332384226938253, 0.001075602986581048, 0.06511237802537528, 0.056522233541095535, 0.014911281142607868, 0.0795636126852971, 0.00683440796087309, 0.0011497525879071713, 0.010192891892958578, 0.027317515629829314, 0.0, 0.001253509150759169, 0.0, 0.15976091568413353, 0.0005533123872887291, 0.002602861942832879, 0.26979036611457907, 0.0, 0.15141276307465623, 0.04145319920533408, 0.01178977578005469, 0.014564693494035663, 0.0056810919597217735, 0.0005585386112858526, 0.010687057233370267, 0.0, 0.0, 0.010648552930610289, 0.009768827488270238, 8.047721635506822e-05], [0.0, 0.0, 0.033400335870184206, 0.0, 0.0, 0.0, 0.009464428579912143, 0.0, 0.0, 0.0, 0.0, 0.0, 0.017661369243392677, 0.0, 0.0, 0.0, 0.0, 0.0, 0.0, 0.0, 0.0, 0.0, 0.0, 0.0, 0.0, 0.0, 0.0, 0.0, 0.0, 1.0, 0.0, 0.0, 0.0, 0.0, 0.007371064436359931, 0.0770524244579317, 0.03428890257183548, 0.010140750811852839, 0.0, 0.0, 0.011974316610923186, 0.010441609395932305, 0.0, 0.0, 0.0, 0.0, 0.0, 0.0, 0.0, 0.0, 0.0, 0.0, 0.0, 0.0, 0.0, 0.0, 0.004526872308594054, 0.0, 0.0, 0.0, 0.0, 0.0, 0.0, 0.046862964457204836, 0.0, 0.0, 0.0, 0.007943767707600302, 0.0, 0.0023818717003426526, 0.007718843276784848, 0.0, 0.0, 0.0, 0.0, 0.0, 0.06038564549294201, 0.06826594486656912, 0.0, 0.011859736778150998, 0.0, 0.0, 0.0, 0.001454684429393338, 0.0, 0.006714322585534727, 0.0, 0.0, 0.0, 0.0, 0.0, 0.0, 0.0], [0.0, 0.0, 0.021445655305819877, 0.06235582500462311, 0.00011604556048450121, 0.0, 0.0034157224470211522, 0.008097833782878205, 0.013059999539515088, 0.07457016119104487, 0.0, 0.0, 0.006094407955615444, 0.03519578530349898, 0.0, 0.02691161229525374, 0.0012083122094158627, 0.0007239681340655002, 0.09110277612677176, 0.0, 7.22265955223067e-05, 0.0, 0.0, 0.0, 0.04129032378790276, 0.0, 0.0, 0.0, 0.9952965726305516, 0.0, 1.0, 0.0018011419870148648, 0.17457245597349047, 0.11944969070150491, 0.029582995549890412, 0.007575867977633766, 0.027626014895306805, 0.04237142639027569, 0.08015006144287429, 0.00041962397854877764, 0.02631914435220639, 0.03624879658365476, 0.03896667384017516, 0.00715254775146823, 0.0, 0.08330154076401053, 0.03825368430182352, 0.0, 0.025837751093426564, 0.028861599148761075, 0.1269041956864725, 0.0151945460259435, 0.1185589288422334, 0.02507511317141664, 0.0, 0.0, 0.0, 1.3462934943864191e-05, 0.02570135195740031, 0.16288361362438575, 0.011472563527884061, 3.408079955791177e-05, 0.05095304717936233, 0.15825345705396754, 0.0017728840135645685, 0.09292683352979925, 0.09301674272028237, 0.03739516701667256, 0.10229630327023442, 0.016355166224656825, 0