"[[1.0, 0.0, 0.1696632940805416, 0.0, 0.0, 0.0, 0.22263192490114125, 0.0, 0.0, 0.08238203555033508, 0.026261023907755532, 0.0, 0.02645422949539178, 0.0, 0.0, 0.0, 0.0, 0.0, 0.0, 0.0, 0.0, 0.0, 0.0, 0.0, 0.0, 0.0, 0.0, 0.0, 0.0, 0.0, 0.0, 0.0, 0.0, 0.0, 0.0, 0.06493680767140353, 0.013114064212833676, 0.0, 0.0, 0.0, 0.0013334327438313531, 0.12868573292442043, 0.013061929269811978, 0.06186069852049336, 0.0016071712984725428, 0.0955016313609407, 0.15384808258650529, 0.0, 0.0, 0.0, 0.0, 0.023943403331890822, 0.0, 0.041604308075129826, 0.0, 0.0, 0.2632267632373292, 0.0, 0.0, 0.18315535464593213, 0.0, 0.029743449309324155, 0.0, 0.1002087020889324, 0.0, 0.0, 0.0, 0.0, 0.0, 0.0056994218602687274, 0.0, 0.044814519171846645, 0.0, 0.0, 0.0, 0.0, 0.0, 0.0, 0.0, 0.17960386662736183, 0.40231180570063474, 0.02090399591163794, 0.0, 0.05638312186479988, 0.0, 0.05041769576984778, 0.0, 0.0, 0.0, 0.0, 0.024290470112896312, 0.0, 0.006794195567158656], [0.0, 1.0, 0.14639231726851198, 0.061616728802755594, 0.0, 0.0, 0.17754077488164677, 0.0, 0.11004132709538417, 0.0, 0.0, 0.0, 0.0, 0.0, 0.0, 0.03057899659872354, 0.0, 0.024961163800622854, 0.0, 0.0, 0.0, 0.0, 0.0, 0.0, 0.0, 0.0, 0.0, 0.0, 0.0, 0.0, 0.0, 0.0, 0.0, 0.0321014050185513, 0.002749118067313927, 0.01653439869004114, 0.18920465710341994, 0.024248482702587615, 0.0, 0.0, 0.0, 0.0, 0.03134013424982629, 0.0, 0.0, 0.0, 0.0, 0.0, 0.03370505485641162, 0.0, 0.010806520743560588, 0.08610718843796894, 0.0, 0.004809926133946485, 0.0, 0.012762957494041882, 0.1870293844823483, 0.0, 0.0, 0.07117953180953018, 0.0, 0.0, 0.0, 0.0, 0.0, 0.0, 0.0, 0.0, 0.0, 0.0, 0.03187142116397956, 0.0, 0.0, 0.0, 0.013014609734334548, 0.0, 0.0, 0.10144044201964253, 0.043804570998479564, 0.09122109475379214, 0.018688522838312016, 0.0, 0.053002304220255425, 0.0, 0.0, 0.0, 0.0, 0.0, 0.0, 0.0, 0.09460849665198501, 0.021916423814585806, 0.0], [0.1696632940805416, 0.14639231726851198, 1.0, 0.3484220409052945, 0.8060709144561439, 0.2135972970105534, 0.890362360258256, 0.38499832594675276, 0.8032641620037871, 0.8118974413642182, 0.02058520310361922, 0.004273457376739009, 0.8142105333954963, 0.0, 0.0, 0.7650692106707566, 0.031186015471154183, 0.8239838546786086, 0.05106287346838756, 0.0, 0.7037363516410878, 0.0, 0.030112590450788512, 0.041083590508450674, 0.03318239487612529, 0.0, 0.0, 0.0, 0.0, 0.04039924694353869, 0.0, 0.8275313444627501, 0.27002546611298617, 0.7778361509142013, 0.2017271798965401, 0.324607074628976, 0.202586722287466, 0.32921348439501996, 0.1383399778429374, 0.7966824046397457, 0.12658810759782801, 0.6009068981262262, 0.2267406895913432, 0.7984729119143611, 0.1242417115958031, 0.30757704551780507, 0.466404851775861, 0.19842664802963583, 0.14411130217091728, 0.13814650872105083, 0.08359950869890276, 0.7683202615649178, 0.31654276465350417, 0.1698847770249592, 0.016372432393919167, 0.026775153962073972, 0.22912947557116592, 0.006852517867963814, 0.06330093680060622, 0.15773833465005083, 0.0, 0.03381024134633137, 0.21472972592604922, 0.685084799215868, 0.820147085312683, 0.8065647270070183, 0.7955847140955449, 0.5703977720113406, 0.8200438311041138, 0.4256754664437167, 0.7609985696185405, 0.764118259372058, 0.7645528802008926, 0.0, 0.6662548866732716, 0.3593020852519275, 0.3526855894802273, 0.700948950755302, 0.47056699613151354, 0.6891534681061836, 0.2807489716781153, 0.4316545273273724, 0.7485093861171683, 0.15860840267900356, 0.2215544681268311, 0.4942082356786539, 0.2791780561059638, 0.07554068092550625, 0.0005475792392163337, 0.10187807589699838, 0.09569971538651645, 0.2935644572919992, 0.35233426019547576], [0.0, 0.061616728802755594, 0.3484220409052945, 1.0, 0.10775254373054588, 0.27851150749656095, 0.21783877974135635, 0.26681448518982964, 0.3981499614385169, 0.47911537602407683, 0.02654338735101769, 0.009382749036249693, 0.1183015356115329, 0.10007210961025703, 0.07778851141793797, 0.14351395794723443, 0.0, 0.08583945457646225, 0.7762121231075361, 0.10140018879528279, 0.18864207075865025, 0.032593709222953904, 0.0, 0.05616365113491528, 0.0, 0.05800669161153471, 0.0, 0.016598406464992332, 0.0, 0.0, 0.15750877149499032, 0.19031218067301237, 0.44057520789080074, 0.36248894061407444, 0.3836161130798643, 0.417193309379589, 0.43436190281041065, 0.41741171417958267, 0.49181147150253457, 0.131867206500078, 0.37323798794464746, 0.48546922882162713, 0.5166735487873619, 0.21168445770338218, 0.3699720976607124, 0.29893959381127877, 0.46195435878810476, 0.005688583490564225, 0.4027945116611187, 0.3684153249716067, 0.34467330935865503, 0.19429909330229544, 0.41786425563397633, 0.2764681647224685, 0.0, 0.0013048103334497574, 0.1866563336328082, 0.009887326706757738, 0.41985271287254455, 0.32315673230429665, 0.11437110279769047, 0.015860603346715352, 0.3080226156981415, 0.5266651453776281, 0.10220134410000392, 0.5680838908665938, 0.4871143460802986, 0.32313023120567474, 0.4519975965696985, 0.27323123101125024, 0.47314764086454775, 0.4443045798666174, 0.3451589733003979, 0.0, 0.5268241812563268, 0.1435316334037604, 0.1926463859180867, 0.40341228868897894, 0.4937059344141016, 0.21867472493208606, 0.5761356231786133, 0.5890697587605584, 0.30688573495867066, 0.13327396065225372, 0.2151513940399974, 0.5309974903502954, 0.19547158700184752, 0.09781340550480944, 0.0, 0.14548297312159775, 0.11524164636915302, 0.42007133017202314, 0.16457859768630378], [0.0, 0.0, 0.8060709144561439, 0.10775254373054588, 1.0, 0.0008606531264223616, 0.863877548408181, 0.0, 0.8547658825892764, 0.7833230905513782, 0.0003189737363525902, 0.0009091041357195406, 0.9656767749747062, 0.0, 0.0, 0.9169878224763005, 0.00011198497484055103, 0.9799290599601166, 0.0, 0.03411069936445532, 0.8188164743714376, 0.09421335102277995, 0.0, 0.0, 0.0, 0.0142991348368543, 0.10861073264592247, 0.0, 0.0, 0.0, 0.05091655782515836, 0.9298122765828593, 0.16748524525714603, 0.8683856419046786, 0.08323238222676033, 0.08995596633788716, 5.064922666830896e-07, 0.23003729686341623, 0.021454493452461088, 0.9439026752627837, 0.00026459863846495235, 0.5446587246009541, 0.08835808163189718, 0.8883539276101338, 0.00027511962197490636, 0.045528244810487895, 0.3711522016219879, 0.0, 0.013076318244217955, 0.014926831065728119, 0.06888141773911771, 0.9125953039825195, 0.27622580529183305, 0.22407542417409976, 0.03144749243852174, 0.048135929848603154, 0.022805289084261493, 0.05755011370255281, 0.050024838277166084, 0.05523823234526726, 0.11317905740709233, 0.04975848221609869, 0.004360958978253504, 0.6430481403546618, 0.9699266172747218, 0.8393486367977078, 0.7616235534340107, 0.6817045266294118, 0.6915493189200922, 0.1979331919395254, 0.7802909457809264, 0.7732354112058016, 0.8509748876526603, 0.0, 0.644243955635787, 0.39229485859274105, 0.3453704940371083, 0.6971713061032888, 0.3976752966417971, 0.5130881350076554, 0.18579453396943935, 0.4099993453764085, 0.7514111945071565, 0.057307576222790035, 0.02465951876186856, 0.45678939788718276, 0.28258673379457555, 0.0, 0.0, 0.0, 0.005715071842192221, 0.22191157032325093, 0.4627992641462404], [0.0, 0.0, 0.2135972970105534, 0.27851150749656095, 0.0008606531264223616, 1.0, 0.002841628858351708, 0.0, 0.004638556274124239, 0.14804275702705394, 0.07364158268465315, 0.0013736974484774844, 5.63344094726137e-05, 0.0, 0.0, 0.0, 0.0, 0.0, 0.0, 0.016173719379657836, 0.0007787300161973265, 0.0, 0.0, 0.0, 0.0, 0.02160663918361283, 0.0, 0.0, 0.0, 0.0, 0.0, 0.0004606008159034891, 0.0832395932590887, 0.0011924620169624367, 0.00026425777416394514, 0.4104271534030396, 0.14972049346219518, 0.003673421583211267, 0.001026354799975815, 0.0, 0.00039982050487796794, 0.003455593750935293, 0.00014720173409255022, 0.0, 0.0, 0.10510036468638784, 0.15541826169243078, 0.0, 0.000357896780270317, 0.0005539907737734939, 0.0027239177217389665, 0.009706085004016929, 0.020866858762103924, 0.0, 0.0, 0.0, 0.00017506786309018363, 0.0, 0.0024748367879244837, 0.14269646944298553, 0.0, 0.0, 0.9958061086935671, 0.0003943417437880514, 0.0005712601471898893, 0.0005086133037023322, 0.0008099365821074844, 0.00045352124217845624, 0.0004402266071067418, 0.186414982641671, 0.00012323640774081213, 0.025777183657258007, 0.000394696860092858, 0.0, 0.0012486829799311927, 0.0011952542866778826, 0.12240824341946821, 0.1793594038509153, 0.001110647626372585, 0.08852742377837841, 0.000316347281760998, 0.0, 0.17760719015469995, 0.052470671923961265, 0.003303575645893786, 0.0003231098779924446, 0.0013350480090368322, 0.0, 0.0, 0.0020855859681362388, 0.0036019857738794903, 0.0005514002636551885, 0.00048794719205358383], [0.22263192490114125, 0.17754077488164677, 0.890362360258256, 0.21783877974135635, 0.863877548408181, 0.002841628858351708, 1.0, 0.2183452733116903, 0.8515838819718877, 0.7861657651977807, 0.06555027829499593, 0.07607670680078171, 0.8611849425269987, 0.04798453771576827, 0.10292506646264665, 0.8228800101916911, 0.0, 0.8669459929820917, 0.00020057664021932986, 0.12657977975256574, 0.6999487592914503, 0.03998273421050236, 0.24474641364527183, 0.009464469673324594, 0.04990067274077703, 0.03676476543827001, 0.10558072423587783, 0.0, 0.0, 0.014598004645483331, 0.0, 0.8378095138281269, 0.2483357937306654, 0.7954191874722534, 0.20688769171797594, 0.23497157397331003, 0.16812803583143965, 0.36236488310682646, 0.13178050898734373, 0.818186937854132, 0.10882012203589397, 0.6093041802605471, 0.20250492621742355, 0.849647363334028, 0.10779891480542281, 0.1633530583475029, 0.44848406769357085, 0.021707573444963102, 0.11113747416512243, 0.1385377612711699, 0.14070901016644022, 0.8070595521930732, 0.3524106126235652, 0.18140393439813352, 0.0, 0.018114549820430592, 0.21875884922214595, 0.014417215926339488, 0.04174574961373412, 0.20942206607576108, 0.0, 0.03329941590998553, 0.002496453391766962, 0.7116981109536007, 0.8585950632341351, 0.7837121483030471, 0.8102790018207923, 0.5922644412796076, 0.7651915206723903, 0.33632754411281895, 0.7369071431107769, 0.7800893048506145, 0.7499307340430105, 0.0, 0.6578374963885227, 0.31815908673092375, 0.3618727171608547, 0.6714703923309054, 0.4926625480522513, 0.6415335751673704, 0.2830369930700285, 0.43267518961327656, 0.7606572168404627, 0.18593248644142912, 0.18462641596497664, 0.45873139878839886, 0.23193739993715345, 0.09302258699019106, 0.0, 0.0, 0.11766474368597146, 0.3114758742132837, 0.34846745106567967], [0.0, 0.0, 0.38499832594675276, 0.26681448518982964, 0.0, 0.0, 0.2183452733116903, 1.0, 0.032088036928003216, 0.2305235413842167, 0.0, 0.0, 0.0, 0.0, 0.0, 0.0, 0.0, 0.0, 0.0, 0.0, 0.0, 0.0, 0.0, 0.0, 0.0, 0.0, 0.0, 0.0, 0.0, 0.0, 0.0, 0.0, 0.0007381430115314114, 0.0, 0.0, 0.0, 0.0, 0.009139048711916287, 0.0, 0.0, 0.0, 0.03080780727260346, 0.0, 0.0, 0.0, 0.0, 0.0, 0.0, 0.0, 0.015064069383737944, 0.0, 0.0, 0.09088870848231023, 0.0, 0.0, 0.0, 0.0, 0.0, 0.007127033180076459, 0.0, 0.0, 0.05558641077433546, 5.389000594924198e-05, 0.15283569625948012, 0.0, 0.18054204331475665, 0.26041511082362745, 0.0, 0.358249663311794, 0.5145454660983254, 0.0, 0.05114806499014646, 0.006524496417965597, 0.0, 0.22684200450255187, 0.0, 0.0, 0.0, 0.17721920648391642, 0.18875077709122912, 0.10011679357618286, 0.0, 0.0, 0.0, 0.19097771740822234, 0.0, 0.0, 0.0, 0.0, 0.0, 0.0, 0.0, 0.0], [0.0, 0.11004132709538417, 0.8032641620037871, 0.3981499614385169, 0.8547658825892764, 0.004638556274124239, 0.8515838819718877, 0.032088036928003216, 1.0, 0.8052767690569678, 0.0642040677382667, 0.08140731628331943, 0.8599254897130655, 0.0856012777185815, 0.0606960235607612, 0.8221064301684169, 0.044418065652483296, 0.8478673128048609, 0.19580525550022077, 0.08148718023444679, 0.8066105709951376, 0.14883903807787457, 0.05759771165882144, 0.0189372180577716, 0.0, 0.12620908290356914, 0.09490187615538181, 0.0, 0.0, 0.0, 0.00032372560448012955, 0.8936648643577046, 0.31017452845124227, 0.8441090653510752, 0.2585314520519403, 0.3395633432196328, 0.2452589211733408, 0.4084052722904239, 0.23003686432535986, 0.801073599766649, 0.17484202716784847, 0.6604561010990961, 0.3147888887622273, 0.82417743701089, 0.17190072798888734, 0.1918963750835443, 0.47238800205214515, 0.0, 0.22088889232698117, 0.18592456330031415, 0.23795246624654187, 0.8061081803788714, 0.4051437662559988, 0.1944214018553596, 0.0, 0.00140445278030632, 0.2090887896502257, 0.00036441985797797116, 0.16503537908827792, 0.2518909863180676, 0.0, 0.0050258021649609574, 0.00606430612691955, 0.7533706501691053, 0.8615717390404944, 0.887443720900318, 0.8132472190785818, 0.6271694608537701, 0.7665830569805693, 0.24261641706663162, 0.8354666575729606, 0.8648040868499741, 0.8510805172588415, 0.0, 0.7122688994736831, 0.4803002211179457, 0.35601483527243327, 0.7262975746860524, 0.5748652133770062, 0.5236736636699553, 0.2503708983884404, 0.6266903327746397, 0.8331888106691681, 0.29305634460711416, 0.3189418503915853, 0.6660535992666726, 0.43818561974084536, 0.22939550762108563, 0.0, 0.28464488208611605, 0.25063655290261466, 0.49780121644857944, 0.4223263040815646], [0.08238203555033508, 0.0, 0.8118974413642182, 0.47911537602407683, 0.7833230905513782, 0.14804275702705394, 0.7861657651977807, 0.2305235413842167, 0.8052767690569678, 1.0, 0.02880729248283731, 0.017601556633053073, 0.8477919763625557, 0.3819642788923817, 0.004763403011120326, 0.8057767280509452, 0.03164106202517192, 0.7921520314930399, 0.30766628460276313, 0.0, 0.634545566703379, 0.0, 0.0, 0.1910023717264916, 0.0, 0.0, 0.14185529065221325, 0.0, 0.039684771330307456, 0.0, 0.044524535943708865, 0.7464937412124744, 0.18866500840999945, 0.7443888012643117, 0.11414454296636911, 0.1899671960194952, 0.12066677614059329, 0.24822591717725206, 0.07677230039752492, 0.7525129150725246, 0.03245698098756278, 0.5292625384896581, 0.24805224129029912, 0.7248751511839873, 0.02376363248029678, 0.09541933278745085, 0.35153923843943446, 0.0, 0.028936100320420266, 0.032356358250503425, 0.2911842664054529, 0.7168304174490593, 0.46211717159401355, 0.1138743859416137, 0.0, 0.0, 0.10658895733655904, 5.5458796328622384e-05, 0.16348216118922465, 0.10080403653614933, 0.0, 0.016964451231915922, 0.15905363507676196, 0.8166564827314704, 0.8071387554634252, 0.8823306282985895, 0.8128533815911171, 0.57063682440934, 0.683452802542367, 0.33229381999517393, 0.733151049133735, 0.8190873910221632, 0.7265187155722181, 0.0, 0.8302135064728291, 0.2989234863335668, 0.3474319268388164, 0.6453075468933661, 0.6646997828794861, 0.5275157383390384, 0.3127709737449633, 0.5626511348445332, 0.764153656017121, 0.12745429492566573, 0.1236032480855156, 0.5566702277492183, 0.2787754487728583, 0.061566235127944124, 0.0, 0.02917204645490301, 0.06424606357077556, 0.3419101772542339, 0.3172332363561631], [0.026261023907755532, 0.0, 0.02058520310361922, 0.02654338735101769, 0.0003189737363525902, 0.07364158268465315, 0.06555027829499593, 0.0, 0.0642040677382667, 0.02880729248283731, 1.0, 0.9917148677036127, 0.0009672513532800187, 0.0, 0.0, 0.1601642839218581, 0.0, 0.0, 0.007914788963763408, 0.0, 0.0, 0.0033856532316263177, 0.0, 0.0, 0.0, 0.0, 0.0, 0.0, 0.0, 0.0, 0.0, 0.0, 0.07412648891479412, 0.0009538257696820596, 4.380771170031661e-05, 0.09714786694425048, 0.061306622864781835, 0.0, 0.0015896999801336964, 0.0, 3.501730916510848e-05, 0.005040445197445509, 0.01996438937707956, 0.0016424887177837189, 4.220596389303832e-05, 0.010568536342450474, 0.08569662168118142, 0.0, 0.0, 8.182669232026374e-05, 0.00018696879051438575, 0.0015817410647178676, 0.0018822229439233729, 0.0457230143249151, 0.0, 0.0, 0.014650252356590787, 0.0, 0.0037061394040642792, 0.11838311940452051, 0.0, 0.000837404353190685, 0.07358269618752322, 0.027534902077007595, 0.014931872122969425, 0.003550045211393127, 0.0017831085863473373, 0.0005986931034863696, 0.0008500318481527991, 0.11835590181311051, 0.008157268883217328, 0.019202707204364566, 0.0017768864813346719, 0.0, 0.027973782198339903, 0.0002907422245325142, 0.010404329650488542, 0.11602766938319442, 0.0013565743470101976, 0.19240787868660436, 0.013520811617534823, 0.05948029840314928, 0.015076320024741907, 0.005438125301774344, 0.006688634164236151, 0.005622137475655986, 0.0004544914451747317, 0.0, 0.0, 0.0, 0.0008273984193112316, 0.058732342598889264, 0.00017842253222311033], [0.0, 0.0, 0.004273457376739009, 0.009382749036249693, 0.0009091041357195406, 0.0013736974484774844, 0.07607670680078171, 0.0, 0.08140731628331943, 0.017601556633053073, 0.9917148677036127, 1.0, 0.001084737202833086, 0.0, 0.031223112795376373, 0.15983942361733172, 0.0, 0.0, 0.0, 0.0, 0.009512990753126727, 0.0, 0.031409447429367576, 0.0, 0.0, 0.06357756228554545, 0.0, 0.0, 0.05347178677747655, 0.019933700272369403, 0.0, 0.0011660921963252413, 0.07342487683456056, 0.0032422151549647005, 0.0030335353280825927, 0.09136233065043531, 0.05768431001622931, 0.013679925947816418, 0.004475632951570496, 0.0008554447320611169, 0.0014235318910269523, 0.009842970666731898, 0.01832873190060824, 0.003344746883417682, 0.002707973690447507, 0.013128290711372448, 0.07157852561072786, 0.0, 0.0, 0.001971546264899593, 0.013225468619088687, 0.008511167459550384, 0.0, 0.045566880519687936, 0.0, 0.0, 0.04682755560456864, 0.00016566629740000227, 0.007922004914605818, 0.1551612358585588, 0.0, 0.001554981907065156, 0.0005494907544362215, 0.03214153884120907, 0.014986302297939402, 0.00052350892939379, 0.012508733906030245, 0.0038637738271862787, 0.009075571394808413, 0.10790933883750331, 0.008189332640604063, 0.026046236011603163, 0.000258377235424434, 0.0, 0.028582081229990286, 0.0, 0.02596587926963212, 0.10405477015879239, 0.005689121318218415, 0.20482068433849487, 0.004471636215588326, 0.08132334544643716, 0.030422740550730687, 0.0401828710835459, 0.041000363661271466, 0.01890113373285207, 0.004062374219753306, 0.0333903671413589, 0.0, 0.0, 0.03650802619848226, 0.08586313376891053, 0.004948603330037549], [0.02645422949539178, 0.0, 0.8142105333954963, 0.1183015356115329, 0.9656767749747062, 5.63344094726137e-05, 0.8611849425269987, 0.0, 0.8599254897130655, 0.8477919763625557, 0.0009672513532800187, 0.001084737202833086, 1.0, 0.18577081725881295, 0.0, 0.9436343873080569, 0.05225040992464225, 0.9766609302353569, 0.009837164554335032, 0.0, 0.7873033570918522, 0.05750060779182253, 0.01770287952911298, 0.03816798795918641, 0.0, 0.0, 0.0, 0.0, 0.0, 0.026522899998039917, 0.0, 0.9239115278616143, 0.16350054060901875, 0.8521378097701494, 0.09410805650114651, 0.09172976043188386, 0.03308880551778437, 0.24110460595887617, 0.011364222896994347, 0.9242682477764979, 0.00607897063909324, 0.5473510931713399, 0.137074628327699, 0.8780372843447177, 0.00023278199819742884, 0.04743957183406322, 0.362241962242168, 0.0, 0.012639856128071725, 0.013951723085657619, 0.13260322923714418, 0.8776876967058534, 0.34087322157461475, 0.1493685717827843, 0.0217482615496164, 0.0, 0.012620296550004628, 0.0037347580977070693, 0.02224774350621117, 0.011447950991872347, 0.044481875595892784, 0.0026450027650460894, 0.0012384841276078529, 0.7197590755645601, 0.9778861931603308, 0.85200863068951, 0.7637253837948813, 0.6649338642007663, 0.6780387292934854, 0.20551306851997908, 0.7696607837040658, 0.8020917334028292, 0.8468323591610939, 0.0, 0.7134846288450513, 0.3851433133571349, 0.34998133073924065, 0.6891530369162685, 0.5008222118500317, 0.5207664063776514, 0.15163375393237, 0.42619958710499484, 0.7779277930965425, 0.06071455069244491, 0.010898736058259861, 0.4759916661433845, 0.3325876886111885, 0.0, 0.05603154970914992, 0.027011310170537484, 0.00335570986022804, 0.24803809478686845, 0.4430105404828001], [0.0, 0.0, 0.0, 0.10007210961025703, 0.0, 0.0, 0.04798453771576827, 0.0, 0.0856012777185815, 0.3819642788923817, 0.0, 0.0, 0.18577081725881295, 1.0, 0.0, 0.18081931998334178, 0.0, 0.02432289652543762, 0.0, 0.0, 0.0, 0.0, 0.0, 0.0, 0.0, 0.0, 0.0, 0.0, 0.0, 0.0, 0.0, 0.0, 0.03900092804201849, 0.017871278326136664, 0.04788676769634592, 0.0, 0.16735774819727478, 0.06298574070641472, 0.0, 0.0, 0.0, 0.0, 0.2656643801567078, 0.0, 0.0, 0.0, 0.0, 0.0, 0.0, 0.0, 0.638628089391581, 0.0, 0.5542153543456433, 0.0, 0.0, 0.0, 0.0, 0.0, 0.0, 0.0, 0.0, 0.0, 0.0, 0.46403431667778205, 0.0619872983481633, 0.13288664695563746, 0.09404684523040763, 0.11177117988692775, 0.013478415443070269, 0.03860524024573064, 0.0, 0.23629497416929346, 0.0, 0.0, 0.4069919113587199, 0.0, 0.0, 0.0, 0.6667542116728631, 0.10330436476402671, 0.0, 0.0, 0.19550405448840769, 0.014976247677974786, 0.0, 0.0, 0.12797270996029064, 0.0, 0.0, 0.0, 0.0, 0.20616059018991917, 0.0], [0.0, 0.0, 0.0, 0.07778851141793797, 0.0, 0.0, 0.10292506646264665, 0.0, 0.0606960235607612, 0.004763403011120326, 0.0, 0.031223112795376373, 0.0, 0.0, 1.0, 0.01104526600964939, 0.0, 0.0, 0.0, 0.0, 0.0, 0.0, 0.0, 0.0, 0.0, 0.0, 0.0, 0.0, 0.0, 0.0, 0.0, 0.03734708335992354, 0.0, 0.0, 0.0, 0.03655375499884317, 0.0, 0.0, 0.0, 0.027397804237757728, 0.0, 0.0454746860950358, 0.0, 0.02340571925669066, 0.0003700197742507738, 0.09773456748682263, 0.061078733773385685, 0.0, 0.0, 0.0, 0.0, 0.0, 0.0, 0.030030313805457842, 0.0, 0.0, 0.24373420796109058, 0.005305886651523983, 0.0, 0.06252097408626289, 0.0, 0.0, 0.0, 0.03489732171287507, 0.0, 0.0, 0.032774067360826886, 0.0, 0.02896148669856824, 0.009873472455638299, 0.0, 0.0, 0.0, 0.0, 0.0, 0.0, 0.048194490305837445, 0.0, 0.03675373880999411, 0.09459790205065155, 0.1134026570124087, 0.025288461193654244, 0.06376111621299718, 0.053542433167540926, 0.06477666188280473, 0.0, 0.0, 0.0, 0.0, 0.0, 0.012279285248587568, 0.03849410478973114, 0.027154338167402203], [0.0, 0.03057899659872354, 0.7650692106707566, 0.14351395794723443, 0.9169878224763005, 0.0, 0.8228800101916911, 0.0, 0.8221064301684169, 0.8057767280509452, 0.1601642839218581, 0.15983942361733172, 0.9436343873080569, 0.18081931998334178, 0.01104526600964939, 1.0, 0.013310172080911231, 0.9213908271117088, 0.053924212737104904, 0.0, 0.7291856688722806, 0.05674211085387171, 0.009086479671381209, 0.0, 0.03635621147089241, 0.0, 0.0, 0.0, 0.0, 0.0, 0.02965475598360856, 0.8951940532950297, 0.16929137308166375, 0.8471505378442229, 0.08870208206971908, 0.1023114726524833, 0.044122885586726834, 0.21814269649998796, 0.02559083091439729, 0.9281438211838091, 0.012531976458884597, 0.5297031313107001, 0.14647019901470704, 0.8743998595649283, 0.0005953151390577505, 0.0777003953689569, 0.34310393566159314, 0.0, 0.009155321127160554, 0.017612115179474475, 0.1988789671201734, 0.9029806799418502, 0.34974942868151704, 0.22063318723515057, 0.06758021598727515, 0.22149815988729937, 0.11346577237792121, 0.22134731052389833, 0.2282038956830843, 0.14461371809270274, 0.0, 0.22252023885661143, 0.007764249036712911, 0.6957573045569732, 0.9408400975347038, 0.829788813641377, 0.7332567194815381, 0.65426126761641, 0.6536767111117974, 0.21226928932818678, 0.7391238193211672, 0.7619637920072834, 0.819041241279871, 0.0, 0.6937681935807472, 0.34462482597341015, 0.3328333762827732, 0.6786939278415215, 0.48029904282853186, 0.5219313506271568, 0.17214840594817105, 0.46578424063290347, 0.7419887440673403, 0.05721430948853834, 0.0034567115667262227, 0.52404637588552, 0.4098791344821924, 0.0, 0.19713465452210088, 0.0, 0.0031820102145330154, 0.26544670615191124, 0.44840555450763087], [0.0, 0.0, 0.031186015471154183, 0.0, 0.00011198497484055103, 0.0, 0.0, 0.0, 0.044418065652483296, 0.03164106202517192, 0.0, 0.0, 0.05225040992464225, 0.0, 0.0, 0.013310172080911231, 1.0, 0.0, 0.0, 0.0, 0.0, 0.0, 0.0, 0.0, 0.0, 0.0, 0.0, 0.0, 0.0, 0.0, 0.0, 0.0, 0.0, 0.022390109435592387, 0.03290079160862103, 0.0, 0.00452285913732009, 0.067794649461691, 0.015422008963212663, 0.0, 0.0, 0.0, 0.01142864563149526, 0.0, 0.0, 0.0, 0.007228514655432394, 0.0, 0.0, 0.0, 0.0, 0.014959462406088142, 0.02115405243875179, 0.02626882518739959, 0.0, 0.0, 0.0, 0.0009539730320057282, 0.12065755691819346, 0.0, 0.0, 0.01725919732809167, 0.0, 0.0, 0.0, 0.0, 0.04568590176693421, 0.13142893001935918, 0.0, 0.0, 0.04847151291244123, 0.13396880415856693, 0.12360710628995486, 0.0, 0.0, 0.0, 0.05197217731882553, 0.0, 0.018373178985663152, 0.0, 0.005075184799803956, 0.055704050066920696, 0.0, 0.0, 0.016108736389163214, 0.0, 0.018063731918280812, 0.0, 0.0, 0.0, 0.0036036792755211877, 0.0, 0.0], [0.0, 0.024961163800622854, 0.8239838546786086, 0.08583945457646225, 0.9799290599601166, 0.0, 0.8669459929820917, 0.0, 0.8478673128048609, 0.7921520314930399, 0.0, 0.0, 0.9766609302353569, 0.02432289652543762, 0.0, 0.9213908271117088, 0.0, 1.0, 0.0, 0.0, 0.7765863847689404, 0.0, 0.0, 0.0, 0.00705158863330313, 0.0, 0.023424026010811283, 0.06005359089380624, 0.0, 0.0, 0.0, 0.9393390175992857, 0.15851254310418772, 0.8629460502928178, 0.08385722638185833, 0.0934948063059623, 0.0087933936299317, 0.22091526034250752, 0.002628053297989985, 0.9297073186386282, 0.0, 0.5541215793189885, 0.09115173316367364, 0.8936564545520721, 0.00011521411003112547, 0.03973264813144595, 0.35756435847046686, 0.0, 0.0008413173951798969, 0.01094782964150165, 0.018381915680758754, 0.8903621761730732, 0.261918797868097, 0.1218934058619413, 0.013169525415917982, 0.007180823608073816, 0.008499032257897277, 0.006866239258785489, 0.009397072388334538, 0.006060744017189701, 0.0, 0.008631278838423406, 2.9029248865497514e-05, 0.6397510644752414, 0.9843654114414108, 0.8262854167266602, 0.7581170137608026, 0.625885910848889, 0.6844594956859625, 0.20600400471127966, 0.7738311886573924, 0.7569630885782862, 0.8300464461603972, 0.0, 0.6469163119483411, 0.3617307726455339, 0.34435245686342164, 0.699470404853933, 0.3919102972223807, 0.5108904389547487, 0.13419145022522483, 0.41457446331168, 0.7615434630501857, 0.05474844422801595, 0.002650911088765584, 0.44906666532664696, 0.2488601958525276, 0.0, 0.0, 0.0, 0.002376707072233475, 0.20116216406143228, 0.3854501826141524], [0.0, 0.0, 0.05106287346838756, 0.7762121231075361, 0.0, 0.0, 0.00020057664021932986, 0.0, 0.19580525550022077, 0.30766628460276313, 0.007914788963763408, 0.0, 0.009837164554335032, 0.0, 0.0, 0.053924212737104904, 0.0, 0.0, 1.0, 0.0, 0.0, 0.0, 0.0, 0.0, 0.0, 0.0, 0.0, 0.0, 0.0, 0.0, 0.0, 0.0, 0.022526011577519323, 0.12051183854036207, 0.0, 0.0, 0.0, 0.0, 0.1489351253440585, 0.0, 0.0, 0.17023823175805797, 0.158428839305213, 0.0, 0.0, 0.03147522895808286, 0.04853983778032611, 0.0, 0.0, 0.0, 0.0, 0.057175771920274676, 0.0, 0.0, 0.0, 0.0, 0.1040827899399619, 0.0, 0.44521060474548735, 0.0446697692275706, 0.0, 0.0, 0.024786726092087652, 0.2341317953756593, 0.0, 0.4079282390549892, 0.22528820345192224, 0.07222955997806324, 0.061814220617149696, 0.008816788917222596, 0.34116189639376493, 0.18650902583337414, 0.17610454255623897, 0.0, 0.3423071079878577, 0.0, 0.15627151990475585, 0.1836359054230602, 0.13015409796169608, 0.0, 0.37085185754387195, 0.6015228290966995, 0.08637383054150571, 0.009789164879112855, 0.0, 0.5036024371257245, 0.03453593970679747, 0.0, 0.0, 0.0, 0.0, 0.0953391176307633, 0.0], [0.0, 0.0, 0.0, 0.10140018879528279, 0.03411069936445532, 0.016173719379657836, 0.12657977975256574, 0.0, 0.08148718023444679, 0.0, 0.0, 0.0, 0.0, 0.0, 0.0, 0.0, 0.0, 0.0, 0.0, 1.0, 0.009880596051919377, 0.0, 0.0, 0.0, 0.0, 0.0, 0.0, 0.0, 0.0, 0.0, 0.0, 0.0, 0.0, 0.0, 0.016338713932201987, 0.0, 0.0, 0.06625872411379208, 0.053825952606539995, 0.0, 0.0, 0.04225384232837859, 0.0, 0.0, 0.0, 0.0, 0.0, 0.0, 0.0, 0.03425252786753663, 0.16841628433128875, 0.0, 0.12088309665069097, 0.0, 0.0, 0.0, 0.010824217916774459, 0.0, 0.0, 0.28373014380948214, 0.0, 0.0, 0.0, 0.02438163631576562, 0.025925885952590266, 0.0, 0.0, 0.028040627609063562, 0.027218637641287957, 0.12998585195416013, 0.002528990607921444, 0.26346303426681805, 0.0, 0.0, 0.0, 0.0, 0.0, 0.04389150825807542, 0.02505346538572839, 0.33305711906130386, 0.0, 0.0, 0.14787978942326552, 0.006545111918699997, 0.1504774724917799, 0.0, 0.0, 0.0, 0.0, 0.0, 0.0, 0.0, 0.0], [0.0, 0.0, 0.7037363516410878, 0.18864207075865025, 0.8188164743714376, 0.0007787300161973265, 0.6999487592914503, 0.0, 0.8066105709951376, 0.634545566703379, 0.0, 0.009512990753126727, 0.7873033570918522, 0.0, 0.0, 0.7291856688722806, 0.0, 0.7765863847689404, 0.0, 0.009880596051919377, 1.0, 0.0, 0.0, 0.0, 0.0, 0.0, 0.0, 0.0, 0.0, 0.0019521106864092141, 0.0, 0.8074374466170458, 0.1524079822350809, 0.7042233471949275, 0.07040273982093304, 0.26065355634671905, 0.06013263458164608, 0.21886320247255697, 0.008471160985553672, 0.8296056339817051, 2.4194585599879304e-05, 0.4303840939993526, 0.09142028460780116, 0.7129866086793666, 0.0, 0.13685794685104224, 0.3612008041406445, 0.05857452878772107, 0.10473001383105762, 0.008180186103740716, 0.24398026511625726, 0.8204074527336899, 0.1908273915940989, 0.4601500196258983, 0.0, 0.0778497306532302, 0.23309805651497817, 0.11114747692238625, 0.09250415775904663, 0.2226039260686441, 0.4656888680555866, 0.07259266135110953, 0.0003068108583660356, 0.5303859640060846, 0.7935260150501052, 0.7375948783312792, 0.6392835060298452, 0.7377119764913188, 0.6131648490829122, 0.17250515777642572, 0.641772764694687, 0.6601892410737938, 0.7873012930887399, 0.0, 0.5364134528137623, 0.5653626895250166, 0.2756531883232265, 0.5706163894495377, 0.36626749702125283, 0.45490056929367717, 0.18083014341197323, 0.5013123392589258, 0.7541631717139723, 0.3252167086073231, 0.35941872620009385, 0.5662130779394504, 0.5449427483578203, 0.2837368611041817, 0.0, 0.29676265462356566, 0.30810127425755107, 0.4656004768592177, 0.7514783259485095], [0.0, 0.0, 0.0, 0.032593709222953904, 0.09421335102277995, 0.0, 0.03998273421050236, 0.0, 0.14883903807787457, 0.0, 0.0033856532316263177, 0.0, 0.05750060779182253, 0.0, 0.0, 0.05674211085387171, 0.0, 0.0, 0.0, 0.0, 0.0, 1.0, 0.0, 0.0, 0.0, 0.0, 0.0, 0.0, 0.0, 0.0, 0.0, 0.0, 0.0, 0.0, 0.012939219909209543, 0.0, 0.0, 0.0, 0.12136798001205373, 0.0, 0.0, 0.09263394362755961, 0.0, 0.005305751581057727, 0.0, 0.019497857524168993, 0.0, 0.0, 0.0, 0.024168657190254628, 0.05522384536249614, 0.0, 0.14428883551974403, 0.0, 0.0, 0.0, 0.0, 0.0, 0.053871855915576194, 0.0, 0.0, 0.016632217160765128, 0.0, 0.17485801367974096, 0.0, 0.09492386400094144, 0.0, 0.007978188392784302, 0.10656299163728522, 0.0, 0.16451149364444972, 0.16589432005075544, 0.11314099975264791, 0.0, 0.08980918433305274, 0.08587477944186783, 0.06980441722925401, 0.04316907652544222, 0.0964162914929162, 0.0, 0.006048310024024173, 0.0, 0.0, 0.024939210974861625, 0.018980632000345055, 0.09221563131941668, 0.05350423045043651, 0.0, 0.0, 0.0, 0.0004789526289487034, 0.00981089487631559, 0.0], [0.0, 0.0, 0.030112590450788512, 0.0, 0.0, 0.0, 0.24474641364527183, 0.0, 0.05759771165882144, 0.0, 0.0, 0.031409447429367576, 0.01770287952911298, 0.0, 0.0, 0.009086479671381209, 0.0, 0.0, 0.0, 0.0, 0.0, 0.0, 1.0, 0.0, 0.0, 0.0, 0.0, 0.0, 0.0, 0.0, 0.0, 0.0, 0.0, 0.0, 0.0688899422042698, 0.00848567895696628, 0.0, 0.19459927084478634, 0.0243159000233365, 0.0, 0.0, 0.0, 0.0, 0.08322169553881142, 0.0, 0.0, 0.0, 0.0, 0.0, 0.06276921201282304, 0.0, 0.0, 0.0, 0.0, 0.0, 0.0, 0.09642757510751443, 0.0, 0.040069518442757746, 0.028174358497809582, 0.0, 0.0, 0.008057205546045387, 0.0546892785892632, 0.002734755891801055, 0.0, 0.11800334136783563, 0.0, 0.0, 0.05733183400634245, 0.0, 0.0, 0.0, 0.0, 0.0, 0.0, 0.20306907870806146, 0.0, 0.0, 0.05250524668658274, 0.0, 0.0, 0.010360572538643975, 0.09693643144019481, 0.04251956951988167, 0.0, 0.0, 0.0, 0.0, 0.0, 0.0, 0.0, 0.0], [0.0, 0.0, 0.041083590508450674, 0.05616365113491528, 0.0, 0.0, 0.009464469673324594, 0.0, 0.0189372180577716, 0.1910023717264916, 0.0, 0.0, 0.03816798795918641, 0.0, 0.0, 0.0, 0.0, 0.0, 0.0, 0.0, 0.0, 0.0, 0.0, 1.0, 0.0, 0.0, 0.0, 0.0, 0.0, 0.0, 0.0, 0.0, 0.0, 0.033586356337931056, 0.03454554656055564, 0.0, 0.0, 0.11367480238207217, 0.0, 0.12244627669181785, 0.05640872693126053, 0.09712296341534532, 0.0, 0.06745647773501684, 0.0, 0.0, 0.0, 0.0, 0.014567995580019422, 0.0, 0.0, 0.0, 0.016926587400149185, 0.0, 0.0, 0.0, 0.034890581664203335, 0.0, 0.0755573355261474, 0.0, 0.0, 0.0, 0.0, 0.04256513495512848, 0.05160685554206246, 0.0, 0.08921042765127773, 0.0, 0.03960102051543268, 0.04959262643753781, 0.0, 0.17300345109452997, 0.0, 0.0, 0.0696041079217895, 0.0, 0.0, 0.0013279808217520062, 0.0, 0.0, 0.0, 0.011349295892359335, 0.0, 0.014395577033638363, 0.0, 0.0, 0.008560210625843112, 0.0, 0.0, 0.0, 0.0, 0.03714032937344314, 0.0], [0.0, 0.0, 0.03318239487612529, 0.0, 0.0, 0.0, 0.04990067274077703, 0.0, 0.0, 0.0, 0.0, 0.0, 0.0, 0.0, 0.0, 0.03635621147089241, 0.0, 0.00705158863330313, 0.0, 0.0, 0.0, 0.0, 0.0, 0.0, 1.0, 0.0, 0.0, 0.0, 0.0, 0.0, 0.0, 0.0023082417721090875, 0.06939858574055224, 0.00387228303604914, 0.08271458572150958, 0.0, 0.0, 0.016254257299959884, 0.06295108000653271, 0.0, 0.0, 0.14968686947275467, 0.00229132174376534, 0.010172814187112245, 0.0, 0.0, 0.0, 0.0, 0.0, 0.03190475699949513, 0.0, 0.051334499836236946, 0.0, 0.0, 0.0, 0.00020648091115382794, 0.0, 0.0, 0.0, 0.0, 0.0, 0.0, 0.0, 0.11388750619861743, 0.00919230055005793, 0.0034256123470393085, 0.13029175964072237, 0.0, 0.09357136695247703, 0.05778679188017277, 0.004442562782801418, 0.1429432602960099, 0.0009762563026498583, 0.0, 0.08677014188085663, 0.07940061362554951, 0.03372718320042345, 0.08014951179045093, 0.0, 0.0, 0.19981651018498903, 0.029737768948051024, 0.0, 0.0, 0.0, 0.0, 0.027616733941368987, 0.0, 0.0, 0.0, 0.002151130924026412, 0.0, 0.0], [0.0, 0.0, 0.0, 0.05800669161153471, 0.0142991348368543, 0.02160663918361283, 0.03676476543827001, 0.0, 0.12620908290356914, 0.0, 0.0, 0.06357756228554545, 0.0, 0.0, 0.0, 0.0, 0.0, 0.0, 0.0, 0.0, 0.0, 0.0, 0.0, 0.0, 0.0, 1.0, 0.0, 0.0, 0.0, 0.0, 0.0, 0.0, 0.0, 0.05099621687920264, 0.0, 0.022091705031600517, 0.0, 0.11431310762440061, 0.007210235050946423, 0.0, 0.018504520831780114, 0.12668979333184827, 0.0, 0.0, 0.0, 0.0, 0.0, 0.0, 0.0, 0.0, 0.0, 0.13387061651285437, 0.0, 0.0, 0.0, 0.0, 0.0, 0.0, 0.10480809961902149, 0.25626953097433036, 0.0, 0.0, 0.0, 0.0, 0.0, 0.008234177445221591, 0.03748554206994614, 0.0, 0.0, 0.021049918349924424, 0.00381055205461589, 0.11533856188441538, 0.0, 0.0, 0.057791633826987265, 0.0, 0.056400437137994364, 0.02074106943592202, 0.027039876385546058, 0.005096934260887753, 0.014641207226753994, 0.0, 0.0, 0.03989381658524194, 0.018189040714274074, 0.0, 0.0, 0.0, 0.0, 0.0, 0.04681139698327008, 0.015303205368192185, 0.0], [0.0, 0.0, 0.0, 0.0, 0.10861073264592247, 0.0, 0.10558072423587783, 0.0, 0.09490187615538181, 0.14185529065221325, 0.0, 0.0, 0.0, 0.0, 0.0, 0.0, 0.0, 0.023424026010811283, 0.0, 0.0, 0.0, 0.0, 0.0, 0.0, 0.0, 0.0, 1.0, 0.0, 0.0, 0.0, 0.0, 0.0, 0.0, 0.0, 0.010208524069250324, 0.0, 0.0, 0.0171546364942472, 0.03522681399770988, 0.0, 0.0, 0.0, 0.06032086339760312, 0.0, 0.0, 0.03326388098560307, 0.0, 0.0, 0.0, 0.0, 0.0043316343892761955, 0.0, 0.10560959610405973, 0.04293714675359328, 0.0, 0.0, 0.0, 0.0, 0.0, 0.013165101893236053, 0.0, 0.0, 0.0, 0.0, 0.009641773000756637, 0.0459694907866679, 0.09517763243862154, 0.025105802571173008, 0.0, 0.0, 0.06329177687681087, 0.05333388451634291, 0.025746299728091504, 0.0, 0.0, 0.0, 0.0, 0.0, 0.12272934514766776, 0.0, 0.0, 0.0, 0.029346451987374955, 0.009233381490626691, 0.11317060045707339, 0.0, 0.0, 0.0, 0.0, 0.0, 0.0, 0.020296119157597436, 0.0], [0.0, 0.0, 0.0, 0.016598406464992332, 0.0, 0.0, 0.0, 0.0, 0.0, 0.0, 0.0, 0.0, 0.0, 0.0, 0.0, 0.0, 0.0, 0.06005359089380624, 0.0, 0.0, 0.0, 0.0, 0.0, 0.0, 0.0, 0.0, 0.0, 1.0, 0.0, 0.0, 0.0, 0.0, 0.006156342890006439, 0.0, 0.0, 0.05814472281637628, 0.0, 0.0, 0.004662149635958679, 0.0, 0.0, 0.19261316339502932, 0.0, 0.0, 0.0, 0.03366424550654645, 0.0, 0.0, 0.0, 0.0, 0.0, 0.01398829629282805, 0.21949237832941226, 0.0, 0.0, 0.0, 0.0, 0.0, 0.055318935656681445, 0.0, 0.0, 0.029354512047123693, 0.0, 0.0, 0.0, 0.0, 0.0011248642099185302, 0.0, 0.00921340042774399, 0.13244012231598834, 0.0, 0.04253091075812798, 0.0, 0.0, 0.0, 0.0, 0.0, 0.0, 0.0, 0.0, 0.0, 0.0, 0.00010985487670456262, 0.01191072579771113, 0.0, 0.0, 0.0, 0.0, 0.0, 0.0, 0.0, 0.0, 0.0], [0.0, 0.0, 0.0, 0.0, 0.0, 0.0, 0.0, 0.0, 0.0, 0.039684771330307456, 0.0, 0.05347178677747655, 0.0, 0.0, 0.0, 0.0, 0.0, 0.0, 0.0, 0.0, 0.0, 0.0, 0.0, 0.0, 0.0, 0.0, 0.0, 0.0, 1.0, 0.0, 0.0, 0.0, 0.10760770012763743, 0.0, 0.0, 0.002779192245158768, 0.0, 0.0, 0.047393262863567154, 0.0, 0.0, 0.0, 0.0, 0.0, 0.050426976239278165, 0.05788889650669393, 0.0, 0.0, 0.0, 0.0, 0.0, 0.0, 0.0, 0.0, 0.0, 0.0, 0.16248885567529392, 0.0, 0.0, 0.33986757202770856, 0.0, 0.029080417932100033, 0.0055434538150678225, 0.04656723935217433, 0.0, 0.0, 0.0, 0.06765905703488395, 0.0, 0.0, 0.0, 0.0, 0.00483202920634862, 0.0, 0.0, 0.0, 0.2459153202242318, 0.0, 0.0, 0.3247070412260544, 0.0, 0.10363198309384114, 0.18284923256231078, 0.0, 0.0, 0.0, 0.014752654421743672, 0.0, 0.0, 0.0, 0.0, 0.0, 0.0], [0.0, 0.0, 0.04039924694353869, 0.0, 0.0, 0.0, 0.014598004645483331, 0.0, 0.0, 0.0, 0.0, 0.019933700272369403, 0.026522899998039917, 0.0, 0.0, 0.0, 0.0, 0.0, 0.0, 0.0, 0.0019521106864092141, 0.0, 0.0, 0.0, 0.0, 0.0, 0.0, 0.0, 0.0, 1.0, 0.0, 0.0, 0.0, 0.0, 0.009829789385776388, 0.09673268544998237, 0.05336430603088549, 0.015045960172027084, 0.0, 0.0, 0.01239406441877211, 0.018485337991389184, 0.0, 0.0, 0.0, 0.0, 0.0, 0.0, 0.0, 0.0, 0.0, 0.0, 0.0, 0.004657988943162494, 0.0, 0.0, 0.00038179650287928357, 0.0, 0.0, 0.0, 0.0, 0.0, 0.0, 0.05911908073981853, 0.0, 0.0, 0.0, 0.012337054961778837, 0.0, 0.0043534440072477976, 0.009472958436162582, 0.0, 0.0, 0.0, 0.0, 0.0, 0.06759787789807625, 0.0824087659433107, 0.0, 0.014395234280809799, 0.0, 0.0, 0.0, 0.0032018758394728453, 0.0, 0.0, 0.0, 0.0, 0.0, 0.0, 0.0, 0.0, 0.0], [0.0, 0.0, 0.0, 0.15750877149499032, 0.05091655782515836, 0.0, 0.0, 0.0, 0.00032372560448012955, 0.044524535943708865, 0.0, 0.0, 0.0, 0.0, 0.0, 0.02965475598360856, 0.0, 0.0, 0.0, 0.0, 0.0, 0.0, 0.0, 0.0, 0.0, 0.0, 0.0, 0.0, 0.0, 0.0, 1.0, 0.010717729596903647, 0.12289541799924586, 0.21955017597229098, 0.0, 0.0, 0.0, 0.06259976702027115, 0.027545824807586605, 0.0, 0.0, 0.0, 0.015646542137712438, 0.0, 0.0, 0.03039707371968814, 0.0, 0.0, 0.0, 0.0, 0.30535794481126066, 0.0, 0.2620952329170778, 0.0, 0.0, 0.0, 0.0, 0.0, 0.029970473817529153, 0.0, 0.0, 0.0, 0.08164902090162351, 0.13558767851707265, 0.0, 0.11558204959832497, 0.19796766360971874, 0.0, 0.17186544322390396, 0.0, 0.0, 0.15830911671230752, 0.0642417273318292, 0.0, 0.0, 0.0, 0.0, 0.14432085978999654, 0.009707167537593597, 0.024724820204603093, 0.7111113254917053, 0.059181234498779656, 0.0, 0.0, 0.0, 0.13823049944013832, 0.0, 0.0, 0.0, 0.0, 0.0, 0.22425521720797514, 0.0], [0.0, 0.0, 0.8275313444627501, 0.19031218067301237, 0.9298122765828593, 0.0004606008159034891, 0.8378095138281269, 0.0, 0.8936648643577046, 0.7464937412124744, 0.0, 0.0011660921963252413, 0.9239115278616143, 0.0, 0.03734708335992354, 0.8951940532950297, 0.0, 0.9393390175992857, 0.0, 0.0, 0.8074374466170458, 0.0, 0.0, 0.0, 0.0023082417721090875, 0.0, 0.0, 0.0, 0.0, 0.0, 0.010717729596903647, 1.0, 0.34984347043252295, 0.9300849111807287, 0.2835115166809652, 0.22079486476467114, 0.19473929862949313, 0.4150968262412176, 0.21069949101878227, 0.925253902318957, 0.2076951361212579, 0.6731313905676977, 0.2899148354317751, 0.9478496226627222, 0.20895217430470225, 0.17583850358692588, 0.5236743712821775, 0.020431923094668347, 0.24149827209250918, 0.21595768730150466, 0.12747645356907866, 0.901690766066219, 0.3761106663720215, 0.2732329277159127, 0.08118844667679292, 0.12597382017692516, 0.08184630417952832, 0.12440813810311402, 0.1531592753468316, 0.15200402701628746, 0.0, 0.12424969923538143, 0.0022709214196899863, 0.685656362403234, 0.9507427440262928, 0.8490443322122776, 0.7772651190830898, 0.6888951878021441, 0.7593371495959998, 0.21571321271475452, 0.804625209164108, 0.7841412848734696, 0.8735509786697425, 0.0, 0.6506152501505332, 0.47348651961197585, 0.32870106966981005, 0.7368801960141192, 0.4823024491814544, 0.5147454973206056, 0.19825313445395343, 0.40083197195255593, 0.7389495148771655, 0.056420927132906806, 0.06641019273190096, 0.4622229259006956, 0.38903323481541685, 0.0, 0.0, 0.22084959476166732, 0.004814177825305466, 0.30263870245283164, 0.41618516512886383], [0.0, 0.0, 0.27002546611298617, 0.44057520789080074, 0.16748524525714603, 0.0832395932590887, 0.2483357937306654, 0.0007381430115314114, 0.31017452845124227, 0.18866500840999945, 0.07412648891479412, 0.07342487683456056, 0.16350054060901875, 0.03900092804201849, 0.0, 0.169