"[[1.0, 0.14990933482209567, 0.06452146447519902, -0.04767816220445109, -0.24826183241073307, -0.06595499731140464, 0.03854926003138226, 0.05941470774396085, -0.04568552776077239, -0.03114117108078096, 0.19522235511811759, 0.1270802439375318, -0.1702885952336397, 0.051194911600949355, -0.014931391400687, -0.10829785391854063, -0.057396745919642056, -0.170898592703437, 0.0835908277248445, 0.045915521497092326, -0.28900241712281005, -0.03482371884365576, 0.0524013276559937, 0.007547666606148917, -0.009190111008442026, -0.009489521352431751, -0.012564087317012973, -0.0019382158195568877, -0.028320367964560944, 0.04443964668341138, -0.016052366867795875, -0.1965209418804379, -0.1214395552369838, -0.2998676512703655, -0.021926973588767718, 0.010108580671524314, 0.08687031206301177, -0.17536199583065226, -0.04451488690269323, -0.10155248765135827, 0.016086657231527468, 0.028942362025968893, 0.11470994204365836, -0.0379517865950294, 0.1706853022329855, 0.12526385383177296, 0.10616053904459466, 0.046694105518637175, -0.144226555035881, -0.13801562512552135, -0.17284643393951105, -0.1852016709636528, -0.1923089704122214, 0.11857706871411999, -0.02509171438826474, -0.20821248469375941, 0.17862165819544185, -0.12181037269783324, -0.03236513902127114, 0.11621171155984256, -0.18851741117091714, 0.07535466724367412, -0.11996924855763336, 0.003115425603005484, -0.18615816353623904, -0.05416105486991296, -0.4028355574385176, -0.07477795814197052, -0.14524008345588557, 0.020974169481078664, -0.21659577931020513, -0.06883993870372995, -0.22215512897138323, -0.09167263759639255, -0.052046448175566695, -0.020136404869004476, -0.021131552372591456, -0.13965290801030017, 0.06895097855703491, 0.07613272972979557, 0.13008457208341206, -0.004057420098415365, -0.27314714310476496, -0.01748612861158616, -0.11232550831841714, 0.03415531683963313, 0.0159671288888118, -0.10144298758548986, -0.05988142784216577, -0.004885922072926485, 0.015002476806260545, -0.19607968786627095, 0.06236458345191653], [0.14990933482209567, 1.0, 0.007996965424241442, 0.09419553983958351, 0.06356687004692307, 0.17571684104020813, 0.2490278811451877, -0.12334742514124608, 0.019763215695053793, -0.14942753000942988, 0.032352946538452, 0.29861747216673806, -0.08613329730524844, -0.1047754469512836, -0.01918450752796974, -0.07118139825518521, -0.03894635639936217, 0.07287757885724122, 0.15355257210378914, -0.12783961650270892, -0.0963878257348576, -0.061108958391742574, 0.10278697092566602, -0.031016823057398835, 0.05317325831931363, -0.030217664732705263, 0.06638776833449478, 0.05717367070641044, -0.05253520923891397, 0.14073925205173565, -0.006662490668081222, -0.2169648528394823, -0.16034125982835312, -0.11062823095981811, -0.2025376825913101, -0.06456402929617577, 0.3146555558550539, 0.03228161215696823, -0.3258767747205604, -0.20331619971105197, -0.19549938369795683, -0.2977628162854016, 0.04142663012428771, -0.24925771927687324, -0.22876624286163594, -0.2971094737146658, -0.01821955711770573, -0.06506688001764549, 0.041933891948503166, 0.1630055509050039, -0.06675580122387959, 0.017921513077436724, -0.01756193352608837, -0.139335415691493, -0.01763681026378383, 0.1355703571653174, 0.29583487642069983, -0.31510214057930286, -0.10755641421681639, 0.15809144963225963, 0.04331445058608829, -0.19038480195919916, 0.07226327610855798, -0.25188226721146734, -0.045781215675293474, -0.13294376687908138, -0.25464214583040823, -0.13890867613575741, -0.1916372307870957, 0.0859210048904323, -0.136452300962298, -0.1435014466110509, -0.16721179941793096, 0.12146256869725092, -0.03895161024820504, -0.1422235973671142, 0.02501872235740432, 0.19367010336163515, 0.16994877856268764, -0.06613708228255555, -0.02463004225684018, -0.08030431968993423, 0.06230620376663998, 0.052562778111693964, -0.17173418115683337, -0.1213356813024764, -0.2530233768424348, -0.1324139830655393, -0.06805117463897004, -0.030229674954618035, 0.40137632128465195, -0.022454039945201787, -0.12231697891582893], [0.06452146447519902, 0.007996965424241442, 1.0, 0.28000527615924453, 0.17138855772896544, 0.34504461284725707, 0.24689429213437553, 0.11018443922316568, 0.4849593300393644, 0.6482816252254474, 0.08852430769512987, 0.01649457165780588, 0.37053889252469585, -0.006531983828578891, -0.14807079836482684, 0.2636460181014397, -0.07544608459802937, 0.39334350241601224, 0.1292736503303622, -0.29802119546322503, 0.4031344599657999, -0.16021210241930905, -0.12162087803236465, 0.030897477836993592, -0.11015351184920963, -0.15498622042438526, -0.09060538960848863, -0.0724034903440427, -0.30320111922173476, -0.06809335912527037, -0.3303067903851602, 0.2733685964069603, 0.13132183788014928, 0.11994568941037176, 0.25640858945468614, 0.07647427747960933, 0.1323348982235748, 0.43770712879402573, -0.07895657830424874, 0.24366459862459056, 0.034625336822500685, 0.4257853316564617, 0.16713221736404105, 0.23533042769433143, -0.1917074896455353, 0.17487868621991465, 0.465700347594484, 0.17073883033633852, -0.08585167585402886, 0.08302508687158583, 0.08743461555073284, 0.3154945418943298, -0.048964514840569295, 0.04068343662934004, -0.07433482597319507, -0.07642156355166496, -0.30743492025001506, -0.33771419268190894, -0.018194029118392185, -0.4856606654561373, -0.2554529380797286, -0.14500200093382443, -0.24131879153866254, 0.1442138133415114, 0.21292285554666512, 0.11379899980829322, 0.3679899129351587, -0.08363965757648684, 0.23663749274289314, -0.20253058808530877, 0.33634694764792283, 0.52518901817761, 0.10660604588379363, -0.41086371385623743, 0.23843312601930122, -0.15970063083681962, -0.28768310110384365, -0.026891157332316062, -0.050441951159508, 0.05129096341742445, 0.2443862395105718, 0.16091786079818704, 0.44183649326437013, 0.15154291426613464, 0.22048529036652842, 0.19692015856520917, -0.16290171078814697, 0.06899472325390632, -0.1546525380602708, 0.15153275954283396, 0.014419595743400349, -0.05734685597494171, 0.13073083531518015], [-0.04767816220445109, 0.09419553983958351, 0.28000527615924453, 1.0, -0.038939580671288, 0.13553759560769696, -0.07828530272591316, 0.24454617403667578, 0.08615901286693017, 0.06583602413800438, 0.14690353875001394, -0.37945109488484974, -0.22962765408539187, -0.02171164180203733, -0.018222598265821954, -0.3257968602600685, -0.027705370335554313, -0.02765768185847839, 0.2426945876834935, -0.022211853152269923, 0.28377359007967595, 0.05138565309312426, -0.018817960370362874, -0.09543058310259789, -0.051025621618574046, 0.04013371662933807, -0.13588178962417752, 0.10851222739282063, -0.22947842660775586, -0.0725776330658312, 0.22718044385125313, -0.18124725115456686, -0.14831201033793406, -0.17232930393101786, -0.23358953838783703, -0.1244836124669062, -0.11611670334093471, 0.12970728221858596, -0.10332067327272365, -0.21517855578603284, -0.036673563661376196, -0.054053362895196466, -0.27022338483026886, -0.11054875673144005, -0.02948075333999234, -0.01646045086987291, -0.025688333789631645, 0.05560184280387803, -0.14221653183517557, -0.07136911421670189, 0.2806032901346889, -0.05353640562718498, -0.10657767676565322, -0.23223585154907656, -0.035440143690423476, 0.11527586425753678, 0.12948050832024705, -0.08098849794772955, -0.09457681825083153, -0.03656591213447302, 0.1614759044584554, -0.11102993870105848, 0.2614609958046765, -0.0625787072448849, -0.25055936382380817, -0.04415914486662276, 0.07488336945246521, -0.5960154859872258, -0.11577146464906973, 0.1150615716725022, 0.05163560853282856, 0.11409636923258093, -0.13422779654161987, -0.19958730965068616, -0.008714377509282611, -0.17029207060325535, -0.12587289330812768, 0.04812229696519088, 0.13693452278760165, 0.018217486343985123, 0.36906529537550203, -0.00904122996752088, 0.031826776549013225, 0.1541054455695, 0.33379391291215277, 0.21214734452190864, -0.18845578038179722, -0.21798922462917725, -0.29259087186799126, 0.24345329836265428, 0.07723988852686403, 0.1624502288060229, 0.1737923015788887], [-0.24826183241073307, 0.06356687004692307, 0.17138855772896544, -0.038939580671288, 1.0, -0.11039134783556004, 0.671590338858239, -0.11303447597185601, 0.3871309371580365, 0.22948479431169877, 0.14321967328765406, 0.05604370379997281, 0.7855210785579803, -0.0022861610960340784, -0.11902843813601427, 0.7134336359913506, -0.02446928988332764, 0.8795500575204447, -0.13301211569520754, -0.03036907250347176, 0.6080337109924816, 0.08367611816697795, -0.05352854833974763, -0.009822974001643114, -0.02518361316908324, -0.030479416384615377, 2.1782513736634534e-05, -0.08531374234150735, -0.16054997424450268, -0.18217038507326455, -0.09099316425648563, 0.6971127101115518, -0.1122960849592678, 0.7176762518963576, -0.23605946022047175, -0.16877510896804138, -0.3481831465247398, -0.03845304839895736, -0.4296418623999372, 0.7519057213464012, -0.34084254115797097, -0.11483925383145888, -0.2431943446343925, 0.5783467673936123, -0.1546300411433308, -0.4118502882539694, -0.09512154447350407, -0.0966014174591654, -0.2437490238375899, -0.10146646411281512, -0.10943836690113384, 0.7079254696473164, 0.1165668971178806, 0.011939950504228247, -0.011824023916715554, 0.15737995592725784, 0.0011953510329695272, 0.07627208931879714, -0.029022628246386795, -0.11586870003488214, 0.10556703063679218, 0.12217340826678946, -0.11531236486363539, 0.18838171519491953, 0.8346089795705898, 0.33586475767115753, 0.20142445587232805, 0.21408799078893137, 0.32439580019112524, -0.05009412210517472, 0.3221543798156419, 0.28477110481868184, 0.39600218278907584, -0.35483743098017984, 0.13901644806152313, -0.018973466375753034, -0.12729919801075607, 0.06244801901356267, 0.0818328415138283, 0.25998134105321213, -0.15403963625057582, -0.018824258089674473, 0.42379326772495773, -0.23667214045467877, -0.2789913900293317, -0.2015883084501935, -0.08496940604057657, -0.2913234954718855, -0.0416915036558021, -0.12789209672813495, -0.27142283203965545, -0.18167315384775717, 0.10729195422482474], [-0.06595499731140464, 0.17571684104020813, 0.34504461284725707, 0.13553759560769696, -0.11039134783556004, 1.0, -0.14853472193187311, -0.028240235167663164, -0.013041990434382145, 0.14996274780442098, 0.3724652662803891, 0.16931448375033897, -0.08558707462208326, -0.0052774431705757685, -0.01490607924118259, -0.09567981648605617, -0.04920439867261672, -0.14360659681155719, -0.01576108774635543, 0.1360264599761608, -0.04790793009806649, -0.008083709430284802, -0.009553993534407113, -0.06357545465927905, 0.015223593305462857, 0.10615003209337859, 0.015323294430674705, 0.027859065026714425, 0.07869721214612413, -0.03604860963778478, -0.35188588478992244, -0.14419062147819361, 0.1278000381578166, -0.2312988022937823, -0.017944310316878376, 0.096536700221026, 0.21738480759420664, 0.11431173531384409, -0.04816372776839484, -0.26739596323045833, -0.07288157290430308, 0.011084121397530677, 0.07768031958633237, -0.34332068606069743, -0.09462410545814626, -0.07430252910005919, 0.24318850981307372, 0.06022052780184717, 0.1399563109574622, 0.04403456033614361, -0.10449343693722435, -0.16476952292451053, -0.029898387875327836, 0.016402671894501064, -0.007927766971857375, 0.018125674595013685, -0.31167469007540993, -0.2036360437123772, -0.31748611234564184, -0.0840181881510007, 0.06928900059707443, -0.032280943384924043, 0.08144762759188018, -0.17586880613954214, -0.11285764899369655, -0.23001750141451627, 0.06561583803075177, -0.1103156804753389, -0.44211596852442536, -0.041143770405346114, -0.1454353791145082, 0.1614094310594093, -0.23487151498912318, -0.022439721064926976, -0.09524773016887078, -0.08242594382451007, -0.08692492688254227, -0.05930969048694257, -0.04434270681815722, -0.1057430939402435, 0.06677498652151859, -0.19697309697135768, 0.12294610500525471, 0.05603073695183347, 0.005930679265919503, -0.1197538584022173, -0.05105945693066727, -0.030396540629242574, -0.0943047441613345, 0.19904655334780363, 0.006279550884772167, -0.06491690756071145, -0.21263213924172675], [0.03854926003138226, 0.2490278811451877, 0.24689429213437553, -0.07828530272591316, 0.671590338858239, -0.14853472193187311, 1.0, 0.09305996889758261, 0.619595224545946, 0.2719151627979939, 0.16899471325068605, 0.0635848698771283, 0.542129456563719, 0.0243394379590528, 0.017918911166078355, 0.5491724430835305, -0.14433891109729746, 0.695972686702305, -0.040436336716852095, 0.01604752481823224, 0.2638667148964302, -0.09680872620133596, 0.1514374565589951, -0.03641960371875097, -0.037359480723146765, -0.07647067665926643, -0.010547632772404114, -0.16950439076216184, -0.27250598487577515, -0.09387192438988223, -0.21521527742447866, 0.5658696946197509, -0.07219003444095162, 0.504273305085548, -0.08297091070711282, 0.1250441471846757, 0.03904696712619815, -0.023359648227545327, -0.5135111910445569, 0.6168017913620486, -0.20894705388411472, -0.022430174892323462, -0.10938750883779336, 0.5393108631745083, -0.016341025092800665, -0.1744784189718267, -0.09855556092314033, -0.07606036985071984, -0.3628828898800436, -0.03917272353546464, -0.26821108691484774, 0.4574616114738921, -0.0944057461716239, -0.10255246505647597, -0.13247291224204183, 0.12514666081768344, 0.2291722143034044, -0.2037723736824888, -0.11500700481670334, -0.07933490972133028, -0.35192715955057907, -0.17656716363949343, 0.013087530022835359, 0.31635872822295963, 0.6671310568418117, 0.2097092345826702, 0.23164748451323014, 0.08888413921346405, 0.49346911448450037, 0.21219042745658523, 0.3901681065799154, 0.27910729381434285, 0.10544853489101846, -0.12827448177828127, 0.10516794738532298, -0.101794929769218, -0.006475206530057953, 0.23341008321133516, 0.15458978619498476, 0.43048531229686593, -0.12484927275297908, -0.1106679635889718, 0.4161654605640126, -0.026170595173668598, 0.005474473529648138, -0.1611427993236676, -0.26732386027505073, 0.022486622165167836, -0.17103569252174733, -0.2466577490034183, -0.07153975675142665, -0.21387767640398314, -0.26362947232796596], [0.05941470774396085, -0.12334742514124608, 0.11018443922316568, 0.24454617403667578, -0.11303447597185601, -0.028240235167663164, 0.09305996889758261, 1.0, 0.011279081094649146, 0.09815249850528585, 0.11615124011142786, 0.21962430312838233, -0.1898138852846709, -0.0781726449268827, 0.007322864893564263, -0.09226987428509514, 0.07491036612411339, -0.09276781579935811, 0.111434702938354, 0.08994603571214521, -0.1928937866029805, -0.057387819575985155, -0.004119298651257486, 0.018862862494635646, -0.04427028202346173, 0.05050115660476262, 0.002006712049558379, 0.08172873636518396, 0.010995826126716679, 0.014680453019557782, 0.19071705795909888, -0.12351154718567314, -0.08479094378413943, -0.09448194135344234, -0.0984310914728217, -0.18963229713231966, 0.029126579761601823, -0.1009312554124413, -0.14033854176199378, -0.09582011955163372, -0.039838059296256834, -0.016034620803625943, -0.14809667389717984, -0.08513036684581032, -0.15987391768189463, -0.1609969535876452, -0.44984068003294997, -0.06397875506947615, 0.007274472068634297, -0.22015105070653052, -0.1901931899058753, -0.08564010534840216, -0.08612707086479543, -0.0016987810249364799, -0.003921106577278621, 0.05478006849623451, -0.19178415176946007, -0.23401700277138437, -0.024851870150866207, -0.25562396907125806, -0.2685628315561328, 0.06548533134483603, 0.08245661523091674, 0.1152240649425269, -0.15345023741673547, 0.27985115307806074, 0.2006932630156727, -0.21058610705594738, 0.21152047552703368, 0.4675501417818305, -0.16719945230579003, -0.06517796648052077, -0.08734544495798668, 0.08079919822162385, 0.04177678921520411, -0.09114193208045274, -0.19332194244104928, -0.2723985155093869, -0.09341551891316091, 0.29511232981178337, 0.11895608019808057, -0.10532935661812703, -0.19084857456305326, 0.04197324438894945, 0.35588548571101275, -0.11620601459538271, -0.033090441733734544, 0.040616586161761004, -0.07121157970207093, -0.0976397978796717, 0.005625700145459933, -0.2839466917077791, -0.12675489450004407], [-0.04568552776077239, 0.019763215695053793, 0.4849593300393644, 0.08615901286693017, 0.3871309371580365, -0.013041990434382145, 0.619595224545946, 0.011279081094649146, 1.0, 0.6157663904542341, -0.09446055413649224, -0.08369888907936995, 0.440173515472976, 0.2232766440386772, 0.030109716327584635, 0.3861187372793812, -0.06018348142078089, 0.502455341799694, 0.009150949331576008, -0.03490048225747744, 0.2587831463126009, 0.030153818073392236, -0.025638726353834684, 0.06911826888806005, -0.1286935584015514, -0.016877468659306727, -0.019670191845042817, -0.1983952816939092, -0.3817758179011199, -0.31228116424755803, -0.2304432342507674, 0.47482700835113445, -0.06470573504211208, 0.3405688665541603, 0.12601255759763785, -0.09057403246869122, 0.1087646939080964, 0.1427861332914503, -0.4713172040039286, 0.37257211542122515, -0.12664953881225638, 0.25231741690419907, 0.08964442710319642, 0.3677248453254225, -0.02910688142542428, -0.22539462718851522, 0.09480724635316862, -0.29378717642551444, -0.3244800377170862, 0.11141677006172312, 0.005924397467832576, 0.34718668801296704, 0.043029824314061216, -0.15526900300285096, -0.07771390346527984, -0.06574657676174467, -0.07642986297502197, -0.3436707134184416, -0.013655088727895892, -0.35789214648340417, -0.3912108617137582, -0.33458354781223165, -0.15062620440550556, 0.29007113893901537, 0.5251435539724503, 0.3102879292934486, 0.28027431626690125, 0.06491444422660919, 0.36475893441834484, -0.0010925915893489346, 0.3061612706081681, 0.5266020524739204, 0.13048642604634997, -0.10176687692507724, 0.30870279678135015, 0.061738040483689804, -0.1233282092252479, 0.18937973861433455, 0.413013876603202, 0.02458257377785933, -0.09124362395810826, -0.0021315160545041234, 0.4259257905048076, 0.003316550613791991, 0.1748950748340683, 0.16243219946423382, -0.016766465415376297, 0.1088660275904958, -0.18716270127893164, 0.2502479429759842, 0.03670743586653791, 0.09579018168580966, -0.038678628850384644], [-0.03114117108078096, -0.14942753000942988, 0.6482816252254474, 0.06583602413800438, 0.22948479431169877, 0.14996274780442098, 0.2719151627979939, 0.09815249850528585, 0.6157663904542341, 1.0, 0.02742426025442002, -0.10076458816979983, 0.5102850382047815, 0.2859349815434825, -0.06953288141056402, 0.2675129068568082, -0.02431416933081576, 0.441469431598682, 0.2705086531211316, -0.20961475326224144, 0.21431178431670905, -0.2132420391664578, -0.22282713545868904, 0.26910760575258785, -0.15910167219724403, -0.09639890764331294, 0.055707694674725916, -0.09306339741402958, -0.10821301473435074, -0.20599378456691508, -0.17727962362425465, 0.23041902633651856, 0.1248380128902482, 0.29227032423253774, 0.14466406638757245, -0.03356521639180432, -0.10991271951050563, 0.24506557908620352, -0.17031421654900836, 0.20565937154041414, -0.008817647643633464, 0.3946246478609392, 0.17365305012009624, 0.2483466901718614, -0.1585923675492098, -0.11072711057391538, 0.3844771171668646, -0.1703829090276776, -0.0708570634547061, -0.12497387680255834, -0.03588164693410256, 0.24927632067293182, 0.14444793521132748, -0.1998954607410124, -0.16434839329103657, -0.31914951804015823, -0.46319845824010697, -0.35993726966001405, -0.1914304362521484, -0.47862058518409745, -0.24755985832096306, -0.1686641666745503, -0.07010077652907154, 0.490901086039764, 0.4489670200734486, 0.3558263056851463, 0.6329627594693233, 0.11038275367014061, 0.3616473680151826, 0.015240429343080675, 0.4097731110214742, 0.5624966713681309, 0.1322494628089621, -0.13607546006200066, 0.5829681980342135, 0.014877031718750877, -0.03480781353512907, 0.157257789611704, 0.24900417741753011, 0.1148503490404732, 0.17788732972582988, 0.2817331551480251, 0.4772145068318454, -0.06389809301536786, -0.11331343727456722, 0.3004877630702627, 0.09908992381764525, -0.06235732908789049, -0.2350589621556871, -0.017553396646195152, -0.02559905060721901, 0.10078532253693573, 0.1294370775853022], [0.19522235511811759, 0.032352946538452, 0.08852430769512987, 0.14690353875001394, 0.14321967328765406, 0.3724652662803891, 0.16899471325068605, 0.11615124011142786, -0.09446055413649224, 0.02742426025442002, 1.0, 0.10562670963258214, 0.03549105309511247, -0.040137796000095705, -0.01968838263029138, 0.15323197430213653, 0.013109511577607535, 0.06772191541199746, -0.192115642064572, -0.07549202087343132, 0.0814361664687121, 0.04608286172824905, -0.04327125966962875, -0.029051211183740655, -0.0904235674512639, -0.03731563811475591, -0.01837933776031142, -0.041510152991624416, -0.030910255672791376, -0.021533264867231727, 0.08041681285778945, 0.057397217925600486, 0.031312689519186754, -0.04441969353439634, -0.4004391700058587, 0.24876369128163023, -0.052923981051515634, -0.32081712769314197, -0.14938012380950805, 0.033698666149778456, -0.30172941926438246, -0.13684496535319934, -0.241375506974419, -0.008489784980652892, -0.05766896283252665, -0.004838307009740417, 0.10268634269927868, 0.023038756415540318, -0.16675800876873215, -0.29182869807922973, -0.0781964656687637, -0.08041905712036956, -0.05616492034963416, 0.10013505206084639, 0.01115253276732242, -0.24774881612087518, 0.09311098537447571, -0.0759451845661776, -0.11245320115129642, 0.19436749855687685, 0.03679678970293876, -0.06283741330284243, 0.25038627063308994, -0.09625023876859373, 0.062166160777345825, -0.26230752596193807, -0.12355113083576574, -0.25414727169051865, -0.3513851770281433, 0.1827014573439193, 0.04385569120251365, -0.01178079301127033, -0.2023368210117491, 0.028167497997496405, -0.13946519341412755, -0.11470517111367817, 0.046187601269884526, 0.2102621958654638, -0.20991548100884372, 0.10980019131826169, 0.09197189244427362, -0.13150024042061093, -0.060518274391579974, -0.24754560651579238, -0.0439288115579306, -0.08752373151465553, -0.02132151235595292, 0.1093278460193301, -0.014742095753824458, -0.1546131230355725, -0.3734397805350216, 0.02636948080267354, -0.17224964546870614], [0.1270802439375318, 0.29861747216673806, 0.01649457165780588, -0.37945109488484974, 0.05604370379997281, 0.16931448375033897, 0.0635848698771283, 0.21962430312838233, -0.08369888907936995, -0.10076458816979983, 0.10562670963258214, 1.0, -0.01717138961985709, -0.2209154387666763, 0.09977649939303379, 0.0807419378208033, -0.0414441782053907, -0.02005189809966068, -0.3580400391383578, 0.03349189071299019, -0.08410880908337659, -0.004157462379091426, 0.0015989056823834114, 0.025218354693396505, -0.048677409721130216, 0.07617810552068138, 0.032561209891176834, -0.0670991912631771, 0.2642850530026426, 0.026256324769306616, 0.1349200007903525, -0.03468736515000859, 0.16886438482063482, -0.06883153446079393, 0.08949812786154576, 0.12972740793852522, 0.1537187800135007, 0.01064625613993031, -0.1278772184207868, 0.027333591368589594, -0.016004615414416445, -0.208566662334559, -0.027178614933242473, -0.04245785852761985, -0.11988119539539444, -0.1684171259435543, -0.031108380888116738, -0.053223304600270804, -0.00111081009941838, 0.09720352650507103, 0.12442827723050132, 0.16948076014601876, 0.20251166674190313, 0.16364264994038957, -0.032259336679719475, -0.1242182334180515, -0.1667046480852461, -0.2092569598712457, 0.0033383608666536224, 0.02239425074350665, -0.07986336827114071, -0.03600118186710444, -0.15344560316058775, -0.1574548616199185, -0.03916754015768942, -0.08285288370089239, -0.24066830133360861, 0.05702610941847275, -0.025358903057096205, -0.07106809546635917, -0.3452806775453485, -0.19333252763704523, -0.09932634667606632, -0.08399596480024485, -0.22718580598284133, -0.33188439682675597, -0.2721224612794675, -0.19624196723997134, -0.23997931267558203, 0.29930173649597447, -0.3590831676803423, 0.058591636624388266, 0.09528639737165112, 0.05365416405812906, -0.06312135414849673, -0.2520186134729552, -0.00504971956754785, 0.07601647308729731, 0.008469341550288112, -0.09761726416782879, 0.28956448128095236, -0.020555869289351714, -0.033399679803934657], [-0.1702885952336397, -0.08613329730524844, 0.37053889252469585, -0.22962765408539187, 0.7855210785579803, -0.08558707462208326, 0.542129456563719, -0.1898138852846709, 0.440173515472976, 0.5102850382047815, 0.03549105309511247, -0.01717138961985709, 1.0, 0.1948259485752455, -0.17213897544490386, 0.8291959422746303, 0.03419197324820267, 0.8322267328760407, -0.041366045369228166, -0.25633417849713225, 0.5699015843175762, -0.04602126540303697, -0.058765883621688, -0.02178442006645831, -0.0954772611317376, -0.13386013346531067, -0.170834634163203, -0.17143304393515724, -0.09738534245632247, -0.03086828737381997, -0.1601421667865952, 0.7238300624377451, 0.06342092429436752, 0.7897891935354214, -0.0020199546564736437, -0.06184904161680582, -0.261581583206268, 0.06773985650103498, -0.32709266849158025, 0.7114238243097997, -0.23673715667755224, 0.057437669486673615, 0.005728663829817293, 0.6486609733484483, -0.15178959565127625, -0.27323641754162953, 0.09685685333271388, -0.025530041110139345, -0.1466742103280252, -0.09677376146128425, -0.24950047937410957, 0.580746854757304, 0.08342624429558043, -0.08426504087008979, -0.030173589679472812, -0.06335440095123124, -0.3105428908691512, -0.05835394580875497, -0.1293318402420689, -0.3920792874550747, -0.08411546819305893, 0.09000483635028889, -0.204878353726889, 0.437430214804738, 0.8871392030797624, 0.45817555744387484, 0.4027522842326854, 0.4175065245044852, 0.43285004447363395, -0.19356695687926662, 0.4225866317036916, 0.3653970237948594, 0.48460970371993206, -0.22515768656831314, 0.3425403260172777, 0.15729798206832002, 0.09676498971535608, 0.08920251553220737, 0.03473586708812215, 0.26326409860750877, -0.15339737165492506, 0.14449110178481672, 0.5074270807883218, -0.1850032076524768, -0.4108703131526328, -0.012250153586820023, 0.08456755075613986, -0.18455926889600893, -0.035471648569976866, -0.02973948693345152, -0.19095097678587836, -0.16227569258710806, 0.2215488590111756], [0.051194911600949355, -0.1047754469512836, -0.006531983828578891, -0.02171164180203733, -0.0022861610960340784, -0.0052774431705757685, 0.0243394379590528, -0.0781726449268827, 0.2232766440386772, 0.2859349815434825, -0.040137796000095705, -0.2209154387666763, 0.1948259485752455, 1.0, -0.0023225528345358626, 0.1673002218152927, 0.017503604011214646, -0.04440697316659903, 0.15890530303932127, 0.07735569788085273, -0.1993593122094861, -0.023568028792763984, -0.0036293636813096164, 0.011196917266858342, -0.019751520840408654, 0.06522032730730609, -0.009187161179377679, 0.009759056141685485, 0.00031317258329921493, 0.03144156445897073, 0.26081344894198966, -0.1191392549441872, -0.04682669828729735, 0.041106777570491304, -0.011673035730403791, -0.18579690999662546, 0.20401665671808455, 0.02982899745799117, -0.14999738684505237, -0.1184250527255799, -0.22991442733929524, -0.137626381450475, 0.29084649290965414, -0.08930905976268311, -0.06811656922133946, -0.05443807250339838, -0.10913760323533017, -0.04792730744537943, -0.11778711912030704, -0.16898202805524165, 0.1728384714003095, -0.22527323089965812, 0.35842393552661456, -0.37142223903038074, -0.03592985050812336, -0.00410263587632298, -0.13947870354460323, 0.07730264307332235, -0.07525957429773711, -0.07437958187003724, -0.18210798937872674, 0.1269568714541791, -0.09763932906499062, 0.4480447182466256, 0.060876704950357685, -0.038884534657794845, 0.0822430797338859, -0.04262459634025362, -0.027947888662431586, -0.20386961522426428, -0.22675131444900587, 0.13871586947221848, -0.4011410915827902, 0.05735418043691809, 0.17804057527909323, -0.1766878434090864, -0.1416830786261718, -0.201982220737847, 0.3342946188253021, 0.03390976276336488, 0.017147053434989235, -0.13135396812258326, 0.018484329264744526, -0.13923925158267303, -0.29311526631400464, 0.010461825706860828, 0.03668938776356623, 0.0032442562987535783, 0.059418020102019464, -0.011902333731347525, -0.1171875414272161, -0.00792621737261201, -0.21885660901008475], [-0.014931391400687, -0.01918450752796974, -0.14807079836482684, -0.018222598265821954, -0.11902843813601427, -0.01490607924118259, 0.017918911166078355, 0.007322864893564263, 0.030109716327584635, -0.06953288141056402, -0.01968838263029138, 0.09977649939303379, -0.17213897544490386, -0.0023225528345358626, 1.0, -0.04308975064031961, 0.02843959253225381, -0.183035724508688, -0.025942744407368767, 0.055632438912427085, -0.22157804281024385, 0.011685662029977006, 0.034598770529102096, -0.03845951503351697, -0.011813765513168706, 0.0024824320758729534, 0.045451620453692, 0.028055568267716158, 0.014497825675966358, 9.229401971388995e-05, -0.0556907233100703, -0.06990605848798648, -0.10399823799711294, -0.20277104822889558, -0.15759796602402076, 5.4598997377697245e-06, -0.05885837435646879, -0.15652908897400164, -0.2143801291699161, -0.054601575150964976, -0.14997967826890246, -0.06945462233189703, -0.14170871451449996, -0.08642642511136911, -0.02107940602993752, 0.12413215285630019, 0.01324326419233135, 0.02124912703411519, -0.07531358747542671, -0.17221481029677865, -0.04248414143555568, -0.15421057160042495, -0.14187013260385073, 0.003701257959966786, -0.011186816889019902, -0.010654301306518121, 0.09804322693853984, 0.014962647246256955, -0.002642568577579052, -0.007418169663926832, 0.008335541774872501, -0.10721481614267647, -0.005299876431041017, -0.08252446328518603, -0.198162501510315, -0.1260472047271497, -0.0782849865603863, -0.1208232290320359, -0.09896824475595811, -0.07692221776820363, -0.1720790298801549, -0.2752391447688576, -0.25726536511337805, -0.03930146781623134, -0.12785682013389588, -0.019649263615337587, 0.022724526421974978, -0.10704552746276863, -0.07923718425687754, 0.0670581274114862, 0.03736484495091219, -0.06212497668139916, -0.010248316684014824, 0.11139872146413787, 0.08720642035778725, -0.05988560091336281, -0.03687047995537407, -0.04281100198953669, -0.020689811783001444, -0.04399198299374163, 0.06162906205660856, -0.02105502097320544, -0.002098957429440551], [-0.10829785391854063, -0.07118139825518521, 0.2636460181014397, -0.3257968602600685, 0.7134336359913506, -0.09567981648605617, 0.5491724430835305, -0.09226987428509514, 0.3861187372793812, 0.2675129068568082, 0.15323197430213653, 0.0807419378208033, 0.8291959422746303, 0.1673002218152927, -0.04308975064031961, 1.0, -0.059537474876462104, 0.749224126046318, -0.056634159130871664, -0.24128933404237385, 0.4843519376525933, -0.054947218780928786, -0.046347320140201376, -0.17657203272682476, 0.01609331792784252, -0.22600791240605367, -0.250081879934418, -0.18881940079282988, -0.0641890809440051, -0.15905029282392147, -0.1355469475064297, 0.7424407335467035, 0.08647019289968993, 0.7304094929681589, -0.07322630241822647, -0.1650176932447358, -0.0989946118711873, -0.12714366121518683, -0.3209160534994764, 0.678853257919163, -0.43840642275685293, 0.003587496869857265, 0.0758027028168422, 0.5863785830075395, -0.25883900246552916, -0.23947460167263146, 0.05883143834677107, -0.11936047159768037, -0.11519289386232923, -0.004572422665762188, -0.18834948345593316, 0.6170656695808973, 0.09666157772534945, 0.1836118266531661, 0.026809127045182346, 0.024351482513926825, -0.1557195355865919, 0.12500414208648258, 0.20696383199695167, -0.1723182298401309, -0.11161786163052057, 0.2041009233239165, -0.20885948749989636, 0.22274333397480062, 0.8059683828516014, 0.4393277969894458, 0.20904220844489085, 0.4276677839515095, 0.35185697937641736, -0.2056986110195993, 0.204605708262241, 0.13669372065079777, 0.406496462984167, -0.1933090477944468, 0.23345851960304154, 0.2860183339885991, 0.030581780936380976, 0.005535020883789432, -0.10298627312461228, 0.10897892909650986, -0.1223873682902139, -0.024810973105440892, 0.32558693914307235, -0.32127443542663414, -0.3056759447787236, -0.23953002328312123, 0.04534968035004838, 0.008129233044936846, 0.08377804479140494, 0.017090516024815816, -0.29570836765915764, -0.346158461567573, 0.07492750710243656], [-0.057396745919642056, -0.03894635639936217, -0.07544608459802937, -0.027705370335554313, -0.02446928988332764, -0.04920439867261672, -0.14433891109729746, 0.07491036612411339, -0.06018348142078089, -0.02431416933081576, 0.013109511577607535, -0.0414441782053907, 0.03419197324820267, 0.017503604011214646, 0.02843959253225381, -0.059537474876462104, 1.0, -0.040931961070576506, 0.05329856432472668, 0.028596534708311916, -0.07382379184475818, 0.020841163930149786, -0.018070122129666855, 0.014904142249317798, -0.019977198349342862, -0.03145366604773581, 0.00923532615209055, -0.03180639734390134, -0.028265328006137125, 0.003005638196054927, -0.015433059226521717, -0.06728619468566, -0.1180804180263153, -0.0672277219538715, 0.01986539160633438, -0.042143549059971086, -0.03547134094753157, 0.058062944120980675, -0.010509568186999552, -0.08717745325202331, -0.05619275887469244, -0.13884653842297556, -0.07693701008440335, -0.07681630939522588, -0.0032037988363049497, -0.0984204126219188, -0.05511200166067254, -0.035131700048604886, -0.06459024245895084, -0.022170184918823166, -0.08500385626749529, -0.06038461512375193, -0.0009966378810231102, 0.010924858660900205, 0.015661905171623913, -0.0865628478328786, -0.03489876877418707, 0.03352387594672557, 0.08715893197772717, -0.017607347185972788, -0.03541504870846279, 0.025872257562459255, -0.07902173774762855, -0.23043030838604217, -0.08706694024990003, -0.160434291393307, -0.003907942024766076, 0.10378143883542601, -0.24176640987438747, -0.04545929072038901, -0.025783160760778356, 0.11224209835833032, 0.07557592383346101, 0.016122817440601955, -0.13762975652826648, -0.11613064849343036, 0.049921637686023757, -0.23914980040621558, -0.02749038353538724, -0.22024296281319522, -0.04276630210049137, 0.04173045048293467, -0.14195733163011148, -0.15422525676507548, -0.05444646859008273, -0.10788197965667679, 0.044540755307305835, -0.06695230595253254, 0.02648840263804242, 0.003410314346071197, -0.04192816303934177, -0.10773868115715568, 0.01055137270083406], [-0.170898592703437, 0.07287757885724122, 0.39334350241601224, -0.02765768185847839, 0.8795500575204447, -0.14360659681155719, 0.695972686702305, -0.09276781579935811, 0.502455341799694, 0.441469431598682, 0.06772191541199746, -0.02005189809966068, 0.8322267328760407, -0.04440697316659903, -0.183035724508688, 0.749224126046318, -0.040931961070576506, 1.0, 0.043007464709010956, -0.18624667484702084, 0.7088615594583999, -0.1622556923760492, -0.1078349146610893, -0.061057602342027506, -0.03545494405037153, -0.09213927209481576, -0.09170497814695233, 0.013580087434739485, -0.14867319336516016, -0.22950291919227417, -0.25150398902556814, 0.7308838910560964, -0.06061821352802177, 0.7536270736603266, -0.17747953485597434, -0.04279868762466865, -0.32839686502710785, -0.032022604743081384, -0.416216488830774, 0.7483916146002741, -0.3163515648260773, 0.046294381900497505, -0.21841771343033356, 0.6511625978093218, -0.15924100572652322, -0.3160904645580791, 0.07059738987618702, -0.12688445167947648, -0.30252549956109953, -0.08024139140480435, -0.1470834710159914, 0.7870123654699591, 0.0252605842460758, -0.04727307248612145, -0.013939541312115056, 0.0348949284435921, -0.02412752902312909, -0.043032573289969456, -0.0185867273592073, -0.1773482650968703, -0.08296714867423693, 0.0530552353745819, -0.12301391238459924, 0.17204638646064296, 0.878868317546612, 0.36983492829303777, 0.3322172623453312, 0.215779853683003, 0.44208431276152516, -0.018175353418324214, 0.45939863066975284, 0.3574294826007718, 0.42573401809666434, -0.3154941144857166, 0.23343687700967852, 0.03925499878358807, -0.03402413618551847, 0.13750344422310257, 0.02431260938693125, 0.23444952667181296, -0.08555665450200056, 0.20173191056465134, 0.6188008798881351, -0.10781637609284056, -0.21619994732244074, -0.04607279849531709, -0.027316211903481102, -0.0969304048008428, -0.0821993992324559, -0.09679783380302309, -0.08054509057944248, -0.14775883810700052, 0.253885193840685], [0.0835908277248445, 0.15355257210378914, 0.1292736503303622, 0.2426945876834935, -0.13301211569520754, -0.01576108774635543, -0.040436336716852095, 0.111434702938354, 0.009150949331576008, 0.2705086531211316, -0.192115642064572, -0.3580400391383578, -0.041366045369228166, 0.15890530303932127, -0.025942744407368767, -0.056634159130871664, 0.05329856432472668, 0.043007464709010956, 1.0, -0.08194098964261087, -0.14264813023039613, 0.047008555716326006, 0.024439037540503583, -0.029091839097547645, 0.06959563706665683, -0.14510893151114468, 0.024785629115998686, 0.04278386968173664, 0.16708258585257585, 0.007714244220462962, -0.23759605886905977, -0.3969642072864277, -0.10887920344161373, -0.10571940295039983, -0.15236613855014602, -0.21439282379606972, -0.009872627149559943, -0.02246800075334021, 0.15114516508671882, -0.3452714792654288, -0.136661948465153, 0.01716579865696899, 0.06619129737145946, -0.15967319882443443, -0.20054405772505213, -0.12215823444652374, 0.01831412403968391, -0.30295864355462854, 0.057026891561094195, -0.054096632970855874, -0.0328074228528632, -0.11204901054180527, -0.03770183208296651, -0.31925496099616657, 0.025734438049153208, -0.0874448269526642, -0.03225955596774721, -0.004566768953889966, 0.03935149985087805, 0.10601565117323553, -0.2154599410232989, 0.15389025455004535, 0.28876239114852154, 0.17032420558651373, -0.08843672476458009, 0.2138584212729573, 0.28213307627704165, -0.12429131252563597, 0.10484794795829111, -0.061167724000696255, 0.1207615643466935, -0.02690997547963736, -0.11478598418547525, -0.24566364426894105, 0.286115413611844, 0.04826937216701477, 0.14774091313672966, -0.031525622769408734, 0.12961203638148877, -0.14554804087325524, 0.39167591817679537, 0.27671486682821334, 0.0013768497435489024, 0.20596225735580864, -0.029974220966710208, 0.25255538719401205, -0.0650168121904291, -0.1051314472703826, -0.04895656124586334, -0.18370330559499393, 0.262124553931225, -0.21787418463338493, -0.02503157194311445], [0.045915521497092326, -0.12783961650270892, -0.29802119546322503, -0.022211853152269923, -0.03036907250347176, 0.1360264599761608, 0.01604752481823224, 0.08994603571214521, -0.03490048225747744, -0.20961475326224144, -0.07549202087343132, 0.03349189071299019, -0.25633417849713225, 0.07735569788085273, 0.055632438912427085, -0.24128933404237385, 0.028596534708311916, -0.18624667484702084, -0.08194098964261087, 1.0, -0.138579541181574, 0.011227392080791043, 0.14458630243430337, -0.010896186513612571, 0.06369435360307785, 0.10661066695037125, 0.07406009348029341, 0.11057299026967049, 0.05892952203100532, 0.09352432512045361, -0.08876445469227945, -0.28613543863914126, -0.2652215109208784, -0.34608860957879717, -0.14262481319387055, -0.19565776555208014, -0.10865873761547062, -0.11856490222108484, -0.041034651664921595, -0.22501196973132687, -0.14355711000180404, -0.012688600472030132, -0.18323790935960838, -0.3125293285144677, -0.11957487102854114, -0.15179408544654982, -0.14618683223907536, -0.05465231280399374, -0.286496628857011, 0.04810477607358821, 0.09964676800728778, -0.19610922991124835, 0.0819173418813135, -0.11594803882821214, 0.0016945541561966815, -0.09868268536610336, 0.09822300340128831, -0.07655655777549475, -0.05544833233850088, 0.12154172447544442, 0.0637717830977933, -0.03077925939664561, -0.007607670174961667, -0.02290635390418294, -0.11420566445784908, -0.08246000265493114, -0.15227870642117125, -0.002664310905911904, -0.15041140528384545, 0.33126872976811983, -0.18058669070474642, 0.15436516253422572, -0.10434407027875592, 0.03262200408471283, -0.06660361633365275, -0.0857542817426209, -0.025952592181712975, -0.01286530120603735, 0.1214236149492618, 0.0995814755306832, -0.14838807653137454, -0.07162349148676017, -0.05601434933637517, 0.0010889288578471712, 0.1352657198049182, -0.08912960154350702, -0.06605684441305915, -0.06411607420760124, -0.023480519563562785, -0.0821638062797958, -0.03810703974825036, -0.04721259141910661, -0.1784734064877651], [-0.28900241712281005, -0.0963878257348576, 0.4031344599657999, 0.28377359007967595, 0.6080337109924816, -0.04790793009806649, 0.2638667148964302, -0.1928937866029805, 0.2587831463126009, 0.21431178431670905, 0.0814361664687121, -0.08410880908337659, 0.5699015843175762, -0.1993593122094861, -0.22157804281024385, 0.4843519376525933,