"[[1.0, 0.0704471354376579, -0.013757325043343593, -0.1322039103192283, -0.1316057438430891, 0.12748842968112006, 0.05955005974429839, -0.004701117882067285, -0.11326687772740662, -0.13644079948699805, 0.13593793479913496, 0.0037288666687156358, -0.07740067499656167, 0.07227456251819453, -0.022285286709128993, -0.15794759938474145, -0.03747689434498258, -0.1077053310205569, -0.03040341748361408, 0.022676555760075323, -0.18322488954834282, -0.011879103758477338, 0.05764276541986768, 0.031571532883125086, -0.01736180264664755, -0.047556078794651846, -0.021875715237784865, -0.0036546265819634716, -0.05822993332841708, 0.06440889970273589, -0.005972927804735129, -0.1847305159132393, -0.05814708445950556, -0.2245663564090854, 0.0011262274817824824, 0.09740080856762623, 0.3041805455179525, -0.09795412264071657, -0.026703073679288147, -0.06309234415048626, -0.04318111946609715, -0.052377523259089065, 0.06414198414886063, -0.030382084739526638, 0.0782453803994525, 0.20765121062559033, -0.002645736189831771, 0.06167959964170744, -0.14502243349673516, -0.1797778237453076, -0.107511574885649, -0.15164942459285746, 0.01661941687812607, 0.06190049370488815, -0.017826687109033346, -0.26688421944383833, 0.22640224928958796, -0.17839686331900406, -0.05481763270399087, 0.18365368406901983, -0.11816496155355494, 0.13255775031412653, -0.0350639318543422, -0.0017405601358837508, -0.20709479068681236, -0.05376591951447551, -0.3495472252776124, -0.22585198563528008, -0.1771507498722813, 0.033692493927538925, -0.33297841523030414, -0.16582206587420334, -0.2566911801222902, -0.02553872868556306, -0.16323122037664928, -0.018732311369229926, -0.09389410322908565, -0.16619968604702517, -0.16662048211749214, 0.21001738865302833, 0.13681904606198725, -0.1334009455124645, -0.15946731950369752, 0.19301543900424467, -0.1627176043598595, -0.12035203794140159, -0.01248352819169174, -0.05415883270937294, -0.06858749079017623, -0.08088518839026104, 0.13564510717626999, -0.23573806872807013, 0.16786060421086957], [0.0704471354376579, 1.0, 0.003874289005469045, 0.13132021538886063, 0.022278068180136446, 0.11062615648876029, 0.2205983930383324, -0.011830200172446625, -0.03559691024772316, -0.09005300338517519, 0.11146905451130817, 0.11104042675386527, -0.0024231180358817994, -0.09638152995402716, -0.02709568739488266, -0.06554506555201245, -0.0679357209601581, 0.05406901917706397, 0.06810264412153177, -0.050313678040653675, -0.03423639599837491, -0.01509284252189591, 0.08449568076777869, -0.004012767186384547, 0.04794739835081041, -0.038552601526799624, 0.04388702760095109, 0.024339189081065804, 0.014760020796262707, 0.07923925545980759, -0.21172059629530326, -0.2148052565191476, 0.006930560722584467, -0.06397785750904461, -0.033285376665817656, 0.04948638786185211, 0.21940166330555688, -0.007941083651671565, 0.05401462364119758, -0.10828725560993901, -0.07385759041496609, -0.16573356269457706, -0.09996997930092055, -0.25433660188576956, -0.19144475917444592, -0.20258170955562216, -0.135718257308457, -0.031998668869270164, 0.04139721942407426, 0.005294804838646083, -0.09871118048894267, 0.0997947515951011, -0.07479799000428189, -0.10021350617073965, -0.036970083274936894, -0.04809724023731077, 0.21201712345912527, -0.17678111017634768, -0.19511810671893848, 0.09570449655817326, 0.19561296650229953, -0.07623694307678308, 0.04773519002429105, -0.34318406303320215, -0.03454959108553668, -0.31603611613576654, -0.09941021525455263, 0.07976322052653573, -0.16514660742137854, -0.18081619495151857, 0.009627030382238333, -0.11070788289247768, -0.06582615342164289, 0.12052744940960924, 0.009132861165981665, -0.13937330994911123, -0.05449788924962884, -0.014504809258038431, -0.03479875333884541, -0.037639015295480416, -0.0183060331058138, -0.224009010399159, 0.037946871348964906, 0.09473178096195356, -0.04134132509717703, -0.19651979407198517, -0.08454944770600537, -0.05326912249593141, -0.03889240026875607, -0.014011630504308314, 0.37447312840590974, -0.06059871475854095, -0.2606519925016526], [-0.013757325043343593, 0.003874289005469045, 1.0, 0.2463965858927597, 0.15133379962010596, 0.3472406848291836, 0.2615303882125777, 0.19673714537115627, 0.29863130074241884, 0.3844762821157838, 0.24597822664953584, -0.04901965844905609, 0.32637314294730846, -0.3260948178667462, -0.21253353557053845, 0.2698795924761157, -0.038458899877357844, 0.33865985687880196, 0.15513777206261425, -0.33033526884622555, 0.29915770220933635, -0.1155476854279367, -0.009371690853341219, 0.008567764933584354, -0.09231240627169801, -0.1646452037415549, -0.15090346486586448, -0.06797453055804725, -0.21848938031398868, 0.032037322541380364, -0.37112222378916493, 0.2480901528417392, 0.010179100035933142, 0.08320722440346129, -0.10834189249172588, 0.09190761085157395, -0.34962196597145345, 0.10665041910164197, -0.3204623921616039, 0.2940356491919711, 0.010711182719537304, 0.33425376783962346, -0.15456059654804521, 0.36281802891868553, -0.07914821003568773, 0.05947421639611361, 0.48390936936764506, 0.1252634428494197, -0.15892402378248294, 0.11142067300596192, 0.06406692643606882, 0.2812174185706957, -0.025529292179781615, -0.012591979526428432, -0.06600918266524713, 0.17628452504556502, -0.18343782462941238, -0.32028261121322976, -0.14701106839871292, -0.42163000772832016, -0.12434750420071383, -0.1252385145758983, -0.10058726137666141, 0.23362742838026784, 0.2737840939241496, 0.20247220034536895, 0.2854722643339538, -0.11808087319441474, 0.24566443161191365, 0.19361287023656448, 0.3914231496338252, 0.45032027292161525, 0.17645942879463028, -0.2278792720057108, 0.044645897331181295, -0.21006428405096256, -0.25307792514174965, 0.24510333021392672, -0.04966841653973009, 0.22694726050992575, 0.24195652429795333, 0.22227805251111632, 0.45411554900644124, -0.10239734382550969, 0.22541491607155506, 0.27439432263690167, 0.0003845951961766181, -0.13390342211370854, -0.021228337707966505, -0.08705249046254271, -0.10029120566161387, -0.08547673973929681, 0.27974665749090155], [-0.1322039103192283, 0.13132021538886063, 0.2463965858927597, 1.0, -0.24624986246250247, 0.1698367463097068, -0.02707935651769744, 0.3588404112919159, 0.18143437933079398, 0.17635253152915198, 0.00919384435442705, -0.3181464436306396, -0.26786553971720406, 0.09207171618647925, -0.01689651530159475, -0.3454195992674127, -0.10161797270424966, -0.15526136612559882, 0.40005007892356015, 0.08635700166355798, 0.1504807552689087, -0.005958340213323865, -0.07337910416463367, -0.018962090403682685, 0.011757196531765879, -0.023672171684925303, -0.1405113301059311, -0.014368055734186758, -0.07990335908136337, -0.1277705251453336, -0.060356048938601914, -0.25466247002468734, 0.03196763922298873, -0.19972389077004915, -0.10366962004575941, 0.1262813403641878, -0.11945809465546753, 0.044776371763769474, 0.007417406949344119, -0.21828880552080143, 0.12233026508582667, -0.023619797246754004, -0.22912887695883866, -0.1194630315268701, 0.15704634196726797, -0.05933595882189335, 0.19874813566352945, -0.18518232565012327, -0.1725609279282243, 0.08767506916182122, 0.34222464150890275, -0.00738712839673461, -0.09620192697878505, -0.4176033806802284, -0.037545182312421765, 0.06087709581698819, 0.15814742272906912, -0.007465915772119747, -0.18176072570616686, 0.026021538314123016, 0.16978538305468915, -0.059981946297438915, 0.302395081030295, 0.05031094644168599, -0.2508855573841311, -0.053166590629336374, 0.2297545330158307, -0.38118556334062403, 0.059750047306620147, 0.11538164612630353, 0.04307200010021006, 0.23389461706305548, -0.257791655282563, -0.1988458949614076, -0.009471099660828708, -0.2758296375234548, -0.17043462585625968, -0.030361893855745947, 0.2454117620158328, 0.034957518258992626, 0.28351894571767944, 0.032153174815993224, 0.0621743371179575, -0.05021878153051107, 0.4279137602889356, 0.08939194779906068, -0.07809010924629467, 0.028497390907651465, -0.32005674830510955, 0.21034070062481103, 0.24477184500725468, 0.14476805657148117, -0.0711383235838241], [-0.1316057438430891, 0.022278068180136446, 0.15133379962010596, -0.24624986246250247, 1.0, -0.006230877339281848, 0.6199465187335066, -0.13239207703033973, 0.24057428316917084, 0.31482471194244366, 0.002317858068466405, -0.005919179509186856, 0.8834842266708002, -0.1001636996728914, -0.0802920838678216, 0.6620673397924085, -0.026956066424030478, 0.901428701963867, -0.2006845276504703, -0.010940790144990054, 0.5993852344268982, -0.006673894478961717, -0.10717083657953297, -0.034645169131257925, 0.06740646168002451, -0.042232774255142935, 0.021822103582737506, -0.1466587867613458, -0.028414286974644654, -0.14220969074787093, -0.023268391520146148, 0.7421936727107395, 0.09002971623156275, 0.7390747947902855, 0.024156139848170888, -0.0761576480068189, -0.3742971568380733, 7.366292570232247e-05, -0.230009537443288, 0.7591095665661227, -0.05126567108971747, 0.11714547322307534, -0.24289895501311154, 0.6569395258413022, -0.14949898819809881, -0.39076888809098387, 0.017090302357223974, -0.35093382146944485, -0.26479020601599434, -0.18769808766834117, -0.1034406409658426, 0.6351164760212819, 0.09577133572157392, 0.229175649726568, 0.013645762411513274, -0.046533193037667564, -0.16261273296005174, 0.058193791959948116, -0.10939282817151064, -0.015558532602141018, 0.038462574482566514, 0.18629840085261606, -0.08826827258365477, 0.08186197521545702, 0.8282744895950099, 0.28286488032142887, 0.3012243325753925, 0.33541410479754674, 0.30593410728187365, -0.2611403686523399, 0.2517414917075367, 0.2471495686538303, 0.4551192439660503, -0.32797557843803493, 0.091494258790496, 0.009668443110415148, -0.06846644078582864, 0.11381838601178584, -0.05567911409028259, 0.19078654774506743, -0.20729317728517072, -0.11735415071002375, 0.4118697731001746, -0.004817872304026416, -0.47816904571184526, -0.18503397851457937, 0.001271733093449079, -0.07628498285971341, -0.10601309621289112, -0.18302726479159048, -0.29147963228084084, -0.2122974662624839, 0.1495648066198384], [0.12748842968112006, 0.11062615648876029, 0.3472406848291836, 0.1698367463097068, -0.006230877339281848, 1.0, -0.13552556379384528, 0.015836368926816835, -0.17785653041309768, -0.024546260031796274, 0.2392658683485439, -0.02217650949024952, 0.0222471685366753, 0.028034155910825143, 0.02086219156079261, -0.039393178687285646, -0.04393382071017804, 0.012832586524206047, -0.017253134509780832, 0.03596295826212337, 0.004004009811454989, -0.010680444394373101, -0.020194490333802273, -0.1801724235133988, 0.01585538010870069, 0.13298344848001342, 0.017588608530814565, 0.0032873274994410506, 0.1613806593214676, 0.0634125228084288, -0.12010842399330057, -0.029148303068388115, 0.1957925111545067, -0.18891214194059724, -0.14358127483649574, 0.07034549107742072, -0.05700105086286067, -0.08735385041921195, -0.2683129904669679, -0.12951564573958763, -0.057677402353024876, -0.13285197005617277, -0.11544475792091191, -0.0740482904952462, -0.01775974896353172, -0.12616074262903254, 0.22290107879473697, 0.018379643701078918, 0.005171680197221473, 0.1097048138744966, 0.10865899442818705, -0.07953529503394119, 0.1296556489026257, 0.04892834371962751, 0.0008862813796908231, 0.11955086522523473, -0.2813665896435411, -0.31749154018105497, -0.12795577178464357, -0.21010898580738635, -0.14215174333401825, -0.1987368952550097, 0.1711851996621827, -0.12943638144750702, 0.008140506881382903, -0.06728782042921111, -0.12833772492919993, -0.06332008113182219, -0.47540453309786734, 0.1405488893760376, -0.21173456067194985, 0.13606910319238485, -0.11117255172714846, 0.05724015224408108, -0.3494817488802737, -0.20741916784801706, -0.17900365827331743, -0.010167166120798043, -0.11241795793584619, 0.005100938400070976, -0.11713830147067106, -0.21157258105958032, 0.1793790183226086, -0.06006573759938272, -0.05746243120373773, -0.10536355237437123, 0.024503538780860645, -0.17065105378444478, -0.08071847025491419, 0.1974200327634419, -0.10359212457175193, -0.2679307805532385, 0.04465921693399233], [0.05955005974429839, 0.2205983930383324, 0.2615303882125777, -0.02707935651769744, 0.6199465187335066, -0.13552556379384528, 1.0, 0.19785038318820747, 0.5005219380631997, 0.3510358740736469, 0.14752913272909263, -0.04192549607298024, 0.5813365752900446, -0.03978524535809713, 0.01880117492159561, 0.5042076419665957, -0.1339379392933231, 0.6482413785082474, -0.19143881077009528, -0.01903989598121414, 0.24446950232022568, -0.11306524097257586, 0.14569276138643783, -0.054932114464427695, -0.03980247507632617, -0.08573108932691609, 0.0016082342899382818, -0.13512372579449217, -0.29960819976314257, -0.09252705216355461, -0.24711932044802798, 0.5143506957264882, 0.03728270839903747, 0.50016234121281, 0.12088327070641003, 0.21714173668521708, -0.05930519956190716, 0.11627579696198764, -0.22027484962605048, 0.6313627311478774, 0.025299817872358688, 0.22113522995750634, -0.052993445572585784, 0.6251628323025553, -0.08834846445360278, -0.017934889440974544, -0.011619081776529372, -0.12048102907877767, -0.37156456639708946, -0.027589456204652807, -0.19952115364893475, 0.427923687214933, -0.035001418542504936, -0.018133644379211722, -0.13781042669473398, -0.07467601453055206, 0.16547050932877283, -0.21649756118790986, -0.2682716234477618, 0.09807513319303873, -0.2874187941474753, 0.050915545835448994, 0.16981616602340455, 0.1515186817436689, 0.5653635771810074, 0.05631170905532068, 0.34313893332706935, -0.04106289145218245, 0.464225693260663, 0.08570351098790652, 0.32976038490091497, 0.22804255803230655, 0.11965684474841831, -0.14314474156099855, 0.17791224211505063, -0.06488398370000414, 0.07823340245239185, 0.21390635135557057, 0.06241531760496666, 0.36604367616390665, -0.16354011179037764, -0.20465032489999269, 0.3330324633522328, 0.06830412601535496, -0.14142610385055687, -0.27040682024470475, -0.22532959747620973, 0.1332803972417297, -0.1725183030483488, -0.33079683239639057, -0.1382435475614303, -0.12410887535755322, -0.20706018209585886], [-0.004701117882067285, -0.011830200172446625, 0.19673714537115627, 0.3588404112919159, -0.13239207703033973, 0.015836368926816835, 0.19785038318820747, 1.0, 0.17411877656081753, 0.16705579264184944, -0.07235167968125533, 0.17969211412557096, -0.14030972799978425, 0.01939473351640042, 0.0076321477422043316, -0.023045805783713957, 0.06854337441477332, -0.12874415822858554, 0.06477938949237028, 0.07572122438161444, -0.24608566772028095, -0.041117315043091685, 0.004187972083669611, 0.08029675157748706, 0.020179983560775994, -0.02457827628201592, 0.015102851876372059, 0.00193095000543142, 0.04807240176551686, -0.004164598715516554, 0.0015826176737736564, -0.20659183804007064, -0.20010376739594382, -0.18787984702682103, -0.2281330376522115, -0.2576605403360095, 0.041464024828048784, -0.0016728013359679217, -0.2370520875242721, -0.09340504670222538, -0.1466833127045264, -0.08311935234895063, 0.021947201564920915, -0.10997074761207792, -0.06072368500753522, -0.05828169667497618, -0.21972000800081282, -0.06406684947535934, -0.1450737151242727, 0.059478989816146965, 0.0686127022259384, -0.09624098612292875, 0.21055725323317553, -0.12939709424559154, -0.018924730825808478, -0.0991090814735438, -0.0668174380827693, -0.3395358168786524, -0.11704888848371775, -0.1290953038981857, -0.019049839759228693, -0.026107433876349173, 0.26056503076179705, 0.12468920383432969, -0.19375228767399455, 0.09265684690220011, 0.12080842969895889, -0.38615075956428857, 0.2838404131383909, 0.4000177018281934, -0.25138506234146685, -0.09870235220500634, -0.23447050393256896, 0.019606174054488168, 0.2170918959098198, -0.12685521961925872, -0.10838347251506764, -0.29536079137513305, 0.12168056039157149, 0.258862451582081, -0.021482999210879372, -0.11059876529591794, -0.09719357130103567, -0.1753048017582839, 0.21337684300944426, -0.24049425561138005, -0.077236689054613, 0.10108018591713508, 0.004234026753561326, -0.18702294306943879, -0.012807230072771736, -0.2748839353971686, -0.00518065042384297], [-0.11326687772740662, -0.03559691024772316, 0.29863130074241884, 0.18143437933079398, 0.24057428316917084, -0.17785653041309768, 0.5005219380631997, 0.17411877656081753, 1.0, 0.5356672836453673, 0.09252591762695894, 0.14411587913806323, 0.2578395881804212, -0.028337706688999598, -0.08653101476178438, 0.4016907991916344, -0.008762315895355588, 0.342761426358942, 0.015754213162808117, -0.10457576024726323, 0.2571695834191008, 0.023188003298281856, 0.03819197656253348, -0.057298637793746776, -0.19566054675191658, -0.03328173703256576, -0.03593349455640449, -0.06162776970944339, -0.39733720941331896, -0.2897314189792013, -0.4042871351847306, 0.4074557377392096, -0.0019040296638981324, 0.4035892197934864, 0.03630137926540533, -0.059704670182195274, -0.11722532282654385, 0.1402722104152856, -0.2519967343287228, 0.2991352229290327, -0.24728089807796616, 0.19502734937364263, 0.09215354966774603, 0.2386251350941283, 0.17983057353971033, -0.2519835410672868, 0.03259083402745333, -0.36151841836598386, -0.18746753299517893, 0.019612565428965167, -0.2302501539221924, 0.4160672561815252, -0.02872416206859829, -0.2981130016398399, -0.09939181944360609, -0.05848258970966458, -0.13981064311305902, -0.21942448713516272, -0.2597444712998924, -0.21258727233221975, -0.31910953820928056, 0.005125875595454743, 0.0002838453113482853, 0.1750701484242474, 0.43170351844058474, 0.34248416101016776, 0.4537338759815597, -0.04252348634299441, 0.3519537465415924, 0.2644207734855394, 0.35437353186462006, 0.3997859292788708, 0.21576417673211945, -0.16178805216427894, 0.41331725175376377, 0.33913339740389326, 0.0034755495599099184, 0.1410936310991775, 0.4144530037945514, -0.13923931878344686, 0.1524897064642945, 0.24739979808861223, 0.3088732717533653, 0.022674250147678543, 0.11287980384139984, -0.0046477608196064946, 0.06848153090950315, 0.018357488454180615, -0.07478739873042928, 0.20484810531611242, 0.037498021366430434, 0.2175869520932594, -0.04432544236790115], [-0.13644079948699805, -0.09005300338517519, 0.3844762821157838, 0.17635253152915198, 0.31482471194244366, -0.024546260031796274, 0.3510358740736469, 0.16705579264184944, 0.5356672836453673, 1.0, 0.10948514177614932, 0.021849962603811668, 0.45039508644225335, 0.19183697520092724, -0.10432242329861019, 0.2513716432187524, -0.0209965350446355, 0.4733114449551197, 0.2220362680391097, -0.1497171018674328, 0.40311134343641486, -0.19040802091528675, -0.2691805608073057, 0.20960744483270022, -0.10258644840270059, -0.14484645982534272, 0.05046758162827003, -0.14923505911090995, -0.11715111274007994, -0.14074639408114797, -0.19242529582463197, 0.28032085304792376, 0.16029650558052388, 0.255880878647214, 0.24555789607170353, 0.058928405242861914, -0.17018211637740577, 0.3560651865123282, -0.11399854461727865, 0.17705618161841152, 0.008826484506629595, 0.4224592522555698, 0.196582833098762, 0.23065826280204482, -0.1821847337885727, -0.251827438181365, 0.36961810676647144, -0.2563656756768089, 0.029164724704670797, 0.043229775210606225, 0.06884388464145808, 0.25592106829476824, -0.007126304449585508, -0.16428674175941915, -0.18481434564665955, -0.35225760822781105, -0.41798149692577713, -0.40958075425043683, -0.17270699303044257, -0.27552511930636014, -0.3796466663408191, -0.2691600517528894, -0.04098801562042653, 0.29452668767042556, 0.39160643128682304, 0.31772555123557755, 0.6814407503225857, -0.034000987111223235, 0.41161912990886784, -0.01922898741431678, 0.4253939403971926, 0.5826288855232346, 0.2562557069512932, -0.18174971261687167, 0.6014465585531173, -0.01090273894021454, 0.09256352056034156, 0.2121093343879895, 0.27839482411965444, -0.2098626947171951, 0.10324738133771705, 0.36615719355650445, 0.4846138666481651, 0.03230700755612814, -0.15664202531774718, 0.3232081362038919, -0.048550043154923506, 0.14548887374295127, -0.13525842592248938, 0.03862307307178203, -0.0070913549301288015, 0.19172701666088043, 0.15604339362361863], [0.13593793479913496, 0.11146905451130817, 0.24597822664953584, 0.00919384435442705, 0.002317858068466405, 0.2392658683485439, 0.14752913272909263, -0.07235167968125533, 0.09252591762695894, 0.10948514177614932, 1.0, 0.22889284555326928, -0.08130720793591184, -0.0619581214653937, -0.02156384603733441, 0.17359636607605533, 0.023475278139467592, -0.009483875481183013, -0.042768824698608654, -0.003623341820435222, -0.10939983418424104, 0.010772802776809809, -0.020856046768237713, 0.01889255960807723, -0.11359640765131052, -0.043948450791297944, 0.026810997057206687, -0.08942776705369027, -0.07147926244057223, -0.11187722930815869, 0.1271632758048542, -0.09591287219860911, -0.050758210746899124, -0.11999505892046192, -0.3078660673316458, 0.23512986820421067, -0.1074430194708551, -0.20125361707130596, -0.12716485091817598, -0.06766773690241701, -0.2418431968011765, -0.09101410437215862, -0.13833251410587422, -0.034324788873312695, -0.1197036641233915, -0.01596413869650437, 0.1605081972414032, 0.07170093372713293, -0.1850125364886035, -0.18793851772564696, -0.03579901391364504, -0.04340080889919329, -0.05004282721180919, -0.06954056356510852, 0.018046391606708956, -0.19676758274063544, 0.022849634797567298, -0.004566432113801477, 0.0014032090450627477, 0.15758517321524512, -0.2243149204012096, -0.04318056542314719, 0.21854028140128157, 0.009478801009117022, 0.06203603385144241, -0.2745755562165051, -0.15067029290089073, -0.20659181605426458, -0.2785305384452801, 0.20240366069792504, 0.19117594382169123, 0.14477308636671837, -0.32195097298486997, -0.03091800190221239, -0.1403014375245697, -0.24131303096014767, -0.12495453769505405, 0.3857924293485696, -0.09642708642361186, 0.14525717801607152, 0.153136276970391, 0.13006898099717823, -0.030332219646214353, -0.2540102362095573, 0.1404696490301618, 0.11207099806730425, 0.07030144638446445, -0.04023412773957569, -0.0006461639189814239, -0.09417412626423571, -0.23030295011778001, 0.20171146545954566, -0.33921122956923], [0.0037288666687156358, 0.11104042675386527, -0.04901965844905609, -0.3181464436306396, -0.005919179509186856, -0.02217650949024952, -0.04192549607298024, 0.17969211412557096, 0.14411587913806323, 0.021849962603811668, 0.22889284555326928, 1.0, -0.15528236269606288, -0.18540406318250202, 0.046659035448338826, 0.13366244364734436, -0.0021960802703857585, -0.08154616257071856, -0.21735273388818444, 0.005563624692394131, -0.12777975193118785, -0.04260207562546636, 0.023846583067849814, -0.0113023471295437, -0.054510192440456295, 0.0888064518675673, 0.015138813944604923, 0.03254366794517094, 0.1412238546600979, 0.044459913490473846, 0.06629324394901615, -0.010578906547632494, 0.026771699853515574, -0.025860456289209743, -0.027465400926750094, 0.07101238284096201, 0.30005756159856056, 0.0838521057451701, -0.1639584120039288, -0.10694977186292665, -0.3637110377310795, -0.2635023989668932, 0.08428424846825755, -0.24673379632843617, 0.06402277460228656, -0.20568439655544069, -0.17590665799769245, 0.01473534334706017, 0.15288896659988693, -0.28208669960477795, -0.04662691978157962, 0.12930555879895222, 0.07977903110422668, 0.1752937415695619, -0.03369503106294869, 0.018699389552535806, -0.21674478556989563, -0.034339069236916764, -0.07806406944930577, -0.040359120522190706, -0.12559362218485437, -0.053428188464004656, -0.16647906031091275, -0.09162164698936648, -0.06603325277162164, -0.14984487046439932, -0.10663749709722325, -0.09186219867829415, -0.029836069401889764, -0.07521306048900689, -0.1970423804547181, -0.25577110755480303, -0.2547214200998129, -0.10172085735817649, 0.054028871188766314, 0.0012932456911213253, -0.1731950067586323, -0.23081384847900877, -0.18950834924666604, -0.08331510466611314, -0.03444151836755571, 0.17824063909986976, 0.1309840711627306, 0.19748532175324207, 0.0009451213863945762, -0.05065840518875264, -0.010505543625682234, 0.04730175909210921, -0.07742162344735526, -0.0887198292087017, 0.19647267354568698, 0.03225858810615467, -0.08740579396168124], [-0.07740067499656167, -0.0024231180358817994, 0.32637314294730846, -0.26786553971720406, 0.8834842266708002, 0.0222471685366753, 0.5813365752900446, -0.14030972799978425, 0.2578395881804212, 0.45039508644225335, -0.08130720793591184, -0.15528236269606288, 1.0, -0.029457358369494147, -0.16833879562022314, 0.6807533487335677, 0.031097251242237722, 0.8696312332223861, -0.1473843504997583, -0.13961709044179726, 0.6122887448952276, -0.05764161436298676, -0.1026744264340822, 0.03724710209308191, -0.029592278453683063, -0.20678572599646317, -0.16890281362877224, -0.1883874371586074, -0.051720464231859165, -0.08543012763696334, -0.1207677198502346, 0.7458710759061957, 0.16500108771809652, 0.7573592783436245, 0.1464184497401495, -0.07536333208664492, -0.35549551507168564, 0.08046734123616106, -0.22170736638285815, 0.7682549344884284, 0.11623097576705343, 0.26455389363450843, -0.11992002119286549, 0.7156416729114381, -0.16108357705302745, -0.2911750743007362, 0.143912784013839, -0.239387464151664, -0.12618144920272156, -0.0696905290555927, -0.20720332584588608, 0.5421297442289519, 0.049913108731514, 0.1624878879493563, -0.06789026740267468, -0.1204890641473797, -0.28625171995400756, -0.11910264524587433, -0.1832182514981997, -0.2767137300400422, -0.008341880908855348, 0.04823263246946641, -0.1312458972014614, 0.2891884559513431, 0.8708242590086194, 0.4189963075021008, 0.4209650800429845, 0.4630356938071776, 0.4248860235232361, -0.16164277231858382, 0.3870566704722107, 0.3792921848748856, 0.6312597362715834, -0.1844453687248564, 0.2341589334271057, 0.04006856875140019, 0.04308745635015476, 0.2054780644037162, 0.05293807125611538, 0.19926167656214788, -0.23945228074304858, 0.017426902687907253, 0.4946715523947489, 0.020757907116695673, -0.4934440053428908, 0.004540238904458982, 0.10073933020809267, -0.09292386120075591, -0.021526232926552202, -0.13335970795411134, -0.27286274714294634, -0.16905000734873776, 0.2605758314042743], [0.07227456251819453, -0.09638152995402716, -0.3260948178667462, 0.09207171618647925, -0.1001636996728914, 0.028034155910825143, -0.03978524535809713, 0.01939473351640042, -0.028337706688999598, 0.19183697520092724, -0.0619581214653937, -0.18540406318250202, -0.029457358369494147, 1.0, 0.013055216633404587, -0.07557111441665754, 0.03322026829086322, -0.12353153524684668, 0.22353211406564022, 0.1103714349387962, -0.273368533972268, -0.017696790200079526, -0.01752603441342515, 0.15288830249889718, 0.05607242718604277, 0.049703638027808306, 0.03718671363113102, -0.017742735162937784, -0.08625397678810631, 0.0061523193869186255, 0.09630427648260864, -0.2559098733133309, 0.08586587259553691, -0.0010541517650723975, 0.19168999082933735, -0.0053076397236080375, 0.2144728001810865, 0.0065503664844809295, 0.031752298346203967, -0.16068760420731376, 0.1394888404396396, -0.11737636373409521, 0.25185708755256897, -0.1047136640187436, 0.05464256320268834, -0.2957868353912283, -0.3061337053847162, -0.2574004093909339, 0.17347106986986005, -0.1009715628632919, 0.021889017582322534, -0.18619062844362366, 0.14031491742089597, -0.24211922169866495, -0.08636536078255963, 0.032018744841394664, -0.1577178059182862, 0.0629310659157889, -0.056845020559933346, -0.1174445855366637, -0.15804898215273822, 0.1268197109386877, -0.10446210136494605, 0.3436807846442387, -0.04387583847824583, 0.023999901982010408, 0.08399065488023916, -0.0034507997412451807, -0.07424371694350018, 0.0078059227741799075, -0.22474906063802802, 0.14430793110697626, -0.29694032281357696, 0.13178559881776775, 0.16401751580461732, -0.2606795497637362, -0.0675060124932132, -0.2173461344164882, 0.5293535401553707, -0.14233197510676332, -0.1604518481428847, 0.1443293015703675, -0.11587214636516174, -0.07727342328083031, -0.39387974724327623, 0.0001302477677606051, 0.32324241190652603, 0.09568719403076087, -0.04457705733508521, -0.13380324465943083, -0.1299709827513018, 0.23932628040577364, -0.23081878759557428], [-0.022285286709128993, -0.02709568739488266, -0.21253353557053845, -0.01689651530159475, -0.0802920838678216, 0.02086219156079261, 0.01880117492159561, 0.0076321477422043316, -0.08653101476178438, -0.10432242329861019, -0.02156384603733441, 0.046659035448338826, -0.16833879562022314, 0.013055216633404587, 1.0, -0.07905028148917714, 0.026008702738183453, -0.12941858533626993, -0.031770225396455354, 0.053553579412399355, -0.20251675436116878, 0.015443468760319878, 0.03965810006107484, -0.03128992101824979, -0.016954554037899028, -0.012191080596916315, 0.05310643453422781, 0.017413145051696555, 0.04472878104104805, -0.011007526011280522, -0.09109605986601599, -0.042327335431677326, -0.11253464963988136, -0.17416173528435586, -0.14247912912215543, 0.040831893237430195, -0.0720876523887779, -0.10339309736171054, -0.26056351221849616, -0.02769058539169089, -0.0837645726023235, -0.10156973733410113, -0.1947548091543414, -0.08263690785733102, -0.052249135716916584, 0.07836327737840776, -0.07328812421721542, 0.0021401000974674567, -0.022460893827496387, -0.18114850340721156, -0.06239872209896635, -0.14076674428451774, -0.18514379661371172, 0.03822868557593784, -0.012697672076413369, -0.02725571673634497, 0.17667867703967965, 0.030167965163680477, 0.012689366608257369, 0.07951348497473854, -0.012245319152196954, -0.13478710202836153, 0.023415330330842088, -0.07276535609326973, -0.17613840910290457, -0.12450761008869238, -0.06641299001119494, -0.07141567096917889, -0.12554626025934335, -0.0024610048169191323, -0.18029293890184372, -0.2933045154688816, -0.28697421481896357, -0.021337784411945337, -0.1473894547835377, -0.06679055073249196, 0.028824446507957235, -0.16876304066155967, -0.0745444360406684, 0.042574358095429865, 0.06109696252152774, -0.038621589970488035, 0.01614539333542142, 0.1802970477471646, 0.07351956667281434, -0.10585953475678189, -0.05370333726776, -0.025813649044727605, -0.011717532610201697, -0.05134397044395689, 0.08661154958957706, -0.045098820228264946, 0.006759845116255714], [-0.15794759938474145, -0.06554506555201245, 0.2698795924761157, -0.3454195992674127, 0.6620673397924085, -0.039393178687285646, 0.5042076419665957, -0.023045805783713957, 0.4016907991916344, 0.2513716432187524, 0.17359636607605533, 0.13366244364734436, 0.6807533487335677, -0.07557111441665754, -0.07905028148917714, 1.0, -0.02383874992100332, 0.6430294431184883, -0.02757266315950191, -0.26089491615056337, 0.3523929230289702, -0.041165707348499, -0.032289924042238516, -0.20990607880958168, -0.02242117518937503, -0.31856335127772284, -0.2609392862464981, -0.134603224364501, -0.07779654460429097, -0.13295476430486564, -0.127125444316754, 0.6422844128801273, 0.11439845084454581, 0.6610988215827021, -0.0605738525906836, -0.12334317378956117, -0.20259369689738382, -0.14974686434468576, -0.2762549391091915, 0.6327911841819185, -0.261609119929068, 0.08415695053896344, 0.06503791098343625, 0.580902312846115, -0.12682944253760642, -0.29409336755808413, 0.10410964727177274, -0.300448939485626, -0.03228579494006967, -0.02554093640113564, -0.247415005305202, 0.5717124862279734, 0.09810364186100695, 0.21603896974742798, 0.014187265737744092, 0.07877585450064517, -0.16916898984828554, 0.08487780294115577, 0.17187190750008308, -0.09494909353589076, -0.179501191662081, 0.3673204319379849, 0.0022006316715816876, 0.12629589357475135, 0.7234105269004351, 0.3710000448447188, 0.1780485730824608, 0.30951863064383733, 0.32300116638974263, -0.038550848313466224, 0.2501822959494896, 0.05309656322974421, 0.39722369715071626, -0.1889266259093434, 0.2066076339817331, 0.2615819236272061, 0.03855849775441733, 0.18334293804523027, -0.023940174753400045, 0.04593255765123072, -0.19035311421093426, 0.18687205365915116, 0.27494475267393814, -0.2550932363401397, -0.43342619777315927, -0.12600522551439708, 0.2791401035934227, 0.040091193868833974, 0.1673596515750586, -0.09810111600608207, -0.4152450737240847, -0.1828887090205602, -0.004388461237834207], [-0.03747689434498258, -0.0679357209601581, -0.038458899877357844, -0.10161797270424966, -0.026956066424030478, -0.04393382071017804, -0.1339379392933231, 0.06854337441477332, -0.008762315895355588, -0.0209965350446355, 0.023475278139467592, -0.0021960802703857585, 0.031097251242237722, 0.03322026829086322, 0.026008702738183453, -0.02383874992100332, 1.0, -0.07674674515242685, 0.033753730011193195, 0.02385843920213082, -0.0705710992950892, 0.020960507568090203, -0.02846369982748831, 0.0011346771974141134, -0.025975365499923964, -0.02363157844044017, -0.0003222491691723395, -0.004805356631795377, -0.04276207341409055, 0.006924598316032982, -0.0073253671706168255, -0.054525409656299484, -0.11375272437286976, -0.06305195967005872, 0.03291724418372799, -0.04340091705023985, -0.06815279868718993, 0.015411432740713327, -0.01183599419552861, -0.0725365585276283, -0.04138272994912073, -0.12114332226347568, -0.083821020048928, -0.06639442735781187, -0.013037348952007033, -0.06356134354211629, -0.06504871079162289, -0.02213930828567312, -0.12328071334605362, -0.060817144135770995, -0.09103165872686869, -0.06259173812079699, -0.044832779824386826, 0.0034089119854288086, 0.0206870274722859, -0.06791082673152515, -0.059604921506358544, -0.0014933866601534174, 0.10769402921006754, -0.053929589277473156, 0.02488698867874717, 0.04723758055024452, -0.12430971853411199, -0.21942735587655582, -0.09208617909103967, -0.1189579820350195, 0.028270036749335592, 0.15188806200549154, -0.2429009262374422, -0.021230661571321585, -0.006416296087771833, 0.15831791328635414, 0.14987905934431645, 0.016855216765851333, -0.11064692638501361, -0.0504112316272296, 0.018072339396835058, -0.2694437718974896, -0.09268789786465237, -0.1872136072094548, -0.05028681717409911, 0.02109017697650828, -0.17399100477764695, -0.13272302992888774, 0.01752783388170187, -0.11065928810376846, -0.007755323618040766, -0.05215797621244467, 0.013455208417181064, 0.0029660331643309723, -0.08218761847955114, -0.12647599362307238, -0.01266019386079642], [-0.1077053310205569, 0.05406901917706397, 0.33865985687880196, -0.15526136612559882, 0.901428701963867, 0.012832586524206047, 0.6482413785082474, -0.12874415822858554, 0.342761426358942, 0.4733114449551197, -0.009483875481183013, -0.08154616257071856, 0.8696312332223861, -0.12353153524684668, -0.12941858533626993, 0.6430294431184883, -0.07674674515242685, 1.0, -0.1699688827301573, -0.08806217261870763, 0.7077191104390145, -0.19737837376032275, -0.18342920029833976, -0.02388126442469618, 0.031247020730381325, -0.11732477327813884, -0.059971627818543594, -0.011272613882562066, -0.11397141318458814, -0.20606395142912248, -0.169667804068669, 0.7674030246777924, 0.02680298659401592, 0.6970470959353179, 0.03214487762680196, 0.0003797872698991789, -0.3700614070422781, 0.021436354934039947, -0.30401005394375913, 0.7417203800425458, -0.07136058447576588, 0.27291164018981817, -0.1999064299555695, 0.6923947108788112, -0.24993054330114073, -0.3267078987668157, 0.19203862192618104, -0.2969955474873349, -0.28109831097847504, -0.08568933823182179, -0.041200150097803645, 0.7253332093677755, 0.06520063784644914, 0.1775852078062664, -0.016180968274371876, 0.025434913428574846, -0.10475607843590651, -0.07071842531158601, -0.12387735348129292, -0.04828409656770116, -0.10858067452110642, 0.17339323167738008, -0.17152824936226785, 0.037335764437609886, 0.8465122723834559, 0.25504840882585444, 0.3617570369707145, 0.20018406219043117, 0.3743240243837491, -0.16160231768853195, 0.3305027922747735, 0.3773088913228573, 0.46803288859775094, -0.19143598447139465, 0.15099335417475745, 0.0038800265300060754, -0.04260072555011596, 0.21598961026766572, -0.03525748010860097, 0.15388645800300949, -0.12024207110558294, 0.010576227409423544, 0.6279960120298751, 0.010966424086593096, -0.40182944252822295, -0.06001711674165544, -0.018499439461271416, 0.029362361478774024, -0.1226619669389426, -0.10283555012337486, -0.13178821900544735, -0.10103537393093509, 0.2852151988163836], [-0.03040341748361408, 0.06810264412153177, 0.15513777206261425, 0.40005007892356015, -0.2006845276504703, -0.017253134509780832, -0.19143881077009528, 0.06477938949237028, 0.015754213162808117, 0.2220362680391097, -0.042768824698608654, -0.21735273388818444, -0.1473843504997583, 0.22353211406564022, -0.031770225396455354, -0.02757266315950191, 0.033753730011193195, -0.1699688827301573, 1.0, -0.100992091564992, -0.12588715377055815, 0.00858393975908911, 0.06144923476552633, -0.1248347888841781, 0.04293783845881638, -0.0325810893485301, 0.029228689888902037, 0.05758934767659929, 0.17489693836452425, -0.008635094962767154, -0.17652703672409698, -0.4541275757503558, -0.04566521726870443, -0.2271646944343848, -0.08328908586182093, -0.06104321026831094, -0.09031565645205974, -0.055685594518776416, 0.27222114503321093, -0.41911358420918887, -0.16721972710168487, 0.0546533045570925, 0.12849369883736783, -0.25830994013702213, -0.09712089346245945, -0.11343279174349075, 0.25973022277407853, -0.10116082370638968, 0.15079308411550185, 0.036797635486849445, -0.021760583633785746, -0.15879782521086527, -0.1113559531163264, -0.389494348784422, 0.005045862460696049, -0.12850347842049992, -0.05276154214436568, -0.04470384392010973, 0.25676127528374426, -0.04984908479337746, -0.003927395681098567, 0.13462673609426656, 0.04194789646916919, 0.07718603228273757, -0.27193771221811813, 0.3156757248629962, 0.22907707648190045, -0.05569166571579731, 0.01340179554466081, -0.16494323589926108, 0.1999279924852635, 0.05485863285427506, 0.03412244097828543, -0.3079039931383518, 0.3237028166165673, 0.02741990141729389, 0.22590015030898303, 0.031182264166087825, 0.11077136247265307, -0.1657112917135366, 0.24906662254326462, 0.4461181698656549, -0.11514608679520832, -0.14636926854493537, -0.09329842031433566, 0.2807896964933243, 0.15154245520016607, -0.03954610511760359, -0.13679196987672793, -0.19402853605049764, 0.03237596486760608, -0.12645396837236378, -0.05488007270886963], [0.022676555760075323, -0.050313678040653675, -0.33033526884622555, 0.08635700166355798, -0.010940790144990054, 0.03596295826212337, -0.01903989598121414, 0.07572122438161444, -0.10457576024726323, -0.1497171018674328, -0.003623341820435222, 0.005563624692394131, -0.13961709044179726, 0.1103714349387962, 0.053553579412399355, -0.26089491615056337, 0.02385843920213082, -0.08806217261870763, -0.100992091564992, 1.0, -0.09753265455928184, 0.020653171632847522, 0.13456100093450107, -0.02836561220854361, 0.060892551364332914, 0.10998781869831364, 0.07299413196846727, 0.10079962039987667, 0.0840683442970871, 0.08422754016998302, -0.0890155223345308, -0.25583860658650526, -0.2803626153259702, -0.27734214450432493, -0.15013627442611144, -0.15997476373022002, -0.018299757666399463, -0.04186873021151816, 0.0348535612416071, -0.2706670801533033, -0.21826321215695232, -0.07950254435170168, -0.140061591398138, -0.3468122925482766, -0.10516170961233806, -0.1753046865123098, -0.18291107510079607, -0.04951072577038196, -0.16759437447043624, -0.10514993540577078, 0.0952942736601432, -0.1931930934992483, 0.04697989529429425, -0.07154958316618942, -0.0012571255413817983, -0.11471856037796924, 0.04887191844862815, 0.022595702983233323, -0.10779024048194685, 0.12716292437275523, -0.014891987224128433, -0.055056799005342105, -0.06189444220930396, -0.066064803748215, -0.0786119770161735, -0.18848248968117254, -0.17262904474818197, -0.10800553256782819, -0.17061068575914118, 0.07075455366905448, -0.11072550181083751, 0.03209223051166443, -0.1448366467411668, 0.00019550043469629408, -0.052966105785119844, -0.07826907373194558, 0.10007241375419662, 0.03363444008863725, 0.029898146631973654, 0.10501265815818739, -0.09357689354064647, -0.1815749335784287, -0.0005750367105241683, 0.013025939438906065, 0.11168444811373357, 0.0061458488699737135, -0.09975308040034814, -0.07426462264505607, -0.01439597420508898, -0.023176703650549246, 0.01030046107673721, -0.0681529211570362, -0.14296686329033026], [-0.18322488954834282, -0.03423639599837491, 0.29915770220933635, 0.1504807552689087, 0.5993852344268982, 0.004004009811454989, 0.24446950232022568, -0.24608566772028095, 0.2571695834191008, 0.40311134343641486, -0.10939983418424104, -0.1277797519311878