"[[1.0, 0.332580680328314, 0.41652512602134495, 0.23808774111408404, 0.21072685204113528, 0.2416205596385117, 0.46030452376525577, 0.18874778793508107, 0.3815070674641472, 0.4167207832574289, 0.4366999442730659, 0.24357100251321828, 0.35013807807699227, 0.29435006376148065, 0.1501798324988055, 0.37136837460952754, 0.12747337717303253, 0.2813189629377373, 0.22259275294965186, 0.2154188316302328, 0.30420208137428006, 0.1386827312256531, 0.22641288245034064, 0.23875260683419586, 0.1930544670399671, 0.18128132618436443, 0.16107657459279867, 0.18580504066192705, 0.23117457306147293, 0.25350256857646203, 0.23515010936116454, 0.3241329371355377, 0.42890329673524863, 0.34562253903261175, 0.4249547187877549, 0.5009988277867645, 0.4084957465392671, 0.3874383914802648, 0.4022381381280574, 0.376652476580174, 0.40966376135987437, 0.4454484819692096, 0.4136094630342043, 0.4099969185097705, 0.3666645506825581, 0.48306992550039773, 0.44786883841947567, 0.232475375794998, 0.18679253616974723, 0.29555708785689916, 0.25133889730560044, 0.35662630009540286, 0.31618725258092883, 0.36754577549559864, 0.13985749842976114, 0.005880966849677094, 0.32308858453262834, 0.2567967368427434, 0.23449437196628697, 0.4463567230560159, 0.16450871692180002, 0.3466669075372606, 0.2257497143272461, 0.46076441894000464, 0.33312170372229977, 0.3162016269664292, 0.3069508564016803, 0.3328823344737124, 0.3865621672781627, 0.4034607608013707, 0.34339123983475506, 0.4159141513706345, 0.313307895997434, 0.15712339947533782, 0.353822218358393, 0.285928233835532, 0.2988283328529572, 0.3287202816090089, 0.37178369562325275, 0.4796122089134254, 0.43141718330865575, 0.38629446106704024, 0.3539742354427038, 0.36919699548377505, 0.2804945404000727, 0.3764077735716074, 0.23997686303071342, 0.2915943120459673, 0.1714131910548965, 0.17999207564323005, 0.36210072599797416, 0.3681678424071254, 0.33535753458741036], [0.332580680328314, 1.0, 0.46677212332460694, 0.45231154891796765, 0.2949319747611626, 0.40713990696273095, 0.4953035521234628, 0.1399695468416251, 0.47904859570436753, 0.43308510392639854, 0.3677735253638623, 0.46977326483787274, 0.3539091479754035, 0.28237785998290144, 0.15083211301151245, 0.40308912168278366, 0.10952274649508831, 0.33085270481396467, 0.4415845600150663, 0.1498307280216804, 0.34918644794894327, 0.14474034307303862, 0.3104167446247066, 0.24866804791080566, 0.25236645275860137, 0.16805363248979077, 0.23684548181745324, 0.2098320346623057, 0.2302343244053846, 0.32499570617263274, 0.11915864266998133, 0.2551357447609872, 0.4497372624470948, 0.40025689593923597, 0.38806708269141643, 0.39092958582785875, 0.5815203977132071, 0.4848044782329479, 0.3277020223589646, 0.2542693076547291, 0.33944201239783334, 0.3983910007662572, 0.484488248937589, 0.25357700692718244, 0.1277781311936006, 0.30585032765607834, 0.4057043584498171, 0.2190805596907499, 0.4357609042246715, 0.4295532332716784, 0.2793266726324677, 0.43836954153711727, 0.4202578422733485, 0.35955589697656176, 0.13997689700783067, 0.3433134706354448, 0.39585130361184984, 0.10748015241406317, 0.19747182908875915, 0.40038202931201594, 0.3584487072827858, 0.18293132036703608, 0.30589283122907085, 0.4306328413392313, 0.3738693422756769, 0.37112178945495844, 0.3539826800056598, 0.3888559713727957, 0.4101292456286738, 0.33378192325252465, 0.4086056233521159, 0.3880779338653897, 0.352404128512841, 0.2978008086774855, 0.4536279890994801, 0.20714608479036734, 0.403666558648897, 0.5045407464921149, 0.5003793665750808, 0.42687526612236626, 0.32779266737354273, 0.3546609607548661, 0.48231456696484476, 0.3888144859677326, 0.3591551101987178, 0.36597079249028874, 0.2731268252413813, 0.13121005929737573, 0.1877369743775711, 0.22612843767451407, 0.6207235811917696, 0.45083326963855885, 0.18014744322581988], [0.41652512602134495, 0.46677212332460694, 1.0, 0.800934337892934, 0.7278911922879833, 0.5324364572651394, 0.8527869331934524, 0.5705174184985249, 0.8784977819542987, 0.9014162735500215, 0.5186533011560961, 0.4687005780594884, 0.8328171709034871, 0.3569633450883323, 0.2022226469078503, 0.8271259256480199, 0.2536914431205044, 0.8136832846877639, 0.578493915399398, 0.24668765905224166, 0.8686534375082663, 0.2770596018392866, 0.3124325394141656, 0.34963428824822884, 0.3412670153252163, 0.2771816637864881, 0.26591517318038593, 0.2917062190059655, 0.2892055448624563, 0.41806083062707966, 0.3159348708239984, 0.8347249267605243, 0.8079253245452312, 0.8352789013189985, 0.7864603650192462, 0.7692645944426907, 0.5944476255071599, 0.8187343247327477, 0.6543427637025866, 0.7826406887653781, 0.7317526923982486, 0.8666355039961842, 0.7270267398374815, 0.8188967203497136, 0.5244709204406072, 0.6991903282296532, 0.7959429876258771, 0.465353458013567, 0.5579934930852519, 0.7431565419422141, 0.5600816189310178, 0.8478188970247599, 0.6001542757174779, 0.5781469255168931, 0.28380788867783935, 0.5327397010146764, 0.426993685399766, 0.469314260562665, 0.4326153671891486, 0.4917859674103864, 0.3529861129916396, 0.49500792165688445, 0.4195354849793369, 0.8664903550433758, 0.8118863720216294, 0.8090128181913125, 0.8749848423170633, 0.7029533734597445, 0.8806100666535119, 0.7823596188932497, 0.8817921376560155, 0.9120764482206045, 0.836281152459834, 0.3035725642914159, 0.8064744085891403, 0.4626634565507888, 0.6699300186687923, 0.7711480666750387, 0.7575584766859637, 0.6951886111948297, 0.6643615037534123, 0.8340646122662995, 0.8730869789720132, 0.684100392948454, 0.7000075608161345, 0.7865057260264974, 0.5624594224384872, 0.44526376671145385, 0.31442159041516937, 0.49050666666879095, 0.5326469467752696, 0.7677224107531769, 0.5846789697874708], [0.23808774111408404, 0.45231154891796765, 0.800934337892934, 1.0, 0.5727044780958986, 0.6158675793634686, 0.6727413652363826, 0.46028841023798417, 0.7379008417907875, 0.7882717775584411, 0.4196937160662395, 0.20117344491145273, 0.6159151590194967, 0.42865099895600856, 0.26434570853810246, 0.592705412815644, 0.22803579937755303, 0.6242042351202435, 0.627093457247068, 0.3444760351753371, 0.7292350062892278, 0.3103339613941467, 0.2965093226765715, 0.36297458793210613, 0.2771269692651719, 0.31405419913107613, 0.21251023042899897, 0.3159767458530156, 0.3176384638667338, 0.3024005954230484, 0.4193803803338878, 0.6146205368320993, 0.7441289264890311, 0.670886499326581, 0.649597844964076, 0.6608475603300002, 0.5290020583381267, 0.7333394088527257, 0.5664023080319242, 0.5581349689007239, 0.685724110009034, 0.7152277706521358, 0.6011554676873567, 0.6061641411022849, 0.5735650739837385, 0.6043028838933509, 0.7462528092887623, 0.3021049813512665, 0.50068123472368, 0.6664915984019676, 0.7203907258004694, 0.6967311994707753, 0.6242048005540523, 0.45033924872402, 0.23285147102164272, 0.5450020740750574, 0.5274376416037845, 0.39741139125284963, 0.41824967387006284, 0.5315379450402425, 0.3940853893866474, 0.3376918632841641, 0.5713920811109232, 0.7311442115107574, 0.6005890596130754, 0.6032403104621541, 0.7570449274911728, 0.5080523504062506, 0.7117566301842649, 0.6569865521101313, 0.7350646801153722, 0.7942430600155027, 0.6251645506421438, 0.29977695147784933, 0.669738469158591, 0.2457714201690665, 0.5472495797148923, 0.6915616887045115, 0.7012831517319195, 0.5381916023198611, 0.7117405971810965, 0.6726169970404324, 0.7726933200049786, 0.6256517990332939, 0.6597498102127864, 0.6602154621779155, 0.45883418008336907, 0.347208644457469, 0.28821645155008113, 0.42681666810494057, 0.4918348175190934, 0.7456558420617718, 0.43269424631492615], [0.21072685204113528, 0.2949319747611626, 0.7278911922879833, 0.5727044780958986, 1.0, 0.4298330156957677, 0.8513630072702156, 0.30645025954718474, 0.7812059657320467, 0.7814016845962831, 0.4362085974589097, 0.4034909064518033, 0.9281516012972291, 0.36745658630070754, 0.18314026643475445, 0.8669404251537943, 0.23022775782904492, 0.9504917829174059, 0.3938610395291424, 0.2714815560009194, 0.8518174682857251, 0.310616672401238, 0.27020225551905974, 0.37619183492194663, 0.30661909518042463, 0.2596062236624175, 0.316946981415252, 0.1852753270971691, 0.23222341551226122, 0.26919467976072864, 0.3937567654907064, 0.891967862594842, 0.6767842442932526, 0.8838727550306414, 0.6369071657556108, 0.6450942303729978, 0.4216792411126644, 0.6861151975550943, 0.5288317962612815, 0.9080299358695936, 0.5623315029717287, 0.7257359362086809, 0.5258586432022161, 0.8592138469739632, 0.334382768086964, 0.5156484282014338, 0.6237020850702565, 0.19105832067018014, 0.45666140565215907, 0.5327099798239527, 0.474781640622596, 0.874874778417082, 0.7247156495917215, 0.5995170667184967, 0.2719678094364153, 0.4650689521694995, 0.3686229024976502, 0.5394438659437668, 0.36405005947519187, 0.5420169170511553, 0.438841061650208, 0.4838450436098778, 0.4252320765264821, 0.7742360924249028, 0.9362456939478391, 0.7400628567939679, 0.7751870334245134, 0.6882912347339186, 0.7640110120924963, 0.6087738220074594, 0.72854264774079, 0.7472746899304705, 0.743095963487306, 0.2184230802995799, 0.6756268202842177, 0.37916210327009303, 0.5745247950892307, 0.6615994946722854, 0.5911703901570707, 0.7020035657021526, 0.31324463006279635, 0.6500755278926391, 0.8223430414069871, 0.5446239135144572, 0.3966522527777385, 0.5009483011080194, 0.56772013906618, 0.3001613563228911, 0.27553132370621536, 0.2281570549975016, 0.38741720123414747, 0.6084289399363062, 0.5696792397049232], [0.2416205596385117, 0.40713990696273095, 0.5324364572651394, 0.6158675793634686, 0.4298330156957677, 1.0, 0.4346140412576718, 0.32459013753100274, 0.405602714113799, 0.4896577320155514, 0.40271793863582084, 0.23611597010889485, 0.4166591055166031, 0.19947952001854152, 0.158141749646723, 0.4124641330799773, 0.14802099287870307, 0.47483052053613506, 0.1009576870308192, 0.2718736514091922, 0.49221745246495674, 0.2285415258854807, 0.18450558778659, 0.15571232267314739, 0.20208547581538572, 0.2902517619791549, 0.2150352323895941, 0.18723853909666488, 0.339432519203961, 0.23824735082121962, 0.11379230707825272, 0.46138731465827154, 0.48251249141814634, 0.40249987802819853, 0.38912193600155165, 0.5224968198636856, 0.4535193667518572, 0.43701903137123077, 0.32092583106484973, 0.406529644891385, 0.40656201661706826, 0.435637457539124, 0.38013629390019377, 0.37763911468542743, 0.3292895869618737, 0.3903211208479762, 0.5201326548829015, 0.17167289990203116, 0.35077117801651836, 0.4144696590572925, 0.34556652229451057, 0.4378970024849391, 0.40379729272132725, 0.4097218370112885, 0.17434923377861045, 0.3533439989025591, 0.19473751980748732, 0.06735359008293562, 0.09172738942040148, 0.37809229629642616, 0.16689639734188622, 0.27187543066050557, 0.532979594004682, 0.39688295906275717, 0.43847797450158943, 0.3462864906136238, 0.43579086527900446, 0.2985249693796468, 0.36025165833975237, 0.47862811404467354, 0.3659185100313487, 0.47531384860579895, 0.34908014710035906, 0.33404334330097685, 0.3303330180214473, 0.28798772975173625, 0.4076787362698643, 0.35901385062400537, 0.327471587825239, 0.37181765093833685, 0.3351301171636838, 0.29509186090324535, 0.5445693684263472, 0.3576371572404289, 0.30978068107596346, 0.23494869005504648, 0.19622128046681364, 0.28655809815750466, 0.1889906580481021, 0.3390112480526968, 0.36397838086371703, 0.3184406257693124, 0.35338888714592653], [0.46030452376525577, 0.4953035521234628, 0.8527869331934524, 0.6727413652363826, 0.8513630072702156, 0.4346140412576718, 1.0, 0.4955802923667014, 0.9095924600869202, 0.8786199893306522, 0.5557719583825781, 0.5104371331640511, 0.9043104781400981, 0.4592319787143895, 0.29969724200917847, 0.9052271339044202, 0.23588196583727628, 0.8772738718682799, 0.5603274690072716, 0.37117664643512116, 0.8317221091902478, 0.3172083251450033, 0.42150062308595737, 0.3861671086152032, 0.3874805108194984, 0.353253168806155, 0.33704313657769047, 0.30977454678550576, 0.28417080739804024, 0.3678966276199602, 0.3789597851717387, 0.8802959561390851, 0.8406580373159954, 0.9116818814221594, 0.8272506364656481, 0.8389442376212403, 0.7022526252940219, 0.8501017171345205, 0.7363831316927666, 0.8733805519880088, 0.7298913517852929, 0.8969012222536704, 0.7539326221540612, 0.9036978225065339, 0.4503682565878837, 0.753869185273042, 0.7988128163540538, 0.40766119883737384, 0.5955169550481327, 0.7372678557556851, 0.5432162692675395, 0.9034176100693366, 0.7898193057072767, 0.654570010877441, 0.2606953186314662, 0.43424661248941687, 0.5959283489734096, 0.5486047655505448, 0.5122310349729362, 0.700810239470837, 0.4042095315333679, 0.44873357826636795, 0.5035519351170803, 0.9094678868692925, 0.8918039619973143, 0.8035403424617973, 0.889544990897168, 0.7445988747028415, 0.9115371760305617, 0.8259796094614941, 0.8895690379297625, 0.8809900499630878, 0.812411613874988, 0.41637230885772736, 0.8444032074553827, 0.4735060628095278, 0.7605607839125803, 0.8306323974661122, 0.758537620001204, 0.8204112284716901, 0.4544219487866714, 0.7771521515459036, 0.9053269663007983, 0.7429069134810466, 0.64806181363834, 0.651005673089263, 0.5596659722544192, 0.5192028545283229, 0.30492426681273055, 0.2875877382078762, 0.5929561850628147, 0.7889689443831427, 0.5053708986968224], [0.18874778793508107, 0.1399695468416251, 0.5705174184985249, 0.46028841023798417, 0.30645025954718474, 0.32459013753100274, 0.4955802923667014, 1.0, 0.42392731853309473, 0.5933670398731931, 0.4533405383960939, 0.4274774110546704, 0.3791934184761283, 0.35996244755171025, 0.1762348108697105, 0.4423991798349274, 0.21192037944279607, 0.3625423094050545, 0.36857397894167665, 0.25681605583211486, 0.3898537766207193, 0.16560650996418613, 0.2574044324381304, 0.29319906840632515, 0.21331856452689935, 0.2532497498229409, 0.17183790462780557, 0.25329689616383755, 0.3683010344842428, 0.2088098347391476, 0.16388343373725522, 0.3527028416725816, 0.45925803447065594, 0.3783359894137934, 0.43913813574948946, 0.37661657182511177, 0.38360947275362434, 0.4681068858714772, 0.40656825002873165, 0.3322967051131933, 0.32840485254795326, 0.5049849648921624, 0.45257916322409963, 0.3630863883114481, 0.08210920786670772, 0.40316977761299677, 0.4395821687377359, 0.3061811261175911, 0.3488806332364651, 0.41429605152955185, 0.3938848160112629, 0.4103070620268594, 0.43118530532045285, 0.34321718914463917, 0.15877120349662865, 0.14567104871795666, 0.18371740791402014, 0.2553309762589153, 0.3814321660185156, 0.31325430217683126, 0.19811835610128448, 0.3206697381207617, 0.2853449091438591, 0.48954127097846734, 0.31227076565815404, 0.4614219671830414, 0.5910638024948707, 0.3164551341023951, 0.5327364326408939, 0.6179847985088721, 0.43581522441315557, 0.5300173714470007, 0.4183348215401924, 0.238893532813639, 0.5773243234690033, 0.21505337191678275, 0.3799994613796398, 0.28353239638135475, 0.4163516175651606, 0.36738997014256014, 0.4384245373780752, 0.44626931284869875, 0.44026698187569524, 0.4130423232700796, 0.5207539256918191, 0.33738098360813673, 0.25473167643160777, 0.46547278542386494, 0.2052147020379056, 0.12185515393335011, 0.2260438718263853, 0.36785878126818305, 0.27225059336524104], [0.3815070674641472, 0.47904859570436753, 0.8784977819542987, 0.7379008417907875, 0.7812059657320467, 0.405602714113799, 0.9095924600869202, 0.42392731853309473, 1.0, 0.8984899348043761, 0.4715833800769891, 0.5148736432271404, 0.8662953291777451, 0.4197021373438421, 0.2831678997540983, 0.8734653747669568, 0.27139046657435173, 0.8292491193409528, 0.6281148280022906, 0.3461947751849185, 0.8300420827924133, 0.3785732057485527, 0.32508634514803525, 0.37105919375351293, 0.316784301916611, 0.3700519855081962, 0.30548312976698044, 0.3221302335935664, 0.25425012928385216, 0.2630635878773373, 0.3737193271552175, 0.8495903485298617, 0.8325065719633379, 0.8925828850069131, 0.807954364469599, 0.731919162087597, 0.6233809253388887, 0.8468675005805798, 0.6998315795634356, 0.7805812426623092, 0.7119210104042519, 0.8894961741782995, 0.7611438347798174, 0.8507357609012977, 0.5020803810582706, 0.6451756038865002, 0.8019843977983905, 0.28390373492192067, 0.5828000883751275, 0.7864697844038403, 0.5772823291170698, 0.8850864687674436, 0.7445128531398795, 0.5678199599651212, 0.2789967485707262, 0.39682757310984473, 0.48457860696798427, 0.46981120994478187, 0.5268306442714873, 0.5795617232617831, 0.33238228053549523, 0.38774097187510503, 0.38595800464710817, 0.8877830696350892, 0.8693772793178459, 0.8369521731856624, 0.8766912403796547, 0.7260513327193373, 0.8900168771690016, 0.7829971991647162, 0.9124193199233804, 0.9206756845955754, 0.845865702056971, 0.37934393770547703, 0.8619345150385979, 0.5073084322818605, 0.7102229968673709, 0.8595949571547872, 0.864867879005398, 0.7060596045577818, 0.5062748332813872, 0.8394191266205854, 0.8879116273024277, 0.713621749464112, 0.6703979725143135, 0.7666733847322929, 0.6336551669267373, 0.45075043553392824, 0.29971185730321903, 0.507010389909136, 0.6229462108605551, 0.8805195227600506, 0.5238393218440169], [0.4167207832574289, 0.43308510392639854, 0.9014162735500215, 0.7882717775584411, 0.7814016845962831, 0.4896577320155514, 0.8786199893306522, 0.5933670398731931, 0.8984899348043761, 1.0, 0.47375787583375106, 0.39124275512871654, 0.8965800008389145, 0.5380264692809898, 0.24047423261178258, 0.8397022892639486, 0.2713098115636934, 0.8602858833992261, 0.6225439027756641, 0.2953031472924532, 0.8651560693850235, 0.2819061347479842, 0.22587783754379243, 0.4714842506077357, 0.31557089309982045, 0.309372029695406, 0.3563805474956805, 0.30947768313536883, 0.37929811701163596, 0.3331618946373691, 0.41939396312700705, 0.828397503085876, 0.8300811297437983, 0.8725709935357683, 0.7988909751319817, 0.7171479926326414, 0.6166887162195386, 0.844350867357546, 0.6612770736411794, 0.7875063577649247, 0.7398082190225863, 0.8995797266387932, 0.778515708222652, 0.8321866221053006, 0.3955040871375679, 0.6970436448893865, 0.8471385302108355, 0.3652788268307703, 0.6540817625552396, 0.7057481585455762, 0.6105670895903004, 0.861621952156191, 0.744958442825798, 0.5814076833326567, 0.2569070470917041, 0.34860760661375545, 0.4294319210459636, 0.44357881661396115, 0.49392215618367563, 0.5501662374606479, 0.38657784197549894, 0.4526207837496652, 0.5219977547758629, 0.906773361790033, 0.8537132104531585, 0.8467614450795482, 0.9207030346738697, 0.7212755348526252, 0.9043750497664885, 0.7837581026924221, 0.8759772444856799, 0.9209823716573122, 0.8299674877521527, 0.3890281404305992, 0.9062637299742237, 0.47876324440823226, 0.7146270431134506, 0.791644046975141, 0.8195471757797047, 0.7224705391821987, 0.6123008433166043, 0.809879476332817, 0.8999080884429399, 0.691576964132226, 0.6283026794863757, 0.7951871820443376, 0.6197312588919384, 0.4656417949569691, 0.3238587392428298, 0.4315640019556599, 0.5677922176535253, 0.805620445321423, 0.6302966450017022], [0.4366999442730659, 0.3677735253638623, 0.5186533011560961, 0.4196937160662395, 0.4362085974589097, 0.40271793863582084, 0.5557719583825781, 0.4533405383960939, 0.4715833800769891, 0.47375787583375106, 1.0, 0.4175116605528457, 0.4005968750571193, 0.22813428584790552, 0.12772144603558422, 0.5199398856760157, 0.16370431523092854, 0.38960595134504383, 0.27088573236466396, 0.19684657626173163, 0.42629907728352756, 0.24599460814985674, 0.13208109025480785, 0.18526801780394464, 0.14642110503328265, 0.18346736218563375, 0.21537879200782128, 0.18182704962617013, 0.15692881179150997, 0.13966895562844628, 0.28597832771852416, 0.43847720493712106, 0.4267570913511355, 0.45541518521855495, 0.26204757123007894, 0.4887061700724662, 0.33980809266526535, 0.32140267762900565, 0.2878555490346697, 0.40983269725260474, 0.16276015185476522, 0.4065178433966504, 0.33504140551443395, 0.4181557321515623, 0.29520387887434074, 0.39116153036980916, 0.42029852829002157, 0.3520316577618955, 0.23193341860454975, 0.29982808399578675, 0.27387787326136903, 0.4398111305583077, 0.39759746148755115, 0.31598755395614164, 0.193682326167127, 0.24831504821404848, 0.4441354369623687, 0.31018750544291895, 0.2633516277445921, 0.39823925232669777, 0.28709333477889176, 0.27564347555000057, 0.42121129518444844, 0.43806039899182914, 0.46545391416830284, 0.37064535184147585, 0.3983809269679133, 0.32870507496730517, 0.39857978027265384, 0.5843357369840578, 0.4966566605017587, 0.485912091046932, 0.40561287659570444, 0.2986954657396651, 0.4257692084633323, 0.2856811413723558, 0.4107332176305316, 0.5350126499844059, 0.40943977832647127, 0.4795179657809743, 0.27133133745790416, 0.38759731540718545, 0.427055357069255, 0.2525472149225143, 0.4580061736203298, 0.30507151241621466, 0.4030485317099257, 0.2020230480822609, 0.15458577020864017, 0.21005124989839186, 0.13924772792485607, 0.43658929483559095, 0.08315422968661901], [0.24357100251321828, 0.46977326483787274, 0.4687005780594884, 0.20117344491145273, 0.4034909064518033, 0.23611597010889485, 0.5104371331640511, 0.4274774110546704, 0.5148736432271404, 0.39124275512871654, 0.4175116605528457, 1.0, 0.39595212688047, 0.04354396539517302, 0.21201979489960687, 0.5402563938610284, 0.15383056980572918, 0.37887891172752863, 0.21705361800859235, 0.1884896640272018, 0.36676524701175595, 0.18646851252562502, 0.19258299800534107, 0.17153508464515188, 0.17540862432123983, 0.2869942674200814, 0.20162115437356443, 0.1876404525428894, 0.4275717829775796, 0.24108263164498434, 0.31239665375132897, 0.4258564919050203, 0.4883097109471073, 0.45888841708949224, 0.4333673656186843, 0.457187210474457, 0.4594658747542939, 0.4625384056440467, 0.3905341958472994, 0.37462112261215275, 0.3154789145622008, 0.39575610345850454, 0.41736103211070974, 0.3840700342939054, 0.1970094209953076, 0.3211613518104386, 0.30105346297165525, 0.20079884782586865, 0.25218955559863543, 0.4484007574527067, 0.2973482339281581, 0.4935652641341153, 0.4200683391607247, 0.4259965515689772, 0.16182716299898825, 0.24385073322850592, 0.18365712895692077, 0.28598245137565814, 0.28482224045508986, 0.4481554702475654, 0.10847826212405998, 0.2675161685339891, 0.08644976382132297, 0.43338369577907976, 0.43176403583388456, 0.3915979413571513, 0.38730151911215216, 0.4054468113848675, 0.4866775797530798, 0.39599985048126807, 0.39952643787995146, 0.4250943184593917, 0.41325601164211756, 0.20008837678403646, 0.39414978557804103, 0.11748877879404662, 0.34132451071892933, 0.38954545535825447, 0.41100874682430955, 0.5111399523063702, 0.13499361081849226, 0.4853007077431877, 0.4700194131008504, 0.4125002829253821, 0.36408298981531484, 0.2762512577980658, 0.2338333799885034, 0.3077968265083111, 0.23065484201359088, 0.23361475062911075, 0.47347042704997455, 0.40163373135889113, 0.16150357447912], [0.35013807807699227, 0.3539091479754035, 0.8328171709034871, 0.6159151590194967, 0.9281516012972291, 0.4166591055166031, 0.9043104781400981, 0.3791934184761283, 0.8662953291777451, 0.8965800008389145, 0.4005968750571193, 0.39595212688047, 1.0, 0.4745753540651282, 0.1875723788537752, 0.9261510247561864, 0.28594009104414897, 0.9559555907870605, 0.46915529387245825, 0.27710056878380174, 0.8959836374317777, 0.3153020915931022, 0.27447460147182623, 0.42140477277175226, 0.303181317080942, 0.24947099151688645, 0.26387774669345754, 0.2377197013397946, 0.2943092406778637, 0.3533386282153269, 0.3904693717867229, 0.9330168909563304, 0.7729540089630929, 0.9416735689361201, 0.7832096744465763, 0.7232953545129059, 0.5878760680536174, 0.808793358723409, 0.6501780201074873, 0.925751902717882, 0.7220846898593511, 0.8598213849137556, 0.7152279834234102, 0.9292342149798097, 0.3695305942866829, 0.6763157521659783, 0.7583706236301337, 0.34832638274931493, 0.6296269081815323, 0.6641147182921814, 0.476576212968995, 0.9006864001080702, 0.7335148285468016, 0.6164841015661807, 0.29463834004792, 0.4098477430240458, 0.40174014536816294, 0.5323737601532267, 0.4448458922372841, 0.539971802641173, 0.4009330418426189, 0.5107508515958971, 0.4629640300010247, 0.8928438470742402, 0.9653219351417504, 0.8563086535153425, 0.8573496453780756, 0.7896934023374175, 0.8849260081451696, 0.7096264761733587, 0.843580094271377, 0.8527690018694456, 0.8571344553611612, 0.34101421927848086, 0.8287460915306205, 0.5036537687847145, 0.7253208744982665, 0.7634210922669832, 0.7193922724209748, 0.7863051061332285, 0.39190319901222415, 0.7590123864375495, 0.8929023272910027, 0.6492870473276713, 0.49232755342641144, 0.6992141490250127, 0.6435863547612316, 0.38264970259770736, 0.35805520956724324, 0.3678744351694596, 0.5126460801224539, 0.7118787919490379, 0.6662264629558043], [0.29435006376148065, 0.28237785998290144, 0.3569633450883323, 0.42865099895600856, 0.36745658630070754, 0.19947952001854152, 0.4592319787143895, 0.35996244755171025, 0.4197021373438421, 0.5380264692809898, 0.22813428584790552, 0.04354396539517302, 0.4745753540651282, 1.0, 0.16842395614856143, 0.4367276503374333, 0.17299932487511194, 0.37728952737318844, 0.3204039992254125, 0.26859132169393884, 0.3224129310626753, 0.2184418626058866, 0.19138549957540096, 0.23475030246809037, 0.21506346737196447, 0.26121779142822543, 0.18185551784372223, 0.20662241659623537, 0.19822345524245644, 0.2325050422879511, 0.3308327088215841, 0.31492902380594145, 0.42637095358762855, 0.45917503560287565, 0.45794186260014436, 0.36178931316677354, 0.4884531095146729, 0.4432644485692281, 0.39119743873710444, 0.3435513517039037, 0.42917702962877, 0.4305362781108082, 0.5666251528672613, 0.39158546254740834, 0.20006002052519656, 0.33536635932781556, 0.3030898475444901, 0.18393880973718812, 0.4480098616740319, 0.31806043550060514, 0.4594007754345969, 0.35824516135338436, 0.5885623874432093, 0.16491081653276796, 0.15361941414182134, 0.3130516673651065, 0.21090760521331553, 0.3238475468227462, 0.23491647092582157, 0.282159865963992, 0.16648520860771576, 0.4860823174170612, 0.2520453443089362, 0.5695945858324192, 0.4090315949404699, 0.45932663664205253, 0.4650931427084175, 0.3759683676802359, 0.4721103273851833, 0.3728967357960554, 0.37339284770530434, 0.47721121445213743, 0.34512794573420247, 0.3011764942203017, 0.5466285039291874, 0.2141025987537668, 0.38248123191918926, 0.32963418019011714, 0.6555693976589938, 0.40643645360857794, 0.2157640955073219, 0.36488998834096265, 0.43447128099175714, 0.3484293598894981, 0.18978875620905822, 0.3940065314772616, 0.46610734961483624, 0.26373299256770333, 0.2455257799266528, 0.1425903808391733, 0.27848764047957175, 0.4920923930879575, 0.23158267841848368], [0.1501798324988055, 0.15083211301151245, 0.2022226469078503, 0.26434570853810246, 0.18314026643475445, 0.158141749646723, 0.29969724200917847, 0.1762348108697105, 0.2831678997540983, 0.24047423261178258, 0.12772144603558422, 0.21201979489960687, 0.1875723788537752, 0.16842395614856143, 1.0, 0.25848267804428504, 0.12639709704482094, 0.1701810711418822, 0.15967240122054593, 0.1792329307297743, 0.15831130037833074, 0.13326033319861053, 0.15183413317228145, 0.0991792426985385, 0.1245569465157792, 0.13642632719946346, 0.16931248025673473, 0.13584151727051863, 0.19006692601417274, 0.13248641932134175, 0.13169639844305359, 0.24674205935818294, 0.21545428130964583, 0.21318634368238232, 0.1827565492317471, 0.26049385399695046, 0.1885422993497522, 0.2302162205946926, 0.12635520614180984, 0.23328900466860159, 0.14450438823448497, 0.25363910403449397, 0.1906273098752883, 0.22911901945523327, 0.15104998936168035, 0.316553259644083, 0.2597394202017409, 0.1695808782813959, 0.1656357734317223, 0.16128018458768068, 0.17038924429227298, 0.21742046643527413, 0.1817048099039612, 0.2186218078070773, 0.09420554139537007, 0.17342005668221283, 0.30734589140341595, 0.22730222138267808, 0.1994909319543391, 0.2566379316319748, 0.131795365625327, 0.10145558825586498, 0.1431569997779567, 0.26136876442094026, 0.17174127000662132, 0.21424891031209747, 0.25100097500893037, 0.18206846485981687, 0.2565250416168182, 0.24857584714520697, 0.21391404571839145, 0.20504908841312253, 0.16837798486752198, 0.13381113898301278, 0.2281733688316696, 0.173935812761828, 0.2852295439620145, 0.20291807489565095, 0.24176224249229095, 0.29187210684734255, 0.2355780619856409, 0.2432715205699969, 0.2851855236258911, 0.31941714919352604, 0.2948670515819587, 0.16786901083928518, 0.1489745256331847, 0.14894950312311295, 0.12115627076611957, 0.13219825299358245, 0.23315432226248767, 0.25413896444435324, 0.1985633478824118], [0.37136837460952754, 0.40308912168278366, 0.8271259256480199, 0.592705412815644, 0.8669404251537943, 0.4124641330799773, 0.9052271339044202, 0.4423991798349274, 0.8734653747669568, 0.8397022892639486, 0.5199398856760157, 0.5402563938610284, 0.9261510247561864, 0.4367276503374333, 0.25848267804428504, 1.0, 0.2612386647513596, 0.8826156082873532, 0.5269762100166101, 0.28678513072781164, 0.8618804856221798, 0.336437952714548, 0.29570957193047276, 0.31635995359308344, 0.37696142562273616, 0.22207926631824515, 0.22935531475182003, 0.26840021384655177, 0.34746859609424385, 0.3312808395231921, 0.4056333635920897, 0.9271625436373347, 0.8449159238237719, 0.953357420810479, 0.7891602708284027, 0.7232736125835347, 0.6371252812128203, 0.7862866706275472, 0.7243963259996258, 0.889453535806989, 0.6688181643483624, 0.8604040951180739, 0.7731530220821774, 0.908228164613975, 0.44740814705235277, 0.6641087083864482, 0.7621226216674633, 0.30106036725954843, 0.6601972273735572, 0.760895319721225, 0.5024377737080467, 0.9149963075122935, 0.7758039351987088, 0.7132430092060138, 0.32738812376477067, 0.49322208031647685, 0.46238014720826515, 0.6450299149016583, 0.5998817863016721, 0.6322765299592195, 0.42533823519236935, 0.590056422644425, 0.46388788159461414, 0.870350168060718, 0.9403680333101558, 0.8820359782399582, 0.8392896869775232, 0.8339121395270479, 0.892674796503957, 0.7468606379510891, 0.8459790328958923, 0.8334959070885305, 0.884939327929418, 0.3814717435784637, 0.8387976537246349, 0.6251213808589742, 0.7542842196793792, 0.8036772704851182, 0.7477753397738925, 0.7220237273108607, 0.3978767505232286, 0.791921358161049, 0.8564471667614644, 0.5952783771036246, 0.523879329872376, 0.6435380764007435, 0.6880470205712809, 0.45101920622029446, 0.43091368815836206, 0.4264971197888041, 0.47831324251603347, 0.7401190661144592, 0.5655994781249088], [0.12747337717303253, 0.10952274649508831, 0.2536914431205044, 0.22803579937755303, 0.23022775782904492, 0.14802099287870307, 0.23588196583727628, 0.21192037944279607, 0.27139046657435173, 0.2713098115636934, 0.16370431523092854, 0.15383056980572918, 0.28594009104414897, 0.17299932487511194, 0.12639709704482094, 0.2612386647513596, 1.0, 0.21384979276669958, 0.23978922671117398, 0.14923874087958122, 0.23347843629172882, 0.15146344258712885, 0.11546407833898498, 0.15211612734261715, 0.11995600473941481, 0.11215638290327812, 0.1257616961416712, 0.11252239610969328, 0.1154182233255302, 0.14158335048304027, 0.16114875295062303, 0.23739224362357336, 0.23319761160324104, 0.26868228496157365, 0.28509417769622125, 0.24867750227138852, 0.23493420419536826, 0.30777857737158576, 0.26858492209945295, 0.20782896999325773, 0.22815127368535237, 0.25577627839285344, 0.24412496967188035, 0.2424543520363217, 0.14272461821366056, 0.2237979911007364, 0.20970665987413184, 0.12520294015619415, 0.1588555349619385, 0.2282328677808838, 0.14661851015296257, 0.2720073665889684, 0.23998110113760174, 0.23486328219338415, 0.13472381061095895, 0.11915911617306574, 0.16071796106271496, 0.22252993557594103, 0.2826019708928533, 0.2362074874530159, 0.14618238897757463, 0.2480892903891898, 0.13914926640435699, 0.23802838487477107, 0.2347694817118381, 0.21466330119646315, 0.2904182352724183, 0.3278752771761497, 0.2193589223132426, 0.2641167350201803, 0.2738607417786949, 0.3362489155608074, 0.3296978851450817, 0.19714753634746185, 0.21709065859161836, 0.11891830421122684, 0.2920823150151346, 0.17208250142487436, 0.24995696218881513, 0.1473422969111572, 0.18191277374347514, 0.29282469880856743, 0.23197345759404941, 0.15473281020883278, 0.21384671033958402, 0.20834112697175178, 0.2400757307266318, 0.12028181353386336, 0.15538378004660536, 0.145174105167714, 0.19778646827479263, 0.2118397418532051, 0.20441574895899906], [0.2813189629377373, 0.33085270481396467, 0.8136832846877639, 0.6242042351202435, 0.9504917829174059, 0.47483052053613506, 0.8772738718682799, 0.3625423094050545, 0.8292491193409528, 0.8602858833992261, 0.38960595134504383, 0.37887891172752863, 0.9559555907870605, 0.37728952737318844, 0.1701810711418822, 0.8826156082873532, 0.21384979276669958, 1.0, 0.4560980313279994, 0.25148351802935687, 0.8918406844837652, 0.1926560912202413, 0.22793922162736202, 0.3831252112787531, 0.31429275774075993, 0.22905876916650925, 0.2683777890132528, 0.28634221966666085, 0.2507059236052387, 0.28405266734810053, 0.29640855485368167, 0.91470365188743, 0.7152849348646622, 0.9030321637626999, 0.6947718959903768, 0.6943273519614446, 0.47843795400278255, 0.7249404987589243, 0.5448842775929921, 0.9210652279609103, 0.6437672592037809, 0.8013116291606244, 0.5832667271574664, 0.8902573515729966, 0.3714916086815654, 0.5793492320050944, 0.7121797202959663, 0.2209556780172598, 0.5123405607968701, 0.5884519569330734, 0.4348132743069951, 0.9023069552421142, 0.6966836736603594, 0.5853182861612415, 0.27604019707554994, 0.42868082606536406, 0.39539689513971243, 0.4829359917428929, 0.3567309792975776, 0.5086172622070408, 0.35027646657514944, 0.46930026046446516, 0.4517364037558258, 0.8042446361212515, 0.9538652428700771, 0.7759474969287828, 0.8174131208746559, 0.694088437310345, 0.815285909259963, 0.6843578912594284, 0.7785722901135742, 0.7967358812696541, 0.7685333337588424, 0.26150227306753504, 0.7341054860409358, 0.3982078417560435, 0.6173220070494368, 0.7003239421708926, 0.6251631356615938, 0.7254086858493436, 0.3697260370449629, 0.7208553040316139, 0.8878699520486261, 0.6013734625092623, 0.4364111983378317, 0.6025534804563281, 0.5952989446909105, 0.37375523388931575, 0.318509332216661, 0.28100547608129145, 0.4606120491815553, 0.6491976140111574, 0.6465191879226523], [0.22259275294965186, 0.4415845600150663, 0.578493915399398, 0.627093457247068, 0.3938610395291424, 0.1009576870308192, 0.5603274690072716, 0.36857397894167665, 0.6281148280022906, 0.6225439027756641, 0.27088573236466396, 0.21705361800859235, 0.46915529387245825, 0.3204039992254125, 0.15967240122054593, 0.5269762100166101, 0.23978922671117398, 0.4560980313279994, 1.0, 0.22821567247485963, 0.4990702119688928, 0.24256406430342725, 0.24735664115667066, 0.24041211852298017, 0.3129079353987668, 0.22663419704601862, 0.26518450715797304, 0.26698261431859516, 0.4187029933344598, 0.24040063183456128, 0.2205559004107328, 0.37750846554691897, 0.5623044532249808, 0.5739877635041647, 0.4630574565929342, 0.39375058617803205, 0.3734111601106276, 0.49325908290297393, 0.556834079029591, 0.33000956672093384, 0.4339295174681963, 0.5569481811097473, 0.5281071130001643, 0.4422410517099956, 0.41941120660792697, 0.39425497890231487, 0.5042655949083615, 0.12151542583779684, 0.37885858435230313, 0.5645120172514372, 0.3696713002325296, 0.5291511012107066, 0.4708056565535921, 0.2597662655358297, 0.18989946519560874, 0.24712426901254558, 0.5473655409053483, 0.36144689191721857, 0.5027440956671841, 0.48169428286912286, 0.2705129920113316, 0.36184726641806475, 0.5042388172172099, 0.6082637988300621, 0.47419034347430955, 0.6616857528665262, 0.6232992708917112, 0.554508510540968, 0.6321958486074779, 0.49331373265327216, 0.6681979704772788, 0.5884180356927207, 0.603055156604948, 0.1233852653483104, 0.6588981280990378, 0.37493515127732047, 0.5774519010470691, 0.6848086322047443, 0.6345219988275002, 0.3902614166403289, 0.520654866472094, 0.7034172652410612, 0.5445640869504134, 0.47799290007224227, 0.5275108185776007, 0.6171800727969947, 0.48119241010254377, 0.2688147745996031, 0.18704274045867542, 0.1570567631594224, 0.40809946313245726, 0.5677014694813991, 0.28849874046065316], [0.2154188316302328, 0.1498307280216804, 0.24668765905224166, 0.3444760351753371, 0.2714815560009194, 0.2718736514091922, 0.37117664643512116, 0.25681605583211486, 0.3461947751849185, 0.2953031472924532, 0.19684657626173163, 0.1884896640272018, 0.27710056878380174, 0.26859132169393884, 0.1792329307297743, 0.28678513072781164, 0.14923874087958122, 0.25148351802935687, 0.22821567247485963, 1.0, 0.30150211905974333, 0.17124492209070052, 0.2612054356348923, 0.16797480538033716, 0.2210664112663817, 0.25271388150184415, 0.2263556040176693, 0.23896248418037158, 0.27967262452926445, 0.24344468118448193, 0.14922081302490264, 0.22876598680222004, 0.26608638024650755, 0.2629145690157184, 0.30431800816159027, 0.2642353089125673, 0.24597117804110624, 0.3550198861975542, 0.35246295456625265, 0.2127845956673966, 0.2593442749608891, 0.36533541232780786, 0.26826171066060067, 0.20724528573688306, 0.14134258900891394, 0.2976847337941235, 0.2722614750488116, 0.15412726114159492, 0.14067780325251666, 0.34074388704463565, 0.37601659563524437, 0.28724679297214917, 0.33502906986130676, 0.24011262065547934, 0.14022470989656732, 0.1294878935911904, 0.26420085024201123, 0.22452342475839748, 0.23774833558394726, 0.42342042775113375, 0.21510066062526134, 0.18974381104388316, 0.165859397479188, 0.37209760447516493, 0.30869359331880863, 0.28165684565167226, 0.31491186948515093, 0.32818456161957543, 0.33309764058615254, 0.4412015081367533, 0.31327764868767516, 0.4170377696982205, 0.29509782799462436, 0.2204381094680251, 0.31527214804609915, 0.15265226191551906, 0.3483877934432644, 0.33163159159333033, 0.33589407596704457, 0.4357342383613515, 0.1470702166357709, 0.29547536216675196, 0.3826645443529697, 0.32421336213660146, 0.4152089165810602, 0.22802222924909932, 0.21007698946132503, 0.14545406324293841, 0.1719579730261389, 0.18567095991312343, 0.29652680318781166, 0.28070321385938257, 0.11882909668623687], [0.30420208137428006, 0.34918644794894327, 0.8686534375082663, 0.7292350062892278, 0.8518174682857251, 0.49221745246495674, 0.8317221091902478, 0.3898537766207193, 0.8300420827924133, 0.8651560693850235, 0.42629907728352756, 0.36676524701175595, 0.8959836374317777, 0.3224129310626753, 0.15831130037833074, 0.8618804856221798, 0.23347843629172882, 0.8918406844837652, 0.4990702119688928, 0.30150211905974333, 1.0, 0.23598562612059748, 0.20623641552244087, 0.3255905969082611, 0.30694337784298553, 0.2622409506188811, 0.25170473488775724, 0.245916550796484, 0.32437371683105853, 0.3259588132703507, 0.3762128166622174, 0.9094241723767174, 0.7803271101632079, 0.9008092340155578, 0.7310086185428196, 0.7522705684140973, 0.5324716042447452, 0.7722182354425606, 0.6329197153209034, 0.8889442917263741, 0.7093991320890599, 0.8300182408030665, 0.6400395382679239, 0.8701289894342016, 0.4225243336683745, 0.689889255611201, 0.7746355440998195, 0.3644763375296125, 0.5711737825954435, 0.6357489703959166, 0.6350470064919685, 0.9336730537495544, 0.6623881649016342, 0.6991789644832165, 0.2662074894718558, 0.5545287293811194, 0.4827792191660013, 0.628422570563812, 0.4784475224857354, 0.6421116999089926, 0.5772017616423679, 0.5887987726730475, 0.4982315340804121, 0.8282626961710252, 0.895011822636844, 0.8018986478390532, 0.837859831414176, 0.7594468691170202, 0.8528687329870667, 0.6925557287916064, 0.8251411653946032, 0.8348298056594404, 0.8443800070083367, 0.32448199560787905, 0.7419808544006428, 0.49110585676542806, 0.6410531791128012, 0.7475005349277923, 0.6841142682158879, 0.7240772647923163, 0.4944107870728207, 0.8186941759370822, 0.9259947061619429, 0.7205519606914335, 0.6857912944660238, 0.7579174053652719, 0.7138132155576028, 0.48565174859513627, 0.34695333947648055, 0.5062342461264836, 0.6054724629123663, 0.7812477524853089, 0.7602295377664391], [0.1386827312256531, 0.14474034307303862, 0.2770596018392866, 0.3103339613941467, 0.310616672401238, 0.2285415258854807, 0.3172083251450033, 0.16560650996418613, 0.3785732057485527, 0.2819061347479842, 0.24599460814985674, 0.18646851252562502, 0.3153020915931022, 0.2184418626058866, 0.13326033319861053, 0.336437952714548, 0.15146344258712885, 0.1926560912202413, 0.24256406430342725, 0.17124492209070052, 0.23598562612059748, 1.0, 0.1572984045482353, 0.22569388253527756, 0.19395860936957598, 0.15070492985007233, 0.17609410187344132, 0.18008236649322462, 0.18882644121285808, 0.17217658822958748, 0.2093179270