"[[1.0, 0.3269747358326027, 0.4736839454527906, 0.2803946793583013, 0.2627239844418803, 0.2654792067266012, 0.4928761916474844, 0.23533806075466224, 0.4099809856955935, 0.4594365259719848, 0.3837881354575885, 0.22023777344046214, 0.3890226571692408, 0.3822145412619975, 0.14171437009864762, 0.41344033395803337, 0.11110471789920418, 0.35778319780910084, 0.3451640454212508, 0.21952737139011558, 0.3078612686062443, 0.14922918117488315, 0.22460023928168793, 0.18879640729856573, 0.1909351811222898, 0.1704393943105318, 0.15789286675945968, 0.17732826407172875, 0.2551939572874442, 0.26105046754745165, 0.2061634665244636, 0.34930869199708936, 0.37482746015436663, 0.33621217858399133, 0.3833282170378651, 0.3723547224921093, 0.402879914745331, 0.3595088274266548, 0.24150666590146164, 0.3645043196154729, 0.31739916280520797, 0.4073878346265698, 0.38817716150463033, 0.3948329031135913, 0.3442142388987264, 0.4129290395259062, 0.47934468959675813, 0.23576174308739117, 0.15482646114190568, 0.30183879059125873, 0.26632198202279744, 0.36190705006316637, 0.2782683235278398, 0.33611718409836633, 0.14781243429193958, 0.10228314312923747, 0.4179464874187586, 0.25733322491485133, 0.2652332703243292, 0.4313852309427093, 0.10089844116275315, 0.28326549322090044, 0.19176922459212065, 0.41042040715311245, 0.3553227618926418, 0.32611138086026337, 0.31855492133806207, 0.28751592434659934, 0.39157441657666836, 0.3234534320563326, 0.3497642433773194, 0.45189596733531934, 0.32859640125699774, 0.20985728929231828, 0.3652963195799399, 0.23817579633278685, 0.3525323334951118, 0.4014318203053031, 0.38034493834995353, 0.4423944183085926, 0.5309509891791341, 0.3174465366448407, 0.38777288637793017, 0.3467381988389293, 0.2983544108922169, 0.28789087161294036, 0.2166677034674359, 0.21310659730176718, 0.19005638325464402, 0.2251094781900258, 0.3274820334790234, 0.2787830832944531, 0.333059829981333], [0.3269747358326027, 1.0, 0.44983968699582433, 0.3653704527754875, 0.29747350756756374, 0.34887108414375767, 0.4859256437715527, 0.16909984319020765, 0.465231783499892, 0.3584170295245943, 0.2674779132388605, 0.4262556015350588, 0.31765567548879603, 0.19514837259864848, 0.15226949247565003, 0.3594004984144885, 0.10278823595447895, 0.310396685679009, 0.4699947341197913, 0.17999152552816788, 0.28571348229337035, 0.15205380183020545, 0.26450519934742567, 0.21349992992868616, 0.2107896037637943, 0.176154082847781, 0.21678329006078978, 0.22358554168388545, 0.21187968953601977, 0.24810197685988156, 0.18576595238059967, 0.24608430101587397, 0.39413846163686805, 0.4052745202157295, 0.38923890561273733, 0.42440322679576026, 0.5693346019873772, 0.4559186656684011, 0.3492392188086383, 0.269521371735425, 0.39830943372299843, 0.35527256304081956, 0.48705818840746473, 0.2794120800853743, 0.09805078821698421, 0.31339011399369565, 0.3410624446780848, 0.20082248344180798, 0.42494575488996966, 0.33297362526738083, 0.247308924045345, 0.41654786690580203, 0.3584734391201645, 0.24224217199622466, 0.14223852217166644, 0.33958818707634786, 0.34538046924612065, 0.07167171539224293, 0.13185768602216497, 0.40978880726904543, 0.321059222740367, 0.25360366058553074, 0.27982130218892354, 0.37364009703894063, 0.33116720283696743, 0.3731275336365796, 0.31815637641389993, 0.3655579675856496, 0.39737602047731957, 0.26541714664963834, 0.36349677867510355, 0.3652439631813933, 0.3391989507201645, 0.2581176616358545, 0.40453912698385264, 0.23581715705009154, 0.3650025435421367, 0.4843731928295405, 0.47252342496111766, 0.4178999175025797, 0.30600320332359554, 0.3448940700337839, 0.429475944364206, 0.2662527786057144, 0.21424589222828938, 0.3752085103792585, 0.32763420972982693, 0.15665366500738087, 0.17201769254744848, 0.20181506743783273, 0.625846993023697, 0.41915816764608516, 0.1721593784599309], [0.4736839454527906, 0.44983968699582433, 1.0, 0.7283169653027884, 0.7756474247437927, 0.5211634328696743, 0.9184836995691099, 0.5303515826859232, 0.8970896054581381, 0.9274477213497303, 0.4621108692099325, 0.465527914602065, 0.8637046199574409, 0.4982353604643581, 0.20919803076719712, 0.8426249239424761, 0.27341474753568173, 0.850796030101923, 0.6739032040271706, 0.19498599521438287, 0.8444885821200757, 0.30137169876496483, 0.2981144151231572, 0.3685036962313315, 0.3544431057893562, 0.31174991289012177, 0.2757633640438688, 0.32512875386244633, 0.25037047787572986, 0.3589593214602371, 0.30487819504773006, 0.8550616473228391, 0.8207694149045918, 0.8430989562625756, 0.8373951159059996, 0.7652593801329646, 0.6950368311550544, 0.862356390450936, 0.6879238562661294, 0.8430376278632618, 0.702812195471315, 0.9059733765432213, 0.7879874692181384, 0.8698546228821629, 0.35588133307443526, 0.7364350230980508, 0.8569074327385069, 0.4357546668091088, 0.5378478053898524, 0.710613976153422, 0.5960526466788569, 0.8822680893951282, 0.6948214608633994, 0.6831274917605928, 0.2922850042881229, 0.4967617040151783, 0.4741588701289634, 0.4256463480790057, 0.4700942442510354, 0.6146730202349472, 0.4232849436314611, 0.43316156218971524, 0.43584033703162584, 0.8538531445744333, 0.821979568169648, 0.7870764546944959, 0.8835797566065338, 0.7225722182745686, 0.8821380581541967, 0.6928742758334745, 0.8668678008894937, 0.9199509696976662, 0.8093523956062442, 0.32673351612142176, 0.8207314187120758, 0.44928821598424995, 0.6218725266956295, 0.7963090897244446, 0.773087018133683, 0.6850661300239389, 0.6226448142420249, 0.8048701086734605, 0.8970478625272571, 0.7583079539960216, 0.6473033092515365, 0.7210963388882131, 0.4847312463929949, 0.5575076848666021, 0.3251192944636865, 0.423318342361948, 0.6773508741033283, 0.7302860796666657, 0.6097221489538122], [0.2803946793583013, 0.3653704527754875, 0.7283169653027884, 1.0, 0.5611593672253761, 0.5292159054633617, 0.6852006238340669, 0.4147208301301455, 0.7227194138740853, 0.717136096396388, 0.45727358627793024, 0.22257643672991245, 0.5771343257514022, 0.5155135567214809, 0.2682531855685678, 0.5252721438031741, 0.2159205403892952, 0.5982928066626467, 0.6911633428710767, 0.3515873704442245, 0.7471513283020138, 0.31009759028288375, 0.29171019302227397, 0.37600675829628316, 0.26704015390395, 0.26791266834475835, 0.2361017740413669, 0.3222950228807413, 0.24426951981527512, 0.29445503453003274, 0.44312152208707145, 0.6039523136294018, 0.7686005300228336, 0.6666742948886076, 0.6465680452435917, 0.6442251194622155, 0.48651575311291695, 0.7297910875645736, 0.7568924369681137, 0.5787141449236255, 0.5711324265376667, 0.7315371703569228, 0.6071688830609159, 0.5802706549581772, 0.432872560803494, 0.6432028782372705, 0.6369851192301573, 0.30479841807480046, 0.37237718322809576, 0.6768333160239284, 0.6412656500694613, 0.7170231111796042, 0.7586990193781058, 0.46504200513749105, 0.2318560611702194, 0.5483182713050352, 0.504705144532365, 0.3875885510981192, 0.39797943139427394, 0.6520265713207058, 0.5981472815095308, 0.26393071088138575, 0.5444668005907083, 0.7724113891923683, 0.6234947258001281, 0.6142089844556431, 0.7802090473460145, 0.6116740734578882, 0.6962413604668742, 0.7524900620066713, 0.7403580251168276, 0.7544552755286396, 0.6360701680948191, 0.4033003577859344, 0.6604623335499216, 0.3245068606119256, 0.46157286113516216, 0.650651202130815, 0.7434674510742687, 0.5267782399181719, 0.7376919675723964, 0.7512611965437189, 0.779928224706209, 0.7096487018984328, 0.6485908918205702, 0.6508250294761098, 0.41754914648890173, 0.2933647679870395, 0.19463593337717622, 0.3922804162691971, 0.6366431896368677, 0.7204419227700983, 0.4662392175387915], [0.2627239844418803, 0.29747350756756374, 0.7756474247437927, 0.5611593672253761, 1.0, 0.49463566960477834, 0.8406719339482606, 0.2564742866595534, 0.7709915289299586, 0.801312675521491, 0.3988938260710754, 0.4540161764920987, 0.929286773304531, 0.43627887308649727, 0.17012733765309662, 0.878031500548323, 0.22760330252214223, 0.9611833025010572, 0.4714301966703045, 0.293454375885589, 0.8668722691223376, 0.3155818894592529, 0.27212054853698997, 0.3241147411787686, 0.3212587112041325, 0.26482231263023936, 0.2966323375365365, 0.2258471651338061, 0.31861413003463324, 0.21194701758087797, 0.35034235182778106, 0.8878773120582272, 0.7067746170996287, 0.8703713001460899, 0.6715713670565833, 0.5972485163393654, 0.43075125949202686, 0.7060914404253117, 0.5450011695398662, 0.8911958798355607, 0.4530196936617995, 0.72880751841919, 0.5780390011048813, 0.835793774179524, 0.252533282457334, 0.5278923471237985, 0.6695936785014348, 0.25773676356059316, 0.3713396274423386, 0.5447727166951798, 0.49043969935232323, 0.8972562594199629, 0.7253161293986577, 0.6430393016313682, 0.2728691012696587, 0.4835185670672948, 0.31502318452067957, 0.500983039421545, 0.424300703760361, 0.5360983655121114, 0.49970456681474906, 0.4644896972511894, 0.3603538695689634, 0.7499035892702367, 0.9373387737714172, 0.7753938358958956, 0.7812179919576457, 0.7730128157711565, 0.7670430023682315, 0.5009117482899171, 0.7504292468175852, 0.7715934734796481, 0.7858853131288039, 0.17574857379286457, 0.7023171498960937, 0.444563471833186, 0.5557726653734546, 0.6701046682059667, 0.6285683043134469, 0.6485291842404742, 0.38919082934497795, 0.6644929357864492, 0.839107299311756, 0.5931305173728432, 0.3357825779938488, 0.5175258769457499, 0.4145944584247523, 0.2689920472386371, 0.2939678922345077, 0.24866179068480743, 0.5067284189740718, 0.5532877576400712, 0.586076719769164], [0.2654792067266012, 0.34887108414375767, 0.5211634328696743, 0.5292159054633617, 0.49463566960477834, 1.0, 0.5246171251867824, 0.31751969954703707, 0.43494257311642937, 0.4869285626174724, 0.4555183765347073, 0.25298476132006265, 0.46961497753093395, 0.35458110396875164, 0.16624193250999675, 0.4628208247213512, 0.1246694965103895, 0.5033957454747261, 0.3216094336384331, 0.23997567461458236, 0.49865196782816945, 0.24092010731629243, 0.16573556511854437, 0.14796810814689187, 0.2407136670548109, 0.3105081007634558, 0.22560448018886836, 0.19379258507151986, 0.32644127724189254, 0.2483692370995385, 0.09117914783266201, 0.48696764311007346, 0.4937293497674, 0.4371618965786914, 0.37120688723850115, 0.5484503403757884, 0.465884483365926, 0.4053031618404841, 0.39412335851629354, 0.42783788164637193, 0.269146669652101, 0.42728159627362916, 0.3994804191376613, 0.38713844528907126, 0.15834298724501006, 0.4291414815534548, 0.44679724524622, 0.21045832522777463, 0.21787767192505691, 0.4124931111209159, 0.29322948904735213, 0.47598441987216566, 0.513693417258153, 0.34344539846363, 0.1948984641467605, 0.38758648913272364, 0.32630048730676875, 0.1611831971409381, 0.21267161460679018, 0.5170385839129726, 0.18624138632578546, 0.23627110638619464, 0.6106844185377981, 0.42015665213122333, 0.5020177941257593, 0.3510070634010538, 0.46400673549019056, 0.44274509394618766, 0.3548250344866868, 0.5274275124821837, 0.38380336152955496, 0.49451885852025557, 0.38163018920393343, 0.393313648876056, 0.36046119593826487, 0.26035020133016107, 0.40010189449909106, 0.41225863235043647, 0.39591307878382853, 0.3474099170098015, 0.20410181884140888, 0.35612126578431025, 0.5692740325124273, 0.48041485843418985, 0.24961319029363738, 0.16108763528335912, 0.22463983403366072, 0.27090962396616713, 0.17960871361443342, 0.38694337950214575, 0.4397379580076731, 0.278768567826408, 0.2661324626978564], [0.4928761916474844, 0.4859256437715527, 0.9184836995691099, 0.6852006238340669, 0.8406719339482606, 0.5246171251867824, 1.0, 0.4807056705528303, 0.9228503106560191, 0.9045366228520156, 0.5272325204694405, 0.525126799968412, 0.8952029586628425, 0.5233215119973916, 0.29344756368953195, 0.9096595691836626, 0.2477346143782193, 0.863969234629485, 0.6271089334128195, 0.40339178707575774, 0.820658384850358, 0.32073184994971493, 0.4302536043404298, 0.37010201940750553, 0.4015223138134365, 0.34290467985637096, 0.3365609644265095, 0.31334301883768423, 0.366808042313547, 0.3464566798828175, 0.34617177480698846, 0.8849085384380421, 0.8649627349283026, 0.903331409141002, 0.8724314734597134, 0.8149915856160864, 0.7288649765164431, 0.8771135793756357, 0.724621022351993, 0.884507947977631, 0.6901649673067524, 0.8942763033542253, 0.805016222637758, 0.9074662697398617, 0.4504908465580322, 0.7586587867591443, 0.8447516751168204, 0.4190460596945196, 0.5643695961600503, 0.7489334129761075, 0.5274174988000103, 0.9001773924821447, 0.7226631156772284, 0.6894167041052512, 0.2658008909043652, 0.4935443415609342, 0.5214894653421457, 0.5146570165862655, 0.47687300673326694, 0.6948929120181281, 0.4700978806818581, 0.47015151179934334, 0.4876583918999231, 0.9102983059955737, 0.8885283427808995, 0.8392908772119041, 0.906620358892377, 0.7877219152875045, 0.9268680758026298, 0.7406991743335422, 0.900298775681049, 0.9085711462070963, 0.8391433433908869, 0.3815405480639842, 0.8523567079889327, 0.5308532980710041, 0.7494635431553491, 0.8603820426266787, 0.8067806131018569, 0.8205538035789485, 0.5529508073608846, 0.7856250289329432, 0.9179530515383852, 0.7385146884335627, 0.6249208759200883, 0.6541725386312461, 0.5028828563454046, 0.5366039786484107, 0.32618328554385423, 0.30276525671640664, 0.7013902270750676, 0.752333921930102, 0.5095566407455318], [0.23533806075466224, 0.16909984319020765, 0.5303515826859232, 0.4147208301301455, 0.2564742866595534, 0.31751969954703707, 0.4807056705528303, 1.0, 0.402437684446489, 0.5336009343016752, 0.335465091658636, 0.4290530525223498, 0.34690761182277763, 0.3820997877108592, 0.16998618546913002, 0.3850026488837158, 0.21476828122168024, 0.29377542586021543, 0.49886704303378626, 0.2390879808632328, 0.3031483480572468, 0.1787816271369953, 0.2412510783184395, 0.23168228207801156, 0.20390861046106223, 0.2430690008780635, 0.18283497962372697, 0.2323308366236445, 0.3486640493133848, 0.2164501710455512, 0.17355819084239166, 0.3408152133498027, 0.44534455339225376, 0.3729533224674506, 0.4271040314515735, 0.29671841126856846, 0.4043384634901114, 0.43694779659806793, 0.3483989349568638, 0.33815247801070736, 0.4338170715560412, 0.45089167968769317, 0.46717569893191424, 0.3540786751581345, 0.1692339229407258, 0.32686494274747124, 0.320947955315523, 0.22523572306611261, 0.36092029151678395, 0.4024622461183255, 0.269588378829124, 0.3717596565574155, 0.39076167196644873, 0.37381857132243423, 0.1652974155517346, 0.20275299024689297, 0.13495826715388282, 0.1783032077154697, 0.2094168181560927, 0.3257824318195025, 0.3004893591255565, 0.3400673629950668, 0.29996718843416825, 0.5018506032144002, 0.30300039149858726, 0.4718353580356116, 0.5671068645910768, 0.3647211075449577, 0.5272540166456082, 0.6142585390372063, 0.35744729885711357, 0.504436890949403, 0.41285779887179785, 0.29206007934958955, 0.5257910476318768, 0.22488228612764305, 0.3199729303850174, 0.2629566265835317, 0.45986034295570966, 0.42354526780153967, 0.45965997931992053, 0.3872903308411244, 0.40304050134827607, 0.3167206909804884, 0.4971116107336633, 0.24814819055558002, 0.2844901180058721, 0.39157052223344424, 0.15075693852602956, 0.1488338353265759, 0.23313991096585318, 0.297310231865781, 0.3333764946618456], [0.4099809856955935, 0.465231783499892, 0.8970896054581381, 0.7227194138740853, 0.7709915289299586, 0.43494257311642937, 0.9228503106560191, 0.402437684446489, 1.0, 0.8997582247132978, 0.4592476669551001, 0.4714370148089746, 0.8443977626351772, 0.48837461629114043, 0.2639374009820674, 0.8511512962916767, 0.30398831863188347, 0.8036686249435888, 0.6223423583168948, 0.35696643569057807, 0.8137156009158689, 0.37536583633797993, 0.3261543128446379, 0.3423780023704899, 0.3283205925556676, 0.37462413297755426, 0.33245963541523627, 0.3141261788317078, 0.26826952795546, 0.23597288244588066, 0.3451657167878771, 0.8569861380206236, 0.8475667308991315, 0.8781366936524481, 0.8476015356410426, 0.7513770224332617, 0.6549298544917843, 0.8667106303933945, 0.7213189067206609, 0.8155053711135278, 0.6898710900795314, 0.8940289018795354, 0.7894113744583887, 0.864935943575688, 0.4950861220387992, 0.6655425403048157, 0.8510504982355586, 0.28894568790491704, 0.5577533610417794, 0.7694336037690123, 0.5506028419684653, 0.8749897995855915, 0.6966408343265837, 0.5998011733349695, 0.2712598694680226, 0.43344471888161984, 0.4336643511269933, 0.4445513450658276, 0.4730795226667541, 0.6115090572164108, 0.4519939571910394, 0.3825197358141994, 0.3738311440284394, 0.884947218634416, 0.8537075637270718, 0.8477018006500678, 0.8950276842275594, 0.7548564337776095, 0.8942582405235108, 0.7238470456414521, 0.9234481772731551, 0.9236278143040841, 0.8510730685240473, 0.3951816657064702, 0.8534004265467554, 0.5833912548989046, 0.6981534827419127, 0.8732927744524306, 0.8830169081003149, 0.7070395140376713, 0.5632431351721743, 0.8293064197025136, 0.8863820797650614, 0.6978604349356664, 0.6687778699840752, 0.7403060430129814, 0.5762484826576447, 0.5323955222497526, 0.2923670981469928, 0.45554756777456973, 0.7463687978631035, 0.8508311181418262, 0.5167546680616554], [0.4594365259719848, 0.3584170295245943, 0.9274477213497303, 0.717136096396388, 0.801312675521491, 0.4869285626174724, 0.9045366228520156, 0.5336009343016752, 0.8997582247132978, 1.0, 0.4513344469363949, 0.3908117830314142, 0.9069321796270254, 0.5735551489296606, 0.2422256746789183, 0.8480268997799502, 0.2844324224486947, 0.8690743871295915, 0.7036478078402854, 0.28731490781625313, 0.8435426551597941, 0.28408123002962116, 0.25265053526785475, 0.4644291048342315, 0.32878864552883025, 0.34569259096880844, 0.33992040489010455, 0.31556625903282276, 0.40942231439630494, 0.3157893911944143, 0.4006201110576464, 0.8582187548466336, 0.8353500087201825, 0.8795048294145829, 0.8330758782429262, 0.7010937660437555, 0.626194644502709, 0.8604877317078082, 0.673733457268588, 0.833983303596741, 0.6876560843265568, 0.9130637604828823, 0.7974290760052537, 0.8671980673490893, 0.34877529686397546, 0.7027543323879982, 0.8496508355912895, 0.35777447254754824, 0.5913837291957759, 0.7009641586055704, 0.5518864290123889, 0.869372638976633, 0.7070874836327163, 0.6303727765172922, 0.24887140515466333, 0.32502760721499313, 0.39301940722942663, 0.43132853133716886, 0.492319902781728, 0.5797328834125149, 0.4224331122283457, 0.4060669941345145, 0.5126357248204317, 0.9021449900800514, 0.8770731347925949, 0.8832739697894388, 0.9252057966095957, 0.7795766814415114, 0.9012925017853115, 0.7400982943809622, 0.8876527707045536, 0.9343950763353776, 0.8647472349344855, 0.3577497852132763, 0.9022497687911283, 0.5428204183557579, 0.7170227182354364, 0.8278927089520057, 0.8245884598609234, 0.7529820689490666, 0.6234409563000031, 0.8137319428326862, 0.8910408012711862, 0.6982698637568046, 0.5912208087662729, 0.746523637822453, 0.5295101646420272, 0.48542902473008376, 0.3305975459521787, 0.42784511069801745, 0.6255395698125337, 0.7430222359990183, 0.6172094081315013], [0.3837881354575885, 0.2674779132388605, 0.4621108692099325, 0.45727358627793024, 0.3988938260710754, 0.4555183765347073, 0.5272325204694405, 0.335465091658636, 0.4592476669551001, 0.4513344469363949, 1.0, 0.4300303865015688, 0.38628838184248293, 0.18515258044478233, 0.14513547189702325, 0.47936750776099135, 0.16855691809796203, 0.3772870674484109, 0.17033008640251746, 0.18445100523512026, 0.39849654170779736, 0.23868281376207012, 0.1508049403132521, 0.2554109568533489, 0.1468184892514972, 0.19960510470231085, 0.21719262007656603, 0.17583560956955824, 0.08174246134206009, 0.157898688928923, 0.32560213724932274, 0.4368154580928607, 0.48741522125581627, 0.44429835100374526, 0.336029298537434, 0.48737582521992684, 0.40590379466312543, 0.39758968040109033, 0.3168713321097574, 0.4319276168561862, 0.2371650173623323, 0.45611154380102725, 0.35431596768241413, 0.477540914901903, 0.2464725574961426, 0.41735562913562607, 0.4607806857268525, 0.26214996264877755, 0.30503541688465474, 0.3214455282675678, 0.19756412157251024, 0.4510472457623518, 0.39155880440940527, 0.41638106263494556, 0.18246896222112952, 0.13633661610356673, 0.339013997628447, 0.29507897882550793, 0.3123929437955968, 0.4383007276474503, 0.318779892215733, 0.2309604561341323, 0.48584864070912315, 0.44909172852713053, 0.4514500785625124, 0.34597152222548366, 0.3900058883634585, 0.2763384579430156, 0.37846544266037574, 0.5516885179790368, 0.468512033341123, 0.4181235089289874, 0.3293481015149011, 0.3268234325011943, 0.39499886930319317, 0.24604649619053665, 0.3637741870400417, 0.5565013018404409, 0.33533937807038083, 0.5016033688615322, 0.35159367015224197, 0.3762043503213943, 0.42079258658591046, 0.2944912870050507, 0.4332472648575125, 0.38875912841251514, 0.42556739930377474, 0.22513368567413272, 0.1449348292227145, 0.08037291951338632, 0.2535366541848103, 0.47431407984664986, 0.21075900526638525], [0.22023777344046214, 0.4262556015350588, 0.465527914602065, 0.22257643672991245, 0.4540161764920987, 0.25298476132006265, 0.525126799968412, 0.4290530525223498, 0.4714370148089746, 0.3908117830314142, 0.4300303865015688, 1.0, 0.3872490912461868, 0.043324962059311356, 0.19573188513252493, 0.5004165032394362, 0.1610653005196716, 0.38510985299895983, 0.1127539827941777, 0.21014875648173525, 0.39533137946308017, 0.18114105608821696, 0.1960655336590208, 0.1928439205590825, 0.17647574858927995, 0.25498323512686716, 0.21105996622919765, 0.18328076490172696, 0.3557997634489465, 0.2595757672615093, 0.32670860884529707, 0.4732609472524506, 0.47783494704098206, 0.4276614699795318, 0.41682387378007335, 0.4602591582143669, 0.445245002428999, 0.4802293959721955, 0.25675582121861373, 0.4283193096635203, 0.3179266394969821, 0.37299864128381377, 0.3733743276746979, 0.3828192350145342, 0.26422761865480315, 0.27287711445253393, 0.40654662910105865, 0.21145763985057253, 0.23262844117547998, 0.40826849128229437, 0.41310538118335804, 0.5071926304955605, 0.4155196029873309, 0.43799706926005166, 0.14178895438519934, 0.2460275129888816, 0.2168920861297865, 0.26448630904077386, 0.26115027417678116, 0.46398595404682275, 0.32300611360649056, 0.12158082672726689, 0.09135992736556187, 0.3847293594313872, 0.4190779226690332, 0.36375251241265094, 0.41704845831534687, 0.3808311949583527, 0.48165849111427517, 0.3816530636155694, 0.39027379031213827, 0.4520684178347667, 0.4278788125104469, 0.2622703839910394, 0.3986563480489399, 0.17946933732505754, 0.3635241704049901, 0.4036191201147237, 0.3165650564862872, 0.43724136491901855, 0.232236529963749, 0.3690241972878836, 0.48018650618693415, 0.31435943503080743, 0.3989474598401691, 0.1878155719054705, 0.08051251338879539, 0.34279784601385654, 0.22643454672862529, 0.19602195832450664, 0.47090334130083344, 0.3545167699181735, 0.26586316338659266], [0.3890226571692408, 0.31765567548879603, 0.8637046199574409, 0.5771343257514022, 0.929286773304531, 0.46961497753093395, 0.8952029586628425, 0.34690761182277763, 0.8443977626351772, 0.9069321796270254, 0.38628838184248293, 0.3872490912461868, 1.0, 0.554024292736673, 0.18314234050512568, 0.9394483948907144, 0.279221945874111, 0.9540162295405193, 0.5265517170697008, 0.2714527152060371, 0.8794301426946232, 0.3199065909668959, 0.29823325210878404, 0.38752494078737065, 0.3064870420206385, 0.2619934904169585, 0.2405982007160683, 0.2447037897485177, 0.367380255826229, 0.3120345802883906, 0.36894297242387086, 0.9332826649445741, 0.7729259969928626, 0.9280171883367375, 0.7951856790843497, 0.6597430860211437, 0.5697902376732986, 0.7908698263825185, 0.6086372885294324, 0.9221269943190399, 0.5904968183047155, 0.841482652849112, 0.7307783256423508, 0.9176422178516739, 0.289040985580304, 0.6493360693647673, 0.7782252776458098, 0.37144525273451245, 0.5369193468299254, 0.6384111283693097, 0.4637915331498925, 0.8996065466589273, 0.7112303709747592, 0.673121058202301, 0.2828999698321132, 0.4404758298189916, 0.35428749050261876, 0.5052280337343966, 0.47635936164675385, 0.5183761781156326, 0.45231181175114854, 0.5155574312155903, 0.3846313552059064, 0.8582022829921351, 0.9679534631360304, 0.8788509349786238, 0.8586813283502837, 0.8452727258441297, 0.866001052530226, 0.6120926635655387, 0.8424060566709088, 0.8637911614846445, 0.8845541325771236, 0.34746586174521554, 0.8284165259656099, 0.5825863429945007, 0.7133229360062322, 0.7911558758641272, 0.7369888856478893, 0.7345798305246345, 0.4466535376882095, 0.7413202168773586, 0.88477601570558, 0.6614782465398105, 0.43787797549450247, 0.647799398839851, 0.5347388739083353, 0.3923124603636625, 0.3533627903777906, 0.37612642905227334, 0.5757290074521545, 0.6613881360773309, 0.6431995939592582], [0.3822145412619975, 0.19514837259864848, 0.4982353604643581, 0.5155135567214809, 0.43627887308649727, 0.35458110396875164, 0.5233215119973916, 0.3820997877108592, 0.48837461629114043, 0.5735551489296606, 0.18515258044478233, 0.043324962059311356, 0.554024292736673, 1.0, 0.195196945691531, 0.5027478561474168, 0.20890805272529955, 0.4400927496409306, 0.3409747938102461, 0.3506032516527371, 0.37666348734674115, 0.23163753963070643, 0.2425697176387045, 0.3095379474987635, 0.22551272371449882, 0.2674220822512575, 0.21230859403963254, 0.220257443601943, 0.21182198572310862, 0.268311460833328, 0.4853599144519838, 0.4411390900810309, 0.5405948185712894, 0.5263924084209165, 0.585992113580167, 0.39920471839886895, 0.47101389039334185, 0.5312414980536647, 0.4700602708834034, 0.4750290364779277, 0.5334618753802692, 0.5279105825715079, 0.6096998460100618, 0.4807895407512487, 0.26744731069384153, 0.41282674780406614, 0.365667391690215, 0.24292733600673, 0.38085362330877004, 0.4353330670682849, 0.4404565442328019, 0.44323847595397337, 0.7197341342763192, 0.3602967296965369, 0.13481166029281122, 0.3802893865225804, 0.12145111664196806, 0.29303508869075556, 0.28773726232885777, 0.3056540259262148, 0.17881828917475417, 0.40594855935658125, 0.2309911051864909, 0.6399659725461769, 0.506713442852153, 0.4868559521261422, 0.5459118791840785, 0.5018278367361707, 0.5302440178944525, 0.4461674836096544, 0.43569331735018124, 0.5955993354691674, 0.426709333009035, 0.35520265375586524, 0.5116067993671578, 0.1543268544435651, 0.30894584191410923, 0.41493421817027865, 0.6764468950042782, 0.46042614637169765, 0.3311675168285567, 0.4316450140012805, 0.5014048292970003, 0.39066885337855217, 0.22152030125712396, 0.359953764504225, 0.3894472293822274, 0.2499969909820814, 0.3415236671213282, 0.24304810405212585, 0.24782634732282705, 0.49705535005971835, 0.18737190347160382], [0.14171437009864762, 0.15226949247565003, 0.20919803076719712, 0.2682531855685678, 0.17012733765309662, 0.16624193250999675, 0.29344756368953195, 0.16998618546913002, 0.2639374009820674, 0.2422256746789183, 0.14513547189702325, 0.19573188513252493, 0.18314234050512568, 0.195196945691531, 1.0, 0.2500308983803732, 0.12339470496358351, 0.1510604371334392, 0.18253851367013052, 0.17712332916828322, 0.1550558844977321, 0.12744667730985215, 0.14938212118386995, 0.1009812232056535, 0.1258395052739989, 0.1373984577312779, 0.16130461683385144, 0.13976322925100448, 0.18717925976050553, 0.13427090228775773, 0.12543955847161037, 0.23422986550247027, 0.2308583665648537, 0.2115532340302072, 0.199143012103852, 0.2618442328385153, 0.1754284838541479, 0.22800151668455126, 0.1363526039987284, 0.2345764456509989, 0.16420165784406016, 0.26294512053275054, 0.18564500069020762, 0.22446271105843563, 0.1234654834585116, 0.3091437385170228, 0.2548678615994602, 0.1540294839845553, 0.17201774582537488, 0.1474796143404522, 0.15485261479305712, 0.21600935300163726, 0.18334493430472953, 0.23970776830455442, 0.10374953895911532, 0.16654960683571962, 0.2611858760628182, 0.21316588715167983, 0.1994176422842049, 0.2509965969989809, 0.176063241698302, 0.09807975160666382, 0.1509615414917148, 0.2733064018148703, 0.1685597455688933, 0.22339524648944142, 0.2578651549764772, 0.20539380259418916, 0.2531756510858152, 0.23544732542036195, 0.21835038153879394, 0.19933875202228268, 0.16597553581518476, 0.122163616387861, 0.21940620158363577, 0.1669654209132232, 0.27056465026696697, 0.2116219777872359, 0.262996970790103, 0.29623158259114546, 0.24263345407057013, 0.2537425756689131, 0.2781809334312225, 0.3350469649266139, 0.2855077866773772, 0.18077060318259386, 0.14359474898751412, 0.15856431690006256, 0.12892483735949278, 0.1200021471302739, 0.29333940625505206, 0.26196564270642964, 0.1650741816765069], [0.41344033395803337, 0.3594004984144885, 0.8426249239424761, 0.5252721438031741, 0.878031500548323, 0.4628208247213512, 0.9096595691836626, 0.3850026488837158, 0.8511512962916767, 0.8480268997799502, 0.47936750776099135, 0.5004165032394362, 0.9394483948907144, 0.5027478561474168, 0.2500308983803732, 1.0, 0.2691740931669674, 0.8897737190361498, 0.5001051211570033, 0.28909769701868826, 0.8287535029491437, 0.33379067916621663, 0.2973853512930562, 0.29826285190189883, 0.38750428209865495, 0.2187151349595976, 0.2263782481304697, 0.29122077827822423, 0.35131048565706746, 0.2667327823315382, 0.3820825029721884, 0.9312829394908947, 0.8228044375911461, 0.9296332482106388, 0.8184583092243577, 0.6813811132623832, 0.658624792389603, 0.7851474738106243, 0.6450126649972268, 0.9120488578913828, 0.5810451143104831, 0.8492643897951736, 0.7795048922146405, 0.9336817751366441, 0.34661534559853147, 0.652991916872828, 0.8111405881213218, 0.3177225272638964, 0.6152821405209581, 0.7135591411282596, 0.5005113870060219, 0.9085130804393833, 0.7253761869011414, 0.7942033351674914, 0.3096051603716703, 0.47872911570642374, 0.43832432617631234, 0.6052315712326838, 0.5891971287100097, 0.6180564321615003, 0.47955813392743774, 0.5837914541699336, 0.3751109810910993, 0.8294690635824948, 0.9269875217993699, 0.8636273860347101, 0.8297060306484314, 0.8301890856160116, 0.87223769721171, 0.6386669192264264, 0.824207810415889, 0.8371015880684559, 0.8715438870153754, 0.3979312580238623, 0.8192009577994983, 0.6365694960758757, 0.7097612720638895, 0.8158221989035439, 0.7303937343793324, 0.7060410651975138, 0.4316402887533851, 0.742695126793936, 0.8529809101721844, 0.6178172515995524, 0.46865613533757133, 0.5872641389173874, 0.5918606244215299, 0.5098345264824125, 0.4104828538212859, 0.3635374196053929, 0.5562715789589014, 0.701822173393493, 0.5691655624478503], [0.11110471789920418, 0.10278823595447895, 0.27341474753568173, 0.2159205403892952, 0.22760330252214223, 0.1246694965103895, 0.2477346143782193, 0.21476828122168024, 0.30398831863188347, 0.2844324224486947, 0.16855691809796203, 0.1610653005196716, 0.279221945874111, 0.20890805272529955, 0.12339470496358351, 0.2691740931669674, 1.0, 0.21912970808372934, 0.2674972032500149, 0.1585562681012701, 0.22647849834343203, 0.14114891683352504, 0.10911514605612294, 0.15089794321146166, 0.12263307513604749, 0.10825754724142456, 0.12473989194935065, 0.11167328687832345, 0.1309319912103878, 0.1437150093351498, 0.16399746320844344, 0.24130733965740847, 0.22464058836812306, 0.2660363914751184, 0.28476237047832575, 0.25419576147630374, 0.24347034866770456, 0.3135842381331658, 0.26932919631082797, 0.21162966934683858, 0.18650665783506348, 0.24398476530443158, 0.2538545491280084, 0.23986866738973256, 0.15199463139888025, 0.2395308212360895, 0.23812152422116106, 0.12167014611929927, 0.1209111199104651, 0.21624049764200282, 0.1269899724813487, 0.26812313250119224, 0.23843769471170928, 0.20113998943961364, 0.13310099308933399, 0.12820639310033377, 0.17905398792261484, 0.22604862927939517, 0.28675272256796835, 0.22597370448985854, 0.15214519579180852, 0.21237756687673204, 0.13733641500545934, 0.23233439917334864, 0.23244441378253755, 0.22003817349371835, 0.28782721067684514, 0.3220088597513846, 0.22680240460808132, 0.23653472384751661, 0.28658372153561684, 0.33575683108343735, 0.3205677108959569, 0.16395027351888802, 0.23645255285632305, 0.149016041834372, 0.29718829200188157, 0.19177775806799124, 0.2513921943742423, 0.15416512265205307, 0.1887924590217186, 0.2958612301522925, 0.2347444474085274, 0.14959997925734614, 0.2046823973877494, 0.2029748135747953, 0.2139878680948205, 0.12123916511358113, 0.17084284625942558, 0.1504236243286703, 0.23690822050441007, 0.20618565036976078, 0.19227610393394667], [0.35778319780910084, 0.310396685679009, 0.850796030101923, 0.5982928066626467, 0.9611833025010572, 0.5033957454747261, 0.863969234629485, 0.29377542586021543, 0.8036686249435888, 0.8690743871295915, 0.3772870674484109, 0.38510985299895983, 0.9540162295405193, 0.4400927496409306, 0.1510604371334392, 0.8897737190361498, 0.21912970808372934, 1.0, 0.5518906286098523, 0.2340278749181003, 0.9055840263909473, 0.2183339042029372, 0.2572750021493706, 0.32431941710106327, 0.3025753729474925, 0.25686880085118047, 0.24833066973427642, 0.3150595912750074, 0.33019131505889243, 0.22355681483017453, 0.3109686796844633, 0.9056405445973551, 0.7210779237899627, 0.8861690619824972, 0.6912170116557055, 0.6223964914501037, 0.4553004973595073, 0.7218307879307198, 0.5579909992097689, 0.8987224103978207, 0.48098419014896776, 0.7889673872025791, 0.6144638687922619, 0.8628004610444594, 0.24549120876601782, 0.5928058850773851, 0.7406261206666526, 0.30326242306566253, 0.39356740150569036, 0.5778320828593099, 0.4720023297340913, 0.9132107090738929, 0.7016113849471924, 0.6450074286541183, 0.2626475453264876, 0.45225970430368034, 0.379081233666299, 0.455070922087345, 0.42362700506264983, 0.5313839460060811, 0.45641187010556317, 0.4568992426361249, 0.3815908944641362, 0.775589993606294, 0.9530795716589117, 0.8065918984587863, 0.8235388329098838, 0.7887608488738815, 0.8015081315625585, 0.5806491469956647, 0.8001658938341641, 0.816627598173733, 0.8243471135853019, 0.2596782588431683, 0.7541455186855256, 0.4852350636059767, 0.6007784679197588, 0.7194827393422023, 0.6586520270232873, 0.6587659519679766, 0.4643604795194227, 0.7422021617056722, 0.8908066963887459, 0.6618266914077846, 0.37488130361348215, 0.5941567153781994, 0.4459648854430278, 0.338405318823756, 0.31299817043434786, 0.29075225296038365, 0.5561725070318968, 0.5874380251770818, 0.6683240361797416], [0.3451640454212508, 0.4699947341197913, 0.6739032040271706, 0.6911633428710767, 0.4714301966703045, 0.3216094336384331, 0.6271089334128195, 0.49886704303378626, 0.6223423583168948, 0.7036478078402854, 0.17033008640251746, 0.1127539827941777, 0.5265517170697008, 0.3409747938102461, 0.18253851367013052, 0.5001051211570033, 0.2674972032500149, 0.5518906286098523, 1.0, 0.2378586063453928, 0.5624235206168465, 0.31719095675647113, 0.2895834085363749, 0.2593743918345033, 0.3205029962672139, 0.23421992072194253, 0.3178777277538902, 0.32706209096380023, 0.38192658322321826, 0.23069472879712505, 0.2760692083078389, 0.44799475375506725, 0.6342372203721011, 0.5954355609297224, 0.61436450300268, 0.44700524057212165, 0.519290416267069, 0.6580070105922627, 0.7233041178412621, 0.4360563690370538, 0.5331417126719676, 0.6850837741465895, 0.6530861014756961, 0.5030337428633188, 0.22118945314013638, 0.5763467230728511, 0.5963448000897623, 0.16793595772980174, 0.506511364141993, 0.6233624339494562, 0.5209038413249657, 0.6137972678358288, 0.5681649560111535, 0.48131168916463296, 0.2333123766078269, 0.2786618388274068, 0.5190893787115657, 0.3131332599537686, 0.4572890287055953, 0.6114066145141771, 0.4513252661011069, 0.3544895560951399, 0.5320791798691884, 0.6569354250864586, 0.484932142440494, 0.6951088768019383, 0.7076998870178842, 0.6039865681101586, 0.6804424148540836, 0.5604462267794368, 0.6555615515890627, 0.6606147961519897, 0.6584784393234958, 0.20251524268322418, 0.7278919948686341, 0.4229468913762049, 0.5279537558160442, 0.5703200814843233, 0.6731321684911183, 0.46093069150872923, 0.7466405524734462, 0.6753317463464596, 0.6167124464560226, 0.5600221179684005, 0.43652821854579504, 0.6008878813317472, 0.3484705227466838, 0.3121565135586031, 0.24470713924757026, 0.16812362231743805, 0.51991767715438, 0.5298940706407406, 0.4756631333255261], [0.21952737139011558, 0.17999152552816788, 0.19498599521438287, 0.3515873704442245, 0.293454375885589, 0.23997567461458236, 0.40339178707575774, 0.2390879808632328, 0.35696643569057807, 0.28731490781625313, 0.18445100523512026, 0.21014875648173525, 0.2714527152060371, 0.3506032516527371, 0.17712332916828322, 0.28909769701868826, 0.1585562681012701, 0.2340278749181003, 0.2378586063453928, 1.0, 0.28868928108482006, 0.17860247755598124, 0.25477029532970685, 0.15989575897289476, 0.2213962718972753, 0.2765116877686312, 0.21699614402410683, 0.25585816409762807, 0.26755844778522386, 0.23627152908612625, 0.14271580601026557, 0.21980372686323568, 0.26316180983757, 0.27637829461762065, 0.2925784461508629, 0.26990284100660233, 0.2866367214720924, 0.3632384694579066, 0.33617933150977297, 0.23371045130984602, 0.20351149195130902, 0.34860434959382847, 0.29428843711819275, 0.2108531633945615, 0.11801254314309484, 0.2622480976814052, 0.2689544150303409, 0.16290767638946435, 0.13699797008441283, 0.3186503851928648, 0.352466579263509, 0.3107736968368042, 0.35505903226310553, 0.23911997649633687, 0.1520059865683273, 0.11140459925184953, 0.23977035857577556, 0.23915994951628838, 0.18950563090508388, 0.46929789115667375, 0.34091479932982716, 0.17943164733129624, 0.2092036466222369, 0.37105843075245104, 0.30079770916123794, 0.2949606414435023, 0.30995503911431466, 0.28636232985874055, 0.3379965980960148, 0.40177764984046216, 0.3183082910159414, 0.40729725060230826, 0.30416381804057835, 0.21475114485374847, 0.3421915659149055, 0.2151342691383109, 0.3539328184538514, 0.33815897487077484, 0.35528004661881507, 0.47101463655194864, 0.1498532365761741, 0.2555186672109756, 0.3767825173601915, 0.31867008256809704, 0.44208233039765477, 0.20766194435741003, 0.24115489365915566, 0.19287252379331998, 0.16065597512269558, 0.1419877933343, 0.3453836704683163, 0.29020661582621876, 0.10968213215594325], [0.3078612686062443, 0.28571348229337035, 0.8444885821200757, 0.7471513283020138, 0.8668722691223376, 0.49865196782816945, 0.820658384850358, 0.3031483480572468, 0.8137156009158689, 0.8435426551597941, 0.39849654170779736, 0.39533137946308017, 0.8794301426946232, 0.37666348734674115, 0.1550558844977321, 0.8287535029491437, 0.22647849834343203, 0.9055840263909473, 0.5624235206168465, 0.28868928108482006, 1.0, 0.22731259486109678, 0.21798710625015505, 0.3195047993462663, 0.29839828178476924, 0.24628527727743788, 0.23768801479558643, 0.2577338724416208, 0.3538078507080715, 0.30753215759001895, 0.3869324508002525, 0.9089489422732245, 0.7911868458075998, 0.8828830107437805, 0.7189591617313734, 0.6918361922082907, 0.4897411403511578, 0.7685170508886112, 0.6571545142868143, 0.8868167354266083, 0.561447471978351, 0.8023838503699406, 0.6380474124160327, 0.8412936858887271, 0.3620618491625307, 0.6835191286955397, 0.7641281612167138, 0.3589958938157667, 0.42898581092791366, 0.6334907938686667, 0.6055627402062267, 0.939820685912617, 0.6885065565440125, 0.6863770476150706, 0.2451797377227818, 0.5707726635184435, 0.47908189629100795, 0.5926233803328351, 0.4739219573756608, 0.6593103181480117, 0.6629573215177359, 0.47986942207167793, 0.45801262791085995, 0.8032765374251862, 0.9059232835757155, 0.7997910863999818, 0.8347712105021674, 0.8042838663602907, 0.8222421040110109, 0.6562681424318284, 0.8300994975775122, 0.8300822950673954, 0.8566329946147596, 0.32436369375865426, 0.7338161709264851, 0.5411368920770725, 0.6032085133187282, 0.7374312059640266, 0.6866278379642198, 0.6601142444028746, 0.5669467022178454, 0.8182391823786289, 0.9305601948417674, 0.7472843151926049, 0.6108414582139762, 0.7079500280657743, 0.5585277357918551, 0.41591319084225153, 0.33923330532514706, 0.5036835655392438, 0.6882593179271795, 0.7101084589167465, 0.768051775868166], [0.14922918117488315, 0.15205380183020545, 0.30137169876496483, 0.31009759028288375, 0.3155818894592529, 0.24092010731629243, 0.32073184994971493, 0.1787816271369953, 0.37536583633797993, 0.28408123002962116, 0.23868281376207012, 0.18114105608821696, 0.3199065909668959, 0.23163753963070643, 0.12744667730985215, 0.33379067916621663, 0.14114891683352504, 0.2183339042029372, 0.31719095675647113, 0.17860247755598124, 0.22731259486109678, 1.0, 0.16065821596934615, 0.18888015202550412, 0.19322482138452812, 0.15770147148453217, 0.17090510973788098, 0.17282960225061528, 0.219435636853324, 0.15989586439239267, 0.20628719450657118, 0.25067415300353657, 0.3190067252556965, 0.2728795986132201, 0.34