"[[1.0, 0.8990672301638956, 0.8680074593976834, 0.8637581283708763, 0.8421325427834973, 0.9452963169698567, 0.8791860458333308, 0.8554797291990497, 0.8358287873548748, 0.8244472410763238, 0.9056516402406168, 0.7910578914295641, 0.8396880670175346, 0.8106534377718487, 0.07874497981841122, 0.8336161851350946, 0.49199987064125494, 0.8155882267061586, 0.8154321100241503, 0.9063241040639942, 0.8154321100241503, 0.5855358296113745, 0.49530279347644646, 0.5791547296304035, 0.9885679834487894, 0.5633944870387996, 0.495675018283366, 0.5222391080562928, 0.7223634979497964, 0.726302223508011, 0.7824495993041899, 0.9535339333822563, 0.954619858420458, 0.8631319228125008, 0.8542873891759792, 0.9749005715169666, 0.8663298260051185, 0.8585359198197805, 0.9294685892492653, 0.8628973427629238, 0.824447038631578, 0.9356811466979041, 0.8652647139534116, 0.8681481255329226, 0.2979148726431389, 0.2834592812638579, 0.866395815566281, 0.03150151383684663, 0.9348925189228429, 0.29822397430491043, 0.915524941619024, 0.8923416554003542, 0.2979148726431389, 0.685607769762155, 0.4290294585749307, 0.8655973755658675, 0.6795743704849722, 0.4593692030414762, 0.9542749646097373, 0.718361603273979], [0.8990672301638956, 1.0, 0.5837499672323481, 0.6793740449770739, 0.6266602040125386, 0.9772303320601059, 0.739781766606753, 0.6966072505844254, 0.6269204910733184, 0.6009550309151833, 0.9997739831919897, 0.8242686999782033, 0.6289245013329843, 0.6242496112461842, 0.04035309220547878, 0.6276513073413877, 0.2808075620700514, 0.6316844434536993, 0.6316845303113601, 0.9898550735166698, 0.6316845303113601, 0.33063365084884944, 0.7752255505111507, 0.24635369073861058, 0.8554264647771089, 0.8239213876141139, 0.7751581911804278, 0.7529317153346803, 0.838260133396486, 0.9164452594362682, 0.5813690927589286, 0.9530574958272088, 0.9612127934934103, 0.6135173176020227, 0.6224347726309187, 0.9700354957898447, 0.5734848398561847, 0.6654586611425348, 0.6762774081540638, 0.6135976118026145, 0.631368473069799, 0.9895702844475155, 0.6096919597414279, 0.5930071236810356, 0.0, 0.0, 0.6067608677916987, 0.0, 0.9586590180092606, 0.0, 0.9965294264934728, 0.6854945950580384, 0.0, 0.36014918619206193, 0.10476570156658704, 0.9925886148188454, 0.33496638412400204, 0.25695388172318845, 0.9501868097391636, 0.3692356747344484], [0.8680074593976834, 0.5837499672323481, 1.0, 0.9452235465337677, 0.9586845826099537, 0.7177954624998792, 0.906555746521628, 0.9158277645969612, 0.9504290742696101, 0.9394773520997235, 0.5988485779935657, 0.5487985275267545, 0.9556225329774862, 0.9183565100975986, 0.08165910358055684, 0.9474953815657672, 0.5706646042263173, 0.9243157798902372, 0.9241162941644544, 0.6094777718331696, 0.9241162941644544, 0.5680614760355381, 0.0, 0.6738503781206845, 0.9194446461755829, 0.0795707190112993, 0.00044094967391838935, 0.05120296929362056, 0.31944042749350643, 0.30736074955601733, 0.6895607773941791, 0.7732651598380176, 0.7615987936307403, 0.9881653066563608, 0.9754858192057381, 0.763347693334553, 0.9988466062421626, 0.9499665252053334, 0.9773263258256474, 0.9881266718751143, 0.9356935438712531, 0.6808594548602248, 0.9918051517450451, 0.9986814600388856, 0.38064440031534186, 0.35931023165475606, 0.9935556162383801, 0.03345019235115432, 0.7107030339250395, 0.38096920179801863, 0.6020903642001229, 0.9714404025982777, 0.38064440031534186, 0.7691645527283191, 0.528638659588056, 0.5092565770924894, 0.7966371103548795, 0.38866007465148344, 0.7779145120805327, 0.8490149756652754], [0.8637581283708763, 0.6793740449770739, 0.9452235465337677, 1.0, 0.994630726041728, 0.812074544893477, 0.981687202581304, 0.9880467455807693, 0.9934164564705386, 0.9561019051262389, 0.6947578438440053, 0.5833461440450372, 0.9975082525534268, 0.9839883349070135, 0.05261233811530941, 0.9939008994138545, 0.4655145768536306, 0.9957422101385673, 0.9957078033685256, 0.7000955181660603, 0.9957078033685256, 0.3028097998844663, 0.0650144062533008, 0.40382903321334274, 0.9286023324089231, 0.14645645551848763, 0.06500875715299748, 0.07080280420210361, 0.2845066867267412, 0.38260729383493186, 0.4932627320270162, 0.8687699491412549, 0.8549135774455409, 0.982513165864133, 0.9923590564520265, 0.8225258696435037, 0.9295562351092812, 0.9997633796901519, 0.8983079436690623, 0.9828477465433771, 0.9972931087268699, 0.7775649947609349, 0.9782533957971764, 0.9574372103546478, 0.06587182470947806, 0.05974123291233269, 0.9744728626857427, 0.0, 0.7927756089751643, 0.0658683199517891, 0.6713959701657041, 0.9946082920310482, 0.06587182470947806, 0.5315307236779379, 0.23009898603527812, 0.5915378714371726, 0.562942257826806, 0.11140770190191474, 0.8722375704473252, 0.6354633138566199], [0.8421325427834973, 0.6266602040125386, 0.9586845826099537, 0.994630726041728, 1.0, 0.7727608489492039, 0.9785268674610368, 0.9879427072915762, 0.9994435756719863, 0.9774345180795965, 0.642868682010045, 0.58374743772563, 0.997411558069874, 0.9912447958812811, 0.12279309878663658, 0.9992294022169522, 0.5357858899192605, 0.9921004843884973, 0.992046146363051, 0.6590977565051015, 0.992046146363051, 0.3225067824048662, 0.0, 0.4448882628695727, 0.9103776916933285, 0.08181375304202354, 0.0009371285498085413, 0.02684773843316901, 0.23738023715764267, 0.3379985618484438, 0.5106850135794858, 0.8301062612771108, 0.8156407333532268, 0.9908306040061234, 0.9952312276834491, 0.7839696263373905, 0.9439507683891156, 0.9960286794623464, 0.902274552030689, 0.9883983758130529, 0.9948354047741018, 0.7309080065725285, 0.9855056394000598, 0.9670944835037263, 0.1038780516031318, 0.12415895574122682, 0.9847479338848191, 0.07109004066222735, 0.7651089554884044, 0.10460585078490914, 0.6214004005351443, 0.9919163800117862, 0.1038780516031318, 0.5579199974061734, 0.2669715654590301, 0.5360860305213048, 0.5926078702730645, 0.12742469082319063, 0.8361640613837698, 0.6641602991978648], [0.9452963169698567, 0.9772303320601059, 0.7177954624998792, 0.812074544893477, 0.7727608489492039, 1.0, 0.8653307121471638, 0.8320838761307964, 0.7744855898419053, 0.7541566479353238, 0.9813197259274075, 0.8455012564723103, 0.771087916440045, 0.7749300185779855, 0.10891956577057194, 0.775109367353366, 0.39595350085137204, 0.7744717216739749, 0.7744718281651237, 0.9835485074126109, 0.7744718281651237, 0.32793151343712923, 0.6295051275392914, 0.297771808625687, 0.9277388501337319, 0.6902914664580293, 0.6302754214976173, 0.6244055490096073, 0.7337858628542171, 0.8433085590018107, 0.5952407079212823, 0.992744726653624, 0.9957124862618151, 0.7548076132102337, 0.7631312358328645, 0.9911795144382419, 0.7039927248723287, 0.8008114767391569, 0.7738168134476391, 0.7523650773458047, 0.7740843286809177, 0.9962432150152138, 0.7482612488429077, 0.7270516993123425, 0.0, 0.026365016252069107, 0.7468872696176097, 0.06258339859988082, 0.9888663441775734, 0.0006455762079125016, 0.9707836557207397, 0.8135561007916453, 0.0, 0.4154686644974721, 0.12844716077071439, 0.9463816888919563, 0.4046309347400825, 0.21620394094361184, 0.9933399206007788, 0.45269848209583197], [0.8791860458333308, 0.739781766606753, 0.906555746521628, 0.981687202581304, 0.9785268674610368, 0.8653307121471638, 1.0, 0.9977586595080933, 0.9823329029973122, 0.9700987385597462, 0.7535515763832228, 0.7106907559790319, 0.9712490646576393, 0.9872148927716821, 0.20380318571288192, 0.9828022174089257, 0.558787939560001, 0.9755112474754056, 0.9755113816098233, 0.777804870752019, 0.9755113816098233, 0.259895895325857, 0.15939402102999756, 0.3598148691397769, 0.9296275583079839, 0.23809752241277737, 0.1613781056287944, 0.1863019431538282, 0.3440340100161352, 0.49734337674218, 0.5063132432356543, 0.9035495331091297, 0.8929932307491895, 0.9537754457913833, 0.9612269667454039, 0.8574010445356897, 0.8872297029742372, 0.9789444649941133, 0.8654768300149382, 0.9477457927463786, 0.9750232939306285, 0.826499262892855, 0.9433723856259405, 0.9157818036820001, 0.0, 0.06384982408541362, 0.9442213936332416, 0.15156216681475088, 0.8668225219416077, 0.0015634326531359655, 0.727335708431095, 0.9716657530028765, 0.0, 0.47182023442542653, 0.16178983238701272, 0.6579701592466207, 0.4977204210784729, 0.07724511490366759, 0.9108810513833372, 0.5702112144843821], [0.8554797291990497, 0.6966072505844254, 0.9158277645969612, 0.9880467455807693, 0.9879427072915762, 0.8320838761307964, 0.9977586595080933, 1.0, 0.9914098030967724, 0.9759303451911955, 0.7114250776272986, 0.6677477724057892, 0.9817894708416135, 0.9953387084696097, 0.18848119332288094, 0.9919578548020781, 0.5508740624021323, 0.986097908672398, 0.9860980442624993, 0.7348200806527612, 0.9860980442624993, 0.24660039400700762, 0.09507474386637593, 0.35883429548247625, 0.9148054047794894, 0.17485527902619558, 0.09686292481606507, 0.12065639733636657, 0.28727437383340093, 0.43824350991425365, 0.48091216474020837, 0.8771889238754055, 0.8648268996192461, 0.9634202908763558, 0.9716586088783695, 0.8259338385821003, 0.8963128016250582, 0.9864673666713293, 0.8634834585867658, 0.9580125813366104, 0.9856046596490994, 0.7908099912382527, 0.9534064981057285, 0.9257202556588917, 0.0, 0.05741054787310751, 0.9536642619732472, 0.1362770713671857, 0.8316137460833133, 0.0014057599447598879, 0.6835751119754658, 0.9766771702903799, 0.0, 0.47157169321115144, 0.1635456441677915, 0.6094293954662467, 0.5018764629924451, 0.05774471819803206, 0.88454298240268, 0.576399388074481], [0.8358287873548748, 0.6269204910733184, 0.9504290742696101, 0.9934164564705386, 0.9994435756719863, 0.7744855898419053, 0.9823329029973122, 0.9914098030967724, 1.0, 0.9807500819702085, 0.6431357013590261, 0.5945097140330435, 0.9955188783418106, 0.995087811021892, 0.145242875307663, 0.99993852408804, 0.545944854878125, 0.9924996035109988, 0.9924581986586034, 0.6624436861396691, 0.9924581986586034, 0.29946677258580556, 0.0, 0.42512755411890335, 0.9045416144613916, 0.08155539690826763, 0.0012332013913546325, 0.02864731061698189, 0.2289226928313276, 0.3432678090205701, 0.4966916075772143, 0.8304510508736086, 0.815982537696542, 0.9863859042725688, 0.9914322209113108, 0.7814181044460939, 0.9344168661170419, 0.9945155485949384, 0.8907408627456191, 0.9829639414705655, 0.9944671914961024, 0.7312115935811067, 0.9797295489575312, 0.9589841017558142, 0.07921571281971729, 0.1112537757112948, 0.9794521519633701, 0.09354995861989479, 0.7696993275288592, 0.08017650844327195, 0.619635966127029, 0.988199330297048, 0.07921571281971729, 0.5364427566090938, 0.24271912043006494, 0.5354489668905487, 0.571566260422835, 0.10398344365194623, 0.8371914539830349, 0.6443907396091696], [0.8244472410763238, 0.6009550309151833, 0.9394773520997235, 0.9561019051262389, 0.9774345180795965, 0.7541566479353238, 0.9700987385597462, 0.9759303451911955, 0.9807500819702085, 1.0, 0.6164986482275803, 0.6797304096752225, 0.9597166773151581, 0.9825906470630698, 0.3266848472356767, 0.9792853301292924, 0.6985260859471206, 0.9514232743937877, 0.9513530917386404, 0.6607182367088307, 0.9513530917386404, 0.3430565614301708, 0.0, 0.4867949583587725, 0.8817035744815844, 0.07886562655015672, 0.0036567307590413822, 0.07322592966221098, 0.23957906285050046, 0.3719744431155392, 0.5636680643499257, 0.7960558700145126, 0.7841502804764467, 0.9669907574542203, 0.9602838862724214, 0.7558254118439836, 0.9249336476757112, 0.9578602433756206, 0.881876415634322, 0.9562723426710864, 0.9551180400350079, 0.7009266598923205, 0.956604444955443, 0.9392994491909362, 0.13408172556712372, 0.23846444655224586, 0.9637377325684655, 0.2773975228949832, 0.7780971211055213, 0.13693607321047718, 0.5987324630784396, 0.9569887588126097, 0.13408172556712372, 0.5653189870716945, 0.29000794578913625, 0.515295490077682, 0.597996371826091, 0.1549726924497643, 0.8082088172399278, 0.6648806913541652], [0.9056516402406168, 0.9997739831919897, 0.5988485779935657, 0.6947578438440053, 0.642868682010045, 0.9813197259274075, 0.7535515763832228, 0.7114250776272986, 0.6431357013590261, 0.6164986482275803, 1.0, 0.8246042202690073, 0.6451915450620678, 0.6403957396009907, 0.04107696855869303, 0.6438854200870336, 0.2880706101497006, 0.6480228726973752, 0.6480229618015971, 0.9904346332535293, 0.6480229618015971, 0.3310254341522252, 0.7616207986773248, 0.25139584008754723, 0.8648584152957878, 0.8116897323873845, 0.7615546214631841, 0.7397182071780012, 0.8291167906539031, 0.9092564578962256, 0.5826038750990651, 0.9592793549814524, 0.9668545319976384, 0.6293858566918968, 0.638533960440313, 0.9743495789430345, 0.5882500319265601, 0.6810905066409626, 0.6879674537844105, 0.6294682276906887, 0.6476987297839565, 0.9924091291840682, 0.6254615564885155, 0.6083451694911958, 0.0, 0.0, 0.6224546522579496, 0.0, 0.9625255383813051, 0.0, 0.9959838276926816, 0.7004051706669683, 0.0, 0.3667286100087598, 0.10747545169570394, 0.9898889016300279, 0.3429956230530318, 0.2532362106621946, 0.9565669245317049, 0.3787859035051715], [0.7910578914295641, 0.8242686999782033, 0.5487985275267545, 0.5833461440450372, 0.58374743772563, 0.8455012564723103, 0.7106907559790319, 0.6677477724057892, 0.5945097140330435, 0.6797304096752225, 0.8246042202690073, 1.0, 0.5450325509990345, 0.6189654123541743, 0.5929665413997016, 0.591865669494504, 0.7305817553732475, 0.5397486041790482, 0.5397055189353949, 0.8934858294648887, 0.5397055189353949, 0.35409503231594686, 0.6234896056049138, 0.3606671247714204, 0.7369151518482219, 0.6661998871272415, 0.6308128564709826, 0.7314116424893233, 0.7091173009811409, 0.8753038031259596, 0.6708330206690564, 0.7930073586275516, 0.8042498799320866, 0.5668126708068578, 0.5458353145234085, 0.8143883159246611, 0.5384141186256868, 0.5731564009209366, 0.6107776787089052, 0.5444186485497697, 0.5420386399403611, 0.8192075071928913, 0.5491558854646587, 0.5350161463524132, 0.08230136071692351, 0.3104088756991623, 0.5675498544209875, 0.5596473448140783, 0.9134288060532075, 0.08806999859984699, 0.8277758232554691, 0.5961801309609429, 0.08230136071692351, 0.3768687896846321, 0.1706724132420886, 0.8181659015300992, 0.3563754304517017, 0.28584011884722504, 0.807791544031336, 0.38224890139058276], [0.8396880670175346, 0.6289245013329843, 0.9556225329774862, 0.9975082525534268, 0.997411558069874, 0.771087916440045, 0.9712490646576393, 0.9817894708416135, 0.9955188783418106, 0.9597166773151581, 0.6451915450620678, 0.5450325509990345, 1.0, 0.983912123775146, 0.0519904422010925, 0.9957244886040504, 0.47503656058379307, 0.9956795160256476, 0.9956306845491129, 0.651707258865933, 0.9956306845491129, 0.3129814594393696, 0.0, 0.42679801256249317, 0.9109317553199718, 0.08198068688084825, 0.0, 0.010855920083903903, 0.23447169664099266, 0.32290590080317927, 0.48800325121721244, 0.8331056656928687, 0.8179236759501538, 0.9888864544275827, 0.9969730588812113, 0.7855358567914454, 0.9410146993864522, 0.9987794481546471, 0.9002928308833548, 0.9893078878918015, 0.9980860523436597, 0.7335489801498793, 0.9853662824973335, 0.9668420026252943, 0.09337847709330549, 0.08468788246923131, 0.9819367354916824, 0.0, 0.7527571329198786, 0.09337350882444373, 0.6227554080409141, 0.9936829158433864, 0.09337847709330549, 0.550380012415185, 0.25721190227098956, 0.5376446202887923, 0.5853786371222861, 0.11754339456228591, 0.8370221242288631, 0.6577364566248927], [0.8106534377718487, 0.6242496112461842, 0.9183565100975986, 0.9839883349070135, 0.9912447958812811, 0.7749300185779855, 0.9872148927716821, 0.9953387084696097, 0.995087811021892, 0.9825906470630698, 0.6403957396009907, 0.6189654123541743, 0.983912123775146, 1.0, 0.20436366446308718, 0.9955656929834963, 0.5656085951583821, 0.9882298765542694, 0.9882300124375197, 0.6678152220139025, 0.9882300124375197, 0.22413135664938022, 0.0, 0.35805061125176596, 0.8808476205406273, 0.08027458552460509, 0.002016562658282983, 0.031785377020388195, 0.2006298608422148, 0.3554845094773168, 0.4465681968586196, 0.8269130664070244, 0.812419233193429, 0.9661872132045514, 0.9737593586396802, 0.7689030247614024, 0.8984577914949845, 0.9841267038147838, 0.8489254074678618, 0.960101801497381, 0.9877355611144758, 0.7280964006300534, 0.9556652159055105, 0.927721685573006, 0.0, 0.06444514631951381, 0.9565053279434591, 0.1529753003518537, 0.777593984661432, 0.0015780097680029304, 0.6105386834886671, 0.9708063047651532, 0.0, 0.46484619039870656, 0.16389923386463523, 0.5304228885027402, 0.5011649135543166, 0.028529616603798158, 0.8354386068707632, 0.5776455776989571], [0.07874497981841122, 0.04035309220547878, 0.08165910358055684, 0.05261233811530941, 0.12279309878663658, 0.10891956577057194, 0.20380318571288192, 0.18848119332288094, 0.145242875307663, 0.3266848472356767, 0.04107696855869303, 0.5929665413997016, 0.0519904422010925, 0.20436366446308718, 1.0, 0.14095948057770658, 0.8476933564359366, 0.05221859456437494, 0.052218601744518534, 0.17801797073685321, 0.052218601744518534, 0.020121427825152582, 0.009503568715090505, 0.15244467189819721, 0.05012879473570708, 0.01371324695990106, 0.022666438140647616, 0.21671849531408338, 0.01930554626837011, 0.2539932961876641, 0.25035120896816276, 0.04889837021458476, 0.05647215786215454, 0.09235522646743388, 0.051453964667985685, 0.046495797053234256, 0.07161143698849659, 0.05244797522458344, 0.04649594763180476, 0.05181759239815997, 0.052192474672485556, 0.04489879762395088, 0.062419356211449006, 0.04902130943098948, 0.0, 0.42068430612271457, 0.09759434269298073, 0.9985904565003237, 0.2542829865861669, 0.010300914533049377, 0.039693493762962606, 0.0520941209600172, 0.0, 0.025335237881162653, 0.008660523068206416, 0.03603961819370083, 0.02666102236742951, 0.004433982521604096, 0.07931527401127758, 0.03052310088917809], [0.8336161851350946, 0.6276513073413877, 0.9474953815657672, 0.9939008994138545, 0.9992294022169522, 0.775109367353366, 0.9828022174089257, 0.9919578548020781, 0.99993852408804, 0.9792853301292924, 0.6438854200870336, 0.591865669494504, 0.9957244886040504, 0.9955656929834963, 0.14095948057770658, 1.0, 0.5393470472872346, 0.9936512215265821, 0.9936151310085363, 0.6626051884571393, 0.9936151310085363, 0.29014088248024617, 0.0, 0.41551990365468305, 0.9030238945429679, 0.0815294643652168, 0.001175859286849379, 0.026565362776266754, 0.22564802180345211, 0.34264838623918337, 0.48829856224178614, 0.8314191276017671, 0.8168223859264986, 0.9849526175682202, 0.9908443811071892, 0.7811381219310972, 0.9310629804888391, 0.9948773286918053, 0.886850110096782, 0.9816754150175486, 0.9953030211244235, 0.7320639844912763, 0.9781459797125975, 0.9565787227401459, 0.06908203839327176, 0.10023069280707775, 0.9775797595866001, 0.08920001907129727, 0.7694889976850364, 0.06999850158225229, 0.6195211284750934, 0.9876422151448051, 0.06908203839327176, 0.5280823884519774, 0.23291766830409577, 0.5357172957521219, 0.5634211879545954, 0.0943800238258019, 0.8380321920054499, 0.6368447820005002], [0.49199987064125494, 0.2808075620700514, 0.5706646042263173, 0.4655145768536306, 0.5357858899192605, 0.39595350085137204, 0.558787939560001, 0.5508740624021323, 0.545944854878125, 0.6985260859471206, 0.2880706101497006, 0.7305817553732475, 0.47503656058379307, 0.5656085951583821, 0.8476933564359366, 0.5393470472872346, 1.0, 0.44471978531394485, 0.4445376585867, 0.4040638023881892, 0.4445376585867, 0.4331683652834277, 0.0, 0.5856812102951091, 0.48361981070877036, 0.040221042820955066, 0.010883867270641723, 0.21194289682120848, 0.21056900345720608, 0.332962748910572, 0.6418927879177734, 0.371972105450064, 0.3741959165007296, 0.5476222205015956, 0.4972641737604163, 0.3863367146988854, 0.5698452231019274, 0.4697876693012599, 0.549334509744906, 0.5152534384755242, 0.45530387751465895, 0.32752118948821285, 0.5297758141574863, 0.537018555998377, 0.34741653823333607, 0.6629087526528095, 0.5614249837545273, 0.8256440026186949, 0.5140963677441028, 0.35591494692438896, 0.3030815131711677, 0.49476392680965653, 0.34741653823333607, 0.5143814324591701, 0.41633223679264564, 0.2506910872646124, 0.5247953866117299, 0.34321622471142965, 0.39875419058504313, 0.5417287957814072], [0.8155882267061586, 0.6316844434536993, 0.9243157798902372, 0.9957422101385673, 0.9921004843884973, 0.7744717216739749, 0.9755112474754056, 0.986097908672398, 0.9924996035109988, 0.9514232743937877, 0.6480228726973752, 0.5397486041790482, 0.9956795160256476, 0.9882298765542694, 0.05221859456437494, 0.9936512215265821, 0.44471978531394485, 1.0, 0.999999862498357, 0.6545671797472273, 0.999999862498357, 0.2263619132163831, 0.0, 0.3419936534172172, 0.8914704480090475, 0.08123686359598681, 0.0, 6.096615102857417e-05, 0.20320098444821888, 0.3243229255728699, 0.4174672399885335, 0.8367616266434736, 0.8208305907010586, 0.9713628540231136, 0.9854462763054972, 0.7781217549937623, 0.9056116705863945, 0.99588858308704, 0.8592889085170177, 0.9714916212541369, 0.9995161090347333, 0.7367680513160245, 0.9653211419625034, 0.938951559859357, 0.0005244075392312197, 0.00047560171712823784, 0.9606877073575286, 0.0, 0.7544694882844835, 0.0005243796377519816, 0.6178531492170519, 0.9824562825924438, 0.0005244075392312197, 0.4708433254854292, 0.16636842371694427, 0.5367584904785209, 0.5075856647247514, 0.029368101028383498, 0.8406952719782884, 0.5849508457925214], [0.8154321100241503, 0.6316845303113601, 0.9241162941644544, 0.9957078033685256, 0.992046146363051, 0.7744718281651237, 0.9755113816098233, 0.9860980442624993, 0.9924581986586034, 0.9513530917386404, 0.6480229618015971, 0.5397055189353949, 0.9956306845491129, 0.9882300124375197, 0.052218601744518534, 0.9936151310085363, 0.4445376585867, 0.999999862498357, 1.0, 0.6545672697513023, 1.0, 0.22586717374897913, 0.0, 0.34150632793115254, 0.8913386655480859, 0.08123066949424429, 0.0, 0.0, 0.20301939661531931, 0.3243229701678111, 0.4170586432663783, 0.836761741699588, 0.820826866415893, 0.9712400544297282, 0.9853569982537295, 0.7780607905894943, 0.9053895100375736, 0.9958478202735264, 0.859036253487125, 0.9713671656644332, 0.9994996596775843, 0.736768152622856, 0.9651842501840404, 0.9387710086690579, 0.0, 0.0, 0.9605441302996981, 0.0, 0.7544606460435683, 0.0, 0.6178103030717943, 0.9823687730051933, 0.0, 0.47038258760441787, 0.16585130162194672, 0.5367403153385568, 0.5071338729312296, 0.0288694091909113, 0.8406953875752854, 0.5845254347964648], [0.9063241040639942, 0.9898550735166698, 0.6094777718331696, 0.7000955181660603, 0.6590977565051015, 0.9835485074126109, 0.777804870752019, 0.7348200806527612, 0.6624436861396691, 0.6607182367088307, 0.9904346332535293, 0.8934858294648887, 0.651707258865933, 0.6678152220139025, 0.17801797073685321, 0.6626051884571393, 0.4040638023881892, 0.6545671797472273, 0.6545672697513023, 1.0, 0.6545672697513023, 0.32893457465400733, 0.743493367558115, 0.27132610101687793, 0.863854725382571, 0.7941550783203349, 0.7452342706259323, 0.7505707384446096, 0.8138428056809158, 0.9260577175307743, 0.6087152228529061, 0.954829395640861, 0.962996514012617, 0.6414529914332574, 0.6449824400772824, 0.9682513898444051, 0.5974734708805068, 0.686756554840384, 0.690464348757473, 0.63597522589586, 0.6542397633525121, 0.9849739865265122, 0.6334264910233851, 0.6144887760661814, 0.0, 0.05770018881592409, 0.6352469822151191, 0.13696460041711422, 0.984853079152158, 0.0014128521194709531, 0.9858503391924287, 0.705315400672288, 0.0, 0.3683334134861824, 0.10856083368737734, 0.9781195351201696, 0.3459726499035449, 0.24784310688095512, 0.9564206893163938, 0.3826112179549148], [0.8154321100241503, 0.6316845303113601, 0.9241162941644544, 0.9957078033685256, 0.992046146363051, 0.7744718281651237, 0.9755113816098233, 0.9860980442624993, 0.9924581986586034, 0.9513530917386404, 0.6480229618015971, 0.5397055189353949, 0.9956306845491129, 0.9882300124375197, 0.052218601744518534, 0.9936151310085363, 0.4445376585867, 0.999999862498357, 1.0, 0.6545672697513023, 1.0, 0.22586717374897913, 0.0, 0.34150632793115254, 0.8913386655480859, 0.08123066949424429, 0.0, 0.0, 0.20301939661531931, 0.3243229701678111, 0.4170586432663783, 0.836761741699588, 0.820826866415893, 0.9712400544297282, 0.9853569982537295, 0.7780607905894943, 0.9053895100375736, 0.9958478202735264, 0.859036253487125, 0.9713671656644332, 0.9994996596775843, 0.736768152622856, 0.9651842501840404, 0.9387710086690579, 0.0, 0.0, 0.9605441302996981, 0.0, 0.7544606460435683, 0.0, 0.6178103030717943, 0.9823687730051933, 0.0, 0.47038258760441787, 0.16585130162194672, 0.5367403153385568, 0.5071338729312296, 0.0288694091909113, 0.8406953875752854, 0.5845254347964648], [0.5855358296113745, 0.33063365084884944, 0.5680614760355381, 0.3028097998844663, 0.3225067824048662, 0.32793151343712923, 0.259895895325857, 0.24660039400700762, 0.29946677258580556, 0.3430565614301708, 0.3310254341522252, 0.35409503231594686, 0.3129814594393696, 0.22413135664938022, 0.020121427825152582, 0.29014088248024617, 0.4331683652834277, 0.2263619132163831, 0.22586717374897913, 0.32893457465400733, 0.22586717374897913, 1.0, 0.24245440718838596, 0.9643785744206708, 0.5300836333800839, 0.27114766325658124, 0.24251284631671766, 0.34642201593022204, 0.5946682075246169, 0.29718063003054696, 0.9302148627195678, 0.321757079304555, 0.3308096353761978, 0.44079717642064775, 0.3834276493601896, 0.43528166749433694, 0.6050566954745634, 0.3098971530907255, 0.690599005157834, 0.44356041525628953, 0.2555961897872442, 0.3303461881305826, 0.46460284701294796, 0.5371074137995104, 0.9434847661358601, 0.8582169017899084, 0.47579534280228253, 0.006031279063201556, 0.3385366656263351, 0.9434967827374862, 0.4063947270460957, 0.3998827759525043, 0.9434847661358601, 0.9550026217833462, 0.967878595558394, 0.35846073090630615, 0.9320806770806656, 0.9784060158137531, 0.32115347485139445, 0.8975454237093866], [0.49530279347644646, 0.7752255505111507, 0.0, 0.0650144062533008, 0.0, 0.6295051275392914, 0.15939402102999756, 0.09507474386637593, 0.0, 0.0, 0.7616207986773248, 0.6234896056049138, 0.0, 0.0, 0.009503568715090505, 0.0, 0.0, 0.0, 0.0, 0.743493367558115, 0.0, 0.24245440718838596, 1.0, 0.03951034168167877, 0.37715683943753897, 0.9966250851746814, 0.9999131100223948, 0.9712421305492694, 0.9158830236352349, 0.9178947415851382, 0.4100994857113399, 0.5475671535326714, 0.5710714251131659, 0.0, 0.0, 0.6172997399493623, 0.0020178546208082793, 0.04695020501770353, 0.17238530871628766, 0.0, 0.0, 0.6761454645863595, 0.0, 0.0, 0.0, 0.0, 0.0, 0.0, 0.6218550186548447, 0.0, 0.7820539647800565, 0.08377876354421276, 0.0, 0.08128702960444623, 0.0, 0.8430295678388344, 0.018856140366914964, 0.3079329910897042, 0.5406588294560007, 0.0], [0.5791547296304035, 0.24635369073861058, 0.6738503781206845, 0.40382903321334274, 0.4448882628695727, 0.297771808625687, 0.3598148691397769, 0.35883429548247625, 0.42512755411890335, 0.4867949583587725, 0.25139584008754723, 0.3606671247714204, 0.42679801256249317, 0.35805061125176596, 0.15244467189819721, 0.41551990365468305, 0.5856812102951091, 0.3419936534172172, 0.34150632793115254, 0.27132610101687793, 0.34150632793115254, 0.9643785744206708, 0.03951034168167877, 1.0, 0.5530670589382846, 0.07811502968535433, 0.041278945049736726, 0.17435202090205393, 0.42738638535167117, 0.17776200410378795, 0.913110192662011, 0.307393995090842, 0.31078264842387027, 0.5551571203407418, 0.49496811472792845, 0.39833571054137296, 0.7064919939690448, 0.41442761081593016, 0.7481526048002123, 0.5526775031047694, 0.37073127065900535, 0.278325724671175, 0.5740750556768152, 0.6408054760465174, 0.9293772634547237, 0.8995121139154751, 0.5891049431770714, 0.13442567856100407, 0.32620866344506605, 0.9307144772569964, 0.3179696534758718, 0.4941228685218415, 0.9293772634547237, 0.9805041313684492, 0.973145375133438, 0.24895014988406938, 0.9747425825338355, 0.9058354657552876, 0.31254018095166347, 0.9536929701619046], [0.9885679834487894, 0.8554264647771089, 0.9194446461755829, 0.9286023324089231, 0.9103776916933285, 0.9277388501337319, 0.9296275583079839, 0.9148054047794894, 0.9045416144613916, 0.8817035744815844, 0.8648584152957878, 0.7369151518482219, 0.9109317553199718, 0.8808476205406273, 0.05012879473570708, 0.9030238945429679, 0.48361981070877036, 0.8914704480090475, 0.8913386655480859, 0.863854725382571, 0.8913386655480859, 0.5300836333800839, 0.37715683943753897, 0.5530670589382846, 1.0, 0.45126435538648835, 0.37712406828820666, 0.39555296109040916, 0.6135023830362263, 0.6352718831085556, 0.7224228050477294, 0.9523567912343949, 0.948858702518557, 0.9246685627277483, 0.92117390024325, 0.9556273117424431, 0.9143885064899959, 0.9249627764984129, 0.9519508951336709, 0.9255761671232805, 0.8988485288632125, 0.9117228284006028, 0.9260296922807191, 0.9234259967707563, 0.25153151246800765, 0.22812185236126303, 0.9251000550496264, 0.0, 0.9113077488042733, 0.25151812955344266, 0.8662270663857172, 0.9492596740225709, 0.25153151246800765, 0.6709515993660599, 0.3958776731506417, 0.8051248494979862, 0.675874646710527, 0.3810703621144811, 0.9532574802254105, 0.7250965989060362], [0.5633944870387996, 0.8239213876141139, 0.0795707190112993, 0.14645645551848763, 0.08181375304202354, 0.6902914664580293, 0.23809752241277737, 0.17485527902619558, 0.08155539690826763, 0.07886562655015672, 0.8116897323873845, 0.6661998871272415, 0.08198068688084825, 0.08027458552460509, 0.01371324695990106, 0.0815294643652168, 0.040221042820955066, 0.08123686359598681, 0.08123066949424429, 0.7941550783203349, 0.08123066949424429, 0.27114766325658124, 0.9966250851746814, 0.07811502968535433, 0.45126435538648835, 1.0, 0.9965384884433498, 0.9693399329023196, 0.9333814400004337, 0.9411418970127736, 0.4518144027818025, 0.6136898775137839, 0.6359070064080036, 0.08166838677052224, 0.08205876743408325, 0.6797968412752696, 0.08057215896576586, 0.1286080135402221, 0.24728727580281018, 0.08171607898287037, 0.08156429671728394, 0.7337117015334472, 0.08149443200214546, 0.08033393118709187, 0.011832917394947295, 0.010731645544080792, 0.08126834657154769, 0.0, 0.6812435145897727, 0.011832287816088582, 0.8305684562317771, 0.16527213571871457, 0.011832917394947295, 0.1296198974215288, 0.025141252895086508, 0.8841959656148664, 0.0701832899696655, 0.3204915736757765, 0.6071244011304939, 0.057082330316976404], [0.495675018283366, 0.7751581911804278, 0.00044094967391838935, 0.06500875715299748, 0.0009371285498085413, 0.6302754214976173, 0.1613781056287944, 0.09686292481606507, 0.0012332013913546325, 0.0036567307590413822, 0.7615546214631841, 0.6308128564709826, 0.0, 0.002016562658282983, 0.022666438140647616, 0.001175859286849379, 0.010883867270641723, 0.0, 0.0, 0.7452342706259323, 0.0, 0.24251284631671766, 0.9999131100223948, 0.041278945049736726, 0.37712406828820666, 0.9965384884433498, 1.0, 0.9738967672603479, 0.9158034425798223, 0.9208292005776615, 0.4130297683258617, 0.5475195754349635, 0.5711298210915069, 0.0005496640444937473, 0.0, 0.6172461027887823, 0.0023386467027117774, 0.04694612551544097, 0.17237033016067382, 1.4443841971689686e-05, 0.0, 0.6760867143220837, 0.00015865856939356604, 0.0, 0.0, 0.00555340447397612, 0.0006261980461892414, 0.013182276182133412, 0.6245596569898986, 0.00013598117167978874, 0.7819860121285707, 0.08377148400932455, 0.0, 0.08127996657626424, 0.0, 0.8429563170185644, 0.018854501957300762, 0.3079062347990045, 0.5410115367234486, 0.0], [0.5222391080562928, 0.7529317153346803, 0.05120296929362056, 0.07080280420210361, 0.02684773843316901, 0.6244055490096073, 0.1863019431538282, 0.12065639733636657, 0.02864731061698189, 0.07322592966221098, 0.7397182071780012, 0.7314116424893233, 0.010855920083903903, 0.031785377020388195, 0.21671849531408338, 0.026565362776266754, 0.21194289682120848, 6.096615102857417e-05, 0.0, 0.7505707384446096, 0.0, 0.34642201593022204, 0.9712421305492694, 0.17435202090205393, 0.39555296109040916, 0.9693399329023196, 0.9738967672603479, 1.0, 0.929807021388567, 0.939008571773852, 0.5356506599772813, 0.5318202888158707, 0.5572018657354667, 0.035917241338412786, 0.019822307703847075, 0.6130865811055342, 0.05629788196366681, 0.05466718209363919, 0.22346577588704708, 0.027848142303300127, 0.0036771662902838065, 0.6567009615860814, 0.03287809827879451, 0.040055454303607685, 0.11625719782360999, 0.19297094767428624, 0.041729463458293425, 0.20778110549402218, 0.6494376595677367, 0.1183943688395871, 0.7690812590939923, 0.10079962616238136, 0.11625719782360999, 0.18110584114379258, 0.1146471254216872, 0.8228314865841353, 0.11848817141103973, 0.40963459498079313, 0.5314105326945366, 0.0943282286927365], [0.7223634979497964, 0.838260133396486, 0.31944042749350643, 0.2845066867267412, 0.23738023715764267, 0.7337858628542171, 0.3440340100161352, 0.28727437383340093, 0.2289226928313276, 0.23957906285050046, 0.8291167906539031, 0.7091173009811409, 0.23447169664099266, 0.2006298608422148, 0.01930554626837011, 0.22564802180345211, 0.21056900345720608, 0.20320098444821888, 0.20301939661531931, 0.8138428056809158, 0.20301939661531931, 0.5946682075246169, 0.9158830236352349, 0.42738638535167117, 0.6135023830362263, 0.9333814400004337, 0.9158034425798223, 0.929807021388567, 1.0, 0.9065280650138361, 0.7301546336762507, 0.671386324131476, 0.6922125027893318, 0.2783672209454645, 0.25909645251465063, 0.7636681271964953, 0.3324596945326037, 0.2721880444419824, 0.4992204875703179, 0.2794866801254039, 0.21387195051226626, 0.7688483783134813, 0.28644388833465684, 0.30991233509019156, 0.3463255861393023, 0.31409358396096154, 0.28991647842066115, 0.0, 0.7286246422044074, 0.34630715963804404, 0.8700496806788538, 0.33405314368647, 0.3463255861393023, 0.4742662265270732, 0.3752002754291247, 0.8931370045621229, 0.41864328301435716, 0.6172368714864078, 0.6658577138000652, 0.39967005701552094], [0.726302223508011, 0.9164452594362682, 0.30736074955601733, 0.38260729383493186, 0.3379985618484438, 0.8433085590018107, 0.49734337674218, 0.43824350991425365, 0.3432678090205701, 0.3719744431155392, 0.9092564578962256, 0.8753038031259596, 0.32290590080317927, 0.3554845094773168, 0.2539932961876641, 0.34264838623918337, 0.332962748910572, 0.3243229255728699, 0.3243229701678111, 0.9260577175307743, 0.3243229701678111, 0.29718063003054696, 0.9178947415851382, 0.17776200410378795, 0.6352718831085556, 0.9411418970127736, 0.9208292005776615, 0.939008571773852, 0.9065280650138361, 1.0, 0.5631359360616093, 0.7739900642831822, 0.7922700916300656, 0.32452980108676477, 0.3195739083492881, 0.8189591718564929, 0.3010582176721759, 0.3660716692083449, 0.4368367576099842, 0.3152872237420392, 0.3241606983083505, 0.8595812020741554, 0.31578347661838324, 0.30446500183898073, 0.0, 0.09632803423942249, 0.3223884078093344, 0.22865662988831414, 0.863337626087106, 0.002358697088042816, 0.9182132943999426, 0.39550484477489, 0.0, 0.227168814960082, 0.0537893867482272, 0.9478896205994659, 0.18178311603114428, 0.2920130858176089, 0.7758575644313905, 0.18957502515182068], [0.7824495993041899, 0.5813690927589286, 0.6895607773941791, 0.4932627320270162, 0.5106850135794858, 0.5952407079212823, 0.5063132432356543, 0.48091216474020837, 0.4966916075772143, 0.5636680643499257, 0.5826038750990651, 0.6708330206690564, 0.48800325121721244, 0.4465681968586196, 0.25035120896816276, 0.48829856224178614, 0.6418927879177734, 0.4174672399885335, 0.4170586432663783, 0.6087152228529061, 0.4170586432663783, 0.9302148627195678, 0.4100994857113399, 0.913110192662011, 0.7224228050477294, 0.4518144027818025, 0.4130297683258617, 0.5356506599772813, 0.7301546336762507, 0.5631359360616093, 1.0, 0.5735357247866126, 0.5840746350678024, 0.5971239215139182, 0.5438199174545328, 0.6684031928005054, 0.7142211915011458, 0.4953580986777698, 0.8045837968760065, 0.5905027239961025, 0.4414978944946828, 0.5845624334276853, 0.6088643942602406, 0.6600129318319996, 0.7792681032062014, 0.8015272995785783, 0.6248424297427507, 0.22499271815219146, 0.6300549636749518, 0.7815475438605529, 0.6421785401950451, 0.5743027363405301, 0.7792681032062014, 0.9142641779451622, 0.8376455606607238, 0.5966960564715784, 0.8907023924360343, 0.8793839406629147, 0.5791649390416421, 0.8760603423804139], [0.9535339333822563, 0.9530574958272088, 0.7732651598380176, 0.8687699491412549, 0.8301062612771108, 0.992744726653624, 0.9035495331091297, 0.8771889238754055, 0.8304510508736086, 0.7960558700145126, 0.9592793549814524, 0.7930073586275516, 0.8331056656928687, 0.8269130664070244, 0.04889837021458476, 0.8314191276017671, 0.371972105450064, 0.8367616266434736, 0.836761741699588, 0.954829395640861, 0.836761741699588, 0.321757079304555, 0.5475671535326714, 0.307393995090842, 0.9523567912343949, 0.6136898775137839, 0.5475195754349635, 0.5318202888158707, 0.671386324131476, 0.7739900642831822, 0.5735357247866126, 1.0, 0.9995364730890399, 0.8126965195530219, 0.8245090380546685, 0.9890645637623542, 0.7587002142465354, 0.8589957466791334, 0.8132012044556038, 0.8128028813711633, 0.8363430760599608, 0.9867344500350673, 0.8076292542450085, 0.7855276642709998, 0.0, 0.0, 0.8037465794488913, 0.0, 0.9718111867020521, 0.0, 0.9451870886418604, 0.8678831045715041, 0.0, 0.4381082606886644, 0.13877802400832384, 0.9107390619084655, 0.4346752258961173, 0.19277080852621575, 0.9995087530238344, 0.48910852088799883], [0.954619858420458, 0.9612127934934103, 0.7615987936307403, 0.8549135774455409, 0.8156407333532268, 0.9957124862618151, 0.8929932307491895, 0.8648268996192461, 0.815982537696542, 0.7841502804764467, 0.9668545319976384, 0.8042498799320866, 0.8179236759501538, 0.812419233193429, 0.05647215786215454, 0.8168223859264986, 0.3741959165007296, 0.8208305907010586, 0.820826866415893, 0.962996514012617, 0.820826866415893, 0.3308096353761978, 0.5710714251131659, 0.31078264842387027, 0.948858702518557, 0.6359070064080036, 0.5711298210915069, 0.5572018657354667, 0.6922125027893318, 0.7922700916300656, 0.5840746350678024, 0.9995364730890399, 1.0, 0.7992768991471265, 0.8100550939317381, 0.9920275785030243, 0.7476214529484619, 0.8448012447675932, 0.8070913309763972, 0.7990716508662641, 0.8206476109042887, 0.9908864480375813, 0.7942597027513424, 0.7730895166364737, 0.007317114879827447, 0.010088100136494416, 0.7908348602248998, 0.008194059977771895, 0.9762448049777251, 0.007401251021294741, 0.9543229894875903, 0.8554212549472212, 0.007317114879827447, 0.43895299298444923, 0.1433509826912467, 0.9222555972989587, 0.43334218325581864, 0.20650687505384147, 0.9990686117893384, 0.4857311078901996], [0.8631319228125008, 0.6135173176020227, 0.9881653066563608, 0.982513165864133, 0.9908306040061234, 0.7548076132102337, 0.9537754457913833, 0.9634202908763558, 0.9863859042725688, 0.9669907574542203, 0.6293858566918968, 0.5668126708068578, 0.9888864544275827, 0.9661872132045514, 0.09235522646743388, 0.9849526175682202, 0.5476222205015956, 0.9713628540231136, 0.9712400544297282, 0.6414529914332574, 0.9712400544297282, 0.44079717642064775, 0.0, 0.5551571203407418, 0.9246685627277483, 0.08166838677052224, 0.0005496640444937473, 0.035917241338412786, 0.2783672209454645, 0.32452980108676477, 0.5971239215139182, 0.8126965195530219, 0.7992768991471265, 1.0, 0.9969882089113487, 0.7829841989151924, 0.9797326304082544, 0.9854904703222674, 0.9473261551643476, 0.9991707648813178, 0.9781688019016092, 0.715578740655513, 0.9991807375109583, 0.9925404763912412, 0.23442290831453483, 0.2301716393752702, 0.9991411506364404, 0.04169720288812895, 0.7454874949335426, 0.23484056127949426, 0.6192333547629665, 0.9932951945857207, 0.23442290831453483, 0.662844347297401, 0.39225775929877327, 0.5294614137251783, 0.6945418082187872, 0.2509682660309396, 0.8177812883937979, 0.7579194926937861], [0.8542873891759792, 0.6224347726309187, 0.9754858192057381, 0.9923590564520265, 0.9952312276834491, 0.7631312358328645, 0.9612269667454039, 0.9716586088783695, 0.9914322209113108, 0.9602838862724214, 0.638533960440313, 0.5458353145234085, 0.9969730588812113, 0.9737593586396802, 0.051453964667985685, 0.9908443811071892, 0.4972641737604163, 0.9854462763054972, 0.9853569982537295, 0.6449824400772824, 0.9853569982537295, 0.3834276493601896, 0.0, 0.49496811472792845, 0.92117390024325, 0.08205876743408325, 0.0, 0.019822307703847075, 0.25909645251465063, 0.3195739083492881, 0.5438199174545328, 0.8245090380546685, 0.8100550939317381, 0.9969882089113487, 1.0, 0.786524169429977, 0.9644048218664039, 0.994563609694836, 0.9286431060405523, 0.9976518890255147, 0.990256951652