"[[0.0003791129834732167, 0.024525538005596575, 0.0003791129834732167, 0.00037911298347322893, 0.07970538189777807, 0.06170636209338728, 0.0003791129834732167, 0.0003791129834732167, 0.00037911298347441814, 0.06917785283591457, 0.0003791129834732167, 0.0003791129834733522, 0.0003791129834732167, 0.0003791129834732167, 0.0003791129834732571, 0.0003791129834732167, 0.0003791129834732185, 0.0003791129834732167, 0.0003791129834732167, 0.0003791129834732167, 0.04844020333463234, 0.5632930048233278, 0.0003791129834732167, 0.0003791129834732167, 0.0003791129834735918, 0.1444320583894779, 0.0003791129834732167, 0.0003791129834732167, 0.0003791129834732167, 0.0003791129834732167], [0.00037431299666897605, 0.03354017158861028, 0.0003743129966681756, 0.00037431299666838044, 0.07961915362642306, 0.0786561980239473, 0.00037431299666828275, 0.0003743129966681756, 0.00037431299667013847, 0.06551724674341429, 0.00037431299666818095, 0.24274092771032874, 0.0003743129966681759, 0.00037431299666817693, 0.00037431299666818013, 0.0003743129966681756, 0.0003743129966682299, 0.0003743129966681756, 0.0003743129966681756, 0.0003743129966681756, 0.04169530919058503, 0.2272917532918635, 0.0003743129966681756, 0.0003743129966681756, 0.0003743129966682862, 0.22270435389812468, 0.0003743129966681756, 0.00037431299666818485, 0.0003743129966681756, 0.00037431299666818805], [0.0005210732403671534, 0.01993514408758793, 0.0005210732403671517, 0.0991234122950345, 0.18817028841894465, 0.04334137151238862, 0.0005210732403671517, 0.0005210732403671517, 0.0005210732403680632, 0.09482804185352844, 0.0005210732403671517, 0.018079283479011193, 0.0005210732403673522, 0.0005210732403671517, 0.0005210732403691839, 0.0005210732403671517, 0.0005210732403671517, 0.0005210732403671517, 0.0005210732403671517, 0.0005210732403671517, 0.026022300029175004, 0.27967610515403774, 0.0005210732403671517, 0.0005210732403671517, 0.02837500713190214, 0.1920275812310438, 0.0005210732403671517, 0.0005210732403671529, 0.0005210732403671517, 0.0005210732403671517], [0.019616448845885186, 0.07391645178891673, 0.00048334829712355236, 0.008288786837747869, 0.1587478977067495, 0.13364288418956918, 0.00048334829712355236, 0.00048334829712355236, 0.00048334829712469316, 0.07361091832610718, 0.00048334829712355236, 0.02730057227615938, 0.0004833482971235555, 0.0004833482971242518, 0.000483348297123587, 0.00048334829712355236, 0.00048334829712355236, 0.00048334829712355236, 0.00048334829712355236, 0.00048334829712355236, 0.01626274935252349, 0.25501289788793696, 0.00048334829712355236, 0.00048334829712355236, 0.0004833482971236878, 0.2239334268459315, 0.00048334829712355236, 0.00048334829712355236, 0.00048334829712355236, 0.00048334829712355236], [0.0004744739414326686, 0.007970787947549301, 0.00047447394143286227, 0.027670074073737696, 0.16275511973019094, 0.03188315666574848, 0.0004744739414329046, 0.00047447394143262836, 0.00047447394143265443, 0.06382735442312197, 0.00047447394143262836, 0.00047447394143354255, 0.008261407571974617, 0.00047447394143262836, 0.00047447394143266777, 0.00047447394143262836, 0.0063015193336659284, 0.00047447394143262836, 0.06970789135500687, 0.00047447394143262836, 0.06183158870503298, 0.32034831541387615, 0.00047447394143262836, 0.00047447394143262836, 0.05220701703869641, 0.1589758124542942, 0.00047447394143262836, 0.0201938982827481, 0.00047447394143262836, 0.00047447394143275933], [0.00041487783092421866, 0.061659655816937546, 0.00041487783092419975, 0.04475404383615117, 0.14868205917659022, 0.050127386153345575, 0.0004148778309242629, 0.00041487783092419975, 0.0004148778309242222, 0.057158706292535104, 0.00041487783092419975, 0.00041487783098883354, 0.0004148778309242543, 0.0004148778309246751, 0.00041487783092420305, 0.00041487783092419975, 0.0004148778309242173, 0.00041487783092419975, 0.00041487783092419975, 0.00041487783092419975, 0.08303471649345542, 0.1793388935522628, 0.00041487783092419975, 0.00041487783092419975, 0.0004148778309250539, 0.2104704616153181, 0.00041487783092419975, 0.15606164261392996, 0.00041487783092419975, 0.00041487783092419975], [0.00730127014598376, 0.09729740498094286, 0.0005414546214055167, 0.017303960843703167, 0.13707782919568298, 0.02064717610766262, 0.0005414546214057394, 0.0005414546214055167, 0.020830981324781332, 0.038892193352304656, 0.0005414546214076024, 0.01495206686958648, 0.008154882130801478, 0.0005414546214055167, 0.0005414546214055202, 0.0005414546214055167, 0.0005414546214064326, 0.0005414546214055167, 0.0005414546214055167, 0.0005414546214055167, 0.07114073142724936, 0.31955300515996454, 0.0005414546214055167, 0.0005414546214055167, 0.016294585218755864, 0.2213491846786822, 0.0005414546214055167, 0.0005414546214072187, 0.0005414546214055167, 0.0005414546214055167], [0.00038313175617166233, 0.00038313175617166233, 0.00038313175617166233, 0.0003831317561718298, 0.3635922104644922, 0.0682553255338827, 0.00038313175617166233, 0.00038313175617166233, 0.00038313175617167355, 0.05326953504232992, 0.00038313175617166233, 0.00038313175617244317, 0.00038313175617166233, 0.00038313175617166255, 0.00038313175617166493, 0.00038313175617166233, 0.00038313175617166233, 0.00038313175617166233, 0.00038313175617166233, 0.00038313175617166233, 0.08536297557049623, 0.28815610013986026, 0.00038313175617166233, 0.00038313175617166233, 0.00038313175617166233, 0.1321686911008178, 0.00038313175617166233, 0.00038313175617166233, 0.00038313175617166233, 0.00038313175617166233], [0.0005026306400318445, 0.04286529222083289, 0.0005026306400318136, 0.017276794963245135, 0.3927972749034038, 0.0005026306400354334, 0.0005026306400318136, 0.0005026306400318136, 0.018253848059445396, 0.08095106589834607, 0.0005026306400318136, 0.0005026306400319926, 0.0005026306400334571, 0.0005026306400337507, 0.0005026306400318161, 0.0005026306400318136, 0.0005026306400318195, 0.0005026306400318136, 0.0005026306400318136, 0.0005026306400318136, 0.021571144831207402, 0.22364531539478275, 0.0005026306400318136, 0.0005026306400318136, 0.020580970391952925, 0.17150304989610832, 0.0005026306400318136, 0.0005026306400318137, 0.0005026306400318136, 0.0005026306400318136], [0.0005181154629459373, 0.009924854123959997, 0.0005181154629459555, 0.000518115462945985, 0.3120236252895568, 0.032893015618353096, 0.0005181154629459373, 0.0005181154629459373, 0.0005181154629459376, 0.11236155564512365, 0.0005181154629462132, 0.0005181154629459373, 0.0005181154629459381, 0.0005181154629475266, 0.0005181154629459373, 0.0005181154629459373, 0.0005181154629460154, 0.0005181154629459373, 0.0005181154629459373, 0.0005181154629459373, 0.02643127067186852, 0.32308572981100764, 0.0005181154629459373, 0.0005181154629459373, 0.0005181154629459508, 0.17136329319237173, 0.0005181154629459373, 0.0005181154629459373, 0.0005181154629459373, 0.0005181154629459373], [0.00039232934343599185, 0.000392329343439345, 0.0003923293434359913, 0.00039232934343600096, 0.07135859829330359, 0.10491873731723361, 0.0003923293434361403, 0.0003923293434359913, 0.0003923293434382609, 0.06658730567799104, 0.0003923293434359913, 0.040117457855379686, 0.18289005983951395, 0.0003923293434359913, 0.0003923293434360054, 0.0003923293434359913, 0.000392329343435992, 0.0003923293434359913, 0.0003923293434359913, 0.0003923293434359913, 0.05071258814161418, 0.24951508958062427, 0.0003923293434359913, 0.0003923293434359913, 0.03817014031600534, 0.18749110676617275, 0.0003923293434359913, 0.00039232934343604774, 0.0003923293434359913, 0.0003923293434359913], [0.0003746346580430839, 0.26961726910455314, 0.000374634658043083, 0.000374634658043092, 0.06670801801597899, 0.06868432844949598, 0.0003746346580430866, 0.000374634658043083, 0.0003746346580432055, 0.10778844941616941, 0.000374634658043083, 0.00037463465804311196, 0.00037463465804326413, 0.00037463465804322884, 0.0003746346580431255, 0.000374634658043083, 0.0003746346580430969, 0.000374634658043083, 0.000374634658043083, 0.000374634658043083, 0.09963576999697958, 0.2126861560858665, 0.000374634658043083, 0.000374634658043083, 0.00037463465812706797, 0.16626341179588086, 0.000374634658043083, 0.0003746346580431819, 0.000374634658043083, 0.000374634658043083], [0.00047580482201090284, 0.006457310190717564, 0.0004758048220108923, 0.033246390558555564, 0.11808665842308758, 0.03243551488682505, 0.024519744453187626, 0.00047580482201084896, 0.00047580482201091395, 0.10234853331216355, 0.00047580482201084896, 0.037906779834836514, 0.01605691662278043, 0.00047580482201085736, 0.0004758048220111961, 0.06488352343046905, 0.021555969626420767, 0.00047580482201084896, 0.00047580482201084896, 0.00047580482201084896, 0.043340882910952123, 0.282381108265831, 0.00047580482201084896, 0.00047580482201084896, 0.04014602532426646, 0.16902176500773153, 0.00047580482201084896, 0.00047580482201175416, 0.0004758048220109892, 0.0004758048220108675], [0.00042163237814901814, 0.0004216323781490236, 0.000421632378149084, 0.0004216323781499365, 0.1559356311926821, 0.030302655613714525, 0.01318366923117726, 0.00042163237814901814, 0.00042163237814912813, 0.06177621023337047, 0.0004216323781491027, 0.15611273753075913, 0.00042163237814901906, 0.00042163237814902123, 0.0004216323781490245, 0.00042163237814901814, 0.00042163237814909224, 0.00042163237814901814, 0.00042163237814901814, 0.00042163237814901814, 0.053778469988043066, 0.26863031699486467, 0.00042163237814901814, 0.00042163237814901814, 0.00042163237814913225, 0.2097192940439163, 0.00042163237814901814, 0.04170673523034167, 0.00042163237814901814, 0.00042163237814901814], [0.00029384878844753955, 0.00029384878844753207, 0.00029384878844753207, 0.0002938487884475494, 0.04759194000420758, 0.00029384878844767866, 0.00029384878844753207, 0.00029384878844753207, 0.00029384878844753207, 0.004997541843590089, 0.00029384878844753207, 0.00029384878844753207, 0.00029384878844753207, 0.00029384878844753207, 0.00029384878844755945, 0.00029384878844753207, 0.0002938487884475435, 0.00029384878844753207, 0.00029384878844753207, 0.00029384878844753207, 0.6174576532694173, 0.09108394348752048, 0.00029384878844753207, 0.00029384878844753207, 0.00029384878844753207, 0.23152270168407613, 0.00029384878844753207, 0.00029384878844753207, 0.00029384878844753207, 0.00029384878844753207], [0.0004734854579127248, 0.0357913194307319, 0.00047348545791263077, 0.020453775154837605, 0.11507237386370926, 0.03821564928617439, 0.0004734854579126293, 0.0004734854579126293, 0.0004734854579126294, 0.086488657956375, 0.0004734854579126293, 0.1196965164934332, 0.016128372703716455, 0.0004734854579126316, 0.008813732297877854, 0.0004734854579126293, 0.0004734854579127051, 0.0004734854579126293, 0.00047348545791278424, 0.0004734854579126293, 0.03677900989149177, 0.3103816272551146, 0.0004734854579126293, 0.0004734854579126293, 0.04305745625179103, 0.16059877117231888, 0.0004734854579126293, 0.00047348545791292145, 0.0004734854579126293, 0.00047348545791266644], [0.00027981713327429077, 0.0002798171332742675, 0.0002798171332742286, 0.0002798171332742334, 0.16465485964635307, 0.00027981713327697466, 0.000279817133274226, 0.000279817133274226, 0.042575409090644896, 0.049638980705759006, 0.000279817133274226, 0.00027981713327425217, 0.5160517651245125, 0.000279817133274226, 0.00027981713327430296, 0.000279817133274226, 0.000279817133274226, 0.000279817133274226, 0.000279817133274226, 0.000279817133274226, 0.009627707106382444, 0.10051399817868861, 0.000279817133274226, 0.000279817133274226, 0.00027981713327440624, 0.1105014860823493, 0.000279817133274226, 0.000279817133274226, 0.000279817133274226, 0.00027981713327423087], [0.0004760882383569285, 0.010020300476698213, 0.0004760882383577336, 0.028301434522970455, 0.10696625071206499, 0.000476088238357424, 0.0004760882383569284, 0.0004760882383569284, 0.0004760882383569287, 0.07940819505892953, 0.0004760882383569284, 0.012144488297820274, 0.020203259727613793, 0.0004760882383569284, 0.0004760882383569508, 0.0004760882383569284, 0.000476088238385112, 0.0004760882383569284, 0.0004760882383569284, 0.0004760882383569284, 0.04501007072239016, 0.2780450595775143, 0.0004760882383569284, 0.0004760882383569284, 0.2484093546678984, 0.1619698214689319, 0.0004760882383569284, 0.0004760882383569293, 0.0004760882383569284, 0.00047608823835699777], [0.0004637955394344274, 0.00046379553943485933, 0.00046379553943451873, 0.011230038944637909, 0.10005075696303407, 0.0763300591204084, 0.0004637955394356686, 0.0004637955394344274, 0.00907449710757931, 0.0061050486680902395, 0.14302986874893495, 0.00046379553943457256, 0.0004637955394345196, 0.013984882747725002, 0.00046379553943443405, 0.0004637955394344274, 0.00046379553943443134, 0.0004637955394344274, 0.0004637955394344274, 0.0004637955394344274, 0.0538914734729725, 0.28668346681255935, 0.0004637955394344274, 0.0004637955394344274, 0.030812429606988396, 0.25999536255781364, 0.0004637955394344274, 0.00046379553943450106, 0.0004637955394344274, 0.0004637955394344274], [0.00033065700230269155, 0.00033065700230297806, 0.00033065700230270153, 0.00033065700230273454, 0.06652548742816455, 0.039471373207267825, 0.00033065700230269155, 0.00033065700230269155, 0.0003306570023027364, 0.023087444073497318, 0.00033065700230269155, 0.00033065700230302077, 0.00033065700230269155, 0.24086285105526542, 0.00033065700230270164, 0.00033065700230269155, 0.0003306570023026918, 0.00033065700230269155, 0.00033065700230269155, 0.00033065700230269155, 0.17616664379554628, 0.2821119513266361, 0.00033065700230269155, 0.00033065700230269155, 0.00033065700230285055, 0.1641691380606599, 0.00033065700230269155, 0.00033065700230270305, 0.00033065700230269155, 0.0003306570023027058], [0.0004497621076384289, 0.010097496971029598, 0.007436955979804658, 0.10835680187240755, 0.09444090634087662, 0.0374029767200886, 0.00044976210763842886, 0.00044976210763842886, 0.0004497621076384347, 0.046315956035218264, 0.00044976210763849483, 0.020822478625462607, 0.00044976210763842886, 0.00044976210763842886, 0.000449762107638796, 0.00044976210763842886, 0.01655613182277395, 0.00044976210763842886, 0.00044976210763842886, 0.00044976210763842886, 0.05418435014632361, 0.3530235692207099, 0.00044976210763842886, 0.09866208420898148, 0.010790537616670757, 0.1342637986097985, 0.00044976210763842886, 0.00044976210763853424, 0.00044976210763842886, 0.0004497621076385273], [0.2844678290447203, 0.00034992553255983885, 0.0003499255325593594, 0.0003499255325597053, 0.1545520764811328, 0.06364203506673448, 0.00034992553255935275, 0.00034992553255935275, 0.00034992553255972934, 0.13334843268458424, 0.00034992553255935275, 0.0003499255325595434, 0.0003499255325596138, 0.00034992553255935275, 0.00034992553255935275, 0.00034992553255935275, 0.00034992553255935275, 0.00034992553255935275, 0.00034992553255935275, 0.00034992553255935275, 0.0003499255328794899, 0.19830455100210198, 0.00034992553255935275, 0.00034992553255935275, 0.0003499255325593627, 0.15728686293898006, 0.00034992553255935275, 0.00034992553255935275, 0.00034992553255935275, 0.0003499255325593624], [0.0003080928505750042, 0.00030809285057500376, 0.0003080928505750033, 0.00030809285057512405, 0.04093785461886517, 0.5483447191238121, 0.00030809285057500387, 0.0003080928505750033, 0.00030809285057503813, 0.043314236113144375, 0.0003080928505750033, 0.000308092850575023, 0.0003080928505750071, 0.0003080928505750033, 0.0003080928505750068, 0.0003080928505750033, 0.0003080928505750104, 0.0003080928505750033, 0.0003080928505750033, 0.0003080928505750033, 0.04500147177042861, 0.16130150273516658, 0.0003080928505750033, 0.0003080928505750033, 0.0003080928505750055, 0.153705987224783, 0.0003080928505750033, 0.00030809285057502235, 0.0003080928505750033, 0.0003080928505750033], [0.00037948724714201965, 0.00037948724714221736, 0.00037948724714201965, 0.0003794872471420354, 0.04842363779693555, 0.0003794872471435039, 0.00037948724714201965, 0.00037948724714201965, 0.00037948724714201965, 0.5356605327183274, 0.00037948724714201965, 0.00037948724714201965, 0.000379487247142023, 0.00037948724714201965, 0.0003794872471420479, 0.00037948724714201965, 0.0003794872471420302, 0.00037948724714201965, 0.00037948724714201965, 0.00037948724714201965, 0.0003794872471445408, 0.21877516893221619, 0.00037948724714201965, 0.00037948724714201965, 0.011368927578989503, 0.17628455179497673, 0.00037948724714201965, 0.00037948724714201965, 0.00037948724714201965, 0.00037948724714201965], [0.0003864299092530312, 0.0003864299092530348, 0.00038642990925302404, 0.0003864299092533161, 0.12802526746306628, 0.012618163645897858, 0.00038642990925302404, 0.00038642990925302404, 0.00038642990925308643, 0.12400723552054566, 0.00038642990925302404, 0.00038642990925346775, 0.0003864299092530593, 0.00038642990925302404, 0.0003864299092530306, 0.00038642990925302404, 0.00038642990925302426, 0.00038642990925302404, 0.00038642990925302404, 0.00038642990925302404, 0.00038642990925671363, 0.3167789739047737, 0.00038642990925302404, 0.00038642990925302404, 0.2561648298945255, 0.15313121174911393, 0.00038642990925302404, 0.00038642990925302545, 0.00038642990925302404, 0.00038642990925302404], [0.0003458176315732092, 0.00034581763157314675, 0.00034581763157314675, 0.00034581763157315917, 0.057991924567103344, 0.050016073868667354, 0.00034581763157314675, 0.00034581763157314675, 0.0003458176315731707, 0.09092569295335748, 0.00034581763157314675, 0.00034581763157314686, 0.0003458176315731653, 0.00034581763157314675, 0.00034581763157317814, 0.00034581763157314675, 0.0003458176315731469, 0.00034581763157314675, 0.00034581763157314675, 0.00034581763157314675, 0.4919853739658786, 0.15079702696774966, 0.00034581763157314675, 0.00034581763157314675, 0.0003458176315741078, 0.14998428451948692, 0.00034581763157314675, 0.00034581763157314675, 0.00034581763157314675, 0.00034581763157314675], [0.00031446947108660587, 0.0003144694710866306, 0.00031446947108660245, 0.0003144694710877243, 0.05832648701034852, 0.00031446947108783373, 0.00031446947108659774, 0.00031446947108659617, 0.3492964181503711, 0.049784979891108666, 0.00031446947108659617, 0.00031446947108659633, 0.00031446947108659644, 0.0003144694710866112, 0.00031446947108660153, 0.00031446947108659617, 0.00031446947108659617, 0.00031446947108659617, 0.00031446947108659617, 0.00031446947108659617, 0.12428434364208213, 0.20934538190062818, 0.00031446947108659617, 0.00031446947108659617, 0.0003144694710866508, 0.2014151220993806, 0.00031446947108659617, 0.00031446947108664533, 0.00031446947108659617, 0.0003144694710866185], [0.00032969279550683854, 0.2506088847323738, 0.0003296927955068157, 0.00032969279550683, 0.07366201309773612, 0.1155651556401422, 0.0003296927955068398, 0.0003296927955068155, 0.0003296927955069439, 0.13136285198834183, 0.0003296927955068155, 0.00032969279550695255, 0.0003296927955068585, 0.0003296927955068312, 0.00032969279550682217, 0.0003296927955068155, 0.00032969279550681773, 0.0003296927955068155, 0.0003296927955068155, 0.0003296927955068155, 0.0673126613482745, 0.17688947293771676, 0.0003296927955068155, 0.0003296927955068155, 0.0003296927955070891, 0.17701602595875746, 0.0003296927955068155, 0.0003296927955068155, 0.0003296927955068155, 0.0003296927955068323], [0.000361958112958752, 0.00036195811295940437, 0.00036195811295868695, 0.00036195811295971434, 0.1267509708205607, 0.04185785408898935, 0.0003619581129586688, 0.00036195811295865855, 0.0003619581129592674, 0.06821919963312659, 0.00036195811295865855, 0.0003619581129588507, 0.00036195811295895074, 0.0003619581129587298, 0.0003619581129588308, 0.00036195811295865855, 0.00036195811295894646, 0.00036195811295865855, 0.00036195811295865855, 0.00036195811295865855, 0.09458736596181223, 0.2978569032202255, 0.00036195811295865855, 0.00036195811295865855, 0.0003619581129586792, 0.21133368595694899, 0.00036195811295865855, 0.0003619581129586991, 0.00036195811295865855, 0.15106898372028404], [0.00036558023910570627, 0.03463275789525981, 0.00036558023910562674, 0.014039231527097046, 0.12860861383839015, 0.07861806397946995, 0.000365580239105671, 0.00036558023910562674, 0.010661849479200607, 0.04930929617227318, 0.00036558023910562674, 0.00036558023910562674, 0.00036558023910564225, 0.0003655802391056276, 0.00036558023910598014, 0.00036558023910583686, 0.00036558023910579745, 0.00036558023910562674, 0.00036558023910562674, 0.00036558023910562674, 0.06667213592266397, 0.12276997120656996, 0.00036558023910562674, 0.00036558023910562674, 0.01115678634946908, 0.4074398873362091, 0.00036558023910562674, 0.00036558023910562674, 0.06914538175038928, 0.00036558023910562674], [0.0004287496846752819, 0.0004287496846752819, 0.0004287496846752819, 0.023210461687265118, 0.06690277152571938, 0.00042874968467538195, 0.0004287496846752819, 0.0004287496846752819, 0.000428749684675287, 0.00042874969534276923, 0.0004287496846752819, 0.0004287496846752819, 0.0004287496846752819, 0.0004287496846752819, 0.0004287496846752819, 0.0004287496846752819, 0.0004287496846752819, 0.0004287496846752819, 0.0004287496846752819, 0.0004287496846752819, 0.00042874968467528324, 0.8069753393745595, 0.0004287496846752819, 0.0004287496846752819, 0.0004287496846752819, 0.09176393560023126, 0.0004287496846752819, 0.0004287496846752819, 0.0004287496846752819, 0.0004287496846752819], [0.00021803320393919744, 0.00931075878869828, 0.00021803320393919408, 0.7794256592904355, 0.005216669847666003, 0.02194873338073523, 0.0002180332039391973, 0.00021803320393919408, 0.00021803320393960548, 0.005009681343704785, 0.00021803320393919408, 0.014720950512913172, 0.00021803320393923626, 0.00021803320393936723, 0.00021803320393920492, 0.00021803320393941426, 0.00021803320393919408, 0.00021803320393919408, 0.00021803320393919408, 0.00021803320393919408, 0.024563238684367158, 0.11358856699516909, 0.00021803320393919408, 0.00021803320393919408, 0.004538459794717372, 0.01731661728280867, 0.00021803320393919408, 0.00021803320393919408, 0.00021803320393931332, 0.00021803320393923466], [0.00039256373505395994, 0.0003925637350579625, 0.0003925637350537439, 0.0003925637350537501, 0.060502841941764834, 0.3069077007304447, 0.0003925637350537439, 0.0003925637350537439, 0.00039256373505390816, 0.11741590939797329, 0.0003925637350537439, 0.0003925637350554229, 0.0003925637350555117, 0.0003925637350537439, 0.0003925637350537439, 0.0003925637350537439, 0.0003925637350537439, 0.0003925637350537439, 0.0003925637350537439, 0.0003925637350537439, 0.0670315231984961, 0.23167373818891224, 0.0003925637350537439, 0.0003925637350537439, 0.00039256373505376245, 0.20704675690111096, 0.0003925637350537439, 0.00039256373505374396, 0.0003925637350537439, 0.0003925637350537439], [0.013011300785627676, 0.0004898450113367626, 0.0004898450113368096, 0.06623473016407816, 0.11415862151292991, 0.017278814472146235, 0.0004898450113367626, 0.0004898450113367626, 0.0004898450113373552, 0.19723841780112394, 0.0004898450113367626, 0.0004898450113367626, 0.0004898450113368862, 0.0004898450113367626, 0.0004898450113368685, 0.0004898450113367626, 0.0004898450113690799, 0.0004898450113367626, 0.0004898450113367626, 0.0004898450113367626, 0.03304453970230748, 0.33562611987787355, 0.0004898450113367626, 0.0004898450113367626, 0.02754756047826699, 0.18557314996754093, 0.0004898450113367626, 0.0004898450113367652, 0.0004898450113367626, 0.0004898450113367626], [0.0007290335313904588, 0.005941186524093553, 0.0007290335313906056, 0.008594542454531994, 0.06938314277882777, 0.009430915111443212, 0.0007290335313904588, 0.0007290335313904588, 0.0007290335313904606, 0.06030615793669741, 0.0007290335313904588, 0.0007290335313971496, 0.0007290335313904642, 0.0007290335313904588, 0.0007290335313905724, 0.0007290335313904588, 0.0007290335313910895, 0.0007290335313904588, 0.0007290335313904588, 0.0007290335313904588, 0.03456068748385523, 0.6283304927243246, 0.0007290335313904588, 0.0007290335313904588, 0.03243146505486618, 0.1357117057721514, 0.0007290335313904588, 0.0007290335313921253, 0.0007290335313904588, 0.0007290335313904588], [0.0003894492129721421, 0.0003894492134154372, 0.00038944921297193007, 0.01225981811102228, 0.088437829240338, 0.13525322749481555, 0.00038944921297193007, 0.00038944921297193007, 0.00038944921297202136, 0.06100037995248307, 0.00038944921297193007, 0.00038944921297196986, 0.0003894492129719302, 0.0003894492129719312, 0.00038944921297194064, 0.00038944921297193007, 0.00038944921297193164, 0.00038944921297193007, 0.00038944921297193007, 0.00038944921297193007, 0.09456473465940753, 0.21056197398565737, 0.00038944921297193007, 0.00038944921297193007, 0.18539091696212023, 0.20396323690832932, 0.00038944921297193007, 0.0003894492129721026, 0.00038944921297193007, 0.000389449212972031], [0.0005447571568909095, 0.023650901104288368, 0.0005447571568908997, 0.008768306420703018, 0.14446133012862497, 0.03810677101811621, 0.0005447571568908997, 0.0005447571568908997, 0.0005447571568909011, 0.07772257709991127, 0.0005447571568908997, 0.0005447571568910185, 0.0005447571568910641, 0.0005447571568908997, 0.0005447571570000048, 0.0005447571568908997, 0.0005447571568908997, 0.0005447571568908997, 0.0005447571568908997, 0.0005447571568908997, 0.025215998942515395, 0.28999275361158333, 0.0005447571568908997, 0.0005447571568908997, 0.0005447571568910589, 0.3800967042225482, 0.0005447571568908997, 0.0005447571568908997, 0.0005447571568908997, 0.0005447571568908997], [0.00047719511864446543, 0.16678216490172143, 0.00047719511864446586, 0.027882631457456845, 0.07057021285184624, 0.012306016010376565, 0.00047719511864446543, 0.00047719511864446543, 0.00047719511864446543, 0.06093663833213197, 0.00047719511864449795, 0.007639531977046612, 0.00047719511864461884, 0.00047719511864446543, 0.00047719511864459976, 0.00047719511864446543, 0.00047719511864446705, 0.00047719511864446543, 0.00047719511864446543, 0.00047719511864446543, 0.04211649483179331, 0.38872193140390715, 0.00047719511864446543, 0.00047719511864446543, 0.00047719511910580776, 0.21302328074172436, 0.00047719511864446543, 0.0004771951186446511, 0.00047719511864446543, 0.00047719511864446543], [0.00039157122098438987, 0.00039157122098438987, 0.00039157122098438987, 0.00039157122098439214, 0.10540529090859378, 0.0003915712209860439, 0.00039157122098438987, 0.00039157122098438987, 0.00039157122098438987, 0.04831620817522435, 0.00039157122098438987, 0.00039157122098438987, 0.00039157122098438987, 0.00039157122098438987, 0.0003915712209851306, 0.00039157122098438987, 0.00039157122098438987, 0.00039157122098438987, 0.00039157122098438987, 0.00039157122098438987, 0.00039157122099105907, 0.1843922377963845, 0.00039157122098438987, 0.00039157122098438987, 0.00039157122098438987, 0.6517054113741941, 0.00039157122098438987, 0.00039157122098438987, 0.00039157122098438987, 0.00039157122098438987], [0.008748245461452309, 0.0004906407381080369, 0.000490640738101801, 0.04701526649315073, 0.18895423053867766, 0.0993935681040478, 0.000490640738101801, 0.000490640738101801, 0.011895444802006534, 0.07113435933262134, 0.000490640738101801, 0.021784251967620523, 0.0004906407381021579, 0.0004906407381127005, 0.0004906407381018185, 0.000490640738101801, 0.0004906407381018022, 0.000490640738101801, 0.000490640738101801, 0.000490640738101801, 0.08078993403471112, 0.3650421887635917, 0.000490640738101801, 0.000490640738101801, 0.0024441643305637014, 0.09347617214760381, 0.000490640738101801, 0.0004906407381027682, 0.000490640738101801, 0.000490640738101801], [0.011311249737068492, 0.00048589735480855363, 0.0004858973548080274, 0.022681462223785663, 0.07486393094058663, 0.011991357571578223, 0.00048589735480949054, 0.0004858973548080274, 0.00048589735480966906, 0.06546678317872298, 0.0004858973548080274, 0.00048589735480822577, 0.000485897354808049, 0.0004858973548080274, 0.00048589735480841334, 0.0004858973548080274, 0.0004858973548082086, 0.0004858973548080274, 0.0004858973548080274, 0.0004858973548080274, 0.030234790140410868, 0.6170897804708193, 0.0004858973548080274, 0.0004858973548080274, 0.02365762867298237, 0.12710871614002947, 0.0004858973548080274, 0.005876353827851226, 0.0004858973548080274, 0.0004858973548080274], [0.0003846294051029212, 0.028825630423080992, 0.0003846294051029831, 0.011225410377139856, 0.09636772810814534, 0.07189994002389162, 0.0003846294051029276, 0.0003846294051029212, 0.18659688712240824, 0.04768175795937506, 0.0003846294051029212, 0.0003846294051029212, 0.0003846294051029216, 0.0003846294051029212, 0.0003846294051029237, 0.0003846294051029212, 0.00038462940510295427, 0.0003846294051029212, 0.0003846294051029212, 0.0003846294051029212, 0.0986998661435163, 0.18879413430035166, 0.0003846294051029212, 0.0003846294051029212, 0.0003846294051030703, 0.2618314280349293, 0.0003846294051029212, 0.0003846294051029827, 0.0003846294051029212, 0.0003846294051029212], [0.0005260674469914834, 0.0005260674469911256, 0.0005260674469942832, 0.006882798011645832, 0.10675071763850227, 0.021119067591260164, 0.0005260674469911256, 0.0005260674469911256, 0.000526067446996236, 0.03334445579555141, 0.0005260674469911256, 0.0005260674469911256, 0.0005260674469936759, 0.0005260674469911256, 0.0005260674469911355, 0.0005260674469911256, 0.006130074479546035, 0.0005260674469911256, 0.0005260674469911256, 0.0005260674469911256, 0.02987771132870599, 0.6439423652908669, 0.0005260674469911256, 0.0005260674469911256, 0.005020024463663687, 0.13588536901341847, 0.0005260674469911256, 0.0005260674470057275, 0.0005260674469911256, 0.0005260674469911256], [0.0005570795462341412, 0.00936830065671495, 0.0005570795462341411, 0.03427415531596319, 0.09568224603365141, 0.02587046787762572, 0.0005570795462341986, 0.0005570795462341411, 0.008083999598527998, 0.05549011488422551, 0.0005570795462341411, 0.016572525536972475, 0.0005570795462346413, 0.0005570795462341411, 0.000557079546234853, 0.0005570795462341411, 0.021289179175287047, 0.0005570795462341411, 0.0005570795462341411, 0.02792758687060991, 0.09362839869806618, 0.321116558755501, 0.0005570795462341411, 0.0005570795462341411, 0.05485879777795547, 0.22636731653291692, 0.0005570795462341411, 0.0005570795462346913, 0.0005570795462341411, 0.0005570795462342792], [0.00027852609625531754, 0.00027852609625531754, 0.00027852609625531754, 0.00027852609625531754, 0.8814536615915944, 0.00027852609625531754, 0.00027852609625531754, 0.00027852609625531754, 0.00027852609625531754, 0.0002785260962553334, 0.00027852609625531754, 0.00027852609625531754, 0.00027852609625531754, 0.00027852609625531754, 0.00027852609625532285, 0.00027852609625531754, 0.00027852609625531754, 0.00027852609625531754, 0.00027852609625531754, 0.00027852609625531754, 0.00027852609625543794, 0.08182825752218534, 0.00027852609625531754, 0.00027852609625531754, 0.00027852609625531754, 0.029197876287326535, 0.00027852609625531754, 0.00027852609625531754, 0.00027852609625531754, 0.00027852609625531754], [0.000319020422380684, 0.00031902042238069676, 0.0003190204223806864, 0.00031902042238069557, 0.13014554461199074, 0.000319020422380684, 0.00031902042238070023, 0.000319020422380684, 0.0003190204223807008, 0.00031902042238088335, 0.000319020422380684, 0.00031902042238069655, 0.0003190204223807005, 0.000319020422380684, 0.5972557468554824, 0.000319020422380684, 0.00031902042238072484, 0.000319020422380684, 0.000319020422380684, 0.000319020422380684, 0.0003190204223812132, 0.12885283987792973, 0.000319020422380684, 0.000319020422380684, 0.0003190204223808013, 0.1354513376726984, 0.000319020422380684, 0.000319020422380684, 0.0003190204223806894, 0.00031902042238068625], [0.006902613141049141, 0.028163393812683728, 0.0004816447478689593, 0.027367102241895286, 0.12623168429456288, 0.01939889250738946, 0.005942207588398989, 0.0004816447478689573, 0.005172675384004094, 0.08875255199220333, 0.00048164474786923224, 0.013489670732271402, 0.007905207207436968, 0.0004816447478689573, 0.009869972647066353, 0.0004816447478689573, 0.005420734409124111, 0.0004816447478689573, 0.0004816447478689573, 0.0004816447478689573, 0.030303047810696773, 0.31474531198446737, 0.0004816447478689573, 0.0004816447478689573, 0.13339382195392815, 0.17019808582263057, 0.0004816447478689573, 0.00048164474789455655, 0.0004816447478689573, 0.0004816447478689573], [0.00026079331706533226, 0.00026079331706533226, 0.00026079331706533226, 0.00026079331706533226, 0.023335337112959216, 0.0002607933170653385, 0.00026079331706533226, 0.00026079331706533226, 0.00026079331706533226, 0.8139500632057214, 0.00026079331706533226, 0.00026079331706533226, 0.0002607933170653325, 0.00026079331706533226, 0.00026079331706539325, 0.00026079331706533226, 0.00026079331706533226, 0.00026079331706533226, 0.00026079331706533226, 0.00026079331706533226, 0.00026079331706533226, 0.07988825984086696, 0.00026079331706533226, 0.00026079331706533226, 0.00026079331706533226, 0.07604571359675383, 0.00026079331706533226, 0.00026079331706533226, 0.00026079331706533226, 0.00026079331706533226], [0.00038222621510645554, 0.000382226215106629, 0.0003822262151062955, 0.00038222621510662413, 0.06050345620431399, 0.07370774013393742, 0.0003822262151062955, 0.0003822262151062955, 0.000382226215106297, 0.0725875971545357, 0.0003822262151062955, 0.21103942649234222, 0.0003822262151063321, 0.0003822262151064882, 0.0003822262151063202, 0.0003822262151062955, 0.0003822262151062958, 0.0003822262151062955, 0.0003822262151062955, 0.0003822262151062955, 0.11668832730600207, 0.2629112691058981, 0.0003822262151062955, 0.0003822262151062955, 0.0003822262154831303, 0.19377098065514775, 0.0003822262151062955, 0.00038222621510634956, 0.0003822262151062955, 0.00038222621510629974], [0.0002995322427195876, 0.00029953224271956366, 0.0002995322427195702, 0.00029953224271956366, 0.06550765183672368, 0.04930012165743948, 0.00029953224271956366, 0.00029953224271956366, 0.02375164694827045, 0.05148681660322569, 0.00029953224271956366, 0.00029953224271956524, 0.00029953224271956366, 0.00029953224271956366, 0.00029953224271956865, 0.00029953224271956366, 0.00029953224271956627, 0.00029953224271956366, 0.00029953224271956366, 0.00029953224271956366, 0.0002995322427196476, 0.12444387221684176, 0.00029953224271956366, 0.00029953224271956366, 0.03616832178142097, 0.642452327373528, 0.00029953224271956366, 0.0002995322427195637, 0.00029953224271956366, 0.00029953224271956366], [0.00034768451712616975, 0.00034768451712617886, 0.00034768451712610123, 0.0003476845171261058, 0.1229801770900927, 0.0003476845197815323, 0.00034768451712613495, 0.00034768451712610123, 0.029246124920001608, 0.07511842302516111, 0.00034768451712611614, 0.0003476845171261994, 0.00034768451712610123, 0.00034768451712610123, 0.00034768451712610123, 0.00034768451712610123, 0.00034768451712619003, 0.00034768451712610123, 0.00034768451712610123, 0.00034768451712610123, 0.06306167783148224, 0.16784160314917979, 0.00034768451712610123, 0.00034768451712610123, 0.0003476845171326444, 0.3568328005455837, 0.00034768451712610123, 0.17692244954193614, 0.00034768451712610123, 0.0003476845171261615], [0.0005320841908453985, 0.0781441913443914, 0.0005320841908453856, 0.009290799124291968, 0.08281152934177102, 0.04329460681019623, 0.0005320841908453846, 0.0005320841908453846, 0.000532084190845412, 0.07758207183159108, 0.0005320841908454304, 0.0005320841908454153, 0.0005320841908463788, 0.0005320841908453846, 0.0005320841908453846, 0.0005320841908453846, 0.000532084190845389, 0.0005320841908453846, 0.0005320841908453846, 0.0005320841908453846, 0.051048962771491214, 0.3930137076438569, 0.0005320841908453846, 0.0005320841908453846, 0.018850911624012756, 0.2347894515006434, 0.0005320841908453846, 0.0005320841908453857, 0.0005320841908453846, 0.0005320841908453846], [0.0003149808866285516, 0.00031498088662855196, 0.0003149808866285516, 0.0003149808866285516, 0.09449780920553327, 0.0003149808866285516, 0.0003149808866285516, 0.0003149808866285516, 0.00031498088662860113, 0.6552692538290888, 0.0003149808866285516, 0.0003149808866285516, 0.0003149808866285516, 0.0003149808866285516, 0.0003149808866286692, 0.0003149808866285516, 0.0003149808866285516, 0.0003149808866285516, 0.0003149808866285516, 0.0003149808866285516, 0.0003149808866292631, 0.11758079594996984, 0.0003149808866285516, 0.0003149808866285516, 0.00031498088662855163, 0.12446263796306492, 0.0003149808866285516, 0.0003149808866285516, 0.0003149808866285516, 0.0003149808866285516], [0.00037606757871820883, 0.000376067578719274, 0.2789836161977568, 0.0003760675787181824, 0.11744459688134488, 0.02151269486347178, 0.00037606757871813673, 0.00037606757871813673, 0.0003760675787215551, 0.13498083092810437, 0.00037606757871815933, 0.00037606757871816427, 0.00037606757871826613, 0.00037606757871819067, 0.0003760675787183024, 0.00037606757871813673, 0.0003760675787185124, 0.00037606757871813673, 0.00037606757871813673, 0.00037606757871813673, 0.06400875263786811, 0.16645684210034817, 0.00037606757871813673, 0.00037606757871813673, 0.025968621944811417, 0.18237055771448996, 0.00037606757871813673, 0.00037606757871813673, 0.00037606757871813673, 0.0003760675787181674], [0.00035341130447853037, 0.00035341130447929316, 0.00035341130447849963, 0.00035341130447849963, 0.1032754556602066, 0.015489534894010181, 0.00035341130447849963, 0.00035341130447849963, 0.0003534113044785002, 0.08582905584978245, 0.00035341130447849963, 0.0160390376504316, 0.00035341130447882104, 0.00035341130447852885, 0.00035341130447852804, 0.00035341130447849963, 0.0003534113044786578, 0.00035341130447849963, 0.00035341130447849963, 0.00035341130447849963, 0.42057761828690143, 0.1867957153919249, 0.00035341130447849963, 0.00035341130447849963, 0.0003534113044785178, 0.16386512226373623, 0.00035341130447849963, 0.00035341130447849963, 0.00035341130447849963, 0.00035341130447849963], [0.0004009462229007138, 0.042850167886164525, 0.0004009462229007121, 0.010611457224515477, 0.12331753715428131, 0.07793717470592389, 0.0004009462229007121, 0.0004009462229007121, 0.00040094622291308324, 0.08150661301147064, 0.0004009462229007121, 0.0004009462229007121, 0.0004009462229007121, 0.0004009462229007121, 0.0004009462229007121, 0.0004009462229007121, 0.0004009462229008349, 0.0004009462229007121, 0.0004009462229007121, 0.0004009462229007121, 0.2757759309745529, 0.14487046003812887, 0.0004009462229007121, 0.0004009462229007121, 0.01150954215191906, 0.223201246172116, 0.0004009462229007121, 0.0004009462229007121, 0.0004009462229007121, 0.0004009462229007121], [0.00032756363649297167, 0.00032756363649317854, 0.00032756363649297856, 0.00032756363649299205, 0.14489248115606182, 0.00032756363649359346, 0.00032756363649297314, 0.00032756363649297167, 0.0003275636364929755, 0.09283693261854795, 0.00032756363649297167, 0.00032756363649297167, 0.00032756363649297167, 0.00032756363649297167, 0.00032756363649311614, 0.00032756363649297167, 0.44107873358541, 0.00032756363649297167, 0.00032756363649297167, 0.00032756363649297167, 0.00032756363651958894, 0.11252163618624823, 0.00032756363649297167, 0.00032756363649297167, 0.0003275636364932492, 0.20048112554137987, 0.00032756363649297167, 0.0003275636364929932, 0.0003275636364929826, 0.0003275636364929833], [0.000374673151744001, 0.00037467315174789177, 0.00037467315174400095, 0.00037467315174400095, 0.19370852426129775, 0.0003746731517442447, 0.1788732127919985, 0.00037467315174400095, 0.0003746731517442287, 0.10706546209270555, 0.00037467315174400447, 0.0003746731517440157, 0.00037467315174401076, 0.00037467315174400095, 0.00037467315174404475, 0.00037467315174400095, 0.00037467315174411934, 0.00037467315174400095, 0.00037467315174400095, 0.00037467315174400095, 0.13241847829607759, 0.15456996415629742, 0.00037467315174400095, 0.00037467315174400095, 0.00037467315174400095, 0.2243722027597624, 0.00037467315174400095, 0.00037467315174432436, 0.00037467315174400095, 0.00037467315174400095], [0.0004054254639328597, 0.0004054254639330203, 0.00040542546393291726, 0.0004054254639328773, 0.029373544489625952, 0.0004054254639328727, 0.0004054254639328592, 0.0004054254639328592, 0.0004054254639328592, 0.020907695810492278, 0.0004054254639328592, 0.000405425463932