"[[1.0, 0.580417556012455, -0.040442796773455525, 0.37833397542094305, -0.029728007439446147, 0.23607481476131242, 0.030065259599174943, -0.08937997770232275, 0.19190202854563188, 0.08266079475914534, 0.28319775260379076, 0.22593335803861092, -0.15397130762021694, -0.0767694068457292, 0.17492626982177717, -0.026162298585557853, -0.039341201382915525, -0.1205455927108885, 0.15913433002865396, 0.34941579852593296, -0.15542131823107974, 0.17402875134254892, 0.11816460868914758, 0.10996453376038673, 0.23137020108992412, 0.30061908183186614, 0.3316185861784908, 0.14957231893658074, -0.18643154008733998, -0.02856489098901749, -0.19165639590327088, -0.17066546542393568, -0.21560795784140763, -0.15898280520986496, 0.010620275476271646, -0.07914545963373842, 0.0823458195515836, -0.22874212747547618, -0.1376812138665342, 0.07231640482790891, 0.09292366459741874, 0.12480527494042815, -0.230645736267294, -0.16513124874515572, 0.10886774155271006, -0.029615425290181463, 0.1793928690595954, -0.027395926240416424, -0.2874578133673622, -0.2741459502179815, -0.033004250410620495, 0.22033823211103276, 0.17591998355934502, 0.1403330138820621, -0.00753081503216535, -0.13493321087905574, 0.033476306429153224, -0.010307714661782486, -0.05339992308719288, 0.11446563418548128, 0.07069219906788804, -0.018405818470862867, 0.08352062398463533, -0.18335316979083038, -0.19103140072756997, -0.328064181123896, -0.2562519160842529, 0.0013203361745670605, -0.36101948266466843, -0.18854857266875835, -0.029793806150290036, -0.03448653773744814, -0.4033831299905697, -0.0340729890369067, -0.1126133716437474, -0.18355204737650577, -0.2465567562508426, -0.10520197904804007, -0.1536314308050486, 0.03410907991158163, 0.017460982458925467, -0.035450104104449265, 0.049000355791664285, -0.1042478537133813, -0.0923790829572253, -0.23841393226476226, -0.08270068337644543, -0.006346293455764318, 0.08486485286102097, -0.20169661572294895, 0.09699531058783117, -0.11739631050735877, -0.2473226152625414], [0.580417556012455, 1.0, -0.015351757505766672, 0.36730254653654826, 0.14087060048940936, 0.19990690134296818, 0.11119653586058698, -0.21065635221483547, 0.2205475414314686, -0.11351175662531032, 0.19847594251429435, 0.3021011920424448, -0.11180697443785514, 0.07657289909358511, 0.11908087364649, 0.1447110686046762, 0.02949302352950578, -0.05015916823839062, -0.05326804367100424, 0.16739640746238926, -0.1966844191001731, -0.07656224319327176, 0.19244320302278728, 0.05774830567833156, 0.18983382820683592, 0.2090708769209516, 0.14072112048000185, 0.017572788531396544, -0.16152888423785483, 0.017420034006198293, -0.10158771274493139, -0.16701550079258465, -0.04432963995613326, -0.11629431832857429, 0.0044368043358681275, -0.025585777632343154, 0.08560673875290381, -0.09396462928969185, -0.05953410567574102, -0.03932003537043083, 0.1421544866802089, -0.114994775188767, 0.09338614017862124, -0.03610847196341638, -0.1877247679503673, -0.14846395480815788, -0.02008266936879366, -0.2560131173187514, -0.055323622858435506, -0.12009086185788886, -0.19016900735902875, 0.09481039636266342, 0.06157501191004677, 0.1617318954957787, -0.023636007744626486, -0.15238592868323964, -0.004660500720702343, -0.21544394675677525, -0.06938827849509299, 0.16047531971948614, -0.019767541418593382, -0.02075458695760246, 0.15638167373979495, -0.05921698577211898, -0.11656000818682144, -0.08332421227362352, -0.11177037779323751, 0.03561713023365831, -0.37371539141761967, -0.04060233305751981, -0.16959489702124664, -0.22155523447330205, -0.237408865849424, 0.037154082376938846, -0.30021233455582874, -0.11228519945431148, -0.09180924047338812, 0.1879631348838896, -0.05111398851363269, -0.2373091895686099, 0.016923520820310123, -0.2823610197031836, -0.08973961131690245, -0.24282201374425427, 0.0841474776175527, -0.12378718585046089, 0.18751135545190933, -0.07391513828009466, 0.13430054956642234, 0.17322818880582191, 0.23200954014655217, -0.07651469290707658, -0.23897075353686925], [-0.040442796773455525, -0.015351757505766672, 1.0, -0.15243520884474915, 0.11024475293620395, 0.4449309828031489, 0.08232912484714561, 0.18796515863065744, 0.46824661572170423, -0.046150320355801355, 0.12010466127363506, 0.1733939538467245, -0.01977839027981121, -0.2605803425721587, 0.07407620974463291, 0.5531185019471262, -0.03571969103210715, 0.4116799703313545, 0.06981601968957263, -0.06877118373459479, 0.1299738919244623, 0.13794936316810147, 0.21090442253008312, -0.23810370685340376, 0.15716507510149946, -0.0629550728178554, -0.2682614524655291, -0.00643125161875302, -0.19113925223417194, -0.23589860152811393, -0.08086273196948723, 0.14249191922289484, -0.15936275081725126, -0.1196722111572186, -0.25043064972016427, 0.08299189825195707, -0.02799931105832565, -0.1486819249001472, -0.06273647274731631, -0.10425765724909808, -0.1314418772385646, -0.0007861046500468039, -0.09401559412296834, 0.14903043720035536, -0.17331554690535667, 0.05184204602554188, 0.1227524198094343, -0.0946242241542441, -0.22218647428608485, -0.013679887311568661, 0.08633846094787023, 0.1380349745561399, -0.037000014943433523, -0.35069848862441955, 0.11136393268864275, -0.17094148851902324, -0.17332759015857357, -0.2355872014021425, 0.025483593301143692, -0.16011695120358893, -0.22277537940371483, -0.1376818816691583, -0.23374103540173774, -0.07694413482442797, -0.01558349551497451, 0.26634447120144267, 0.11841469034870289, -0.062316634117502545, -0.12538013476646936, 0.005623415547188815, 0.17545980840556052, 0.06954626886325088, -0.05206891293717675, -0.24772708485374095, -0.11891855002033203, -0.05350976400686025, -0.009770078841293772, -0.005913277468693412, 0.11853824590478512, -0.12453497249081513, 0.009784699691240073, 0.2412065545355282, 0.06116594507466466, 0.09239016009514223, 0.09542204987311409, 0.03256406623733321, 0.005639630039514509, -0.08403990056870758, -0.07109261195832506, -0.022374747100475156, -0.018157486285305113, -0.13711064504982917, 0.09680099623095395], [0.37833397542094305, 0.36730254653654826, -0.15243520884474915, 1.0, -0.1812515901220746, 0.29871038720209886, -0.2940564506915808, -0.1425603012680412, -0.0010763352408291738, 0.07233977169859873, 0.5862561395759975, 0.17317178496902763, 0.00776121057162571, 0.16728240237710068, 0.14677707361616799, -0.16639371503545042, 0.12835866613344693, -0.01211507592163108, 0.09558962040975338, 0.056657922253191106, 0.2227117087515188, -0.16321004140487227, -0.07262645662916545, -0.007564614791729651, -0.2434203329471687, 0.04972797349299307, 0.020633130907388164, 0.08161133722624603, -0.15726721870418903, 0.016727560975039024, 0.004960031047161029, 0.008144159189597433, 0.2155274101381497, 0.1375684303009066, 0.012120808981053277, 0.04785829662276542, 0.08868525937693406, -0.01093208303371096, 0.13727213769974167, -0.3175764235910694, -0.04093645843427729, 0.055612835880797906, -0.09304236686017009, -0.00473892612600002, 0.12593599081740714, 0.0127786918071352, 0.17823039120314554, -0.18899284350200385, -0.020891949137387122, -0.06620276255105395, -0.05887096946529269, 0.02232025386696057, 0.03847798511026168, 0.08794998248641184, 0.07751017600542665, 0.06205196430555082, 0.10398993042132121, -0.1394823521405686, 0.02409902157241328, 0.03125758687921398, 0.028330845916438085, 0.18845343666258907, 0.4563606714861159, -0.06867629579777201, -0.05868440395506003, -0.23888045056016205, -0.10114649092806172, -0.14616557788032147, -0.49660970109788316, 0.04725348340288682, -0.34582704854242086, -0.055046725343670166, -0.3275541619218858, -0.017140884818984903, -0.2997399705525834, -0.11504836812884767, -0.2372866389193673, -0.10682458818582541, -0.17554926554399075, -0.23509767342638033, -0.1476563550222103, 0.02907089866834356, 0.05527879212927944, -0.1881839935511318, 0.053891848003854936, -0.22448684454082657, -0.12336205482320395, -0.24838029546552587, -0.05391669335868943, -0.07526149134576965, 0.12953116056247038, 0.08392969018615581, -0.1730515650550788], [-0.029728007439446147, 0.14087060048940936, 0.11024475293620395, -0.1812515901220746, 1.0, -0.1678426626467482, 0.5797040285700211, -0.14799976610072507, -0.02659622864641742, 0.4563348931883071, 0.03416194286121965, 0.009179826133580482, 0.35093762877028545, -0.10977083187344494, -0.27444640966862544, 0.20234016714360992, -0.01162407465047166, 0.388311291921565, -0.21038651623716165, -0.07662918184556022, 0.2464176863056442, -0.015737068328099513, 0.13835364566959663, 0.11037014765868436, 0.13747619941049094, -0.08815417494059097, 0.17510908454704777, -0.1968117115532746, -0.15369536283523977, -0.04933313492299218, 0.06060778110409326, 0.21486323476129854, -0.1391963200185793, 0.04702666354390084, -0.16585439386004208, 0.2407931111740682, -0.14263411083785238, 0.12048085396550645, -0.22543427834531848, 0.3747583446629932, -0.023945284152551594, -0.06793729796250125, -0.18947914764855933, 0.26931488906530876, -0.07923116973749678, -0.21351646971393334, -0.1684954676854611, -0.23787394755474178, -0.41962680780099726, -0.23067440891688884, -0.10702620698728404, -0.05197721990407578, -0.11714068910056463, 0.05748555883707729, 0.003360254259199613, -0.08170318259765796, -0.1560035635029151, -0.12686600332749798, -0.11958194195575667, -0.003455006431983376, 0.07046524133244514, -0.34411888807698876, -0.1861795917718947, 0.12299224711512247, 0.3422156560146541, 0.15250954333858524, 0.462826256986405, 0.023567023450226654, 0.23597351573668024, -0.03471870670051436, 0.4985039435688867, 0.13924332872283918, 0.23408057555823536, -0.21773021311860097, 0.16502470995118967, -0.12573819545874443, -0.05141379011803959, 0.09846840881366736, -0.0328308842347409, -0.07282388892124336, -0.3518648124948629, -0.04980501556581163, 0.19531316301808, -0.021133062470981567, -0.03073784867814311, -0.25553915970000873, -0.024809029187494946, -0.12805810448007704, -0.19793734858893486, -0.19493941031029305, -0.1593778586174872, -0.22726246858558619, -0.20116497496885422], [0.23607481476131242, 0.19990690134296818, 0.4449309828031489, 0.29871038720209886, -0.1678426626467482, 1.0, -0.46962134810962897, 0.226163557711744, 0.1274354433966619, -0.04222380597366859, 0.19865595828244098, 0.16226612782647387, -0.09365354586776808, -0.28563384968188643, -0.03062376840862968, -0.0667761988219342, 0.03739251954784906, 0.16965572198226897, 0.07584277853667243, 0.17309007913161678, 0.052702103342254225, 0.047038562460225086, 0.03946950504556124, -0.23380115131007306, 0.2577600583308005, 0.2938745947207313, -0.0031964602276013387, 0.20355969248542782, -0.05603805708532006, 0.10689099776740518, -0.1749405731754614, -0.009729928362137041, 0.015816162301204306, -0.27066848854355907, -0.09006041628851391, -0.024233048968060444, 0.0764338788440112, -0.18294358492528118, 0.058959085696629665, -0.29821130316464517, -0.014053447681786402, 0.04779061771469906, -0.21756547978478968, -0.17871575949861107, -0.15362486139119058, -0.06547952488116882, 0.23688385357897312, -0.15648409215288828, -0.009566655388239864, 0.10673622045477693, 0.08171281187044066, 0.09944814032986149, -0.09727942234829934, -0.16376101516786212, 0.1766058156952448, -0.17700363376007155, -0.28838898353658715, -0.3510554496514746, -0.1085189445857373, 0.02961665619744769, -0.04884994642811402, 0.0038596700812340012, 0.1574735993211881, -0.1129943854776867, -0.17920029663048864, -0.039872113434935796, 0.19967625410422052, -0.008799281012061178, -0.5165225081778146, 0.18336846695025388, -0.23675946181839413, 0.18917314074621738, -0.1184036950735925, 0.14112191008685915, -0.15323529086607346, 0.13178433041559778, 0.1374175894906744, -0.08467369222315146, 0.03856180421392752, -0.30374544829396166, 0.04579129590379205, 0.29996064450057824, 0.03233504237365503, -0.057486019874671834, 0.1457688630170263, -0.16299920730059436, -0.07327791708163267, -0.1342370114714624, 0.03665771866371126, 0.13325047823122316, 0.02185076111054085, -0.16555622542166026, 0.132254880492243], [0.030065259599174943, 0.11119653586058698, 0.08232912484714561, -0.2940564506915808, 0.5797040285700211, -0.46962134810962897, 1.0, -0.09425321445080148, 0.30791637373557734, 0.3623597879195364, -0.025423096251712796, -0.038009883019984425, 0.44135526629405564, -0.006344145945992974, -0.11622205313594303, 0.37285600003080976, -0.09164129582105307, 0.2616244247424059, -0.13213789091256922, -0.28145750591834906, 0.019259459574461513, -0.13280441273915256, 0.014301048857965126, 0.0492993838296224, -0.1066846814225173, -0.2099917820078614, -0.01632073340191087, -0.17362613213307188, -0.2645214858846323, -0.1469656738058125, -0.20210329308253128, 0.3399474285941668, -0.2432764260376259, 0.1514069227147089, -0.0217289534496361, 0.08426655432063457, -0.08183014504233266, 0.08476926584896016, -0.2328568554037076, 0.605686461855644, 0.05831105311440432, 0.09897687547342049, -0.09877089448582832, 0.3674306782594736, 0.007898059527781331, -0.10264171660349253, -0.09025591522566212, -0.1329080766175199, -0.39689694065708725, -0.0494202059625255, -0.23625837538830785, 0.23400140290003724, -0.001575518049029112, -0.09293978535477754, -0.2477061526270301, -0.006079055358572338, 0.12238770751385653, 0.09271199661224716, -0.18057545901261673, -0.07278335055128737, -0.022964835173323817, -0.37117005200091446, -0.16561754044321386, 0.05838035454359147, 0.505170966982584, 0.06724998280200678, 0.3330083774106738, -0.04374763717694141, 0.4646483470502739, 0.006202079617038003, 0.5315470148748827, 0.18011153056182105, 0.21247266803607934, -0.2643294373741758, 0.267311032794596, -0.17731064540968355, -0.017799316065128412, 0.15558339575337454, -0.047368755197428225, 0.09825668787980701, 0.05762809885082065, -0.4028825983796356, 0.015204980575469929, -0.2135870390621939, -0.12317864715368532, -0.04525717373399818, -0.1286758310878573, -0.06963248293555235, -0.18379312026811578, -0.22065661379654067, -0.08414160921536307, -0.21303637992466062, -0.2944707944724889], [-0.08937997770232275, -0.21065635221483547, 0.18796515863065744, -0.1425603012680412, -0.14799976610072507, 0.226163557711744, -0.09425321445080148, 1.0, 0.18732971278060284, 0.02298233737054478, -0.0473092889088651, 0.25569408290123175, -0.10255339771883643, 0.09009439942158048, 0.06655114410411811, -0.012735784869362554, 0.20557951362242788, 0.14708345924093824, 0.15332189376797067, 0.15952930644240793, -0.20229924270994437, 0.03919425749493666, 0.07708241207400324, 0.20439294926527485, 0.23277934119692556, 0.17460862012240486, 0.1834013299481343, 0.35787138772328364, 0.2566779961862349, 0.018796225341603523, 0.09163600682370965, 0.06601650940846748, -0.13049765810370406, 0.16330560788347215, -0.051325428279831, -0.2801604410209182, 0.06776767608390499, -0.13358454141036336, -0.1057222514416194, -0.0979004784509665, -0.304660842400192, 0.1337265790945159, -0.07276482597379186, -0.2245743564762095, -0.0008164261594190148, -0.11159043454015016, -0.31729606089900875, -0.08975606343554121, -0.0911336701103651, 0.1255420920035457, -0.13590943854248194, -0.009017951051088158, -0.05577766041115262, -0.32743445472656063, 0.28452618209603586, -0.2728819871982655, -0.14057905005095606, -0.07168604633666797, 0.07482249574701028, -0.2774663410562197, -0.1874534428953878, -0.17034808289795245, -0.029590089767991046, 0.2414108512688109, 0.030150800599918703, 0.30985447985647174, -0.024331145931253406, -0.13178683525250223, 0.16164256030996804, 0.495443436979236, -0.0677785556552637, -0.09503280649996326, 0.11042935646595953, -0.006897859028301312, 0.11947368568162753, 0.20409973457450725, 0.2472187964901581, -0.19636684777685165, 0.19915346192529815, 0.22000607179995013, -0.025353562603348756, -0.03983698803279201, -0.13626025120993246, -0.24946990865638297, -0.15473913002084605, -0.17981235702149978, -0.12471140227966448, -0.29616896154165495, -0.024885754951242678, 0.009889536420398581, -0.3527205185177049, -0.25701399449711815, 0.1022993405570859], [0.19190202854563188, 0.2205475414314686, 0.46824661572170423, -0.0010763352408291738, -0.02659622864641742, 0.1274354433966619, 0.30791637373557734, 0.18732971278060284, 1.0, 0.1314000916947471, 0.028979800897868113, 0.18118542211217248, 0.16083552825342007, 0.059338159041572025, 0.11705587878629264, 0.360915438257741, 0.06201280458967895, 0.24004159375928413, 0.055691964065655575, 0.07499571592771426, -0.2053049971027292, 0.10887771028408899, 0.20276808545514124, 0.02514995127779729, 0.014259477509135254, -0.16667075920508134, 0.05504785417293889, 0.026326134650947464, -0.08362670559003749, -0.48700402449257263, -0.08763355034550746, 0.18300501628809285, -0.25115154002974815, -0.056671402795897885, -0.1387086300749918, -0.1138235117368509, -0.0604773276982189, -0.1625808777651434, -0.3637715378136721, 0.17047039384062312, -0.10865667158490733, -0.029498586236352153, -0.08327972794696747, 0.12164264102708144, -0.09682327044772676, 0.15984363403873914, 0.1633238369812715, -0.2808370498985431, -0.26148125743067285, -0.10698121186915222, -0.09475316774041476, 0.17280486196876077, -0.16453580652327116, -0.3111269756000248, -0.10913592942520611, -0.14122208511512424, -0.06823918965012377, -0.08950126116882484, -0.04863078983172153, -0.1725165401137927, -0.24920257775956678, -0.1336008065399943, -0.09528788271764799, -0.008507883318794374, 0.12394363210423709, 0.017298575605747546, -0.01428438899445017, -0.28414083145310376, -0.07499961722968207, -0.01246270751991907, -0.12699869602393443, 0.05399085319737884, -0.023288706354193778, -0.028815081046119184, -0.17988444442115492, 0.11273565126222485, 0.14876682162350385, -0.062062121538956516, -0.19145206874529785, -0.11793054690869753, 0.14958738305899888, -0.0665138167904138, 0.10183625065944413, -0.06802526379670959, 0.09299734188389364, -0.1085046686025013, 0.2654921072487251, -0.08053396476508956, -0.09780459136916386, 0.22946339296024898, -0.0034405370760615117, -0.03625294238043342, 0.13100040218471853], [0.08266079475914534, -0.11351175662531032, -0.046150320355801355, 0.07233977169859873, 0.4563348931883071, -0.04222380597366859, 0.3623597879195364, 0.02298233737054478, 0.1314000916947471, 1.0, 0.19516027800924907, 0.03131261990438883, 0.5343098872107188, 0.0037530470377453717, -0.24790689025010515, 0.10879289412129078, -0.08575385783017242, 0.3195121543447127, -0.022451550893295646, -0.1759502542713709, 0.33136601534745147, -0.10417175232068576, -0.03176537131432777, 0.20596128851748197, -0.033379969167461, -0.1534017249664752, 0.1702490798512315, 0.06603122837205788, -0.016287420584990553, -0.0034754793736100353, -0.05195749939362093, 0.18406764253056274, 0.16511634661855634, 0.06918999875727938, -0.04396929286757345, 0.04935448580926771, -0.45432597229151606, -0.0863908677926919, -0.31768090687314343, 0.22727425895106668, -0.11822394469054465, 0.13674013261208762, -0.32236739595011343, -0.02878472228254325, -0.13202424531720247, -0.2881026797025017, -0.09945750195132064, -0.2253753108462051, -0.44037806262224244, -0.32692986836136306, -0.08984758063957798, 0.29237065626974235, -0.00887283360162372, -0.15914704009139502, -0.08829275563788452, -0.2044096773083255, -0.3228490802075539, -0.08769393395183855, -0.30424647282841555, -0.31759406645985644, 0.18479253758390857, -0.12424017898140427, 0.12468050130654662, -0.18585658299584007, 0.2302350135219482, 0.029358761669670552, 0.3067884303716104, -0.22661897742607273, 0.2752275435625454, -0.07053882840922321, 0.3865524904982942, 0.3141620539860681, 0.2286915544949033, -0.07973672326262093, 0.48122777080342183, 0.04215475799097279, 0.11300438126345247, -0.12006525464075657, -0.06710093010754181, 0.09075381613486522, -0.00412424300910863, -0.011636636675635526, 0.29911031887586437, -0.012926279651832573, -0.11601057181899233, -0.08756030686687177, -0.031593809544258056, -0.1328475766396371, -0.2520944064873405, -0.23641206723892005, -0.01992459929943524, -0.0352499052492099, 0.10766353584440558], [0.28319775260379076, 0.19847594251429435, 0.12010466127363506, 0.5862561395759975, 0.03416194286121965, 0.19865595828244098, -0.025423096251712796, -0.0473092889088651, 0.028979800897868113, 0.19516027800924907, 1.0, -0.027657731508387906, 0.22117430357453816, 0.1454792714318659, 0.21965014962640883, 0.09484500149330422, 0.09856079905591497, 0.22105078383556043, -0.038687270749991454, 0.0631376406180717, 0.18111733778586336, 0.1741290414484521, 0.09821500522484938, 0.16085435353674737, -0.02939572793062184, 0.07437640475641016, 0.08641514858676014, 0.18197555318311165, -0.1433842507153531, 0.09557697642214413, 0.08520264619522955, 0.2827128722008072, -0.040599672119073116, 0.049470385719516785, -0.19187059960825237, 0.021839416513331322, -0.06776476920458507, -0.0009013121469361174, -0.13855268382436337, -0.32087282382002336, -0.16969621304475857, 0.1260224997058521, -0.23806618907796984, 0.14958406803295143, -0.14626272849472666, -0.15759611273976226, 0.34183134000468285, -0.08206509926540728, -0.16860986117222487, -0.005976055301350813, -0.03640888531243203, -0.10892397848923951, 0.02859656746302197, -0.030248875240580286, 0.021422655501681653, -0.34173621000741505, -0.1010624702785099, -0.10471716264577569, -0.06589269882869675, -0.2551016800133892, -0.11069516859579065, 0.027810056644523296, 0.34902814540187355, 0.03090964188397316, 0.08326862481027308, -0.03195712785115501, -0.01707911938393125, -0.11565319527029727, -0.2198241050394889, 0.10004956883393379, -0.09828272335602573, -0.04469286276965034, -0.1832580233551142, -0.06592254144977461, -0.008451951946778502, -0.29293164717984044, -0.23487809356684575, 0.11314659320286757, -0.03211469372892539, -0.13281744594881317, -0.17895683297501108, 0.02905581312302974, -0.174735616650588, -0.21648936583912848, 0.009910148142776465, -0.08538127661851047, -0.27092084784736414, -0.02236785111018813, -0.04820517163813132, -0.3550885654850209, -0.05721895111872599, 0.01040446458972022, -0.0901450019564578], [0.22593335803861092, 0.3021011920424448, 0.1733939538467245, 0.17317178496902763, 0.009179826133580482, 0.16226612782647387, -0.038009883019984425, 0.25569408290123175, 0.18118542211217248, 0.03131261990438883, -0.027657731508387906, 1.0, -0.10428465463579406, -0.1722514963088142, 0.17436779780097744, 0.2819286445639735, -0.06615370612992666, 0.12970576991221705, 0.06948081927277217, 0.04981708246553551, 0.1430414380235434, -0.07527594342857613, -0.08514929277899541, 0.04633082616514628, -0.08722367329453751, 0.20897801531747073, 0.0917110551867214, 0.07849254950654505, 0.4085407686134399, -0.054387577325377245, 0.1331338238379718, -0.2921484724213317, 0.19862257962301821, 0.13467086795162075, -0.08575041070609468, -0.22766951321924678, 0.15972570807254105, -0.15018075785308183, -0.2199273784583229, -0.08195494899861755, -0.0057296352590459065, -0.05685656194485089, 0.12602093647598422, -0.06868035955072616, -0.08084692170799768, -0.15918829330326312, -0.1952727934224674, -0.18349563206142583, -0.09017436866614914, -0.08569913890646141, 0.11030051206998648, 0.055512671574393324, -0.08385597311641302, -0.09249592744438861, -0.11098032733753782, -0.06502046844164044, 0.03204488475379719, -0.08168452661282877, 0.015493598049076795, 0.015359196268244668, -0.04127165087412421, 0.09923177913825387, -0.07952636364083099, -0.2333820612811528, -0.07381318697414807, 0.01973557015875682, -0.18899503636531856, -0.2350580243324858, -0.14676913623633636, -0.13802608283426854, -0.2548929628947503, -0.04645708219494371, -0.21285753743517444, -0.0930385609591795, -0.1781061260994241, -0.08325017333658669, 0.023098172946314555, -0.16582316529569274, -0.26172657864726845, -0.14464802237899033, -0.31607874193982166, -0.026054762280277366, 0.09298762937099492, -0.0041862270127792645, 0.11352662936306401, -0.12645256091477308, 0.02243655454978022, -0.023656255319725927, 0.12320083503524337, 0.16306120667463309, 0.01663260773340458, -0.014579021887833665, -0.1094598794549475], [-0.15397130762021694, -0.11180697443785514, -0.01977839027981121, 0.00776121057162571, 0.35093762877028545, -0.09365354586776808, 0.44135526629405564, -0.10255339771883643, 0.16083552825342007, 0.5343098872107188, 0.22117430357453816, -0.10428465463579406, 1.0, 0.3278395412708507, -0.11592880924027882, 0.31759614844386874, 0.12871071825086955, 0.4759206699055363, 0.027691029813439516, -0.19839761422406643, 0.12822507343377443, -0.041808541118248055, -0.24298327012459575, 0.20341552128136886, 0.017664962941120077, 0.028537848548498057, 0.038441608263273586, 0.09219454721681886, 0.035473108324619806, 0.05522128966498907, 0.017171525579362634, 0.25903326513785985, -0.171655469912674, -0.030082327649951335, -0.1941246571134585, -0.0041018979800244715, -0.30612701237893636, -0.007135786242101982, -0.4238523243162229, 0.17200428308113136, 0.005536007093463247, -0.11075494175102052, -0.09016987670586829, 0.3064039082471042, -0.1264196048185715, -0.33209267935468434, 0.03634923141380797, -0.28683659625540314, -0.2777557953362746, -0.07779987927718235, -0.19598199375881187, -0.05581835978435157, 0.140910254438517, -0.2231196188702811, -0.13752192603615154, -0.09277100759951518, -0.2472811740483276, -0.3565407196890562, -0.23527894691301499, -0.17269714299116679, -0.1842780915799591, -0.029165153096058827, -0.030962014088063095, 0.0013717742147523193, 0.6164937580416958, -0.05222080550874875, 0.4282445556701435, -0.2011304196096808, 0.26311959114989203, 0.13139359813625984, 0.22554808576660856, 0.5754205637496228, 0.05970544276013057, -0.010295533883948993, 0.2392480486077635, -0.09480263379674136, 0.23739063162016283, 0.15347809848105487, -0.17363556940874014, -0.06207032904454168, 0.022103373099758405, -0.08855678402925138, 0.23010249759459067, -0.128609055304032, -0.27732685836383375, -0.1823279240049609, -0.1370274853600697, -0.09664102955034592, -0.33620707316216447, -0.41170714646810946, 0.026734722524132226, -0.16256503459267013, -0.014219195026965004], [-0.0767694068457292, 0.07657289909358511, -0.2605803425721587, 0.16728240237710068, -0.10977083187344494, -0.28563384968188643, -0.006344145945992974, 0.09009439942158048, 0.059338159041572025, 0.0037530470377453717, 0.1454792714318659, -0.1722514963088142, 0.3278395412708507, 1.0, 0.06767387840124106, 0.09090194585145672, 0.11975490572995806, 0.016533435012156317, -0.056309999835454816, 0.15128136223273636, -0.31806404771060337, 0.1756113576009013, 0.04223893776898857, 0.3427092562243106, -0.02806915169832913, 0.13714357475880634, 0.054585445929756005, 0.11436056942338502, 0.07643660293714483, 0.023337232148895493, 0.3724951666078644, -0.08410884986395528, -0.16168459918885358, -0.09831313209367853, -0.1430716030537733, -0.1477509433610602, -0.11362171570931201, -0.06508852676442878, -0.038374401428220795, -0.1119627161635599, -0.10723275801003607, -0.26470682589767236, 0.12496293339549913, 0.17996607590917824, -0.09380354050213136, -0.11887990281958016, -0.20262888525191936, -0.2043396063127032, 0.09957241243862136, -0.2812589588909036, -0.06517479592086572, -0.004282481921790815, 0.048586331720195886, -0.15329319262194407, -0.1103942641046658, -0.0008308478158098875, -0.0636908017845721, -0.05015172472008844, 0.1388842063842486, -0.0726062004228516, -0.08018586690772622, 0.039063174577879, -0.10603424323036492, 0.32945222908851735, 0.23316772660382212, 0.18277488235967343, -0.10249006293447738, -0.17815771326985308, 0.07761359911710541, 0.2873227500577429, -0.15407155318234578, 0.054901953688498706, -0.24570010005494947, 0.19567298240892628, -0.02690164843128051, -0.08518078430294307, 0.3054226221473798, 0.04344099577035798, 0.0054873501095191735, 0.09118063464251547, -0.010329186927801493, -0.18887432803851412, 0.0019758126028839307, -0.1501063886088987, -0.2543972428151797, 0.05283299952387921, -0.020260669833933154, -0.26389493787089613, -0.07423742307737302, -0.16096900777459866, -0.0018979520539599282, 0.10221340055717099, -0.019931882000389978], [0.17492626982177717, 0.11908087364649, 0.07407620974463291, 0.14677707361616799, -0.27444640966862544, -0.03062376840862968, -0.11622205313594303, 0.06655114410411811, 0.11705587878629264, -0.24790689025010515, 0.21965014962640883, 0.17436779780097744, -0.11592880924027882, 0.06767387840124106, 1.0, 0.06097823162485694, -0.03196278873575431, -0.10673259204608088, 0.08531154177222389, 0.21480766042849697, -0.11593649014259544, 0.16901326959857998, 0.2099681484915289, 0.08606952066669371, 0.17807935863571767, 0.17343629040316177, 0.20487597646397726, -0.0004537045945258722, 0.07257212149661363, 0.2661273793820731, -0.020629966532347277, -0.1247662066484887, -0.16521844304419742, -0.1266586372385088, -0.15849314716622676, -0.19407726711196727, -0.10376264778171285, -0.2737710986742714, -0.25039472672918617, -0.1534001575600279, -0.19497777922130655, -0.05043148794422003, -0.11357447394350517, -0.11888851328961936, -0.1791841159577101, -0.04677468633746207, 0.009363894162888964, -0.13230960112262236, -0.04761290083897518, -0.1928904399734963, -0.07240415831175762, -0.26272650192756064, -0.036101042836939934, -0.1592146211976735, 0.15741957973603005, 0.12336525276902244, 0.13449424105515562, 0.06960488149087651, 0.015415269261059072, -0.023796016411371523, 0.014270169025530244, 0.09763674655066545, 0.0964506725157741, -0.022788193795044265, -0.04361253393901232, -0.0389648504107174, -0.22684085366976037, -0.18002036352780726, -0.2246659629340666, -0.09727337253463664, -0.23376449608884609, -0.23368431009698165, -0.3468558503018653, -0.011705104144066336, -0.18250032132498517, 0.060579899395490244, 0.008365424305076918, 0.16266455670988722, -0.041721442934518516, 0.07955192610237738, 0.022094416706206932, -0.12422897196497917, -0.18894383786103486, 0.10460628173018927, 0.20962731341580465, 0.0461253462085206, 0.08805270365451912, 0.1574144762429257, 0.13141871520387027, 0.04881614505184728, 0.21254417051939956, 0.04219172637313151, 0.013196811980109469], [-0.026162298585557853, 0.1447110686046762, 0.5531185019471262, -0.16639371503545042, 0.20234016714360992, -0.0667761988219342, 0.37285600003080976, -0.012735784869362554, 0.360915438257741, 0.10879289412129078, 0.09484500149330422, 0.2819286445639735, 0.31759614844386874, 0.09090194585145672, 0.06097823162485694, 1.0, -0.06469248969737995, 0.3636039547097101, 0.10453086318731575, -0.3363975307773306, -0.18583225637351486, 0.16622466580345396, 0.04445207565510556, -0.08803402989768383, 0.07979704234045593, -0.14911082783023444, -0.04353210519520978, 0.17416333472429935, -0.03926920649467913, -0.12782576449413763, 0.03393194529904986, 0.0945092348158465, -0.14524790235420948, -0.1364365877909497, -0.13931463487984708, 0.03142102811183323, -0.2699193259869219, -0.15846389050825538, -0.17873780094907543, 0.009081061420890602, -0.033798719814054135, -0.14918873176156566, 0.2695569399011195, 0.23035185394557633, -0.1839228361554084, -0.3062397747700576, -0.01205005888767463, -0.23478546167342662, -0.14734218870083726, -0.034353475419497626, 0.019919499113392858, 0.12762882167499967, 0.11076754874009043, -0.05011261903552833, -0.020213276882391495, 0.08501093415506089, -0.10651911390744817, -0.2665459894793938, 0.1902087878119456, -0.19693587246473143, -0.3024804405452042, -0.12408806437422215, -0.22185846045180035, -0.22466608733756166, 0.1666583351244898, 0.050017682247007755, -0.09293860277229338, -0.2459509503386348, 1.3537143675912411e-05, -0.11091991565944936, 0.24357696889165392, 0.056791363962116925, -0.16419334401300167, -0.26556378040270134, 0.03930712913365675, -0.0583318197752305, -0.07817962498661823, 0.12643730079438087, -0.06517280162564099, -0.13896382508261795, 0.10460876749483872, -0.13589905854872342, 0.028598068330393023, -0.10995359691691053, -0.03167225543879226, 0.004901211640454206, 0.032892359976456675, 0.07014705656019693, 0.05684160999408083, -0.17590521024220607, -0.08309237496807875, -0.06250885939181283, -0.05931579886406668], [-0.039341201382915525, 0.02949302352950578, -0.03571969103210715, 0.12835866613344693, -0.01162407465047166, 0.03739251954784906, -0.09164129582105307, 0.20557951362242788, 0.06201280458967895, -0.08575385783017242, 0.09856079905591497, -0.06615370612992666, 0.12871071825086955, 0.11975490572995806, -0.03196278873575431, -0.06469248969737995, 1.0, 0.008846370540817716, 0.294576755472987, 0.18863249292955153, 0.018870485022009942, 0.11713010363605525, -0.01120440488804575, 0.14547855955382194, 0.23073930153825617, 0.34557227332539475, 0.1173343763854362, 0.3179420140918081, -0.05900817520231172, 0.13998382982724566, 0.21681666681495493, -0.12333912391311608, -0.3068076716917003, -0.0525242957058949, -0.24148466102122312, -0.1900256530722353, 0.058931399867857115, 0.018923021466314305, -0.03232660296681855, -0.2555688405249872, -0.29868174795114943, 0.018097571077205887, 0.040114949639806, -0.32666224855113435, -0.08209806605819714, 0.0024399007076265633, 0.04521342471104428, -0.057920598406347334, -0.09524138249625724, -0.05355085169677731, -0.22814601826515868, -0.13220975484673758, 0.08301438284852702, -0.09893776492279449, 0.24702161546359414, -0.1694130726364338, 0.03967505074725053, 0.014548834116567377, 0.30481146511715207, -0.1005593862979175, -0.04482055636882487, 0.1202787487366288, -0.07870792215614975, -0.13070236680156722, -0.2925978686397941, -0.06662966537464254, -0.05683893919743621, -0.17314795717971632, -0.2616787096453146, 0.10476083905912681, -0.17929496089541042, 0.17316851133762934, 0.04229356889803648, 0.016325225568043722, -0.18263821599800067, 0.08780625305773382, 0.11661158511370084, -0.26674110394377415, 0.11865526097717383, -0.16672606236308773, 0.07599225873947701, -0.08054145690505199, -0.3052444532947436, -0.13161532174359958, -0.14014573477478875, -0.14502721408315788, 0.0037619163586229964, -0.031616093126875855, 0.07493968183088329, -0.07831376159713233, -0.07038321882507592, -0.15851203394336388, -0.0712836967786179], [-0.1205455927108885, -0.05015916823839062, 0.4116799703313545, -0.01211507592163108, 0.388311291921565, 0.16965572198226897, 0.2616244247424059, 0.14708345924093824, 0.24004159375928413, 0.3195121543447127, 0.22105078383556043, 0.12970576991221705, 0.4759206699055363, 0.016533435012156317, -0.10673259204608088, 0.3636039547097101, 0.008846370540817716, 1.0, -0.02283829924797831, -0.009929411330696025, 0.4377508741401913, -0.1078752738523292, -0.33095773178941545, -0.13184970277106078, 0.1911000246455805, -0.29643383992474215, -0.11947687330773937, 0.17649869033955778, -0.12897886686659987, -0.1288189457893718, -0.08853666018560857, 0.3593553667971101, -0.1854530357937798, -0.07934885651309442, -0.16117575668783046, -0.11750096537906463, -0.059423703184384946, -0.21679774097804483, -0.3594869508341705, 0.1097909596646025, -0.1422894847978431, -0.034795706600790455, -0.1213774960771099, 0.19803555231978986, -0.18227858245154982, -0.1677738308540786, 0.007927182625985685, -0.2957331458453265, -0.2776260231830445, -0.07095525264985092, -0.2826755124881375, -0.05704164725667016, -0.11281778210159099, -0.08731161665801279, -0.09996182505093598, -0.16268908446928254, -0.11651926237628296, -0.24809129942232166, -0.2352364035499206, -0.34273730077478914, -0.17605362491299248, -0.13243636219385113, -0.05503302862109738, 0.006396008148240595, 0.5802728300368889, 0.10327999489696493, 0.11834396797467683, -0.04310250405025151, 0.13600843059968193, 0.14499365061700897, 0.2217248555662935, 0.10086586051043567, -0.04755230449926762, -0.08417589297137607, 0.07061962845856762, -0.03894121621432056, -0.02214887324913195, -0.027446560782470764, 0.04817465981985469, 0.05123370247427317, -0.23508962538528433, 0.26702832962521783, 0.4468143256741789, 0.0549657088854576, -0.1949576443474188, 0.1153311269015449, 0.009823574072642116, -0.2133485760127496, 0.06955160257348592, -0.2278434580218225, -0.060739351952026954, -0.052569927655852444, 0.24509610670910864], [0.15913433002865396, -0.05326804367100424, 0.06981601968957263, 0.09558962040975338, -0.21038651623716165, 0.07584277853667243, -0.13213789091256922, 0.15332189376797067, 0.055691964065655575, -0.022451550893295646, -0.038687270749991454, 0.06948081927277217, 0.027691029813439516, -0.056309999835454816, 0.08531154177222389, 0.10453086318731575, 0.294576755472987, -0.02283829924797831, 1.0, 0.17980277298769531, -0.041076669015679856, 0.1751377793305655, 0.021945873835460983, 0.21246430765366842, 0.3165029209001148, 0.08280948513076014, -0.046746714313121274, 0.1767123383789143, -0.05356959379094728, -0.10046069545335312, -0.05018688926619563, -0.25734974805648525, -0.1105284209651265, 0.12719649308963832, -0.1748129337320652, -0.31310012524618447, -0.2363533074895865, -0.20710280954626814, 0.038075752114473005, -0.16145931747372444, -0.2611980882085989, 0.09457457155532811, -0.02172280005153482, -0.43124579291286924, -0.02756648377865778, -0.3320214198049145, 0.045499422687056645, -0.1279078422586437, -0.03545149056954178, 0.031314895074497695, -0.33826254835312697, -0.10329820753691554, -0.010979574348978893, 0.0857355025229748, -0.04575448435852625, 0.08112002963348819, 0.05521043213180721, -0.15837921902105978, 0.30583395824740245, -0.01846727831094208, -0.042783057235074695, 0.05599875250868025, -0.20380962145412385, -0.14691479734677748, -0.06916196965764843, 0.025733829569687727, -0.020981447428708, 0.23672907014513933, -0.10920211128052615, 0.01810578720607048, 0.14522513922897673, 0.09241136639341962, 0.24287538006731446, -0.07641445066890173, 0.049895059632232175, 0.10051135800684519, -0.11337104070099291, 0.05478565690642412, 0.19101163782543906, -0.08760856145166995, 0.24577906459981025, 0.21423799752231365, 0.003902515906130888, 0.08777885265851615, -0.0928109320803776, -0.13722673668161223, 0.12393398820423818, -0.13315232356169338, -0.053815626811621664, -0.2192584780240745, -0.12548202264598007, -0.24218892572083428, -0.11174102747328174], [0.34941579852593296, 0.16739640746238926, -0.06877118373459479, 0.056657922253191106, -0.07662918184556022, 0.17309007913161678, -0.28145750591834906, 0.15952930644240793, 0.07499571592771426, -0.1759502542713709, 0.0631376406180717, 0.04981708246553551, -0.19839761422406643, 0.15128136223273636, 0.21480766042849697, -0.3363975307773306, 0.18863249292955153, -0.009929411330696025, 0.17980277298769531, 1.0, -0.13758685464010179, 0.059699805311446474, 0.21521636066031768, 0.19174448176614245, 0.22979337497945995, 0.24235961430765052, 0.1856741098335254, 0.0036628607320198237, 0.19094996642855744, 0.12044102516423094, 0.08978227861854382, -0.25344041480748203, -0.3712806608763808, -0.12886911694567882, -0.23329104990293925, -0.19703989965494184, 0.014382061242224853, -0.2050530453834043, -0.13692720117861756, -0.2365918327288501, -0.3107289361682797, -0.15521041183720974, -0.07506615226461366, -0.3846942473785331, -0.11024902453167029, -0.15373279223634917, 0.05472077994398672, -0.09710655998586781, 0.037261585917097606, -0.11820041602136677, 0.24502798667347858, -0.20339922784181974, -0.007256062946038089, 0.05448487989491413, -0.05990730372520092, -0.09027068658261883, 0.1492442121109786, 0.2303012183723856, -0.05560533880122298, 0.061434010020510854, 0.16672502057172145, 0.07192846586222945, -0.24886010974412254, 0.06422909590936188, -0.11647405639287722, -0.10292258640785801, -0.18209179337029546, 0.19064063190780067, -0.2913370269011837, 0.05959836038709587, -0.17527014603815205, -0.10522548218917627, -0.004560854338454767, 0.12468777945281195, -0.3158733117238617, 0.10403220431203075, 0.061474195706148205, -0.13846289211557905, 0.06613626838030162, -0.13200654960049296, -0.0532086207595448, 0.060824216647663576, 0.23962301820632903, 0.12166508595341552, -0.0427068609497514, -0.12361170876174188, 0.006685008653815161, -0.14715483510197336, -0.09520870633178813, 0.13658221314432528, -0.06778163721788455, -0.06815978743193862, 0.08779229804666155], [-0.15542131823107974, -0.1966844191001731, 0.1299738919244623, 0.2227117087515188, 0.2464176863056442, 0.052702103342254225, 0.019259459574461513, -0.20229924270994437, -0.2053049971027292, 0.33136601534745147, 0.18111733778586336, 0.1430414380235434, 0.12822507343377443, -0.31806404771060337, -0.11593649014259544, -0.