"[[1.0, 0.004651256769350409, -0.07162408770521611, 0.08910595602628946, -0.3059113079206548, -0.009635935995663925, 0.1020159026113433, -0.02150127550457448, 0.04017423248309626, -0.158240088956904, 0.24436477842766946, 0.05868048635822842, -0.13680493676236938, 0.050659083328768006, 0.009537399256391521, -0.1575057536423683, -0.03437271272693021, -0.13963722311405768, -0.07513896413512455, 0.0215714687816273, -0.22090171223015398, 0.004854481410413447, 0.03263587736132123, 0.004356822158857132, -0.01834979166650541, -0.006341698105143179, -0.014662496415914328, 0.011584514538124369, -0.09428441150605393, 0.05183939590362796, 0.06862695965404408, -0.18528620588627143, -0.1493675758015116, -0.23833167982738934, -0.03912171448787549, 0.1658776530334075, 0.10107359664996196, -0.15119633786093378, -0.03256547250344166, -0.14461488016736723, 0.053313756959303626, -0.03223859813132046, -0.0393638306601205, -0.06307976487678135, -0.0070783781711061255, -0.06789673721558898, 0.1524024749128663, -0.023182716228085987, -0.11454433512654227, -0.3372034894891285, -0.06187291290556618, -0.06656098648601616, -0.0007993433063098188, -0.1709872346162833, -0.007883650434437506, 0.0032607466428482557, 0.2058579431905776, -0.1061458986414765, -0.2143866604485256, 0.1527528036123763, -0.3051030204518437, 0.13620687956463073, -0.06996472212818583, -0.08275571279853189, -0.11215517511906725, -0.23101130070863896, -0.33667658756727237, -0.31778736431076804, -0.22420865540776003, -0.09812283390632626, -0.24959875588605174, -0.07777896633521264, -0.27705981533398116, -0.020636892498231862, -0.11911563753789522, -0.09343805598579125, 0.01986784842347933, 0.17272602240727286, -0.04446185961894611, 0.11742016834300095, 0.11127200116539404, 0.03258475372195835, -0.17449602461720826, 0.09324194169060807, -0.1325781782071347, 0.1735881880060708, 0.042960718664777686, -0.0026715883408003904, -0.03627015257459232, -0.05260010824259731, 0.14217508057205142, -0.17283317948857735, 0.01008009148270339], [0.004651256769350409, 1.0, 0.20753021936138927, 0.376213696402369, -0.21739938753371657, 0.23614102387449354, -0.0880484953270182, 0.06001117441369885, 0.22326012917759686, -0.21497691630143234, 0.16015934230242956, 0.11325739149125624, -0.2475394933448889, 0.00639640735431557, -0.017286175696172634, 0.03775821424506931, -0.053193264242954896, -0.168535836786754, 0.19710795782196788, -0.06777431428544123, -0.268177112520644, -0.06581645117240176, 0.06250438494463717, -0.060605397418187934, -0.0017379453951509305, -0.020903907554595813, 0.08038216554530508, -0.001478426007379685, -0.04845123118332917, 0.07397275247871349, 0.06504985081848025, -0.35919415972029056, -0.04142145593965596, -0.31739447927417563, 0.026382639528568008, 0.19862210867497465, 0.3124972436270417, -0.1429993196431214, -0.06884338840198434, -0.3852257286039946, 0.14749017707926082, -0.36272082447469467, 0.1320199563771588, -0.3949492638327645, -0.10262448021592752, -0.021465655655396265, -0.028450040500555218, 0.04512174339488184, 0.06993458416639975, 0.1318565166229111, 0.04127875785463653, -0.22178227380855664, 0.07776698273140004, 0.0661694365890565, -0.046921643707798166, -0.06001416813660043, -0.09498145937851499, -0.33740012773444494, -0.04032829013708117, 0.14203366532092743, -0.0343918948451698, 0.06430400138019754, 0.3916804750463171, -0.3918831488707566, -0.24741752216373203, -0.3711036762549642, -0.30223469656396773, -0.3554365063138427, -0.3492100225011281, -0.10221319798880368, -0.18705877184111275, -0.3177763726332019, -0.3907445305617401, 0.11980648286292861, -0.10779531264858466, -0.3829828491068312, -0.19126700723081957, -0.07266151133961163, -0.08390874894077749, -0.1560238042364397, 0.03912858244805084, -0.2157362723727212, -0.1360595221649712, -0.2314488660100369, 0.28460588484364835, -0.2041507128586637, 0.07872551121659754, -0.14230942007358216, -0.0630401272490222, 0.07070583502220573, 0.030625096625867543, -0.23655518165923572, -0.23094037367093234], [-0.07162408770521611, 0.20753021936138927, 1.0, -0.008114824759478001, 0.6749594537425787, 0.2366304722390683, 0.6017172593698084, -0.04372468527443396, 0.7858725192174187, 0.493567394573756, 0.1220155524007226, -0.12322259208084563, 0.6246878900737113, 0.0011598128713032896, -0.169775256633655, 0.7650633226725828, -0.10041481612903036, 0.799277074239133, 0.4759403445468877, -0.2097012778696905, 0.47953796352450695, -0.09651051162863711, -0.12471940364676337, 0.09171564160029899, 0.11588618718027432, -0.11375217886093592, -0.13364921699277366, -0.09011962828710551, -0.22685909673791627, -0.10375401763092973, -0.18824779194781072, 0.3911016894618917, -0.0831036709763191, 0.3690577476018023, -0.10271490896440505, -0.1939901609300323, -0.17673295213718787, -0.23376602641408217, -0.37830000033633593, 0.5802110576282159, -0.18871129552163035, 0.24757218523332314, -0.14825405899910704, 0.18706892655888963, -0.17650838104038336, 0.0023808601066862556, 0.44048562631020216, -0.022314175325624186, -0.43156236715351115, -0.1624930985869779, 0.12333651553054081, 0.6973357594104643, 0.29190960267394717, 0.09400516625291888, -0.0902173459984601, -0.09078259380660203, -0.20052443112543306, -0.3555523371221483, 0.06632965357091558, -0.33590996983252897, -0.23812312049408257, -0.10355780382987079, 0.08210109297363166, 0.34386237054419433, 0.6034981859283769, 0.1101599368840046, 0.41186132822758603, -0.10844501343308788, 0.3537277114493478, -0.2177988612270192, 0.4908920114964921, 0.331318805509743, 0.05213756102849321, -0.3271298656121555, 0.20216208197346508, -0.1999635952449892, -0.2510787090274267, 0.28136259895782545, -0.05157699823680062, 0.20821926521877554, -0.09074502194051459, 0.504034618826301, 0.513765999782858, 0.08550237924781978, 0.32145331811875744, 0.079495905475922, 0.33135707392460745, -0.047580833165755454, -0.020235731450703565, -0.1657830090890533, -0.09122257254969246, 0.09962605776346456, 0.17814116706983496], [0.08910595602628946, 0.376213696402369, -0.008114824759478001, 1.0, -0.16466548766578137, 0.23750868116814527, -0.17020401945478536, 0.2247016942953629, 0.04201012690877315, 0.15113860264577483, -0.11177120474678826, -0.20616024175397607, -0.02451853403949622, 0.18355651055005462, -0.0034887551382580817, -0.2639889112838083, -0.08831502447267447, -0.07311537766204523, 0.24155443085537875, -0.10792012702864828, -0.03671410639562955, -0.004277646105533384, -0.06191352975184272, 0.009630072911832155, -0.11928626613465254, 0.013259833286573208, -0.10806173550545672, -0.015400374467533284, -0.08293095634636494, -0.10120899899928171, 0.009079684769234597, -0.0442970145572803, 0.36086575722177916, 0.015901307969167777, 0.42053228378252894, 0.36644301338958973, 0.39852574763618565, 0.3575305171670047, 0.30254540604845104, -0.2123802414170446, 0.6536886552126084, 0.16642451728358687, 0.287749971991366, -0.1332537113571466, 0.1472168659167724, -0.05993221230552259, 0.10856619681352064, -0.274793400897412, 0.35431401614116653, 0.20192827430014182, 0.008996898396139485, -0.13115286666595338, -0.28713467734755094, 0.20327208395734386, -0.11461059798860829, -0.160053300374277, -0.2655265375976248, -0.018877251398253803, -0.3130636795907491, 0.1250900415090499, 0.06867122003893322, 0.30691345774661194, 0.2983109324394648, -0.04667530435234335, -0.22010018781854357, -0.026868964481109536, 0.03661926549151573, -0.3109718431947319, -0.08952496053260695, -0.1735762533943772, -0.06812720771056235, -0.10570643216199538, -0.23915462734574922, -0.18608407843592545, 0.0910799531068135, -0.34113008791299393, -0.2928958552384977, -0.141283364529025, 0.36109198931033104, -0.1787442298206776, 0.3450028420419802, -0.11536525493114591, -0.17329738363455083, 0.004714891341194849, -0.10023733563417903, 0.2923085507710347, -0.2237454133736596, -0.12175325461872855, -0.07057712750149081, -0.0008877743982851349, 0.13963177972952623, -0.10399098026080078, 0.10035466217959477], [-0.3059113079206548, -0.21739938753371657, 0.6749594537425787, -0.16466548766578137, 1.0, 0.0375422602939296, 0.4936192481402355, -0.021091803723039204, 0.6496806732809994, 0.7216245007578544, -0.10948454821466047, 0.10683562514179379, 0.7851410951807758, 0.07189022659974609, -0.13026677658775143, 0.7359674056313772, -0.06436318976304589, 0.8414718979884608, 0.26080190000475056, -0.09083031651721618, 0.6835272224723844, -0.03903688783259307, -0.06895602303034565, 0.016703568295152516, -0.0016980052492983067, -0.08642525529561129, -0.031442727550972105, -0.16409291875499665, -0.17836061609614662, -0.10989087520542973, 0.04905893013914975, 0.5641462896191519, 0.04989057476643022, 0.5721534928331642, -0.10874829018983512, -0.458995719010709, -0.4655292582518229, -0.07068913766541995, -0.2770460700191817, 0.6622128986198048, -0.35998242090541077, 0.31195639979285583, -0.18483446856438657, 0.32256711293065377, -0.21494838438512387, -0.2346338835172812, 0.30126344091697144, -0.22431050037993838, -0.3647932323252241, -0.10130769104585857, 0.2413593917361334, 0.8059041167373777, 0.28923095479589556, 0.12728025997752135, -0.01731078924438978, -0.027642207575709232, -0.3406112933487424, -0.03945631293133234, 0.04691833940992207, -0.4167006426963227, 0.1081496073446041, -0.06432747816590823, -0.2767340122021391, 0.5601273929641725, 0.77206197890807, 0.45622532920187386, 0.6774306436182217, 0.2318561283410987, 0.5466849611810323, -0.18249546672048433, 0.5373643604738806, 0.4987475205609708, 0.38204170333949605, -0.4436252438078061, 0.35723483578727844, 0.06392104347191063, -0.23986552660360827, 0.16557848249906026, 0.1492089714639533, 0.21601442280607563, -0.10191588086307446, 0.5084706232688192, 0.6136239797105063, 0.0630723893926064, -0.05099522113088395, 0.06857991150491793, 0.17595480787529283, -0.1357635547042757, -0.11862689852027719, -0.1009449495249215, -0.1496481560066658, 0.26780840670705275, 0.2760854613404221], [-0.009635935995663925, 0.23614102387449354, 0.2366304722390683, 0.23750868116814527, 0.0375422602939296, 1.0, 0.19417537034543553, -0.10853100690019546, 0.13795839659502962, 0.06403542677515373, 0.1321652365250252, 0.10483224176674866, 0.14116369780966664, -0.19663143338829436, -0.01356589904071459, 0.14133267973942387, -0.05707785348807293, 0.280666038361048, -0.12731430598835947, 0.09734889264321833, 0.05819712346291106, 0.024225002110973115, -0.03218797829836695, -0.07458094714402574, 0.01110493451158967, 0.049532223065267944, -0.042354402579668715, 0.0025019400531198777, -0.09577443389838769, -0.048084416169389854, -0.030374235070957045, 0.032619889941718494, 0.11784102141400132, -0.07008173921094984, 0.013809322305698535, 0.422896933060146, 0.04750111789081912, -0.09819368082586988, -0.15522477089456643, -0.014823883315255415, 0.01313577228504792, -0.03731591511212207, -0.044064608317233356, -0.001263917775170098, 0.004394272845763325, 0.16034790490715145, 0.17927525380273224, -0.19612700490233959, -0.07403476347052917, -0.1264893291150404, -0.21273318226831295, -0.03590589446505765, -0.10385866050917358, 0.1591906449977436, -0.03644070992994464, -0.0011347030480131082, -0.0024122822554901724, -0.22060217271656857, -0.14959969647771842, -0.08644993915753929, -0.198367567930555, -0.07968075061488422, 0.6514115820930043, -0.026189193295904856, 0.08725686983994674, -0.2608104945337524, 0.03430569058529276, -0.17147926952517745, -0.2184072390161642, 0.0852260484646683, -0.16192554839036233, -0.08468033899605643, -0.2928310783110146, 0.03707646760244743, -0.18979852317570733, -0.3284635343997673, -0.0955114913274897, 0.01175681405436324, -0.16293979893660193, 0.03245951479090181, -0.3163249091361009, 0.09380909569636953, 0.1578486953336481, 0.2745241772722671, -0.13297212385262158, -0.10313200256762012, -0.27854257475374267, 0.12009086830859095, -0.050340670010954325, -0.06086073503688838, 0.30762716117446787, 0.07876891074979853, 0.01352510560971143], [0.1020159026113433, -0.0880484953270182, 0.6017172593698084, -0.17020401945478536, 0.4936192481402355, 0.19417537034543553, 1.0, 0.3294998833589007, 0.529811541055045, 0.42981817520474885, 0.2368632551463038, -0.0965074336898788, 0.5149882748360821, 0.15284436521040745, -0.043319789609388204, 0.4854368431308127, -0.20964843760865626, 0.6133446754385007, 0.13262285811983088, 0.026108362570083754, 0.1565700129919383, -0.14536959615987222, 0.09833053494733823, -0.035806420666350425, -0.015081326308031828, -0.017979057987450586, -0.10851361307150142, -0.09602948941385159, -0.1999000008962153, -0.06608572754141195, -0.10320099164848462, 0.46390082415707934, -0.0737723558530321, 0.4143627814715809, -0.07506686588312506, 0.01167143553124439, -0.05889714011228975, -0.031099422765360263, -0.394645435441495, 0.5385741098491283, -0.32308639931559124, 0.27381003174854146, -0.07183740568664443, 0.29392433589254097, -0.21252591156873102, 0.06409393608771163, 0.21803222913370102, 0.09223789374699753, -0.35340364555986725, -0.16432922783343695, -0.21068033746244508, 0.475599748928778, 0.1607574880262338, -0.04515130560171543, -0.20255527392199224, 0.18220966392493854, 0.03054601066067253, -0.3368406735227405, -0.045471341384126784, -0.48749020412425326, -0.4365923648182275, -0.39744660507674645, 0.11424698649853648, 0.6356870589393065, 0.5823558213136966, 0.39931554452431617, 0.45333343697032635, 0.12095633248880944, 0.6333967052322919, 0.3550216947235064, 0.6213657020222233, 0.4994115151773255, 0.2761669605342649, -0.15225725136982238, 0.3932587238017333, 0.04402670547160037, 0.13853132981651095, 0.34310381279399427, 0.26448676141292093, 0.6035908481097448, -0.02832544086491451, 0.13763597349041168, 0.25452739047396333, 0.13375390393738806, 0.10760385127025462, -0.0022100955952046863, -0.029685032942100786, -0.1315597261601884, -0.2355943761389605, -0.23070955263211657, -0.08667846584289873, 0.12691345534755705, -0.12249812287468154], [-0.02150127550457448, 0.06001117441369885, -0.04372468527443396, 0.2247016942953629, -0.021091803723039204, -0.10853100690019546, 0.3294998833589007, 1.0, -0.036956095339853334, 0.13349593650504488, 0.05377233862150477, 0.11912524092358867, -0.015640031622270456, 0.43829878206911066, -0.006437534778279463, -0.02205034886603907, 0.012901037836115514, -0.08435620739490224, 0.041727788871062876, 0.05841031960183074, -0.11553916483921722, 0.015279963169576694, 0.00306260458557317, -0.027970580804796308, -0.01252918672379022, 0.06720948586461795, -0.029222682379758336, 0.04564527633720905, 0.06316728660398441, -0.021236353890994097, -0.12349916544018291, -0.05413358190291251, -0.1948500397916828, -0.0931045253574092, -0.06963174366588043, 0.009163330943412373, 0.17374944244276969, -0.04932475048942675, -0.19103388436085722, -0.08933335699204825, -0.14203839606175284, -0.10771868770845128, -0.047697966676000014, -0.2155372976708989, -0.2668436721776386, -0.3110625207046904, -0.36750974170517825, -0.053388246905280434, -0.10596596288612803, 0.026778680938779775, -0.1338709415605539, -0.04019983226652224, -0.24380605924706966, -0.1842107272177218, -0.024622924755975273, 0.03439385893165736, -0.005178700267732372, -0.12997291709152692, 0.008125996609516628, -0.13506045232948027, -0.18602495490284943, -0.13117048079926197, -0.035727430272672, 0.17098970403612657, -0.08682766990904756, 0.2155170721712807, 0.12203279789455757, -0.08058999052803473, 0.3926943718761209, 0.5098956708232908, 0.15411815535512918, 0.09573416112496747, 0.07837158382938325, -0.037863295384120255, 0.34475465416869033, -0.11939299591556085, 0.0316394361205371, -0.28094191886882647, 0.3997009231205726, 0.17089181254174246, 0.16571899198254259, -0.16868005064453984, -0.13024457943509238, -0.07162232599627183, 0.10877730064290547, -0.039397295367355145, -0.2152451961955819, 0.09555983886000019, -0.027736496469721095, -0.10279206968215537, 0.08488645560200436, -0.311602696688682, -0.18925440183329956], [0.04017423248309626, 0.22326012917759686, 0.7858725192174187, 0.04201012690877315, 0.6496806732809994, 0.13795839659502962, 0.529811541055045, -0.036956095339853334, 1.0, 0.5661661660357834, 0.19753278493231008, 0.052721156204094566, 0.6298738058990616, 0.016634171036662315, -0.12969401303003747, 0.7485281411360585, -0.09916978074276694, 0.6877875318646222, 0.4107182815868343, -0.1219819612226496, 0.32909326033081354, 0.019461021355925978, -0.1401689780199784, -0.19495030473089714, -0.10586463493914078, -0.09636203795059362, -0.09084747580923569, -0.1572015327398102, -0.3476514213099793, -0.23468687767100826, -0.1734552008545367, 0.48599425521513395, 0.09000746485320854, 0.45396616093944153, 0.09135657331078906, -0.21309713226333638, -0.07131751581731471, -0.05332325908480362, -0.18602546826729838, 0.49229784247233965, -0.09892829945365245, 0.4119083860237235, 0.11760003866121571, 0.3234446718103927, -0.1422074853172295, -0.15014435703512063, 0.4930499726160311, -0.08814294213289342, -0.22496404773858125, 0.05041136976286609, 0.1301902695703293, 0.680181131192896, 0.3713045526176616, 0.1326947506139179, -0.06953306835966844, -0.2416382678713218, -0.41680328624998575, -0.4443919707269024, -0.03670458804957444, -0.3672022346173671, -0.2875523906756621, -0.030712005760097583, -0.13407846628192321, 0.41162016515567956, 0.665694297158617, 0.352663371812707, 0.4628805863400983, 0.07293534297344573, 0.3866847057553534, -0.12905353703334987, 0.568907228404253, 0.5750471202724121, 0.2386999439895291, -0.21663330960280103, 0.4413680753345258, 0.08970781157126106, -0.09419894501830472, 0.48077661167679075, 0.19163240080385024, 0.1805529059212364, -0.004011887859139307, 0.46827194271444206, 0.3731304296380873, -0.14854060350756182, 0.028084078330379847, 0.07588714965370047, 0.2563893672965414, -0.14981402871643534, -0.11207560344615342, -0.024474594724807286, -0.2420151616085271, 0.1984878318006541, 0.08798187885679942], [-0.158240088956904, -0.21497691630143234, 0.493567394573756, 0.15113860264577483, 0.7216245007578544, 0.06403542677515373, 0.42981817520474885, 0.13349593650504488, 0.5661661660357834, 1.0, -0.08218125841247526, 0.0926079312196445, 0.8440971577844832, 0.1488568104519572, -0.10294376558802609, 0.36715500866760387, -0.06965582300851514, 0.7524821786726299, 0.41085877375694424, -0.14987066326115994, 0.6132791600790151, -0.11125453216064041, -0.09682234180895333, 0.0599863834713914, -0.13822497162647074, -0.10504003269192852, -0.031053819191843246, -0.1739042448972179, -0.06503132573458115, -0.14931271298098991, -0.07513756585248066, 0.46023648436755304, 0.05877472498213121, 0.48848295758546056, -0.09305310484898932, -0.4356076982014907, -0.43665474304442475, 0.006397102920164266, -0.24414782953287606, 0.3321231678868556, -0.16999955009225687, 0.4427711825067018, -0.1652876564524699, 0.1370329916264592, -0.08071849331567771, -0.2448064962584624, 0.4654817623815879, -0.25723779586801765, -0.2719799174955875, 0.09031535715933181, 0.09395962374878919, 0.5572731443857282, 0.07393390096639618, -0.236201623967621, -0.16016743250971843, -0.3302336411017035, -0.3223589604504369, -0.24673939383647858, -0.2891105883568539, -0.3498671673963012, 0.011133847736122915, -0.22483332066670303, -0.17715190937437142, 0.6797898016019309, 0.6887567585838849, 0.5733435321103533, 0.8616284128642532, 0.2098557722665464, 0.5854104559396412, 0.10064137333064005, 0.6701732171441526, 0.658335626917123, 0.4506782141901109, -0.0657025141380072, 0.6228763772154857, 0.09044967513042657, 0.11861318256099795, 0.4154230914782091, 0.503136413192678, 0.0655525353832005, 0.25463827849321585, 0.5841221620231336, 0.577577420534649, 0.21629111335644302, -0.1311069672257794, 0.3790993724345739, -0.007711469988280095, -0.16288805894363612, -0.11819794498117253, -0.159230198420097, 0.10547368493402998, 0.413193095950548, 0.45071060869492363], [0.24436477842766946, 0.16015934230242956, 0.1220155524007226, -0.11177120474678826, -0.10948454821466047, 0.1321652365250252, 0.2368632551463038, 0.05377233862150477, 0.19753278493231008, -0.08218125841247526, 1.0, 0.12338470374612609, -0.17572318527411324, -0.40910117590738215, -0.02627958169770639, 0.0864288265362757, -0.027875904749729008, -0.03524407040129862, 0.0425066541969954, -0.013572291241188417, -0.22409307961790348, 0.004180688685879286, -0.03839917150632299, -0.03131798182917511, -0.06873942281363465, -0.00011213452153713277, -0.02832251300018651, -0.04719917339064139, 0.06997114118819381, -0.03783411177707108, -0.00020005305185977207, 0.05919903061652532, 0.008475129109768664, -0.08742281680461472, -0.11498663224647632, 0.25887089334741953, 0.07730778928182103, -0.07458222334842657, -0.15680510906838974, 0.021668946583583648, -0.11608798047598867, 0.011008550820581386, -0.09879298668875491, -0.10145740768934419, 0.044556327427761167, -0.1008520923550551, 0.42735207772569095, -0.05405695521665965, -0.14213448046374655, -0.008343519280610723, -0.03635039604605317, 0.15662195911076116, -0.09453788757649062, 0.04656196139479574, -0.036352141470654686, -0.1613789723967176, 0.09594611138105369, -0.09629560715696917, 0.2053725937911025, 0.02092617484805015, -0.09107460262799738, -0.32365591171065367, 0.19035044373210375, -0.10313184909307815, -0.002446766628428687, -0.01919203980477291, -0.1108271984749174, -0.13823961199473334, -0.17007114965622327, 0.2915162967488897, 0.1202671900041713, 0.12164294683813981, 0.0226219946759334, -0.08869383289780597, 0.12796584025147717, -0.020306985836624936, 0.2396951992452876, 0.42379737671570705, -0.009288650026894718, 0.4512021394881697, 0.2763231396095137, -0.07621402831170498, -0.2518451757785265, -0.3267779444098349, 0.0735126896820345, -0.3249941102309286, -0.1474950191016191, 0.02995484880028587, -0.012839446068804161, -0.05518285089442365, -0.4087524837077401, -0.14258026186154105, -0.3333552972603311], [0.05868048635822842, 0.11325739149125624, -0.12322259208084563, -0.20616024175397607, 0.10683562514179379, 0.10483224176674866, -0.0965074336898788, 0.11912524092358867, 0.052721156204094566, 0.0926079312196445, 0.12338470374612609, 1.0, -0.031172574800223396, -0.13911627350462918, 0.010628620091826524, 0.12234594062594106, -0.017070007110837615, -0.0410935497065974, -0.139742930467454, -0.023608580662956236, 0.14834247462225825, -0.02545373844172616, 0.028010137293861148, -0.00895174713062974, -0.02854872137357889, 0.036962787105025985, 0.02590748347622862, 0.009960920126941497, 0.0647570427837858, 0.0395845891460338, -0.02598643046650362, -0.10887217439804964, 0.0831164753887571, -0.15759800081789366, -0.03560855833794041, -0.006507325772796779, -0.09819754991901486, -0.13465664324427773, 0.020848519356481576, -0.09133031795392554, -0.21230891277183161, -0.11898233018613102, 0.03358325090144987, -0.0538276680634433, 0.01521134088154974, -0.24076009771413065, -0.014809076479086913, 0.019941777565391727, -0.047484001980418133, -0.0986843989225934, -0.0001330303983591019, 0.029709132879412237, -0.10344288872943852, -0.09201965148072633, -0.04097931792758236, -0.0706960487043069, -0.004833319081481768, 0.029102259516316065, -0.15232900058424392, 0.08552873116983617, 0.12699054566458823, 0.12887735471894413, -0.2584999216902355, -0.16763102891660253, 0.017664043549578845, -0.1602310454033551, -0.04609237423254453, -0.10401228026376974, -0.10761918078497623, 0.1125574969716836, -0.24692911294549336, 0.00019903176005586776, -0.12533185251962675, 0.0277703099358243, -0.040251884449331365, -0.13800906328647988, -0.07910924269770869, -0.21441101931590856, -0.20568466858903878, -0.12322700597813663, -0.300506978706808, 0.20344307612363188, 0.2069362696137983, -0.0919023086160593, -0.1340669518123887, -0.3268548397881854, -0.05014214134819994, -0.03437108231433461, -0.020070385981609595, 0.004527948806798299, 0.04542078631265811, 0.05630139020039937, -0.16403196942122955], [-0.13680493676236938, -0.2475394933448889, 0.6246878900737113, -0.02451853403949622, 0.7851410951807758, 0.14116369780966664, 0.5149882748360821, -0.015640031622270456, 0.6298738058990616, 0.8440971577844832, -0.17572318527411324, -0.031172574800223396, 1.0, 0.11711893906375048, -0.235432179283239, 0.616208933725345, 0.0030291414815301065, 0.902014239608123, 0.20473854090769228, -0.2757990292275565, 0.6437702158556653, -0.08632770497751441, -0.18425136544520027, -0.053706411996597536, -0.062085345536821324, -0.14102717775012819, -0.23504977500330848, -0.1920123020403448, -0.19982900982146234, -0.11742418205324845, -0.017105503009867018, 0.6591152328662541, 0.07186567197792326, 0.6965079276666057, -0.06504046627891702, -0.4074519711346123, -0.3947829500726927, 0.01568324838759827, -0.2532562923433641, 0.5512230984053844, -0.2196278068181805, 0.48754970715230395, -0.09157676797577752, 0.3933987345234541, -0.20222731604392097, -0.07050862571929684, 0.4560055540148944, -0.16994633646285195, -0.21227633214593733, -0.04272887277688109, 0.012537952923584172, 0.6978017606568802, 0.23187276558565972, -0.046829694042723524, -0.05424335952863246, -0.0810469857920908, -0.23871762682340592, -0.24877827103322825, -0.2780156824692144, -0.45725712050291256, -0.06966385492240268, -0.18263168239065153, -0.0688306713208986, 0.7737370502994699, 0.8716775521789544, 0.6313175037604354, 0.708692176705362, 0.4379114392443402, 0.6320424606422967, 0.04120821925447271, 0.6809710304301312, 0.6603984104917379, 0.5889239722331738, -0.09465532108271191, 0.5792189341333862, 0.23445104556126006, 0.0745234380364943, 0.44388816769873696, 0.3753639647032365, 0.15582130504885727, 0.05207791689896657, 0.6013740033994608, 0.5619465576696925, 0.2294924715993356, -0.20282182044773478, 0.4219745891156317, 0.0796032783936923, -0.2637877949640668, -0.0016622629801512634, -0.04323768673846917, 0.11787218569037083, 0.4407510581264187, 0.5294837625817495], [0.050659083328768006, 0.00639640735431557, 0.0011598128713032896, 0.18355651055005462, 0.07189022659974609, -0.19663143338829436, 0.15284436521040745, 0.43829878206911066, 0.016634171036662315, 0.1488568104519572, -0.40910117590738215, -0.13911627350462918, 0.11711893906375048, 1.0, -0.02090256322503614, 0.013525991919217772, 0.012406564777252771, -0.01841074658841757, 0.078461170966316, 0.04507071059241863, -0.07279253012919007, -0.00033823148512079904, -0.014564033449907532, -0.002904985755566969, 3.619303865787238e-05, 0.037320011083490146, -0.07050276318153714, -0.019390964307224978, 0.04362892533632001, 0.03209742879871069, 0.22931066168979664, -0.06347454621752391, -0.18192407612666517, 0.01468636367974141, 0.020678637369682118, -0.1563014933458422, -0.07748125401116468, -0.0061687590734897935, -0.06279686071589352, -0.04418660310712741, -0.07504403973826057, -0.14994760326910228, -0.0631776932819228, -0.1704968453788731, 0.2133957920186923, -0.17883559204235921, -0.22923630956378038, -0.05022563525330859, -0.27608061986179533, 0.25471335073175594, 0.2117167249067916, -0.12835094163618033, 0.32831360824877764, -0.26913126256918574, -0.05939165874236707, 0.06506551713267095, -0.057272518880919776, -0.0902868139461106, -0.07056992848979204, -0.20294608135457692, -0.3369831304791111, -0.16362599873922923, -0.2722045031618676, 0.25880540547623676, 0.04176043971358179, 0.11620011587631796, 0.1295574949078967, 0.11276643441349121, 0.3956952370670297, -0.0826426492141561, 0.22112698145969523, 0.2227129038400285, 0.011631004291969393, 0.04204254029842047, 0.1799107059006717, -0.18920695001638843, -0.20940457792314882, -0.17693402280418558, 0.5013118606224322, -0.2156669719281441, -0.060143311701180924, -0.035574014708459334, -0.0355215998099756, 0.0024992414334480406, -0.08455453275765779, 0.024789096985236347, -0.14499703594778457, 0.015482398336348013, 0.007946578725685383, -0.0024256669766797856, 0.01388211397817396, -0.0668421165602715, -0.14177096083210028], [0.009537399256391521, -0.017286175696172634, -0.169775256633655, -0.0034887551382580817, -0.13026677658775143, -0.01356589904071459, -0.043319789609388204, -0.006437534778279463, -0.12969401303003747, -0.10294376558802609, -0.02627958169770639, 0.010628620091826524, -0.235432179283239, -0.02090256322503614, 1.0, -0.13401024148830354, -0.011414842280679904, -0.1585544088928299, 0.043016068914053074, 0.04554834991057888, -0.178332334535507, -0.013401302444162155, 0.017100435227312416, -0.01817747105150791, -0.022459303183542723, 0.003828570261679265, 0.0335428475727757, 0.015552481875833024, 0.016498392893315894, -0.006560666927403647, -0.024098304252071046, -0.1942645548896953, -0.15652883682690666, -0.2812818402074624, -0.16817397973768689, -0.014487663573256704, -0.06741869152882263, -0.16678596005607615, -0.16053157063877554, -0.15162359417399207, -0.09216188407539949, -0.17553408590294461, -0.10548953526174643, -0.131277347177003, -0.02598835851068282, 0.07648828063256485, -0.13363649229926522, 0.02673542158223219, -0.09318680521146483, -0.14644834706709675, -0.022571673868562625, -0.15556654169435324, -0.048611571453414104, -0.07104208624018393, -0.02645995153255365, -0.040914650105860595, 0.06794881963512267, -0.04173291373446553, -0.002021668223344264, -0.036512811530702516, -0.05015099448998783, -0.08497092704184173, 0.008165055146181266, -0.12751795688724532, -0.2068739064235139, -0.1766895979793468, -0.11874369005455687, -0.20682816159688922, -0.15822238209439665, -0.06268278794075122, -0.18563508154869002, -0.22647764731883413, -0.21384400167130613, -0.030490627719216734, -0.2137357295976161, -0.08344303673455689, 0.0319477264830742, -0.19074727913166645, -0.1674758897277835, 0.00775545555744972, 0.0017439519030983952, -0.0877418070400664, -0.05990118886254203, 0.06180698594681, 0.10155525557990863, -0.11317970737223448, -0.012251247589389669, -0.02776430411553421, -0.01455641240720218, -0.05095720609844223, 0.010920122834081947, -0.1434792960904825, -0.054068788584139105], [-0.1575057536423683, 0.03775821424506931, 0.7650633226725828, -0.2639889112838083, 0.7359674056313772, 0.14133267973942387, 0.4854368431308127, -0.02205034886603907, 0.7485281411360585, 0.36715500866760387, 0.0864288265362757, 0.12234594062594106, 0.616208933725345, 0.013525991919217772, -0.13401024148830354, 1.0, 0.03570519686784923, 0.6838494328396203, 0.19323302756418714, -0.1749887597797899, 0.3837932291507451, -0.05365696779414897, -0.1575377086830687, -0.08085599140108957, 0.210268210445976, -0.1804221846569003, -0.26565239117347406, -0.15719264237817998, -0.24844568468181483, -0.19933981732347505, 0.038461710161977636, 0.49473774602406384, 0.05175524015410393, 0.533058511031667, -0.007812083261048652, -0.29589897810633614, -0.2348004077164072, -0.18967383604199783, -0.22930259319737045, 0.6440619060054726, -0.26612797717250625, 0.19551952689130536, 0.051363305587250774, 0.43049933519710526, -0.2649733686882527, -0.18891384648763565, 0.24207704276053776, -0.099823739152614, -0.25785448482767226, -0.12572469122175978, 0.029501665957251566, 0.7133068722236501, 0.32008639119877313, 0.25821390274894584, 0.01371689812766197, 0.010945345567609066, -0.3851968457046575, -0.2828191774664319, 0.1949146244269062, -0.48321589658787145, -0.2054507182455283, -0.0104863085437088, -0.16826265894183945, 0.38778551778699466, 0.6970857385503939, 0.3375057867864326, 0.35182598693576916, 0.19769412425305877, 0.434164589907573, -0.13379077724695887, 0.4239272910443195, 0.4371293521969688, 0.32539062863201806, -0.2718376903893618, 0.29191170615704176, 0.1745950764237829, -0.20223920421386277, 0.20875621929975063, -0.043507195077581606, 0.19158991394124936, -0.3078404842200464, 0.4682232491298872, 0.36889227294751203, -0.21457139015250482, 0.06694020298893122, -0.11400951706456519, 0.39012882410299043, -0.0051676774752467125, 0.0551025224263777, 0.02626458214659222, -0.28111202006355906, 0.12974273439366002, 0.05653472332776799], [-0.03437271272693021, -0.053193264242954896, -0.10041481612903036, -0.08831502447267447, -0.06436318976304589, -0.05707785348807293, -0.20964843760865626, 0.012901037836115514, -0.09916978074276694, -0.06965582300851514, -0.027875904749729008, -0.017070007110837615, 0.0030291414815301065, 0.012406564777252771, -0.011414842280679904, 0.03570519686784923, 1.0, -0.09952180244080999, 0.017347403648325765, -0.0020682343322739882, -0.10114362643982133, 0.006614022890371163, -0.01589744295721318, -0.007888209373989818, -0.02852821160200003, -0.01589241692613319, -0.019228358486306885, -0.022708225908491864, -0.01965088981286245, -0.014167649715129516, -0.0065947875418539414, -0.15068707717278196, -0.1730150924508973, -0.06238043592316522, -0.09022528086099513, -0.10559872200782339, -0.0811029713947864, -0.09132987005146886, -0.08564153660645712, -0.12287764341273477, -0.07085700024976727, -0.2253918738166023, -0.10828514868098749, -0.034990517066259885, -0.030890654344083224, -0.0956242721052678, -0.04643495271710241, -0.0344724404984833, -0.07432340213847954, -0.0968989623931722, -0.04768154933856561, -0.10895921237255624, -0.023579422627342028, 0.005873029817686226, 0.01891385668265666, -0.0353109175014521, -0.05802464971411836, -0.0013511621151467423, 0.01250476717115323, -0.08290149819819304, 0.00600522567352102, -0.007075054464648067, -0.08563796550283587, -0.17767038109874633, -0.07720398139685392, -0.09139877766711813, -0.11349785505982579, 0.08833513356600531, -0.18285064125208894, -0.07507754813552991, -0.09421209046411194, -0.026579766849093467, 0.054620698528125344, -0.0007398478987468149, -0.1302910308457541, -0.062035078641482944, -0.02983016821510187, -0.1621790104185037, -0.05979548256809242, -0.12114385169558273, -0.04970795110793769, -0.0201496753269077, -0.18139405896646998, -0.1423077353857256, -0.03950264050223096, -0.07948777371883042, 0.010630481690473426, -0.04303268530819215, 0.045325000037341745, -0.0028479075537870546, -0.060872406155777714, -0.12751772950765305, -0.01289262890925813], [-0.13963722311405768, -0.168535836786754, 0.799277074239133, -0.07311537766204523, 0.8414718979884608, 0.280666038361048, 0.6133446754385007, -0.08435620739490224, 0.6877875318646222, 0.7524821786726299, -0.03524407040129862, -0.0410935497065974, 0.902014239608123, -0.01841074658841757, -0.1585544088928299, 0.6838494328396203, -0.09952180244080999, 1.0, 0.24995990363744358, -0.2224042176780634, 0.6737074423601609, -0.11701715190081363, -0.13910129109083957, -0.03888960221794524, 0.012642462821820355, -0.15073333582332626, -0.11480982170077181, -0.06333578580547883, -0.14035533292965896, -0.145195315022961, -0.12968969316433876, 0.6276584721872722, 0.022507571355013134, 0.5766618704174504, -0.1321098156802587, -0.2942952708758848, -0.3874559116652936, -0.10302326649398386, -0.34104564460610987, 0.6335450827443236, -0.2987850006209434, 0.40233560918377265, -0.20746536458200926, 0.3428621387470785, -0.19986068732334306, 0.02570250055967971, 0.49579177150797193, -0.17174987635995986, -0.3445140262180675, -0.20591528688701488, 0.07648527347162937, 0.7826028852831383, 0.2990474123301452, 0.04170516015569803, -0.06806978508624417, -0.048447513480007975, -0.1317445441074614, -0.2175870462943308, -0.16286219296315152, -0.40315881920966823, -0.1191641919715467, -0.1715852012177428, 0.08418237693341446, 0.644394729261969, 0.8519719955815195, 0.41556800571162555, 0.6229823701179082, 0.24632647194518464, 0.49522047024949, -0.05641868148275764, 0.5881376244952001, 0.5076341235617065, 0.35007812566625207, -0.31862683389474133, 0.360379131917255, 0.029070803600866446, -0.07808887590828206, 0.3502252817037994, 0.13074966355906759, 0.27459787928329304, -0.05347827197851984, 0.6150201080446527, 0.6496548077222835, 0.2806325777127915, -0.06949338070591571, 0.28492440392867335, 0.09143518252677607, -0.21052706812698152, -0.0364145210643243, -0.08830340210327003, 0.06441115918134555, 0.2702595019534617, 0.4454007840422094], [-0.07513896413512455, 0.19710795782196788, 0.4759403445468877, 0.24155443085537875, 0.26080190000475056, -0.12731430598835947, 0.13262285811983088, 0.041727788871062876, 0.4107182815868343, 0.41085877375694424, 0.0425066541969954, -0.139742930467454, 0.20473854090769228, 0.078461170966316, 0.043016068914053074, 0.19323302756418714, 0.017347403648325765, 0.24995990363744358, 1.0, -0.05595445320100367, 0.15682207197483833, 0.11434667214001015, 0.008115565965761351, 0.08445398275464722, 0.02561483425599942, -0.11056599849249849, 0.06299501696012944, 0.08553056824645444, 0.009725354803042263, -0.09403385360079342, -0.11746676035468817, -0.08869306520179698, -0.17414364351277367, 0.099673463790525, -0.1386422036989028, -0.3487008914879497, -0.2617422676317971, -0.34212020320177805, -0.2558943229845927, 0.04036097363424096, 0.04386357890238368, 0.04588620029262713, -0.197352902068894, -0.22605586133105593, 0.24754779665903326, -0.334198230772355, 0.21151052032687268, -0.12932585886033987, -0.29362872917846583, 0.0017648607945478512, -0.09449190416025766, 0.19377087449992114, -0.1621009278784702, -0.3108694209072209, -0.035189201184109065, -0.1946533279177911, -0.4616701133463885, -0.2794727926819016, -0.1608339918459405, -0.2750562351194965, -0.03153486786025583, -0.21830632511206471, -0.19806223125932587, 0.17042201184230255, 0.12585611817939657, 0.06739697379915233, 0.3160133313037017, -0.38879143186490395, 0.18110528670941983, -0.2228347345568087, 0.4152923508896037, 0.21502543579600686, -0.050192671266723554, -0.11393841468644705, 0.1584858330450778, -0.17506787934658385, -0.14262335123692882, 0.16268996092697108, 0.16055079635845593, -0.08968551152925874, 0.20368532974867404, 0.510256008260354, 0.26512020184460794, -0.04393606889062607, 0.550201938075705, 0.2882459461713036, 0.4969595102631017, -0.09071368713687966, 0.002362966335562322, -0.30445150992373904, -0.09903191640567655, 0.20593375968305783, 0.012579633951025904], [0.0215714687816273, -0.06777431428544123, -0.2097012778696905, -0.10792012702864828, -0.09083031651721618, 0.09734889264321833, 0.026108362570083754, 0.05841031960183074, -0.1219819612226496, -0.14987066326115994, -0.013572291241188417, -0.023608580662956236, -0.2757990292275565, 0.04507071059241863, 0.04554834991057888, -0.1749887597797899, -0.0020682343322739882, -0.2224042176780634, -0.05595445320100367, 1.0, -0.1028527057753108, -0.012518170269037787, 0.09585139430952294, -0.005906867518557624, -0.009954140937431522, 0.05430399328218105, 0.06077834796781545, 0.07161420392529527, 0.07762643412310344, 0.03441035759584288, -0.0387875738425274, -0.3040565971325562, -0.23121122897331747, -0.29013668958651206, -0.1432778553338363, -0.0747469377706611, -0.07792264096693158, -0.13864256248447338, -0.08515410954408242, -0.24764844250542972, -0.15747492722011547, -0.22738231476690784, -0.13874558916934987, -0.24785659574609187, -0.052099765867083425, -0.10586683936069274, -0.36205538691452666, -0.02355820796793484, -0.16652810280343244, 0.0116321353904707, 0.09131681148892601, -0.19497393801045537, -0.05394257550364223, -0.13005832931408312, -0.03212969794579035, -0.0825688197534955, -0.029670675176426853, 0.061822672596227424, -0.10749409273548105, 0.17727475802740167, 0.06963075855501677, 0.04044697218537596, -0.09669155956053821, -0.10962074433800617, -0.14264582402110126, -0.1159881757552117, -0.12312682899497318, -0.08455171862168287, -0.14152846692351906, 0.1550655523337351, -0.17112516716839288, -0.05828205073187043, -0.14121309596479503, 0.038244470622149085, -0.1471058594064809, -0.08588453819288477, -0.04708010792920936, -0.07038297168123009, -0.04728538947740235, 0.17723351354396888, -0.13532337473154277, -0.13469742999388856, 0.08772975886094314, -0.01913118318306739, 0.05079757071996294, -0.1597048677845263, -0.012536596913324427, -0.02583583387991828, -0.028852529675097882, -0.024032287380867157, 0.021338819585374647, -0.15531433505445302, -0.13614575488209013], [-0.22090171223015398, -0.268177112520644, 0.47953796352450695, -0.03671410639562955, 0.6835272224723844, 0.05819712346291106, 0.1565700129919383, -0.11553916483921722, 0.32909326033081354, 0.6132791600790151, -0.22409307961790348, 0.14834247462225825, 0.6437702158556653, -0.07279253012919007, -0.178332334535507, 0.3837932291507451, -0.10114362643982133, 0.6737074423601609, 0.15682207197483833, -0.1028527057753108, 1.0, -0.16875109479725858, -0.189637405508976, -0.017834405636731887, -