"[[1.0, 0.907294898483893, 0.8613184348517571, 0.8650190966415446, 0.8410789688526167, 0.9548249956094156, 0.8867094449714916, 0.8629508839676401, 0.8368077026787046, 0.827349677709644, 0.9136399089690893, 0.8132282162544268, 0.8385707419346905, 0.8151444679336115, 0.10232396407082367, 0.8342184768902569, 0.5908836337737097, 0.8196231881364905, 0.8189106709641639, 0.9192078315781435, 0.8189106709641639, 0.5831876950006138, 0.506526668762233, 0.5818950564238283, 0.9882890505347165, 0.5725641719390735, 0.5069238242487536, 0.5269581775044593, 0.7192469397263306, 0.7371133368391851, 0.7963626357924191, 0.9623802441951924, 0.9635910591842841, 0.8577262726922968, 0.8500198496776784, 0.9776824781289015, 0.860395517047636, 0.8591017270738638, 0.929070482405845, 0.8577311613836863, 0.8261952947468715, 0.9442292480668868, 0.8593177395054121, 0.8614013583752957, 0.26721803671535826, 0.25079277148195933, 0.860472460540735, 0.037557524780625906, 0.9483941753716841, 0.2672547783127428, 0.9193024168609837, 0.8902066741969139, 0.26721803671535826, 0.693398614966396, 0.4118596378583247, 0.8710632012711302, 0.6896501128809683, 0.45077814506272207, 0.9632518035856038, 0.7177908482198254], [0.907294898483893, 1.0, 0.5851970751592293, 0.673968207808218, 0.6208818436966078, 0.9773271689281694, 0.7364506474217268, 0.6936151897785743, 0.6211968068802812, 0.5987625326676929, 0.9997949059599243, 0.8411445276767148, 0.62292735726237, 0.6179455387607236, 0.055166411268221305, 0.6216363264490719, 0.33357584996048617, 0.6251634474756075, 0.6251656882381255, 0.9929034321144197, 0.6251656882381255, 0.3600872785474256, 0.780492064181149, 0.2715540500359026, 0.8606671511657926, 0.8276799785049362, 0.7804408083767577, 0.7588716030524394, 0.8521289817297082, 0.9183597388311041, 0.6258706120236451, 0.9527802330272106, 0.9614499221072906, 0.6104034719132432, 0.6178965510902683, 0.9717704641775631, 0.5780166113616153, 0.6603442922067476, 0.6901516059403751, 0.6096836646796232, 0.6249116274012344, 0.9896144012300256, 0.6072576500464559, 0.5936901676458337, 0.0, 0.0, 0.6045807879617875, 0.0, 0.9629486878487007, 0.0, 0.997121718451176, 0.6826412204993034, 0.0, 0.39035020513674, 0.11383117419737676, 0.9927198207559386, 0.366396229562435, 0.2879742859901696, 0.9501059934277498, 0.38802097752448594], [0.8613184348517571, 0.5851970751592293, 1.0, 0.9534486023467975, 0.9646278775445278, 0.7231759835606764, 0.9177288481187929, 0.9285859791732184, 0.9586270261026292, 0.9474310916430008, 0.5998730694019372, 0.5558800050219947, 0.962367642169906, 0.92946821964438, 0.0935590690009207, 0.9550988078800727, 0.6864961476354687, 0.9370028388706942, 0.9360671677431022, 0.6162903171664839, 0.9360671677431022, 0.554274142028399, 0.0, 0.6780886437907642, 0.9162769854552766, 0.07777934245602158, 0.00031851939909888216, 0.040681938935622, 0.2980241929128433, 0.30670232939070274, 0.6824534432285531, 0.7794165944206515, 0.7668046751319152, 0.9893231961079546, 0.9785110380999285, 0.7598742808342888, 0.999190728302553, 0.9574150584273209, 0.9774892893501438, 0.9904548240361601, 0.945684571146242, 0.6841403523436846, 0.9928219001399533, 0.9988214802165104, 0.3507218095994814, 0.31852430328961456, 0.9940684091547581, 0.027793339933733008, 0.7173813733724623, 0.35074892542214264, 0.5977628229859597, 0.9747258249449432, 0.3507218095994814, 0.7785265174167151, 0.5152995568006936, 0.5061969176479911, 0.812194662893214, 0.3588173153460825, 0.7838023311161256, 0.8559792834639547], [0.8650190966415446, 0.673968207808218, 0.9534486023467975, 1.0, 0.9948686304970646, 0.8096336160437745, 0.9828439821191867, 0.9910117979793609, 0.9941878539487121, 0.9614534837795896, 0.6887416858878892, 0.594030421150758, 0.9975438054353977, 0.9845191693237156, 0.07099697193799537, 0.9941626641748965, 0.560219912195289, 0.9961799523650746, 0.996022408881267, 0.7016127872127507, 0.996022408881267, 0.3153907045038111, 0.0657138943663379, 0.4344074956061218, 0.9299524335031404, 0.14525432693324158, 0.06570957885991568, 0.06986434325613222, 0.2816170244045503, 0.3800737109274065, 0.5180351346330236, 0.8657306421254253, 0.8508857263244662, 0.9852187542024484, 0.9935908814721148, 0.8173573467724565, 0.9412145508604395, 0.9997885144777682, 0.9135610188728042, 0.9846651560663053, 0.997333010947703, 0.7728107036590965, 0.9817731015560649, 0.9647283584694576, 0.06017512022063598, 0.05229109725184644, 0.9782184092105828, 0.0, 0.7933857578843095, 0.06017509122397735, 0.664658368965029, 0.9956462821243814, 0.06017512022063598, 0.5664375734488923, 0.2405265606006468, 0.5849590803007341, 0.605813534633533, 0.11059374593716464, 0.8691820908955271, 0.665381923946698], [0.8410789688526167, 0.6208818436966078, 0.9646278775445278, 0.9948686304970646, 1.0, 0.7693725561554998, 0.979442195525104, 0.9897842037358221, 0.999692562881333, 0.9808536333187778, 0.636452766297364, 0.5900782729860529, 0.997559944908655, 0.9921497072000134, 0.13877736355465808, 0.9993585199264211, 0.6231871276115055, 0.9933964424221186, 0.9931476652955945, 0.6582473518120594, 0.9931476652955945, 0.3289262553741259, 0.0, 0.4717002367949641, 0.9096666466320018, 0.07985051439130364, 0.0007919452666645954, 0.023976220861788966, 0.23047403103381014, 0.3343833427313976, 0.5300711431275228, 0.8269446870013003, 0.8110934503144206, 0.9927146014711313, 0.9959302079676737, 0.7775262134389338, 0.9532958233148064, 0.9961761299404039, 0.9142379089593782, 0.989397185238622, 0.9954306904137921, 0.7258585890826879, 0.9878827211552645, 0.972673120529714, 0.0942466008168491, 0.11609402860737028, 0.9875165891864875, 0.0691034959490402, 0.76329897917393, 0.09431439456166846, 0.6136254225899561, 0.992311139117658, 0.0942466008168491, 0.5890928567392334, 0.273505044693945, 0.5287477640430925, 0.630953354295987, 0.11990192847446002, 0.8326492790517603, 0.6903121766493926], [0.9548249956094156, 0.9773271689281694, 0.7231759835606764, 0.8096336160437745, 0.7693725561554998, 1.0, 0.8628944177370055, 0.8297686052282142, 0.7705613631881669, 0.7521585595433447, 0.9812784951783675, 0.856683001590277, 0.7682355841993389, 0.7701171492011806, 0.11615311076773016, 0.7711830452617514, 0.4483390154282537, 0.7709932798620218, 0.7709960433198825, 0.9852703151887959, 0.7709960433198825, 0.3565396759344026, 0.634634123278235, 0.3279510608561582, 0.9348034676734034, 0.6938822405988248, 0.635199368291075, 0.6282620204211969, 0.7461479375550535, 0.8430332541090939, 0.6395777960328647, 0.9934299156461424, 0.9961801361333134, 0.7551683400502013, 0.7620312583280153, 0.9932282458337591, 0.7132933954412345, 0.7986413093502118, 0.7919469071550669, 0.7519025787699793, 0.7706827185426421, 0.9966459658052725, 0.7495355968534466, 0.7321783310003175, 0.0, 0.026206309417759588, 0.7483603547482518, 0.05295876467547067, 0.9908442203482963, 5.198981667597913e-05, 0.9712207583369175, 0.8137549412664484, 0.0, 0.452386633474005, 0.14038419984304185, 0.9462944659989316, 0.4440934335966269, 0.2424738793932264, 0.9936846511493698, 0.47853336167505844], [0.8867094449714916, 0.7364506474217268, 0.9177288481187929, 0.9828439821191867, 0.979442195525104, 0.8628944177370055, 1.0, 0.9973759236295067, 0.9821279913694524, 0.9724971385348857, 0.7496807649488808, 0.7173670893918943, 0.9726039405746087, 0.9868255071589304, 0.21577208617498533, 0.9830325387829667, 0.6221189479010784, 0.9760952467879577, 0.9760987453892463, 0.7763604915775417, 0.9760987453892463, 0.2800658006064495, 0.16172772186289786, 0.39781415916258533, 0.9356731642133174, 0.23879757282118452, 0.16338083117592606, 0.18797154027404783, 0.34824288593433717, 0.4948757588125079, 0.5443759759588422, 0.902313574399616, 0.8901595786030766, 0.9595686863501098, 0.9647491211478995, 0.8558311311063224, 0.9032952015826354, 0.9802967569551204, 0.8867814654759129, 0.9519259795835443, 0.975702069005997, 0.8237805372745843, 0.9498512610338574, 0.9269546276959111, 0.0, 0.0718382523644574, 0.9514997899752446, 0.14517363131979766, 0.8646982783921411, 0.00014251749497473654, 0.7237163431711736, 0.9751949116815097, 0.0, 0.5155832786216709, 0.17772962977763784, 0.6540027537169988, 0.5470251401062418, 0.08647459087141718, 0.9089116805371209, 0.6058342555775312], [0.8629508839676401, 0.6936151897785743, 0.9285859791732184, 0.9910117979793609, 0.9897842037358221, 0.8297686052282142, 0.9973759236295067, 1.0, 0.9920271964926055, 0.9767500525157617, 0.7078728094210236, 0.6669922300902899, 0.9850402147110129, 0.9946592127700769, 0.18608062875849507, 0.9928958339865208, 0.6080452492406081, 0.9885761627763552, 0.9885797061127749, 0.7327617635903102, 0.9885797061127749, 0.2657740678745335, 0.09684797693316927, 0.39519730987722856, 0.9217849437850818, 0.17511823171474505, 0.09816480176239062, 0.11860023741299253, 0.2904776374263154, 0.43248371257488194, 0.5135966660022534, 0.8767755021034958, 0.8626887585900935, 0.9704206037721169, 0.977084959039284, 0.8248761476500874, 0.9139043799434956, 0.9896180826396757, 0.886035406470824, 0.9640978534016494, 0.9881779575968312, 0.7886207199705328, 0.9616240455650401, 0.9388072034270193, 0.0, 0.057133840905128186, 0.9620262061812269, 0.11545836490238381, 0.8277161722790453, 0.00011334590717460014, 0.6801960818761239, 0.9819226206979105, 0.0, 0.5156557065798563, 0.18000218318387895, 0.6056105053442394, 0.5524332372953864, 0.06457674225855692, 0.8830584196169542, 0.613580801287736], [0.8368077026787046, 0.6211968068802812, 0.9586270261026292, 0.9941878539487121, 0.999692562881333, 0.7705613631881669, 0.9821279913694524, 0.9920271964926055, 1.0, 0.9828044543288559, 0.6367756283548809, 0.5969592129969354, 0.9964004341977993, 0.9949379718684721, 0.153886955341217, 0.9999259552556314, 0.6246075044167158, 0.9938476308485844, 0.9936514728294997, 0.6602469167797027, 0.9936514728294997, 0.3107198605231215, 0.0, 0.4561946380199948, 0.9056980513099481, 0.07970159769759144, 0.0009651460925296229, 0.025224720296812997, 0.2245132467702171, 0.337970333175897, 0.5196926855750399, 0.8273641824882179, 0.8113749123473938, 0.9897323859181638, 0.9934399802470766, 0.7758869392974898, 0.9465043138375251, 0.9952903510109832, 0.9059911991211661, 0.985542019661062, 0.995374076854211, 0.7262268052488315, 0.9838861418175643, 0.9669943930224835, 0.07459429040102894, 0.10649516774110457, 0.983892658644997, 0.08421663958703784, 0.7661198872985118, 0.07467693024517186, 0.6124770073407548, 0.9898472197713161, 0.07459429040102894, 0.5727676151205358, 0.25427298774624685, 0.5284263531684459, 0.6149122022183041, 0.10147260602166674, 0.8334718507553356, 0.6752160347440856], [0.827349677709644, 0.5987625326676929, 0.9474310916430008, 0.9614534837795896, 0.9808536333187778, 0.7521585595433447, 0.9724971385348857, 0.9767500525157617, 0.9828044543288559, 1.0, 0.6137787312359944, 0.6745234643392061, 0.9648701111938883, 0.9859779435765157, 0.32585235007608127, 0.9823655842768406, 0.751416092863276, 0.9580962805665747, 0.9577661473315284, 0.6560636962288392, 0.9577661473315284, 0.3486348377284072, 0.0, 0.5141997561624205, 0.8848366416497229, 0.07732979114154725, 0.0029700144715808507, 0.06720861031848724, 0.23265893409209626, 0.366103301671139, 0.5846788125416381, 0.7974842559689048, 0.7832233492791645, 0.9731136180500306, 0.9655731641409144, 0.7533049184555172, 0.9370917174332741, 0.9630661864261918, 0.8965665772808071, 0.9616018929726214, 0.9609283993069406, 0.6999994146553312, 0.9629580790725171, 0.9485782594946768, 0.12458535258462644, 0.23650477119043078, 0.9707312265031058, 0.259157282257484, 0.7725049604594971, 0.12483970822048407, 0.5942613860279757, 0.9620348871640972, 0.12458535258462644, 0.5996086821350382, 0.2968943126404193, 0.5109193393508559, 0.6364605250609111, 0.14725707681966593, 0.8080951098459377, 0.692139750742181], [0.9136399089690893, 0.9997949059599243, 0.5998730694019372, 0.6887416858878892, 0.636452766297364, 0.9812784951783675, 0.7496807649488808, 0.7078728094210236, 0.6367756283548809, 0.6137787312359944, 1.0, 0.8415937303037682, 0.6385495787273701, 0.6334428225888968, 0.056085220605223585, 0.63722617051236, 0.3419415056709054, 0.6408417472234437, 0.6408440441814199, 0.9935917093598647, 0.6408440441814199, 0.3604694920659861, 0.7676710956113967, 0.27690212555000304, 0.8697421585003374, 0.8161464299415621, 0.7676206817746399, 0.7464057889619137, 0.8433931417470162, 0.9116012334176935, 0.627173407607162, 0.9587345790409743, 0.9668178842599054, 0.6257116103503503, 0.6333926063703164, 0.9758675160398658, 0.5924291171322964, 0.6753500214809143, 0.7016120448231353, 0.6249737512718649, 0.6405836118236553, 0.9923226200169238, 0.622486895294302, 0.6085791577863804, 0.0, 0.0, 0.6197429009319604, 0.0, 0.9666917025246613, 0.0, 0.9965918667870498, 0.6969826925541751, 0.0, 0.3971994067317688, 0.11668591446877485, 0.9901534439441937, 0.37481731033701615, 0.2840653270491984, 0.9562053935644849, 0.39775204740491854], [0.8132282162544268, 0.8411445276767148, 0.5558800050219947, 0.594030421150758, 0.5900782729860529, 0.856683001590277, 0.7173670893918943, 0.6669922300902899, 0.5969592129969354, 0.6745234643392061, 0.8415937303037682, 1.0, 0.5541997384128852, 0.6244920387479908, 0.5811170159915495, 0.5972438635259455, 0.7023544290976472, 0.550014186321324, 0.5498149580757424, 0.8955927257868553, 0.5498149580757424, 0.3736622233780691, 0.6373147195667428, 0.3844854029931366, 0.7548679162286643, 0.679695333561246, 0.6434004875280189, 0.7402746008542882, 0.7269700110181362, 0.8836969304730267, 0.7191895559383045, 0.8107479338364925, 0.819829124133237, 0.5767207181427666, 0.5548482070536875, 0.8316696288241471, 0.5503883570581303, 0.5837030788124544, 0.6313304949373397, 0.5528191776672908, 0.5517336837808466, 0.8368216298359114, 0.5582103297858781, 0.5456770468675836, 0.07514683797727395, 0.3298859806568246, 0.5782079094460024, 0.5346834697666938, 0.9167006725645417, 0.07567170252138011, 0.8437983706613951, 0.6074704373648304, 0.07514683797727395, 0.4105796378376565, 0.17400183202656905, 0.8336884391378352, 0.3834816124896814, 0.30692351039285004, 0.8229084098500897, 0.40017369579666395], [0.8385707419346905, 0.62292735726237, 0.962367642169906, 0.9975438054353977, 0.997559944908655, 0.7682355841993389, 0.9726039405746087, 0.9850402147110129, 0.9964004341977993, 0.9648701111938883, 0.6385495787273701, 0.5541997384128852, 1.0, 0.9849117925872094, 0.07008226067346701, 0.9960817277271329, 0.5720803550539284, 0.9966424111735461, 0.9964196196018632, 0.6527570899289495, 0.9964196196018632, 0.32067262755006, 0.0, 0.45383513988461455, 0.9104122172564307, 0.08001731924543987, 0.0, 0.008388911276352773, 0.22814464823057046, 0.31977146446321414, 0.5069099771507893, 0.8296690806883907, 0.813416255479544, 0.9907563322168517, 0.9976890437857686, 0.7790542702123616, 0.9508651453533261, 0.9987510932165055, 0.9128232240427625, 0.9904425208079614, 0.9984247717221805, 0.7282499516355911, 0.9879430235151724, 0.972740935735075, 0.08454550060457522, 0.07346851951620681, 0.9846742227429912, 0.0, 0.7527448770542899, 0.08454545986453166, 0.6149052116553727, 0.9940723547200738, 0.08454550060457522, 0.5815033309412423, 0.26456187638458317, 0.5301900862528321, 0.624717276724963, 0.11090025883393229, 0.8335523721920687, 0.684736609722442], [0.8151444679336115, 0.6179455387607236, 0.92946821964438, 0.9845191693237156, 0.9921497072000134, 0.7701171492011806, 0.9868255071589304, 0.9946592127700769, 0.9949379718684721, 0.9859779435765157, 0.6334428225888968, 0.6244920387479908, 0.9849117925872094, 1.0, 0.22067283574132024, 0.9958607798067426, 0.6331531673043496, 0.9884472796622759, 0.9884508225367421, 0.6642772554395441, 0.9884508225367421, 0.23988758714969194, 0.0, 0.3961282185892143, 0.8842711810232607, 0.07857095306994277, 0.0017367131921894874, 0.032071614956012406, 0.20044547518615863, 0.35156024432537847, 0.4796459260917839, 0.8230338595374332, 0.8066790086539878, 0.9719150530413937, 0.9769575740617954, 0.7641657612758948, 0.9144145853977697, 0.9848412211788403, 0.8684398096583188, 0.9639721615851741, 0.988049126397744, 0.7224258229621844, 0.9619246594764254, 0.9386848088149967, 0.0, 0.07498958894041319, 0.9637759576603374, 0.1515419790897491, 0.7733156591165568, 0.00014876932571739054, 0.6037731777126504, 0.9734896278576074, 0.0, 0.5073065654162273, 0.17997871585502423, 0.5234396695765345, 0.5500664761999501, 0.03129520975692346, 0.8309081183107094, 0.6135008072443968], [0.10232396407082367, 0.055166411268221305, 0.0935590690009207, 0.07099697193799537, 0.13877736355465808, 0.11615311076773016, 0.21577208617498533, 0.18608062875849507, 0.153886955341217, 0.32585235007608127, 0.056085220605223585, 0.5811170159915495, 0.07008226067346701, 0.22067283574132024, 1.0, 0.15543628306461965, 0.7334608204634413, 0.0703338313508286, 0.07033408344716219, 0.1669806633137415, 0.07033408344716219, 0.02089898161487591, 0.014344739808629048, 0.17514482309054336, 0.0684604025072808, 0.0198894690800413, 0.025774512101875646, 0.22503661569537037, 0.027594210332241964, 0.26182256506575574, 0.2903411441758992, 0.06650779941869622, 0.06933038949842352, 0.11346117539174727, 0.06951627129213633, 0.06335230807452408, 0.08911898671146012, 0.07076574894004051, 0.06438401310193131, 0.06859228290151254, 0.07030550040679584, 0.061195416395849134, 0.08008942832123322, 0.06679293918167928, 0.0, 0.49356714318620776, 0.11982995773469818, 0.9974203452634552, 0.2473814679740225, 0.0009791712706467282, 0.05426980710136997, 0.07049976735097463, 0.0, 0.051264540189581376, 0.01280654305812956, 0.04940651840433008, 0.039480393571462935, 0.007155762782168118, 0.09316017005240584, 0.0436541869234216], [0.8342184768902569, 0.6216363264490719, 0.9550988078800727, 0.9941626641748965, 0.9993585199264211, 0.7711830452617514, 0.9830325387829667, 0.9928958339865208, 0.9999259552556314, 0.9823655842768406, 0.63722617051236, 0.5972438635259455, 0.9960817277271329, 0.9958607798067426, 0.15543628306461965, 1.0, 0.6202696178793805, 0.9945183958669875, 0.994354517761523, 0.6608736006416875, 0.994354517761523, 0.2996470041580199, 0.0, 0.44568005422139034, 0.9036160339524568, 0.07964156463414207, 0.0009823795871860552, 0.024346782894698493, 0.22093657824137136, 0.33853677311577335, 0.5115352210619224, 0.8279495730515504, 0.8118403069488387, 0.9879388958592034, 0.9923017923711112, 0.775185940144444, 0.9425120973439987, 0.9951395335827654, 0.9012785182202785, 0.9835613526448747, 0.995733178701613, 0.7267406374011411, 0.98172554041938, 0.9638850064601537, 0.06253883828225748, 0.0967633222233274, 0.9816471505358692, 0.08572039846824508, 0.7667041900655531, 0.06262296018127456, 0.61201318757804, 0.9887237881191585, 0.06253883828225748, 0.5628453218851578, 0.24254707308652412, 0.5284378279207532, 0.6052912211584459, 0.0901798539218861, 0.8340998920051527, 0.6662000423414436], [0.5908836337737097, 0.33357584996048617, 0.6864961476354687, 0.560219912195289, 0.6231871276115055, 0.4483390154282537, 0.6221189479010784, 0.6080452492406081, 0.6246075044167158, 0.751416092863276, 0.3419415056709054, 0.7023544290976472, 0.5720803550539284, 0.6331531673043496, 0.7334608204634413, 0.6202696178793805, 1.0, 0.534857737368755, 0.5335799072732014, 0.4266266598034769, 0.5335799072732014, 0.5752791517490905, 0.0, 0.7414363833778974, 0.5848272400962072, 0.047009648715355956, 0.007996201168764316, 0.19509129981829632, 0.25566463389825056, 0.3293736928711568, 0.7658566571861131, 0.44428546210083675, 0.44222330346069283, 0.6533133999323628, 0.6000532576025277, 0.4618506452319481, 0.6940249537648102, 0.56538376058634, 0.6801360309351313, 0.6260801891829556, 0.5469884838557241, 0.3899758033876288, 0.6399726642303134, 0.6564683749266613, 0.4779777342684616, 0.7606222554305203, 0.6713391450121582, 0.6977318740733505, 0.5408122941099002, 0.4786624699261932, 0.36134157838074876, 0.597498355170844, 0.4779777342684616, 0.6909922716586823, 0.5671426700123396, 0.29686637761947576, 0.6939009301915918, 0.4655141369326009, 0.4648832158501661, 0.7059458018673123], [0.8196231881364905, 0.6251634474756075, 0.9370028388706942, 0.9961799523650746, 0.9933964424221186, 0.7709932798620218, 0.9760952467879577, 0.9885761627763552, 0.9938476308485844, 0.9580962805665747, 0.6408417472234437, 0.550014186321324, 0.9966424111735461, 0.9884472796622759, 0.0703338313508286, 0.9945183958669875, 0.534857737368755, 1.0, 0.9999964157301654, 0.6551002583953759, 0.9999964157301654, 0.24518667076760947, 0.0, 0.3804639693948193, 0.8952019859040478, 0.07951444479835734, 0.0, 0.0002656623796467583, 0.20361278727599086, 0.3209193316002448, 0.44839245022207874, 0.8326473010056141, 0.8155625026543583, 0.9769489823406037, 0.9887760266203149, 0.7733679911528921, 0.9224022044761139, 0.9965337176206955, 0.8797674428809314, 0.9758239941345072, 0.9996663508790969, 0.7308641129349113, 0.9719867103578633, 0.9504879568449304, 0.002677410469502761, 0.0023266215460898687, 0.9677364773388976, 0.0, 0.7539126544791863, 0.002677409179335677, 0.6110239312939607, 0.9852637480531902, 0.002677410469502761, 0.5133658881647399, 0.18471360936497594, 0.529633839559502, 0.5587151506919221, 0.034173718242567985, 0.8365445321605617, 0.6227660836967277], [0.8189106709641639, 0.6251656882381255, 0.9360671677431022, 0.996022408881267, 0.9931476652955945, 0.7709960433198825, 0.9760987453892463, 0.9885797061127749, 0.9936514728294997, 0.9577661473315284, 0.6408440441814199, 0.5498149580757424, 0.9964196196018632, 0.9884508225367421, 0.07033408344716219, 0.994354517761523, 0.5335799072732014, 0.9999964157301654, 1.0, 0.6551026064598868, 1.0, 0.24269046236822267, 0.0, 0.37802157752851007, 0.8946031111126838, 0.07948898546950445, 0.0, 0.0, 0.20278750405785395, 0.3209204818658472, 0.4464280745816336, 0.8326502854489151, 0.8155402184136787, 0.9763867137902499, 0.9883724630372095, 0.7730943652965493, 0.9213668788736791, 0.9963482236287303, 0.8785867641139402, 0.9752353274503365, 0.9995936103953384, 0.7308667325584939, 0.971354732787497, 0.9496525142302712, 0.0, 0.0, 0.9670728885739852, 0.0, 0.7538653637868103, 0.0, 0.610827735630932, 0.9848639969353876, 0.0, 0.5110795723081293, 0.18208160866630685, 0.5295556011913557, 0.5564935186034542, 0.03166086672537527, 0.8365475305726408, 0.6206690239479183], [0.9192078315781435, 0.9929034321144197, 0.6162903171664839, 0.7016127872127507, 0.6582473518120594, 0.9852703151887959, 0.7763604915775417, 0.7327617635903102, 0.6602469167797027, 0.6560636962288392, 0.9935917093598647, 0.8955927257868553, 0.6527570899289495, 0.6642772554395441, 0.1669806633137415, 0.6608736006416875, 0.4266266598034769, 0.6551002583953759, 0.6551026064598868, 1.0, 0.6551026064598868, 0.3585236679442916, 0.747420489012096, 0.2977596859202025, 0.8746780119610043, 0.7970942392165191, 0.7486373994791978, 0.7500950696989114, 0.8274646237152905, 0.922591834404904, 0.652514230261559, 0.9593922062047132, 0.9671355436523867, 0.6445939099808976, 0.6474853766888541, 0.9742172140689763, 0.6082032828452462, 0.6885845387464157, 0.7104839222705045, 0.6388792049244767, 0.6548363795706349, 0.988922280835937, 0.6376405980751519, 0.6221198373034355, 0.0, 0.05466440966757247, 0.639270317795717, 0.11046803888175971, 0.9852094028973621, 0.00010844688551958637, 0.9893380650981034, 0.7092886662249392, 0.0, 0.40420098586437114, 0.11928213642570673, 0.9805367538756656, 0.38227222257426297, 0.2775585552186127, 0.9599830851347744, 0.40660189533719526], [0.8189106709641639, 0.6251656882381255, 0.9360671677431022, 0.996022408881267, 0.9931476652955945, 0.7709960433198825, 0.9760987453892463, 0.9885797061127749, 0.9936514728294997, 0.9577661473315284, 0.6408440441814199, 0.5498149580757424, 0.9964196196018632, 0.9884508225367421, 0.07033408344716219, 0.994354517761523, 0.5335799072732014, 0.9999964157301654, 1.0, 0.6551026064598868, 1.0, 0.24269046236822267, 0.0, 0.37802157752851007, 0.8946031111126838, 0.07948898546950445, 0.0, 0.0, 0.20278750405785395, 0.3209204818658472, 0.4464280745816336, 0.8326502854489151, 0.8155402184136787, 0.9763867137902499, 0.9883724630372095, 0.7730943652965493, 0.9213668788736791, 0.9963482236287303, 0.8785867641139402, 0.9752353274503365, 0.9995936103953384, 0.7308667325584939, 0.971354732787497, 0.9496525142302712, 0.0, 0.0, 0.9670728885739852, 0.0, 0.7538653637868103, 0.0, 0.610827735630932, 0.9848639969353876, 0.0, 0.5110795723081293, 0.18208160866630685, 0.5295556011913557, 0.5564935186034542, 0.03166086672537527, 0.8365475305726408, 0.6206690239479183], [0.5831876950006138, 0.3600872785474256, 0.554274142028399, 0.3153907045038111, 0.3289262553741259, 0.3565396759344026, 0.2800658006064495, 0.2657740678745335, 0.3107198605231215, 0.3486348377284072, 0.3604694920659861, 0.3736622233780691, 0.32067262755006, 0.23988758714969194, 0.02089898161487591, 0.2996470041580199, 0.5752791517490905, 0.24518667076760947, 0.24269046236822267, 0.3585236679442916, 0.24269046236822267, 1.0, 0.26696687663413055, 0.9550445148365662, 0.5299310643952194, 0.29436868844301256, 0.2669493446147344, 0.35211220733916615, 0.5850528611770885, 0.32338392026507523, 0.911785683469284, 0.34992231299275156, 0.3611748088166118, 0.4340389297540982, 0.38167957412549525, 0.45097937892281026, 0.5860891199688009, 0.3204767144268106, 0.6737892822592713, 0.4429535642092718, 0.26917822498203015, 0.3595846704725709, 0.45709381145000527, 0.522674626725255, 0.9326467853671696, 0.8104532832911918, 0.46706071807531657, 0.0, 0.36854168480917127, 0.9326463359515251, 0.42779433936140054, 0.40239181168511895, 0.9326467853671696, 0.9453165306248276, 0.961245592336845, 0.3827531260763244, 0.9159582248606507, 0.9747789477610149, 0.3491200375948391, 0.8818933140345492], [0.506526668762233, 0.780492064181149, 0.0, 0.0657138943663379, 0.0, 0.634634123278235, 0.16172772186289786, 0.09684797693316927, 0.0, 0.0, 0.7676710956113967, 0.6373147195667428, 0.0, 0.0, 0.014344739808629048, 0.0, 0.0, 0.0, 0.0, 0.747420489012096, 0.0, 0.26696687663413055, 1.0, 0.04513553944765469, 0.3861563689609939, 0.996789369040882, 0.9999343288590062, 0.9722989353499799, 0.9293537057936526, 0.9195881647672313, 0.44430829401554417, 0.553799153251285, 0.5786121101059869, 0.0, 0.0, 0.6258339009973072, 0.002574853099687302, 0.047997373677798216, 0.18051343933136543, 0.0, 0.0, 0.6825201969460473, 0.0, 0.0, 0.0, 0.0, 0.0, 0.0, 0.6299332836572221, 0.0, 0.7882888307852557, 0.08576389832287223, 0.0, 0.09076427015898492, 0.0, 0.8477470293960885, 0.023697327434142657, 0.3436050291362618, 0.5472511513381212, 0.0], [0.5818950564238283, 0.2715540500359026, 0.6780886437907642, 0.4344074956061218, 0.4717002367949641, 0.3279510608561582, 0.39781415916258533, 0.39519730987722856, 0.4561946380199948, 0.5141997561624205, 0.27690212555000304, 0.3844854029931366, 0.45383513988461455, 0.3961282185892143, 0.17514482309054336, 0.44568005422139034, 0.7414363833778974, 0.3804639693948193, 0.37802157752851007, 0.2977596859202025, 0.37802157752851007, 0.9550445148365662, 0.04513553944765469, 1.0, 0.56085783158952, 0.0838153742354164, 0.046832044097673164, 0.16583322170574244, 0.4001913031513715, 0.19643053963169743, 0.8965643700457584, 0.33975579796261424, 0.34354659435957124, 0.5686241755361784, 0.512408386365176, 0.4147172293031316, 0.7060901246934341, 0.4432597266477165, 0.7438385832539247, 0.5705277576699285, 0.40388652288471194, 0.3070893124779488, 0.5855706491895727, 0.6449514203839927, 0.9127277365507074, 0.8665253983058315, 0.6006762500862838, 0.14829210677796845, 0.3580052400420053, 0.9128728756474349, 0.3341152534970766, 0.5136491560850044, 0.9127277365507074, 0.9794079501406254, 0.9663008290065698, 0.265765430387932, 0.9694692558159353, 0.8841456562129749, 0.3448692629937784, 0.9502711632634024], [0.9882890505347165, 0.8606671511657926, 0.9162769854552766, 0.9299524335031404, 0.9096666466320018, 0.9348034676734034, 0.9356731642133174, 0.9217849437850818, 0.9056980513099481, 0.8848366416497229, 0.8697421585003374, 0.7548679162286643, 0.9104122172564307, 0.8842711810232607, 0.0684604025072808, 0.9036160339524568, 0.5848272400962072, 0.8952019859040478, 0.8946031111126838, 0.8746780119610043, 0.8946031111126838, 0.5299310643952194, 0.3861563689609939, 0.56085783158952, 1.0, 0.4581899039165278, 0.38613100963164215, 0.39777228822369803, 0.6096663920926496, 0.6422012881429867, 0.7360698270797422, 0.9587446059846528, 0.9551367224854768, 0.9209972028909671, 0.9183937420220114, 0.9564968149744484, 0.9124858656091357, 0.925750209574851, 0.9551220274670374, 0.9221839896643973, 0.9006499125262247, 0.9173951737508185, 0.9223488909168516, 0.9200164214608025, 0.22487448120755715, 0.19541187991262832, 0.9211720605277984, 0.0, 0.9218619174618236, 0.2248743728470166, 0.8675134135791503, 0.9480520694858898, 0.22487448120755715, 0.684443055890124, 0.3840061229692765, 0.8078356258171453, 0.6937530978095319, 0.3720719615461061, 0.9597025409543696, 0.7315703762492171], [0.5725641719390735, 0.8276799785049362, 0.07777934245602158, 0.14525432693324158, 0.07985051439130364, 0.6938822405988248, 0.23879757282118452, 0.17511823171474505, 0.07970159769759144, 0.07732979114154725, 0.8161464299415621, 0.679695333561246, 0.08001731924543987, 0.07857095306994277, 0.0198894690800413, 0.07964156463414207, 0.047009648715355956, 0.07951444479835734, 0.07948898546950445, 0.7970942392165191, 0.07948898546950445, 0.29436868844301256, 0.996789369040882, 0.0838153742354164, 0.4581899039165278, 1.0, 0.9967239087456866, 0.970131312197819, 0.9454557063683748, 0.9421453500556918, 0.48542828242081315, 0.6182076349859507, 0.6416713915820876, 0.07964382535801451, 0.08002675956599703, 0.686269686493281, 0.07953511622287257, 0.12772096863515714, 0.2540233136920539, 0.07964709128600234, 0.07973078085383756, 0.7384247315559953, 0.07949411863412892, 0.07849945335959885, 0.00961535002531222, 0.008355566244664048, 0.07926722894440863, 0.0, 0.6880143316244902, 0.009615345391951746, 0.8350244609029677, 0.1652226804313235, 0.00961535002531222, 0.13931545190605665, 0.023928096621205652, 0.887406856993878, 0.0758420314853897, 0.3540433094717814, 0.6119904443514605, 0.0568754842599537], [0.5069238242487536, 0.7804408083767577, 0.00031851939909888216, 0.06570957885991568, 0.0007919452666645954, 0.635199368291075, 0.16338083117592606, 0.09816480176239062, 0.0009651460925296229, 0.0029700144715808507, 0.7676206817746399, 0.6434004875280189, 0.0, 0.0017367131921894874, 0.025774512101875646, 0.0009823795871860552, 0.007996201168764316, 0.0, 0.0, 0.7486373994791978, 0.0, 0.2669493446147344, 0.9999343288590062, 0.046832044097673164, 0.38613100963164215, 0.9967239087456866, 1.0, 0.9746604814139758, 0.9292926740754064, 0.9221251813471569, 0.44718110766439145, 0.5537627846290096, 0.5786162808553439, 0.0005146094183056116, 0.0, 0.6257928017709561, 0.002853642623507069, 0.04799422163550404, 0.18050158480783984, 0.0, 0.0, 0.6824753750659626, 0.00013523729307707288, 0.0, 0.0, 0.005671045958269949, 0.0005953130126832296, 0.011460277888815096, 0.6320212590879496, 1.125059751949653e-05, 0.7882370629583054, 0.0857582661098133, 0.0, 0.09091935497906689, 0.0, 0.847691356881394, 0.02369577120361155, 0.34358246420194716, 0.5475193760304086, 0.0], [0.5269581775044593, 0.7588716030524394, 0.040681938935622, 0.06986434325613222, 0.023976220861788966, 0.6282620204211969, 0.18797154027404783, 0.11860023741299253, 0.025224720296812997, 0.06720861031848724, 0.7464057889619137, 0.7402746008542882, 0.008388911276352773, 0.032071614956012406, 0.22503661569537037, 0.024346782894698493, 0.19509129981829632, 0.0002656623796467583, 0.0, 0.7500950696989114, 0.0, 0.35211220733916615, 0.9722989353499799, 0.16583322170574244, 0.39777228822369803, 0.970131312197819, 0.9746604814139758, 1.0, 0.9342211801144255, 0.9420805081705629, 0.5584492955650657, 0.5384583271039448, 0.564296837911442, 0.03047032725589016, 0.01508717179361041, 0.6187407780339221, 0.04614610035464062, 0.05367446559125266, 0.2193851528511973, 0.021945264435733525, 0.0028285070561765435, 0.6636136608455003, 0.02604723718821611, 0.03108727121887689, 0.09922362770773896, 0.19094988000002833, 0.0357143125090561, 0.2116351861619702, 0.653658435002472, 0.09943134294581502, 0.7738044510646555, 0.0983335645405542, 0.09922362770773896, 0.176021728775549, 0.09756494818590411, 0.8272333544866659, 0.10544749197801817, 0.427216156521522, 0.5377086486121518, 0.07779853539172543], [0.7192469397263306, 0.8521289817297082, 0.2980241929128433, 0.2816170244045503, 0.23047403103381014, 0.7461479375550535, 0.34824288593433717, 0.2904776374263154, 0.2245132467702171, 0.23265893409209626, 0.8433931417470162, 0.7269700110181362, 0.22814464823057046, 0.20044547518615863, 0.027594210332241964, 0.22093657824137136, 0.25566463389825056, 0.20361278727599086, 0.20278750405785395, 0.8274646237152905, 0.20278750405785395, 0.5850528611770885, 0.9293537057936526, 0.4001913031513715, 0.6096663920926496, 0.9454557063683748, 0.9292926740754064, 0.9342211801144255, 1.0, 0.9197013322490294, 0.7299836930360474, 0.6835263684787138, 0.7060212500239784, 0.2631909706573776, 0.24733933453578483, 0.7702433956844557, 0.3089129530678927, 0.26843897784325943, 0.48233655062600866, 0.26599879431809714, 0.21149962153535773, 0.7825133148052787, 0.2702008524195575, 0.28923568030230995, 0.3085108064972617, 0.2680903424312824, 0.2729732524096766, 0.0, 0.7440658371103628, 0.30851065783478293, 0.8793267519330092, 0.32589210904306, 0.3085108064972617, 0.4516497667323609, 0.3402774364623675, 0.9044780081999992, 0.3910956554036349, 0.6153132324831951, 0.6782312712465131, 0.36775881612522543], [0.7371133368391851, 0.9183597388311041, 0.30670232939070274, 0.3800737109274065, 0.3343833427313976, 0.8430332541090939, 0.4948757588125079, 0.43248371257488194, 0.337970333175897, 0.366103301671139, 0.9116012334176935, 0.8836969304730267, 0.31977146446321414, 0.35156024432537847, 0.26182256506575574, 0.33853677311577335, 0.3293736928711568, 0.3209193316002448, 0.3209204818658472, 0.922591834404904, 0.3209204818658472, 0.32338392026507523, 0.9195881647672313, 0.19643053963169743, 0.6422012881429867, 0.9421453500556918, 0.9221251813471569, 0.9420805081705629, 0.9197013322490294, 1.0, 0.6092398400527003, 0.7764816778199969, 0.7946423614381625, 0.3235196742416607, 0.31718896710083555, 0.8236112647059707, 0.3035701357473274, 0.36388636880712655, 0.44795451009095233, 0.3129729912179593, 0.320790063118094, 0.8621875993185739, 0.3144021509182048, 0.30476294247189195, 0.0, 0.11215351096160564, 0.32212671260368986, 0.2266443282745636, 0.8633210235589056, 0.00022249758184234025, 0.9209282104640228, 0.3949304943308424, 0.0, 0.25066656785826147, 0.05843371759209981, 0.9495233736583093, 0.20038194999049264, 0.3261357387540038, 0.7777262078243125, 0.19918540224457104], [0.7963626357924191, 0.6258706120236451, 0.6824534432285531, 0.5180351346330236, 0.5300711431275228, 0.6395777960328647, 0.5443759759588422, 0.5135966660022534, 0.5196926855750399, 0.5846788125416381, 0.627173407607162, 0.7191895559383045, 0.5069099771507893, 0.4796459260917839, 0.2903411441758992, 0.5115352210619224, 0.7658566571861131, 0.44839245022207874, 0.4464280745816336, 0.652514230261559, 0.4464280745816336, 0.911785683469284, 0.44430829401554417, 0.8965643700457584, 0.7360698270797422, 0.48542828242081315, 0.44718110766439145, 0.5584492955650657, 0.7299836930360474, 0.6092398400527003, 1.0, 0.6177760207411381, 0.6290070988278017, 0.6024195459095465, 0.5528864979369615, 0.6989963345229706, 0.7034766214290752, 0.5179747659130018, 0.7970954079997616, 0.5977735115237621, 0.4671783925408012, 0.6295288125281097, 0.6109034948475166, 0.6540060273208722, 0.7342825396104667, 0.7633835122349787, 0.6278228039073108, 0.2532217725977277, 0.6771909485640547, 0.7345307745388404, 0.6773412126343767, 0.5883768102564487, 0.7342825396104667, 0.8995728141580056, 0.8032941901640183, 0.6350470233807166, 0.8687951323807194, 0.8559840662507961, 0.6233272009247914, 0.8528149537704427], [0.9623802441951924, 0.9527802330272106, 0.7794165944206515, 0.8657306421254253, 0.8269446870013003, 0.9934299156461424, 0.902313574399616, 0.8767755021034958, 0.8273641824882179, 0.7974842559689048, 0.9587345790409743, 0.8107479338364925, 0.8296690806883907, 0.8230338595374332, 0.06650779941869622, 0.8279495730515504, 0.44428546210083675, 0.8326473010056141, 0.8326502854489151, 0.9593922062047132, 0.8326502854489151, 0.34992231299275156, 0.553799153251285, 0.33975579796261424, 0.9587446059846528, 0.6182076349859507, 0.5537627846290096, 0.5384583271039448, 0.6835263684787138, 0.7764816778199969, 0.6177760207411381, 1.0, 0.999494692294855, 0.8129886759459797, 0.8229686134777797, 0.9903035283913768, 0.768602346163698, 0.8561905377120319, 0.8315237097832983, 0.8120299737813889, 0.8323119050285902, 0.9865355006355672, 0.808798795527664, 0.7907284370511152, 0.0, 0.0, 0.8052335167210356, 0.0, 0.976562729441309, 0.0, 0.9451595754395301, 0.8675432624473458, 0.0, 0.47581572772898995, 0.15161030343099813, 0.9104162095439002, 0.47648804698298397, 0.2166506039049887, 0.9996187643497367, 0.5168002399595337], [0.9635910591842841, 0.9614499221072906, 0.7668046751319152, 0.8508857263244662, 0.8110934503144206, 0.9961801361333134, 0.8901595786030766, 0.8626887585900935, 0.8113749123473938, 0.7832233492791645, 0.9668178842599054, 0.819829124133237, 0.813416255479544, 0.8066790086539878, 0.06933038949842352, 0.8118403069488387, 0.44222330346069283, 0.8155625026543583, 0.8155402184136787, 0.9671355436523867, 0.8155402184136787, 0.3611748088166118, 0.5786121101059869, 0.34354659435957124, 0.9551367224854768, 0.6416713915820876, 0.5786162808553439, 0.564296837911442, 0.7060212500239784, 0.7946423614381625, 0.6290070988278017, 0.999494692294855, 1.0, 0.7984373234210711, 0.8074890396522968, 0.9935765414313701, 0.7566433766965109, 0.8409987370105936, 0.8251329074234474, 0.7974259068818806, 0.8154771740470106, 0.990965666046952, 0.7944567958744083, 0.777429532494627, 0.00941482718860076, 0.01000212622071417, 0.7912236002819805, 0.0036795675663076066, 0.980154015504539, 0.009418434897061179, 0.9549656484115704, 0.8542383242752192, 0.00941482718860076, 0.47742098534290256, 0.15775231839544857, 0.9226723793761508, 0.4753735515377304, 0.23347131341567573, 0.9989819573694716, 0.5135624601097099], [0.8577262726922968, 0.6104034719132432, 0.9893231961079546, 0.9852187542024484, 0.9927146014711313, 0.7551683400502013, 0.9595686863501098, 0.9704206037721169, 0.9897323859181638, 0.9731136180500306, 0.6257116103503503, 0.5767207181427666, 0.9907563322168517, 0.9719150530413937, 0.11346117539174727, 0.9879388958592034, 0.6533133999323628, 0.9769489823406037, 0.9763867137902499, 0.6445939099808976, 0.9763867137902499, 0.4340389297540982, 0.0, 0.5686241755361784, 0.9209972028909671, 0.07964382535801451, 0.0005146094183056116, 0.03047032725589016, 0.2631909706573776, 0.3235196742416607, 0.6024195459095465, 0.8129886759459797, 0.7984373234210711, 1.0, 0.997164153461904, 0.7766533864197528, 0.9826759845838531, 0.9877429310216645, 0.9512727697751058, 0.9989425734795867, 0.9820136535938132, 0.7136085672214053, 0.9991006670199843, 0.9934331395157179, 0.2113117096699858, 0.20584641025927564, 0.999216271246688, 0.044903746950833656, 0.7483529597041283, 0.21135569002070653, 0.6120614085888958, 0.9934366466052359, 0.2113117096699858, 0.6802318826354177, 0.38556136449940814, 0.5233757344634059, 0.7188501979181562, 0.22924627930312247, 0.8179856692323326, 0.7716967265119636], [0.8500198496776784, 0.6178965510902683, 0.9785110380999285, 0.9935908814721148, 0.9959302079676737, 0.7620312583280153, 0.9647491211478995, 0.977084959039284, 0.9934399802470766, 0.9655731641409144, 0.6333926063703164, 0.5548482070536875, 0.9976890437857686, 0.9769575740617954, 0.06951627129213633, 0.9923017923711112, 0.6000532576025277, 0.9887760266203149, 0.9883724630372095, 0.6474853766888541, 0.9883724630372095, 0.38167957412549525, 0.0, 0.512408386365176, 0.9183937420220114, 0.08002675956599703, 0.0, 0.01508717179361041, 0.24733933453578483, 0.31718896710083555, 0.5528864979369615, 0.8229686134777797, 0.8074890396522968, 0.997164153461904, 1.0, 0.7798019718038509, 0.9696381397085191, 0.9955003050703917, 0.9356014627908366, 0.9975250909554808, 0.9923052577465225, 0.722368552610796, 0.996148486831563, 0.98624913112582, 0.1520522091577755, 0