"[[1.0, 0.9894535221589726, 0.9898631671247435, 0.9928025473811372, 0.9926766535561566, 0.9966076173828612, 0.994198830223737, 0.9983455581718256, 0.9946383575937053, 0.9926224712927266, 0.9964132448371293, 0.9989210957156759, 0.9914420881481288, 0.9862361852856302, 0.9543193952976635, 0.9935084077036684, 0.9638728559075975, 0.9911960114947836, 0.9929060642758274, 0.9894073932353209, 0.9880553303150547, 0.9855675241089943, 0.9844353407875287, 0.9751351737750033, 0.9850625765296961, 0.9910442029371865, 0.9782464363429473, 0.9827714249704976, 0.9918969171023705, 0.98367119044508, 0.9949548839414155, 0.9919376288018176, 0.9903011097722914, 0.9938529742013739, 0.9929263416281059, 0.9931808910141563, 0.9935679735837102, 0.9902581139527012, 0.9790885027876511, 0.9886427676070206, 0.9934190357532874, 0.9944086400621364, 0.9870626220487473, 0.9940867065579225, 0.9930248576200645, 0.9973949278608445, 0.9933448362962958, 0.9956918060388007, 0.9930875441123483, 0.9937984906755731, 0.9980387252947517, 0.9935120625234825, 0.9977467349212301, 0.9906660750764326, 0.9877191029709497, 0.9913824455342366, 0.99463123097039, 0.9884117900470231, 0.9916069321391174, 0.993585560330305, 0.9839224932093316, 0.9916728000669691, 0.9950782685031542, 0.9924185872326174, 0.993457867662888, 0.987644439245633, 0.9940054939181668, 0.9918729899240196, 0.9939818877553196, 0.9784829837046488, 0.99000878923919, 0.9941378492625736, 0.9899121760475776, 0.9710438082062578, 0.9934487705988113, 0.9932504602841236, 0.9952806594799103, 0.9947213796812946, 0.9946698927954392, 0.9939606536626336, 0.9827887023256677, 0.9928799239184134, 0.9939416467834519, 0.9781265335017357, 0.9418493088162887, 0.9925874403783131, 0.9825080438673528, 0.9144844647299701, 0.9539886624381301, 0.9902402620562624, 0.9232476599780626, 0.9878941024194192, 0.987966305149315], [0.9894535221589726, 1.0, 0.9995375420598062, 0.9955990851347227, 0.9975287138842082, 0.9912838558945353, 0.9982261315317077, 0.9834460062407075, 0.9934517325020055, 0.9945282475697483, 0.9944622327485985, 0.984461127997255, 0.9989606086992938, 0.9995640789337786, 0.923311954828187, 0.9971348070021985, 0.9588783325305062, 0.9974674785546461, 0.9929738571953237, 0.9737948891832507, 0.9997952822344095, 0.9773838167878228, 0.9682791047966729, 0.9641322745797466, 0.9715115914796378, 0.9825584078658423, 0.9517178829622313, 0.9625296459385643, 0.9826898288707572, 0.9992488885847676, 0.9923441140878655, 0.9863657253548654, 0.999708924750134, 0.9979902739488519, 0.9950177452372663, 0.9995412630676717, 0.9981641207895793, 0.9971709008487659, 0.9977845828523487, 0.9783374830140779, 0.9967163859492761, 0.9948534418021345, 0.9997090546343309, 0.9914299262713323, 0.9966668870663934, 0.9922966340420665, 0.9976098725640293, 0.986754048588422, 0.9963265362767585, 0.9944388794086985, 0.9953355521463619, 0.9933928480255735, 0.996435221391093, 0.9969191130728956, 0.9985650135988188, 0.9989768403518776, 0.9957079166440325, 0.994801493563369, 0.99478794684343, 0.9973296618875986, 0.9992825053164227, 0.9952812962810678, 0.9934166185602282, 0.988591367785664, 0.9948414354055581, 0.9997838752328372, 0.9954998928308022, 0.9984780324808623, 0.9984547040286507, 0.9595849333827338, 0.999548958528183, 0.9960414056109653, 0.9995621653337788, 0.9481144986718312, 0.9982550408641291, 0.9946715931106236, 0.9950863657955376, 0.9962485002423996, 0.9946939846905427, 0.9865067862341779, 0.999035141976452, 0.9854608292334543, 0.9901096984714703, 0.9593086292606079, 0.9075462094934873, 0.9885287753836948, 0.9660261813631603, 0.8731480543192367, 0.9253243207542244, 0.9847471922976498, 0.8843394670600423, 0.9754866547253688, 0.9809566276417301], [0.9898631671247435, 0.9995375420598062, 1.0, 0.9968428043945694, 0.9987722498916037, 0.9930263622813504, 0.9990095969207814, 0.9852630935482333, 0.9953707123826159, 0.9967302800315203, 0.9954611491474183, 0.9855171610079968, 0.999798849432394, 0.9994161071130634, 0.9279985107224433, 0.9982964744290106, 0.9624067828970836, 0.998918171324247, 0.9951918516517924, 0.9773865810120526, 0.9998015411755743, 0.9817030541026383, 0.9719512031469894, 0.9700023505826266, 0.9759835169390696, 0.9848568429275036, 0.9561497966616567, 0.9676242574295476, 0.9859147913276249, 0.9985356033285121, 0.9943689833493529, 0.9891598695917609, 0.99995510599357, 0.9991120297568438, 0.9972000649225349, 0.9993446877417264, 0.9986280530791118, 0.9986153801996461, 0.9965950673491257, 0.9819347786520916, 0.9981760626694485, 0.996680997882973, 0.9996322025661702, 0.993706688460232, 0.9976768108017037, 0.9938382025674525, 0.9987045862019969, 0.9889454828927964, 0.9977912188909652, 0.9963893581909242, 0.9960195609111613, 0.9952949707389834, 0.9970757592834593, 0.9979679097660382, 0.99918134223765, 0.9996373470105192, 0.9965455731751309, 0.9964063225139246, 0.9965057458906387, 0.9976316522402863, 0.9986341834185831, 0.9966586661952914, 0.9947388194111375, 0.9910256007186441, 0.9969725960227772, 0.9997200449109451, 0.9972606456197336, 0.9993682396123901, 0.9991837509598566, 0.9640917362069794, 0.999910372817304, 0.9977761627261175, 0.9998808607892337, 0.9527906787512104, 0.9992105069958253, 0.9965868270748086, 0.9965692007848025, 0.9976836624111729, 0.996576207697964, 0.9892842020838957, 0.9981690672752285, 0.9883815738110222, 0.9922413785675162, 0.9640466259702061, 0.9144089172246205, 0.9911419624572543, 0.9710540616084663, 0.8812364850606753, 0.9319492184293959, 0.9879511226132484, 0.8920618824872436, 0.9799118104780616, 0.9853392647085318], [0.9928025473811372, 0.9955990851347227, 0.9968428043945694, 1.0, 0.9982814839161215, 0.9977228112427793, 0.9988329440532798, 0.9918488769357138, 0.9985078164021528, 0.9973531857227078, 0.9978151191672122, 0.9913777251139145, 0.9979796486819869, 0.9939528372515152, 0.9460001969169086, 0.9988494701402482, 0.9675021994178499, 0.9973728757566731, 0.997871486095063, 0.9875139817956645, 0.9954807797440625, 0.9885995625891701, 0.9826672495587064, 0.9772595372643136, 0.9871673424006011, 0.9951235474187888, 0.9714961851650324, 0.9802534669304213, 0.9938091780889824, 0.9918872215744723, 0.9979416259997046, 0.9958231096641386, 0.9967254003443037, 0.9986087826829158, 0.9982382342407533, 0.9963123849164266, 0.9993451993487468, 0.9965374335223761, 0.987914141358675, 0.9915259469132136, 0.9986342113332376, 0.999410494956098, 0.9946533257069352, 0.9979628085704321, 0.9975810090727301, 0.9979274605109875, 0.9985074143356213, 0.9958147913173154, 0.9979054533324888, 0.9989324738691019, 0.9975793125218984, 0.9985315318916248, 0.9976377385947544, 0.9966770270067331, 0.9948414243494386, 0.9979768483552759, 0.9995956444704659, 0.9954353225285499, 0.9972048698251866, 0.9994868628363888, 0.9920873465186898, 0.9968722540590266, 0.9994746555050393, 0.9966854116235678, 0.9979791539254792, 0.995151000021638, 0.9990465490742116, 0.9974281485669149, 0.9984487336168857, 0.9791734675036217, 0.9969920028422523, 0.9981547027047205, 0.9973135647431928, 0.9717207711704855, 0.9985576474473962, 0.9985179823362471, 0.9992044724726132, 0.998963927201022, 0.998953626288669, 0.996231500360213, 0.9911486914635186, 0.9953569354700201, 0.9975551078768166, 0.9787983379395553, 0.93860425496293, 0.9980878641541281, 0.9839749494755248, 0.910114373764689, 0.952880639912632, 0.994023131432799, 0.9194912443709525, 0.9902182742072937, 0.9911945825161921], [0.9926766535561566, 0.9975287138842082, 0.9987722498916037, 0.9982814839161215, 1.0, 0.9964060960159785, 0.9993690416772494, 0.9902017143779965, 0.9983974358029487, 0.9982297951972132, 0.997280656795493, 0.9898672774181839, 0.9993562941784631, 0.9968590264155042, 0.9391772817910978, 0.9996797040967969, 0.9665106054928404, 0.9989758937078628, 0.9976285604448253, 0.984144691888684, 0.9978090967763682, 0.9895198369789701, 0.9789648284960045, 0.976465775851462, 0.9831656837001813, 0.9898341211869195, 0.9659817176449513, 0.9762023363621074, 0.9926198548035144, 0.9951360150068894, 0.9971158428988466, 0.9934263845018911, 0.9986429626437545, 0.9996660036099583, 0.9987778459825543, 0.998255425549703, 0.9989668662935653, 0.9984515301348929, 0.9920633225314391, 0.9879087468238421, 0.9991285897354004, 0.9986957029508983, 0.9973181325013128, 0.9973655173370656, 0.9982382168545574, 0.9967745999307812, 0.9992018632917827, 0.9933460599856748, 0.9986625876881696, 0.9987204471194435, 0.9976413038495877, 0.9975941035110562, 0.9982458151949718, 0.9979139822000633, 0.9977369376662308, 0.9991469434668191, 0.9980200485773364, 0.9965614990732752, 0.9976523026458498, 0.9981678782897832, 0.9953174176342114, 0.9974714839339065, 0.9971535649334392, 0.9946534300027016, 0.9986050181161057, 0.9977091014540722, 0.9989181459007391, 0.9990287260981492, 0.9993483656118165, 0.9729185490035612, 0.9987572003375946, 0.9990009871077089, 0.9986991065202667, 0.9630382019856623, 0.9994586931900048, 0.9985448130790551, 0.9989899386474279, 0.9992902075637576, 0.9989001528258258, 0.9938089256873966, 0.9945206744871498, 0.9931164190430708, 0.9956155684727201, 0.972923570782388, 0.9285940600905601, 0.9950571103669251, 0.9794245103857437, 0.8980479860484041, 0.9467409893448472, 0.9922380063040506, 0.9080364425720189, 0.9867033536334445, 0.9902833451208374], [0.9966076173828612, 0.9912838558945353, 0.9930263622813504, 0.9977228112427793, 0.9964060960159785, 1.0, 0.996940081159502, 0.997145030644145, 0.9987646090119143, 0.9963251046440296, 0.9979934946796524, 0.9965677048197239, 0.9949334224749476, 0.9888311525975938, 0.9570135492911275, 0.9972925766925408, 0.9689349489524685, 0.9947671178969406, 0.9975290541950961, 0.9928802182127956, 0.9909278267533813, 0.9917844316628613, 0.9882218837462926, 0.9808153423786268, 0.9916566101674206, 0.9960834497182288, 0.9808717395631984, 0.9868918321825793, 0.9969147694811623, 0.985964465245302, 0.9985745393492224, 0.99746076614413, 0.9930257776116834, 0.9968394380666845, 0.9971261822408991, 0.9938074134793523, 0.9966821569402942, 0.9937012879589736, 0.9808772084473529, 0.9948571213668214, 0.9971135050065189, 0.9986707015854807, 0.9897756285218325, 0.9987324015268126, 0.9959691511900375, 0.9993883670769457, 0.9966531669798896, 0.9985062515738976, 0.9964183084430042, 0.9984172052819863, 0.9983828528117396, 0.998218601726447, 0.997937631808783, 0.9940926004043665, 0.9906446373310389, 0.9949057054576418, 0.9981859290274694, 0.9922552937463428, 0.9957083560967378, 0.9968482938774661, 0.986242048677072, 0.9952442651370441, 0.9987830980442569, 0.9976999637780534, 0.9971443146683309, 0.9904874476159939, 0.9981639009415505, 0.9947362382182832, 0.9965503957280031, 0.9854052517237217, 0.9932355352285814, 0.9971600106356912, 0.9932731043942618, 0.9786561377178707, 0.9965159433366776, 0.9976973409540569, 0.9988404695367622, 0.9981607559495884, 0.9986833550719199, 0.9984072453321684, 0.984987653765423, 0.9977180518937415, 0.9984728354400632, 0.9851954694432853, 0.9505768440927497, 0.9983909717438539, 0.9895435377670634, 0.9245945294831713, 0.9633557826041034, 0.9956284927491812, 0.9330973662812168, 0.9942949218550693, 0.9933293567978783], [0.994198830223737, 0.9982261315317077, 0.9990095969207814, 0.9988329440532798, 0.9993690416772494, 0.996940081159502, 1.0, 0.991401421617205, 0.9982719894909454, 0.9977530921374266, 0.9981203011492941, 0.9915721944644044, 0.9995910624508497, 0.997061800899919, 0.9406754961857279, 0.9995753218108419, 0.9659167162905775, 0.998671865278301, 0.9975670560419724, 0.9847616263942898, 0.9981777773756337, 0.9861888328015055, 0.9796671148227377, 0.9741489821223742, 0.9833584286977342, 0.9905573464053621, 0.9670663087580467, 0.9757227809928115, 0.9913535873338486, 0.9955724372470143, 0.997593684228251, 0.9940584391271483, 0.9990529016076098, 0.9998248771955626, 0.9984608794826576, 0.9990408373272522, 0.9996040219842293, 0.9980040785508125, 0.9924050392008011, 0.9885438723216226, 0.9993543793909383, 0.999010667238425, 0.9975855836677453, 0.9972091473037211, 0.9987235953221651, 0.9976717276367479, 0.9995981270209244, 0.9942692704654247, 0.9987696016169324, 0.9987711190160398, 0.9987443658183408, 0.9981708057745518, 0.9991193864820656, 0.9980699691718069, 0.9973183199905267, 0.9996042602773546, 0.999009970672762, 0.9958775417741118, 0.9977031233434955, 0.9991565257191667, 0.9957170812130769, 0.9977044412980525, 0.9979093293622169, 0.9953683727309954, 0.9983010934414123, 0.9979509937620215, 0.9992211471670572, 0.9991415788801091, 0.999927623004805, 0.9739650783693558, 0.9991215958054791, 0.9988907762427115, 0.9990761063096356, 0.9644017562716726, 0.9998608413371878, 0.9985601800327574, 0.9990473392968919, 0.9995079903303504, 0.9989485159099144, 0.9943302891268141, 0.995005565673252, 0.993557723254825, 0.9964030500712008, 0.9738122460793834, 0.9298917597653378, 0.9953822280029755, 0.9794136215869267, 0.8993961811896752, 0.9451837430544288, 0.9922891385570495, 0.9093662211997359, 0.9867053462150518, 0.9890899938002202], [0.9983455581718256, 0.9834460062407075, 0.9852630935482333, 0.9918488769357138, 0.9902017143779965, 0.997145030644145, 0.991401421617205, 1.0, 0.9948081364264945, 0.991449555872586, 0.9950147674838614, 0.9995371365840513, 0.987911898013021, 0.9798187751452415, 0.9651813720338723, 0.9915481967696873, 0.9664567059484876, 0.9882327682688011, 0.9930589763070836, 0.9948088767605158, 0.9824424329231796, 0.9897209614228275, 0.9902875412274439, 0.9805480772270088, 0.9919820489921248, 0.9942773901830474, 0.9872692964428056, 0.9903977498748288, 0.9955912742746367, 0.976159279010891, 0.9954181716002659, 0.9949432387277459, 0.9854742409145094, 0.9912335748199608, 0.9920368354535006, 0.98797340806131, 0.9906266077763556, 0.9869625251400135, 0.9700188686501605, 0.9939973824649299, 0.9916656019761685, 0.9940957482887731, 0.9809898439399726, 0.995209394164395, 0.9905780116567656, 0.997560995564696, 0.990926597743554, 0.9979071879997097, 0.9910966839778811, 0.9936917851059899, 0.9961047765145452, 0.9938062887252637, 0.9951732447138304, 0.9875831336459943, 0.9824893186912442, 0.9878362714871718, 0.993375602372703, 0.9854684822614762, 0.9902090466743224, 0.9910025147465422, 0.9765148232145151, 0.9897130695200144, 0.9949192181919724, 0.994566368248908, 0.9924647503690963, 0.981833019907305, 0.9932846134060377, 0.9882408717830311, 0.9909325324250521, 0.9876335841408302, 0.985491308529779, 0.9924464796960069, 0.9853885310196348, 0.9820392150515952, 0.9906444892923937, 0.9927416041713619, 0.9945853745631034, 0.993409837085624, 0.9943584088700109, 0.9968483645952256, 0.9749494055850885, 0.9960810753250043, 0.9954944934479639, 0.9874247593861462, 0.958454457468829, 0.9949854408417192, 0.9908743800106795, 0.934909456643024, 0.9684508111448608, 0.9931467125855497, 0.9425147556932651, 0.9942307028778838, 0.9915082450014109], [0.9946383575937053, 0.9934517325020055, 0.9953707123826159, 0.9985078164021528, 0.9983974358029487, 0.9987646090119143, 0.9982719894909454, 0.9948081364264945, 1.0, 0.996932744371725, 0.9979940291349636, 0.9943752373205934, 0.9970017905845744, 0.991609044692594, 0.9532984648559005, 0.9991489162866123, 0.9686683526223782, 0.9962186075175941, 0.9986162799108866, 0.9913029720369217, 0.9936456628472405, 0.992180229824824, 0.9867104914060401, 0.9783380826323117, 0.9909927412023081, 0.9940224556108074, 0.9775656855373946, 0.983379392532382, 0.9969210447693944, 0.9892255613030801, 0.9991438858158108, 0.9981966577506537, 0.9953355142548047, 0.9982602908603337, 0.9980348417929299, 0.9952919652593565, 0.9976402648741992, 0.9951119377407144, 0.9844516041349977, 0.9949885596832063, 0.9985121260881874, 0.9995192633124534, 0.9925222505375421, 0.9998383461556102, 0.9974165129978956, 0.9992145349459431, 0.9982410459221236, 0.9977644400400804, 0.9976078422556642, 0.9998392385937886, 0.9984916313225969, 0.9996047543400836, 0.9980576447948395, 0.9958628391904032, 0.9928074455131661, 0.9971728544077646, 0.9988645362086624, 0.992850591047979, 0.9970649382710846, 0.9975521681747006, 0.989444143164442, 0.9966658345526572, 0.9985127543459043, 0.998729343076706, 0.997795038887017, 0.9933205981650627, 0.9994499580831275, 0.996371012087492, 0.9981070440340798, 0.9843480408506413, 0.9957259560430888, 0.997862002977973, 0.9954908881560199, 0.9764221048386899, 0.9981320050738155, 0.9990500361121438, 0.999774908275279, 0.9994639764192753, 0.9998149106826769, 0.9981883612681681, 0.9883744481530176, 0.9979171396982546, 0.9991793341753132, 0.9843269068395135, 0.9478846021434856, 0.9982445156921856, 0.9884999612766514, 0.9211517523209566, 0.9622985375025822, 0.9958766692589008, 0.9299755066854956, 0.993619644928544, 0.9923276761613297], [0.9926224712927266, 0.9945282475697483, 0.9967302800315203, 0.9973531857227078, 0.9982297951972132, 0.9963251046440296, 0.9977530921374266, 0.991449555872586, 0.996932744371725, 1.0, 0.9965833159120169, 0.989710057744701, 0.9976752602559832, 0.9943354141181476, 0.9415333678927218, 0.9974301414489922, 0.9696321436001557, 0.9993048693134035, 0.9974437141872184, 0.9860250751248107, 0.994989049916345, 0.9915390313678227, 0.9805717750474386, 0.98635709888552, 0.9850604877577853, 0.9918452531968586, 0.9688338393589027, 0.9829595846940702, 0.9928086869496398, 0.9914609726019359, 0.9967112202948283, 0.9925503028156077, 0.9962218105725134, 0.9986333699253221, 0.9998330586049368, 0.9958738473340372, 0.9973610137806405, 0.9991563674470837, 0.988195270210685, 0.9877938527724797, 0.9982976697632808, 0.9983214093126038, 0.9946891860727503, 0.9961626025530095, 0.9967062058527373, 0.9962075504514513, 0.997724637539086, 0.9934255198520189, 0.9983438070586589, 0.9975408190258755, 0.9961966242100074, 0.9960141329572505, 0.9973128634346853, 0.9967720050849216, 0.9969677825120647, 0.9967074904944655, 0.9961706518629639, 0.9987428965648227, 0.99729389470844, 0.9962293728332956, 0.9918010061078107, 0.996584646551858, 0.9969707728253532, 0.9932148407134508, 0.999921365033242, 0.9946946826397115, 0.9980697835661817, 0.9981298000229901, 0.9974518497978984, 0.9732885842638801, 0.9961332688071535, 0.9997735082296911, 0.9964576690081889, 0.9640094872580612, 0.9979234133337584, 0.997796029099463, 0.9976774782569421, 0.9979515502087333, 0.998074336341607, 0.994275557488667, 0.9905736803719503, 0.9930242711241727, 0.9943474110534134, 0.9734705513399361, 0.9304557371068838, 0.9958575793542852, 0.9819360067508155, 0.900742740868437, 0.9471646496046353, 0.9932934113537758, 0.9103798636499065, 0.9890540301665754, 0.9957606387591909], [0.9964132448371293, 0.9944622327485985, 0.9954611491474183, 0.9978151191672122, 0.997280656795493, 0.9979934946796524, 0.9981203011492941, 0.9950147674838614, 0.9979940291349636, 0.9965833159120169, 1.0, 0.9949892914289316, 0.9966996438520839, 0.9924021534175114, 0.9492831789236785, 0.9978782067604658, 0.9668996382451404, 0.9961817881197056, 0.9988991969828922, 0.9887907335933269, 0.9939951163055213, 0.9881364482012799, 0.9838717778961688, 0.9770166820578396, 0.9869025164247657, 0.9933255675639633, 0.9780808399680165, 0.9813897454482814, 0.9936430983256546, 0.9902188618405552, 0.9977309327259105, 0.9951451415701605, 0.995560575275426, 0.9979248594808636, 0.9972456140184953, 0.9963682350782873, 0.9978913740773848, 0.9953244371009203, 0.9861064270099237, 0.9910765679464058, 0.9977354609537685, 0.998371879541957, 0.993130858671215, 0.9973926095046973, 0.9969639320278497, 0.9985434066658193, 0.9976677155028504, 0.9963852988606788, 0.9971616236433571, 0.9979732679672879, 0.9987608019986444, 0.9975950969093682, 0.9987238435761636, 0.9955617596162104, 0.9934330732592171, 0.9966810074772087, 0.9983518664606225, 0.9936238186412925, 0.9961440751363964, 0.9978171363875105, 0.9904314041457931, 0.995990217030957, 0.9982139215699815, 0.9959192809805789, 0.9972787872802187, 0.9936468333704713, 0.9986655010166615, 0.9965076861546539, 0.9978987441242132, 0.9791836590178621, 0.9956077187259846, 0.9976796122477547, 0.9956433917755177, 0.9711941828125473, 0.9977585839577824, 0.9975306907156533, 0.9985694492758337, 0.9983970938772857, 0.9983137072004604, 0.9960345289975814, 0.9894466067352906, 0.996246449386243, 0.996984917022793, 0.978923801897262, 0.9397135531487018, 0.9964011198003618, 0.9840470040592181, 0.911394129762364, 0.9533389254114175, 0.9933778055548717, 0.920621138685533, 0.9899043385220566, 0.9906883029258993], [0.9989210957156759, 0.984461127997255, 0.9855171610079968, 0.9913777251139145, 0.9898672774181839, 0.9965677048197239, 0.9915721944644044, 0.9995371365840513, 0.9943752373205934, 0.989710057744701, 0.9949892914289316, 1.0, 0.9879353675593807, 0.9803996442290599, 0.9635481366226032, 0.9915664959979898, 0.9638262545356091, 0.9872243686521174, 0.9920835679892158, 0.9931700480437148, 0.9831336306181219, 0.9863064644758832, 0.9887346484089103, 0.9743890032991602, 0.989749419971143, 0.9924753021927205, 0.9853633721612847, 0.9862328366021836, 0.993814156614462, 0.9773686702926198, 0.994832446340716, 0.9942680916386252, 0.9860040255968824, 0.9909898098855848, 0.9905694480146693, 0.9888881295825572, 0.9907615799120716, 0.9857818392506076, 0.9713997502305098, 0.992838274811577, 0.9912452490355295, 0.9933884656382893, 0.9816070867462671, 0.994558482714849, 0.9906509153343916, 0.9973927224931637, 0.9909006089212312, 0.9973015206227965, 0.9904822623687707, 0.9931647649952927, 0.9966519574866233, 0.9936044651131926, 0.9954784815839808, 0.9873516808158176, 0.9820521126690386, 0.9882403056065487, 0.993611630043478, 0.9835343005341841, 0.989473737657048, 0.9913571114533206, 0.9776398208981847, 0.9893419202054543, 0.9943313500897515, 0.9942111501227989, 0.9909630532574057, 0.9825671855114443, 0.9927996445966607, 0.98798661151204, 0.9912550866892307, 0.9861820525835465, 0.9860124704564782, 0.9913408122241998, 0.9857389672351484, 0.980281885528343, 0.99068896299891, 0.9920682583999701, 0.9942546944948127, 0.9931986612453176, 0.9937696379067696, 0.9957231223959329, 0.9763106273043081, 0.9950956205986542, 0.9952074390427014, 0.9858280644344234, 0.9559886412067273, 0.9934975132362313, 0.9882075905126739, 0.9318144492117658, 0.9655182655071688, 0.9915104561315666, 0.9396297026503011, 0.9917933586759552, 0.987631323180072], [0.9914420881481288, 0.9989606086992938, 0.999798849432394, 0.9979796486819869, 0.9993562941784631, 0.9949334224749476, 0.9995910624508497, 0.987911898013021, 0.9970017905845744, 0.9976752602559832, 0.9966996438520839, 0.9879353675593807, 1.0, 0.9985411604748295, 0.9339184680854431, 0.9991413531021353, 0.9654017048474945, 0.9992171329210708, 0.9967030302685053, 0.9810631393880151, 0.9992525320997794, 0.9844894631180134, 0.97615161240151, 0.9729650037822094, 0.9799656999277934, 0.9876012133343371, 0.9613318384846523, 0.9720430825759951, 0.988801811300911, 0.997300516976148, 0.9961314826816942, 0.9918050446741369, 0.9997271697111121, 0.9996931917198145, 0.9982548882683198, 0.9991730567238591, 0.9991495266226537, 0.9987658281827031, 0.9947684908719948, 0.9854317648869779, 0.9990356737410425, 0.9980717668218183, 0.998895786300856, 0.9956835631233217, 0.9983651999232503, 0.9956654938442822, 0.99938054009811, 0.9915155643562488, 0.9985585568074447, 0.9978580524392875, 0.9971854353231218, 0.9969442944696043, 0.9979618113618753, 0.9983173209183067, 0.9986877917673513, 0.999862398573284, 0.9977387904238735, 0.9966096138609355, 0.9976334715644789, 0.998327704349766, 0.9974501456918775, 0.9976542579213142, 0.9962933716903677, 0.9933739145282157, 0.9980217982414626, 0.999098219757642, 0.9985030581789107, 0.9995348145850473, 0.9996834277038403, 0.9690553738305788, 0.999770064371139, 0.9986362424986162, 0.999719830232148, 0.9584526963570287, 0.9997735840826137, 0.9978747948050004, 0.9979134522522052, 0.998776177298919, 0.9979933117852691, 0.991927411387871, 0.9968222003299382, 0.9911290242053616, 0.9944210485543042, 0.9690308875314098, 0.922103916818832, 0.9934662449616056, 0.9755847008484836, 0.890272169596884, 0.9387261468748108, 0.9904528148888535, 0.900681924130526, 0.9836505979758116, 0.9878426714502514], [0.9862361852856302, 0.9995640789337786, 0.9994161071130634, 0.9939528372515152, 0.9968590264155042, 0.9888311525975938, 0.997061800899919, 0.9798187751452415, 0.991609044692594, 0.9943354141181476, 0.9924021534175114, 0.9803996442290599, 0.9985411604748295, 1.0, 0.9168660807175317, 0.995900480607603, 0.9578403946303886, 0.9975847175253637, 0.991691615516687, 0.9701669803662599, 0.9997899621921755, 0.9762129757839363, 0.9644339280272894, 0.9645190886627737, 0.9682268903175385, 0.979293191833192, 0.9463313816931679, 0.9596581983222591, 0.9800811116347485, 0.9996926513372871, 0.9904002153973998, 0.983603804760518, 0.999396462109152, 0.9972049037044258, 0.9945692550723632, 0.998686614461653, 0.9967921394953387, 0.9975672257146386, 0.9987916628622463, 0.9749177274370071, 0.9957818321575674, 0.9933720897458449, 0.9999641539229438, 0.9893835130625234, 0.995545763323777, 0.9897435042527392, 0.9966247642247718, 0.9835899093146824, 0.9955902660603149, 0.9929285318314078, 0.9930444554354843, 0.9914595588613405, 0.9946256376832682, 0.9964611859432895, 0.9992504725784325, 0.9982749492927667, 0.9935013602209651, 0.99535144730081, 0.9940071029204193, 0.9954631838260338, 0.9997440544311075, 0.9943919093048396, 0.9911509670452646, 0.9859621172486749, 0.9943664270933636, 0.9998338420016826, 0.9941872918056506, 0.9981979873557496, 0.997364625044034, 0.954515433220287, 0.9991875148543822, 0.9954728814021568, 0.999214547065825, 0.942019440540294, 0.9973608844438789, 0.9934499213809925, 0.9933176409177537, 0.994860334942943, 0.9932104300886185, 0.9838076988848793, 0.9995090086945179, 0.9826951813453204, 0.9874850822095486, 0.9544442166655907, 0.9001148155833492, 0.9862501749130189, 0.9624409996932819, 0.8646402277718301, 0.919317090528461, 0.9827622124824279, 0.8761737228705103, 0.9726095624710969, 0.9804036868026679], [0.9543193952976635, 0.923311954828187, 0.9279985107224433, 0.9460001969169086, 0.9391772817910978, 0.9570135492911275, 0.9406754961857279, 0.9651813720338723, 0.9532984648559005, 0.9415333678927218, 0.9492831789236785, 0.9635481366226032, 0.9339184680854431, 0.9168660807175317, 1.0, 0.9433597662981646, 0.929173703022894, 0.9336098034426628, 0.9499547892599817, 0.9701511402259554, 0.9226736637370208, 0.955228590203057, 0.9676854617710521, 0.9438555738024198, 0.9708338113657835, 0.9608664143509118, 0.9762216715931893, 0.967549348041534, 0.9637786639978759, 0.9109388893890927, 0.9546864969937902, 0.9631863719933514, 0.9281857573876267, 0.940000281224143, 0.9437764190271528, 0.9307000299765128, 0.93930611299455, 0.9306967296573049, 0.8996965236618211, 0.9697602564198727, 0.9430587121888782, 0.9500093281294592, 0.9193702979898374, 0.9566003152934843, 0.9408859784556554, 0.9578237952044661, 0.9409686201043668, 0.9639585019239614, 0.9411861057664699, 0.9507728476217147, 0.9500700027516575, 0.9532361759537422, 0.9461317929025833, 0.9346522224801054, 0.9211644469288947, 0.9347927220612119, 0.9485187329581185, 0.9285889566803066, 0.9420756245564733, 0.9416262326247418, 0.9114462566525072, 0.9405678853916087, 0.9519925266361997, 0.9604721494697068, 0.9438322516030706, 0.9214635202945368, 0.9482533519710754, 0.9332685872501189, 0.9396849040094529, 0.9771944556107761, 0.9292330431842499, 0.9423819028386776, 0.928662405778789, 0.9780040082506544, 0.9394735935313104, 0.9479796955111056, 0.9502484480018325, 0.9470545598139073, 0.9506216708429974, 0.9636781901147825, 0.9089597694231862, 0.9643819506234109, 0.9594949054570988, 0.9770922441025707, 0.9743849772772444, 0.9588163587858194, 0.9793092191753453, 0.9643080256491421, 0.9745610592187234, 0.9585640436844892, 0.967822659027652, 0.9702643468452473, 0.9534223114923456], [0.9935084077036684, 0.9971348070021985, 0.9982964744290106, 0.9988494701402482, 0.9996797040967969, 0.9972925766925408, 0.9995753218108419, 0.9915481967696873, 0.9991489162866123, 0.9974301414489922, 0.9978782067604658, 0.9915664959979898, 0.9991413531021353, 0.995900480607603, 0.9433597662981646, 1.0, 0.967287247376546, 0.998076655728279, 0.9980325382665651, 0.986133652226436, 0.9972899640488688, 0.9888286423463593, 0.9815993070331095, 0.9745287193784294, 0.9856611373143281, 0.9910746277607749, 0.9691899251243036, 0.9771116264300255, 0.9934493159733397, 0.9942678823139885, 0.9980073709440154, 0.9953422290821157, 0.998303622783575, 0.9995370486549967, 0.9983503731191966, 0.9980370807718218, 0.999149732233911, 0.9972585205626934, 0.9906835072845432, 0.9903841725089342, 0.9992525260041286, 0.9992111366177109, 0.996538253305247, 0.9983547354598769, 0.9984874484186869, 0.9978838851928931, 0.9995438637936486, 0.994965289921505, 0.9985061820627275, 0.9993892074343249, 0.9984454123509416, 0.9987858401375281, 0.9985680783592503, 0.9976450427047384, 0.9963665935332316, 0.9992505164871257, 0.9990218382697308, 0.9949302738244756, 0.9978581076897572, 0.9987537503956918, 0.9944392752133876, 0.9977671685872924, 0.997963902212959, 0.9964906033717625, 0.998089427579686, 0.9971097299960254, 0.999425687311238, 0.9984972395377619, 0.9995585385155297, 0.9767393823815144, 0.9985667836143217, 0.9985268045620657, 0.9983769588074366, 0.967464144808545, 0.9995754787812681, 0.9991261047829829, 0.9995212829358955, 0.9997738797201494, 0.9994053655044756, 0.9952741327735506, 0.9936474641270017, 0.9947911419249472, 0.9972637244897763, 0.9766538176419185, 0.9345815606216477, 0.9961204811957466, 0.9818386530787399, 0.9050679706971065, 0.9508500837875511, 0.9932603877408225, 0.9147657901156266, 0.9884623454949002, 0.9895901204582187], [0.9638728559075975, 0.9588783325305062, 0.9624067828970836, 0.9675021994178499, 0.9665106054928404, 0.9689349489524685, 0.9659167162905775, 0.9664567059484876, 0.9686683526223782, 0.9696321436001557, 0.9668996382451404, 0.9638262545356091, 0.9654017048474945, 0.9578403946303886, 0.929173703022894, 0.967287247376546, 1.0, 0.9667437183643534, 0.9688987634968975, 0.9649293098742694, 0.9595147945015968, 0.9677795876004996, 0.9863773715253025, 0.9638081240759581, 0.965203958931706, 0.9675874558279175, 0.9531942719284701, 0.9757734168457766, 0.9689967626496868, 0.9537801044453758, 0.9688936914224373, 0.9678037559581353, 0.9617641308443078, 0.9668490446438367, 0.9697967979637347, 0.9614618009424849, 0.9653523922485512, 0.9661462979649973, 0.9486674604536816, 0.9660674489459263, 0.9674864095758968, 0.9692853391113098, 0.9586272805836857, 0.9704706303788374, 0.9652856109895991, 0.9684724011705365, 0.9672919127569102, 0.9688732144923305, 0.9672568465616912, 0.9693764714983009, 0.9661419013073319, 0.9678235693491851, 0.966353972749957, 0.9643287065548396, 0.9637787857471596, 0.963747373795355, 0.966369100500327, 0.9660544912431809, 0.9807806847176993, 0.9647848662930576, 0.9556254179042338, 0.9806968824824451, 0.9684537046581776, 0.9674229376156854, 0.969850254610531, 0.9589864501842424, 0.9685274570126248, 0.9650269822805075, 0.9653300556534985, 0.9568593190368636, 0.9619827427137021, 0.9690026112864962, 0.9622611251599257, 0.9502133076613006, 0.9684201976326835, 0.9684573573184138, 0.9684183835863406, 0.9678533334428039, 0.9691051129017079, 0.9695013980084067, 0.952532108129249, 0.9686237581678764, 0.9679299410604236, 0.9571364904089305, 0.9245388208676715, 0.9701019255912485, 0.9667557482451244, 0.9003201186618477, 0.9378191737105275, 0.9682348654000823, 0.9082433409448838, 0.9682953956761574, 0.9710009743215349], [0.9911960114947836, 0.9974674785546461, 0.998918171324247, 0.9973728757566731, 0.9989758937078628, 0.9947671178969406, 0.998671865278301, 0.9882327682688011, 0.9962186075175941, 0.9993048693134035, 0.9961817881197056, 0.9872243686521174, 0.9992171329210708, 0.9975847175253637, 0.9336098034426628, 0.998076655728279, 0.9667437183643534, 1.0, 0.9966479642488937, 0.9814752788459267, 0.997909916181091, 0.9874547949285716, 0.9759092325356931, 0.9801441270527824, 0.9802941172465223, 0.9885680676091941, 0.9617823622301729, 0.9759168573926046, 0.9894813637745474, 0.9955890989535578, 0.9956350753830149, 0.9905417483651184, 0.9985491428907478, 0.9993330379092757, 0.9992697054482603, 0.9979658131357886, 0.9983278128551728, 0.9999169105423079, 0.9931731816663629, 0.9843806614241871, 0.9986289272948751, 0.9977839703068401, 0.9977917463188677, 0.9949407431742762, 0.9974672949948394, 0.9949800709420655, 0.9985305329049765, 0.991000321250047, 0.998598781205768, 0.9971199903010478, 0.9960878078397843, 0.9955799872152988, 0.9974034209627024, 0.9978993197277297, 0.9990770028596279, 0.9984683073709697, 0.9963493132570104, 0.9989148236560351, 0.9973818907697599, 0.9970950735190429, 0.9958317134890029, 0.9970261546470442, 0.996063015683495, 0.9917988179289713, 0.9992394608000567, 0.9977354504067877, 0.9979080944665275, 0.9993886161379827, 0.9985775670112588, 0.9676967865421078, 0.998429248371555, 0.999498641133479, 0.9986616634350319, 0.9572405661275972, 0.9989165529584576, 0.9974882380319565, 0.997294709205176, 0.9980344414827108, 0.9975510749864136, 0.9917186859061108, 0.9949446310556087, 0.9905149964112508, 0.9930490643727838, 0.9678084366185772, 0.920647053670998, 0.9936913630281583, 0.9762291554145801, 0.888849298211482, 0.9383650836257086, 0.9907986231549103, 0.8991772142765083, 0.9844565977380567, 0.9917168946192008], [0.9929060642758274, 0.9929738571953237, 0.9951918516517924, 0.997871486095063, 0.9976285604448253, 0.9975290541950961, 0.9975670560419724, 0.9930589763070836, 0.9986162799108866, 0.9974437141872184, 0.9988991969828922, 0.9920835679892158, 0.9967030302685053, 0.991691615516687, 0.9499547892599817, 0.9980325382665651, 0.9688987634968975, 0.9966479642488937, 1.0, 0.9896585812451801, 0.9933906753689259, 0.9912098180065825, 0.9848742951987463, 0.9807726405419684, 0.9895558369635371, 0.9932139439033936, 0.9788602182965151, 0.9832741346649871, 0.995124502697388, 0.9890910331727513, 0.9981263254291489, 0.9965603063134977, 0.9949639524686111, 0.9978173343085271, 0.9982438935920621, 0.9945924857243303, 0.9969671928801727, 0.9957910731688878, 0.9846375085435753, 0.9930784649415063, 0.9980515124320153, 0.9988757981047155, 0.9924696165467364, 0.998375196361689, 0.9967054808528901, 0.9978333067205517, 0.9976249666198002, 0.9961627046808387, 0.9973737749167461, 0.998839140662108, 0.9970644288191257, 0.9983614672733367, 0.9970351481526978, 0.9956456269758015, 0.9933257438834029, 0.9965482303893898, 0.9976393354448814, 0.9940825604337544, 0.9967921940564731, 0.9966169854609781, 0.9893517218595436, 0.9962242713370171, 0.9976610535631719, 0.9970695240486247, 0.9980396898795966, 0.9930171163477323, 0.9992700994742334, 0.9963148124392818, 0.9973452358497299, 0.9815474152200225, 0.995267676271241, 0.9979448878842747, 0.9952059425993436, 0.9733304191247957, 0.9975626598238864, 0.9983543975092379, 0.9985927103773009, 0.9985340663923449, 0.9989052960393728, 0.9969182964929458, 0.9882065618503564, 0.9974968634139418, 0.9976015649503748, 0.9816220054956489, 0.9437882990545052, 0.9974948893060464, 0.9871400679798082, 0.9165202223773681, 0.958015951506522, 0.9951086070931423, 0.9254967297444878, 0.9925290134114823, 0.9933187868095099], [0.9894073932353209, 0.9737948891832507, 0.9773865810120526, 0.9875139817956645, 0.984144691888684, 0.9928802182127956, 0.9847616263942898, 0.9948088767605158, 0.9913029720369217, 0.9860250751248107, 0.9887907335933269, 0.9931700480437148, 0.9810631393880151, 0.9701669803662599, 0.9701511402259554, 0.986133652226436, 0.9649293098742694, 0.9814752788459267, 0.9896585812451801, 1.0, 0.9737038619359376, 0.9894137570382902, 0.9912903816436408, 0.9802452390870999, 0.9952375597949139, 0.9927956913019386, 0.9903014035852039, 0.9918622884539182, 0.9949067704575447, 0.9656561706422034, 0.9919023547204096, 0.9947570889132519, 0.9772646118300522, 0.984755650943204, 0.9872693521981151, 0.9783753665852114, 0.9838140561867493, 0.9797647609499361, 0.957944128688901, 0.9960997185038943, 0.9863045385898119, 0.9901103095571971, 0.9717236390356815, 0.9927562885714533, 0.9843925248436465, 0.9929581696301673, 0.9849290248060038, 0.9953584102376839, 0.988036845005381, 0.9902340868343319, 0.9890627313165844, 0.9909427030621186, 0.9873685389081449, 0.9809873757106686, 0.9735969839508043, 0.9811614737958564, 0.9883676111725143, 0.9782769445535379, 0.9852689364962742, 0.9845941001916988, 0.9660806084891232, 0.9841312144644602, 0.9904929791800683, 0.9936185992496661, 0.9872919566779682, 0.9729043265227307, 0.9890752014766468, 0.9808152225799283, 0.9840997406199217, 0.9933618326844985, 0.9778371953169384, 0.9864440296203321, 0.9776427800891546, 0.9894054429877965, 0.9841954426417758, 0.9887812097678691, 0.9899368081807663, 0.9883468693260636, 0.9903395723500762, 0.9956512150460738, 0.9641738553899705, 0.9955175739684397, 0.9935556654867773, 0.993389312093215, 0.9716892893920023, 0.9937380720736074, 0.9954726750138563, 0.9522116083718775, 0.9795474809933428, 0.9923787961068411, 0.958681015654959, 0.9967477509238898, 0.990303006504982], [0.9880553303150547, 0.9997952822344095, 0.9998015411755743, 0.9954807797440625, 0.9978090967763682, 0.9909278267533813, 0.9981777773756337, 0.9824424329231796, 0.9936456628472405, 0.994989049916345, 0.9939951163055213, 0.9831336306181219, 0.9992525320997794, 0.9997899621921755, 0.9226736637370208, 0.9972899640488688, 0.9595147945015968, 0.997909916181091, 0.9933906753689259, 0.9737038619359376, 1.0, 0.9781364618704009, 0.9682089374500522, 0.9652858606204217, 0.9720704264522075, 0.9818028074465199, 0.951232802025232, 0.9625982715941815, 0.9828118432393963, 0.9993872138565346, 0.9924676761490099, 0.9867201276077796, 0.9998500837731902, 0.998146162668974, 0.9955158742137982, 0.9992008005125327, 0.9978223904534412, 0.9976409614193219, 0.9979060608829229, 0.9787481518777094, 0.9969930899605225, 0.9950337481766054, 0.99992751084822, 0.9917002506299434, 0.9967528155393115, 0.991929328831743, 0.9977873950792325, 0.9863930223163198, 0.9965770355691012, 0.9947914388561699, 0.9947520132524466, 0.9936944339607183, 0.9959081278152343, 0.9972071322809202, 0.9989354410349804, 0.9992120629279131, 0.9953253110567849, 0.9951127006378956, 0.9951783364667084, 0.996781748398733, 0.9994327088901753, 0.9955395321727681, 0.9929443767165083, 0.9889036301049099, 0.9952444685236065, 0.9999832431250962, 0.9958087368923606, 0.9986916323664765, 0.9984638431604987, 0.9597837899039784, 0.9997724375980247, 0.9962883134285222, 0.999692139601172, 0.9478801409055863, 0.9983986170579644, 0.9950478704774132, 0.9950397482803368, 0.9963899727404506, 0.9949444546300005, 0.9865928943289263, 0.999152649549413, 0.9857024072238486, 0.9902085778935862, 0.9596890507738526, 0.9079082433809038, 0.9886075416016108, 0.9666399742329401, 0.8736448236414887, 0.9259300427246058, 0.9852438077825392, 0.8848252547641438, 0.9760817638751249, 0.9817848363608065], [0.9855675241089943, 0.9773838167878228, 0.9817030541026383, 0.9885995625891701, 0.9895198369789701, 0.9917844316628613, 0.9861888328015055, 0.9897209614228275, 0.992180229824824, 0.9915390313678227, 0.9881364482012799, 0.9863064644758832, 0.9844894631180134, 0.9762129757839363, 0.955228590203057, 0.9888286423463593, 0.9677795876004996, 0.9874547949285716, 0.9912098180065825, 0.9894137570382902, 0.9781364618704009, 1.0, 0.9846304135081714, 0.9904279218843682, 0.9900252269888569, 0.9912713050668052, 0.9792247988416292, 0.9910654229633322, 0.9974439309839055, 0.9713100230514843, 0.9908064125799662, 0.990404172128463, 0.9808834487947637, 0.9877250773140617, 0.991566105437481, 0.9806246370790219, 0.9858190802990168, 0.9868321818737082, 0.9654442881675843, 0.9897315398340015, 0.9883456287284116, 0.9908635958024858, 0.977114585741974, 0.9929567728220459, 0.9856762922408016, 0.9903693181287022, 0.9866170869277943, 0.9910986819506088, 0.9881966427732694, 0.991065279265734, 0.987027041893503, 0.9892037597606931, 0.9871512582155084, 0.9845115048821796, 0.9817034777002502, 0.9833480534552339, 0.9871628409071221, 0.9873073030657648, 0.9879209992506519, 0.9850261712935484, 0.9718532878502514, 0.9863132869219068, 0.9902259327667212, 0.9895272409092986, 0.9917026803147198, 0.9778909779237174, 0.9897794342858875, 0.9851317955658101, 0.9854129563320557, 0.9819267579388323, 0.981263104006671, 0.9904563971900949, 0.9815207388543831, 0.976027406518