"[[1.0, 0.8313576264336541, 0.891555388404, 0.7741818801627393, 0.993181429084157, 0.8487598191412735, 0.9379235444114004, 0.7372367058850651, 0.9263899742553023, 0.9059340909542216, 0.8712666696009368, 0.7246276694172631, 0.9362989841904724, 0.8949582374795844, 0.6075047129004962, 0.927694252524079, 0.9595237390745788, 0.9606936027759992, 0.89343847704397, 0.8146732701176795, 0.9901245288023848, 0.8304434440574133, 0.7309323031209305, 0.8499600301848754, 0.8011968969032518, 0.8115937313948495, 0.6289734666770925, 0.719435036297356, 0.7777333743217005, 0.6005312548462615, 0.840505108346451, 0.9511660938052278, 0.8569457410865813, 0.8878447999469405, 0.887033377007095, 0.7485029562638954, 0.9956376063703949, 0.9536700627896005, 0.9004152627114568, 0.99781876953237, 0.8467710006064881, 0.794315317029378, 0.8051728116565733, 0.812888082933768, 0.5654628652439805, 0.7579128933482737, 0.8986607443121511, 0.6601782799659632, 0.6526404544510348, 0.8194002132963938, 0.8725161913174994, 0.9332425929652611, 0.8659510770268332, 0.8632522968452379, 0.6648728450097161, 0.7498028697453613, 0.9973847367133521, 0.8293542520114067, 0.8672847402938113, 0.9983571321781795, 0.5762979746784496, 0.7479995763272771, 0.8077162462531489, 0.8559121024405225, 0.9361025389740232, 0.8283226146475009, 0.8611543404164186, 0.9227719331616213, 0.7478943390998094, 0.8651117464792788, 0.8949501737357932, 0.9976492910711514, 0.8988696264889384, 0.5246620350980198, 0.8691491841952798, 0.8249094876882201, 0.6653469320690456, 0.7894667795202374, 0.915572657114862, 0.9036073695567575, 0.8450972642528739, 0.884379614489997, 0.9327183940384248, 0.8867497058960002, 0.8564905328061048, 0.8344826082184711, 0.8691785816451045, 0.8879799794818677, 0.7864594226856245, 0.7209829299543148, 0.8358255138059146, 0.8801227257339191, 0.8552897467543825], [0.8313576264336541, 1.0, 0.8986133130088437, 0.8524908764954819, 0.7629721566514023, 0.8966448265211545, 0.9180634752735538, 0.8466318140933792, 0.9059205141353017, 0.9182891837240981, 0.8854424388432595, 0.7789579712842941, 0.8981688952813364, 0.8927503043827839, 0.8636196716377197, 0.8870760869369736, 0.656268702280775, 0.8690268511569491, 0.8810030910302188, 0.8534960173121307, 0.8554568414052285, 0.8294989525249846, 0.7875553700380065, 0.8801976727197688, 0.8642826823500919, 0.9046242333743069, 0.8559072279824832, 0.8994223333401395, 0.8911040070715417, 0.9177924993772049, 0.9069166049895782, 0.9040266208116662, 0.9184591109309111, 0.9039743924653106, 0.9228584040153015, 0.9283727769615688, 0.8592550121219826, 0.8902905801008256, 0.9031860211137946, 0.8268393733286614, 0.9096620931333039, 0.9298613675151925, 0.8363679375915736, 0.7927350626399254, 0.8279802245927045, 0.8836617433189096, 0.9804916097532359, 0.8855812028072824, 0.7678624348069858, 0.9045075510739307, 0.8456519687487604, 0.9011735212345744, 0.8666453263748236, 0.8701404678842644, 0.6725946211501914, 0.7800158394601635, 0.7961911831272876, 0.838765103583453, 0.978559649374622, 0.820453833573333, 0.8346626691985952, 0.9072007675266001, 0.8995455607453473, 0.9343408549986728, 0.9091211544795255, 0.914132037892076, 0.9275113035892752, 0.9020303123294046, 0.9181255308473513, 0.9333061617961761, 0.9220348327387937, 0.8123790499011596, 0.915112057514714, 0.8105851860855872, 0.9265580740115079, 0.9132958743163506, 0.8841234559418064, 0.8920959483261329, 0.9191214555144981, 0.9350373674703137, 0.8902788996319309, 0.9110631842814041, 0.9305597539913418, 0.9121452460288251, 0.9233265258167359, 0.8947343942884138, 0.9024446652191925, 0.8907929893598255, 0.8079576661543496, 0.8479594613084466, 0.920963592938409, 0.8859568103112543, 0.871386070139583], [0.891555388404, 0.8986133130088437, 1.0, 0.8796458557360176, 0.8451235323176478, 0.942905786757317, 0.9529414628998036, 0.8790678021694931, 0.9542269176901407, 0.9508668149689069, 0.9321268367606212, 0.9369470987891497, 0.9473089453979235, 0.9136507785080993, 0.6044447592269644, 0.9465511468147748, 0.7527433329843936, 0.930221909477691, 0.9224029198344751, 0.9731390456617978, 0.9153396803271505, 0.8492770330982751, 0.7857796345164375, 0.9160401944115706, 0.8652776210541301, 0.9298377460174951, 0.7987502513114538, 0.8724194178734118, 0.9035457364804548, 0.7655072520009735, 0.9261009142157429, 0.9542554873438441, 0.9419322664238979, 0.9525606517159146, 0.9493763047345216, 0.8909090915334441, 0.9200189783463228, 0.9462194082053694, 0.9365083498694654, 0.8997358209576549, 0.9269924764660413, 0.9215578082857528, 0.8745300314081054, 0.8530882316268374, 0.7610960203468567, 0.8903647154183704, 0.912875086715019, 0.8250887897517608, 0.7896903655300198, 0.9263777839713054, 0.8954417582920214, 0.951458459843553, 0.9031705586815243, 0.9065936418473034, 0.8745416340354544, 0.8026013343017745, 0.8624165131608782, 0.8691168663977857, 0.867368688370116, 0.888383562685999, 0.7697182025151221, 0.8733993171087857, 0.9033482782371984, 0.9511362869424482, 0.9547176602871482, 0.9192027860676162, 0.9869362903661928, 0.9367260997126683, 0.9035881581419917, 0.9659026464575544, 0.944919176985046, 0.8803182195004414, 0.9478436539066849, 0.7386181484405139, 0.9514821258432411, 0.9281788383733894, 0.8369338445487732, 0.9165864738321291, 0.9640626763511693, 0.9671988651737283, 0.8982463914946285, 0.9414786885507871, 0.9638745278098222, 0.933983022374688, 0.9086285210110174, 0.9173533375661128, 0.928605308320795, 0.9311183239751883, 0.8289881408641657, 0.8373034303734128, 0.9403319808803764, 0.9137199064701287, 0.9010833786454578], [0.7741818801627393, 0.8524908764954819, 0.8796458557360176, 1.0, 0.7275341331720973, 0.8748779444502535, 0.8995096935507804, 0.9961660137415654, 0.9082706092711617, 0.9184355477846263, 0.8803251996103304, 0.7234614300125679, 0.89367648764193, 0.8684624249269414, 0.5690937543357478, 0.8793480165599769, 0.631938142300383, 0.8879838813918383, 0.8769710078481421, 0.7659296265130476, 0.8411385214020818, 0.8109144513787395, 0.7378246565535408, 0.8663646469085001, 0.8309752146316564, 0.8476479040564263, 0.7366082291374947, 0.811606506594495, 0.8214209109959931, 0.729384197703551, 0.8722695339582163, 0.8964256695265637, 0.9066526622401097, 0.9711522874963499, 0.9188050127657779, 0.8310140937805766, 0.8275401884338863, 0.9272244332802518, 0.8800642905396778, 0.8018126591397631, 0.8842942517448913, 0.8785441206891014, 0.9945193061284864, 0.9748515712064169, 0.7132927457891878, 0.9947078505076493, 0.8957313710455002, 0.7784736278945227, 0.9808588218596771, 0.8740847490223208, 0.8140877711987029, 0.9031490571556112, 0.8560110881741041, 0.8497922505326876, 0.6256838187276744, 0.8436587921570099, 0.7556300152026462, 0.8451060556160753, 0.8351984181499301, 0.7730459355609226, 0.7240900973568091, 0.8108828778949893, 0.9113093756640139, 0.9098236726052388, 0.9028870053295156, 0.8793187110983874, 0.8946009075808935, 0.8828225567288188, 0.8659294919658518, 0.905917814454664, 0.8994131873668106, 0.7841699330040718, 0.8780956339418358, 0.7074073053262093, 0.9291823370104503, 0.9163109282971488, 0.8103797540912383, 0.9910137056205038, 0.9311343829170965, 0.8976363939412194, 0.8760055255283257, 0.8834640176447903, 0.886269533913173, 0.8609647581350452, 0.8636485428627027, 0.887275559471022, 0.8917483871285852, 0.8457847805700112, 0.7843931348168792, 0.8008148796922225, 0.9054080195039022, 0.8741461003812367, 0.8544042227290084], [0.993181429084157, 0.7629721566514023, 0.8451235323176478, 0.7275341331720973, 1.0, 0.7981546821687768, 0.9010246089131514, 0.6844188839826977, 0.8895273791695658, 0.8633107166436579, 0.8284515854358189, 0.6682993042055023, 0.9031418882696105, 0.8561139929001762, 0.5389663401134847, 0.8946381082388245, 0.984647555043567, 0.9394554058203095, 0.8564913944811977, 0.7598236119039691, 0.976646971032029, 0.7943093875396207, 0.6854039083892917, 0.8045981001261323, 0.7516617715852516, 0.7517617007274388, 0.5478555603676035, 0.6459316595443666, 0.7148247082482347, 0.507125737695064, 0.7871885750370415, 0.9191934405517469, 0.8047485189393752, 0.8466473848507561, 0.8398239811522589, 0.6739541670529411, 0.9819825951191954, 0.9269917046639626, 0.8593218036139828, 0.9913521994129694, 0.7945516264606317, 0.727567727984913, 0.7682109795023543, 0.7873056312423234, 0.4793321435054131, 0.7012848164358051, 0.847758066743841, 0.5793161813377536, 0.6052600194853119, 0.7624707409794734, 0.8381978483798265, 0.8989475177039538, 0.8270879279138535, 0.8231152423935697, 0.6194140513186212, 0.7127172457483568, 0.9982558699437187, 0.7910581521308885, 0.8132833947312493, 0.9929611194147995, 0.4907438703078184, 0.6774645275783114, 0.7527354468710012, 0.7996384311072716, 0.9002946168064158, 0.7718544866002706, 0.8041789916931545, 0.8864420999115126, 0.6751761298656574, 0.8096762698997835, 0.8490075670524639, 0.9948284576134736, 0.8540993138814611, 0.4354430086539939, 0.8178958258826856, 0.7688169807063827, 0.5858373983797623, 0.7346100489211257, 0.8742133882438723, 0.855423609774533, 0.7979028104701202, 0.8382473273952546, 0.8910017758148356, 0.8411399300142316, 0.8048000119216516, 0.783737998251712, 0.8231002357093068, 0.8460107202454692, 0.7464943690544589, 0.6597373789253461, 0.7789522123401827, 0.8400040347052151, 0.813403315908074], [0.8487598191412735, 0.8966448265211545, 0.942905786757317, 0.8748779444502535, 0.7981546821687768, 1.0, 0.9352922423808222, 0.8709546705403798, 0.9320143101832666, 0.9810461211182031, 0.9107620453597364, 0.8409931430559817, 0.9244028799090387, 0.9085495410676744, 0.6076567350844138, 0.9167279827644111, 0.6955097661892872, 0.9376532135536016, 0.9043991702721752, 0.9005505459540382, 0.8845460793686188, 0.8443946618120804, 0.7937342765047203, 0.9014565905758308, 0.8726886156535165, 0.9213730121379448, 0.8418689981039735, 0.884306760666402, 0.9029366940608141, 0.808107480562401, 0.9221274463611701, 0.9325098270279132, 0.9359155251919098, 0.9321403438621485, 0.9861286300629185, 0.9155703271758727, 0.8822014522338645, 0.9198883273297763, 0.9235022400129912, 0.8598407682709589, 0.930793406441917, 0.9353808646910377, 0.8626723759753758, 0.8269139456744241, 0.8104564033322192, 0.8881471998646795, 0.9002220577738564, 0.8646262240144723, 0.7893893077602994, 0.9208040610349892, 0.8708547201363123, 0.9280293117066686, 0.8880382153350721, 0.8843234559470832, 0.7490892617381265, 0.797687936834508, 0.8223466243009329, 0.8581754003869229, 0.8532058513901343, 0.8510233123079024, 0.8179887146927687, 0.9023666350494408, 0.9093683073896938, 0.9493115535184892, 0.9428332746372378, 0.9245119405874269, 0.957126096263468, 0.9805343087015214, 0.9213953696764596, 0.95370259063027, 0.9389580743100342, 0.8433756527590357, 0.9350010475207091, 0.7914576860535406, 0.9449900830859561, 0.9281265369145185, 0.8750979885561111, 0.9127254849761159, 0.944604164787223, 0.9489753868072512, 0.9016187944350805, 0.930372531107553, 0.9481715055839683, 0.9183338648204303, 0.9114915490067895, 0.9117254834196662, 0.9206269730684746, 0.9128341566217713, 0.8229857661769056, 0.8518773246619287, 0.9410196593704406, 0.9044557652246926, 0.8934430280319032], [0.9379235444114004, 0.9180634752735538, 0.9529414628998036, 0.8995096935507804, 0.9010246089131514, 0.9352922423808222, 1.0, 0.8811166927208235, 0.9750523016539007, 0.9813195837480722, 0.9391130802583154, 0.7999876772633214, 0.9974221590686744, 0.9513161824124725, 0.6399180949282705, 0.9621429621492045, 0.8174836147039027, 0.971278165447948, 0.9452668118953889, 0.8809686476655525, 0.9717944661278881, 0.8840871294565411, 0.812365920671867, 0.9260968984497258, 0.8939476405100201, 0.9271483382090843, 0.8085363540562608, 0.868580617899148, 0.8971946184635589, 0.7775200367177796, 0.9375937857228106, 0.9875901835565405, 0.9812571041073302, 0.9735508405961956, 0.9709238276581204, 0.8985320162207777, 0.9620769059208627, 0.980801849166142, 0.99146535312981, 0.9472006646182405, 0.9432566750569809, 0.9325897085847, 0.9025136876872611, 0.8793142075706573, 0.7652728225225072, 0.9004461431887376, 0.94860337846863, 0.8370557021682701, 0.8035907146999448, 0.928064838599568, 0.909318711616503, 0.9782789835967077, 0.9704711565483641, 0.918993383896898, 0.7052980525351976, 0.8300765311257925, 0.9213044303906215, 0.8930768727406135, 0.9029165834944581, 0.9401478467237125, 0.7746087556503963, 0.8931795802858427, 0.9252120628876046, 0.9665774857235648, 0.9856863350571985, 0.9395863969123172, 0.9589866990880793, 0.9730015387449179, 0.9088874171715267, 0.9781978420347651, 0.9928244725974158, 0.937121532284894, 0.977030130863653, 0.7390105137179024, 0.9671884163267058, 0.9466544623173209, 0.8480607460607511, 0.9255557866770144, 0.9815511818327923, 0.9762855882829881, 0.9300093112221318, 0.9882665154647619, 0.9865684869397335, 0.9508387159112746, 0.939413873198174, 0.930646969613723, 0.9544605238892193, 0.9811603783954981, 0.8513881031995757, 0.9022459615314375, 0.9546411346575627, 0.943563628765688, 0.9220324090786379], [0.7372367058850651, 0.8466318140933792, 0.8790678021694931, 0.9961660137415654, 0.6844188839826977, 0.8709546705403798, 0.8811166927208235, 1.0, 0.8866542063719539, 0.9048085268791924, 0.8705690665602479, 0.7454878444028824, 0.8747876851592017, 0.8508429923344709, 0.5608009076471099, 0.8623007310597551, 0.5810298018201775, 0.8623300296835481, 0.8615502739727567, 0.7764547491850382, 0.8080841356897956, 0.7947286906869769, 0.7290478538693624, 0.857587213222983, 0.8219000719612847, 0.8478888326251746, 0.7466809872733791, 0.8187583479831179, 0.8232688730059334, 0.7414891992467879, 0.8663114270907328, 0.8724270545550444, 0.9001359002875221, 0.9609521375214589, 0.9081301152340265, 0.835391356905793, 0.7951555918595152, 0.9044836829023831, 0.8654705459664952, 0.7658163293601218, 0.8771836614374187, 0.879272668823844, 0.9856818909126825, 0.9619492269381525, 0.7284455092548119, 0.9968419328632402, 0.8799146546864728, 0.7873154078398957, 0.984910542889037, 0.8719834279046526, 0.7988283647967274, 0.885418046261381, 0.8423872131959814, 0.8378487448218659, 0.6503604715314081, 0.8338763150292766, 0.7141727260783547, 0.832322359757313, 0.8192117598481915, 0.735246779080313, 0.7386743091312944, 0.8119226058763763, 0.9067011913539342, 0.9048062780255642, 0.8807611346163059, 0.8739218898865553, 0.8959385704819666, 0.8642939205984173, 0.8719173520104988, 0.9021815788376335, 0.8866908764212996, 0.7450524000296753, 0.8656389729488754, 0.7260468057537802, 0.9218886173076428, 0.9128905395809593, 0.8197641974052572, 0.9915428140637169, 0.917103142735598, 0.8878176060452996, 0.8545874319359912, 0.8724282346388221, 0.870874295634381, 0.8490389869607762, 0.8523055699459092, 0.8801049764130026, 0.8810824228247753, 0.833070461484255, 0.7730035255205931, 0.8014028612402563, 0.9013266804312716, 0.8593046793036783, 0.8421594116756538], [0.9263899742553023, 0.9059205141353017, 0.9542269176901407, 0.9082706092711617, 0.8895273791695658, 0.9320143101832666, 0.9750523016539007, 0.8866542063719539, 1.0, 0.969993481283745, 0.935053491145028, 0.809967930252266, 0.9672560021922588, 0.9426409510017496, 0.6199575662493143, 0.9568275270127831, 0.8057607343439509, 0.9606426545734355, 0.9394131031967315, 0.8837978402818528, 0.9564245881782284, 0.8762467721992602, 0.8040026056408854, 0.9212583706640204, 0.8860396982649191, 0.916239567842693, 0.7984680086346032, 0.8599049300435639, 0.8912893112428134, 0.7643857197976749, 0.9314453128427399, 0.9957770897949711, 0.9498625962486414, 0.9670100464422788, 0.9652225620956435, 0.8895790868972063, 0.9523769294234931, 0.978308080756832, 0.9533234089855981, 0.9371832906180665, 0.9370693204010607, 0.925696845677097, 0.9054256476538595, 0.8837747952834614, 0.7562931433742467, 0.9030166653068565, 0.9377953101340335, 0.8274255603015389, 0.8116061626334226, 0.9233305939274421, 0.9030238115234869, 0.9695664370553387, 0.91797111324248, 0.9124913508504783, 0.7196569625605015, 0.8279053560102534, 0.9092023694736545, 0.8878650356133893, 0.8894050753922271, 0.928394596209426, 0.7657433347391627, 0.8829145382068195, 0.9205828132207055, 0.9577699099401521, 0.9975454678595931, 0.930855074471167, 0.9573801598622186, 0.9612099033635977, 0.9003211306602988, 0.9612891023253434, 0.9637676863353305, 0.925877199342651, 0.9586615030693023, 0.7312199868647279, 0.9625706981425057, 0.936761371125765, 0.8402731949039361, 0.9273200963328688, 0.9831875725935378, 0.9697345098053509, 0.9765017846059164, 0.9521531463912178, 0.9757051215462141, 0.941574132139385, 0.9298634435015513, 0.9301181779079138, 0.94334003397138, 0.9369771508099042, 0.8448064503021768, 0.8426939473159752, 0.948308561647894, 0.9355218907519891, 0.9157715794310212], [0.9059340909542216, 0.9182891837240981, 0.9508668149689069, 0.9184355477846263, 0.8633107166436579, 0.9810461211182031, 0.9813195837480722, 0.9048085268791924, 0.969993481283745, 1.0, 0.9390619556687823, 0.802706288766009, 0.9735239996599043, 0.9477123199231416, 0.6274691663673104, 0.9538400775636215, 0.7698802399175908, 0.9744640993642883, 0.9413867950775137, 0.8791067541000077, 0.9446752569104949, 0.8811274649097056, 0.8160660954840968, 0.9279000768443312, 0.8994814967865411, 0.9296414686008131, 0.8330426580654544, 0.8841682739392497, 0.9078078565646559, 0.7997908800976761, 0.9434249414949268, 0.975743584817809, 0.9698698438717932, 0.9744940941783143, 0.9979043715375377, 0.9170548072235603, 0.9371543481090203, 0.9719151224567324, 0.9674901316511078, 0.9187488518200093, 0.9525025282023091, 0.9476083329737052, 0.9152354750339677, 0.8859978559859819, 0.795375743072719, 0.9222571712650359, 0.9417391444829984, 0.8608608194195384, 0.832248224129009, 0.9369058787893977, 0.901643383593166, 0.9698072071653374, 0.9364622619078982, 0.9148188061849312, 0.7017932244021954, 0.83688101164752, 0.8868324398574609, 0.8931461825070837, 0.8916207893799202, 0.9093129685599814, 0.8043387549187558, 0.9089909776683487, 0.9374838019823404, 0.9726748681172439, 0.9800937266656171, 0.9470561927870096, 0.9648147372988386, 0.995062043056958, 0.9271427442333184, 0.9761600022113703, 0.978776640417177, 0.9064077656806265, 0.9676685162427332, 0.7733168882373191, 0.9739671930428063, 0.9541516990333689, 0.8741136562546066, 0.9450433158895114, 0.980886651377914, 0.9751157764016356, 0.9334236789021074, 0.9685326414410799, 0.9803185699726291, 0.9465958238859988, 0.9410872068711573, 0.937217324438732, 0.9533605651961147, 0.9516904653209493, 0.8514544366195967, 0.8803545352316544, 0.9617471635759308, 0.9411450139403311, 0.9232737788520438], [0.8712666696009368, 0.8854424388432595, 0.9321268367606212, 0.8803251996103304, 0.8284515854358189, 0.9107620453597364, 0.9391130802583154, 0.8705690665602479, 0.935053491145028, 0.9390619556687823, 1.0, 0.8093225349202987, 0.9302023649570655, 0.9095882148669628, 0.6025470110150395, 0.9211249712614558, 0.7371123242222648, 0.9156978768959949, 0.9067003232700299, 0.8738498528816386, 0.9042526197846683, 0.8455827761029983, 0.7839411486588294, 0.8959425415422771, 0.8638038650142998, 0.9015639851817295, 0.802320809611075, 0.8553109289270303, 0.8797627970168482, 0.7700529258440958, 0.9103538405682672, 0.9369878979690544, 0.9271280349826582, 0.9368153266993572, 0.9377653240918427, 0.8830839726907459, 0.9012988161206656, 0.9337977988075367, 0.9222115791276203, 0.8827085555850203, 0.9146822688823256, 0.9134990952239949, 0.8760687628275826, 0.8487059718106104, 0.7663663960819084, 0.8862171339555449, 0.9047355660277524, 0.8286459328380243, 0.7961477648480468, 0.9058940278684491, 0.8711529930584617, 0.9333840377044442, 0.887865359170669, 0.8833406556457772, 0.7198502134557351, 0.8021676436572619, 0.8500895783113281, 0.8590680316907077, 0.8572152260387115, 0.8731523209262687, 0.7748775546913196, 0.8744728470731931, 0.9007420989763746, 0.9371172418710799, 0.9378007481878181, 0.9112995781179316, 0.9402726764501226, 0.9259284373359679, 0.8941387100820778, 0.9408189212698523, 0.9350275689615758, 0.8689347880332594, 0.9299421478412142, 0.7451689787285947, 0.9384222054391208, 0.9174634917858071, 0.841060184418641, 0.9091170075658926, 0.9456150542016948, 0.942582116235867, 0.8961537030297017, 0.9248497078930936, 0.9431030914291262, 0.9133340822446369, 0.9042985867757884, 0.9035127376678577, 0.9164007265404037, 0.9079894907161368, 0.8193822004934559, 0.8317385019159395, 0.924029390021709, 0.9045647803034769, 0.8876420918724395], [0.7246276694172631, 0.7789579712842941, 0.9369470987891497, 0.7234614300125679, 0.6682993042055023, 0.8409931430559817, 0.7999876772633214, 0.7454878444028824, 0.809967930252266, 0.802706288766009, 0.8093225349202987, 1.0, 0.7966721827422298, 0.7583917173446796, 0.5097000096145968, 0.8095873061105184, 0.5714524913636386, 0.7625538632698294, 0.7800935551112167, 0.9816880830759203, 0.7378333399070485, 0.7045219999440547, 0.6669546459070697, 0.7937230579908944, 0.7313984942177852, 0.8388781626711559, 0.7184880676187547, 0.7915012473182925, 0.8163055516749272, 0.6882424405444911, 0.8060387998527567, 0.8011816946365174, 0.8138065363905201, 0.8041518612858106, 0.8074165886128424, 0.7936984131202897, 0.7527200735633838, 0.7772765190478113, 0.7952749601295592, 0.7271285952511489, 0.7992121395359053, 0.8085627496247199, 0.7049900952145504, 0.6818913725327825, 0.693096579686718, 0.7507091952608482, 0.7590865302448437, 0.7351563144861357, 0.6417287569096184, 0.8183385564486442, 0.7717421723419758, 0.8024604823417043, 0.7676532972272033, 0.7826438084161845, 0.9812245778941618, 0.6593574212809401, 0.6810560693257082, 0.731190930100239, 0.7243905780011018, 0.7156064660709849, 0.6988635811333506, 0.7646918396643991, 0.7659967530809372, 0.8256490374053618, 0.8058521930193143, 0.7922250177769925, 0.9071931409587796, 0.783413373522737, 0.8048057982180473, 0.8538663551310027, 0.8008634498736367, 0.6986712860805101, 0.81545048035733, 0.6769831076361608, 0.8161402436208064, 0.800588495193937, 0.7418780150040906, 0.7786252366032091, 0.8211867321476068, 0.843152857384686, 0.7540980570642299, 0.8096188795614996, 0.8266295171969945, 0.8075462235668204, 0.768152570035119, 0.7912302473591184, 0.7913428103283245, 0.8078699909976257, 0.7037616481210411, 0.7325270498254406, 0.8212140728992972, 0.7675249734763413, 0.7672803799443894], [0.9362989841904724, 0.8981688952813364, 0.9473089453979235, 0.89367648764193, 0.9031418882696105, 0.9244028799090387, 0.9974221590686744, 0.8747876851592017, 0.9672560021922588, 0.9735239996599043, 0.9302023649570655, 0.7966721827422298, 1.0, 0.9403412786573855, 0.61637080211945, 0.9558413991350176, 0.8248395543983384, 0.9698849422062784, 0.9369982180090367, 0.8735174528966282, 0.9716030080289592, 0.8740121507388992, 0.7981567249421861, 0.9156198295460647, 0.8794016210452986, 0.9059157036170566, 0.7811768857053584, 0.848366024496026, 0.8799347413556364, 0.7465243995004938, 0.9235907986630746, 0.9825789290087872, 0.9792019593382544, 0.9696683978952216, 0.959496864623616, 0.8754968673815848, 0.9594162174265931, 0.9767853827668195, 0.9937357667902684, 0.9462943781494778, 0.9295918684364839, 0.9134459142511677, 0.8997022137538695, 0.8812689972591765, 0.736608708672837, 0.8913703907228526, 0.9351944254561196, 0.8106241852060385, 0.799919927694449, 0.9138290398082842, 0.9014479109335555, 0.9724911463136257, 0.9803070968485273, 0.9108033811820235, 0.70825192535521, 0.8231017391452029, 0.9212903794436572, 0.884273107376052, 0.8875684765164812, 0.9383121170532708, 0.746295352641645, 0.869969258041322, 0.911456759627274, 0.9533395881818155, 0.9798492372466314, 0.9246130557758627, 0.9475643994018731, 0.9652838007190538, 0.8893768690347462, 0.9697339660751456, 0.9895717629531869, 0.9364162891354628, 0.9700078310857209, 0.7098957942022327, 0.9551520152206251, 0.9353885778283824, 0.8231423677584122, 0.9162994988278778, 0.9731179105764229, 0.9643017493248663, 0.9165922714200314, 0.9886510842299017, 0.9773589618562164, 0.9398699251744024, 0.9241296546429467, 0.9183046610771826, 0.9451759361121098, 0.9856494113956862, 0.8407160546151943, 0.9059646266036533, 0.9434230387541559, 0.933838077889479, 0.9115984849411465], [0.8949582374795844, 0.8927503043827839, 0.9136507785080993, 0.8684624249269414, 0.8561139929001762, 0.9085495410676744, 0.9513161824124725, 0.8508429923344709, 0.9426409510017496, 0.9477123199231416, 0.9095882148669628, 0.7583917173446796, 0.9403412786573855, 1.0, 0.6142930722470328, 0.9272974354419005, 0.7677510968939586, 0.9276263068013285, 0.9152275827201424, 0.8449403517131954, 0.925938873948758, 0.8608237660797772, 0.799321160373699, 0.9001415230810547, 0.8778369873104613, 0.90299011996664, 0.8180989949321724, 0.8582560691606499, 0.8835257447557477, 0.7812929733868466, 0.9174035165252169, 0.9488159055005473, 0.9319691589223006, 0.9332566776829754, 0.9453319008395765, 0.8931013375046508, 0.9207230747881677, 0.942456809582233, 0.93334831841905, 0.905104237458232, 0.9225451407178585, 0.921882399726442, 0.8664418148080753, 0.83583858626219, 0.7790450851717069, 0.8721306083016254, 0.913730123305234, 0.8423824700173175, 0.773525929369101, 0.9082458643493522, 0.8843659772704613, 0.9416535495088552, 0.8962313648869812, 0.8874476336757919, 0.6551458402278133, 0.8040955459965935, 0.8785684116346619, 0.8666727016401091, 0.8670681784986527, 0.900138139966704, 0.7873628346073379, 0.8918839366911612, 0.9058946135379967, 0.9431204162673267, 0.9482115658626595, 0.9825210754857907, 0.9308865098107014, 0.9402248664497002, 0.8989254508078269, 0.9421552585452845, 0.9468088404963344, 0.8956742797073314, 0.9402531737953846, 0.754749684862555, 0.9805988624678821, 0.9202172352244102, 0.8517514395585496, 0.8984167247201974, 0.9499089919209817, 0.9476858330487734, 0.9103851122993312, 0.9336148990360016, 0.9537799117185497, 0.9221012055251154, 0.9191522278439336, 0.9080992878959963, 0.9245050110042905, 0.9173568297468324, 0.8300227042068219, 0.8401944336827089, 0.9269676399638741, 0.9162951680255421, 0.8968026656806792], [0.6075047129004962, 0.8636196716377197, 0.6044447592269644, 0.5690937543357478, 0.5389663401134847, 0.6076567350844138, 0.6399180949282705, 0.5608009076471099, 0.6199575662493143, 0.6274691663673104, 0.6025470110150395, 0.5097000096145968, 0.61637080211945, 0.6142930722470328, 1.0, 0.607501603051815, 0.4699063812768014, 0.598755515264446, 0.603040247434379, 0.5733673477337599, 0.5955473622083166, 0.5703737879302538, 0.5403904009091827, 0.5994095559151962, 0.5914586747726231, 0.6134741192305095, 0.5819797263833352, 0.6396205204250136, 0.6047224031194437, 0.7718903173048082, 0.617766469667885, 0.6214838465705285, 0.6245830143531828, 0.6115137194836342, 0.6293558164401419, 0.6564692819641265, 0.6125150051576965, 0.6104856553676127, 0.6190159626262135, 0.577944705195846, 0.6199423952917138, 0.6316233295712017, 0.5605629744720065, 0.5310671579383909, 0.5604609160118852, 0.6136443030355743, 0.8285020279127409, 0.6170205904329578, 0.5045449831391717, 0.613665870481251, 0.5801760990127359, 0.617350645568224, 0.5929378247608954, 0.610846024051804, 0.4336638372477082, 0.5287750819961802, 0.5699493993241423, 0.5729441128458237, 0.8974968753337927, 0.5760662585212104, 0.564986600089361, 0.6196407659844124, 0.6130250985605643, 0.6354100057649976, 0.6236413512542192, 0.6230606116089339, 0.6255807382419792, 0.6202196214469209, 0.6210493269634261, 0.6333239660706141, 0.6311908126072756, 0.5703681041619184, 0.626665250130408, 0.5462737399124072, 0.6296436725988768, 0.6187859291246117, 0.5986599540815433, 0.596631553260851, 0.6264552945245387, 0.652318790789016, 0.6097350841799476, 0.6226707164583447, 0.6529008514110705, 0.6473501801701113, 0.6686217454621654, 0.6082313565029737, 0.6158249835756993, 0.6103035630864898, 0.5532666531592138, 0.5761547222571058, 0.6246488706166917, 0.6071789449405438, 0.595924769879777], [0.927694252524079, 0.8870760869369736, 0.9465511468147748, 0.8793480165599769, 0.8946381082388245, 0.9167279827644111, 0.9621429621492045, 0.8623007310597551, 0.9568275270127831, 0.9538400775636215, 0.9211249712614558, 0.8095873061105184, 0.9558413991350176, 0.9272974354419005, 0.607501603051815, 1.0, 0.8177089883901856, 0.9529063142440379, 0.9262816595392382, 0.8799547821952235, 0.9508705060295022, 0.861840142078486, 0.7864601953967268, 0.9058192014488889, 0.955647421099132, 0.897560058580099, 0.7677516933315328, 0.8354052337758059, 0.871002684259865, 0.7333082903180451, 0.912653493104063, 0.9647527996400288, 0.9307840467916182, 0.9504299845400084, 0.9473428518954498, 0.863216582630596, 0.9498683952797978, 0.9650612981639083, 0.9387932890292192, 0.9368041524142897, 0.9179045432109438, 0.9007593309179854, 0.8854018564944149, 0.8686584463856408, 0.7232856587105876, 0.8778597367627257, 0.9229323419908737, 0.7967780079221833, 0.7854023208531575, 0.9038493639805217, 0.893125148212187, 0.9577066148560108, 0.904227680874023, 0.9001512699549833, 0.7280253776202292, 0.810615113116562, 0.911497257198749, 0.9714179348749532, 0.8765012346416727, 0.9286962614785835, 0.7328626984513031, 0.8561086008131106, 0.8978266508689394, 0.9372536783624296, 0.9611467267761445, 0.9095210924582395, 0.942314948615049, 0.947851142535577, 0.8733418554038608, 0.9430225024186988, 0.946571788829749, 0.9260745118959633, 0.9436426241015358, 0.6965227061014403, 0.9431876286020178, 0.9150778454352128, 0.8089257860619121, 0.9032166980796802, 0.96225954723653, 0.9547576609748716, 0.9031997866401392, 0.9361495275262206, 0.962807741756071, 0.927486586962131, 0.9110893466883669, 0.9070404898443384, 0.9261759874460683, 0.9241397674566089, 0.8300638772161147, 0.8194916400910823, 0.9223981727689701, 0.9202526668661479, 0.9006651079520075], [0.9595237390745788, 0.656268702280775, 0.7527433329843936, 0.631938142300383, 0.984647555043567, 0.6955097661892872, 0.8174836147039027, 0.5810298018201775, 0.8057607343439509, 0.7698802399175908, 0.7371123242222648, 0.5714524913636386, 0.8248395543983384, 0.7677510968939586, 0.4699063812768014, 0.8177089883901856, 1.0, 0.8798317580592399, 0.772991069008518, 0.6593429638193133, 0.9279766684165084, 0.7120946725126114, 0.5899825560925448, 0.7090228870617185, 0.6480309848976791, 0.6341764562465082, 0.39605901933906584, 0.5117496568356907, 0.5924362065036399, 0.3584213783592345, 0.6781503181056397, 0.8423295325382356, 0.6973253597820243, 0.7575927333374348, 0.7394034209819246, 0.5352328013407813, 0.9358859794673802, 0.8588387932831958, 0.7684751672051174, 0.9544775190041347, 0.6868349554737213, 0.5969493812210163, 0.6875756029701493, 0.7260359369891524, 0.32105450096935084, 0.5939223698690477, 0.7640989600096714, 0.4296860841151874, 0.5121645051192076, 0.6488295235990899, 0.7601789375753284, 0.8190951846535367, 0.7410822715180265, 0.7386018874310317, 0.5454133293187097, 0.6320141606962809, 0.9738993609875667, 0.706551985688892, 0.7356353227831293, 0.9572521055887964, 0.3331696883042907, 0.5401785863439944, 0.6414103082225144, 0.6853847780758501, 0.8175616614407442, 0.6570817397704398, 0.6926630268994648, 0.8023266321689313, 0.5363248364465737, 0.6978452812371432, 0.7499411932898208, 0.9631320872743059, 0.7575625218765201, 0.2732980135514609, 0.7117008189290446, 0.6556286419324296, 0.43625058288365315, 0.6255848499470638, 0.7835790176765141, 0.7563494332070388, 0.6971044678573322, 0.7398965686348086, 0.8010735191985332, 0.7473043089720444, 0.7017469851247893, 0.6791695235779319, 0.7248982460633836, 0.754827615866494, 0.6599320756255017, 0.5396384490556091, 0.6645894654351134, 0.7508001408051265, 0.7224346563600316], [0.9606936027759992, 0.8690268511569491, 0.930221909477691, 0.8879838813918383, 0.9394554058203095, 0.9376532135536016, 0.971278165447948, 0.8623300296835481, 0.9606426545734355, 0.9744640993642883, 0.9156978768959949, 0.7625538632698294, 0.9698849422062784, 0.9276263068013285, 0.598755515264446, 0.9529063142440379, 0.8798317580592399, 1.0, 0.9289377029716832, 0.8395465709623853, 0.9814245776279542, 0.8625152651500201, 0.7702526168345396, 0.8966515696845433, 0.8515737510143357, 0.8664961966237058, 0.7057546584566878, 0.7907113694483259, 0.8346623354659063, 0.6738448867237078, 0.8937168562219947, 0.9759320042581039, 0.9232942397726204, 0.9587655503000314, 0.9621861375433114, 0.8194952573874051, 0.9778280152026042, 0.9855919138137152, 0.9437554574633058, 0.9704283657427567, 0.904987567381268, 0.86623188970961, 0.9061642585718446, 0.9024990802521751, 0.654469484529529, 0.8752265343599519, 0.9290002094864903, 0.7403621189167924, 0.7966702515746754, 0.880297231236439, 0.8926738458558033, 0.9658186391454784, 0.9150374812963357, 0.8982733986818293, 0.6853647881552862, 0.8494707476075001, 0.9523545828109529, 0.8736384417371388, 0.8817561245554735, 0.9609621018354095, 0.6655603624881438, 0.811924437778581, 0.8838948083408246, 0.9185102861899952, 0.9715288219860391, 0.8887191622427251, 0.91625727662761, 0.9802922165283207, 0.831416559526346, 0.9257440526374253, 0.9450640617578346, 0.9636498884760092, 0.9377229130657454, 0.6244967621904696, 0.9324101115160209, 0.8995630670913648, 0.755651275336861, 0.897803245728062, 0.9696992155953557, 0.9441537968886324, 0.8936714831160744, 0.9343263798367387, 0.9619672430320781, 0.9193313643756194, 0.898854795621705, 0.8937186952440649, 0.9201491409708302, 0.925258665225849, 0.8235787484155046, 0.8012670765670966, 0.9057416498059364, 0.9196811769992033, 0.9200336900698199], [0.89343847704397, 0.8810030910302188, 0.9224029198344751, 0.8769710078481421, 0.8564913944811977, 0.9043991702721752, 0.9452668118953889, 0.8615502739727567, 0.9394131031967315, 0.9413867950775137, 0.9067003232700299, 0.7800935551112167, 0.9369982180090367, 0.9152275827201424, 0.603040247434379, 0.9262816595392382, 0.772991069008518, 0.9289377029716832, 1.0, 0.8535554169607693, 0.9231781793051913, 0.8507310066001472, 0.7827262335230731, 0.8941664277207159, 0.8623919032776478, 0.8910576693123203, 0.7834285100057127, 0.8392093852446235, 0.8678774027627375, 0.7502624677905965, 0.9056447881032698, 0.9448387181684799, 0.9231884775197342, 0.9375039470616126, 0.9374856630658963, 0.868930897489213, 0.9196338962348116, 0.9443349864772224, 0.9250495445141522, 0.904292246216457, 0.9111327508192686, 0.9027660250440717, 0.878149642047878, 0.8549696287966124, 0.7435624606922515, 0.8780973578949729, 0.9096415292862182, 0.8109860554267919, 0.7890663995532022, 0.8979448133021954, 0.9917477900504272, 0.9392698511880571, 0.8904378892265977, 0.995407226723884, 0.6891423615120862, 0.8038816545818506, 0.8765473699183091, 0.8615848645673044, 0.8624333006676703, 0.8959579801932666, 0.7525592067112353, 0.8630608213746991, 0.8960447606140329, 0.9315545918847542, 0.9434593743470069, 0.906166502120744, 0.9287470450454551, 0.9322243543664545, 0.8790393052733385, 0.9339598024922917, 0.9361825137625434, 0.8933289099141564, 0.9305541648016569, 0.7198168987591369, 0.935346469279579, 0.9112932780850799, 0.8232749095781988, 0.9015659114389437, 0.9474295188046906, 0.978538411478582, 0.8967933092837468, 0.9244921816700329, 0.9461330761598359, 0.9136441377717976, 0.904345423232751, 0.8997766450914313, 0.9161852834076105, 0.908839378349125, 0.8205066160462253, 0.822019723172736, 0.9170948070430873, 0.9080565521592147, 0.8889275444791007], [0.8146732701176795, 0.8534960173121307, 0.9731390456617978, 0.7659296265130476, 0.7598236119039691, 0.9005505459540382, 0.8809686476655525, 0.7764547491850382, 0.8837978402818528, 0.8791067541000077, 0.8738498528816386, 0.9816880830759203, 0.8735174528966282, 0.8449403517131954, 0.5733673477337599, 0.8799547821952235, 0.6593429638193133, 0.8395465709623853, 0.8535554169607693, 1.0, 0.8277371138430876, 0.784091151410323, 0.7442006482821962, 0.8611910401089459, 0.8120908837277411, 0.9045708215517122, 0.8023756895447438, 0.8583908769933175, 0.8845541891163763, 0.7649123213157676, 0.8797414846133339, 0.8808246920852778, 0.8850727654880678, 0.8619329785745273, 0.8827388097151458, 0.8730573879021957, 0.8391240579634349, 0.8512372374345066, 0.8741777476952214, 0.8158781286377625, 0.8742287118029748, 0.8862908015765448, 0.7492405638499007, 0.7180895412388957, 0.7707996576261389, 0.7915842811510908, 0.8349437303561074, 0.8175487848021221, 0.662936466422333, 0.885241692765704, 0.8424951044625857, 0.8768529717536047, 0.8399677165660299, 0.8484961185806061, 0.9354513521373351, 0.7163627531267214, 0.7759022673936273, 0.8004645673730145, 0.7990139487442708, 0.8105058572694762, 0.7767193255888847, 0.8540359187792825, 0.8363849234438652, 0.8998424842319306, 0.8839255058425293, 0.8705078970654406, 0.9588205328032908, 0.8666165163364756, 0.876766313205854, 0.9212361448509329, 0.882165763084963, 0.7925648722917928, 0.8941108828206175, 0.7491421360610551, 0.8869889727172585, 0.8686136791286637, 0.8202798983901671, 0.8257903085548773, 0.891330371078983, 0.915283529009376, 0.8367753315106412, 0.8858264098032336, 0.906268357899475, 0.8829808735976986, 0.8528792783221041, 0.8604372733825272, 0.8659789213956631, 0.8834119636623241, 0.7753680236381926, 0.8044975438079852, 0.8900623058347282, 0.8460534212775643, 0.8411660589825474], [0.9901245288023848, 0.8554568414052285, 0.9153396803271505, 0.8411385214020818, 0.976646971032029, 0.8845460793686188, 0.9717944661278881, 0.8080841356897956, 0.9564245881782284, 0.9446752569104949, 0.9042526197846683, 0.7378333399070485, 0.9716030080289592, 0.925938873948758, 0.5955473622083166, 0.9508705060295022, 0.9279766684165084, 0.9814245776279542, 0.9231781793051913, 0.8277371138430876, 1.0, 0.8600201833432215, 0.7648057238659057, 0.8849858094880103, 0.841419675929604, 0.8512535286175634, 0.6859627890199201, 0.7682795031492027, 0.8193092949229931, 0.6478952489712578, 0.8805999907851335, 0.9774232585120357, 0.9104517897284965, 0.9350923504525385, 0.9272383461931313, 0.7983862295466472, 0.997308661470823, 0.9810347538772478, 0.9437775813697814, 0.995257227961071, 0.8881354572690998, 0.8459743482383133, 0.8649270674902809, 0.8644821163525157, 0.6282948741085019, 0.8254362008658794, 0.9193209703568425, 0.7177936279626186, 0.7321648477182738, 0.8624340346554683, 0.8934229294516476, 0.9620407020202492, 0.9153272718121345, 0.8909715932242099, 0.6629963491743478, 0.794297979816423, 0.9859808624541425, 0.8634376523455783, 0.8762636519807011, 0.991629016114079, 0.6392214964725372, 0.7981469249881421, 0.859723977054866, 0.9019639810031596, 0.966506710413115, 0.8738917267947534, 0.8975371413428935, 0.9521889798335994, 0.8057785844796158, 0.9109900574593308, 0.9401695122505405, 0.9925038651975162, 0.9345793213260829, 0.5925487927608637, 0.9138567281670681, 0.8771430706512484, 0.7282499302875415, 0.8542941345461876, 0.9513178542560908, 0.9353139172811991, 0.8864154612578294, 0.930580760385868, 0.959409962765918, 0.914984278700392, 0.8912832402332667, 0.8770549592288372, 0.9092950112614543, 0.929064056608734, 0.8174678990600588, 0.7903487846641949, 0.8850522397566993, 0.9135707997095533, 0.8881433609032903], [0.8304434440574133, 0.8294989525249846, 0.8492770330982751, 0.8109144513787395, 0.7943093875396207, 0.8443946618120804, 0.8840871294565411, 0.7947286906869769, 0.8762467721992602, 0.8811274649097056, 0.8455827761029983, 0.7045219999440547, 0.8740121507388992, 0.8608237660797772, 0.5703737879302538, 0.861840142078486, 0.7120946725126114, 0.8625152651500201, 0.8507310066001472, 0.784091151410323, 0.8600201833432215, 1.0, 0.7420922008745849, 0.8366415404220909, 0.81548909625427, 0.8385639045312893, 0.7585821760158095, 0.7969309684763285, 0.8202524396666917, 0.725013089099446, 0.8523456720666404, 0.8817071198797108, 0.8664265229468698, 0.8692530576395834, 0.8789028811598883, 0.8290549533395196, 0.8549697135954435, 0.8767993894824935, 0.8672209263950138, 0.8403078547223406, 0.8573322645750995, 0.8563770859404224, 0.8091472114056197, 0.7810730443623415, 0.7225400988889632, 0.8140349333634027, 0.8498210888711684, 0.7816424970929511, 0.7242548764383199, 0.8440595449827757, 0.8169339747344728, 0.8754094476908246, 0.8329910672833702, 0.8248539987560474, 0.6086633772130939, 0.7490280907122102, 0.8152416419289922, 0.8058845230329136, 0.8060827112566521, 0.8351422852495506, 0.7303459479071531, 0.8274904593730487, 0.8427512821074292, 0.8765548486670044, 0.8812312182256018, 0.8558500333307848, 0.8651022449751431, 0.8735966617606895, 0.8351707360656677, 0.8755780914185738, 0.8798378302837248, 0.831393632175652, 0.8734086392905153, 0.7002791734363802, 0.87661