"[[1.0, 0.7818590268552954, 0.2104352147206633, 0.8412482775946711, 0.2570859654107164, 0.35374705771676807, 0.24575377618617944, 0.08031734476544738, 0.40609114644993216, 0.09080589696999541, 0.644764049854019, 0.6101216379307962, 0.14099343816439225, 0.02269496679285188, 0.0, 0.20440923368814623, 0.0, 0.029960439371872316, 0.14022084076459673, 0.1847369058413224, 0.05685756288257415, 0.16822306003954957, 0.13026734366885528, 0.30907817876375254, 0.18285663445746536, 0.011244845599153397, 0.1739502312210901, 0.22685266666438708, 0.14391213427228933, 0.06986384310124505, 0.03521062575246081, 0.4625063032447596, 0.03109695366402143, 0.3457490103192351, 0.14478134061447034, 0.3930927720000237, 0.4838960656409822, 0.3342891440427074, 0.0305191218480112, 0.13484665167624132, 0.3095256497285217, 0.38008468734676426, 0.14697124171904663, 0.3179674692655381, 0.2715590764326621, 0.1698733819776005, 0.5011076505356215, 0.19153344356286994, 0.04151470984467942, 0.14659321447986806, 0.02408296558678691, 0.12349095459857207, 0.15140287875138614, 0.21086472860879768, 0.4721911606200879, 0.008396640888376106, 0.2985842625937237, 0.03157929707925822, 0.009643114329001223, 0.14333731699184704, 0.012957538443821637, 0.553986080063778, 0.5571825469690579, 0.2808740052648715, 0.1863782096979265, 0.1386546079396641, 0.24543664823058742, 0.3022765240281613, 0.16568550437083296, 0.32901839319576087, 0.25907225511944165, 0.1703064755530157, 0.06126012698319583, 0.09949864733811664, 0.10164333889175914, 0.02732523832411826, 0.02608205205065839, 0.3153138278412676, 0.06822847482717054, 0.06426845577665463, 0.19755764802743792, 0.28739687918006507, 0.09272315828727418, 0.06344213670487209, 0.2963933560768004, 0.05418619688512527, 0.1490441276159331, 0.13008502685872925, 0.1753719308709779, 0.11083703445403847, 0.1416908575362199, 0.16293802901963916, 0.028895141154067328], [0.7818590268552954, 1.0, 0.06651582002451828, 0.7910953561376455, 0.2739713777440933, 0.1015121596502977, 0.19413939662565594, 0.0007248239739701123, 0.3061189051937132, 0.027620898063290045, 0.33049300437775964, 0.8572664418474947, 0.04075669951620786, 0.00415629715122523, 0.0, 0.19494166289735315, 0.0, 0.008625992809433436, 0.0428906653816008, 0.0004496229251977901, 0.0026593370402351324, 0.004090967372837762, 0.08687299035863805, 0.03798892143253374, 0.010099097739859175, 0.0, 0.0002692445246513797, 0.0003100601733245778, 0.0009760140824672803, 0.0018539996157899141, 0.013151884194156804, 0.14731836072149884, 0.014634273372380102, 0.2913588706663246, 0.0382256407542777, 0.10175393877005245, 0.3388341212336363, 0.10021631614563409, 0.0017479130382682673, 0.06318155998049158, 0.14571384832086698, 0.10974625482004874, 0.1950821198402043, 0.11918721513148778, 0.014448043975846092, 0.07144155438621491, 0.15828290469098216, 0.00267731616706679, 0.011052065127865718, 0.03291499530881015, 0.0030766398627830593, 0.049630338225658766, 0.0, 0.18608503410418475, 0.09308597089997228, 0.0, 0.3554814994887082, 0.0006706959464535256, 0.0027462958014325967, 0.0, 0.003510293560774591, 0.6091942894733436, 0.36169076551863266, 0.08935360868273823, 0.10546661440642235, 0.04301512660741558, 0.08489590813969383, 0.02409062378534188, 0.03595335006213196, 0.08488867164961422, 0.04560914284040207, 0.04932790720255198, 0.02504584695987988, 0.12927197190288942, 0.031359030755214845, 0.006090656498598523, 0.005543383233375443, 0.26172116085077335, 0.0050704521500754, 0.006140082308962458, 0.022598130938275562, 0.06612054539693335, 0.012822664940310258, 0.010777241380722336, 0.173053640593825, 0.060444743482600316, 0.1314626894073605, 0.04781147784883166, 0.09057481031446002, 0.16212105763243034, 0.10950597452815036, 0.1149279779098662, 0.0008870681462609387], [0.2104352147206633, 0.06651582002451828, 1.0, 0.25111199996755373, 0.0405235083903851, 0.5574023965677437, 0.06748172882393477, 0.492656801481024, 0.7746820191270188, 0.005049448726609396, 0.3641621899625209, 0.28453691589605845, 0.008603418195111567, 0.0020328483492194627, 0.0, 0.7407517033570299, 0.0, 0.06718859460152926, 0.0023854543583993193, 0.0014631051410256557, 0.017612411544142836, 0.0042763152425746576, 0.06227357290765889, 0.07525721129288077, 0.023744761693211824, 0.0, 0.0004980040843047817, 0.09430959103179837, 0.014879387239001174, 0.0034779057444488393, 0.033735131635017734, 0.3670269872601266, 0.007265099736376235, 0.11451906356721953, 0.007640696575831218, 0.21212960080086096, 0.14915487583867837, 0.2441174239515942, 0.005058159825489628, 0.017315956910082142, 0.0, 0.23387650709539487, 0.003512899814842152, 0.17288842447686226, 2.599067295827595e-06, 0.011402303934717084, 0.3681592351466949, 0.031604850424245434, 0.025133441980253468, 0.0796283786696983, 0.03909252530128782, 0.19455597587201623, 0.03392447726424863, 0.02706578076693056, 0.4380971202180053, 0.05272149348615718, 0.07960170863853633, 0.014941705590797438, 0.00437753564365817, 0.0010185051574419512, 0.006613861872364568, 0.0399985385188073, 0.16280095053796595, 0.14813786213875657, 0.030212150761918966, 0.43154855328518416, 0.1217672201846065, 0.092672824425035, 0.019242707924841063, 0.1778537098005225, 0.03861525562934265, 0.07429293907361634, 0.06599220010662177, 0.015978490814108515, 0.027224534608549344, 0.019033923333959923, 0.10965486913940281, 0.045836630136357304, 0.12609496070376636, 0.048050532476555, 0.051691797194754585, 0.23249015268158257, 0.020914776845211258, 0.10800397504934967, 0.17244633987065439, 0.08303263641773895, 0.025142098616434683, 0.13016723164621802, 0.01374823789373758, 0.017462644843960762, 0.008147964211246639, 0.14339358372813948, 0.22378343861149985], [0.8412482775946711, 0.7910953561376455, 0.25111199996755373, 1.0, 0.1536567042546223, 0.44113061148117105, 0.11829834066769274, 0.04066486315165241, 0.3114808990571283, 0.1787903840370857, 0.7298891110555494, 0.6816677872136123, 0.13532315317425003, 0.10644978490757417, 0.07376645711021868, 0.1526249455213181, 0.11965494887198502, 0.005368240811802538, 0.03593636210792728, 0.003880407098524108, 0.11116754697072562, 0.0, 0.03794287101253746, 0.1461513081796033, 0.003095757373716923, 0.00042470864442112344, 0.0, 0.10506886835688023, 0.08047081708612769, 0.002010642645336791, 0.09410823551854519, 0.4918778215153955, 0.23400109121740753, 0.4203070047865234, 0.16690732618656734, 0.3480696552026581, 0.4727898456993709, 0.3952175972314764, 0.15105806645970954, 0.023948309437536563, 0.1286431372538568, 0.43038263594779225, 0.16923793723906455, 0.3289182516627366, 0.08979316917202562, 0.05138080217842245, 0.5954378835213276, 0.057055391155179325, 0.16469992583051674, 0.1375139998287993, 0.011967476917495445, 0.14975047152971, 0.0028905823826761434, 0.2584362469960395, 0.41023017470166545, 0.06944116166027658, 0.3095303518515857, 0.0020619199094301655, 0.001320215849553219, 0.0015808651224408221, 0.03722936837838775, 0.49612119004350297, 0.4467737510199983, 0.26039077702757973, 0.13660118548651856, 0.15154169986015031, 0.19211043366706493, 0.1378530941306344, 0.04631376374378171, 0.3615403658726386, 0.05387214746219804, 0.19605155649096906, 0.02609311940145631, 0.07560202045632947, 0.01758975136381291, 0.0369534367745894, 0.022272461232800245, 0.20748077674121612, 0.009944727760899164, 0.013381475116527541, 0.032503392777863405, 0.33115149758012397, 0.20035146831148798, 0.04614432385280787, 0.23270692713748153, 0.06722570593625798, 0.026945645665432005, 0.05123641738300455, 0.0012464633886113408, 0.03852159574036296, 0.12615322137717921, 0.19152817283918755, 0.10070976473260651], [0.2570859654107164, 0.2739713777440933, 0.0405235083903851, 0.1536567042546223, 1.0, 0.02178487463492984, 0.8158980275671949, 0.0024645776315747048, 0.2449255970767792, 0.4103484218378448, 0.11037687250416817, 0.19015056227491578, 0.6025243184795865, 0.060501161123591496, 0.0, 0.344954545742268, 0.008149537438017274, 0.29592831138548803, 0.009587961406179457, 0.006663743434041192, 0.1860545377719045, 0.05904753149537878, 0.4492449254962637, 0.09988101689716844, 0.121173911908393, 0.0, 0.003783309452321193, 0.01263420625305367, 0.0, 0.026421457357369782, 0.18884505386971628, 0.3511568855303677, 0.019287676789857322, 0.15684330902536536, 0.16225805295183204, 0.3922061053176682, 0.09030254905198354, 0.12251404087150797, 0.0257682165126919, 0.593200556147639, 0.2478660510289068, 0.19513577410930294, 0.04351237011032805, 0.4695263504185859, 0.017898569224260252, 0.0, 0.0, 0.035406749682257876, 0.0, 0.0, 0.0, 0.2062015235290484, 0.0, 0.11374450069688247, 0.002038860461125558, 0.0, 0.08514975332052899, 0.00976298903685513, 0.012591727071145753, 8.878635083864328e-05, 0.050245142412824295, 0.13627044624354445, 0.1509226123238291, 0.21241529785095736, 0.6253378102536425, 0.15355947832738082, 0.6255117939972425, 0.12400436144665983, 0.500987989235325, 0.23795523976499255, 0.6434567950949266, 0.3573586751329271, 0.32799155356678567, 0.016893534785256903, 0.3607091630210377, 0.0006786319358694781, 0.039500694078231535, 0.2676219698419491, 0.08120203828188655, 0.0893781401017335, 0.10586523222340805, 0.04012818683964925, 0.18665318897106198, 0.0641342765681463, 0.03726328965172099, 0.1258414154981603, 0.023305880209003704, 0.09754871831563006, 0.016088906076975773, 0.059461476233677035, 0.0, 0.0, 0.04373101428004622], [0.35374705771676807, 0.1015121596502977, 0.5574023965677437, 0.44113061148117105, 0.02178487463492984, 1.0, 0.021652276633338907, 0.19637158536195642, 0.42095272547519647, 0.08053709816265098, 0.6058729557354571, 0.12791418447505487, 0.29950136739956235, 0.02441385765632831, 0.0, 0.27517604723230127, 0.0, 0.1468576213863212, 0.01917898657051542, 8.446475554768629e-05, 0.15634241160231765, 0.0, 0.020069001430640165, 0.1316625971104044, 0.031699889472945886, 0.6342405337424893, 0.0, 0.0639164471169178, 0.06396751219209806, 0.03338871519767206, 0.004774860092241151, 0.5078790597802871, 0.2056207940746878, 0.1750472255256973, 0.19424822080831794, 0.358612617709107, 0.29786626055661447, 0.3848676540322138, 0.2205992671544328, 0.010381655332827089, 0.04489442871757576, 0.47584410173240843, 0.02579837660334172, 0.2936662367243219, 0.0038173070077419657, 0.01817504477153431, 0.5868384688003023, 0.0, 0.23869938219071407, 0.13280028109421282, 0.021826209262121643, 0.14500729103531962, 0.031861256527753734, 0.1814114045928239, 0.44065939831168777, 0.00493269035552657, 0.01825782850738278, 0.0, 0.001032554505604022, 0.13900141071291172, 0.0140825221473454, 0.03557953043119333, 0.3256167816442882, 0.3710206894437589, 0.09083774319689875, 0.26335495014900867, 0.5989223765915137, 0.18948122733745254, 0.0046898265452804955, 0.5008389574872233, 0.057056246032997415, 0.5569428351136133, 0.004463259458721169, 0.19016593135172344, 0.14024472612091454, 0.009426748504608451, 0.4019760814828246, 0.07455632049514427, 0.2391385660588704, 0.012557729627562297, 0.06464146418190175, 0.29474869610288956, 0.07867480760821888, 0.021345974870835893, 0.22660287072300245, 0.1009805272810741, 0.02335171482961651, 0.06992423404846027, 0.011288995421128156, 0.029746783728816117, 0.10568554573148625, 0.1307203797118236, 0.147298803475995], [0.24575377618617944, 0.19413939662565594, 0.06748172882393477, 0.11829834066769274, 0.8158980275671949, 0.021652276633338907, 1.0, 0.17219784515473113, 0.3185337799258321, 0.4365462835161975, 0.04186542171715901, 0.16676674534228275, 0.7223934836653637, 0.07953409545510959, 0.0777879618219226, 0.47701633632702733, 0.08965423045726584, 0.17641025369148622, 0.0071633298448258165, 0.003539983538263236, 0.018325194811347423, 0.039913788450660515, 0.09473268208373564, 0.12928400416112573, 0.14634120246536353, 0.0029932992514831724, 0.0006065423204759668, 0.09466880933391719, 0.05087417027017205, 0.03935438974212346, 0.09484964835649956, 0.4909268148442012, 0.08823761525646345, 0.20070527804952476, 0.26776761910375035, 0.40559765912443324, 0.08380343312754723, 0.13705406421235422, 0.014290818483175705, 0.7579222611410713, 0.280943088893991, 0.28468979521656057, 0.15933827583083082, 0.5579694990753035, 0.025010279709759664, 0.026191888390081686, 0.02161806639074637, 0.03754880301152208, 0.06340860114175406, 0.15380756655713623, 0.01070503268889389, 0.41532092663409337, 0.1154355682173438, 0.16748104179248258, 0.12615906316106262, 0.0012776414200249553, 0.15494320502504633, 0.17509421894098764, 0.0028775643072347368, 0.0009767513825283958, 0.17502700057984044, 0.13696397287735484, 0.13896462087718175, 0.2825148452690224, 0.7016685837452613, 0.10384062842803654, 0.5709441773940274, 0.0640354193838446, 0.656239760335894, 0.3497067482493692, 0.6887553002666412, 0.448686767762408, 0.29422026290329717, 0.011267325774425574, 0.5086192989520296, 0.04234993017194333, 0.06820647312558803, 0.2600327603334961, 0.2058457116371908, 0.22319762570087442, 0.2855780960362049, 0.003738513084256434, 0.22808821584049255, 0.01875832171837033, 0.008892040211021635, 0.16446692312939326, 0.022027010668128733, 0.12196257412364275, 0.07643697886610024, 0.12800526746276075, 0.032469443137789655, 0.07978910875384038, 0.05434110504638057], [0.08031734476544738, 0.0007248239739701123, 0.492656801481024, 0.04066486315165241, 0.0024645776315747048, 0.19637158536195642, 0.17219784515473113, 1.0, 0.43712139445687026, 0.092570659949337, 0.05630160792863903, 0.2299719576134832, 0.13095227165568102, 0.049099473241726255, 0.0, 0.47339110004877816, 0.3024193275163791, 0.10346925082048797, 0.0655383363066343, 0.05928258559477961, 0.0, 3.5545710948770015e-05, 0.08111739872010526, 0.3762783361004165, 0.09526406419114619, 0.027840278128596463, 0.3706861109519939, 0.49366536371210734, 0.40561150182564754, 0.09381426361926015, 0.3164060916770155, 0.3330180137536336, 0.2831304328273003, 0.601604792437728, 0.2788136841976786, 0.0009170012611215972, 0.21363813168781154, 0.3547344260951222, 0.03748274940099783, 0.27212089130540296, 0.0, 0.36519061647397355, 0.341112267559327, 0.062231883747363326, 0.015112176328007987, 0.1457070295423245, 0.021413679596413604, 0.17303976863732362, 0.17239029822945873, 0.39639437788129217, 0.0029219522273107312, 0.17251704988818561, 0.002312898124785079, 0.2209419086108808, 0.2906303310352545, 0.0017996232081259889, 0.018443129460418373, 0.22996246446308533, 0.022089530252727085, 0.003946819865502937, 0.02755504709219514, 0.043205760306649243, 0.08220504933938888, 0.5165436258535606, 0.22505649308023046, 0.5786302024953461, 0.09614356810361946, 0.216499489568578, 0.5218018639944011, 0.37001328752868656, 0.09571084682432474, 0.12499986194217305, 0.4523024570474623, 0.17496415193629977, 0.28890885599522176, 0.273908623268982, 0.2502706271903068, 0.1296050042702942, 0.48450224683359, 0.5134937667147755, 0.39637798134328883, 0.007220369828799367, 0.029753939524640893, 0.08745659068055855, 0.09745633438941259, 0.08919195828879145, 0.06643356429298164, 0.04058533278438814, 0.06849623293744789, 0.287505488720466, 0.0008956830423264561, 0.16277099019721009, 0.13432499117647023], [0.40609114644993216, 0.3061189051937132, 0.7746820191270188, 0.3114808990571283, 0.2449255970767792, 0.42095272547519647, 0.3185337799258321, 0.43712139445687026, 1.0, 0.12280760987973505, 0.3001613909517198, 0.39064326679147987, 0.2162655708989356, 0.11291980571660776, 0.0, 0.7294531984206092, 0.009173915949443723, 0.1071006927556053, 0.008312620905119528, 0.2521898122936801, 0.0, 0.009788324561473938, 0.22060998126707254, 0.1402713462571239, 0.06506652505829291, 0.0, 0.04826365178589975, 0.10447652229304794, 0.03739218056362259, 0.0, 0.08200240614539545, 0.36437908275585706, 0.005643014643107125, 0.11475650155923878, 0.06936492710995734, 0.22908941958304962, 0.17258444291662567, 0.16328572490688353, 0.002104712142197429, 0.26734847674568774, 0.0978940738558165, 0.21063875204105376, 0.04359972599026063, 0.3315509649956463, 0.010290936648653881, 0.21596520009043485, 0.26849206495303446, 0.0, 0.03248559499896675, 0.05432248354686264, 0.0050776467308478734, 0.2897912043051647, 0.0029122346813289512, 0.05838792041317975, 0.30908973893538905, 0.0025377516667755007, 0.06875804763248428, 0.02164054955429362, 0.010873979116553856, 0.0011346079315964763, 0.0035765951136945695, 0.11816737775491315, 0.27417257433894426, 0.23367028325816208, 0.23139100070830365, 0.35240810538940204, 0.2225906060948345, 0.0843525347516545, 0.16293268345569467, 0.2392544321096457, 0.1879538153688225, 0.16444186491813584, 0.050748437534962165, 0.19070322727195832, 0.12410400055028714, 0.03163947660274391, 0.11772095918882197, 0.09550377281666911, 0.08903114269065937, 0.06665005382012057, 0.11389822385904336, 0.10643577953547478, 0.14458130583906914, 0.055185261346502035, 0.4667325328082277, 0.20681952985975482, 0.42693674292248796, 0.1447420558315271, 0.28143168103323446, 0.35962624775999463, 0.3416885494484121, 0.3373255930550193, 0.12390476496735481], [0.09080589696999541, 0.027620898063290045, 0.005049448726609396, 0.1787903840370857, 0.4103484218378448, 0.08053709816265098, 0.4365462835161975, 0.092570659949337, 0.12280760987973505, 1.0, 0.06035609461057512, 0.237234147848713, 0.6972730857038006, 0.034581235101174945, 0.0, 0.1947411563177972, 0.030928464154593716, 0.1848019389117156, 0.002382582518578369, 0.004357550994206649, 0.5033004165253075, 0.02050717098504673, 0.07870047040608252, 0.2124637181144109, 0.07819798529842104, 0.0, 0.12015516839161788, 0.3615825008162814, 0.40868050166951175, 0.13794763828897294, 0.06655450845864574, 0.22482721968738328, 0.5615096828929524, 0.31494955710873507, 0.1508553334691981, 0.24471514100907088, 0.019154058227000448, 0.07930674707475271, 0.009545398223688606, 0.33904836148960693, 0.15201564260768885, 0.1474095914101876, 0.009937722829887363, 0.403615307004474, 0.00852833364040917, 0.0, 0.021441308146093685, 0.01565073775318282, 0.037453003366024196, 0.0016042452219986458, 0.0, 0.5623472850240174, 0.0, 0.12387429458026922, 0.044764630781578996, 0.005477478023030891, 0.030896705900988475, 0.06793721860851942, 0.00744872846155864, 0.0003369547646374649, 0.20837294640645065, 0.1818799273995957, 0.15221638519235026, 0.07689945924827446, 0.5408688837401449, 0.1702878841212252, 0.43160378295356094, 0.11590152900170869, 0.39726905877786045, 0.25858529511818273, 0.3847325487209662, 0.4904677978480485, 0.24915467049444473, 0.1780452119341076, 0.3717481088378979, 0.20108746655648102, 0.19232745163172593, 0.22875892356224325, 0.05895592584311482, 0.07140168200812747, 0.17898858809359952, 0.3364557209331932, 0.8550059295034824, 0.19990992968721943, 0.035076125939427216, 0.15358754501652516, 0.11495698900184959, 0.09452376895046455, 0.02414601303238051, 0.010633288536717855, 0.4991396442681233, 0.2115848295206324, 0.4730839984775488], [0.644764049854019, 0.33049300437775964, 0.3641621899625209, 0.7298891110555494, 0.11037687250416817, 0.6058729557354571, 0.04186542171715901, 0.05630160792863903, 0.3001613909517198, 0.06035609461057512, 1.0, 0.1624906924104199, 0.11443725968343688, 0.14178450627185668, 0.07850926689364468, 0.05465430261028792, 0.003302459003145297, 0.26417295788406703, 0.008159853861818833, 0.0032063826238948323, 0.22543983728874195, 0.004338488293906262, 0.0894361788234792, 0.31381512953320445, 0.013433284601600093, 0.0004633905526530979, 0.13313015889167978, 0.10823860313663591, 0.09033955318311149, 0.08653541655836294, 0.13542412288985117, 0.7116755629446171, 0.015322774048674659, 0.3187834758879503, 0.039400079611274896, 0.46884934709358483, 0.4451921511143979, 0.5253570138543933, 0.005700763688043287, 7.666355639868172e-06, 0.04278799662089183, 0.5760295103688926, 0.048237330682267876, 0.4256211902082824, 0.006668560915940813, 0.02670288738753146, 0.8621866820151431, 0.003757332013761161, 0.06630617429330998, 0.18680229805353787, 0.021355226671174954, 0.07726161689292832, 0.04733459498183601, 0.042306050896849356, 0.5517399495825882, 0.004512141155840643, 0.07769399718798276, 0.020064044993907015, 0.007985635381930867, 3.597913205677372e-05, 0.013670370225166484, 0.16722138285290467, 0.5868260806204432, 0.3714588179764071, 0.217656278043042, 0.2211357255723736, 0.2675342174740949, 0.09691522289303933, 0.03809005002715049, 0.4291576843976732, 0.016634688612563786, 0.15113021602207688, 0.025860970703947217, 0.0451766447841464, 0.046217478662074374, 0.014124840637649072, 0.03887623776758409, 0.11897841455922376, 0.029795184729066837, 0.04041144662649632, 0.02521619725167712, 0.3920004312538319, 0.0, 0.03449859010958467, 0.338564911347061, 0.048058548950561275, 0.007302809695333812, 0.10402164682461235, 0.02543827489575956, 0.012668063891075443, 0.01847485012885408, 0.19922869122584608, 0.07358935714585746], [0.6101216379307962, 0.8572664418474947, 0.28453691589605845, 0.6816677872136123, 0.19015056227491578, 0.12791418447505487, 0.16676674534228275, 0.2299719576134832, 0.39064326679147987, 0.237234147848713, 0.1624906924104199, 1.0, 0.11259580382565004, 0.0, 0.0, 0.41853221449596667, 0.0, 0.038677808680995795, 0.03950199698133117, 0.004074676650558273, 0.13401660648885627, 0.0024902599768676925, 0.015875623839974984, 0.0158447701238158, 0.007372408639907291, 0.000876888695487521, 0.0, 0.13963975903557224, 0.23264968132772035, 0.028613882089296605, 0.07984460094522394, 0.06646124411324827, 0.24722809650269018, 0.37209164938547956, 0.07746812858229335, 0.06424323718276215, 0.26903719248892266, 0.05346705973730226, 0.0, 0.01685118045939571, 0.11819339877510582, 0.022900318462839797, 0.2656113296784077, 0.0644909699985644, 0.01598421089519786, 0.009022958278732784, 0.0018523193354049727, 0.010088612099045324, 0.0381938636447926, 0.11069760843043952, 0.18959046988279749, 0.1996630219695359, 0.009313282233212372, 0.21059327515665416, 0.06851389364123828, 0.0007678244830573444, 0.32912365034915303, 0.0920730318885058, 0.0009215312656432051, 0.006737628234749549, 0.0504431756789685, 0.6421387985181344, 0.23668703738572672, 0.07325423519677687, 0.12416285194615606, 0.13763412907887407, 0.030587050018231365, 0.012563665059020956, 0.08739018651880737, 0.049719851748446287, 0.0032153957416958256, 0.08213884484562528, 0.0777162960577632, 0.06888616581219242, 0.009123405311184274, 0.01866580691889419, 0.03646864704075514, 0.2225756465233113, 0.08773041915362834, 0.04146258318969098, 0.081101240542793, 0.10879219367937454, 0.2562029277794271, 0.05528977230015464, 0.055082651409979144, 0.02826406356188471, 0.035836170243789045, 0.039968686361138595, 0.018857376238711865, 0.15702871882853842, 0.1663754070621758, 0.0977125506873251, 0.19647765343852486], [0.14099343816439225, 0.04075669951620786, 0.008603418195111567, 0.13532315317425003, 0.6025243184795865, 0.29950136739956235, 0.7223934836653637, 0.13095227165568102, 0.2162655708989356, 0.6972730857038006, 0.11443725968343688, 0.11259580382565004, 1.0, 0.31272818874668085, 0.0, 0.34361107815259573, 0.23293201689652498, 0.33774521687519166, 0.036586731516083715, 0.010193644894933684, 0.34830239815446273, 0.027037866486524287, 0.009135589961204449, 0.1559514261861863, 0.14530814053499563, 0.3727840243218491, 0.0024354829033905734, 0.2554524141814346, 0.1932390979055889, 0.14254141737611525, 0.25024381160222386, 0.36149831187548753, 0.2701900832048647, 0.22291209668772494, 0.20243448659312213, 0.35857947736591655, 0.04128416123255918, 0.09217422881728288, 0.02141343008707075, 0.5451612379919307, 0.22361805497467457, 0.2618549530238621, 0.08423214074330088, 0.5342861885291645, 0.023165481229999396, 0.0002932129979990039, 0.016812284610460804, 0.007518763959053043, 0.04702458770644413, 0.0652414771495834, 0.019269021810611187, 0.4044248203513914, 0.16881803577141696, 0.12201934838428508, 0.1748092157101292, 0.008573249501898417, 0.020864953148644116, 0.03398534328586866, 0.0028754250207843057, 0.012023669146320803, 0.06646361269143974, 0.17617540514477115, 0.2044065192976, 0.2943623930335414, 0.7505265151081867, 0.14476237143742177, 0.7181867361364271, 0.08483734093490014, 0.5331421376495054, 0.4962789252569315, 0.5646214925603708, 0.7884286017460914, 0.2509280266569358, 0.23485640478948744, 0.47962569250630227, 0.10536835353760954, 0.3523612968509884, 0.24218022358436897, 0.19203802769737977, 0.15440920506414968, 0.22679234901623768, 0.1706007456469404, 0.5060171567441138, 0.07628300143261324, 0.0032777368410296104, 0.17778361807873144, 0.07309863624078572, 0.11821078081819514, 0.03053741455386705, 0.052200933450590736, 0.2841953867103091, 0.1643906315945871, 0.2539801123236316], [0.02269496679285188, 0.00415629715122523, 0.0020328483492194627, 0.10644978490757417, 0.060501161123591496, 0.02441385765632831, 0.07953409545510959, 0.049099473241726255, 0.11291980571660776, 0.034581235101174945, 0.14178450627185668, 0.0, 0.31272818874668085, 1.0, 0.0, 0.13360561839462948, 0.0, 0.07024922690540325, 0.024055328708399437, 0.0056589547863235, 2.1111252157535176e-06, 0.002895645786708756, 0.04577403411904646, 0.12437712892963959, 0.03511307163197008, 0.0, 0.0, 0.012993043255494552, 0.09654029197161285, 0.0, 0.8107027366188078, 0.03647168921415389, 0.06311155701691229, 0.011161910548397325, 0.10154622704522565, 0.06775704611960143, 0.011318426536757964, 0.003239909205722924, 0.10617870100570115, 0.058384556438839996, 0.021542866200661703, 0.07373767115758234, 0.0779058103208996, 0.2120974212452572, 0.030467844672305677, 0.0, 3.2999474416373076e-06, 0.0013928987028073436, 0.1427456945408736, 0.0005270429366310836, 0.005763608273694598, 0.03369445865459075, 0.09284657737111779, 0.07293877736427645, 0.042158032767060316, 0.007329771036281185, 1.6502636962956174e-05, 0.0009821389832148641, 0.004384605644429218, 0.0002227411990266548, 6.845249809717124e-05, 0.018438001958548944, 0.028655869143036083, 0.32766241613472624, 0.2806668791844732, 0.30148090203329214, 0.0638181628809914, 0.05490015136140103, 0.19206103039740063, 0.24772408250482503, 0.09723129543196396, 0.07458120249076805, 0.01851479826055391, 0.21546290114795252, 0.04328071631725161, 1.6520219621174448e-06, 0.21179687734593744, 0.07322813346652568, 0.045927113374484296, 0.12691212747828062, 0.04343093600877923, 0.002766680222108131, 0.022382187630568984, 1.4083661347141785e-06, 0.011277132228235898, 0.12699895344694723, 0.012182494858876791, 0.00960103390162348, 8.743381693765429e-06, 2.953991651177823e-06, 0.015573629357138907, 0.23038288200734447, 0.05527034781908968], [0.0, 0.0, 0.0, 0.07376645711021868, 0.0, 0.0, 0.0777879618219226, 0.0, 0.0, 0.0, 0.07850926689364468, 0.0, 0.0, 0.0, 1.0, 0.015706999196055227, 0.0, 0.0, 0.0, 0.0, 0.0, 0.0, 0.29194080814243284, 0.0, 0.0, 0.005757476515193094, 0.0, 0.0, 0.0, 0.0, 0.0, 0.0, 0.0, 0.05314246243387655, 0.0, 0.0, 0.0, 0.0, 0.0, 0.0, 0.0, 0.0, 0.0, 0.03301279096152354, 0.0, 0.0, 0.0, 0.0, 0.009461116947411141, 0.0, 0.0, 0.0, 0.0, 0.0, 0.0, 0.0, 0.01766647868821425, 0.0, 0.0, 0.0, 0.0, 0.0, 0.028731290474097837, 0.04047558823616393, 0.036937921593660494, 0.0, 0.0, 0.0, 0.0, 0.0, 0.0, 0.0, 0.0, 0.0, 0.0, 0.0, 0.0, 0.2783946442917442, 0.0, 0.039331665354573664, 0.0, 0.0, 0.0, 0.004144214280436986, 0.03751182546230236, 0.0, 0.0, 0.0, 0.0, 0.0, 0.04555687605365566, 0.0, 0.0], [0.20440923368814623, 0.19494166289735315, 0.7407517033570299, 0.1526249455213181, 0.344954545742268, 0.27517604723230127, 0.47701633632702733, 0.47339110004877816, 0.7294531984206092, 0.1947411563177972, 0.05465430261028792, 0.41853221449596667, 0.34361107815259573, 0.13360561839462948, 0.015706999196055227, 1.0, 0.0, 0.13985644555636245, 0.053393451533120584, 0.0005382343238071741, 0.016384625468152114, 0.025492131423593856, 0.012742885325180975, 0.061220314322898095, 0.08210908981399956, 0.023992006693760892, 0.0, 0.14426333224804389, 0.04795965371920685, 0.02147053236988017, 0.10004136685386211, 0.2583376609906045, 0.05040241296983328, 0.16105780952114224, 0.11368326714292909, 0.20492265691907052, 0.15746406265139856, 0.07454502929944373, 0.0007419588551673684, 0.35456322211601843, 0.13307009400053826, 0.16988513762913382, 0.15656040913520508, 0.25437521241517724, 0.020487286249024184, 0.048617392896273426, 0.10288003113272892, 0.01475904097889058, 0.06152342260903887, 0.09225221478091883, 0.01546680763152164, 0.376256702492765, 0.16970275537952006, 0.2793905779811209, 0.2893727765660026, 0.17415922140496198, 0.17456575284426235, 0.09276932590596731, 0.3282112637033605, 0.012347566469746885, 0.004172982670348047, 0.19074715877920945, 0.11782574939654855, 0.15504066128318794, 0.3869388789543511, 0.3350165021016007, 0.2345423443423167, 0.10608924105258821, 0.2950272268436628, 0.17911028426702957, 0.3139921190478747, 0.20389845503783788, 0.15146139117792923, 0.04170997951977162, 0.27403820187017014, 0.10500066654282758, 0.1265925074204799, 0.18341038507579877, 0.13585884999653164, 0.12158620544743093, 0.2126407541978601, 0.04480800496160631, 0.14586706943774952, 0.055989478814558735, 0.036888222308949725, 0.10202742842549528, 0.03992052939592694, 0.09095360668286245, 0.03361531619649227, 0.07240740179092842, 0.056530030159316014, 0.09192534728454282, 0.17535682291663846], [0.0, 0.0, 0.0, 0.11965494887198502, 0.008149537438017274, 0.0, 0.08965423045726584, 0.3024193275163791, 0.009173915949443723, 0.030928464154593716, 0.003302459003145297, 0.0, 0.23293201689652498, 0.0, 0.0, 0.0, 1.0, 0.0, 0.009125458797707653, 0.027976377764609484, 0.0, 0.0, 0.0, 0.032509164856032946, 0.0, 0.0, 0.0, 0.34972362059615736, 0.0, 0.0, 0.07282352837519235, 0.0018596904588592533, 0.0, 0.1300051772393621, 0.0, 0.0, 0.0, 0.09894527101112915, 0.0919299560978053, 0.0, 0.0, 0.08289168129412028, 0.03397285964181429, 0.0, 0.0, 0.0, 0.0, 0.0, 0.0, 0.0, 0.0, 0.0, 0.0, 0.0, 0.2501811270434089, 0.0, 0.060626481867038784, 0.0, 0.007582839695153609, 0.010894649115236188, 0.0, 0.14048071159885, 0.0, 0.0, 0.0, 0.0, 0.0, 0.0, 0.0, 0.24463367789058377, 0.0, 0.269837112433547, 0.12661323394288593, 0.0, 0.0, 0.08327244840961001, 0.02136988926800476, 0.0, 0.05878592899279789, 0.0, 0.0, 0.0, 0.0, 0.0, 0.0, 0.0, 0.0, 0.0, 0.00780956961435153, 0.0, 0.0, 0.0, 0.0], [0.029960439371872316, 0.008625992809433436, 0.06718859460152926, 0.005368240811802538, 0.29592831138548803, 0.1468576213863212, 0.17641025369148622, 0.10346925082048797, 0.1071006927556053, 0.1848019389117156, 0.26417295788406703, 0.038677808680995795, 0.33774521687519166, 0.07024922690540325, 0.0, 0.13985644555636245, 0.0, 1.0, 0.03611054527845203, 0.022010996163876806, 0.8201525918477177, 0.0060096328116128195, 0.005092842335807757, 0.03529816738440561, 0.061333675338371973, 0.0, 0.0, 0.09130893088630454, 0.05165774505627296, 0.03177506629975191, 0.07272097083816709, 0.14681734186601347, 0.04895824890288625, 0.17082784130205053, 0.07739036088248663, 0.06493632705109997, 0.1701841255239499, 0.03464728014480034, 0.0, 0.12117150090554085, 0.0447101355317463, 0.18918470387379305, 0.113233699206017, 0.11900757165300913, 0.009434375019424235, 0.0, 0.0022734056727795604, 0.0, 0.050555969073077356, 0.13586241106416086, 0.0, 0.05498782253054513, 0.0017891557237775801, 0.037282798999644706, 0.015480604563315792, 0.0006120874924636643, 0.032177728109206716, 0.0035804706259061625, 0.00047744380241454554, 8.923224227874726e-05, 5.9464387316188194e-05, 0.0, 0.5147251220735685, 0.10952308225136254, 0.6146127416789188, 0.06399446186489388, 0.21056351775104032, 0.01761549855082145, 0.16862122581993588, 0.191704122122051, 0.12824186287434047, 0.08005641055629686, 0.10453250643142975, 0.012558586289785678, 0.12903847642959732, 0.02519969463505245, 0.03610204723714505, 0.11053041540189812, 0.14824435426980553, 0.027112322672337652, 0.12351831516180278, 0.09730906408799944, 0.049761039299590304, 0.0021396480893040026, 0.0, 0.17255410360454704, 0.0206601025840375, 0.02478492080760819, 0.11095049479554131, 0.07703643971650687, 0.0, 0.026816479098263346, 0.2574835766436253], [0.14022084076459673, 0.0428906653816008, 0.0023854543583993193, 0.03593636210792728, 0.009587961406179457, 0.01917898657051542, 0.0071633298448258165, 0.0655383363066343, 0.008312620905119528, 0.002382582518578369, 0.008159853861818833, 0.03950199698133117, 0.036586731516083715, 0.024055328708399437, 0.0, 0.053393451533120584, 0.009125458797707653, 0.03611054527845203, 1.0, 0.00025529728260009765, 0.0011865123904937214, 0.0, 0.0006909142994698803, 0.23460508117389, 0.9471219355607641, 0.008384403871473545, 0.0, 0.003949797521516585, 0.0008562597637427061, 2.41193334984402e-05, 0.0007731333467021484, 0.0023312228163656634, 0.002182026253704006, 0.026300224287735485, 0.001091518502362776, 0.007227651525320011, 0.0479957151732161, 0.011544900429058313, 0.0008389030266455766, 0.016194514619728206, 0.005913439824207001, 0.16635960441621722, 0.020105423141875023, 0.0004378623935855641, 0.002256666044942901, 0.017098487243016214, 0.035647793525799165, 0.0, 0.008985623066184556, 0.0, 0.0, 0.032090347595916224, 0.0, 0.06787322077443747, 0.0049915443107168, 0.047181133254020846, 0.04052954539253806, 0.030278020050896304, 0.11451397776171934, 0.004441994346451761, 0.002064676294247114, 0.034086995667830244, 0.011841901216610995, 0.007077929770158642, 0.01739870811751154, 0.12550681463654645, 0.00020023298758609087, 0.340157365777102, 0.00014905874117498996, 0.10724652022727565, 0.44838327351013874, 0.15359246014045957, 0.23989667280142657, 0.0034465054772292447, 0.06129220400953961, 0.02888751831174008, 0.00019501004402677768, 0.012453973556631248, 0.553851281904962, 0.0, 0.546548237097793, 0.11414730572994503, 0.008556083359746891, 0.0034704542499367497, 0.007206032721462252, 0.00015006618582269482, 0.43505389596884636, 0.0, 0.0018807657307254866, 0.005511995380768742, 0.0014730001536722437, 0.005413497345422069, 0.001145671155338035], [0.1847369058413224, 0.0004496229251977901, 0.0014631051410256557, 0.003880407098524108, 0.006663743434041192, 8.446475554768629e-05, 0.003539983538263236, 0.05928258559477961, 0.2521898122936801, 0.004357550994206649, 0.0032063826238948323, 0.004074676650558273, 0.010193644894933684, 0.0056589547863235, 0.0, 0.0005382343238071741, 0.027976377764609484, 0.022010996163876806, 0.00025529728260009765, 1.0, 0.0008751727966866962, 0.0008990703661909683, 0.1489393205592675, 0.0016845778222794872, 0.0002552016867520823, 0.0, 0.0005246152888862543, 0.009784000123005065, 0.011822525858211641, 0.02067718457919443, 0.014786042821579692, 0.0010066155243788621, 0.00042897568704181044, 0.005255549234375989, 0.004139735406684664, 0.017408610211628872, 0.06893749988329834, 0.004781161874207074, 0.0030948935161955182, 5.832738692779227e-05, 0.004546177059162382, 0.0023190089894279398, 0.0013097043721200796, 0.0015030689490876936, 0.00019116752590553343, 0.0, 0.0, 0.0007401830787595598, 0.04318577384924238, 0.00017914542898866959, 0.021295229548246697, 0.00022099202979819488, 0.0012236949669409691, 0.0002657753731554191, 0.0070749115187577205, 0.0008692582924332282, 0.0026294394910287844, 0.08658350437686113, 0.0004994496447429109, 0.005857354699600026, 0.001050381764425845, 0.018883125926609123, 0.003205981727179119, 0.06850576708130429, 0.05531476049301254, 0.004984862029464687, 0.004997849541355626, 0.17803159643052102, 0.002163796818188124, 0.09141760655473496, 0.0020812969052272923, 0.009415779905111443, 0.036204330260326434, 0.0012466669569701772, 0.0, 0.10778508658078301, 0.00212141374490582, 0.002032581394029398, 0.0032492901738482294, 0.003852745515296574, 0.004498212140412794, 0.0005016386946404827, 0.32748816819319837, 0.09984640881352713, 0.006966002054661025, 0.00045734596838220565, 0.00014251626144157203, 0.009038119150788892, 0.0002184834697100957, 0.007428824933678135, 0.001073162966932939, 0.0026073479198829297, 0.0024385527443081534], [0.05685756288257415, 0.0026593370402351324, 0.017612411544142836, 0.11116754697072562, 0.1860545377719045, 0.15634241160231765, 0.018325194811347423, 0.0, 0.0, 0.5033004165253075, 0.22543983728874195, 0.13401660648885627, 0.34830239815446273, 2.1111252157535176e-06, 0.0, 0.016384625468152114, 0.0, 0.8201525918477177, 0.0011865123904937214, 0.0008751727966866962, 1.0, 0.0036632554911618653, 0.055547076682292196, 0.030848769419963618, 0.0019602229445948582, 0.0, 0.0004677888793708229, 0.19050713601610025, 0.1967239308563249, 0.007827542215708805, 0.04380849136117215, 0.052969276001612386, 0.33245302254141107, 0.26395507023115194, 0.06655715871764412, 0.04298667391268984, 0.18868487655372035, 0.06342753064715112, 0.02216951578778026, 0.011642811725433022, 0.11114259817362693, 0.13009459920144528, 0.0, 0.08704793337143402, 0.16153830640098, 0.06738414747816401, 0.01091496155257854, 0.15225092495815695, 0.0045461756479446835, 0.026424940554180543, 0.0, 0.28319040873046586, 0.0, 0.10286118857310966, 0.04734440728115208, 0.003864784681058886, 0.16247911954015026, 0.05333969235263558, 0.0015492684885354269, 0.11509193559638375, 0.1605310343310019, 0.1116575923360954, 0.5041085289841467, 0.016460818175389247, 0.46046856083487264, 0.04295250799563877, 0.1846138928577985, 0.12277813549609728, 0.08788534559454864, 0.09011719145320307, 0.07831998098026594, 0.1516789923250953, 0.061405877832317546, 0.01908458702015914, 0.08358264467671717, 0.004002498032996016, 0.029098496417786057, 0.16349442910074363, 0.11888368427862717, 0.01104872014295788, 0.06644137808589701, 0.3566154366985912, 0.43964580516472807, 0.22063142057039942, 0.03332874278238962, 0.2559219828993491, 0.054210885815413334, 0.12919396448827603, 0.11429290431032646, 0.013237641530668753, 0.2952754845505009, 0.20617453832574673, 0.5582581913540416], [0.16822306003954957, 0.004090967372837762, 0.0042763152425746576, 0.0, 0.05904753149537878, 0.0, 0.039913788450660515, 3.5545710948770015e-05, 0.009788324561473938, 0.02050717098504673, 0.004338488293906262, 0.0024902599768676925, 0.027037866486524287, 0.002895645786708756, 0.0, 0.025492131423593856, 0.0, 0.0060096328116128195, 0.0, 0.0008990703661909683, 0.0036632554911618653, 1.0, 0.24764234552980413, 0.004845047786464107, 0.2479230507776462, 0.00566161145946964, 0.00036409527922931506, 0.5306368140421888, 0.006756880201964854, 0.002542728268837724, 0.19971043562054835, 0.016499450003486293, 0.0016135941906768592, 0.007450684309148081, 0.007534249516006897, 0.02677614991827515, 0.0, 0.010120351835306685, 0.0024077625132252756, 0.03220680081138405, 0.010475838007227845, 0.008122298921553028, 0.0, 0.023695805415093085, 0.0007153242885068467, 0.0, 0.0, 0.003407448049023931, 0.0, 0.0, 0.013014691076148055, 0.010004070579958113, 0.0006393227003718138, 0.0033981022175336717, 0.0, 0.0, 0.0005218467045537967, 0.005830627001835786, 0.0012058459869616067, 0.00046251349087012006, 0.00483545408782049, 0.10084259347625057, 0.0, 0.3077466003453737, 0.025301154925180258, 0.014778141160411762, 0.03665442484599579, 0.011933838131818586, 0.02704349387929772, 0.010659913157499479, 0.035612778357534736, 0.016998293253072116, 0.026291657111147893, 0.048367094153507484, 0.021350714971632434, 0.0, 0.002415999823923487, 0.012868618834448453, 0.006563840629235984, 0.03729207620486097, 0.005066815379302314, 0.3914159281774783, 0.008933407395532833, 0.006172106096403396, 0.007367338531309664, 0.0048505493345841755, 0.001445237213317574, 0.007140716975596706, 0.690591181645663, 0.0080653246008211, 0.02377130260763094, 0.0007935824976320616, 0.0012095892172634404], [0.13026734366885528, 0.08687299035863805, 0.06227357290765889, 0.03794287101253746, 0.4492449254962637, 0.020069001430640165, 0.09473268208373564, 0.08111739872010526, 0.22060998126707254, 0.07870047040608252, 0.0894361788234792, 0.015875623839974984, 0.009135589961204449, 0.04577403411904646, 0.29194080814243284, 0.012742885325180975, 0.0, 0.005092842335807757, 0.0006909142994698803, 0.1489393205592675, 0.055547076682292196, 0.24764234552980413, 1.0, 0.1864964129540264, 0.06300420917561145, 0.002837074823235808, 0.2002614500677835, 0.2307908902420186, 0.16055883910997537, 0.038556175639981594, 0.36286447425594315, 0.002830388880051382, 0.07735320585199978, 0.1630683532891608, 0.07841894475680355, 0.16315548115178036, 0.018972352407387594, 0.13282109495640282, 0.13057481805919802, 0.06408024690321745, 0.0, 0.03532817161535662, 0.01320103756748292, 0.09583129619857222, 0.0010783277451436035, 0.1733550993768973, 0.01370