"[[1.0, 0.0625968423381037, -0.04102932985630581, 0.06743607553339959, -0.3020023430709662, 0.04210183503148146, 0.08810372899304697, -0.18094721507385803, 0.03247664216634327, -0.16351113044922183, 0.2528842718891442, 0.047036432089590074, -0.10559924477904148, 0.02535374574834448, 0.01019129417091691, -0.09209378861913242, -0.03605158549373466, -0.16172984111969813, 0.03371759588054657, 0.0221837387999424, -0.3087375075430159, 0.004971349216304377, 0.03637658202015681, -0.0031568780782615935, -0.029272927572992158, 0.010595365291158898, -0.017428367172190207, 0.017416983665080266, -0.0333565325786469, 0.05459583964870074, -0.014962245997177881, -0.19480527932808833, -0.15475103864326623, -0.2390950177560911, -0.05550279983586193, -0.002047952192330227, -0.02065525965091286, -0.1370582997033205, -0.08007361099818766, -0.12547569142294202, 0.08406748377165518, -0.0881342701273038, -0.0033687217076261433, 0.04419172745145117, -0.011035335415482406, -0.016600821573939717, 0.15858490229500954, -0.009839188824056988, -0.13397502632278524, -0.22810138318651174, -0.12203266939627078, -0.008353983340223525, -0.014271068001711962, -0.13268854655246165, -0.013343271098207099, -0.08135796136291606, 0.2123944135731377, -0.05016873395301724, -0.07545637492358681, 0.17387000205934544, -0.24837276308017864, 0.11993348518747249, -0.24350874104604237, -0.03867802110711471, -0.05587283417897271, -0.21493162649635167, -0.36800245639055085, -0.1709368907233595, -0.23158439095368744, -0.14670893292904408, -0.2065954620979693, 0.025450014497470308, -0.16378212876550058, -0.0015142224373658753, -0.09319935138768609, 0.048941382843789016, -0.014473033791855494, 0.18008953055501997, -0.04903687533542089, 0.1456453539886855, 0.18032549538070408, -0.07171889931316211, -0.1925076998442059, -0.08149546406436503, -0.129602920345959, 0.13949608409129588, 0.007551177393685271, -0.045957542498963555, -0.012715445657288882, -0.02024662494916063, 0.10129073985949855, -0.06342285697557326, -0.11594839806812174], [0.0625968423381037, 1.0, 0.16909360290430508, 0.3538273816835764, -0.119073588703279, 0.3381247685876836, 0.1080353512302673, -0.16802194658989622, 0.3085298619642798, -0.20722233940420165, -0.05647046811133127, 0.08794073467106522, -0.1128176848391258, -0.2022228312083012, -0.00803971156118366, 0.16296760798345666, -0.04482534758152701, -0.020091685617748656, 0.13561340802850963, -0.019023804852366766, -0.2774044629251893, -0.06032663568422647, 0.05943498112714962, -0.031129602468713546, -0.008374854525416309, -0.01760568766852466, 0.04864674862593188, -0.012227317094333667, -0.005688456051562429, 0.07849737256139822, 0.04787605631595826, -0.22591520601547765, 0.07677963684266886, -0.10136092415172215, 0.09799430989530078, 0.2357448642340929, 0.2926310133606853, -0.13659775266264518, -0.0771047850646287, -0.22524157602513672, 0.24331914339673588, -0.22429892323899936, 0.10193037864045074, -0.27471494485118964, -0.10797795242130181, -0.09650651335317773, 0.13139561115614706, -0.12663611527259722, 0.13792468576539862, 0.07451931030329606, -0.2144870301509254, -0.14623666209632935, 0.028254296077359853, 0.041172464719912205, -0.043767074535161266, 0.11830205319824716, -0.058416157145870784, -0.2911201636262699, 0.017114238707425677, -0.030667675860519772, -0.11989730664024534, -0.11644039786312343, 0.2304858062008701, -0.25427236947779286, -0.09936063254989258, -0.2540062989426124, -0.1332710178767864, -0.14101691640809855, -0.1674864473964146, -0.12240724845446516, -0.049264028036450025, -0.13223877478950663, -0.20936482446495708, 0.21691496050077697, 0.004468552248478752, -0.18088333290858327, 0.061648259689774165, -0.016736388358587817, -0.06980997509215214, -0.1184757685636193, -0.049423558448749905, -0.21155049734265163, -0.1287773443405671, -0.0929914621580119, 0.12326807886146862, -0.19200281098951533, 0.016672242806341497, -0.00029940716652987476, -0.0648856409180203, -0.17122401951339916, 0.05716272143892864, -0.178334974971726, -0.2408686905032411], [-0.04102932985630581, 0.16909360290430508, 1.0, -0.0017033262447814224, 0.7088768857730879, 0.23315105362912425, 0.5757977996053707, -0.05119878015555046, 0.7388198751998276, 0.6463821461545287, 0.1378195194962658, -0.0936598336795833, 0.72274062638978, 0.01539083858371415, -0.17585702231924816, 0.7358532284774688, -0.10777140366641169, 0.788672897859986, 0.443405789020761, -0.23970371943924174, 0.5017832611940264, -0.11574970237927329, -0.1275747904861677, 0.09269019073930085, 0.13012404698114088, -0.13304708574084279, -0.12345808658488955, -0.08398545383461165, -0.1747480627693183, -0.11072668723087653, -0.2261831342210905, 0.41009057307128294, -0.024275729166085114, 0.4277234428077782, -0.08349708719051785, -0.15622580380397633, -0.216731720490146, -0.21944863376556212, -0.3222058561892258, 0.5298602647560342, -0.1652613185677292, 0.30235671772634176, -0.18656009920311023, 0.10935052575582338, -0.14560037646048807, -0.13936271888304264, 0.45952831700424146, -0.15433221057142998, -0.2622848879707127, -0.160569929184061, 0.012677946262515283, 0.7358134683376104, 0.15169736550253676, 0.04973160057860293, -0.10316719159257803, -0.11467851200209611, -0.2437956852254668, -0.30525492784055164, 0.0825631455099437, -0.38746502232243984, -0.17016025397460832, -0.17323884197073114, -0.016002026257960544, 0.4015732995538831, 0.6518470883371728, 0.2407517462623623, 0.5216077677681938, -0.03245999793943488, 0.394748166232584, -0.1992198757242185, 0.5346796071582681, 0.3734668378066348, 0.17486515778400802, -0.3649004698279945, 0.32721041084094815, -0.09831809178039608, -0.15164501837328914, 0.3736531226082982, 0.05044998006389756, 0.14385324292787605, 0.018133425102891065, 0.48015034002380363, 0.5256174620906247, 0.014387450421045611, 0.22512342064066093, 0.2490129738239648, 0.3827665673247427, -0.09325760523908078, -0.07986029275687456, -0.26571234171127034, -0.0776410757631616, 0.13410220332477163, 0.25239779798760376], [0.06743607553339959, 0.3538273816835764, -0.0017033262447814224, 1.0, -0.2641849437678103, 0.15923890555299636, -0.2816615536886906, 0.17469059743773896, 0.27057403921616285, 0.030577473424243995, 0.040652662454794375, 0.1303346076439723, -0.1535661975436966, -0.02191751843044565, -0.0005387687226383608, -0.14844400386326706, -0.11446325649564626, -0.1812393952634328, 0.20402760773689976, -0.11111807371690263, -0.12990336864902474, 0.00016215906371819244, -0.11193736087128703, -0.08048665489392448, -0.13457817865468136, 0.04552469297049433, -0.1347579789397031, 0.03763102578877242, -0.16342394368558866, -0.23198631703091155, -0.09057316313693997, -0.15165600641792554, 0.4568343706335014, -0.0011593935154141644, 0.5188449290577857, 0.35804971866821633, 0.39297864767006585, 0.28691644889187506, 0.4829109645576186, -0.3462145564556296, 0.5897390831847878, 0.21937244021162128, 0.46448867284506057, -0.14459070000418772, 0.26346665861536533, -0.12679384701346752, 0.09714931373296964, -0.33655048455919756, 0.5614207833885309, 0.24368420164248683, 0.06944038191189295, -0.10580397807127162, -0.027257953172354465, 0.2837649501806194, -0.16502340143874683, -0.1780256640072544, -0.19803254256914604, -0.15369218529730944, -0.273539446276865, 0.1864941400547231, 0.06437824522844648, 0.4334889859065596, 0.3323608451418809, -0.2323622357502213, -0.19311606572469597, 0.020306453776371747, -0.015424113225809943, -0.16920146036863115, -0.16603561076948647, 0.020530596599591888, -0.13857629511783864, -0.049675737257608654, -0.2063670390733161, 0.05565100712698967, 0.17722604298519773, -0.19446600302918182, -0.030496786591931224, 0.008372119383780019, 0.19599230064503004, -0.38832390661196303, 0.16636431279957642, 0.11218303986859435, -0.181771132889327, -0.2795684776524845, -0.1325811401377146, 0.016831434890940966, 0.004577619270158095, -0.17202007578697054, -0.07771034704664914, -0.009021940167748488, -0.0708306969559156, 0.017790966584270484, -0.12385078093474022], [-0.3020023430709662, -0.119073588703279, 0.7088768857730879, -0.2641849437678103, 1.0, 0.008268304846249741, 0.5479212304165245, -0.13678660342942006, 0.5718169880113636, 0.7321327221760309, -0.13055959511460746, 0.11217273013503082, 0.8240692542713408, 0.07520832079671358, -0.12456691571503642, 0.7481235692952183, -0.057423204539749584, 0.8738585504457568, 0.03724288766743511, -0.07320128131607562, 0.6684648255121787, -0.03303877511455666, -0.06589061323996215, 0.015829223564748696, 0.008923034561373888, -0.08320422841156727, -0.03056934363909991, -0.15354410373660832, -0.08089048417014744, -0.1189433553591488, -0.03360650122997666, 0.6082829622815157, -0.007530003500682669, 0.6100557974327383, -0.13256825134328776, -0.2561535792207814, -0.35417959304029645, -0.06626418208587137, -0.3413291409428991, 0.6828954142171125, -0.35060830564544987, 0.2812755405868037, -0.21202017991925137, 0.28172518915686195, -0.11079484589396738, -0.22530951650013575, 0.3003309254694133, -0.2620840636616788, -0.2595330548791852, -0.13757203877341495, 0.152616654023513, 0.7724487686077189, 0.19686961406239467, 0.0651598409794254, -0.01765659566718103, 0.06340007142474446, -0.2591903945495342, -0.018965919725687064, 0.060601296090593726, -0.4797599581595511, -0.0020085239586797865, -0.2383320102397073, -0.3366716950907449, 0.5802014504494861, 0.8192137757879979, 0.425989233666043, 0.6407191202774133, 0.28275603701993557, 0.5641064274952156, -0.2684909030107556, 0.6147122708422684, 0.5159884194108755, 0.38585528197547503, -0.5155645527572734, 0.3523657061742492, 0.05013437313724245, -0.1939075829721062, 0.2234152274869542, 0.24884285558430286, 0.2142718065531335, -0.10350141535623592, 0.47370762793724874, 0.6420648631072832, 0.0783005585858717, -0.10932209391813608, 0.23934971099385716, 0.15363058103659744, -0.12491794970832881, -0.09014289756029026, -0.17686814158739095, -0.17012212912662616, 0.18020098260540507, 0.28525796831100614], [0.04210183503148146, 0.3381247685876836, 0.23315105362912425, 0.15923890555299636, 0.008268304846249741, 1.0, 0.13020906362883744, 0.04995171945193022, 0.14262933648099885, -0.042000024893404264, 0.5625074611175656, -0.02353664570160796, -0.02491535703508707, -0.19891640922698173, -0.01767175246179442, 0.10331871316733532, -0.07599079874664105, 0.16517604303989097, -0.13167116797882494, 0.09145785302584353, -0.047739779762730805, 0.004844970591688202, -0.028918569027374774, -0.11541788674439224, 0.012174615805383149, 0.04399292631033769, -0.004896089159053263, 0.0065906544882766704, 0.14683998550855937, -0.035346718304140046, -0.18376492934241417, 0.11449336980220759, 0.17788647385884537, -0.17886445124246286, 0.0066738129679816405, 0.31711235898452395, 0.2588926566872094, -0.10317638875682578, -0.12345314991248046, 0.03457486847276814, -0.009156081660994131, -0.06486348178456902, -0.04494125955523409, -0.08021499388315534, -0.11288095044244528, -0.06029071362383043, 0.2905512248554303, -0.15473946743518696, -0.07441666138555725, 0.06940802627624987, -0.11571436773915211, 0.08659464866106492, -0.026089569093596054, 0.24363018837371575, -0.0587373995905196, -0.07856633791417966, -0.08260200308153243, -0.13707990916782764, -0.07174504443986907, -0.03994868170318111, -0.18634062771072535, -0.10739670489914088, 0.6071840692829062, -0.19041587050985442, 0.04917202817364308, -0.191710178264612, -0.19092044758857352, -0.21945922312471167, -0.3679190998726074, 0.18477301765467946, -0.1369609110173582, -0.13851758542639847, -0.23393148776388273, -0.17068395171267103, -0.1773680948785623, -0.16605681564756236, -0.11373226186252072, 0.11062543880996678, -0.1752425164541478, 0.2539952672405048, -0.18167833878278272, -0.12212494316685274, -0.017562732589652352, -0.06223256945547129, -0.07131105263848125, -0.3031458167346357, -0.16930368373524152, -0.1457315637212555, 0.025267982126113142, 0.17751388156037462, 0.0343210595162583, -0.2863723631481272, 0.01684043278437264], [0.08810372899304697, 0.1080353512302673, 0.5757977996053707, -0.2816615536886906, 0.5479212304165245, 0.13020906362883744, 1.0, 0.15309880892653172, 0.614025640068893, 0.5130562881731267, 0.006959235170906908, -0.06871609745969254, 0.630050541393628, 0.10294380869736464, -0.041178187408932976, 0.5129760336225115, -0.19489501205250925, 0.6512360238470404, 0.10675327381474331, 0.031567471988149465, 0.20022314552739295, -0.11963551031926434, 0.08948114453582867, -0.007396209500384332, -0.013045088551574935, -0.023694569273623678, -0.10808720095879121, -0.08259264266446542, -0.18666372616534388, -0.08160772488973844, -0.1523702973335359, 0.4772395126070407, -0.1520388650278437, 0.4802752738825211, -0.11885927864230594, 0.05086059098626372, -0.042008966125498315, 0.0013861106120254263, -0.47705290706126613, 0.5267767381594163, -0.23950669663543378, 0.2653547755437464, -0.16161482921331394, 0.24094976778221733, -0.21645347512580249, 0.06328946172412842, 0.16429090743230823, 0.10264730529660038, -0.3739907535389402, -0.2569634656542923, -0.26371346579060195, 0.4923092535606467, 0.0871464981417085, -0.14637038695181692, -0.19222867660960752, 0.21470828525038854, 0.14484633967283456, -0.3168304631525345, -0.09676986521929298, -0.38227594323500425, -0.45009820152201163, -0.3770944327724992, -0.1316865878662734, 0.6942481572034325, 0.6318524444284906, 0.31760909984229146, 0.525696252679568, 0.1349282799975735, 0.6715421933280376, 0.16258060831874255, 0.6670372956153917, 0.5639362651524479, 0.29966177525988025, -0.13827345192000418, 0.42107039805556234, 0.008690597359669927, 0.13549147252136695, 0.437424580734565, 0.3363596688877538, 0.640470991578754, 0.05408748052223, 0.113490285741074, 0.3155966517311064, 0.32483268412293653, -0.035452202764511664, 0.13203612240740747, -0.17531767191379233, -0.06827682093267962, -0.22605289588776145, -0.2405538476244684, 0.1399805910913049, 0.16152416240700462, -0.10401286757588601], [-0.18094721507385803, -0.16802194658989622, -0.05119878015555046, 0.17469059743773896, -0.13678660342942006, 0.04995171945193022, 0.15309880892653172, 1.0, 0.15652074550063722, 0.20316793083147267, 0.24896618873426601, 0.09690100437539195, 8.995545034629071e-05, 0.3879385803626598, 0.000270428807181311, -0.07945913412211025, 0.015727233405999907, -0.18674105066255775, 0.2612529401502497, 0.07894639843761375, -0.17082093584206026, -0.0101817885968567, 0.010666048469754497, 0.02216765857466496, -0.014456429012462024, 0.07966277452077186, 0.0017013565132797392, 0.034849478118265, -0.072162613469132, 0.0070471880650231356, -0.009843381232663706, -0.1705305979351095, -0.1901284190984327, -0.06738239249028055, -0.08486276710503815, 0.014836968052226562, 0.007096970644402956, -0.09343546976670236, -0.13261146141307067, -0.2590991493021144, -0.1269634684947134, -0.06802954446290066, -0.06074618904426399, -0.23205932324409506, -0.1856430075688391, -0.32094009144524005, -0.38067798774838857, -0.09834352111167854, -0.16645898523920444, -0.1390966076747262, -0.10489099035774263, -0.19001738745865837, -0.16854664079906523, -0.21356561321167367, -0.023593842567971812, -0.04678926720184129, -0.04321422878939951, -0.3484527972281075, -0.25754740524280395, -0.07611852813861475, -0.2301319846215859, 0.1326288669874287, 0.359564587304648, 0.1387112181472019, -0.0960868302229847, 0.19247837288258962, 0.25554952402137787, -0.20844008088300625, 0.24114232535819824, 0.5791622211588339, 0.04958643522778139, 0.11417925518911698, 0.01114072736162941, 0.1831246025531128, 0.3289439064613541, -0.12389541265425397, 0.14944112044858127, 0.05861296630795976, 0.28421009944694886, 0.13956262033501088, 0.07075641813315137, 0.10352581792121063, -0.1909874055824783, 0.0333100174450538, 0.0053781847561993334, -0.16868976709098682, -0.14240241113408092, 0.09161278016561647, -0.021334251348573918, -0.06553657150529446, 0.24308269822906436, 0.008402467516192447, -0.3841896817817898], [0.03247664216634327, 0.3085298619642798, 0.7388198751998276, 0.27057403921616285, 0.5718169880113636, 0.14262933648099885, 0.614025640068893, 0.15652074550063722, 1.0, 0.671850670721826, 0.048778217499278465, -0.007088344301508176, 0.7019460545503834, 0.061914231200125736, -0.13450275230864372, 0.6171007826903824, -0.09688568206425918, 0.6628981313681572, 0.3531547589896369, -0.13159049613695206, 0.3274687666400191, 0.009166591717139294, -0.1605973643785752, -0.12028970478182632, -0.1318186109033186, -0.16005408420526268, -0.07013662369162188, -0.17355926221012652, -0.4022746148540559, -0.2831342562335404, -0.10428322601641371, 0.40404705012942843, 0.03017740415830672, 0.500617476971694, 0.035732490509551296, -0.1560546595759862, -0.11201606385004581, -0.0686036184417782, -0.2542779155970132, 0.3539489172483281, -0.03874803641115543, 0.3667736994704709, 0.032904952958082156, 0.1608085739873346, -0.23171480031493408, -0.19597017179488985, 0.31639980081373253, -0.2262290864380323, -0.13575914629374064, -0.07136867326522234, 0.034606022280427196, 0.6418011938870526, 0.3002921927981451, 0.03789602456593566, -0.05823781696676722, -0.018441717064737073, -0.2520504017227603, -0.4113021275581552, -0.15647344553108855, -0.3053840437817268, -0.20802329995904278, -0.05825554472049643, 0.007604794551124394, 0.49637455592328916, 0.6398245392796283, 0.37535957454533, 0.5968668862552244, 0.10431784925992815, 0.49319743259436954, -0.07543179781181109, 0.5381032348174758, 0.5175005071025668, 0.2684628843926814, -0.1259946669381251, 0.546122788831742, 0.013951589520065033, -0.011245671218313769, 0.5024165208041556, 0.3132599894599868, 0.14953738944054695, 0.11265000300222483, 0.37157142455717196, 0.3656812182045528, -0.01909237462819613, -0.02775083462437422, 0.23137159832377452, 0.12518410391646617, -0.14684066569258203, -0.18286402948389435, -0.20803591060163829, 0.06123252116011524, 0.3581808081437523, 0.1138291974403699], [-0.16351113044922183, -0.20722233940420165, 0.6463821461545287, 0.030577473424243995, 0.7321327221760309, -0.042000024893404264, 0.5130562881731267, 0.20316793083147267, 0.671850670721826, 1.0, 0.014999975168511814, 0.06744836025142242, 0.8226471598446683, 0.04200301944335716, -0.11124697556909746, 0.4221454671760898, -0.07090741785622834, 0.7599166782673903, 0.23591583938019933, -0.15203347232100928, 0.6253202766386948, -0.10127765581740733, -0.09934517288973987, 0.036532343573873916, -0.11428234741779919, -0.10521091101662217, -0.03860128508262073, -0.18946551970983827, -0.06988165339182384, -0.12741776660279602, -0.07231122502967247, 0.435216977750836, -0.0899603576138639, 0.5079066388315883, -0.18111731766806405, -0.25673138195341183, -0.4102040922883896, -0.03929054269270682, -0.2840724856914627, 0.32176612664421844, -0.2910277379240709, 0.35433700682318847, -0.18344779516881804, 0.09954798112557739, -0.08101127836783983, -0.19883428709657358, 0.2647014171213318, -0.27588936035650935, -0.23327021340821297, -0.03937612456640616, 0.1573267239294469, 0.6153600369284493, 0.1641389599417069, -0.1970883202133329, -0.16972906572267332, -0.2876902039189304, -0.17802620769354793, -0.3307982117175756, -0.29161297215303583, -0.3665423573068518, -0.025593913740476593, -0.2167428304436423, -0.0937624532889354, 0.6805826344220889, 0.7378873787258715, 0.5738012866106956, 0.8395070531815443, 0.20362783988639532, 0.5967074649961162, 0.13466940349504541, 0.6831620492082412, 0.6288764523486039, 0.46146498906810773, -0.15055447267616562, 0.6111370842921329, 0.06951323002032561, 0.1869232006572592, 0.5679159054787721, 0.47384389002385385, 0.1567295383364291, 0.26277276060017973, 0.6676404671132681, 0.5899181669660276, 0.13755066673229754, -0.12625683690733513, 0.45438051997499795, 0.03194278494347058, -0.16022845467006253, -0.1622100977995975, -0.1311736567098507, -0.004779719002379057, 0.44830296629559996, 0.37348082829901297], [0.2528842718891442, -0.05647046811133127, 0.1378195194962658, 0.040652662454794375, -0.13055959511460746, 0.5625074611175656, 0.006959235170906908, 0.24896618873426601, 0.048778217499278465, 0.014999975168511814, 1.0, 0.2233477902432982, -0.11546924382114665, -0.04428908518643926, -0.029648898930932255, -0.010619171308779984, -0.03024248745148639, -0.10714464822763303, 0.04355307892596583, -0.05636650695002854, -0.11535331774793289, 0.0007518107817598985, -0.030394480130316648, -0.03658570628762803, -0.057762003760278624, -0.024113657391058085, -0.0036422944877945174, -0.04765441866564957, -0.027527168042050798, -0.027992779638682075, 0.0019439881980362061, -0.001216346615263042, 0.08342215334545178, -0.28856482895147995, -0.08382216453485802, 0.031211158169073383, -0.032534681697294454, -0.12548601404973403, -0.15703252852462812, -0.04093499788104804, -0.2908589419281953, 0.0464436830238657, -0.07143071240036436, -0.04361117252590052, -0.005841611427012339, -0.07430916506883323, 0.47116960592158375, 0.15814329370143076, -0.23755121403563262, 0.18234441676020297, 0.07164033463288655, 0.03365919180814769, -0.08398297198230287, 0.13114216481191476, -0.02977321595599114, -0.16450317961450933, -0.039664862900797626, -0.0862042387412223, 0.1040480760639172, -0.0516351160213282, -0.03636994741454025, -0.14256119329223438, 0.35301119666231373, -0.24351245820472478, -0.09804940968537834, -0.13345892324797748, -0.09866469747384521, -0.38135282156020245, -0.31737568234804536, 0.2362388198892169, -0.1821011679080231, -0.039037428238504424, -0.19969984614965974, -0.05117220457703153, -0.07728711827520796, -0.09054784921041681, -0.01718845424740234, 0.3006327416998815, -0.24474157958544795, -0.02397755729200135, 0.1365103561772404, -0.06936607625075997, -0.15240209903345026, -0.3159280929105297, 0.07898398156788056, -0.37225393163585085, -0.0692542534349927, -0.03316740306731303, -0.06573553250744135, 0.0096129011310081, -0.20060623134432465, -0.000429170044196292, -0.1695973378456248], [0.047036432089590074, 0.08794073467106522, -0.0936598336795833, 0.1303346076439723, 0.11217273013503082, -0.02353664570160796, -0.06871609745969254, 0.09690100437539195, -0.007088344301508176, 0.06744836025142242, 0.2233477902432982, 1.0, -0.031992950451628754, -0.21674750331094983, 0.009321122645730262, 0.05998833202535225, -0.012999949044639303, 0.005462548948240609, -0.34162293522456677, 0.009294174751845574, 0.16218928643114539, -0.018701406509199936, 0.02779885922726244, -0.012214097757379472, -0.016874450395190088, 0.04652120859367059, 0.009433472651385721, 0.01889747999641711, 0.054044301603436984, 0.040448972336374456, 0.046471215406753474, -0.1424000821698761, 0.022449996506340386, -0.1459848623613722, -0.035536271704303735, 0.03515342149013023, -0.06749731814666471, -0.11846303222026533, -0.0945644028321142, -0.11908776745489336, -0.17494350693515615, -0.09221224781521631, 0.10295232576317981, 0.008637697487708484, 0.011691826784111958, -0.1261525718825598, -0.07344621644410165, 0.005467731942731535, -0.012189842042160892, -0.13513085633308997, 0.026338653377839916, -0.05831920043602912, -0.06626684955810802, -0.04239951784381546, -0.03747542189169972, 0.05137090363957042, -0.056559176167905845, -0.05553769486757454, -0.2039936419170567, -0.013146091322813636, 0.07555554200746817, 0.09276581487728253, -0.18553294196582737, -0.10322053880879367, 0.014730673735421251, -0.2183900082208019, -0.068960298559269, -0.27255647083851886, -0.1085863019679687, 0.025867233558064417, -0.2353991262299624, -0.014552422835435674, -0.23251461280531815, -0.031292963044119215, -0.0857919018570037, -0.17628172435668743, -0.04635370657660465, -0.1952416216113233, -0.1737408849245412, -0.20946398193089588, -0.25162248823634514, 0.2850704797945758, 0.23051328818948325, -0.006367629055536783, -0.06683073689230445, -0.056552364757130213, -0.019453863445337838, 0.05674738951852332, -0.0341034228152155, -0.10539738930860887, 0.08408847520412899, 0.015501868660486195, -0.12992373010277225], [-0.10559924477904148, -0.1128176848391258, 0.72274062638978, -0.1535661975436966, 0.8240692542713408, -0.02491535703508707, 0.630050541393628, 8.995545034629071e-05, 0.7019460545503834, 0.8226471598446683, -0.11546924382114665, -0.031992950451628754, 1.0, 0.12217301237484535, -0.2321982280474424, 0.7297753563728129, 0.0008983797794743786, 0.8594267699440858, 0.11268673258669604, -0.2646076697263684, 0.5697900229018865, -0.08278502219660933, -0.17910383927452522, -0.07210212605749833, -0.07607877040142785, -0.13864395854937706, -0.23815721624378927, -0.17550623672733945, -0.11278829106628496, -0.11630423220008135, -0.10098503380896551, 0.6637031446815216, -0.02572866899577253, 0.7526154748934979, -0.10055502291157836, -0.29595808224827014, -0.32428929506757953, -0.016159452339028046, -0.3331764244050941, 0.6162143705867137, -0.24946707808800683, 0.41477597160437163, -0.08069854718875535, 0.3678751981500221, -0.21535120180243528, -0.1594863674621969, 0.3558225496541446, -0.17643363632047016, -0.1825906346647279, -0.1085061615678602, 0.006301685203767948, 0.7888951400150557, 0.1825146141756112, -0.04414844240153459, -0.05828973227124479, 0.040624972308081264, -0.20643748596635492, -0.1993373570082304, -0.18581797075327788, -0.47964330192513804, -0.09253514185744849, -0.2206100494856631, -0.24263038682153137, 0.7810081305160234, 0.9265290078200044, 0.6597069387279695, 0.6698921176285315, 0.5121182260225101, 0.6961902189402416, -0.03300322604090988, 0.7688720613763969, 0.7110131198825687, 0.6653057244318052, -0.20043319328904752, 0.639106362982489, 0.2603978162516083, 0.12065487537339192, 0.5069217529238468, 0.46448506739146334, 0.2742074185791967, 0.09174837163981431, 0.5401705435863535, 0.5228294387277093, 0.06142116814725773, -0.21416139192505446, 0.43269117935664947, 0.12448659428197029, -0.2764694987156959, 0.018535436508174685, -0.11843723976504128, -0.04243210411372922, 0.3813458725267955, 0.3411286348967215], [0.02535374574834448, -0.2022228312083012, 0.01539083858371415, -0.02191751843044565, 0.07520832079671358, -0.19891640922698173, 0.10294380869736464, 0.3879385803626598, 0.061914231200125736, 0.04200301944335716, -0.04428908518643926, -0.21674750331094983, 0.12217301237484535, 1.0, -0.0167979169918977, 0.1432860575784708, 0.0030896863647235095, -0.12917309845477942, 0.1995414940843131, 0.04424779344863072, -0.2343527684159441, -0.0154855910699363, 0.023062590071354028, -0.03514334530456664, -0.011181064959624454, 0.057141081543615746, -0.04017005456141165, -0.008490359655086488, 0.12054270396377675, 0.06059094335898285, 0.1580309017677437, -0.035157146842039744, -0.08963323793207567, 0.09612177756996565, 0.06801182594684052, -0.14449865837719544, -0.08374833766741063, -0.055076446076295804, -0.005087933734432504, 0.043151961400331174, -0.08010348959898117, -0.154188907579059, -0.00986247623380443, -0.08341398198347272, 0.1483775833110833, -0.3250286000725984, -0.1501239203996343, -0.05314143390310644, -0.1880870035308262, -0.03858182700174817, 0.16570913449347935, -0.06578922818581967, 0.255451987426621, -0.14270405110346074, -0.06497562990694883, 0.19056232643142168, -0.2056708070749793, -0.04039242590806125, 0.00596214521966143, -0.21715696935141682, -0.29670854508757527, 0.08098135634949433, -0.11412498754767153, 0.17521250759584084, 0.10720700375726266, 0.22218921637582068, 0.04677783891779186, 0.21689167845902257, 0.28429721224038373, -0.1460211266160083, 0.1587900556201718, 0.18736365835481628, 0.09619073211320817, 0.0183103894795551, 0.20196687987280448, 0.011603265967164766, -0.08141555808003353, -0.026185852291992218, 0.2964412523419083, 0.027810479396778054, -0.13880513904527536, -0.07720396743640823, -0.15597921161459416, -0.38417133498279243, -0.09578335660360104, -0.24220296449947964, 0.18285226133319143, -0.1519919721582026, 0.01758583979770212, -0.07763934878948486, -0.11947873351910632, -0.1488392988324705, -0.4813096064434901], [0.01019129417091691, -0.00803971156118366, -0.17585702231924816, -0.0005387687226383608, -0.12456691571503642, -0.01767175246179442, -0.041178187408932976, 0.000270428807181311, -0.13450275230864372, -0.11124697556909746, -0.029648898930932255, 0.009321122645730262, -0.2321982280474424, -0.0167979169918977, 1.0, -0.12826359216020045, -0.011184628262162377, -0.14793864155491732, 0.016712232537867133, 0.04439602804867815, -0.17316550859499213, -0.012280051467720376, 0.016917389044307063, -0.017948792502670452, -0.020789007050370234, 0.00242327104384521, 0.03343040506088968, 0.015099150875272138, 0.019493733526983026, -0.0060201309824541305, -0.02810575329288789, -0.18592310443297277, -0.16997773704320274, -0.28012662516964837, -0.17764355326365222, -0.01684549660568968, -0.06774751608894425, -0.1732206837427437, -0.16325364574137513, -0.14423967999471543, -0.0988366385710906, -0.19364909147079334, -0.10402377053303735, -0.11828983125961212, -0.026558333782823462, 0.074782054452601, -0.11908787595110515, 0.030104919075428338, -0.09602710933026959, -0.13281538847044438, -0.014982567431575777, -0.1607567522659865, -0.04418659793274382, -0.07745015450007275, -0.026283748297156517, -0.042627284596734816, 0.07638180975770037, -0.03914180080655094, -0.005286324348364735, -0.034997475945445444, -0.05190334318855894, -0.08324616967908893, 0.01236029844833142, -0.12098948049361624, -0.2013522899402871, -0.17067908866282977, -0.12396727618879089, -0.21681582609909955, -0.1442326452020608, -0.062289957031125276, -0.17053317357153452, -0.21253835643295482, -0.2056508883123458, -0.04054257338912648, -0.19649457267803916, -0.06970728545036442, 0.03464552986812941, -0.2199020419944373, -0.1350887609190603, 0.008177642919829697, 0.0027400955730110255, -0.08410973078117734, -0.055860129871087016, 0.06232962778573625, 0.09785333974416577, -0.10221215277993889, -0.015222830195032566, -0.025938164864696134, -0.015342174295383426, -0.054549111652679505, 0.01181243022026679, -0.18821736019416324, -0.04705359246869478], [-0.09209378861913242, 0.16296760798345666, 0.7358532284774688, -0.14844400386326706, 0.7481235692952183, 0.10331871316733532, 0.5129760336225115, -0.07945913412211025, 0.6171007826903824, 0.4221454671760898, -0.010619171308779984, 0.05998833202535225, 0.7297753563728129, 0.1432860575784708, -0.12826359216020045, 1.0, 0.03420925858581969, 0.6419899475777923, 0.11999918951181321, -0.15875936293397142, 0.3042444221064968, -0.06873202845708137, -0.14269227593150746, -0.025745265191402078, 0.16013923587656576, -0.18630524225785172, -0.24782366504408504, -0.13858195530034645, -0.15122131793749793, -0.23225672929474106, -0.005400250066893708, 0.5190587730689168, 0.07303465611249194, 0.625656845444053, 0.011863820997770058, -0.31195594669277504, -0.2159686936842431, -0.13876141347667215, -0.3166263019020594, 0.6668965813828936, -0.17257388147724928, 0.22975698580962223, 0.02996168030742241, 0.42543742480804003, -0.3105504269331758, -0.3252125148263625, 0.36400799440238196, -0.18031011614187875, -0.12304440311053244, -0.11741343007969518, -0.11799744972804027, 0.6938816511204785, 0.033530845232458195, 0.18345823856276633, 0.012646560843162291, 0.16408525946393626, -0.4341913288356829, -0.11641539654125244, 0.253244030417749, -0.5368527942100001, -0.15723921838598587, -0.13146155550266903, -0.31537278818851333, 0.4611560451273494, 0.7255755627847715, 0.4425097452988661, 0.41000210479238297, 0.3212241827019411, 0.5074483743555935, -0.2575077427671668, 0.520408055419871, 0.5231591609148303, 0.4432047426586516, -0.35355603744505304, 0.41675681434451306, 0.2608056027613681, -0.14938435846335052, 0.21126210830288028, 0.22086404229044265, 0.17211821742536315, -0.1454999664045189, 0.26990563196289985, 0.3055126652697975, -0.21483765402966704, -0.05568532632677292, 0.07345089978453179, 0.37280061913416396, -0.04966662808388023, 0.05350900077728582, -0.1801850450830642, -0.22097278036651868, 0.0382831369338138, 0.06419281430186474], [-0.03605158549373466, -0.04482534758152701, -0.10777140366641169, -0.11446325649564626, -0.057423204539749584, -0.07599079874664105, -0.19489501205250925, 0.015727233405999907, -0.09688568206425918, -0.07090741785622834, -0.03024248745148639, -0.012999949044639303, 0.0008983797794743786, 0.0030896863647235095, -0.011184628262162377, 0.03420925858581969, 1.0, -0.08999051555459125, 0.00965766886129904, -0.0012708099981519894, -0.09770448402894294, 0.007066424975231356, -0.016665444864917278, -0.008349725011018272, -0.02793407120780378, -0.015403213725976972, -0.019932163465610664, -0.022703056500840146, -0.018354935655820803, -0.014931141334314946, -0.007030009077655164, -0.14174049222034046, -0.1799555824926189, -0.06046266278126544, -0.09188211667979762, -0.09586765365015504, -0.07953527161386553, -0.09096762270838132, -0.08316647982567105, -0.11752739702646786, -0.06866253871489181, -0.24345069711460687, -0.10496444487083934, -0.03515705871491548, -0.030269293038689415, -0.09729211590775932, -0.049952140981443405, -0.03818094621201973, -0.07628507797770623, -0.08324645144418552, -0.05533389736366989, -0.10715577327472237, -0.015426401923089639, 0.004144507009600118, 0.01883565012886146, -0.03626537407641428, -0.060735083970082204, -0.004699920384415135, 0.013348702511038812, -0.07590891613658424, 0.002903594850625524, -0.009814107085110546, -0.09390692731144679, -0.16638043650462087, -0.07474167986545721, -0.08949748142670155, -0.11595576464960011, 0.09304988980094586, -0.1628453409121604, -0.0725848048927169, -0.08368412250989765, -0.023629226982585072, 0.05502210549875852, -0.002689975932553379, -0.11905100991688777, -0.0587322678029214, -0.03233783820536651, -0.18276583612711983, -0.0495135805353879, -0.10091538141555545, -0.04967826108423168, -0.018088547393344978, -0.1744583642955495, -0.14224927005376142, -0.03970996632436563, -0.07040437246999964, 0.005327077311931383, -0.03957209415527374, 0.045749177808481645, -0.0015076972462142457, -0.0637169040574328, -0.15149728226442205, -0.007040920865202915], [-0.16172984111969813, -0.020091685617748656, 0.788672897859986, -0.1812393952634328, 0.8738585504457568, 0.16517604303989097, 0.6512360238470404, -0.18674105066255775, 0.6628981313681572, 0.7599166782673903, -0.10714464822763303, 0.005462548948240609, 0.8594267699440858, -0.12917309845477942, -0.14793864155491732, 0.6419899475777923, -0.08999051555459125, 1.0, 0.05037556077581784, -0.18478174440688533, 0.7101979644762352, -0.09376020879748492, -0.14500400864491936, -0.034501201849158836, 0.017562595361724997, -0.1170753440565857, -0.12121666773929873, -0.045120175514161254, -0.1238620688184362, -0.1519311198158968, -0.12520314479165617, 0.6345269695605115, -0.02812407847690057, 0.5937786080338445, -0.15801005033786475, -0.11516946020450125, -0.26500677223371816, -0.07794569979759225, -0.356752657153139, 0.6440085989231881, -0.24617368751475333, 0.3600269648564194, -0.2459738714231201, 0.25436555835324126, -0.10256847299600702, 0.015308602006047445, 0.3419582877671249, -0.19552278120373723, -0.2981065019735758, -0.19393448425926985, 0.059867761166093825, 0.8179699758798146, 0.28836056248578523, -0.00790387308685414, -0.06794013114553588, -0.014583770822931719, -0.06910250991961941, -0.17159105336491098, -0.1309217776470184, -0.3688027099005553, -0.1378022591054613, -0.29073881593397655, -0.12128706670493306, 0.6404218032426611, 0.8346045480010014, 0.32415421992561155, 0.5913420405814311, 0.2168755657549548, 0.5227810549196243, -0.12499827441961742, 0.6273705078520341, 0.4946594208042674, 0.3339415302138564, -0.38662759049572637, 0.32050399340604196, -0.040424145177503146, -0.10911137667150261, 0.4012095517600971, 0.18819141889145308, 0.3611932739884003, -0.043544038409481844, 0.548457806233069, 0.6978785443716786, 0.28961047677959817, -0.10067213203693459, 0.4056728431145381, 0.03125151888568478, -0.1528773184744805, -0.05102690147093347, -0.11079165843471594, 0.05089232362797935, 0.27197075217005284, 0.47208952267051196], [0.03371759588054657, 0.13561340802850963, 0.443405789020761, 0.20402760773689976, 0.03724288766743511, -0.13167116797882494, 0.10675327381474331, 0.2612529401502497, 0.3531547589896369, 0.23591583938019933, 0.04355307892596583, -0.34162293522456677, 0.11268673258669604, 0.1995414940843131, 0.016712232537867133, 0.11999918951181321, 0.00965766886129904, 0.05037556077581784, 1.0, -0.05989439864063417, 0.03798541638090047, 0.10301239846313281, -0.0073039987514273985, 0.055732846450409435, -0.0007653070042834553, -0.11052297713261572, 0.02933560503471455, 0.04861442938804539, -0.09169935020344622, -0.08177532149291133, 0.032425381831142075, -0.2642010184568244, -0.2926357576322507, -0.008830270682846031, -0.19660790405143347, -0.13832869506089174, -0.23307869785479252, -0.3578441903461944, -0.14619565939159385, -0.1818046613446085, -0.05525270081600486, -0.11264528037529109, -0.335044877464618, -0.4532554425730273, 0.06567069650714652, -0.15523648032178694, 0.0434780206517319, -0.11026934096783969, -0.15989426123115247, -0.22839009347024186, -0.060026349223115893, 0.0921875058452013, -0.24836327033377903, -0.24544622494208856, -0.02339517111357825, -0.15744082529264003, 0.023900543147826636, -0.2012860252751647, 0.0045851392580544825, -0.04464240293084054, 0.06544798002372565, -0.03803525806463215, 0.1243061067871345, 0.030433662706620956, -0.0647862611829042, 0.05878001752501294, 0.24831431643028778, -0.3311139160790111, 0.1519581606226703, -0.06688439905871446, 0.2526879320894888, -0.022473017215227875, -0.06300520117262987, -0.10117823967511375, 0.21496634948173232, -0.30882957298817226, -0.07546652538739829, 0.09372116160548816, 0.07831056116259338, -0.07095155798295649, 0.3529530079758414, 0.33187683865592277, 0.0737169341137287, 0.07110079249861878, 0.5102396294823911, 0.27492340446504504, 0.4029909158968601, -0.04854568329474751, -0.025248261524863258, -0.3575275794329009, 0.03640540565908401, 0.0963599593418446, -0.07636538368624879], [0.0221837387999424, -0.019023804852366766, -0.23970371943924174, -0.11111807371690263, -0.07320128131607562, 0.09145785302584353, 0.031567471988149465, 0.07894639843761375, -0.13159049613695206, -0.15203347232100928, -0.05636650695002854, 0.009294174751845574, -0.2646076697263684, 0.04424779344863072, 0.04439602804867815, -0.15875936293397142, -0.0012708099981519894, -0.18478174440688533, -0.05989439864063417, 1.0, -0.07176252555874862, -0.007128776582003615, 0.08941503016207575, -0.008941903898862957, -0.014110427584701934, 0.05763550762023162, 0.049832637729544715, 0.07631517082848283, 0.05869771563636972, 0.027637357766853388, -0.030919684789353585, -0.27877869059770743, -0.23159017870705112, -0.2878225646578234, -0.14368622352455218, -0.06727748307814885, -0.0644760531049644, -0.11850808809422353, -0.09904230539858783, -0.22806079700195991, -0.16216488902027293, -0.21082423790510663, -0.1387231502634947, -0.2375390340925727, -0.04002954305779549, -0.09825241337014567, -0.28942021168224197, -0.015220638046724577, -0.14394475729595801, -0.0042331244755930975, 0.09165515951701242, -0.19327442463100097, -0.054075269188486264, -0.11312929836293484, -0.03184289860301304, -0.11310192228070592, -0.006968319836759385, 0.05950831378705157, -0.0731768235021979, 0.15313679527452384, 0.08655216266886634, -0.022978555126747624, -0.1842479243135824, -0.10527619082312056, -0.15227412788748307, -0.12939003069237254, -0.11648034114516626, -0.10440773477136989, -0.11513527869569251, 0.13021216738580754, -0.1550661517970704, -0.050913416679277734, -0.15531713789537638, 0.02338614782361259, -0.12910207154581865, -0.08519704928630722, -0.06896012345558455, -0.10642024723490873, -0.047970452916212825, 0.14237887098743185, -0.11821159898578393, -0.14926796583181612, 0.10894331638375432, 0.03059743588926689, 0.05788572516928914, -0.13960687709325237, -0.04282005159089364, 0.008495855016801612, -0.03558891632952754, -0.04224114377921162, 0.04614283861023616, -0.2168478430020926, -0.08235730701020727], [-0.3087375075430159, -0.2774044629251893, 0.5017832611940264, -0.12990336864902474, 0.6684648255121787, -0.047739779762730805, 0.20022314552739295, -0.17082093584206026, 0.3274687666400191, 0.6253202766386948, -0.11535331774793289, 0.16218928643114539, 0.5697900229018865, -0.2343527684159441, -0.17316550859499213, 0.3042444221064968, -0.09770448402894294, 0.7101979644762352, 0.037985416380