"[[1.0, 0.17782954339332913, 0.2752769267632653, 0.33415330631169915, 0.11363978774822336, 0.16614945850386076, 0.3870943102906961, 0.1898277370031768, 0.28598702641219786, 0.2060279429383448, 0.4736346796138746, 0.12375806422610425, 0.2629124822324007, 0.24016437681877378, 0.09579074069097582, 0.24634386731283853, 0.04879534490032167, 0.16519236809296622, 0.09869786531798586, 0.1303681988233183, 0.11660170143857918, 0.10521124789703218, 0.1388361069763353, 0.10431404442107284, 0.09813455074015776, 0.10201476422433886, 0.08794195454098575, 0.12308513916815822, 0.10869302698201144, 0.16896218029496857, 0.12704458282527975, 0.22927155677100308, 0.23855140867079894, 0.2343031017734758, 0.26293976681846987, 0.32511640016546073, 0.21404392316737497, 0.24001302565891192, 0.24677914632891962, 0.2397431509574235, 0.22275656880713912, 0.30578969914681453, 0.20090913698624147, 0.2829272492950843, 0.16482949340047615, 0.23446030700203713, 0.37815406020855613, 0.12584248885958527, 0.12442974444006238, 0.1745364842113717, 0.08118434574317568, 0.3023764782159345, 0.16308996360907368, 0.19538751939363597, 0.08172153628909706, 0.0729270693159445, 0.3610102374914136, 0.16437410149398501, 0.1163462599126317, 0.2904700111138395, -0.06852030746243298, 0.32648248504253763, 0.15196183259698548, 0.2750308724752526, 0.2667059441526869, 0.23034543137592234, 0.1760162298254131, 0.22019351755189553, 0.225848216492748, 0.26012196529170817, 0.22070303189113394, 0.27110291777354467, 0.20950636446855753, 0.11583039773106507, 0.2548523563409568, 0.24720037629172953, 0.30623611753985225, 0.3934659881108591, 0.288285823572056, 0.3128460893454368, 0.2920082745073105, 0.2520067262684068, 0.14673432453048973, 0.2857620313521936, 0.10562768355940799, 0.32671254705857133, 0.19232757578283888, 0.08654417150241822, 0.10273157079751982, 0.07512105691095994, 0.27271660799207265, 0.22009069539701642, 0.18588471070014934], [0.17782954339332913, 1.0, 0.46311749712943184, 0.44481577832086294, 0.2434374851210701, 0.4954866797734623, 0.4190168829876566, 0.12339275977711117, 0.5065483527275784, 0.23939677059013031, 0.3512576014978668, 0.22192636442546487, 0.28599992412152386, 0.20791775076596808, 0.09301305041361074, 0.4469532231600146, 0.05273027089469329, 0.26632350885922196, 0.1738863486663922, 0.07733611790535044, 0.1750108281382018, 0.06183602935249766, 0.19277806095864847, 0.09638294508076362, 0.1736616231982625, 0.09874208556017039, 0.16246069451664358, 0.12669733780489456, 0.17787984002519852, 0.21972001292753696, -0.03293716035505034, 0.285554960162388, 0.35498310507313136, 0.30614022466383717, 0.36291566170685463, 0.4666053442201279, 0.5286298890672988, 0.3204594481569487, 0.22027439329317433, 0.24901254736573586, 0.3358852494392299, 0.2890211938629548, 0.34508585557923, 0.219430827539, 0.30553171837429427, 0.21734516207335897, 0.4231224005898142, 0.15049479919057018, 0.29910159872751296, 0.4384453839108402, 0.22784810827409674, 0.29499847033361026, 0.3971030735759662, 0.2540190288673413, 0.056495402381110726, 0.11934218990989576, 0.21596691694738124, -0.07351849790307474, 0.16057542739041064, 0.3033782657730105, 0.038152781889708054, 0.12888150517615604, 0.478897909947424, 0.1786073787078858, 0.2911919911322123, 0.20794364741430948, 0.27711612749406767, 0.2565876804221596, 0.2248984565887291, 0.22175198524229411, 0.30573369642214976, 0.30327661150980867, 0.18445724382339024, 0.27968446289915216, 0.31087520029818183, 0.14600104441833417, 0.39715691638949147, 0.39780775922708167, 0.3550556256251256, 0.11860872257266675, 0.05908754108966474, 0.1671281165075469, 0.26789035052473087, 0.14952305575179503, 0.28567144506650066, 0.06340622827026998, 0.19834779823729098, 0.16647086944860134, 0.12226184684009178, 0.08218125907178442, 0.21833806759608265, 0.2784242598822946, 0.12161629079332104], [0.2752769267632653, 0.46311749712943184, 1.0, 0.6571708584605187, 0.885962079035108, 0.4899670003499639, 0.8718431325054956, 0.4153609017133376, 0.9138823181901357, 0.8785279890820817, 0.4421334055226007, 0.2639428114894318, 0.9053947848332469, 0.44380083496513745, 0.09489424475374286, 0.9215192619517719, 0.12150514649640975, 0.9115332165353772, 0.57738062790803, 0.13919547231865914, 0.8095679740034092, 0.16027474568920042, 0.16303257061429877, 0.31494901813017795, 0.3528950368448548, 0.152008400282712, 0.16450620466993582, 0.1986156672832733, 0.1607936896631873, 0.19096172672908285, 0.1251457951723638, 0.8245130247145888, 0.6514766065909954, 0.838137767465546, 0.5911863137032808, 0.5327686448143623, 0.46440134728587157, 0.6615955090915089, 0.41446488471337484, 0.8501277967174126, 0.4310351146897893, 0.8194063833037168, 0.5006943725766091, 0.7255818136388428, 0.22950549152729105, 0.5241411027157081, 0.8461762215832567, 0.24121733881212504, 0.37598722330028556, 0.5243507494272337, 0.41956332561137366, 0.9003786690585993, 0.4343863885008862, 0.5316565131887664, 0.1554332137692337, 0.21154291991814433, 0.2752635043501719, 0.24173380267830435, 0.37766922847558837, 0.29387294939555964, 0.28332738844642336, 0.26110873955429925, 0.46201116652879537, 0.8232341005226036, 0.8882387539467428, 0.7528332899658388, 0.8602481554964608, 0.647543776964578, 0.8036942365269006, 0.5477374403395782, 0.8593610480513426, 0.8369067127426038, 0.7000468512825025, 0.11685825007114636, 0.7948271636171526, 0.45957089395859474, 0.5939172056440285, 0.8108840958432935, 0.7301597943941133, 0.6399056050688143, 0.4988969905557257, 0.7835810801386688, 0.8139691618103286, 0.5858648995015907, 0.5230206715876146, 0.6969687058890918, 0.5200128112720716, 0.258904374649348, 0.21955016982554143, 0.18221967021342955, 0.48277912330157924, 0.7617608914965552, 0.6351275582865717], [0.33415330631169915, 0.44481577832086294, 0.6571708584605187, 1.0, 0.5205208647409015, 0.5035577711145418, 0.6282867424176539, 0.33681749794784954, 0.7374901090586563, 0.6424258310290268, 0.4894333820051333, 0.24267883454042205, 0.6146235854700657, 0.4252072822595545, 0.17796581082476481, 0.6215281763093727, 0.09468370759195577, 0.5173844652707742, 0.49884430959569537, 0.21927045981713822, 0.5258790971786044, 0.19741056682821156, 0.15587465595324246, 0.21518113804823746, 0.1466605130106795, 0.23605601657712427, 0.11625324325183306, 0.22923789179346443, 0.13595415498966146, 0.17671715302560353, 0.29083399549623046, 0.6719981707138045, 0.801757814868952, 0.6942905651338496, 0.7897318370022067, 0.7422640513390814, 0.7029113860949954, 0.8171862269114896, 0.7379920575182483, 0.5763366387841568, 0.7995448625721333, 0.7739748136536502, 0.7287816963909213, 0.6399205704053164, 0.41043977821895494, 0.5650975707662594, 0.7798025288390222, 0.17626921441607946, 0.6974935460525854, 0.6266057821482741, 0.3770083651099707, 0.6067836907663631, 0.23782759235296513, 0.6469363458722439, 0.09659103778990652, -0.025950949483318553, 0.1807273750173548, 0.2744571057312488, 0.24055759507091645, 0.4641048009609834, 0.3159076776384121, 0.4778612104022304, 0.6229106816992137, 0.6034986875017824, 0.5754767957551904, 0.6136647566063621, 0.651413645319613, 0.5121194354983225, 0.5552766032162477, 0.5018680334496386, 0.6162974746553912, 0.6743030429511517, 0.5034704064815172, 0.08384261270756754, 0.6622452300386621, 0.29815683980039975, 0.4589489226959158, 0.6635767471548569, 0.6582779811770966, 0.42165154187231635, 0.54867693748351, 0.5358873045156011, 0.44934711019353824, 0.4053494499630449, 0.3057256316076744, 0.48476318491125503, 0.20036627640642823, 0.1739534418818134, 0.17481968605664344, 0.35721353008699863, 0.27113760180827595, 0.5853776475621606, 0.3548810806157564], [0.11363978774822336, 0.2434374851210701, 0.885962079035108, 0.5205208647409015, 1.0, 0.37837194005011854, 0.8253644786011326, 0.42105212077495624, 0.8584974343263213, 0.9105997234321298, 0.3421327930268674, 0.3399220726412797, 0.9265427120132181, 0.5633907250608722, 0.11126651576202518, 0.9046917345669351, 0.1382001563662112, 0.9243627795855679, 0.4232626346824411, 0.19324203647395166, 0.8634186577530114, 0.20227002872067268, 0.18871847099916883, 0.24881156546526906, 0.2700917311879756, 0.1825053875766991, 0.21622768193531028, 0.1324523371123143, 0.17731353873309685, 0.17025179479080355, 0.270331906547876, 0.8546728664329097, 0.644204903968786, 0.846941492089553, 0.5436743259093696, 0.4059955638127122, 0.34939958744875055, 0.6537567099561274, 0.38930061600917754, 0.8755760559672784, 0.30445567031436815, 0.794638362508719, 0.46438590293230164, 0.7392370220864392, 0.14035052561628136, 0.4336426439128812, 0.7715342636579232, 0.1683530840988694, 0.3283262669028295, 0.5202086060909767, 0.5648495458552023, 0.9223191562766826, 0.5633628820504392, 0.5622338485892253, 0.19766197285731302, 0.30861459879261044, 0.19841383526293377, 0.38569507306607376, 0.38995153212349587, 0.2639958953353774, 0.4360476518782116, 0.26762667396179296, 0.3049357798231498, 0.8497073567978423, 0.9251505310264091, 0.7969862641754913, 0.8860243846150384, 0.7371094204985195, 0.8197806125683005, 0.5075289288242685, 0.8365614226114478, 0.8384180483333699, 0.7517920255344219, 0.10343196108151531, 0.7935116712778043, 0.5138180447530344, 0.5523930042781023, 0.7477922422053924, 0.7287161997876634, 0.6532400854689021, 0.4271795102528819, 0.7654538491119579, 0.8586764711852255, 0.5375359700609941, 0.3510158395396652, 0.621685049242203, 0.4797694070424987, 0.20202983479557168, 0.18738513138593782, 0.2065238488975446, 0.4262715388139453, 0.793841865627875, 0.6585887610514111], [0.16614945850386076, 0.4954866797734623, 0.4899670003499639, 0.5035577711145418, 0.37837194005011854, 1.0, 0.5274030394502279, 0.37636575915563375, 0.46064988825081343, 0.3863131569927274, 0.6175018289197876, 0.17236028395795622, 0.4262401222136274, 0.0987000992951852, 0.10018269527309143, 0.4787390571055756, 0.05104894043147712, 0.4342556350730086, 0.08989189278948984, 0.21133974517465026, 0.3438243869834674, 0.16164098882066957, 0.11833511731276447, 0.08582653444889776, 0.17306352111005285, 0.17590167278904634, 0.12605038344876873, 0.15614154953493142, 0.2302220102540944, 0.08719405660951918, 0.08596420039976105, 0.4619033925004572, 0.45511118218529045, 0.4003583435026341, 0.3308932836788929, 0.5689078639430215, 0.5206663645485922, 0.4139571639603321, 0.2048734970976882, 0.4144403830447987, 0.2993504677674774, 0.40820289545438926, 0.3387618350913345, 0.4020382401567488, -0.0554449216966022, 0.3249733944705626, 0.4978254554356696, 0.08680297424010708, 0.2745995365607604, 0.29871895372454293, 0.1820876622164559, 0.43696028480283244, 0.02939138442445688, 0.44315480780989625, 0.08360004231008578, 0.25581613060146635, 0.2859341388816736, 0.16122476397764762, 0.1061755796051208, 0.26288848936839826, 0.21109347902861542, 0.11701471892871118, 0.6469819949582147, 0.35961118739900133, 0.42658394702614033, 0.3268750482216669, 0.3724579208918778, 0.32937729033560437, 0.2918648614970918, 0.4511246896655152, 0.36520428304691666, 0.39996260827678043, 0.3223120199365521, 0.0788997702414812, 0.3785748210773283, 0.19646306877206743, 0.37252724709753726, 0.45544436441175007, 0.3744296945349519, 0.5676281334630194, 0.19859070755345665, 0.25271663736210137, 0.3654871737791183, 0.31740921343522044, 0.13664377223767343, 0.29432799256068476, 0.01570343633099347, 0.1411464695723591, 0.16143147792797508, 0.23738354156024966, 0.37952933995320115, 0.38201829491238093, 0.26429520414711405], [0.3870943102906961, 0.4190168829876566, 0.8718431325054956, 0.6282867424176539, 0.8253644786011326, 0.5274030394502279, 1.0, 0.6403011059626844, 0.8862977340003253, 0.8622569440833237, 0.48782830681193734, 0.27424532650244293, 0.8973570942456781, 0.5687944735628927, 0.21537905347959985, 0.8747154061067294, 0.12653827635569836, 0.8241187991078155, 0.4510285568546306, 0.3277575264185565, 0.7228633247421924, 0.20654817896272792, 0.31327563461041663, 0.27373709739053376, 0.2972669954297821, 0.2738020217402587, 0.23014283627101095, 0.24746452283795484, 0.20765419118206585, 0.2673117699182218, 0.28235696674666944, 0.8688314815329329, 0.7276357421110762, 0.8956152723163339, 0.6852409446999436, 0.6992437498457043, 0.6227242852160245, 0.7862907287040161, 0.5224458279384083, 0.8659263182296245, 0.47635044366747303, 0.8723229551329438, 0.6131183831187436, 0.8084699455162966, 0.2720071805148956, 0.6548258316411356, 0.8050823986877291, 0.3695593727153045, 0.4677390207993696, 0.6766464863537943, 0.36187675277913056, 0.85624971103994, 0.46366705887429405, 0.5868339659896373, 0.16476134400918763, 0.38766055371579466, 0.4665253528665203, 0.3327838119165404, 0.3900676035142012, 0.3784141438470534, 0.268564735647727, 0.2754477373638108, 0.547462992827486, 0.9039722336244539, 0.8821024278470484, 0.845305476655188, 0.8969348487054897, 0.7793335945094966, 0.9115662437874303, 0.7817815620393241, 0.9130959691827393, 0.8957553456954135, 0.8078014217853592, 0.37385741978540055, 0.8674599457250077, 0.610525521660591, 0.7936768070346739, 0.8893575423354617, 0.8391907615806903, 0.8533835926465644, 0.5228514111156605, 0.6935769612979865, 0.7769716062091108, 0.6893768571067314, 0.49406808561843507, 0.7000792013229781, 0.4195455370515502, 0.3090972200287956, 0.17525746826426358, 0.20724735750303624, 0.5836169813229175, 0.8701393348106012, 0.5680752430881203], [0.1898277370031768, 0.12339275977711117, 0.4153609017133376, 0.33681749794784954, 0.42105212077495624, 0.37636575915563375, 0.6403011059626844, 1.0, 0.5106873543376808, 0.5795795059633753, 0.318052067904963, 0.39421186704808053, 0.5152882497052158, 0.24081579182844004, 0.14144415600925553, 0.46676503335042974, 0.14850498994191708, 0.43686016794272775, 0.34894709469833407, 0.30280790584057693, 0.3134294946336078, 0.15318642597775634, 0.18084396220071153, 0.2553866808095334, 0.14874356047635262, 0.266728420153848, 0.15722563088977637, 0.20691033573157203, 0.18644696107862457, 0.153925940122432, 0.24688653318773945, 0.4845104714415094, 0.43033170120037423, 0.5266122013961098, 0.4211777295452741, 0.47098342448117003, 0.4095188506002745, 0.46061629069589416, 0.3225658005419574, 0.43109972428482823, 0.24780986052794685, 0.5255101541908846, 0.33472314987833185, 0.3553637032744488, 0.12233632149750273, 0.23389998330408013, 0.4214529837107892, -0.009968217965378834, 0.2634331299818272, 0.536072950452682, 0.0031931051518315767, 0.47300899223751247, 0.12884115138722363, 0.2872613554418979, 0.10886225578436981, 0.2036368627587355, 0.3377312729260966, 0.17683179092383305, 0.2422628499682904, 0.18409610265468324, 0.04462578602998035, 0.11130728742631768, 0.36694850908596166, 0.5749187363433198, 0.48747951541930445, 0.5822239206513895, 0.6115759048732873, 0.4922679319166703, 0.6734912567517874, 0.8262055095814351, 0.5845488664758098, 0.6044221587556102, 0.585112877890276, 0.5345413446807108, 0.6832318853194448, 0.35740539128594295, 0.6128144362647598, 0.5554940948067528, 0.5882818506569035, 0.6622416597842912, 0.5142891825630538, 0.46902053430803137, 0.37364829098452246, 0.37978673966426346, 0.21363034842606632, 0.26480831309665376, 0.036802558237616134, 0.2725859743947432, 0.16090434634897122, -0.04134598250950772, 0.3466346110850016, 0.5151807614479984, 0.148740027763419], [0.28598702641219786, 0.5065483527275784, 0.9138823181901357, 0.7374901090586563, 0.8584974343263213, 0.46064988825081343, 0.8862977340003253, 0.5106873543376808, 1.0, 0.9077257341739964, 0.42579294651952315, 0.35500469129987655, 0.9136865083108575, 0.45828862016774263, 0.1472497683750722, 0.9014428061723666, 0.1482873792041277, 0.8781377194249838, 0.5095071632617632, 0.2302680923340794, 0.7847990797019988, 0.244815357906073, 0.17836829126338727, 0.19465076959080518, 0.2362242863878311, 0.18791605376335552, 0.21667596957307, 0.18030663140347847, 0.09867297547657361, 0.1568234617338411, 0.19554313864442108, 0.8722570535695706, 0.7271640352384459, 0.8848188248815995, 0.6884586216317626, 0.5961380484435678, 0.5548010277387563, 0.7519209531649308, 0.5218252541439841, 0.812978683197641, 0.5036490595595049, 0.8757543186578993, 0.6098817897503569, 0.7699125949399437, 0.35094385351335866, 0.551107873828819, 0.8591291262563745, 0.19228066022191592, 0.503573393605599, 0.6909435611499571, 0.43412229613688913, 0.8833970408915348, 0.5510914123142232, 0.5521753213406057, 0.19653741228529853, 0.19010477241124113, 0.3017257213088479, 0.24545028830276616, 0.304390898553756, 0.3865619587060056, 0.27798895142622504, 0.33032405010437604, 0.5308687403397393, 0.8480777218372741, 0.9066493548115891, 0.832674681318086, 0.8957399967228915, 0.7358584849686807, 0.8411378965471765, 0.6499746616364384, 0.8852816907669421, 0.8943030051692987, 0.7679621758796255, 0.28787898825046776, 0.8717939104981584, 0.5738027269606636, 0.6927292453601402, 0.8850111281474089, 0.8305050969309317, 0.624331502062041, 0.5381115018859794, 0.7680436152766414, 0.7948687661283232, 0.5920709148567277, 0.45034358392243634, 0.6876480984992883, 0.4427545962768864, 0.24359614046891354, 0.188239933436412, 0.31027451887965984, 0.5112912792533723, 0.8485522111820665, 0.6420398662355112], [0.2060279429383448, 0.23939677059013031, 0.8785279890820817, 0.6424258310290268, 0.9105997234321298, 0.3863131569927274, 0.8622569440833237, 0.5795795059633753, 0.9077257341739964, 1.0, 0.36695601581146176, 0.3427613780750214, 0.9561589995450935, 0.49241239367964873, 0.1458966759827841, 0.837466724571799, 0.1518683312385758, 0.9162327777911221, 0.5493538816030934, 0.19159121500811915, 0.8507300883189974, 0.18532256035211425, 0.18953859033826848, 0.2573105922075092, 0.21419792986053887, 0.20652909561709554, 0.23349922964959113, 0.15622976788942633, 0.27512170316387663, 0.19350402675891853, 0.29106861957406316, 0.8574510584583066, 0.6948036951938787, 0.8767909140486371, 0.6105867965132205, 0.5141910170353754, 0.41112713726499917, 0.7224453252111117, 0.49337795054022915, 0.8006454701105457, 0.4211486556777688, 0.8607012980348782, 0.5168635676329092, 0.7191348853926716, 0.2158910276592685, 0.5418342495852109, 0.8369817860564825, 0.18405802577625963, 0.43499917937628885, 0.6115227487872315, 0.4459400663848081, 0.8836047980468038, 0.4653854868328977, 0.5049040703580594, 0.12852641610650628, 0.1481614940296555, 0.27871858247513437, 0.30805616930768, 0.24375065682267394, 0.349589381801086, 0.36435758200577684, 0.2915694897256753, 0.48585097265574206, 0.9150993874088397, 0.9244450882062788, 0.8741593058652599, 0.9545644823900956, 0.7564627961568915, 0.876061576685434, 0.7017086082031391, 0.9091366217276732, 0.8969512025022184, 0.8166105868272708, 0.29095708898914174, 0.8989070222753162, 0.5591589248973527, 0.7191177774943964, 0.8726811107219609, 0.8202440358237452, 0.722617710992565, 0.6117546234584481, 0.8499294975371315, 0.850968269319783, 0.6439231536816618, 0.4094477944508321, 0.7344503422091153, 0.40816272880124016, 0.17685728587872873, 0.18386490515590115, 0.2529716201789953, 0.5373140742863041, 0.8551741417716322, 0.6940431321777353], [0.4736346796138746, 0.3512576014978668, 0.4421334055226007, 0.4894333820051333, 0.3421327930268674, 0.6175018289197876, 0.48782830681193734, 0.318052067904963, 0.42579294651952315, 0.36695601581146176, 1.0, 0.31872674444158045, 0.37968168077271436, 0.2429111105653765, 0.08586219875910961, 0.4629410879829834, 0.07495995956264045, 0.2665111541281704, 0.2527698624818999, 0.11612237751358845, 0.2924417875411456, 0.14341694746833267, 0.08772123270977938, 0.09538046419650792, 0.06853321716737781, 0.1487786781972824, 0.13758186550779772, 0.10148563931499699, 0.086337912421111, 0.08835175652323068, 0.2761657143863513, 0.41438746094192, 0.38211875084125446, 0.35166036713840754, 0.24451797002525177, 0.3528560897898233, 0.29348813363209636, 0.3256108433450007, 0.14650012045903105, 0.3716159084840992, 0.15168620428066726, 0.402071958274711, 0.2620516949409011, 0.37450216939609826, 0.017479778015202174, 0.19676742443131712, 0.6110186365333021, 0.31862401731663725, 0.17861699115415886, 0.289375007941179, 0.32006906644340793, 0.4452901233393509, -0.06953304391683979, 0.27021609384176737, 0.09662948895894008, 0.0652850181598077, 0.1685441625109244, 0.1763352923546997, 0.2609808633486189, 0.2568166772086984, 0.31354190293381956, 0.0535273339229172, 0.39381697947321004, 0.3355812625368526, 0.38820827897872123, 0.3373635589742854, 0.3768708009294579, 0.28031750471227346, 0.2620615901049772, 0.4529025985821844, 0.37192925248929787, 0.4378680808155717, 0.3281250234362614, 0.22197153175943996, 0.40267086875678937, 0.20358280919250282, 0.3972713895012594, 0.5165485262230715, 0.3820749533459341, 0.36905412765330015, 0.3332344714214228, 0.19799153101367217, 0.27223689982874233, 0.09820886590567479, 0.29185148740739886, 0.1757155953012992, 0.19749159151648144, 0.12551680008603838, 0.0369764839211254, 0.13859878820227178, 0.06487211225454126, 0.3581217793237228, 0.1197695836939624], [0.12375806422610425, 0.22192636442546487, 0.2639428114894318, 0.24267883454042205, 0.3399220726412797, 0.17236028395795622, 0.27424532650244293, 0.39421186704808053, 0.35500469129987655, 0.3427613780750214, 0.31872674444158045, 1.0, 0.277215426396598, -0.06373083757235931, 0.09239636981754873, 0.34621352820026496, 0.06417133430959887, 0.2713058759271201, 0.05132728755255389, 0.1058474139343224, 0.3712362090649459, 0.08025531097229832, 0.12636948294665906, 0.07703170618148547, 0.07967197615715627, 0.14840134324406062, 0.11290329091568307, 0.11381991689966486, 0.15818896203082655, 0.15271569936482976, 0.14106657052159166, 0.2521284930398444, 0.31451787631021655, 0.2490480616134041, 0.2675628055935415, 0.3097788170242859, 0.19868658562819397, 0.22353914810664532, 0.23331677165141584, 0.24897820482560318, 0.1300610876214212, 0.268556291099433, 0.2528600704802322, 0.22284130871470298, 0.16966176310806635, 0.15008322644702232, 0.2590379324123483, 0.14180943620044828, 0.12182816925374707, 0.12232751364758354, 0.17519218743673082, 0.3125124205283205, 0.11326979191368103, 0.21220938792998734, 0.05929605335286525, 0.0816940935969841, 0.07172270153511617, 0.18870603995650448, 0.025951132991581027, 0.22078457489790737, 0.17972669832144372, 0.31336771074629055, 0.018114972765056025, 0.25252464604069935, 0.2933847839365423, 0.1629275748035499, 0.28602801247588894, 0.1719105509218849, 0.26358947012066736, 0.3424739686421886, 0.19896696727946506, 0.28048960989535354, 0.16482558509128864, 0.1440507433269732, 0.24005006831544073, 0.011935140760454321, 0.1748373993722494, 0.19151167799157442, 0.12844048616138615, 0.2525131177916091, 0.02465726894008613, 0.45829822406288323, 0.4164881955245989, 0.24315998834619723, 0.1579549450431561, 0.057959660187682394, 0.1222806350000637, 0.12790035791130627, 0.07863546557676793, 0.1381290334319989, 0.2747921892811187, 0.3146809003738221, 0.09887011340187613], [0.2629124822324007, 0.28599992412152386, 0.9053947848332469, 0.6146235854700657, 0.9265427120132181, 0.4262401222136274, 0.8973570942456781, 0.5152882497052158, 0.9136865083108575, 0.9561589995450935, 0.37968168077271436, 0.277215426396598, 1.0, 0.5469122078721438, 0.09911949628270145, 0.9147283094676334, 0.20187961373145313, 0.9379641406465232, 0.447010051176564, 0.15722289503524545, 0.8500676047434967, 0.21132915070807656, 0.1669143446305793, 0.22433571381116002, 0.2646901742639607, 0.20378734258422693, 0.14013730146586423, 0.17316110174030208, 0.21142032704693092, 0.22008053944841688, 0.27724081629844255, 0.9150325541656742, 0.7237699670139128, 0.9313119435203354, 0.6508900560201794, 0.5377438886762562, 0.47212425739706143, 0.7566968648656622, 0.5120242957650766, 0.8822425135132574, 0.4512953721255383, 0.8976141082087438, 0.5815773986327132, 0.8226904927939949, 0.1763528301416365, 0.5871016039962458, 0.8507559020248271, 0.2649667375390323, 0.48165425890176294, 0.6393561753378388, 0.4524443361261191, 0.9297021225120392, 0.5307522495825548, 0.5883987335093567, 0.20411782381741983, 0.2557369821400519, 0.304208956214863, 0.3326940043389819, 0.2909879715158268, 0.3409644722316868, 0.3640219141189177, 0.32649283406437757, 0.46962389789780734, 0.9384355282718254, 0.9658506322762712, 0.9007514648926082, 0.9243784591534275, 0.8368935698255211, 0.8961588553050541, 0.6820581501787112, 0.9179647319749982, 0.9207620822406644, 0.8750672158826774, 0.30883506694024965, 0.9089429228925593, 0.6554896428358997, 0.7393565157804529, 0.8927687076686507, 0.8271177993519747, 0.7507164955072673, 0.5325613900431537, 0.8251880647042703, 0.8400411699333811, 0.6403498779324092, 0.3665038156929866, 0.7719277664993169, 0.46515627484192135, 0.18919760109802497, 0.2793862673427927, 0.27679374667448653, 0.545694467421663, 0.8828743423390916, 0.7531227327795672], [0.24016437681877378, 0.20791775076596808, 0.44380083496513745, 0.4252072822595545, 0.5633907250608722, 0.0987000992951852, 0.5687944735628927, 0.24081579182844004, 0.45828862016774263, 0.49241239367964873, 0.2429111105653765, -0.06373083757235931, 0.5469122078721438, 1.0, 0.1231034992534934, 0.5622621328745975, 0.13725279846918137, 0.3978640710250896, 0.2644430278671751, 0.29612028891149, 0.31026123536828, 0.1656850553193353, 0.18043070442696674, 0.18809090612449808, 0.14546318499241107, 0.277340055496748, 0.0871758879229172, 0.16244526636339618, 0.3163298611680616, 0.2277775386753248, 0.5411075734992963, 0.503938475616861, 0.4433622881530278, 0.5834914511703234, 0.4458417928401984, 0.3023977583547459, 0.2905611137423102, 0.5303204719781492, 0.38240647762743185, 0.5326448952999139, 0.3075822963313626, 0.4933586144622357, 0.4334110387074068, 0.49038526675171834, 0.24885481122774333, 0.2512875218457551, 0.44095250261023644, 0.22110690194293836, 0.264549238435811, 0.4941700067026089, 0.39253949212080363, 0.4670279817575248, 0.5393609426747721, 0.3382602847327135, 0.07356968399223907, 0.21359441676600555, -0.008616586820239469, 0.1867770305140004, 0.35846193798305426, 0.0647515476517958, 0.1783678681952472, 0.048865731097208265, 0.1302316734126805, 0.6073170130417035, 0.5519601112514526, 0.6078139840412514, 0.545769111739006, 0.6296137274018668, 0.5694840356255912, 0.32533216948735855, 0.6001393020928756, 0.6369535662981218, 0.5618600080893033, 0.18449915921936566, 0.5832713321846094, 0.4477392421457086, 0.4635199673452475, 0.5194466548689791, 0.6702783163233021, 0.4105241233322734, 0.26824115065383436, 0.329735482382554, 0.32993290131572883, 0.19241851060411008, 0.09440375645507659, 0.2774863931823712, 0.29548002478660174, 0.147198050126486, 0.16798152519697673, 0.12001299924474873, 0.06782057071569747, 0.4657401639096693, 0.19977582351532297], [0.09579074069097582, 0.09301305041361074, 0.09489424475374286, 0.17796581082476481, 0.11126651576202518, 0.10018269527309143, 0.21537905347959985, 0.14144415600925553, 0.1472497683750722, 0.1458966759827841, 0.08586219875910961, 0.09239636981754873, 0.09911949628270145, 0.1231034992534934, 1.0, 0.14113340591284795, 0.04278172810438752, 0.07456913310648716, 0.13483430942980656, 0.11637596862847832, 0.07562851377686353, 0.05652952057825755, 0.08432137950581198, 0.05349622936672582, 0.05792872340712696, 0.07582686718803144, 0.09908556372333666, 0.08536465780634972, 0.09881459491731115, 0.06906802451666427, 0.05848604367509724, 0.12171643627931861, 0.1086141383658813, 0.10551405424745042, 0.08035980904062212, 0.17818449373213363, 0.11806270066671953, 0.13882451029210485, 0.05642898778675798, 0.12119516683317033, 0.0716263268677918, 0.1411404262773901, 0.09005650214012573, 0.1263039344623652, 0.06128450159064991, 0.22270892276560295, 0.1316074206436464, 0.11742948006482246, 0.07853284811707995, 0.09069454259804866, 0.10454010189629237, 0.13050251635836163, 0.06581391745469634, 0.11267416902259719, 0.037412051930670764, 0.05614450689707429, 0.18278798653865458, 0.09711253068343817, 0.1099335317118253, 0.12019075333906881, 0.07075931166982596, 0.04460217874146488, 0.15224794058687496, 0.14829774679526764, 0.0922543400685214, 0.11620261353686867, 0.15903039572060496, 0.0944595256889944, 0.14224892812093792, 0.15158732775094352, 0.12676500526954482, 0.10540343843406208, 0.08950931064387113, 0.07206996051263626, 0.10081339979047532, 0.08394903571703216, 0.21243152561764012, 0.10600756086995677, 0.11267796673187103, 0.18851001593192018, 0.13756728225621584, 0.12989449225444116, 0.1523430436105473, 0.209886515081658, 0.21319253289550766, 0.09100253942360559, 0.09772701473706524, 0.057937910149605254, 0.06099635945268722, 0.045258372770135, 0.15800739504714323, 0.13986958369757296, 0.10882959925184599], [0.24634386731283853, 0.4469532231600146, 0.9215192619517719, 0.6215281763093727, 0.9046917345669351, 0.4787390571055756, 0.8747154061067294, 0.46676503335042974, 0.9014428061723666, 0.837466724571799, 0.4629410879829834, 0.34621352820026496, 0.9147283094676334, 0.5622621328745975, 0.14113340591284795, 1.0, 0.21501200906036722, 0.8511555877296023, 0.4519577676191898, 0.19474097540333513, 0.7727673704527609, 0.21046963336413838, 0.17314938781232603, 0.23737858800906309, 0.3863990274487471, 0.15985713954657355, 0.11222273905828839, 0.1796729223629686, 0.15512009983593766, 0.14728251226226508, 0.24972693680518965, 0.8734693996949582, 0.7165965559081242, 0.8949327988564043, 0.6541472813921827, 0.5222450137501948, 0.5062362760718517, 0.7025089067681707, 0.47876067566470915, 0.8915509339690175, 0.45130844088950983, 0.8291864551942617, 0.6102119768104174, 0.8197630518354018, 0.19811712767359868, 0.4739887694654483, 0.8116281954176969, 0.2504449802281643, 0.4644750344603006, 0.6229066311862492, 0.4423233163470778, 0.9127385222946419, 0.4933654436774102, 0.6236282968100731, 0.23694946295591657, 0.3252673551151952, 0.20662947262677767, 0.32828209084371207, 0.48589888538237536, 0.292714521700258, 0.3393953447779372, 0.33872575671005645, 0.39709008029524795, 0.8373703077263087, 0.9153480889447203, 0.8214672675043077, 0.8540727455145652, 0.7804567001996705, 0.8348273539431811, 0.5916376248042423, 0.8511835363487421, 0.8735434991750445, 0.7955914202825705, 0.24656608255703583, 0.8291547170143574, 0.6082804420491402, 0.6366764067005091, 0.7997949481650245, 0.763365094996927, 0.6299720549276692, 0.4014291570846258, 0.7456449907189577, 0.7763153092553228, 0.4882819940334493, 0.44215281632598846, 0.6175320440985254, 0.5846006503981186, 0.3197952169621905, 0.3009499389794903, 0.2756439480212878, 0.424336990864565, 0.8069593022736112, 0.6058458014243981], [0.04879534490032167, 0.05273027089469329, 0.12150514649640975, 0.09468370759195577, 0.1382001563662112, 0.05104894043147712, 0.12653827635569836, 0.14850498994191708, 0.1482873792041277, 0.1518683312385758, 0.07495995956264045, 0.06417133430959887, 0.20187961373145313, 0.13725279846918137, 0.04278172810438752, 0.21501200906036722, 1.0, 0.0993262076520578, 0.11247099183435616, 0.07016331167423029, 0.11077570424763772, 0.0699872834416182, 0.04875258382860026, 0.060148812268430385, 0.046365490328556414, 0.05323774761734179, 0.04543428170081476, 0.04579309578654567, 0.05686892100589436, 0.056239371999470156, 0.07324747944691046, 0.12378290003283676, 0.08734016557582491, 0.18399613899274248, 0.11751576583846723, 0.11243406887543839, 0.09685551259413017, 0.15863849955296394, 0.09988762929903139, 0.11858989503941497, 0.0816948595206689, 0.10477841463826376, 0.0781634220489269, 0.16419164437991773, 0.055944973309340895, 0.09253462341706487, 0.1612608730651398, 0.0534789206041173, 0.08380945561831621, 0.1141893121612565, 0.07071953269362152, 0.1370457329085364, 0.08140083664717968, 0.1552693097912763, 0.07602796448642901, 0.051226136253159416, 0.06991533239893077, 0.11286059308109886, 0.11484438590533785, 0.0709667254440367, 0.11074948941215912, 0.09999739305190425, 0.07342140569895106, 0.10682785967842057, 0.1466132077957092, 0.14565212171894082, 0.14652940232185796, 0.2423304127242003, 0.11542905705058437, 0.13072922332768078, 0.1548190226697529, 0.18568327608231783, 0.22526843815709663, 0.08795227287601604, 0.12877794323472935, 0.09203493031295162, 0.16405026496009767, 0.11017418976792737, 0.16087538397208911, 0.07718279464393574, 0.08177654109168331, 0.15716448941000316, 0.06277765335326979, 0.06586765085160418, 0.08406601081309473, 0.11314962328779488, 0.1079529543848965, 0.042291174899099615, 0.11081325790619279, 0.07888565592544794, 0.0976857183672033, 0.13838197461536228, 0.13525893937180822], [0.16519236809296622, 0.26632350885922196, 0.9115332165353772, 0.5173844652707742, 0.9243627795855679, 0.4342556350730086, 0.8241187991078155, 0.43686016794272775, 0.8781377194249838, 0.9162327777911221, 0.2665111541281704, 0.2713058759271201, 0.9379641406465232, 0.3978640710250896, 0.07456913310648716, 0.8511555877296023, 0.0993262076520578, 1.0, 0.4010634690685879, 0.1039393186432429, 0.8537605735694981, 0.13098334789921073, 0.115189663716041, 0.20318562844255905, 0.24724332413796113, 0.12146268194709253, 0.13879982321947415, 0.17658342631215196, 0.12274228039023793, 0.11472795648108292, 0.19115050625690677, 0.8221175059821694, 0.59382812562674, 0.8214377795707127, 0.5159514295765724, 0.4445054322227322, 0.3553031171487059, 0.6118936671182172, 0.35360795922310606, 0.8272236295075368, 0.3221867897226638, 0.7824466277851557, 0.4351146687881535, 0.7074914253192983, 0.11981125274022608, 0.5328769025798076, 0.7550578545096769, 0.14854266833528884, 0.30516181327815073, 0.4441650790074445, 0.4149527055903124, 0.886726453369875, 0.5697318669627923, 0.5081485020802781, 0.14914167402346545, 0.23380061172459687, 0.29174967110439387, 0.22673082389812327, 0.1910302739640264, 0.24568811894651854, 0.26041021855676516, 0.22708253425896807, 0.4202354143642295, 0.8510336433030959, 0.9110168422238331, 0.7497159751623714, 0.8474214361556107, 0.6560528100861883, 0.8086738390189556, 0.5254937226380657, 0.8219534288240786, 0.8074610142301086, 0.7068131828237227, 0.10743780745242493, 0.7805639160957056, 0.46396918081219374, 0.5528549828804504, 0.7667721441913546, 0.6887350915946543, 0.7161939553284755, 0.4338414133119788, 0.8120911905746263, 0.8643860946165347, 0.6590102745943817, 0.30907371005205264, 0.7339432469937476, 0.38418801602221697, 0.15323386699888586, 0.2054011747423441, 0.1671539964496368, 0.5620754537530211, 0.7755525581463575, 0.7460793302021002], [0.09869786531798586, 0.1738863486663922, 0.57738062790803, 0.49884430959569537, 0.4232626346824411, 0.08989189278948984, 0.4510285568546306, 0.34894709469833407, 0.5095071632617632, 0.5493538816030934, 0.2527698624818999, 0.05132728755255389, 0.447010051176564, 0.2644430278671751, 0.13483430942980656, 0.4519577676191898, 0.11247099183435616, 0.4010634690685879, 1.0, 0.10984219604999423, 0.3974588205524453, 0.19420608869281508, 0.14843521594087117, 0.1507149779180731, 0.14046134532472832, 0.09408790171967574, 0.15590004923329293, 0.18199707535902843, 0.18876546460596855, 0.1222716732274346, 0.16790852400883072, 0.35984980237373043, 0.3680021211694938, 0.46437766481832, 0.34639947995638987, 0.26020746705125963, 0.1983694119943682, 0.31440182328678823, 0.3193347496039156, 0.3391022336299878, 0.34189993926291673, 0.4522188276758511, 0.20631092105087678, 0.20148367310266413, 0.31985824803900764, 0.18262086324145377, 0.5239831281633025, -0.007985419566095109, 0.28705984294031683, 0.3123350209274227, 0.07185473480186721, 0.4532220150113997, -0.07044009789571337, 0.2192216934021639, 0.10419503072572978, 0.019017343993333657, 0.04517237074856406, 0.10061166557683676, 0.2576990004217403, 0.16552961611189498, 0.19108472390094566, 0.11261975754521569, 0.412813111478908, 0.453569425268189, 0.39524063616307703, 0.4761831460829046, 0.5456707851718847, 0.2606477074962402, 0.4792688598679329, 0.38200963853969516, 0.5637471246126438, 0.4429292803775884, 0.3700054854487034, 0.08187873849336413, 0.48451897985609294, 0.08836869068639186, 0.35338600771129325, 0.46404454368573855, 0.4390388249698536, 0.24021787635698022, 0.46539844459664537, 0.5955578239456263, 0.3955715295583677, 0.2964558606835369, 0.6769294586640334, 0.4618773365643023, 0.5059512082159398, 0.11230471360752015, 0.1468651000791774, -0.091912610426927, 0.18400364473791653, 0.42439564236584915, 0.1811886537007329], [0.1303681988233183, 0.07733611790535044, 0.13919547231865914, 0.21927045981713822, 0.19324203647395166, 0.21133974517465026, 0.3277575264185565, 0.30280790584057693, 0.2302680923340794, 0.19159121500811915, 0.11612237751358845, 0.1058474139343224, 0.15722289503524545, 0.29612028891149, 0.11637596862847832, 0.19474097540333513, 0.07016331167423029, 0.1039393186432429, 0.10984219604999423, 1.0, 0.19906748571709387, 0.08044275766557196, 0.17527817803431045, 0.07969702312244797, 0.09681719220925489, 0.14258012809234388, 0.13987827457210356, 0.16177945739647037, 0.1650211928292693, 0.12919987248373932, 0.06037190133344039, 0.13804268244972295, 0.1237550240548414, 0.1778074470860318, 0.1610826837991104, 0.20431774879298703, 0.1782533921839684, 0.23170252984251527, 0.16296718986838665, 0.13931722113216138, 0.08656429894465656, 0.1914757474839055, 0.14839784269508316, 0.14057214636445914, 0.09688549817448167, 0.1736320925799607, 0.0684900253105385, 0.09457761503200879, 0.06731279781813171, 0.23277992084971355, 0.22583089723489702, 0.16928804384800655, 0.10879028171123817, 0.12587900155915377, 0.05527749868038356, 0.04148254068293089, 0.14606594991403188, 0.20510455586666076, 0.035480766525803564, 0.31872376453021456, 0.19718854953471365, 0.1696586042957846, 0.13021169944251976, 0.23469000533003603, 0.190033488371935, 0.20942626500615802, 0.22759028514794266, 0.20614989048195032, 0.22740900894112437, 0.3386660523883911, 0.2015696731294302, 0.25219398509810986, 0.17016226506073284, 0.14363901357942044, 0.2046576769638383, 0.11130070664765412, 0.20466104043245825, 0.20591281865664268, 0.24516226639986471, 0.3445858036806049, 0.06782863085593616, 0.1616221149910928, 0.3175225986284631, 0.24282050486042017, 0.24271666093699729, 0.1280430116525163, 0.12626205948016667, 0.11953205281764778, 0.06783661390937934, 0.08609515520182887, 0.24602456756605584, 0.20257103458557613, 0.11203620614332754], [0.11660170143857918, 0.1750108281382018, 0.8095679740034092, 0.5258790971786044, 0.8634186577530114, 0.3438243869834674, 0.7228633247421924, 0.3134294946336078, 0.7847990797019988, 0.8507300883189974, 0.2924417875411456, 0.3712362090649459, 0.8500676047434967, 0.31026123536828, 0.07562851377686353, 0.7727673704527609, 0.11077570424763772, 0.8537605735694981, 0.3974588205524453, 0.19906748571709387, 1.0, 0.11376448733433242, 0.10185220409556539, 0.22090024590699975, 0.18510254914986846, 0.11698934490147272, 0.11117854355646606, 0.1137740560107211, 0.21353220861251732, 0.2008029743211397, 0.23411835255608304, 0.7973207690148001, 0.6264920050806622, 0.776975431520513, 0.495479789541023, 0.4681229647169838, 0.3617997550588101, 0.6261720556385398, 0.4188697264667075, 0.790164547333816, 0.3350361087614818, 0.7562632092961054, 0.3905217025586516, 0.6759717388804651, 0.24478760608771777, 0.5853909372247001, 0.7782892039810381, 0.21760974947804845, 0.36188513746750695, 0.4474094258554415, 0.6523526432803423, 0.8693847973353455, 0.40061464033391103, 0.5229614204278628, 0.1425556878353853, 0.24890554998700865, 0.4458857906700108, 0.5402996525676268, 0.3010080555215524, 0.5430040227537462, 0.6133873899323826, 0.396116377305165, 0.4244069266464836, 0.7423620252727409, 0.8259791946471764, 0.6856347069066097, 0.8131864095289755, 0.6512825424145612, 0.7265614199936127, 0.49722481964649057, 0.7399489760838314, 0.7020559061715154, 0.6546175896867988, 0.12965325150865226, 0.6663812297363111, 0.4127424528695174, 0.5233625342143851, 0.7189045622980491, 0.625255472885943, 0.6081934504873626, 0.4162470554490615, 0.7987287129408899, 0.9505563276212056, 0.7006945842344711, 0.4777693360862776, 0.7549146877271318, 0.47230750170234537, 0.2771796480028338, 0.22950969309999036, 0.3331180438722907, 0.6333377284835306, 0.8297353839519797, 0.8295610074813166], [0.10521124789703218, 0.06183602935249766, 0.16027474568920042, 0.19741056682821156, 0.20227002872067268, 0.16164098882066957, 0.20654817896272792, 0.15318642597775634, 0.244815357906073, 0.18532256035211425, 0.14341694746833267, 0.08025531097229832, 0.21132915070807656, 0.1656850553193353, 0.05652952057825755, 0.21046963336413838, 0.0699872834416182, 0.13098334789921073, 0.1942060886928150