"[[1.0, 0.9361037706346588, 0.9812744351562627, 0.9812640903199031, 0.9812580580084922, 0.9812547027084225, 0.997427588966757, 0.8670411498666636, 0.9389114787582513, 0.9812728660742145, 0.999994543558133, 0.9812469014620279, 0.9812601121811383, 0.9812553610989182, 0.981237790671074, 0.9614615406801298, 0.0015126854675823198, 0.9812573592558651, 0.9812475958781421, 0.001503492611729107, 0.981257697212499, 0.00157325289195831, 0.9812229042544148, 0.9812372792311806, 0.49736640815518884, 0.9812281050134023, 0.9812300455026803, 0.9792995424237518, 0.9812371458883687, 0.9812323537209222, 0.16804028260184367, 0.9813257968681037, 0.9796900683110129, 0.958605423037879, 0.9813243908739968, 0.9516624314505003, 0.9812791290221741, 0.981258571768534, 0.8292227893270517, 0.9812663556029864, 0.9178797590541515, 0.9812328724203739, 0.9812715181212138, 0.9812781250502342, 0.9812415271339313, 0.9812555834256194, 0.9812599712226464, 0.9812371464285864, 0.9812417911645128, 0.0015861638865569683, 0.9812229629299315, 0.9812708126129819, 0.9812319965152585, 0.9812390227292085, 0.9812330814563898, 0.9812410333081497, 0.9812369428724926, 0.9812415160990803, 0.9812389021268568, 0.9984297658336747], [0.9361037706346588, 1.0, 0.9539878319972442, 0.9539698200692406, 0.95395467250443, 0.9539520161160615, 0.9469203321415928, 0.9833424231142592, 0.9999543239711737, 0.9539838226133399, 0.9354962491248754, 0.953944154496829, 0.9539588258613283, 0.9539540686982297, 0.9539236713194604, 0.9946741392473167, 0.0016568035476586251, 0.953953523816218, 0.953942918022624, 0.30127751105586886, 0.9539540970323369, 0.30133407628833353, 0.9539043028617867, 0.95392621952228, 0.7420046631464843, 0.9539087527850555, 0.9539129398304065, 0.9520487819008614, 0.9539266971720104, 0.9539161710228015, 0.45874013397450797, 0.9540578237384401, 0.9693204521654045, 0.9960313257999026, 0.9540622200847085, 0.9982982676787551, 0.9539922960716997, 0.9539584099161356, 0.9664925162291226, 0.9539718115572312, 0.9983795114131137, 0.9539159970343923, 0.9539794495442133, 0.9539903922351455, 0.9539299215452541, 0.9539497111491985, 0.9539618314774747, 0.9539220064513763, 0.95393264116951, 0.3013431789652039, 0.953900743481181, 0.9539785277934648, 0.9539141430236091, 0.9539250510568544, 0.9539172946771681, 0.9539296758343891, 0.9539208865269272, 0.9539301035564685, 0.9539247864540243, 0.9449149748895128], [0.9812744351562627, 0.9539878319972442, 1.0, 0.9999999952430054, 0.9999999866983709, 0.9999999814871113, 0.9925570044044152, 0.8835960360635046, 0.9568088471046392, 0.999999999819977, 0.9806328295034205, 0.9999999690285978, 0.999999990289398, 0.9999999833912484, 0.9999999399937567, 0.979811971236357, 0.0015197309329313402, 0.9999999852396704, 0.9999999686043372, 0.0015017092723081937, 0.9999999855366393, 0.0015610532548163691, 0.999999888117931, 0.9999999408617469, 0.5068487607600107, 0.9999999059883763, 0.9999999150466703, 0.9980338413072963, 0.9999999414730457, 0.9999999230708002, 0.17119893320264312, 0.999999905213181, 0.9984219965999453, 0.9768889535215238, 0.9999999049229136, 0.9698496835233301, 0.9999999993743902, 0.9999999880192615, 0.8450533992073688, 0.9999999969427207, 0.9353789939711452, 0.9999999234938753, 0.9999999992324107, 0.9999999996852535, 0.9999999525039043, 0.9999999820080435, 0.9999999908435545, 0.9999999377398906, 0.9999999524302178, 0.0015706061918506764, 0.9999998852429435, 0.9999999991501896, 0.9999999197968581, 0.9999999432232097, 0.9999999252966211, 0.9999999499669304, 0.999999935540888, 0.9999999512777773, 0.9999999425354495, 0.9905234726936567], [0.9812640903199031, 0.9539698200692406, 0.9999999952430054, 1.0, 0.9999999977969568, 0.9999999954939351, 0.9925504439194046, 0.8835678975541202, 0.9567913616651363, 0.9999999968928956, 0.980622307792669, 0.9999999885283568, 0.9999999990383364, 0.9999999964107391, 0.9999999690271444, 0.9797999531524203, 0.0014647000087525397, 0.9999999972054708, 0.9999999882820116, 0.0014415962544136462, 0.9999999973370025, 0.0015009334722460022, 0.9999999294733476, 0.9999999696406139, 0.5067969483876033, 0.9999999435238772, 0.9999999504916316, 0.9980304157742987, 0.9999999700761025, 0.9999999565719019, 0.17113969691018194, 0.9999998582091201, 0.9984186377273896, 0.9768760985795308, 0.9999998577213847, 0.9698350490402076, 0.9999999912669043, 0.9999999983558133, 0.8450212668200612, 0.9999999997770492, 0.9353577278610464, 0.999999956890679, 0.9999999982267408, 0.9999999926296494, 0.999999977804336, 0.9999999957072241, 0.9999999992748513, 0.9999999674011665, 0.9999999777459385, 0.0015104845267460698, 0.9999999272109946, 0.9999999983429398, 0.9999999541047188, 0.9999999713339047, 0.9999999582400119, 0.9999999760640095, 0.9999999658035489, 0.9999999769685158, 0.9999999708443796, 0.9905161000157197], [0.9812580580084922, 0.95395467250443, 0.9999999866983709, 0.9999999977969568, 1.0, 0.9999999994652385, 0.9925466142431643, 0.8835442402897521, 0.9567766627899016, 0.999999989595862, 0.980616172274093, 0.9999999960292262, 0.99999999969935, 0.9999999997180211, 0.9999999830128539, 0.979789846690538, 0.0014350377300869077, 0.999999999953675, 0.9999999959449924, 0.001391073403594123, 0.9999999999572884, 0.0014504068382360513, 0.9999999514479054, 0.9999999833413958, 0.5067533969419348, 0.9999999631088036, 0.9999999686738652, 0.9980285685897803, 0.9999999836549477, 0.9999999734837087, 0.17108991291036213, 0.9999998220342766, 0.9984158041288603, 0.976865290369059, 0.9999998211914432, 0.9698227392699429, 0.9999999805896128, 0.9999999999160512, 0.844994253203384, 0.9999999963900612, 0.9353398509950029, 0.9999999737504963, 0.9999999922458663, 0.9999999826465447, 0.9999999893559303, 0.999999999641439, 0.9999999995847083, 0.9999999818335893, 0.9999999891380484, 0.0014599568357679393, 0.9999999497299827, 0.9999999925333473, 0.9999999715779888, 0.9999999847241852, 0.9999999747746248, 0.9999999880655484, 0.999999980630057, 0.9999999887194406, 0.9999999843588963, 0.9905118000258347], [0.9812547027084225, 0.9539520161160615, 0.9999999814871113, 0.9999999954939351, 0.9999999994652385, 1.0, 0.9925444852561064, 0.8835400897496657, 0.9567740784220077, 0.9999999849258483, 0.9806127595449269, 0.999999998333673, 0.9999999984051815, 0.9999999999451966, 0.9999999881268438, 0.9797880708494806, 0.0014087866017430395, 0.999999999727156, 0.999999998282345, 0.0013822074946275853, 0.9999999997041257, 0.0014415381901080604, 0.9999999605314494, 0.999999988480419, 0.5067457554350256, 0.9999999708838502, 0.9999999758099664, 0.9980269245444645, 0.9999999887358721, 0.99999998000351, 0.17108117303753, 0.9999998034925566, 0.9984153097414173, 0.9768633897251967, 0.9999998027860476, 0.9698205816335845, 0.9999999742751114, 0.9999999992865058, 0.8449895136061759, 0.9999999933977208, 0.9353367095979875, 0.9999999802311489, 0.9999999881462229, 0.9999999766652624, 0.9999999932599046, 0.9999999999145776, 0.9999999983315625, 0.9999999871098808, 0.9999999932404251, 0.0014510874396270745, 0.9999999588734144, 0.999999988437308, 0.9999999783338375, 0.999999989541347, 0.99999998113341, 0.9999999923126603, 0.9999999861108672, 0.9999999928213952, 0.9999999892480949, 0.9905094072471936], [0.997427588966757, 0.9469203321415928, 0.9925570044044152, 0.9925504439194046, 0.9925466142431643, 0.9925444852561064, 1.0, 0.8770851558283783, 0.9497439758381077, 0.9925560084855916, 0.9971853762126831, 0.9925395390646656, 0.9925479192685732, 0.9925449044505351, 0.9925337488835855, 0.9725479093471203, 0.0016862965006265718, 0.9925461700072299, 0.9925399769522942, 0.0016620608726932717, 0.9925463839524009, 0.001728262060590069, 0.9925242949226936, 0.9925334268069469, 0.5032133248744528, 0.9925275964491719, 0.9925288309555218, 0.9905869412820072, 0.992533343322304, 0.992530296914167, 0.17010489235737092, 0.9925895196282385, 0.9909765779229268, 0.9696564564456961, 0.9925886319462182, 0.9626516511683607, 0.9925599775664675, 0.9925469410736816, 0.8388411403116042, 0.9925518804566775, 0.9284812340669184, 0.992530624914962, 0.9925551517987812, 0.9925593407860785, 0.9925361234071625, 0.9925450426763028, 0.9925478311507249, 0.9925333395308434, 0.992536289803428, 0.001739982805306628, 0.9925243293884243, 0.992554705788034, 0.9925300679192166, 0.9925345306634097, 0.9925307588143123, 0.9925358082930875, 0.9925332084858518, 0.9925361147999948, 0.9925344536880524, 0.999876790969074], [0.8670411498666636, 0.9833424231142592, 0.8835960360635046, 0.8835678975541202, 0.8835442402897521, 0.8835400897496657, 0.8770851558283783, 1.0, 0.9815610769846433, 0.8835897726462644, 0.8664817349175163, 0.8835278115289935, 0.8835507275958362, 0.88354329529907, 0.8834958295758417, 0.9593710888982043, 0.0017942712662252225, 0.883542445885915, 0.8835258809897858, 0.46957632403882155, 0.8835433409641542, 0.4696287001076186, 0.8834655955022117, 0.883499807849347, 0.8514974154437571, 0.8834725404270553, 0.883479076416519, 0.8817678087905302, 0.8835005535884161, 0.8834841204225157, 0.612607603083103, 0.8837054586075301, 0.9084965690103349, 0.963262436145546, 0.8837123227611567, 0.9710696562692187, 0.8836030132137281, 0.8835500759818943, 0.9970506310290569, 0.8835710099523327, 0.9920923113380474, 0.8834838487588361, 0.8835829414770168, 0.883600038406178, 0.8835055881956277, 0.883536491660723, 0.8835554202894619, 0.8834932303636511, 0.8835098339916847, 0.46963712854565975, 0.8834600390093217, 0.8835815020870994, 0.8834809544875628, 0.8834979837183304, 0.8834858745567105, 0.8835052043020302, 0.8834914819093603, 0.8835058721796727, 0.8834975705881861, 0.8751879958790865], [0.9389114787582513, 0.9999543239711737, 0.9568088471046392, 0.9567913616651363, 0.9567766627899016, 0.9567740784220077, 0.9497439758381077, 0.9815610769846433, 1.0, 0.9568049560110274, 0.9383026698547886, 0.9567664412965494, 0.9567806953659898, 0.9567760706783847, 0.9567465608104991, 0.995613413796509, 0.0018515665406175774, 0.9567755467062246, 0.9567652427333188, 0.29215429768624945, 0.9567761026809612, 0.2922110566241891, 0.95672774929714, 0.956749030529398, 0.7355662651400442, 0.9567320750847745, 0.9567361395443199, 0.9548784632978927, 0.9567494939387227, 0.956739277393603, 0.4502304193993585, 0.9568768087594764, 0.9716243777892588, 0.9968361778326662, 0.9568810687500319, 0.9988097571538768, 0.9568131842958737, 0.9567802865473911, 0.9639960881901303, 0.9567932981531586, 0.9977903424371342, 0.9567391092397198, 0.9568007122344939, 0.9568113359738843, 0.9567526302468989, 0.9567718464359377, 0.9567836084806908, 0.9567449454634236, 0.9567552650895019, 0.29222019350026684, 0.9567242985369413, 0.9567998184549871, 0.956737309571251, 0.9567479010275698, 0.9567403681423052, 0.9567523892335402, 0.9567438581997156, 0.9567528051499193, 0.9567476439313657, 0.9477379786069304], [0.9812728660742145, 0.9539838226133399, 0.999999999819977, 0.9999999968928956, 0.999999989595862, 0.9999999849258483, 0.9925560084855916, 0.8835897726462644, 0.9568049560110274, 1.0, 0.980631233430448, 0.9999999734878148, 0.9999999927305593, 0.9999999866340606, 0.9999999463154414, 0.9798092966817085, 0.0015090043583598778, 0.9999999883041667, 0.9999999731134532, 0.001488328315964238, 0.9999999885697718, 0.0015476711190038905, 0.9999998967700294, 0.9999999471135159, 0.5068372274716807, 0.9999999139336986, 0.9999999225845734, 0.9980331742106963, 0.9999999476862882, 0.9999999302396111, 0.1711857480381277, 0.9999998970288893, 0.998421248754047, 0.9768860929827801, 0.9999998966588087, 0.9698464258329821, 0.999999998573027, 0.999999990753647, 0.8450462467565587, 0.9999999982340584, 0.9353742611754967, 0.9999999306495615, 0.9999999997949952, 0.999999999087398, 0.9999999581081837, 0.9999999854102114, 0.9999999932044162, 0.9999999441854626, 0.999999958025551, 0.0015572237317422744, 0.9999998940349369, 0.9999999997480788, 0.9999999271298947, 0.9999999493721975, 0.9999999323592325, 0.999999955721919, 0.9999999421074565, 0.9999999569569931, 0.9999999487230969, 0.9905223548986161], [0.999994543558133, 0.9354962491248754, 0.9806328295034205, 0.980622307792669, 0.980616172274093, 0.9806127595449269, 0.9971853762126831, 0.8664817349175163, 0.9383026698547886, 0.980631233430448, 1.0, 0.9806048257202984, 0.9806182617772429, 0.9806134293436337, 0.980595559175301, 0.9608361091488918, 0.0015474523810704577, 0.9806154614440018, 0.9806055316786049, 0.0015193955807464299, 0.9806158050841847, 0.0015893139992357863, 0.9805804193874293, 0.9805950391827957, 0.4970554598189054, 0.9805857085294978, 0.9805876821955932, 0.9786606454134796, 0.980594903687933, 0.980590029705161, 0.16794735856256027, 0.9806850696270294, 0.9790497827315332, 0.9579822994071758, 0.9806836400372231, 0.9510437095254888, 0.9806376033255423, 0.9806166947748033, 0.8286892337048608, 0.9806246118379569, 0.9172856759220968, 0.9805905571104657, 0.9806298621419604, 0.9806365821036838, 0.9805993595510017, 0.9806136552808676, 0.9806181184441315, 0.9805949039683772, 0.980599627765107, 0.0016022789434595452, 0.9805804789587377, 0.9806291448339133, 0.9805896662415395, 0.9805968121755387, 0.9805907697902624, 0.9805988570549143, 0.9805946967579978, 0.9805993480885978, 0.9805966894697249, 0.9982392761714818], [0.9812469014620279, 0.953944154496829, 0.9999999690285978, 0.9999999885283568, 0.9999999960292262, 0.999999998333673, 0.9925395390646656, 0.8835278115289935, 0.9567664412965494, 0.9999999734878148, 0.9806048257202984, 1.0, 0.999999993628626, 0.9999999977343198, 0.9999999951663443, 0.979782820268744, 0.0013769630359048435, 0.9999999967939767, 0.9999999999824588, 0.0013559902557074288, 0.9999999966751476, 0.0014153164749722835, 0.9999999748696384, 0.999999995470331, 0.5067231553294217, 0.9999999828865463, 0.999999986628594, 0.9980249340326134, 0.9999999956442341, 0.9999999896777011, 0.1710553341366925, 0.9999997660908345, 0.9984138393612709, 0.9768577728051274, 0.9999997654640158, 0.9698141934628663, 0.9999999597773319, 0.9999999954913403, 0.8449754938097238, 0.9999999852665679, 0.9353274243658163, 0.999999989814786, 0.9999999777604323, 0.9999999627704947, 0.9999999981368018, 0.9999999979616689, 0.9999999934638967, 0.9999999944963993, 0.9999999981908643, 0.0014248644629244467, 0.9999999734614978, 0.9999999781743676, 0.9999999884341348, 0.9999999960265649, 0.9999999904816663, 0.9999999976673217, 0.9999999938231431, 0.999999997929739, 0.9999999958462829, 0.9905038433800363], [0.9812601121811383, 0.9539588258613283, 0.999999990289398, 0.9999999990383364, 0.99999999969935, 0.9999999984051815, 0.9925479192685732, 0.8835507275958362, 0.9567806953659898, 0.9999999927305593, 0.9806182617772429, 0.999999993628626, 1.0, 0.9999999989121158, 0.999999978256741, 0.9797926190329762, 0.0014522618180619062, 0.9999999994228287, 0.999999993486926, 0.0014049285286427127, 0.9999999994579495, 0.0014642637132252778, 0.9999999436285615, 0.9999999786391869, 0.5067653399097202, 0.9999999562461553, 0.9999999623347366, 0.9980296456040637, 0.9999999790041667, 0.999999967626189, 0.1711035666377947, 0.9999998360453115, 0.9984165802091658, 0.9768682556850179, 0.9999998352364913, 0.9698261141394704, 0.999999985005484, 0.9999999997757312, 0.8450016609748932, 0.9999999981280097, 0.935344754892006, 0.9999999679119356, 0.999999994894516, 0.9999999867967536, 0.9999999855460788, 0.9999999986876976, 0.9999999999395858, 0.9999999769289672, 0.9999999852699447, 0.0014738141871638577, 0.9999999417757485, 0.9999999951577007, 0.9999999655127424, 0.9999999801948358, 0.9999999690499303, 0.9999999840260398, 0.9999999755621083, 0.9999999847846806, 0.9999999797756921, 0.9905132645056821], [0.9812553610989182, 0.9539540686982297, 0.9999999833912484, 0.9999999964107391, 0.9999999997180211, 0.9999999999451966, 0.9925449044505351, 0.88354329529907, 0.9567760706783847, 0.9999999866340606, 0.9806134293436337, 0.9999999977343198, 0.9999999989121158, 1.0, 0.9999999865222137, 0.9797894407790699, 0.001415946775736976, 0.9999999998837773, 0.9999999976509606, 0.0013890525813897714, 0.9999999998741369, 0.0014483839432809509, 0.9999999576618444, 0.9999999869101258, 0.5067516561748766, 0.999999968400617, 0.9999999735492854, 0.9980273726485378, 0.999999987189391, 0.9999999779425552, 0.17108791835484083, 0.9999998097102734, 0.9984156939249247, 0.976864854819082, 0.9999998090412466, 0.9698222496865843, 0.9999999765135079, 0.9999999996167611, 0.8449931738869141, 0.9999999945161949, 0.935339132390581, 0.999999978174708, 0.9999999896436726, 0.999999978791634, 0.9999999920515487, 0.9999999998909703, 0.9999999988726692, 0.9999999854408856, 0.9999999920163127, 0.0014579333721268517, 0.9999999559345324, 0.999999989925043, 0.9999999761810708, 0.9999999880294766, 0.9999999791279002, 0.9999999910105546, 0.9999999843709959, 0.9999999915618338, 0.9999999877135156, 0.9905098766643117], [0.981237790671074, 0.9539236713194604, 0.9999999399937567, 0.9999999690271444, 0.9999999830128539, 0.9999999881268438, 0.9925337488835855, 0.8834958295758417, 0.9567465608104991, 0.9999999463154414, 0.980595559175301, 0.9999999951663443, 0.999999978256741, 0.9999999865222137, 1.0, 0.9797691466584677, 0.001324111884937751, 0.9999999846348188, 0.9999999953789869, 0.0012877172038563423, 0.9999999843446715, 0.0013470371904341638, 0.9999999918769891, 0.9999999999582706, 0.5066642956674006, 0.9999999961880386, 0.9999999978196684, 0.998021621381373, 0.9999999999435096, 0.9999999989412154, 0.17098805494866487, 0.9999996951956716, 0.9984099963038628, 0.9768431500822377, 0.9999996941924822, 0.9697975452507708, 0.9999999274751374, 0.9999999816234564, 0.8449389768671978, 0.9999999639007127, 0.9353032500291489, 0.9999999989961047, 0.9999999525562243, 0.9999999315224696, 0.9999999992513025, 0.9999999875606101, 0.9999999776780377, 0.9999999999768472, 0.999999999230386, 0.0013565834514774888, 0.9999999911836739, 0.9999999531770308, 0.999999998535517, 0.9999999999537885, 0.9999999991867226, 0.9999999995441673, 0.9999999999158141, 0.9999999994123692, 0.9999999999704153, 0.9904973440075384], [0.9614615406801298, 0.9946741392473167, 0.979811971236357, 0.9797999531524203, 0.979789846690538, 0.9797880708494806, 0.9725479093471203, 0.9593710888982043, 0.995613413796509, 0.9798092966817085, 0.9608361091488918, 0.979782820268744, 0.9797926190329762, 0.9797894407790699, 0.9797691466584677, 1.0, 0.0017017542299008204, 0.9797890795046437, 0.979781995734642, 0.20139239577197887, 0.979789461833882, 0.20145051767511202, 0.9797562048870438, 0.9797708456671421, 0.6689555841768015, 0.9797591814935125, 0.9797619778286836, 0.9778479290787815, 0.9797711644709957, 0.9797641365207994, 0.36471244284940707, 0.9798586388926342, 0.9894925134734921, 0.9999001429253981, 0.9798615692535798, 0.9989919008538974, 0.9798149503206817, 0.9797923390252931, 0.9348877070379639, 0.9798012834107112, 0.9871970582288863, 0.9797640207994053, 0.9798063794540267, 0.9798136802339691, 0.9797733213003224, 0.9797865351578644, 0.9797946228388795, 0.9797680354974433, 0.9797751337926097, 0.20145987283884226, 0.9797538308191512, 0.9798057648991318, 0.9797627827203012, 0.9797700684667293, 0.97976488686305, 0.9797731556321739, 0.9797672875408974, 0.9797734416553976, 0.9797698916209748, 0.9705126646127845], [0.0015126854675823198, 0.0016568035476586251, 0.0015197309329313402, 0.0014647000087525397, 0.0014350377300869077, 0.0014087866017430395, 0.0016862965006265718, 0.0017942712662252225, 0.0018515665406175774, 0.0015090043583598778, 0.0015474523810704577, 0.0013769630359048435, 0.0014522618180619062, 0.001415946775736976, 0.001324111884937751, 0.0017017542299008204, 1.0, 0.0014269790387483328, 0.001374705410202015, 0.0012468470079168847, 0.0014261894679353793, 0.0013116901266327918, 0.0012455793428863826, 0.0013220620580157716, 0.001754860567934613, 0.0012726300991960926, 0.0012856416661991554, 0.06419304153415728, 0.0013242014392848, 0.001297593056595825, 0.0015765107475673723, 0.0017719907095424814, 0.0013855553023676137, 0.0017593050757188644, 0.0017666990628008028, 0.0015849676867615292, 0.0015406064253364882, 0.0014326933790620444, 0.0018270647197399237, 0.0014809446069937726, 0.0018847873880586397, 0.001297497141394599, 0.0014968134186236215, 0.0015335015485219428, 0.0013504043692590395, 0.0014183142747051791, 0.001447813193861891, 0.001322002457924909, 0.0013388833822763901, 0.0013280475223843569, 0.0012470769962616979, 0.0015001377314924902, 0.001292088831477356, 0.0013296491405867528, 0.0012999734237270077, 0.0013392927304419766, 0.0013161566736299424, 0.0013426885579840286, 0.0013276130316919321, 0.0014941515004516237], [0.9812573592558651, 0.953953523816218, 0.9999999852396704, 0.9999999972054708, 0.999999999953675, 0.999999999727156, 0.9925461700072299, 0.883542445885915, 0.9567755467062246, 0.9999999883041667, 0.9806154614440018, 0.9999999967939767, 0.9999999994228287, 0.9999999998837773, 0.9999999846348188, 0.9797890795046437, 0.0014269790387483328, 1.0, 0.9999999967306239, 0.0013872408250604762, 0.9999999999963238, 0.0014465735219104658, 0.9999999542276259, 0.999999984957033, 0.5067500934161773, 0.9999999655166756, 0.9999999708873506, 0.9980280638984442, 0.9999999852497876, 0.9999999755165875, 0.1710861356041693, 0.9999998166829164, 0.9984155897824503, 0.976864469615856, 0.9999998158530929, 0.9698218060196271, 0.9999999788175916, 0.9999999998313552, 0.8449922041695466, 0.9999999955997995, 0.9353384939571161, 0.9999999757766281, 0.9999999911334392, 0.9999999809749072, 0.9999999906165687, 0.9999999998394457, 0.9999999993083789, 0.9999999835058095, 0.9999999904518649, 0.0014561233214257507, 0.9999999525418174, 0.9999999914191492, 0.9999999736876722, 0.9999999862608957, 0.9999999767603936, 0.9999999894280356, 0.9999999823674032, 0.9999999900400849, 0.9999999859176278, 0.9905113018007202], [0.9812475958781421, 0.953942918022624, 0.9999999686043372, 0.9999999882820116, 0.9999999959449924, 0.999999998282345, 0.9925399769522942, 0.8835258809897858, 0.9567652427333188, 0.9999999731134532, 0.9806055316786049, 0.9999999999824588, 0.999999993486926, 0.9999999976509606, 0.9999999953789869, 0.979781995734642, 0.001374705410202015, 0.9999999967306239, 1.0, 0.0013518684689117766, 0.999999996612026, 0.0014111947586052942, 0.9999999752470536, 0.999999995643007, 0.5067196018650142, 0.9999999832390959, 0.9999999869305572, 0.9980247922800511, 0.9999999958030233, 0.9999999899514915, 0.17105127325361125, 0.9999997650981769, 0.9984136072266676, 0.9768568914027177, 0.999999764396569, 0.9698131883599689, 0.9999999593325446, 0.9999999953706574, 0.8449732894591588, 0.9999999849986295, 0.9353259663648789, 0.9999999901008922, 0.9999999774484112, 0.9999999623490887, 0.9999999982741679, 0.9999999979370082, 0.9999999932882934, 0.9999999947246228, 0.9999999983217913, 0.0014207427760637437, 0.9999999738855512, 0.9999999778543052, 0.9999999887415303, 0.9999999962308138, 0.999999990748264, 0.9999999978238902, 0.9999999940761369, 0.999999998081805, 0.9999999960565046, 0.9905043387156791], [0.001503492611729107, 0.30127751105586886, 0.0015017092723081937, 0.0014415962544136462, 0.001391073403594123, 0.0013822074946275853, 0.0016620608726932717, 0.46957632403882155, 0.29215429768624945, 0.001488328315964238, 0.0015193955807464299, 0.0013559902557074288, 0.0014049285286427127, 0.0013890525813897714, 0.0012877172038563423, 0.20139239577197887, 0.0012468470079168847, 0.0013872408250604762, 0.0013518684689117766, 1.0, 0.0013891520282752756, 0.9999999943522129, 0.0012232051693658041, 0.0012962103466588326, 0.8627951540361805, 0.0012380175770531077, 0.0012519650228391965, 0.0013220663047307513, 0.001297802222830824, 0.0012627283182221616, 0.9854924536076265, 0.0017357107051921838, 0.05765475643818807, 0.21521421173627608, 0.0017503670469370958, 0.24515992040063705, 0.0015166229951107946, 0.0014035336882710636, 0.5359503119318563, 0.0014482474721297933, 0.3550511775269788, 0.001262148014095854, 0.0014737355154258447, 0.0015102660602377416, 0.0013085465201807533, 0.0013745262435085337, 0.0014149478040293983, 0.0012821691109279332, 0.0013176111360829745, 0.9999999912805791, 0.001211344599339803, 0.0014706616935994399, 0.0012559712809977475, 0.0012923147027038562, 0.0012664718952333232, 0.0013077276893224132, 0.0012784373370752222, 0.001309153133946639, 0.0012914329851937412, 0.0014486459313078903], [0.981257697212499, 0.9539540970323369, 0.9999999855366393, 0.9999999973370025, 0.9999999999572884, 0.9999999997041257, 0.9925463839524009, 0.8835433409641542, 0.9567761026809612, 0.9999999885697718, 0.9806158050841847, 0.9999999966751476, 0.9999999994579495, 0.9999999998741369, 0.9999999843446715, 0.979789461833882, 0.0014261894679353793, 0.9999999999963238, 0.999999996612026, 0.0013891520282752756, 1.0, 0.0014484847785717347, 0.9999999537413389, 0.9999999846800858, 0.5067517410065046, 0.9999999650844493, 0.9999999704890616, 0.998028013793609, 0.9999999849729703, 0.9999999751503437, 0.17108801873333168, 0.9999998176957033, 0.9984156972212352, 0.9768648784404331, 0.9999998168853012, 0.9698222719223885, 0.999999979169259, 0.9999999998653124, 0.8449932261995826, 0.9999999957517791, 0.9353391701600673, 0.9999999754140673, 0.9999999913685396, 0.9999999813109095, 0.9999999903793092, 0.9999999998021921, 0.9999999993648921, 0.9999999832008831, 0.9999999902434659, 0.0014580345972977637, 0.9999999520322271, 0.9999999916393197, 0.9999999733096482, 0.9999999859863355, 0.9999999764060244, 0.9999999891935413, 0.9999999820581399, 0.9999999898100077, 0.9999999856419034, 0.9905115427721396], [0.00157325289195831, 0.30133407628833353, 0.0015610532548163691, 0.0015009334722460022, 0.0014504068382360513, 0.0014415381901080604, 0.001728262060590069, 0.4696287001076186, 0.2922110566241891, 0.0015476711190038905, 0.0015893139992357863, 0.0014153164749722835, 0.0014642637132252778, 0.0014483839432809509, 0.0013470371904341638, 0.20145051767511202, 0.0013116901266327918, 0.0014465735219104658, 0.0014111947586052942, 0.9999999943522129, 0.0014484847785717347, 1.0, 0.0012825154710495168, 0.0013555300398445658, 0.8628251397408551, 0.0012973312388009361, 0.0013112801251026207, 0.0013853375694322656, 0.001357122012664136, 0.001322044907444031, 0.9855025311982379, 0.001795086957516956, 0.0577139767180761, 0.2152721654162324, 0.001809742517204449, 0.24521742917602363, 0.0015759697849009324, 0.0014628671281110561, 0.5360003951673017, 0.001507586443865283, 0.3551066563931624, 0.0013214647582574512, 0.0015330771132071597, 0.0015696120791998114, 0.0013678693630135852, 0.0014338578307804273, 0.0014742826548000965, 0.0013414887623557359, 0.0013769333133423212, 0.9999999996522626, 0.0012706550191166066, 0.0015300032880234404, 0.0013152874049165986, 0.0013516354289272448, 0.0013257888634269355, 0.001367049660069064, 0.001337756547997504, 0.0013684754739673455, 0.001350753542449512, 0.0015156455259760504], [0.9812229042544148, 0.9539043028617867, 0.999999888117931, 0.9999999294733476, 0.9999999514479054, 0.9999999605314494, 0.9925242949226936, 0.8834655955022117, 0.95672774929714, 0.9999998967700294, 0.9805804193874293, 0.9999999748696384, 0.9999999436285615, 0.9999999576618444, 0.9999999918769891, 0.9797562048870438, 0.0012455793428863826, 0.9999999542276259, 0.9999999752470536, 0.0012232051693658041, 0.9999999537413389, 0.0012825154710495168, 1.0, 0.999999991653879, 0.5066086715090437, 0.9999999991629968, 0.9999999981034903, 0.99801668262201, 0.9999999914223229, 0.9999999966747172, 0.17092447232257668, 0.9999995878909032, 0.9984063526537287, 0.9768293082937664, 0.9999995869208758, 0.9697818016105715, 0.9999998711245311, 0.9999999492350635, 0.8449044582292538, 0.9999999217393302, 0.9352803829371124, 0.9999999965673056, 0.9999999054455802, 0.999999876540087, 0.9999999862355046, 0.9999999593606338, 0.9999999428101286, 0.999999992633288, 0.9999999864289733, 0.0012920590367327955, 0.9999999999284681, 0.9999999062855898, 0.9999999972774797, 0.9999999906090424, 0.9999999962023451, 0.9999999876491691, 0.9999999933516707, 0.9999999869666926, 0.9999999908901186, 0.9904867201478185], [0.9812372792311806, 0.95392621952228, 0.9999999408617469, 0.9999999696406139, 0.9999999833413958, 0.999999988480419, 0.9925334268069469, 0.883499807849347, 0.956749030529398, 0.9999999471135159, 0.9805950391827957, 0.999999995470331, 0.9999999786391869, 0.9999999869101258, 0.9999999999582706, 0.9797708456671421, 0.0013220620580157716, 0.999999984957033, 0.999999995643007, 0.0012962103466588326, 0.9999999846800858, 0.0013555300398445658, 0.999999991653879, 1.0, 0.506671617918801, 0.9999999959634486, 0.9999999976600896, 0.9980214922555684, 0.9999999999962066, 0.999999998816685, 0.1709964224294922, 0.9999996968212985, 0.9984104750422035, 0.9768449662619633, 0.9999996959729511, 0.9697996167650668, 0.9999999283619819, 0.999999982055613, 0.8449435192981773, 0.9999999645059567, 0.9353062542914349, 0.999999998859682, 0.9999999532740436, 0.9999999323838146, 0.999999999280931, 0.9999999878171373, 0.9999999781567281, 0.9999999999011953, 0.9999999993571149, 0.0013650762182212395, 0.9999999908558599, 0.9999999538716307, 0.9999999983698072, 0.9999999999227371, 0.9999999990790717, 0.9999999995965174, 0.9999999998232816, 0.9999999994631827, 0.999999999937724, 0.9904969791224587], [0.49736640815518884, 0.7420046631464843, 0.5068487607600107, 0.5067969483876033, 0.5067533969419348, 0.5067457554350256, 0.5032133248744528, 0.8514974154437571, 0.7355662651400442, 0.5068372274716807, 0.4970554598189054, 0.5067231553294217, 0.5067653399097202, 0.5067516561748766, 0.5066642956674006, 0.6689555841768015, 0.001754860567934613, 0.5067500934161773, 0.5067196018650142, 0.8627951540361805, 0.5067517410065046, 0.8628251397408551, 0.5066086715090437, 0.506671617918801, 1.0, 0.5066214445969035, 0.506633470339176, 0.5056943911684053, 0.5066729903554492, 0.5066427506297062, 0.9360802612176227, 0.507050384538028, 0.5544569754259504, 0.6793927332015294, 0.5070630198016421, 0.7016483126525096, 0.506861612604703, 0.5067641387954306, 0.8892287854688647, 0.5068026803594721, 0.7789516876980563, 0.5066422503700891, 0.5068246493510417, 0.5068561339445949, 0.5066822535770776, 0.5067391329361375, 0.506773977624645, 0.5066595123537511, 0.5066900684609603, 0.8628299635481167, 0.5065984456557321, 0.5068219995958634, 0.5066369248136291, 0.5066682594548333, 0.5066459783089375, 0.5066815476399588, 0.5066562949271157, 0.5066827765657121, 0.5066674992698128, 0.5019999280226896], [0.9812281050134023, 0.9539087527850555, 0.9999999059883763, 0.9999999435238772, 0.9999999631088036, 0.9999999708838502, 0.9925275964491719, 0.8834725404270553, 0.9567320750847745, 0.9999999139336986, 0.9805857085294978, 0.9999999828865463, 0.9999999562461553, 0.999999968400617, 0.9999999961880386, 0.9797591814935125, 0.0012726300991960926, 0.9999999655166756, 0.9999999832390959, 0.0012380175770531077, 0.9999999650844493, 0.0012973312388009361, 0.9999999991629968, 0.9999999959634486, 0.5066214445969035, 1.0, 0.9999999997680621, 0.9980183855876975, 0.9999999957945288, 0.9999999991426636, 0.1709390740028911, 0.9999996232242692, 0.9984071915915221, 0.9768324924994518, 0.9999996221314035, 0.9697854188956886, 0.999999890435299, 0.9999999610882718, 0.8449123867943416, 0.999999936643393, 0.9352856394311851, 0.9999999990964799, 0.9999999218759309, 0.9999998954246154, 0.9999999920851638, 0.9999999699800219, 0.9999999554357445, 0.9999999967156712, 0.999999992138043, 0.0013068757401766273, 0.9999999989653005, 0.9999999226618459, 0.999999999447372, 0.9999999953093383, 0.9999999988912864, 0.9999999931177596, 0.9999999971927791, 0.9999999926153872, 0.999999995505601, 0.9904904321293935], [0.9812300455026803, 0.9539129398304065, 0.9999999150466703, 0.9999999504916316, 0.9999999686738652, 0.9999999758099664, 0.9925288309555218, 0.883479076416519, 0.9567361395443199, 0.9999999225845734, 0.9805876821955932, 0.999999986628594, 0.9999999623347366, 0.9999999735492854, 0.9999999978196684, 0.9797619778286836, 0.0012856416661991554, 0.9999999708873506, 0.9999999869305572, 0.0012519650228391965, 0.9999999704890616, 0.0013112801251026207, 0.9999999981034903, 0.9999999976600896, 0.506633470339176, 0.9999999997680621, 1.0, 0.9980192041576359, 0.9999999975341705, 0.9999999997995394, 0.17095281917964955, 0.9999996414977658, 0.9984079792844028, 0.9768354828421545, 0.9999996404671434, 0.9697888224820402, 0.9999999002169009, 0.9999999668231128, 0.8449198491326256, 0.9999999440326759, 0.9352905809725673, 0.9999999997710001, 0.9999999300950088, 0.9999999049730844, 0.9999999945423883, 0.9999999749687453, 0.9999999615987255, 0.9999999982091948, 0.9999999945855869, 0.0013208250227485507, 0.9999999977632392, 0.9999999308445854, 0.9999999999201833, 0.9999999971409141, 0.9999999996689991, 0.9999999953936313, 0.9999999985478834, 0.9999999949802975, 0.9999999972921978, 0.9904918172431717], [0.9792995424237518, 0.9520487819008614, 0.9980338413072963, 0.9980304157742987, 0.9980285685897803, 0.9980269245444645, 0.9905869412820072, 0.8817678087905302, 0.9548784632978927, 0.9980331742106963, 0.9786606454134796, 0.9980249340326134, 0.9980296456040637, 0.9980273726485378, 0.998021621381373, 0.9778479290787815, 0.06419304153415728, 0.9980280638984442, 0.9980247922800511, 0.0013220663047307513, 0.998028013793609, 0.0013853375694322656, 0.99801668262201, 0.9980214922555684, 0.5056943911684053, 0.9980183855876975, 0.9980192041576359, 1.0, 0.9980216267190382, 0.998019955591947, 0.17069387442784878, 0.9980494329316175, 0.9964364260542511, 0.9749310076717234, 0.9980490990226407, 0.9678877378796107, 0.9980351393611977, 0.9980284191508119, 0.8432897588679684, 0.9980314310752973, 0.9334788466309716, 0.9980199494952885, 0.9980324149543368, 0.998034697248574, 0.9980232717833654, 0.9980275230719866, 0.9980293649589357, 0.9980214891442822, 0.9980225469692366, 0.0013958915775654779, 0.9980167765637282, 0.9980326249037983, 0.9980196095057022, 0.9980219689377585, 0.9980201051366923, 0.9980225736392475, 0.9980211217596784, 0.9980227868154482, 0.9980218410107472, 0.9885418237850879], [0.9812371458883687, 0.9539266971720104, 0.9999999414730457, 0.9999999700761025, 0.9999999836549477, 0.9999999887358721, 0.992533343322304, 0.8835005535884161, 0.9567494939387227, 0.9999999476862882, 0.980594903687933, 0.9999999956442341, 0.9999999790041667, 0.999999987189391, 0.9999999999435096, 0.9797711644709957, 0.0013242014392848, 0.9999999852497876, 0.9999999958030233, 0.001297802222830824, 0.9999999849729703, 0.001357122012664136, 0.9999999914223229, 0.9999999999962066, 0.5066729903554492, 0.9999999957945288, 0.9999999975341705, 0.9980216267190382, 1.0, 0.9999999987251075, 0.17099799103826585, 0.9999996981578092, 0.998410564749909, 0.9768453071269466, 0.9999996973265233, 0.9698000050146665, 0.9999999290246444, 0.999999982382106, 0.8449443707817299, 0.999999964978561, 0.9353068178545045, 0.9999999987651048, 0.999999953802433, 0.9999999330248155, 0.9999999993420196, 0.9999999880775677, 0.9999999785286342, 0.9999999998754272, 0.9999999994070301, 0.0013666682131734387, 0.9999999906084325, 0.999999954404789, 0.9999999982570044, 0.9999999999226791, 0.9999999989959106, 0.9999999996343287, 0.9999999997798147, 0.9999999995087786, 0.9999999999323458, 0.9904968840683566], [0.9812323537209222, 0.9539161710228015, 0.9999999230708002, 0.9999999565719019, 0.9999999734837087, 0.99999998000351, 0.992530296914167, 0.8834841204225157, 0.956739277393603, 0.9999999302396111, 0.980590029705161, 0.9999999896777011, 0.999999967626189, 0.9999999779425552, 0.9999999989412154, 0.9797641365207994, 0.001297593056595825, 0.9999999755165875, 0.9999999899514915, 0.0012627283182221616, 0.9999999751503437, 0.001322044907444031, 0.9999999966747172, 0.999999998816685, 0.5066427506297062, 0.9999999991426636, 0.9999999997995394, 0.998019955591947, 0.9999999987251075, 1.0, 0.17096342711682677, 0.9999996582373191, 0.9984085869764432, 0.9768377915895522, 0.9999996572139013, 0.9697914489449458, 0.9999999089414864, 0.9999999717706445, 0.8449256079942294, 0.9999999505186469, 0.9352943955130835, 0.9999999999962067, 0.9999999373641832, 0.999999913482293, 0.9999999964324779, 0.9999999792480323, 0.9999999669359777, 0.9999999992061411, 0.9999999964519387, 0.0013315902193059559, 0.9999999962286945, 0.9999999380766804, 0.9999999999603834, 0.9999999984541409, 0.9999999999830793, 0.9999999971118283, 0.9999999994224623, 0.9999999967841954, 0.9999999985642106, 0.990493464483805], [0.16804028260184367, 0.45874013397450797, 0.17119893320264312, 0.17113969691018194, 0.17108991291036213, 0.17108117303753, 0.17010489235737092, 0.612607603083103, 0.4502304193993585, 0.1711857480381277, 0.16794735856256027, 0.1710553341366925, 0.1711035666377947, 0.17108791835484083, 0.17098805494866487, 0.36471244284940707, 0.0015765107475673723, 0.1710861356041693, 0.17105127325361125, 0.9854924536076265, 0.17108801873333168, 0.9855025311982379, 0.17092447232257668, 0.1709964224294922, 0.9360802612176227, 0.1709390740028911, 0.17095281917964955, 0.17069387442784878, 0.17099799103826585, 0.17096342711682677, 1.0, 0.17142951135234996, 0.22625517187859678, 0.37783413226805296, 0.17144395013306468, 0.40614303383372197, 0.17121363077374196, 0.17110218950667977, 0.6714603187083285, 0.17114625277048956, 0.5085617241711092, 0.17096285568963587, 0.1711713688237435, 0.17120736661713087, 0.171008583039288, 0.17107360654787196, 0.17111343762885323, 0.17098258788104925, 0.17101751291336553, 0.9855041526493429, 0.17091278652106956, 0.17116834032881112, 0.1709567686101755, 0.1709925862096141, 0.1709671163672335, 0.17100777463019168, 0.17097891020157052, 0.1710091797896638, 0.17099171715109285, 0.16955090981481258], [0.9813257968681037, 0.9540578237384401, 0.999999905213181, 0.9999998582091201, 0.9999998220342766, 0.9999998034925566, 0.9925895196282385, 0.8837054586075301, 0.9568768087594764, 0.9999998970288893, 0.9806850696270294, 0.9999997660908345, 0.9999998360453115, 0.9999998097102734, 0.9999996951956716, 0.9798586388926342, 0.0017719907095424814, 0.9999998166829164, 0.9999997650981769, 0.0017357107051921838, 0.9999998176957033, 0.001795086957516956, 0.9999995878909032, 0.9999996968212985, 0.507050384538028, 0.9999996232242692, 0.9999996414977658, 0.9980494329316175, 0.9999996981578092, 0.9999996582373191, 0.17142951135234996, 1.0, 0.9984349395169646, 0.976938884393456, 0.9999999998518552, 0.9699065237595379, 0.9999999198407071, 0.9999998263864055, 0.8451783735630383, 0.9999998686941923, 0.9354616730521904, 0.9999996592192789, 0.9999998880921435, 0.9999999154837896, 0.9999997243604853, 0.999999805839654, 0.999999837623453, 0.999999690223843, 0.9999997238683189, 0.0018046489112114594, 0.9999995827073187, 0.9999998871511371, 0.9999996515070476, 0.9999997025983088, 0.9999996629435498, 0.9999997181514585, 0.9999996854008848, 0.999999721318539, 0.9999997010252736, 0.990560047746734], [0.9796900683110129, 0.9693204521654045, 0.9984219965999453, 0.9984186377273896, 0.9984158041288603, 0.9984153097414173, 0.9909765779229268, 0.9084965690103349, 0.9716243777892588, 0.998421248754047, 0.9790497827315332, 0.9984138393612709, 0.9984165802091658, 0.9984156939249247, 0.9984099963038628, 0.9894925134734921, 0.0013855553023676137, 0.9984155897824503, 0.9984136072266676, 0.05765475643818807, 0.9984156972212352, 0.0577139767180761, 0.9984063526537287, 0.9984104750422035, 0.5544569754259504, 0.9984071915915221, 0.9984079792844028, 0.9964364260542511, 0.998410564749909, 0.9984085869764432, 0.22625517187859678, 0.9984349395169646, 1.0, 0.9873505054378325, 0.998435764757335, 0.9820046320190376, 0.9984228245022324, 0.9984165051186574, 0.8737452678881124, 0.9984190073599175, 0.9537621643010925, 0.9984085543056128, 0.9984204325200192, 0.9984224702837844, 0.9984111694058219, 0.9984148761015182, 0.9984171444434801, 0.9984096835718226, 0.9984116804188299, 0.05772350672362203, 0.9984056833791283, 0.9984202598692868, 0.9984082057294871, 0.9984102553427062, 0.9984087982071546, 0.9984111236293427, 0.9984094731984557, 0.998411203812451, 0.9984102056745894, 0.9889314432781049], [0.958605423037879, 0.9960313257999026, 0.9768889535215238, 0.9768760985795308, 0.976865290369059, 0.9768633897251967, 0.9696564564456961, 0.963262436145546, 0.9968361778326662, 0.9768860929827801, 0.9579822994071758, 0.9768577728051274, 0.9768682556850179, 0.976864854819082, 