"[[1.0, 0.9957214239819008, 0.9957409313475664, 0.9957344496027773, 0.9957341130116278, 0.9873698754023418, 0.9957390780867041, 0.9496101528710268, 0.9957373823664553, 0.9957390925505648, 0.9957214632738127, 0.9957261913870735, 0.9957373230315414, 0.9671987792848588, 0.001419412327064551, 0.9957337300125907, 0.0014179902124733523, 0.9957312366046561, 0.9711118088362735, 0.9957170022078043, 0.9957326474592699, 0.9957234093683651, 0.9957141620783535, 0.9957218325279906, 0.9957195467966371, 0.99571631794648, 0.9957183389511112, 0.9979949417016166, 0.9957205789274609, 0.9957188022329623, 0.9862751977687382, 0.9957612916171913, 0.9730036267213575, 0.9957397075792729, 0.9957654100416318, 0.9957201560499073, 0.9957420993938528, 0.9766054450704574, 0.9957230203636371, 0.9957356688944733, 0.9936817903932216, 0.9769133108623208, 0.972547012789864, 0.9957424100323223, 0.0014369713524545746, 0.26969607231413284, 0.9747110862023203, 0.09370714780682421, 0.9665628398858391, 0.0937567799554504, 0.9691895964285717, 0.995737713480798, 0.09369434172266167, 0.716397080962306, 0.9802541713680373, 0.9957231080477124, 0.876831992126359, 0.9992755234354574, 0.9998686171868669, 0.8055856951744571], [0.9957214239819008, 1.0, 0.999999941203013, 0.9999999722074954, 0.9999999777235067, 0.9915909453920697, 0.9999999443346566, 0.953658658658361, 0.9999999579748863, 0.9999999483210518, 0.9999999999831556, 0.9999999963850453, 0.9999999714633913, 0.971320333923968, 0.001325093501452268, 0.9999999768139203, 0.001323750671401891, 0.9999999853789725, 0.9752566335461029, 0.9999999968025896, 0.9999999818058891, 0.9999999994422957, 0.999999989867609, 0.9999999999342934, 0.9999999991477493, 0.9999999957649375, 0.9999999977725856, 0.9983798655499864, 0.9999999999393774, 0.9999999988594894, 0.9904911242600354, 0.9999997069924479, 0.9771637273286455, 0.9999999533373672, 0.9999996875932811, 0.9999999996017745, 0.9999999256063117, 0.9807693603426695, 0.9999999993694269, 0.9999999645798113, 0.979059197579462, 0.9810941857244895, 0.9766821288060539, 0.9999999273083986, 0.0013402383232893333, 0.2707581907244665, 0.9498909083394145, 0.0013069497601224667, 0.9706900031144431, 0.0013568035816793333, 0.9733386534897771, 0.9999999553138794, 0.001294085844896209, 0.6488610153658616, 0.957787590330932, 0.999999999540785, 0.8286519458042725, 0.9914832547891425, 0.9940927579217176, 0.7473903753013867], [0.9957409313475664, 0.999999941203013, 1.0, 0.9999999942356211, 0.999999991091969, 0.9916157021350596, 0.9999999997803387, 0.9537162184650759, 0.9999999985603338, 0.9999999997023152, 0.9999999398862197, 0.9999999666911551, 0.9999999937584456, 0.9713658469501357, 0.001516557665617091, 0.9999999918353245, 0.0015152148405759291, 0.9999999852211259, 0.9752989284199439, 0.9999999106007464, 0.9999999883369229, 0.9999999519671917, 0.9999998824226082, 0.9999999392689449, 0.9999999263592395, 0.9999999054480396, 0.9999999163266086, 0.9983960331913748, 0.9999999377615606, 0.9999999236920022, 0.9905174411630115, 0.9999999102041258, 0.977204349648011, 0.9999999992104062, 0.9999998998214457, 0.9999999312849789, 0.9999999989265425, 0.980806724255266, 0.9999999523239229, 0.9999999968681018, 0.9791023320352191, 0.9811311697875005, 0.9767232664027808, 0.9999999991658537, 0.0015317126450372642, 0.27094178168124183, 0.9499571343591441, 0.0015187877145155237, 0.9707359687561571, 0.001568658058586414, 0.9733824774463316, 0.9999999989725236, 0.0015059135267594392, 0.6490221729814162, 0.9578484213261516, 0.9999999509326555, 0.8287704762997866, 0.991510797763097, 0.9941156954529397, 0.7475310786724172], [0.9957344496027773, 0.9999999722074954, 0.9999999942356211, 1.0, 0.99999999950017, 0.9916084248784488, 0.9999999951687195, 0.9536992822849147, 0.999999998533707, 0.9999999963143072, 0.999999971273897, 0.9999999886092178, 0.9999999992341271, 0.9713524573141876, 0.0014601791428002775, 0.9999999997641206, 0.0014588363214209643, 0.9999999978844658, 0.975286486987946, 0.9999999501668628, 0.9999999988738754, 0.9999999794315955, 0.999999928571682, 0.9999999708007935, 0.9999999617030888, 0.9999999462907516, 0.9999999543586686, 0.9983909446172471, 0.9999999698489842, 0.9999999598077357, 0.9905097045471143, 0.9999998595451732, 0.977192401454418, 0.9999999974175701, 0.9999998461531618, 0.999999965238306, 0.9999999887260153, 0.9807957340930307, 0.999999979668272, 0.9999999994766677, 0.9790879885178965, 0.9811202931937472, 0.9767111639913069, 0.999999989386657, 0.0014753308609426474, 0.27088557910354316, 0.9499351046400478, 0.0014482794531999188, 0.9707224467982161, 0.0014981448434955302, 0.9733695872428886, 0.9999999979998058, 0.0014354083523153705, 0.6489685408250297, 0.9578281848867579, 0.9999999787615564, 0.8287310339949493, 0.991501642114112, 0.9941080724377751, 0.7474842556091921], [0.9957341130116278, 0.9999999777235067, 0.999999991091969, 0.99999999950017, 1.0, 0.9916068023660816, 0.9999999920589943, 0.9536955089999897, 0.9999999966447283, 0.999999993676556, 0.999999976908331, 0.999999992026455, 0.9999999993486569, 0.971349473494537, 0.0014476225841516532, 0.9999999999202376, 0.0014462797359928725, 0.9999999990910867, 0.9752837145411932, 0.9999999577546923, 0.9999999995599625, 0.9999999841909475, 0.9999999378195206, 0.9999999765816457, 0.999999968330934, 0.9999999541090007, 0.9999999616632984, 0.9983903145965426, 0.9999999755897654, 0.9999999665528867, 0.9905079798728633, 0.9999998450801989, 0.9771897391950191, 0.999999995407558, 0.999999831623967, 0.999999971490983, 0.9999999843500034, 0.9807932846927196, 0.9999999841530677, 0.9999999982413443, 0.9790872306763352, 0.9811178696370009, 0.9767084668773406, 0.9999999852714542, 0.001462773524734562, 0.27085785329325707, 0.9499339420087165, 0.001444565722547364, 0.9707194338969325, 0.0014944293642621398, 0.9733667155562193, 0.9999999958589554, 0.0014316957561102406, 0.6489657179504725, 0.9578271237934903, 0.999999983593949, 0.8287289597064623, 0.9915011627061809, 0.994107674509252, 0.7474817919665616], [0.9873698754023418, 0.9915909453920697, 0.9916157021350596, 0.9916084248784488, 0.9916068023660816, 1.0, 0.9916164595668823, 0.9845780500105072, 0.9916124889791976, 0.9916153075830041, 0.9915902318590227, 0.9915976062147742, 0.9916066399975515, 0.9939232828649397, 0.13072550490521184, 0.9916069874537583, 0.13072417360882382, 0.9916032041888828, 0.995665441146273, 0.9915852416860443, 0.9916036620505173, 0.9915936954905228, 0.9915798105108068, 0.991589815104309, 0.9915875427340083, 0.9915837954919178, 0.9915854581781051, 0.9949533771318352, 0.9915907242508759, 0.9915874264409662, 0.9999660621283106, 0.9916488345347935, 0.9964450981393813, 0.9916122106877877, 0.9916490720858993, 0.9915884518385653, 0.9916204482764386, 0.9977793494489048, 0.9915929821337568, 0.9916119027299224, 0.9709019558208363, 0.997889257667591, 0.9962526250162416, 0.9916200136719213, 0.13074052436178873, 0.26874448272066154, 0.9420065474817964, 0.0015547566781760613, 0.9936295756459768, 0.0016101513603186124, 0.9948372867614261, 0.9916133626508827, 0.001538675143487711, 0.643604444907551, 0.9498042065422174, 0.9915936475527322, 0.8218280426152688, 0.9831850456752358, 0.9857639640515867, 0.7412803852851247], [0.9957390780867041, 0.9999999443346566, 0.9999999997803387, 0.9999999951687195, 0.9999999920589943, 0.9916164595668823, 1.0, 0.9537179795166192, 0.9999999990020302, 0.9999999998817891, 0.9999999429790135, 0.999999969036322, 0.9999999940078427, 0.9713672371656429, 0.0015224018139886608, 0.9999999928801812, 0.0015210590062377793, 0.9999999866617822, 0.9753002221511483, 0.9999999144891408, 0.9999999894739612, 0.9999999547750139, 0.9999998867224809, 0.9999999422673758, 0.9999999297732691, 0.9999999094220784, 0.9999999199258053, 0.9983954161632286, 0.9999999410738097, 0.9999999272657409, 0.9905182464048735, 0.9999999067251181, 0.9772055946402859, 0.9999999991307114, 0.9999998954590889, 0.9999999345971998, 0.9999999986361668, 0.9808078649874356, 0.9999999551695644, 0.9999999976782945, 0.9790982463968587, 0.9811323044762192, 0.9767245190759937, 0.9999999987977845, 0.0015375562270173448, 0.2709406594072138, 0.9499508588303462, 0.0014986991298415742, 0.9707373759040687, 0.0015485696989403497, 0.9733838227229226, 0.9999999993751635, 0.0014858248233506899, 0.6490068895666019, 0.9578426491844149, 0.9999999538061324, 0.8287592339819142, 0.9915081848671997, 0.9941135183822983, 0.7475177345686471], [0.9496101528710268, 0.953658658658361, 0.9537162184650759, 0.9536992822849147, 0.9536955089999897, 0.9845780500105072, 0.9537179795166192, 1.0, 0.953708738298929, 0.953715298227933, 0.9536569999459868, 0.9536741312250967, 0.9536951311307108, 0.9978522107806842, 0.30215403790143913, 0.9536959389629878, 0.3021527578294204, 0.9536871405362821, 0.9965815561480499, 0.9536454204812252, 0.9536882039176747, 0.9536650464078851, 0.9536328153297123, 0.9536560310983203, 0.9536507574438534, 0.9536420612946366, 0.9536459181850108, 0.9636584269004628, 0.9536581475858764, 0.9536504895793431, 0.9859859446016616, 0.9537934744304433, 0.9958162231596811, 0.9537080921506015, 0.9537940450230001, 0.9536528673882625, 0.9537272669711275, 0.9940440932554269, 0.9536633861801641, 0.953707373732237, 0.933824066229825, 0.9938605860992091, 0.9960196687819783, 0.9537262551665938, 0.30216847538642067, 0.25862541259865224, 0.9060501108409751, 0.001650464681188124, 0.9980214760094183, 0.0017118574935227615, 0.9972489342567904, 0.9537107714355147, 0.0016304699755292917, 0.6191059397088989, 0.9135100103534181, 0.9536649358616766, 0.7904759225861687, 0.9456020535430646, 0.9480748302026468, 0.7130305457333043], [0.9957373823664553, 0.9999999579748863, 0.9999999985603338, 0.999999998533707, 0.9999999966447283, 0.9916124889791976, 0.9999999990020302, 0.953708738298929, 1.0, 0.9999999994894209, 0.9999999568278105, 0.9999999789741899, 0.9999999977368638, 0.9713599329015706, 0.0014916478680904177, 0.9999999971827555, 0.001490305049366314, 0.9999999929034377, 0.9752934338188596, 0.999999931606996, 0.9999999949358366, 0.9999999669857522, 0.99999990663827, 0.9999999562530558, 0.999999945249846, 0.9999999270778023, 0.9999999365324996, 0.9983934751057666, 0.9999999550921066, 0.9999999429890822, 0.990514025100069, 0.999999886752633, 0.9771990736344851, 0.9999999996780011, 0.999999874715812, 0.9999999494934502, 0.9999999953801441, 0.9808018701749239, 0.9999999672951135, 0.9999999996483172, 0.9790944809890241, 0.981126367458993, 0.9767179199710563, 0.9999999957971504, 0.0015068011583998508, 0.2709149666811391, 0.9499450753222668, 0.0014801866943640052, 0.9707299971263381, 0.0015300547673537945, 0.973376785942828, 0.9999999999563743, 0.0014673139279451908, 0.6489928111407127, 0.9578373420334872, 0.9999999661405748, 0.828748882717579, 0.9915057854891878, 0.9941115220244974, 0.7475054445429513], [0.9957390925505648, 0.9999999483210518, 0.9999999997023152, 0.9999999963143072, 0.999999993676556, 0.9916153075830041, 0.9999999998817891, 0.953715298227933, 0.9999999994894209, 1.0, 0.9999999470367502, 0.9999999720207965, 0.99999999552221, 0.971365117946935, 0.0015134784746108076, 0.9999999943361122, 0.0015121356536115238, 0.9999999886292796, 0.9752982525958784, 0.9999999194465317, 0.9999999912291814, 0.9999999583958564, 0.9999998924940369, 0.9999999464068645, 0.9999999342991814, 0.9999999145055798, 0.999999924779257, 0.9983950834903705, 0.999999945148067, 0.9999999318318468, 0.9905170217109958, 0.9999999012153862, 0.9772037026277582, 0.9999999996164018, 0.9999998899920161, 0.9999999389470093, 0.9999999979168384, 0.9808061257637517, 0.9999999586827975, 0.9999999984336592, 0.9790982684816639, 0.9811305818814479, 0.9767226047017256, 0.9999999982093571, 0.001528632595818924, 0.2709285951608169, 0.9499508926443414, 0.0014988068923788012, 0.970735235011862, 0.0015486765413272874, 0.973381781029531, 0.9999999997357961, 0.0014859331683663157, 0.649006973791804, 0.9578426846176967, 0.9999999574543867, 0.8287592976023281, 0.9915082021745013, 0.9941135338233287, 0.7475178088837277], [0.9957214632738127, 0.9999999999831556, 0.9999999398862197, 0.999999971273897, 0.999999976908331, 0.9915902318590227, 0.9999999429790135, 0.9536569999459868, 0.9999999568278105, 0.9999999470367502, 1.0, 0.9999999960295108, 0.9999999706533499, 0.9713190230128315, 0.0013195809228565558, 0.9999999759681591, 0.0013182380905510938, 0.999999984718642, 0.9752554147574819, 0.9999999970899639, 0.999999981106895, 0.9999999992924873, 0.9999999904352038, 0.9999999999780168, 0.999999999310263, 0.9999999961145165, 0.999999998044274, 0.9983796722355373, 0.9999999999383544, 0.9999999990281154, 0.9904903657370376, 0.999999703906691, 0.9771625559810548, 0.9999999522095723, 0.9999996845237544, 0.9999999997123641, 0.9999999240479759, 0.9807682842715637, 0.9999999992261883, 0.999999963482179, 0.9790592825366057, 0.981093118903318, 0.9766809450371942, 0.9999999257842289, 0.0013347257147486857, 0.2707564848806614, 0.9498910395194048, 0.0013073734836138717, 0.9706886782165145, 0.0013572269795568692, 0.9733373891726884, 0.9999999541216454, 0.0012945097597785171, 0.6488613376267884, 0.9577877123368111, 0.9999999993950532, 0.8286521829949177, 0.9914833096785542, 0.9940928037805989, 0.747390656672609], [0.9957261913870735, 0.9999999963850453, 0.9999999666911551, 0.9999999886092178, 0.999999992026455, 0.9915976062147742, 0.999999969036322, 0.9536741312250967, 0.9999999789741899, 0.9999999720207965, 0.9999999960295108, 1.0, 0.9999999879131765, 0.9713325696180578, 0.0013765226751685233, 0.9999999914969564, 0.0013751798437058316, 0.9999999962729572, 0.9752680055024412, 0.9999999864141635, 0.9999999943109911, 0.9999999986527739, 0.999999974190014, 0.9999999958373013, 0.9999999920584459, 0.9999999843257078, 0.9999999885333247, 0.9983840004397478, 0.9999999955068524, 0.9999999911925926, 0.9904982042536509, 0.9999997682801939, 0.9771746509237234, 0.9999999756109724, 0.999999751099632, 0.999999993613117, 0.9999999547469312, 0.9807794069608343, 0.9999999986271337, 0.9999999835805107, 0.9790697265355363, 0.9811041323548372, 0.9766931879364762, 0.9999999560965047, 0.0013916699144885802, 0.2708005475836205, 0.9499070676962329, 0.0013586050495569824, 0.9707023615489143, 0.0014084630164943324, 0.9733504380126315, 0.9999999770812041, 0.0013457385784801934, 0.6489003196061195, 0.9578024337755978, 0.9999999984781827, 0.8286808575317538, 0.9914899817334836, 0.9940983618275302, 0.7474246929914089], [0.9957373230315414, 0.9999999714633913, 0.9999999937584456, 0.9999999992341271, 0.9999999993486569, 0.9916066399975515, 0.9999999940078427, 0.9536951311307108, 0.9999999977368638, 0.99999999552221, 0.9999999706533499, 0.9999999879131765, 1.0, 0.971349177929582, 0.0014463840909306747, 0.9999999992352998, 0.0014450412206640229, 0.9999999973092286, 0.9752834373535718, 0.9999999494444731, 0.9999999984443675, 0.9999999787869507, 0.9999999281595772, 0.9999999704301676, 0.9999999611648845, 0.9999999455349272, 0.9999999539229292, 0.998391723024055, 0.999999968957699, 0.9999999590824771, 0.9905078071405159, 0.9999998575655081, 0.9771894695866634, 0.9999999973980437, 0.9999998456240974, 0.9999999646317712, 0.9999999876533866, 0.9807930428765517, 0.9999999787278038, 0.999999998517778, 0.9790943121203115, 0.9811176225193589, 0.9767082051649032, 0.9999999886195727, 0.001461536188545165, 0.2708669992998678, 0.9499448179318597, 0.001479374199336525, 0.9707191310422679, 0.0015292381641556219, 0.9733664216524476, 0.9999999971187099, 0.0014665039996273332, 0.6489922000225833, 0.9578371241866854, 0.9999999780583341, 0.8287484391169744, 0.991505689929675, 0.994111446196037, 0.7475049135612355], [0.9671987792848588, 0.971320333923968, 0.9713658469501357, 0.9713524573141876, 0.971349473494537, 0.9939232828649397, 0.9713672371656429, 0.9978522107806842, 0.9713599329015706, 0.971365117946935, 0.9713190230128315, 0.9713325696180578, 0.971349177929582, 1.0, 0.23906153142119224, 0.9713498138379368, 0.23906022753433376, 0.9713428581595959, 0.9998528236581753, 0.971309862541692, 0.9713437006780911, 0.9713253851902295, 0.9712998934056418, 0.9713182573634622, 0.9713140854481819, 0.9713072068128108, 0.9713102582175375, 0.9788739752464101, 0.971319928546258, 0.9713138726438707, 0.9947964141833896, 0.9714268937068088, 0.9996631992641176, 0.9713594239790134, 0.9714273444038809, 0.9713157544656797, 0.9713745782581755, 0.9990477900398498, 0.9713240740283641, 0.9713588523321713, 0.9511076733182593, 0.9989734594335297, 0.9997191692646457, 0.9713737785978007, 0.2390762425615276, 0.26341651690076395, 0.9228204545116053, 0.0016882432106731793, 0.9999965148298571, 0.0017476154874246363, 0.9999626270116696, 0.971361539870536, 0.0016696393292622291, 0.6305757224056402, 0.9304321656049123, 0.9713252973345585, 0.8051198180948237, 0.9631125322131112, 0.9656325507700823, 0.7262390541633207], [0.001419412327064551, 0.001325093501452268, 0.001516557665617091, 0.0014601791428002775, 0.0014476225841516532, 0.13072550490521184, 0.0015224018139886608, 0.30215403790143913, 0.0014916478680904177, 0.0015134784746108076, 0.0013195809228565558, 0.0013765226751685233, 0.0014463840909306747, 0.23906153142119224, 1.0, 0.0014490542477199053, 0.9999999999981266, 0.001419788272196909, 0.2223678719162343, 0.0012811116932626154, 0.0014233322207503063, 0.0013463228746561917, 0.0012392440946417116, 0.0013163610568166506, 0.001298838957220827, 0.0012699513801298634, 0.0012827615627241107, 0.03968916942254663, 0.0013233959432251696, 0.0012979502260440645, 0.13888896351983748, 0.00177403404928822, 0.21378241045247093, 0.0014895134885304362, 0.0017759892603286254, 0.0013058490999694472, 0.0015533246730867756, 0.19646968992767233, 0.0013408051942938037, 0.0014870936784606714, 0.001736095050379749, 0.194830739282975, 0.2159842958171615, 0.001549956676152875, 0.9999999992472245, 0.001700686102257265, 0.0018324402177336552, 0.0012831767455052656, 0.24162105438865433, 0.0013292689026277449, 0.2306622943225467, 0.0014984129352638709, 0.0012574805964682412, 0.0018566177575378706, 0.0016090224243915374, 0.0013459554394495976, 0.0018107934387000535, 0.0015233602809386904, 0.001475647431444349, 0.0018642603301003424], [0.9957337300125907, 0.9999999768139203, 0.9999999918353245, 0.9999999997641206, 0.9999999999202376, 0.9916069874537583, 0.9999999928801812, 0.9536959389629878, 0.9999999971827555, 0.9999999943361122, 0.9999999759681591, 0.9999999914969564, 0.9999999992352998, 0.9713498138379368, 0.0014490542477199053, 1.0, 0.0014477114157794846, 0.9999999990007207, 0.9752840305774343, 0.9999999564267621, 0.9999999995840891, 0.9999999833920932, 0.9999999361378576, 0.9999999755706167, 0.9999999671764545, 0.9999999527696704, 0.9999999603640447, 0.9983901943041603, 0.9999999746456985, 0.9999999653989816, 0.9905081765228047, 0.9999998482629571, 0.9771900423536763, 0.999999995860796, 0.9999998345726572, 0.9999999704275255, 0.9999999853910364, 0.9807935641360523, 0.999999983511617, 0.9999999986325538, 0.9790863911536285, 0.9811181455118942, 0.976708774762372, 0.9999999861987893, 0.001464205356769277, 0.27086925566488984, 0.9499326521650869, 0.0014404348813178425, 0.9707197771661921, 0.0014902990716685327, 0.9733670422461356, 0.9999999964549967, 0.0014275645435216644, 0.6489625743559948, 0.9578259349971574, 0.9999999827848447, 0.8287266466879092, 0.9915006241705652, 0.9941072253390685, 0.7474790469007425], [0.0014179902124733523, 0.001323750671401891, 0.0015152148405759291, 0.0014588363214209643, 0.0014462797359928725, 0.13072417360882382, 0.0015210590062377793, 0.3021527578294204, 0.001490305049366314, 0.0015121356536115238, 0.0013182380905510938, 0.0013751798437058316, 0.0014450412206640229, 0.23906022753433376, 0.9999999999981266, 0.0014477114157794846, 1.0, 0.001418445443853833, 0.22236656270743127, 0.001279768858212349, 0.0014219893936052719, 0.0013449800398415146, 0.0012379012505319142, 0.0013150182164313184, 0.0012974961200431512, 0.0012686085495590138, 0.0012814187219868378, 0.03968779012641388, 0.0013220531154083393, 0.0012966073934943534, 0.13888763370577628, 0.0017726912846508514, 0.21378109865371653, 0.0014881706486012947, 0.0017746464499528436, 0.0013045062663136209, 0.0015519818627128812, 0.1964683732718554, 0.0013394623764128033, 0.0014857508576365808, 0.001734593264967832, 0.1948294221725635, 0.2159829846718061, 0.0015486138542901706, 0.999999999225034, 0.001701329761590542, 0.0018308773274530177, 0.0012822551502994495, 0.24161975133870905, 0.001328347283314546, 0.23066098767520626, 0.001497070118828825, 0.0012565589888795525, 0.001855046547581507, 0.0016074718133414212, 0.001344612605583162, 0.0018091658094483432, 0.001521909117723541, 0.0014742127037825625, 0.0018626455878889558], [0.9957312366046561, 0.9999999853789725, 0.9999999852211259, 0.9999999978844658, 0.9999999990910867, 0.9916032041888828, 0.9999999866617822, 0.9536871405362821, 0.9999999929034377, 0.9999999886292796, 0.999999984718642, 0.9999999962729572, 0.9999999973092286, 0.9713428581595959, 0.001419788272196909, 0.9999999990007207, 0.001418445443853833, 1.0, 0.9752775660777359, 0.9999999685167368, 0.9999999997703692, 0.9999999904659305, 0.999999951000246, 0.9999999843921716, 0.9999999775563112, 0.9999999654302923, 0.9999999718675687, 0.998387944497055, 0.9999999836271919, 0.9999999760764686, 0.9905041546527984, 0.9999998229770102, 0.9771838325105263, 0.999999990923417, 0.9999998081069295, 0.9999999802391638, 0.9999999768460085, 0.9807878543625259, 0.9999999906075847, 0.999999995361434, 0.9790808764041836, 0.981112491496426, 0.9767024893828771, 0.9999999778243669, 0.0014349381784123372, 0.27084968209750304, 0.9499241846581564, 0.0014133470489562372, 0.9707127509784036, 0.0014632090717060509, 0.9733603419078684, 0.9999999917720374, 0.0014004780329472943, 0.648941967671746, 0.9578181575196633, 0.9999999899973488, 0.8287114910322003, 0.9914971031659273, 0.9941042932672549, 0.7474610557772253], [0.9711118088362735, 0.9752566335461029, 0.9752989284199439, 0.975286486987946, 0.9752837145411932, 0.995665441146273, 0.9753002221511483, 0.9965815561480499, 0.9752934338188596, 0.9752982525958784, 0.9752554147574819, 0.9752680055024412, 0.9752834373535718, 0.9998528236581753, 0.2223678719162343, 0.9752840305774343, 0.22236656270743127, 0.9752775660777359, 1.0, 0.9752469014598057, 0.9752783478641681, 0.9752613284630121, 0.9752376348411596, 0.9752547028859343, 0.9752508257973769, 0.9752444325846438, 0.9752472684703585, 0.982161061892163, 0.9752562572896458, 0.9752506283840946, 0.9963978989256322, 0.97535565022682, 0.9999612997258238, 0.9752929591232513, 0.9753560661156382, 0.9752523769463192, 0.9753070437468611, 0.9996492518873239, 0.9752601090143678, 0.9752924312271456, 0.9549437212471056, 0.9996035926399861, 0.9999785703874774, 0.9753063005752826, 0.22238264042398292, 0.2644103280329817, 0.926533817993859, 0.0016204756034466916, 0.9998041117879253, 0.0016792734482177218, 0.9999637186964937, 0.9752949273479122, 0.0016022513473012978, 0.6330739904199258, 0.9341818218140236, 0.9752612470122367, 0.8083409026856926, 0.9670050980427258, 0.9695373617821504, 0.7291321884601957], [0.9957170022078043, 0.9999999968025896, 0.9999999106007464, 0.9999999501668628, 0.9999999577546923, 0.9915852416860443, 0.9999999144891408, 0.9536454204812252, 0.999999931606996, 0.9999999194465317, 0.9999999970899639, 0.9999999864141635, 0.9999999494444731, 0.971309862541692, 0.0012811116932626154, 0.9999999564267621, 0.001279768858212349, 0.9999999685167368, 0.9752469014598057, 1.0, 0.9999999633763447, 0.9999999936192815, 0.9999999980252412, 0.99999999718744, 0.9999999992208125, 0.9999999999080788, 0.9999999998677748, 0.9983761696199499, 0.9999999975286142, 0.9999999994803151, 0.9904850622165947, 0.999999642648142, 0.9771543795782787, 0.9999999257699079, 0.9999996212275433, 0.9999999986258686, 0.9999998916035812, 0.9807607607274521, 0.9999999934071356, 0.9999999401571404, 0.9790494393005503, 0.9810856737028876, 0.9766726622498106, 0.9999998936682972, 0.0012962541333996214, 0.270713150385818, 0.949875935622776, 0.0012591088054147992, 0.9706794279770083, 0.0013089587095211908, 0.9733285705245689, 0.9999999282271214, 0.0012462473341334768, 0.6488246091943405, 0.9577738367712251, 0.9999999939811891, 0.8286251635231503, 0.9914770180997886, 0.9940875613629927, 0.7473585868704614], [0.9957326474592699, 0.9999999818058891, 0.9999999883369229, 0.9999999988738754, 0.9999999995599625, 0.9916036620505173, 0.9999999894739612, 0.9536882039176747, 0.9999999949358366, 0.9999999912291814, 0.999999981106895, 0.9999999943109911, 0.9999999984443675, 0.9713437006780911, 0.0014233322207503063, 0.9999999995840891, 0.0014219893936052719, 0.9999999997703692, 0.9752783478641681, 0.9999999633763447, 1.0, 0.9999999875047404, 0.9999999447256375, 0.999999980769067, 0.9999999732215927, 0.9999999601054489, 0.9999999670601543, 0.9983887193047642, 0.9999999798222144, 0.9999999715766416, 0.9905046412132258, 0.9999998340923927, 0.9771845817591497, 0.9999999933618864, 0.9999998198508738, 0.9999999761631413, 0.9999999806540142, 0.9807885465005377, 0.9999999877445352, 0.9999999968255675, 0.9790839931886917, 0.9811131729209634, 0.9767032533844306, 0.9999999815547185, 0.001438482881269909, 0.27086373565063304, 0.9499289705531574, 0.0014286589495542401, 0.9707135997726221, 0.001478521726446469, 0.9733611486678796, 0.9999999939613877, 0.0014157894320353526, 0.6489536165620079, 0.9578225553730539, 0.9999999869563808, 0.8287200591681826, 0.9914990942564369, 0.9941059516964276, 0.7474712262621548], [0.9957234093683651, 0.9999999994422957, 0.9999999519671917, 0.9999999794315955, 0.9999999841909475, 0.9915936954905228, 0.9999999547750139, 0.9536650464078851, 0.9999999669857522, 0.9999999583958564, 0.9999999992924873, 0.9999999986527739, 0.9999999787869507, 0.9713253851902295, 0.0013463228746561917, 0.9999999833920932, 0.0013449800398415146, 0.9999999904659305, 0.9752613284630121, 0.9999999936192815, 0.9999999875047404, 1.0, 0.9999999846315756, 0.9999999992012525, 0.9999999972464778, 0.9999999921549495, 0.9999999950383608, 0.998381580993542, 0.9999999990651647, 0.9999999967285363, 0.9904940474326281, 0.999999731606011, 0.9771682374354241, 0.9999999628714558, 0.999999713147382, 0.9999999981209964, 0.9999999377840839, 0.9807735079295669, 0.9999999998980066, 0.9999999728326612, 0.9790635802187819, 0.9810982926263918, 0.9766866940659256, 0.9999999393720095, 0.0013614686087702887, 0.27077198476822617, 0.9498976344938009, 0.001328450076245491, 0.9706951053929602, 0.001378305452940487, 0.9733435192710731, 0.9999999646219551, 0.0013155852141978341, 0.6488773754027521, 0.9577937696039978, 0.999999999992694, 0.8286639804115783, 0.991486055559984, 0.9940950913410388, 0.747404659929072], [0.9957141620783535, 0.999999989867609, 0.9999998824226082, 0.999999928571682, 0.9999999378195206, 0.9915798105108068, 0.9999998867224809, 0.9536328153297123, 0.99999990663827, 0.9999998924940369, 0.9999999904352038, 0.999999974190014, 0.9999999281595772, 0.9712998934056418, 0.0012392440946417116, 0.9999999361378576, 0.0012379012505319142, 0.999999951000246, 0.9752376348411596, 0.9999999980252412, 0.9999999447256375, 0.9999999846315756, 1.0, 0.9999999906938962, 0.9999999948780072, 0.9999999987043175, 0.9999999971235307, 0.9983732714250126, 0.9999999911538838, 0.9999999955155292, 0.9904792897631516, 0.9999995879153072, 0.9771454771570469, 0.9999999000509633, 0.9999995651967336, 0.9999999934639802, 0.9999998606030076, 0.9807525738767446, 0.9999999843360621, 0.9999999165996132, 0.9790431731440626, 0.9810775663143658, 0.9766636523405656, 0.9999998629909115, 0.0012543848770881771, 0.27067889914902343, 0.9498663256803352, 0.0012284284034749238, 0.9706693578510138, 0.0012782749401792914, 0.9733189663936104, 0.9999999026753805, 0.0012155690071571357, 0.6488012583853238, 0.957765012497115, 0.9999999851782545, 0.8286079840470657, 0.9914730129540165, 0.9940842236715817, 0.747338196972412], [0.9957218325279906, 0.9999999999342934, 0.9999999392689449, 0.9999999708007935, 0.9999999765816457, 0.991589815104309, 0.9999999422673758, 0.9536560310983203, 0.9999999562530558, 0.9999999464068645, 0.9999999999780168, 0.9999999958373013, 0.9999999704301676, 0.9713182573634622, 0.0013163610568166506, 0.9999999755706167, 0.0013150182164313184, 0.9999999843921716, 0.9752547028859343, 0.99999999718744, 0.999999980769067, 0.9999999992012525, 0.9999999906938962, 1.0, 0.9999999993679324, 0.9999999962275913, 0.9999999981637652, 0.9983797169086194, 0.9999999998831276, 0.9999999990675743, 0.9904899227273961, 0.9999997022914527, 0.9771618717955676, 0.9999999517345601, 0.9999996830996138, 0.9999999997354702, 0.9999999232579236, 0.9807676558294207, 0.999999999083532, 0.9999999629245854, 0.9790600943786015, 0.9810924957494402, 0.9766802538259531, 0.9999999250520587, 0.00133150585712416, 0.2707524463423674, 0.9498922868251644, 0.001311368015469494, 0.9706879043503784, 0.0013612211919070694, 0.9733366506563474, 0.9999999535171343, 0.0012985044929453293, 0.6488643769407669, 0.9577888608466848, 0.9999999993001755, 0.828654418952787, 0.9914838296178098, 0.994093237196875, 0.7473933104547181], [0.9957195467966371, 0.9999999991477493, 0.9999999263592395, 0.9999999617030888, 0.999999968330934, 0.9915875427340083, 0.9999999297732691, 0.9536507574438534, 0.999999945249846, 0.9999999342991814, 0.999999999310263, 0.9999999920584459, 0.9999999611648845, 0.9713140854481819, 0.001298838957220827, 0.9999999671764545, 0.0012974961200431512, 0.9999999775563112, 0.9752508257973769, 0.9999999992208125, 0.9999999732215927, 0.9999999972464778, 0.9999999948780072, 0.9999999993679324, 1.0, 0.9999999986796947, 0.9999999996757971, 0.9983780064029538, 0.999999999462017, 0.999999999963649, 0.9904875076205238, 0.9999996746697504, 0.9771581482112686, 0.9999999401102531, 0.9999996544184819, 0.9999999999120672, 0.9999999089204321, 0.9807642294766042, 0.9999999970968482, 0.9999999528024037, 0.9790550514693962, 0.9810891052437363, 0.9766764815100124, 0.9999999108402168, 0.0013139826558405954, 0.27073447492138514, 0.9498845476501725, 0.0012866312481336628, 0.9706836916274812, 0.0013364828637797421, 0.9733326345973605, 0.9999999422069465, 0.0012737686995675235, 0.6488455534177306, 0.9577817499079244, 0.9999999974689057, 0.8286405715499258, 0.9914806060723412, 0.9940905512328233, 0.7473768746358416], [0.99571631794648, 0.9999999957649375, 0.9999999054480396, 0.9999999462907516, 0.9999999541090007, 0.9915837954919178, 0.9999999094220784, 0.9536420612946366, 0.9999999270778023, 0.9999999145055798, 0.9999999961145165, 0.9999999843257078, 0.9999999455349272, 0.9713072068128108, 0.0012699513801298634, 0.9999999527696704, 0.0012686085495590138, 0.9999999654302923, 0.9752444325846438, 0.9999999999080788, 0.9999999601054489, 0.9999999921549495, 0.9999999987043175, 0.9999999962275913, 0.9999999986796947, 1.0, 0.9999999996348247, 0.9983754303176394, 0.9999999965903152, 0.999999999014383, 0.9904835249575197, 0.9999996324256913, 0.9771520072049973, 0.999999921074229, 0.9999996106623019, 0.9999999979379279, 0.9999998858912067, 0.9807585802431591, 0.9999999920080546, 0.9999999358563194, 0.9790479301341285, 0.9810835130983084, 0.9766702630037134, 0.9999998879863778, 0.0012850935707692246, 0.2707110183903173, 0.949873620264659, 0.001251712108051417, 0.970676744566029, 0.0013015614103044637, 0.973326010451093, 0.9999999235841248, 0.0012388509847748308, 0.6488189800481969, 0.9577717097817737, 0.9999999925493263, 0.8286210222975856, 0.9914760532393357, 0.9940867573160982, 0.7473536715748422], [0.9957183389511112, 0.9999999977725856, 0.9999999163266086, 0.9999999543586686, 0.9999999616632984, 0.9915854581781051, 0.9999999199258053, 0.9536459181850108, 0.9999999365324996, 0.999999924779257, 0.999999998044274, 0.9999999885333247, 0.9999999539229292, 0.9713102582175375, 0.0012827615627241107, 0.9999999603640447, 0.0012814187219868378, 0.9999999718675687, 0.9752472684703585, 0.9999999998677748, 0.9999999670601543, 0.9999999950383608, 0.9999999971235307, 0.9999999981637652, 0.9999999996757971, 0.9999999996348247, 1.0, 0.9983768409291165, 0.9999999983208069, 0.9999999997981284, 0.9904852920304104, 0.9999996538509693, 0.9771547309147794, 0.9999999310701916, 0.9999996330490913, 0.9999999992539123, 0.9999998977573706, 0.9807610866124366, 0.9999999948470978, 0.9999999446728777, 0.9790523851370504, 0.9810859933016101, 0.976673022359098, 0.9999998998066123, 0.0012979045620372665, 0.2707201639614314, 0.9498804574206824, 0.0012735670069025096, 0.9706798258481384, 0.0013234172807602418, 0.9733289480300912, 0.9999999332546793, 0.0012607052889727077, 0.6488356113067936, 0.9577779938328295, 0.9999999953382804, 0.8286332575337554, 0.9914789022581467, 0.9940891315897112, 0.7473681934862196], [0.9979949417016166, 0.9983798655499864, 0.9983960331913748, 0.9983909446172471, 0.9983903145965426, 0.9949533771318352, 0.9983954161632286, 0.9636584269004628, 0.9983934751057666, 0.9983950834903705, 0.9983796722355373, 0.9983840004397478, 0.998391723024055, 0.9788739752464101, 0.03968916942254663, 0.9983901943041603, 0.03968779012641388, 0.998387944497055, 0.982161061892163, 0.9983761696199499, 0.9983887193047642, 0.998381580993542, 0.9983732714250126, 0.9983797169086194, 0.9983780064029538, 0.9983754303176394, 0.9983768409291165, 1.0, 0.9983794164387949, 0.9983776337230043, 0.9941684237597597, 0.9984150200125356, 0.9837327342018849, 0.9983944480540433, 0.9984169573179864, 0.9983785519493096, 0.9983979637190467, 0.9866741793867072, 0.9983811920953455, 0.998392525786565, 0.986044021974634, 0.9869285827481286, 0.9833467335833853, 0.9983979771767919, 0.039705415203032945, 0.27037440255169787, 0.9615085820478669, 0.04337381861186429, 0.9783390078825028, 0.043425349909203104, 0.9805584859199227, 0.998393883241615, 0.043359993946234354, 0.679821217320292, 0.9683286239327165, 0.9983814300287759, 0.850857975826753, 0.9953573783185539, 0.9970488446131022, 0.7741303987268571], [0.9957205789274609, 0.9999999999393774, 0.9999999377615606, 0.9999999698489842, 0.9999999755897654, 0.9915907242508759, 0.9999999410738097, 0.9536581475858764, 0.9999999550921066, 0.999999945148067, 0.9999999999383544, 0.9999999955068524, 0.999999968957699, 0.971319928546258, 0.0013233959432251696, 0.9999999746456985, 0.0013220531154083393, 0.9999999836271919, 0.9752562572896458, 0.9999999975286142, 0.9999999798222144, 0.9999999990651647, 0.9999999911538838, 0.9999999998831276, 0.999999999462017, 0.9999999965903152, 0.9999999983208069, 0.9983794164387949, 1.0, 0.9999999992645576, 0.9904908893681571, 0.9999996995899159, 0.9771633666983087, 0.9999999502164441, 0.9999996798037757, 0.9999999997901158, 0.999999921837445, 0.9807690269540633, 0.9999999989664607, 0.9999999619830482, 0.9790573341729094, 0.9810938575941444, 0.9766817609018414, 0.9999999235619526, 0.0013385403807113505, 0.2707525019442478, 0.9498880479348365, 0.0012978031563887216, 0.9706895947967327, 0.0013476566610701735, 0.9733382653677498, 0.9999999523551821, 0.0012849394506597722, 0.6488540554940175, 0.9577849610622875, 0.9999999992056514, 0.8286468257962035, 0.9914820633149208, 0.99409176509117, 0.7473842983190409], [0.9957188022329623, 0.9999999988594894, 0.9999999236920022, 0.9999999598077357, 0.9999999665528867, 0.9915874264409662, 0.9999999272657409, 0.9536504895793431, 0.9999999429890822, 0.9999999318318468, 0.9999999990281154, 0.9999999911925926, 0.9999999590824771, 0.9713138726438707, 0.0012979502260440645, 0.9999999653989816, 0.0012966073934943534, 0.9999999760764686, 0.9752506283840946, 0.9999999994803151, 0.9999999715766416, 0.9999999967285363, 0.9999999955155292, 0.9999999990675743, 0.999999999963649, 0.999999999014383, 0.9999999997981284, 0.9983776337230043, 0.9999999992645576, 1.0, 0.9904873841369005, 0.9999996693105242, 0.9771579591682007, 0.9999999376432555, 0.9999996487084964, 0.9999999997922306, 0.9999999060509146, 0.9807640542839506, 0.9999999965844998, 0.9999999507442633, 0.9790534106764104, 0.9810889332789712, 0.9766762879505341, 0.9999999079680414, 0.0013130936459719855, 0.27073190855343654, 0.9498820287890796, 0.0012785757943358789, 0.9706834775459137, 0.0013284272620948112, 0.9733324313753272, 0.9999999398969641, 0.0012657133430848955, 0.6488394237218322, 0.957779433979799, 0.9999999969827617, 0.828636062147852, 0.9914795565892627, 0.9940896766299855, 0.7473715224606073], [0.9862751977687382, 0.9904911242600354, 0.9905174411630115, 0.9905097045471143, 0.9905079798728633, 0.9999660621283106, 0.9905182464048735, 0.9859859446016616, 0.990514025100069, 0.9905170217109958, 0.9904903657370376, 0.9904982042536509, 0.9905078071405159, 0.9947964141833896, 0.13888896351983748, 0.9905081765228047, 0.13888763370577628, 0.9905041546527984, 0.9963978989256322, 0.9904850622165947, 0.9905046412132258, 0.9904940474326281, 0.9904792897631516, 0.9904899227273961, 0.9904875076205238, 0.9904835249575197, 0.9904852920304104, 0.9941684237597597, 0.9904908893681571, 0.9904873841369005, 1.0, 0.9905526720947875, 0.9971053392961404, 0.9905137292601123, 0.9905529255015675, 0.9904884738230663, 0.9905224871614969, 0.9982942265604885, 0.990493288888752, 0.9905134019596986, 0.969827911260193, 0.9983903947557207, 0.9969313756130012, 0.9905220251401716, 0.13890396575095, 0.2684458576232811, 0.9409652381055426, 0.00155968144209373, 0.994524306903207, 0.001615396595831431, 0.9956396005784355, 0.99051495393086, 0.001543404732793241, 0.6428958323499135, 0.9487524079862794, 0.9904939965320094, 0.820920197778461, 0.9820957680714754, 0.9846714878913251, 0.740462800351193], [0.9957612916171913, 0.9999997069924479, 0.9999999102041258, 0.9999998595451732, 0.9999998450801989, 0.9916488345347935, 0.9999999067251181, 0.9537934744304433, 0.999999886752633, 0.9999999012153862, 0.999999703906691, 0.9999997682801939, 0.9999998575655081, 0.9714268937068088, 0.00177403404928822, 0.9999998482629571, 0.0017726912846508514, 0.9999998229770102, 0.97535565022682, 0.999999642648142, 0.9999998340923927, 0.999999731606011, 0.9999995879153072, 0.9999997022914527, 0.9999996746697504, 0.9999996324256913, 0.9999996538509693, 0.9984150200125356, 0.9999996995899159, 0.9999996693105242, 0.9905526720947875, 1.0, 0.9772588263786421, 0.9999998929466101, 0.9999999989861482, 0.99999968517133, 0.9999999277873995, 0.9808568091889226, 0.9999997327590161, 0.9999998751151647, 0.9791475878206407, 0.98118075471137, 0.9767784202099293, 0.999999925879168, 0.0017892009474211878, 0.271185361700228, 0.9500267020124635, 0.0017417787923631467, 0.9707976303265389, 0.0017916712210827024, 0.9734412652225558, 0.9999998910567669, 0.001728890882639944, 0.6491917056833462, 0.9579122868594933, 0.9999997292561577, 0.8288951046010707, 0.991539623665053, 0.9941396706208403, 0.7476790628330146], [0.9730036267213575, 0.9771637273286455, 0.977204349648011, 0.977192401454418, 0.9771897391950191, 0.9964450981393813, 0.9772055946402859, 0.9958162231596811, 0.9771990736344851, 0.9772037026277582, 0.9771625559810548, 0.9771746509237234, 0.9771894695866634, 0.9996631992641176, 0.21378241045247093, 0.9771900423536763, 0.21378109865371653, 0.9771838325105263, 0.9999612997258238, 0.9771543795782787, 0.9771845817591497, 0.9771682374354241, 0.9771454771570469, 0.9771618717955676, 0.9771581482112686, 0.9771520072049973, 0.9771547309147794, 0.9837327342018849, 0.9771633666983087, 0.9771579591682007, 0.9971053392961404, 0.9772588263786421, 1.0, 0.977198615414088, 0.9772592227235202, 0.9771596380487039, 0.9772121464984564, 0.9998435311093998, 0.977167064749975, 0.9771981127595073, 0.9567933078933522, 0.9998125933530997, 0.9999974044123545, 0.9772114326106665, 0.2137972044909353, 0.26484515033636447, 0.9283192347409329, 0.001544221586194383, 0.9995913100928926, 0.001602716286846717, 0.9998501271864739, 0.9772005084280808, 0.001526195376251538, 0.6342513226606012, 0.9359860219240921, 0.9771681595036078, 0.809877179031055, 0.9688853259707249, 0.971424477216769, 0.7305050201909478], [0.9957397075792729, 0.9999999533373672, 0.9999999992104062, 0.9999999974175701, 0.999999995407558, 0.9916122106877877, 0.9999999991307114, 0.9537080921506015, 0.9999999996780011, 0.9999999996164018, 0.9999999522095723, 0.9999999756109724, 0.9999999973980437, 0.9713594239790134, 0.00148951348853043