"[[1.0, 0.9485167482942856, 0.8992026935531405, 0.9433852192556553, 0.8867200078299302, 0.9673795515373931, 0.9528209412383017, 0.9191186279257677, 0.8862047603411382, 0.9324949137346786, 0.9730195356591349, 0.973412316071483, 0.842596568952496, 0.9123536561376463, 0.8038071366716435, 0.9030990853005967, 0.8283485968117287, 0.8560388846022994, 0.848831763793612, 0.8434881009779682, 0.8601639078401665, 0.8805045634534845, 0.6473002320345856, 0.8432782326272601, 0.9884630238881965, 0.6823804384125003, 0.6851391100168907, 0.788570585721079, 0.8853439598340795, 0.8680649493535996, 0.9281093419494215, 0.803680193645493, 0.9327808029394697, 0.8961847011800678, 0.8956302303117731, 0.8991566623967219, 0.9164108127710836, 0.9247502260517987, 0.8996534146302143, 0.9250250836321858, 0.86608727184042, 0.8516798471476602, 0.8787624520664158, 0.8849865171644664, 0.35682047114376514, 0.589300131786605, 0.8834888033486245, 0.5473471821650652, 0.9928158821273438, 0.7322784932425824, 0.8580213203866731, 0.9321703627448383, 0.5467026610944117, 0.7539598141559478, 0.759830861924839, 0.8799287476738532, 0.6092007105046284, 0.6496786627884438, 0.7266913736748877, 0.6136104274719159], [0.9485167482942856, 1.0, 0.7549094996045401, 0.8813811351834235, 0.7624314378222347, 0.9835046033803451, 0.905940929733508, 0.9183094289655147, 0.764779027066222, 0.813869431653238, 0.9943935402296197, 0.9437994660279803, 0.7248628505939089, 0.8514047596210411, 0.7423415106015683, 0.7987443942565584, 0.6438184497979659, 0.7506253458089406, 0.8068749277532798, 0.9547025526573476, 0.7678079263365901, 0.7096450090036104, 0.7547777000893273, 0.6501738483388623, 0.8972274533026888, 0.772679478967705, 0.7201192006938048, 0.807819657458009, 0.8762837174278136, 0.8828777826588621, 0.7886751628294745, 0.8940089238970478, 0.9236918794275951, 0.7555363199886506, 0.7726943044862764, 0.8838172279967235, 0.7868201533743924, 0.8456510798404455, 0.7675213190503988, 0.8088625621716166, 0.7543806625787052, 0.8756352792822188, 0.7317847837679311, 0.7672141562692423, 0.1406725630366723, 0.36869824882844227, 0.7366127977348512, 0.3445393043872149, 0.9706777299604523, 0.5586620147197325, 0.8761656638089669, 0.8296370214649824, 0.27160702369305556, 0.5927654525790451, 0.5609371089712518, 0.8968630753754703, 0.48586743561688217, 0.5311519937868032, 0.7550294573602335, 0.4194983432729542], [0.8992026935531405, 0.7549094996045401, 1.0, 0.9618395717077306, 0.9942723649266499, 0.8497758876608957, 0.9478635686185408, 0.8545956776053617, 0.9900995188141117, 0.9740656951196618, 0.8078694257862568, 0.7993103654385562, 0.9795792295893216, 0.9529385996593421, 0.62754036818072, 0.985031584959049, 0.8166819261535736, 0.976999578573701, 0.9187807465796611, 0.6165523920261171, 0.9710484804442419, 0.8676632615950931, 0.3227090455212923, 0.8704177116628501, 0.9501856752738215, 0.49456717038172626, 0.37859357498957413, 0.4723180585339892, 0.6812707780737751, 0.6978456067552069, 0.8547334134847023, 0.6755461378302914, 0.8710880031902812, 0.9993124841534485, 0.9957096555465227, 0.8643512232705688, 0.9923856560935475, 0.9753922724338108, 0.9638755383743536, 0.9952362847298649, 0.9804985924088614, 0.7899034794385758, 0.9982222401837458, 0.9863698289452121, 0.46295906296898426, 0.6062817642051587, 0.9992738595675862, 0.49776095712433244, 0.8660944485821443, 0.6528082652678316, 0.7485556073325628, 0.9877343046726915, 0.6858176496256272, 0.864650519697784, 0.9028031832990584, 0.776028398176249, 0.7772843970656717, 0.6674442163137532, 0.7286124765620742, 0.8477819104020999], [0.9433852192556553, 0.8813811351834235, 0.9618395717077306, 1.0, 0.9750374542203208, 0.949310631632561, 0.9983194057449896, 0.952867612504474, 0.9762901337181734, 0.9689278826724762, 0.9137670805156358, 0.8634999198749311, 0.9590661869963417, 0.994485709896082, 0.6650421507867028, 0.9870700110174869, 0.7441564232412773, 0.9732528617930515, 0.957738842472422, 0.7964804206616644, 0.9760757886951666, 0.7871396303505438, 0.43847737075097104, 0.7674744211218094, 0.9631203849770552, 0.5978232564977569, 0.4368871992352208, 0.5434070992542682, 0.727476686894122, 0.7609801329454543, 0.8114339637050307, 0.8439466783097621, 0.9351829277077407, 0.9658617419114813, 0.9757236705521404, 0.9171507165473296, 0.9619226427542379, 0.9933548285190176, 0.9212382811697285, 0.9823305962869662, 0.9745802312397798, 0.8689117652945453, 0.9585321012792904, 0.9641516759164264, 0.27344813490768893, 0.4447369937355159, 0.9577815832298163, 0.38445578431548455, 0.938574378085662, 0.5487173457309642, 0.8163955013842042, 0.9840630833724896, 0.48534496658955084, 0.772221626076773, 0.7858615017041933, 0.8479045845464894, 0.7023929752048005, 0.5864648867654534, 0.7976540210409003, 0.7230849951913478], [0.8867200078299302, 0.7624314378222347, 0.9942723649266499, 0.9750374542203208, 1.0, 0.8610656273351204, 0.9614843546610441, 0.8810107428120715, 0.9982656586119362, 0.9725585937044443, 0.811946598571885, 0.7814007256598565, 0.991128143530361, 0.9740766762556958, 0.601154618504598, 0.9958295050423208, 0.7713497916850961, 0.9940205731837558, 0.943306079886656, 0.6463165623604478, 0.9895346935003937, 0.8127900403761775, 0.2932747835294074, 0.8138611473782762, 0.9371560322385621, 0.48870389457467, 0.32487688027966977, 0.42484375698875176, 0.6435314704124069, 0.6756831530299122, 0.805285460305824, 0.7239469597379491, 0.875730938772292, 0.9968003146614701, 0.9987836978195103, 0.8692393795486013, 0.9834668470809119, 0.9852989959885881, 0.944936620271941, 0.9945557561962394, 0.9953472647649385, 0.8015486141768233, 0.9966220199806877, 0.9876480467257328, 0.3826349360532697, 0.5193591011814723, 0.995472654280838, 0.42735410289679776, 0.8625280460070909, 0.5718269016523818, 0.742792750818086, 0.9876388268673362, 0.6096600146345904, 0.8310249247341219, 0.8656975970261649, 0.7738262750421263, 0.7662190896686264, 0.6169616151947117, 0.7504297093115508, 0.82899851175734], [0.9673795515373931, 0.9835046033803451, 0.8497758876608957, 0.949310631632561, 0.8610656273351204, 1.0, 0.9656726962759851, 0.9487232379590288, 0.8609415380047675, 0.8831258802743, 0.9886615745983571, 0.9269590965966905, 0.8361903068968953, 0.9260255111208441, 0.7028442901275903, 0.8877720082061072, 0.6724757802912222, 0.8550389414677733, 0.8977256751322991, 0.9178145330767016, 0.8702173785841659, 0.7514938493990794, 0.6710003850372812, 0.7057988611027095, 0.9391185293619815, 0.7553268809649217, 0.6385487100655194, 0.7214563824634362, 0.8505405220500416, 0.8756828277501961, 0.8067142765028996, 0.8957107075134966, 0.9650799844866695, 0.8511110717198632, 0.8694782398549156, 0.9358880205589694, 0.8750053623662092, 0.9269104247066523, 0.8514234881144539, 0.8947444697851032, 0.8548339873585997, 0.917151906940454, 0.8329030620837158, 0.8664110155262069, 0.20378433300041532, 0.401745296198768, 0.837111543213145, 0.3322468098460979, 0.9788439719361471, 0.5600770814271225, 0.896856218664186, 0.9117133281250271, 0.3496011134140373, 0.6888247863398985, 0.6658748705622267, 0.9206197653294821, 0.6041404290043576, 0.5855419621851592, 0.8193704918648991, 0.5576717642687433], [0.9528209412383017, 0.905940929733508, 0.9478635686185408, 0.9983194057449896, 0.9614843546610441, 0.9656726962759851, 1.0, 0.9584265925819797, 0.9622378373335873, 0.9585088951572982, 0.9330432228201613, 0.8779318369343612, 0.9449851350618751, 0.9896403844520079, 0.6701852837594217, 0.9761382705391498, 0.7304595591205872, 0.9597521892374774, 0.9566930373788853, 0.8239695023452953, 0.965324161781599, 0.7831008676502467, 0.4839463859868238, 0.7587074952252266, 0.963805410911528, 0.6341520228575621, 0.4744233077099058, 0.5753488770672156, 0.7538956916350372, 0.788119303721331, 0.8123311820112268, 0.8600932314909927, 0.9490887436603914, 0.9514610316445209, 0.9636880722358342, 0.9295645865497255, 0.953012804226193, 0.9892842214649122, 0.9154129671108469, 0.9733687186428025, 0.9602085188217346, 0.8872542339040408, 0.9421947353671284, 0.9542855156420696, 0.2615749065821289, 0.43600844824986784, 0.9424587256297615, 0.36908976155222983, 0.9509941534681061, 0.5497864132433575, 0.839268285261874, 0.9782957071815659, 0.46020361034188206, 0.7636297266735289, 0.7695333350668332, 0.8694972240007364, 0.6934144865050021, 0.59165866407708, 0.8124640047381309, 0.7002398531484372], [0.9191186279257677, 0.9183094289655147, 0.8545956776053617, 0.952867612504474, 0.8810107428120715, 0.9487232379590288, 0.9584265925819797, 1.0, 0.8972732067012434, 0.9270306201622829, 0.942703269741155, 0.8958163697495838, 0.8420888567720661, 0.9606769449558463, 0.7690579828531882, 0.9196039556876305, 0.7158857044533605, 0.886539409485059, 0.8614039296707137, 0.9156395644041673, 0.8846805561459662, 0.6563830340297003, 0.4339036259088117, 0.61531058165283, 0.9180663562231433, 0.5174354517281248, 0.4135652112360799, 0.587375629344478, 0.6668896116032134, 0.6808527002618685, 0.7383907328707223, 0.9552300021386148, 0.8597283751508804, 0.8661126545890248, 0.8736838472215696, 0.8171351012174696, 0.8413495451067291, 0.9122464227354963, 0.7712400345871373, 0.8886499469203251, 0.8990923983200496, 0.7784131727389101, 0.8538324965333862, 0.839067490207036, 0.009567972440997052, 0.25591841984294983, 0.8448995972607766, 0.3881716080812282, 0.9485881906571374, 0.42539794864872404, 0.7193653690989311, 0.8865959784863351, 0.2783254030538149, 0.5531784468660873, 0.5744831689667564, 0.7597212055495868, 0.46250967774919705, 0.3602992156297198, 0.6736019508208921, 0.48189882953797925], [0.8862047603411382, 0.764779027066222, 0.9900995188141117, 0.9762901337181734, 0.9982656586119362, 0.8609415380047675, 0.9622378373335873, 0.8972732067012434, 1.0, 0.9802136565483953, 0.8161889816476297, 0.789278716773551, 0.9844848038664433, 0.9798342058777391, 0.6280643953630197, 0.9982117521375723, 0.78256370977423, 0.993527484472976, 0.9329147252679586, 0.6630673102021643, 0.9863802421924741, 0.796938048037618, 0.27033827518044684, 0.7960995700427818, 0.9376752800006833, 0.456153960598076, 0.30326910379303595, 0.42199411310971, 0.6233374317503563, 0.6508500420569161, 0.7989514946773492, 0.7458854215644702, 0.8610620502297346, 0.9944526515704686, 0.9944925085194384, 0.8500098430203797, 0.9734712163994467, 0.9807221396959112, 0.9265944476440339, 0.9903678064588, 0.997848902098887, 0.780113591609284, 0.994278620770304, 0.9770375237370966, 0.33813029032299635, 0.4910233551637997, 0.9908123468221571, 0.44319792232205923, 0.8672915461472336, 0.5525893988831594, 0.7170977839609864, 0.9807231192870294, 0.5874681809430436, 0.7983293463028135, 0.8395258334945264, 0.7510449757962098, 0.7280009260569414, 0.5728802777304342, 0.7229271365800795, 0.7992485580769573], [0.9324949137346786, 0.813869431653238, 0.9740656951196618, 0.9689278826724762, 0.9725585937044443, 0.8831258802743, 0.9585088951572982, 0.9270306201622829, 0.9802136565483953, 1.0, 0.8677130094975511, 0.8774850972848093, 0.9334753951714606, 0.9681793678632992, 0.7692020847486459, 0.9818279743709961, 0.8737212870463821, 0.9539071322110969, 0.8726692707137395, 0.725241714549023, 0.9411283536649352, 0.8376471068963203, 0.3310895307058299, 0.8251448342556453, 0.9730149038043884, 0.43647490746734285, 0.39249429564597205, 0.550382708934523, 0.6760278621570592, 0.6664952978700983, 0.8691310183864915, 0.775452136441007, 0.8447605611086337, 0.9782521949549524, 0.9677889404312465, 0.8165477096595416, 0.9534610057124406, 0.9564646227565726, 0.9016801837990405, 0.9753211353557446, 0.9693123330495395, 0.7389763687573772, 0.9731946052734052, 0.9374563715668501, 0.3111898027302987, 0.5315539761735542, 0.9678603415761746, 0.5805949625543887, 0.9208259863615527, 0.629948121716308, 0.6975581040403376, 0.9619887954970459, 0.6018029073981943, 0.745945543607328, 0.799292552817764, 0.7329809356789214, 0.6216565395767558, 0.5338598743059422, 0.6401747112436872, 0.7070991581787326], [0.9730195356591349, 0.9943935402296197, 0.8078694257862568, 0.9137670805156358, 0.811946598571885, 0.9886615745983571, 0.9330432228201613, 0.942703269741155, 0.8161889816476297, 0.8677130094975511, 1.0, 0.966051045443159, 0.7690225203294042, 0.8875294487834341, 0.7862995501681402, 0.8454304196406832, 0.7152064128821308, 0.7960123230709805, 0.824796265141174, 0.941664239762646, 0.8071315450610166, 0.7559613307102225, 0.7040464081118805, 0.7019753069897025, 0.9356200077267881, 0.7243677601344498, 0.691597714504776, 0.8000275138704929, 0.8676684705236573, 0.8649191909511965, 0.8325724890967033, 0.8939780650527136, 0.9254889157422049, 0.8090220062168004, 0.8196118688016095, 0.8841193199489945, 0.8303404479102483, 0.8789003127785685, 0.8042736053834938, 0.8533332560880347, 0.8038391852201542, 0.8616697952205956, 0.7873597013608008, 0.8074638346825646, 0.17289712103155552, 0.41540071851761384, 0.790207835580799, 0.419259639164391, 0.9903592221141272, 0.5983918885594932, 0.8586728472007367, 0.867709349394464, 0.34214434591893117, 0.6254167512086444, 0.6105246353138334, 0.8825951387063143, 0.5036312362775226, 0.5378969745526859, 0.7354486681538491, 0.46608810027467884], [0.973412316071483, 0.9437994660279803, 0.7993103654385562, 0.8634999198749311, 0.7814007256598565, 0.9269590965966905, 0.8779318369343612, 0.8958163697495838, 0.789278716773551, 0.8774850972848093, 0.966051045443159, 1.0, 0.7120424114022048, 0.8324355451483604, 0.9029293904026225, 0.8112513522980525, 0.8485570796935733, 0.7413119051827646, 0.7165380997792338, 0.8750009450627106, 0.7396658062079658, 0.8323463388203397, 0.6704709431810981, 0.7813825698494189, 0.9462232754843827, 0.6111932926369895, 0.7265855584103749, 0.8714639660531818, 0.8693150638804176, 0.8150676285768071, 0.916793349915581, 0.803243637695982, 0.8434668711971601, 0.7977237377369264, 0.7875660485842203, 0.7909158847258388, 0.8102550881468309, 0.8230931615550693, 0.7849760032157898, 0.8282267387374995, 0.7630018066216978, 0.7428197788050318, 0.7754793732047438, 0.7616244164475933, 0.2526120310812491, 0.5478524213722678, 0.7767758589637475, 0.6353163790872303, 0.9809680825902128, 0.7308381222974839, 0.768610918539681, 0.8314905585541295, 0.4761710262924981, 0.609158504519025, 0.6255685251988561, 0.7918642264029255, 0.4197365893623559, 0.5262269231652934, 0.580028262943722, 0.4334149288499286], [0.842596568952496, 0.7248628505939089, 0.9795792295893216, 0.9590661869963417, 0.991128143530361, 0.8361903068968953, 0.9449851350618751, 0.8420888567720661, 0.9844848038664433, 0.9334753951714606, 0.7690225203294042, 0.7120424114022048, 1.0, 0.958472009440627, 0.4920647878094315, 0.9810634383045533, 0.6872327302055717, 0.9941191752864764, 0.965778669640377, 0.6002898473492682, 0.9952595314046085, 0.7717024726948981, 0.27279200661295677, 0.7788148918426908, 0.8951428160416418, 0.5153940451603087, 0.2813045121049018, 0.3465626922042073, 0.6122969234969451, 0.6695412085522907, 0.7448458164748472, 0.6915529261429894, 0.8782757322397856, 0.9815372608694517, 0.991870650003924, 0.8836347967116677, 0.9752167192905583, 0.9805829601074463, 0.9440529269132186, 0.9813904122188012, 0.987041170305337, 0.8254623666367314, 0.9837244686922294, 0.9918872180456224, 0.3982117603004115, 0.48533451818292206, 0.984827565493786, 0.3180245194013793, 0.8141553538624148, 0.5146205700028611, 0.7567307819904838, 0.979083262334752, 0.5823703730106845, 0.8527592557971162, 0.8738123150452264, 0.784903022374865, 0.8258434621038894, 0.6430220718202152, 0.8026228210671839, 0.8699573447422311], [0.9123536561376463, 0.8514047596210411, 0.9529385996593421, 0.994485709896082, 0.9740766762556958, 0.9260255111208441, 0.9896403844520079, 0.9606769449558463, 0.9798342058777391, 0.9681793678632992, 0.8875294487834341, 0.8324355451483604, 0.958472009440627, 1.0, 0.6551477434461733, 0.989635218675897, 0.7271237085627514, 0.9797946664402136, 0.9500033945764559, 0.7891279722525366, 0.9788927857312066, 0.7344111666147547, 0.35560076177262623, 0.7169133350512447, 0.9402070183433305, 0.5271291853302665, 0.3481289812822421, 0.4760356331370139, 0.6546487018332665, 0.6924929553923092, 0.7642701840884697, 0.8609744999081058, 0.8993661085995222, 0.9605505024437296, 0.9698736558085348, 0.8796298072136369, 0.9421065410623498, 0.9837460287496019, 0.8870439314611243, 0.9714761259387017, 0.9829176747559015, 0.8290048438385772, 0.9556305072342006, 0.9506353891512602, 0.19918271835500212, 0.3734445566801463, 0.9509174044697492, 0.36352490559447936, 0.914130137014096, 0.4772997376884325, 0.7598048446642145, 0.9685328711000631, 0.43929883229304134, 0.7233595314384644, 0.7467795096864221, 0.7962832585997994, 0.6638877889577881, 0.5094684520816343, 0.7633590606843723, 0.6988418424086678], [0.8038071366716435, 0.7423415106015683, 0.62754036818072, 0.6650421507867028, 0.601154618504598, 0.7028442901275903, 0.6701852837594217, 0.7690579828531882, 0.6280643953630197, 0.7692020847486459, 0.7862995501681402, 0.9029293904026225, 0.4920647878094315, 0.6551477434461733, 1.0, 0.6423033526905243, 0.8931830417216027, 0.5483163158296934, 0.4262291262357688, 0.7382586760441668, 0.521231830370046, 0.6914745107600351, 0.4182688164355124, 0.6423495381016486, 0.7951615446493143, 0.23632740788399031, 0.5421158073177952, 0.789278043767356, 0.6286718099199089, 0.506964605258478, 0.8163747416957066, 0.6756617821949549, 0.5418888552976818, 0.6319779571882566, 0.5927263921651531, 0.46435959239133817, 0.5975315603840676, 0.5972444110831405, 0.5381474275236008, 0.6348926577589025, 0.5951543421793489, 0.3881405456479562, 0.6125636446652308, 0.5267935416308235, 0.07700920497234953, 0.4552511938481235, 0.6010955922549664, 0.8270003844206765, 0.8256649219816345, 0.6522744829146206, 0.42067937000806155, 0.6134061920466286, 0.4234283532010006, 0.32667693874462445, 0.40306576290813023, 0.45285565120733196, 0.07169013918449163, 0.21163422863092385, 0.18486141995430172, 0.17493692096482927], [0.9030990853005967, 0.7987443942565584, 0.985031584959049, 0.9870700110174869, 0.9958295050423208, 0.8877720082061072, 0.9761382705391498, 0.9196039556876305, 0.9982117521375723, 0.9818279743709961, 0.8454304196406832, 0.8112513522980525, 0.9810634383045533, 0.989635218675897, 0.6423033526905243, 1.0, 0.7736340367568934, 0.9929254701431166, 0.9427706454487961, 0.7051802928950681, 0.9880179474111609, 0.7902514806544184, 0.30892614934968665, 0.784061777701557, 0.9466189117003702, 0.4887194911127407, 0.3313273862756456, 0.4508980904612061, 0.6463051021346135, 0.6759052975175988, 0.8000775950009215, 0.7813936940716295, 0.8812449302451346, 0.9898670755789278, 0.992571931094469, 0.8675965818336998, 0.971476695678734, 0.9874076582178897, 0.9238813402259765, 0.9909521219719555, 0.9968136767317661, 0.8032503931107835, 0.9879016080766435, 0.9753948007380412, 0.3088239963127374, 0.46921812508094163, 0.9845732799739223, 0.4266312864281633, 0.8893613694042859, 0.5440124722417643, 0.7406900540272378, 0.9838254162950983, 0.5533239048412935, 0.7862409917651303, 0.8212267289036397, 0.7748818692969315, 0.7166263099591723, 0.5671371437077554, 0.7419805227609728, 0.7757777004075241], [0.8283485968117287, 0.6438184497979659, 0.8166819261535736, 0.7441564232412773, 0.7713497916850961, 0.6724757802912222, 0.7304595591205872, 0.7158857044533605, 0.78256370977423, 0.8737212870463821, 0.7152064128821308, 0.8485570796935733, 0.6872327302055717, 0.7271237085627514, 0.8931830417216027, 0.7736340367568934, 1.0, 0.706937645173058, 0.5534049112636366, 0.5308634800165645, 0.6759569832494912, 0.8848838955114254, 0.2987398489073021, 0.8744319086183908, 0.8711283770287265, 0.22690468658976315, 0.47549374980703885, 0.6668676199644578, 0.6413231968029185, 0.5352893303007721, 0.9293199686041265, 0.5087811738854946, 0.6037060128833516, 0.8133466088719933, 0.7677574138017974, 0.5575527891884176, 0.786270151330708, 0.7223145511542809, 0.7515182400973359, 0.7921783403405294, 0.7447836857289031, 0.44880719572142413, 0.8051035724174382, 0.7206603031944597, 0.4368467375303964, 0.7283418270324292, 0.8000870103143848, 0.9018317113289648, 0.8001076793996733, 0.8227402954383883, 0.4779019950023278, 0.764618895215432, 0.7666506310088358, 0.6256714026981358, 0.7194841581942515, 0.5041239748598796, 0.3866538632757104, 0.47491775714452333, 0.28909665755166825, 0.5381053911850723], [0.8560388846022994, 0.7506253458089406, 0.976999578573701, 0.9732528617930515, 0.9940205731837558, 0.8550389414677733, 0.9597521892374774, 0.886539409485059, 0.993527484472976, 0.9539071322110969, 0.7960123230709805, 0.7413119051827646, 0.9941191752864764, 0.9797946664402136, 0.5483163158296934, 0.9929254701431166, 0.706937645173058, 1.0, 0.9597544942281336, 0.6535332827923721, 0.9977232558813933, 0.7471939705587296, 0.2548099145394431, 0.74849840048537, 0.9068201927822604, 0.4797852013778635, 0.2605616383504773, 0.3585204380176892, 0.5937584054306566, 0.6445041323051848, 0.7401142833243992, 0.7509507870268637, 0.8694976083416305, 0.982295255726947, 0.9906897479493016, 0.865879473049182, 0.9642387176163484, 0.9830312302523051, 0.918366678230006, 0.981550849571788, 0.997750604117143, 0.806246108345587, 0.9836241062144401, 0.9801212272939926, 0.31140775848610325, 0.4302974139634359, 0.9808771103454679, 0.33930620143826773, 0.8388622930643581, 0.4816996903968921, 0.7300772692583204, 0.9758287800424887, 0.5323686475462899, 0.797513228303161, 0.8267587735475247, 0.7635037123765367, 0.7613029458758389, 0.5701238567646145, 0.7709075156019682, 0.8142041753402856], [0.848831763793612, 0.8068749277532798, 0.9187807465796611, 0.957738842472422, 0.943306079886656, 0.8977256751322991, 0.9566930373788853, 0.8614039296707137, 0.9329147252679586, 0.8726692707137395, 0.824796265141174, 0.7165380997792338, 0.965778669640377, 0.9500033945764559, 0.4262291262357688, 0.9427706454487961, 0.5534049112636366, 0.9597544942281336, 1.0, 0.7013970305455414, 0.9764301706617667, 0.6992881094339215, 0.4213730435858698, 0.6908185970837756, 0.8684135228617174, 0.6765802200742151, 0.3677403112194302, 0.3922266079269108, 0.6760600165912464, 0.7633569174659146, 0.6821485137513439, 0.769778768472126, 0.9445994261734009, 0.920755530095748, 0.9496440078712309, 0.9522253611091464, 0.9366019975961606, 0.9754561173825785, 0.9158658086287303, 0.9445908236010074, 0.942172714475035, 0.9276252852071425, 0.917505016460921, 0.964524306409831, 0.3137212924856574, 0.3764566666729715, 0.9227125878775551, 0.14180154817794, 0.8347625816696725, 0.4328011988350835, 0.8583750662994976, 0.9583016290080865, 0.42104796983396886, 0.8187329389515907, 0.7981524453327604, 0.8820889079311632, 0.8298880382280052, 0.6537303027075406, 0.9161503972661345, 0.8023315293360307], [0.8434881009779682, 0.9547025526573476, 0.6165523920261171, 0.7964804206616644, 0.6463165623604478, 0.9178145330767016, 0.8239695023452953, 0.9156395644041673, 0.6630673102021643, 0.725241714549023, 0.941664239762646, 0.8750009450627106, 0.6002898473492682, 0.7891279722525366, 0.7382586760441668, 0.7051802928950681, 0.5308634800165645, 0.6535332827923721, 0.7013970305455414, 1.0, 0.6663212896130978, 0.4977242574684053, 0.645316585614592, 0.4260029538397134, 0.7827662605078508, 0.6329077304832077, 0.5749800529255968, 0.7178801221629073, 0.7132243911965975, 0.7211130385487041, 0.6198666243074376, 0.9629100092525058, 0.7977914472962304, 0.6266961730103061, 0.6460434043616251, 0.7425966328998589, 0.6301674265340669, 0.7342696630212037, 0.5770161328871436, 0.6806653638555173, 0.6636962317601709, 0.7474279041086243, 0.6026240017204461, 0.6201617292520064, -0.15859659413254956, 0.10269757558009429, 0.5978864048730733, 0.25095100414927174, 0.899329889594387, 0.33237694158003406, 0.7216837158565591, 0.6963222877110887, 0.017194522794854228, 0.34609028676807607, 0.3218670161415027, 0.7522377521167483, 0.25585903616076666, 0.25900014258845794, 0.6221798300590303, 0.19046473510729933], [0.8601639078401665, 0.7678079263365901, 0.9710484804442419, 0.9760757886951666, 0.9895346935003937, 0.8702173785841659, 0.965324161781599, 0.8846805561459662, 0.9863802421924741, 0.9411283536649352, 0.8071315450610166, 0.7396658062079658, 0.9952595314046085, 0.9788927857312066, 0.521231830370046, 0.9880179474111609, 0.6759569832494912, 0.9977232558813933, 0.9764301706617667, 0.6663212896130978, 1.0, 0.743542801899721, 0.29658122048945823, 0.7429299815976547, 0.9041994468714287, 0.5310392365377835, 0.2889724934540443, 0.368763609890854, 0.6186521807955373, 0.6784815093812271, 0.7329295074475382, 0.7572414661059508, 0.8938943329527218, 0.9754010117077269, 0.9886692588407138, 0.893353513064676, 0.9657747243152469, 0.9884501344239263, 0.9262881293252825, 0.9803654542120616, 0.9916525618578951, 0.8414152498498693, 0.9757187043235324, 0.984524801063082, 0.31980677110567934, 0.42486051139021574, 0.9750279332273241, 0.29549313353373063, 0.8428746551188694, 0.4765111932122037, 0.7668388552120748, 0.9792896254724478, 0.5140061464072717, 0.8117958211584688, 0.8292861629006686, 0.7979426103544379, 0.7866182193213923, 0.5982817140872536, 0.8119525867516345, 0.8208456255307849], [0.8805045634534845, 0.7096450090036104, 0.8676632615950931, 0.7871396303505438, 0.8127900403761775, 0.7514938493990794, 0.7831008676502467, 0.6563830340297003, 0.796938048037618, 0.8376471068963203, 0.7559613307102225, 0.8323463388203397, 0.7717024726948981, 0.7344111666147547, 0.6914745107600351, 0.7902514806544184, 0.8848838955114254, 0.7471939705587296, 0.6992881094339215, 0.4977242574684053, 0.743542801899721, 1.0, 0.5543968066158638, 0.9953784400121081, 0.9014355352413943, 0.572243042169005, 0.6884739643337776, 0.7279279659411523, 0.8509737333422921, 0.7977087166253116, 0.9801201317160106, 0.4322676730369548, 0.791422309300288, 0.8515090836287347, 0.8303690879919646, 0.7794302910561975, 0.8902078631588014, 0.8060932687847832, 0.9185787982881587, 0.8561588428160007, 0.757604338358984, 0.7012085876103947, 0.840546128891155, 0.8362505471502433, 0.729504056218572, 0.8968324798533964, 0.8542406298405141, 0.710191679368229, 0.8208233676076073, 0.9420765970990268, 0.7560517931203719, 0.8564314300638246, 0.8693988227224941, 0.8868968879628601, 0.913156053007742, 0.7607515151180627, 0.7069154555369952, 0.8290122334055354, 0.5901257748249843, 0.7622163134585052], [0.6473002320345856, 0.7547777000893273, 0.3227090455212923, 0.43847737075097104, 0.2932747835294074, 0.6710003850372812, 0.4839463859868238, 0.4339036259088117, 0.27033827518044684, 0.3310895307058299, 0.7040464081118805, 0.6704709431810981, 0.27279200661295677, 0.35560076177262623, 0.4182688164355124, 0.30892614934968665, 0.2987398489073021, 0.2548099145394431, 0.4213730435858698, 0.645316585614592, 0.29658122048945823, 0.5543968066158638, 1.0, 0.48954193064304785, 0.5356735948576539, 0.9068732672395069, 0.9616768903150307, 0.869740847152495, 0.9022195470978919, 0.8930030205892094, 0.5928274681166916, 0.4415882298741064, 0.6889018670931667, 0.304116856779009, 0.3294908984094931, 0.6704656802002935, 0.41778337428056767, 0.4277314383920072, 0.4927462199157857, 0.3865583164218207, 0.24233161495727162, 0.7126124894943683, 0.2708835098059532, 0.37573363108978197, 0.34092111982917506, 0.4488018280860542, 0.29740673774877346, 0.15934496177546187, 0.6444447921048087, 0.5940392586893207, 0.8136636359251593, 0.43682020579443626, 0.19362739665220818, 0.4625624487140547, 0.3564765319226074, 0.7932524259059915, 0.3664960024209133, 0.6407982324481599, 0.6123198803141461, 0.18752506854450046], [0.8432782326272601, 0.6501738483388623, 0.8704177116628501, 0.7674744211218094, 0.8138611473782762, 0.7057988611027095, 0.7587074952252266, 0.61531058165283, 0.7960995700427818, 0.8251448342556453, 0.7019753069897025, 0.7813825698494189, 0.7788148918426908, 0.7169133350512447, 0.6423495381016486, 0.784061777701557, 0.8744319086183908, 0.74849840048537, 0.6908185970837756, 0.4260029538397134, 0.7429299815976547, 0.9953784400121081, 0.48954193064304785, 1.0, 0.8764593391373046, 0.5289477874759948, 0.6320374406293819, 0.6625890015796453, 0.8059302204678976, 0.7565524300085964, 0.959803849138098, 0.37493507981461693, 0.7614504331041992, 0.8536621077654376, 0.8309182568669427, 0.7560976342499812, 0.8896323954064083, 0.7948697596825162, 0.9200314649956438, 0.8512360876004297, 0.7574372837861556, 0.6723999293046911, 0.8459890594007861, 0.8388372462059602, 0.7701380447104114, 0.9141530235023418, 0.859827976320529, 0.7036511503370987, 0.7756197531893787, 0.9347254699512366, 0.7229464211205162, 0.8488746180902526, 0.9074306994294314, 0.9065199778468498, 0.9385789805766138, 0.726868469772673, 0.7360765967979686, 0.8390609669605431, 0.5747976279175018, 0.8044239997359144], [0.9884630238881965, 0.8972274533026888, 0.9501856752738215, 0.9631203849770552, 0.9371560322385621, 0.9391185293619815, 0.963805410911528, 0.9180663562231433, 0.9376752800006833, 0.9730149038043884, 0.9356200077267881, 0.9462232754843827, 0.8951428160416418, 0.9402070183433305, 0.7951615446493143, 0.9466189117003702, 0.8711283770287265, 0.9068201927822604, 0.8684135228617174, 0.7827662605078508, 0.9041994468714287, 0.9014355352413943, 0.5356735948576539, 0.8764593391373046, 1.0, 0.5996634985159552, 0.5926931939710036, 0.7103677216652071, 0.827086697485405, 0.8099134665455285, 0.9355761543760317, 0.7738437800318463, 0.912191825693981, 0.9483002015152265, 0.9422626457589284, 0.8828030829226466, 0.9546553816041251, 0.9511945813335635, 0.9296715836749513, 0.963460605637466, 0.9186672748251518, 0.8197463533963826, 0.9359016279939438, 0.9264495806293904, 0.39284634926039264, 0.6171757482426119, 0.9381186493531374, 0.5871534319881616, 0.9732441867563557, 0.7351970640443277, 0.812946728075054, 0.9626325121996208, 0.6180741150307513, 0.789982099364156, 0.8153137619276448, 0.8385174388231028, 0.6472335988478459, 0.6472599458570999, 0.7043355067872787, 0.6867884078525488], [0.6823804384125003, 0.772679478967705, 0.49456717038172626, 0.5978232564977569, 0.48870389457467, 0.7553268809649217, 0.6341520228575621, 0.5174354517281248, 0.456153960598076, 0.43647490746734285, 0.7243677601344498, 0.6111932926369895, 0.5153940451603087, 0.5271291853302665, 0.23632740788399031, 0.4887194911127407, 0.22690468658976315, 0.4797852013778635, 0.6765802200742151, 0.6329077304832077, 0.5310392365377835, 0.572243042169005, 0.9068732672395069, 0.5289477874759948, 0.5996634985159552, 1.0, 0.8123096849888632, 0.6685980338173931, 0.8746208372777777, 0.943896520512367, 0.5578774073035541, 0.5107504056708122, 0.8420521413308735, 0.47827631002373416, 0.5248853834982937, 0.8540712001618606, 0.5924288173282413, 0.6179976680024397, 0.6651446643464071, 0.5577917377413767, 0.44674043459380164, 0.9020434172203652, 0.45473882129541954, 0.591297098284376, 0.40892071571058586, 0.4109742462224346, 0.4831503223356304, -0.056383376945037256, 0.6665059832310629, 0.497741177190119, 0.9463748322646911, 0.6131569081183019, 0.2252020569012877, 0.6618323581634494, 0.5391726956837681, 0.9297690632971809, 0.6644484546793998, 0.7738439887420576, 0.8750860900194759, 0.46880376666960866], [0.6851391100168907, 0.7201192006938048, 0.37859357498957413, 0.4368871992352208, 0.32487688027966977, 0.6385487100655194, 0.4744233077099058, 0.4135652112360799, 0.30326910379303595, 0.39249429564597205, 0.691597714504776, 0.7265855584103749, 0.2813045121049018, 0.3481289812822421, 0.5421158073177952, 0.3313273862756456, 0.47549374980703885, 0.2605616383504773, 0.3677403112194302, 0.5749800529255968, 0.2889724934540443, 0.6884739643337776, 0.9616768903150307, 0.6320374406293819, 0.5926931939710036, 0.8123096849888632, 1.0, 0.9401540483726625, 0.9305889124985549, 0.8736612124193787, 0.7231471394437461, 0.35584435650444735, 0.649766055166489, 0.3562767557068589, 0.3602591056561235, 0.6243698773278857, 0.46182196232336004, 0.4274640651079624, 0.5396075855433689, 0.4216047090927538, 0.26062654281709685, 0.633963240947975, 0.32400293901026656, 0.39505731332895055, 0.48519365340404685, 0.6385160143916238, 0.3498636431731934, 0.4005930409355245, 0.6646324889622873, 0.7714476115273589, 0.7609477514471421, 0.45975538182992126, 0.39798915958351055, 0.5201054020509169, 0.44877828567342926, 0.740200471172225, 0.3566204647347744, 0.6898970465996972, 0.5014733902607276, 0.23751256105632157], [0.788570585721079, 0.807819657458009, 0.4723180585339892, 0.5434070992542682, 0.42484375698875176, 0.7214563824634362, 0.5753488770672156, 0.587375629344478, 0.42199411310971, 0.550382708934523, 0.8000275138704929, 0.8714639660531818, 0.3465626922042073, 0.4760356331370139, 0.789278043767356, 0.4508980904612061, 0.6668676199644578, 0.3585204380176892, 0.3922266079269108, 0.7178801221629073, 0.368763609890854, 0.7279279659411523, 0.869740847152495, 0.6625890015796453, 0.7103677216652071, 0.6685980338173931, 0.9401540483726625, 1.0, 0.9049475406706229, 0.8116640966198448, 0.8133008399090769, 0.5265792579805834, 0.6531155682949323, 0.45879657751179237, 0.4465196662362525, 0.5998967488867091, 0.5208577435757733, 0.5033945893311779, 0.5515218591706786, 0.5102124725347663, 0.3785089926121137, 0.5821622388839797, 0.4262663105905963, 0.44320924622657254, 0.3269215381900856, 0.5965083489225498, 0.43962670302550366, 0.6010206755875449, 0.7893149114065531, 0.7828132004172599, 0.6895737267741073, 0.5301066990495354, 0.3982025499794166, 0.44554543388307655, 0.421538766133876, 0.6872371930292629, 0.22444600676650106, 0.533296638865978, 0.4006441390298161, 0.17210237391160277], [0.8853439598340795, 0.8762837174278136, 0.6812707780737751, 0.727476686894122, 0.6435314704124069, 0.8505405220500416, 0.7538956916350372, 0.6668896116032134, 0.6233374317503563, 0.6760278621570592, 0.8676684705236573, 0.8693150638804176, 0.6122969234969451, 0.6546487018332665, 0.6286718099199089, 0.6463051021346135, 0.6413231968029185, 0.5937584054306566, 0.6760600165912464, 0.7132243911965975, 0.6186521807955373, 0.8509737333422921, 0.9022195470978919, 0.8059302204678976, 0.827086697485405, 0.8746208372777777, 0.9305889124985549, 0.9049475406706229, 1.0, 0.978305736032745, 0.8708555424568983, 0.5681473789770692, 0.8748972887285185, 0.6640339990779998, 0.6729562112192233, 0.8560069349500665, 0.749057334283443, 0.7271107389163822, 0.8005642793054966, 0.7194717449866509, 0.5903270498641366, 0.8444775992464585, 0.6380184134879212, 0.7021594752505204, 0.5363369519654617, 0.6943267299591096, 0.6596949769084581, 0.4335122114406914, 0.8596438216940713, 0.8177639888747108, 0.9208769837560951, 0.7510128276803564, 0.5311465336705066, 0.7471796440298033, 0.6936574637038501, 0.9147316971889519, 0.6067523815689705, 0.8077126450203694, 0.7281254612711536, 0.5203651064445746], [0.8680649493535996, 0.8828777826588621, 0.6978456067552069, 0.7609801329454543, 0.6756831530299122, 0.8756828277501961, 0.788119303721331, 0.6808527002618685, 0.6508500420569161, 0.6664952978700983, 0.8649191909511965, 0.8150676285768071, 0.6695412085522907, 0.6924929553923092, 0.506964605258478, 0.6759052975175988, 0.5352893303007721, 0.6445041323051848, 0.7633569174659146, 0.7211130385487041, 0.6784815093812271, 0.7977087166253116, 0.8930030205892094, 0.7565524300085964, 0.8099134665455285, 0.943896520512367, 0.8736612124193787, 0.8116640966198448, 0.978305736032745, 1.0, 0.7998325310735652, 0.603542890091082, 0.9283959010763181, 0.6820530123808834, 0.7063650018200441, 0.9231274204172694, 0.7733493588298419, 0.7713601927436876, 0.826677974902709, 0.7439696750584052, 0.6288980962203807, 0.9278335076287161, 0.65858334887586, 0.7485452505866482, 0.5110126564721882, 0.6115674438571655, 0.6819412904013649, 0.26255370365738784, 0.843769569698384, 0.7181182774068146, 0.9794905106430946, 0.7828505335852497, 0.459998797485081, 0.7841234157336241, 0.7092058255348664, 0.9731021802163053, 0.7026048377306213, 0.8353389101119291, 0.8490453583490027, 0.5838971064712953], [0.9281093419494215, 0.7886751628294745, 0.8547334134847023, 0.8114339637050307, 0.805285460305824, 0.8067142765028996, 0.8123311820112268, 0.7383907328707223, 0.7989514946773492, 0.8691310183864915, 0.8325724890967033, 0.916793349915581, 0.7448458164748472, 0.7642701840884697, 0.8163747416957066, 0.8000775950009215, 0.9293199686041265, 0.7401142833243992, 0.6821485137513439, 0.6198666243074376, 0.7329295074475382, 0.9801201317160106, 0.5928274681166916, 0.959803849138098, 0.9355761543760317, 0.5578774073035541, 0.7231471394437461, 0.8133008399090769, 0.8708555424568983, 0.7998325310735652, 1.0, 0.5437941633067302, 0.796196409801212, 0.8427290051568838, 0.8184773750498041, 0.765803295514798, 0.869550595208102, 0.8075252563529512, 0.8790945276541288, 0.8521717919577393, 0.7592546471134625, 0.6887673931662665, 0.8273944465620162, 0.8084282752675732, 0.5947035533887597, 0.8278194433697722, 0.8362857972308892, 0.7644414752806519, 0.8885465173537528, 0.9232655387332953, 0.7430368924429644, 0.8498438514212482, 0.7850706083514291, 0.7958151537207188, 0.8292720473327596, 0.7543629423336304, 0.5878360106480127, 0.7288660903338818, 0.5455854305536254, 0.6459294722970007], [0.803680193645493, 0.8940089238970478, 0.6755461378302914, 0.8439466783097621, 0.7239469597379491, 0.8957107075134966, 0.8600932314909927, 0.9552300021386148, 0.7458854215644702, 0.775452136441007, 0.8939780650527136, 0.803243637695982, 0.6915529261429894, 0.8609744999081058, 0.6756617821949549, 0.7813936940716295, 0.5087811738854946, 0.7509507870268637, 0.769778768472126, 0.9629100092525058, 0.7572414661059508, 0.4322676730369548, 0.4415882298741064, 0.37493507981461693, 0.7738437800318463, 0.5107504056708122, 0.35584435650444735, 0.5265792579805834, 0.5681473789770692, 0.603542890091082, 0.5437941633067302, 1.0, 0.7767851529250577, 0.6925575417633228, 0.7141514418046994, 0.7285214710068187, 0.666739347785954, 0.7861392503238201, 0.5860834305361973, 0.7309011602068121, 0.7594759698560075, 0.7237886007935752, 0.6770442080541318, 0.6788464643631574, -0.2420005179688005, -0.0058967562173708465, 0.6653325317961849, 0.18182994776346517, 0.8630739564069868, 0.19796703935607252, 0.6504918671149187, 0.7368520431282669, -0.013397779710497604, 0.3403969925847947, 0.33629926219053397, 0.6918106322486373, 0.29272267576066047, 0.17285608378473483, 0.6303185694057946, 0.26164077551658727], [0.9327808029394697, 0.9236918794275951, 0.8710880031902812, 0.9351829277077407, 0.875730938772292, 0.9650799844866695, 0.9490887436603914, 0.8597283751508804, 0.8610620502297346, 0.8447605611086337, 0.9254889157422049, 0.8434668711971601, 0.8782757322397856, 0.8993661085995222, 0.5418888552976818, 0.8812449302451346, 0.6037060128833516, 0.8694976083416305, 0.9445994261734009, 0.7977914472962304, 0.8938943329527218, 0.791422309300288, 0.6889018670931667, 0.7614504331041992, 0.912191825693981, 0.8420521413308735, 0.649766055166489, 0.6531155682949323, 0.8748972887285185, 0.9283959010763181, 0.796196409801212, 0.7767851529250577, 1.0, 0.8659404337440347, 0.8926639105839916, 0.9952210890475957, 0.9147667099458581, 0.942595794080254, 0.9218789833899137, 0.9107667415769484, 0.8552167887446503, 0.9823135968589323, 0.8512304325418188, 0.9157011794950618, 0.3879920133658241, 0.497852539774261, 0.8638321306683758, 0.23744368858848264, 0.9192227778324549, 0.5992662584648186, 0.9675082433033583, 0.9361677012385341, 0.4460223233117844, 0.8269324885692457, 0.7825915202231448, 0.9805946072088775, 0.7818421270352844, 0.7516947600609912, 0.9251889436299672, 0.7117028581162892], [0.8961847011800678, 0.7555363199886506, 0.9993124841534485, 0.9658617419114813, 0.9968003146614701, 0.8511110717198632, 0.9514610316445209, 0.8661126545890248, 0.9944526515704686, 0.9782521949549524, 0.8090220062168004, 0.7977237377369264, 0.9815372608694517, 0.9605505024437296, 0.6319779571882566, 0.9898670755789278, 0.8133466088719933, 0.982295255726947, 0.920755530095748, 0.6266961730103061, 0.9754010117077269, 0.8515090836287347, 0.304116856779009, 0.8536621077654376, 0.9483002015152265, 0.47827631002373416, 0.3562767557068589, 0.45879657751179237, 0.6640339990779998, 0.6820530123808834, 0.8427290051568838, 0.6925575417633228, 0.8659404337440347, 1.0, 0.9966058688235988, 0.8577097722239827, 0.9884098406029935, 0.9768234406169322, 0.9544465895508283, 0.9951056332989778, 0.9865351388337753, 0.7832281450369978, 0.9992817182518307, 0.9843551365615281, 0.431454357057666, 0.5791801279268065, 0.998930620477021, 0.49089